2 0.7810442679315366
4 0.8637911463027373
6 0.8947786604911596
8 0.9166855845765277
10 0.935527809307605
12 0.9363223608181507
14 0.9460839954597049
16 0.9466515322142914
18 0.9527809307604994
20 0.959477866061294
22 0.9622020429974923
24 0.9643586831791041
26 0.9611804765956762
28 0.9645856980703745
30 0.9657207718501702
32 0.9662883087400681
34 0.9673098751418843
36 0.9693530078102052
38 0.9687854709203073
40 0.9671963676285933
42 0.9681044267877412
44 0.9685584561643481
46 0.9704880815900008
48 0.97071509634596
50 0.9710556184798986
52 0.9692395004322255
54 0.9694665151881847
56 0.9713961406138374
58 0.9706015891032918
60 0.9696935299441438
62 0.9712826333711692
64 0.9700340520780826
66 0.972531214393633
68 0.9716231553697965
70 0.9733257661748014
72 0.9730987512835308
74 0.9732122587968218
76 0.9732122586615105
78 0.9728717365275718
80 0.9713961406138374
82 0.9732122588103529
84 0.9744608398192857
86 0.9723041996376739
88 0.9727582291495922
90 0.9719636776390466
92 0.9726447217716127
94 0.9723041997729852
96 0.9734392734174696
98 0.9743473324413061
100 0.9727582291495922
