2 0.7034052212446691
4 0.8633371168043502
6 0.908967082873917
8 0.92860385911554
10 0.9396140749148695
12 0.9479001133720666
14 0.9513053348602962
16 0.9573212257443708
18 0.9609534619750284
20 0.9601589103291714
22 0.9640181611804768
24 0.9641316685584563
26 0.9658342792281498
28 0.9666288308740069
30 0.9673098751418843
32 0.9664018161180477
34 0.9700340522133939
36 0.9684449489216799
38 0.969466515323496
40 0.9687854710556186
42 0.9698070374574347
44 0.9685584562996595
46 0.9686719636776391
48 0.9704880817253121
50 0.9682179341657208
52 0.97105561861521
54 0.9711691259931896
56 0.9700340522133939
58 0.9698070374574347
60 0.9707150964812713
62 0.9701475595913734
64 0.9706015891032918
66 0.9711691259931896
68 0.9711691258578782
70 0.9699205448354143
72 0.9703745743473325
74 0.9712826333711692
76 0.9715096481271283
78 0.9728717366628831
80 0.9712826333711692
82 0.9719636776390466
84 0.9717366628830874
86 0.9724177071509648
88 0.9716231555051078
90 0.9712826333711692
92 0.9707150964812713
94 0.9712826333711692
96 0.9698070374574347
98 0.9712826333711692
100 0.97105561861521
