0.268611 0.112949 -0.224062 0.410837 0.159376 0.308351 0.327262 0.037369 -0.071634 0.592095 -1.211704 0.529338 0.620574 -0.487571 -2.119063 -2.455286 
0.498019 0.155413 0.183118 0.256147 -0.587909 -0.071163 0.227043 0.258169 -0.403988 -0.510364 0.147400 -0.476687 -2.733336 0.122153 -1.848871 0.534938 
-0.143721 -0.415954 -0.026512 -0.948605 0.182491 0.569929 -0.041087 -0.909731 0.294038 0.670435 -0.081294 -2.667484 -0.258223 0.084745 -0.924284 -0.066671 
-0.197066 0.647629 0.098592 0.272753 -0.408914 0.321166 0.345699 0.297806 -0.106589 0.291098 0.376384 1.106299 -1.918695 0.021719 -2.091776 -3.301916 
0.206940 -0.275344 0.034453 -1.494412 -0.834178 -0.057654 0.412840 0.458775 -1.173528 -0.098170 -0.274330 -0.839500 0.420940 0.170911 0.344295 -3.537428 
0.035618 -0.169014 0.295771 -1.014206 0.757204 -0.416341 -0.702645 0.271630 0.009598 -0.358339 -0.554517 0.334044 0.599909 -0.755692 -0.180283 0.442483 
-0.313755 0.062904 -0.052036 1.191390 -0.141545 0.294143 -0.258864 0.069915 -0.947137 -1.340276 -1.102718 -0.623744 0.054204 -0.020062 -0.726146 0.658802 
0.160939 0.400530 0.030113 -0.433198 0.508908 0.894817 -2.107233 -0.248676 -2.034694 -0.363370 -0.336352 0.256123 -0.781136 0.455447 0.144804 0.284210 
0.187293 0.309488 0.119349 -1.376890 -3.638299 0.251567 -0.085147 0.176157 0.537157 -0.100053 0.248507 -0.560570 0.589461 0.054424 0.288441 -1.046149 
-0.106050 -0.362966 0.251378 -1.218677 0.619424 0.119532 -0.188007 -0.110118 0.389537 0.445340 -0.637589 0.559669 0.079382 0.289057 0.961816 -0.125193 
-0.522208 0.440583 -0.177186 -0.556172 0.342654 0.291665 0.143695 -0.250077 0.255243 -0.223933 -0.086039 0.133374 1.028407 -0.184130 0.389772 0.079576 
-0.468732 -0.067897 0.366917 0.124806 0.646857 0.027740 -0.564401 0.143734 -0.924456 0.552600 -0.192495 -0.796367 -1.948166 0.712969 1.293234 -0.214710 
0.326994 -1.016420 0.080496 -0.574043 -1.194479 0.201102 -0.484534 -0.015050 0.521069 0.340066 -2.987697 -1.038245 0.017114 0.085233 -1.752060 -0.211066 
0.247956 -0.740103 0.417854 -0.145609 -0.619869 -0.303254 -0.953594 0.398241 -0.469006 -1.475594 0.286671 -1.088397 -0.326060 0.445164 0.607566 -0.888305 
-0.274056 -0.281316 -0.206474 0.233428 0.153759 0.250774 0.040435 0.312882 0.236201 0.948042 -0.371797 -0.218628 -0.080349 -0.424993 0.131580 1.004334 
-0.196699 -0.873398 -0.343359 1.117351 0.314677 -0.302422 -0.702200 0.138829 0.417051 -0.561595 -0.795985 -1.126497 -1.200905 0.075411 -0.216921 -0.151831 
0.399301 0.287122 -0.343880 -1.164858 -0.257024 -1.551328 -0.498074 0.293619 0.281983 -1.015023 -0.022780 0.455726 1.148003 -1.392843 0.014985 -0.739296 
0.180192 -0.151118 -0.405314 0.015352 0.277525 0.382835 0.602784 -0.339886 0.502967 -0.084405 0.525322 0.647038 -0.356147 0.396421 0.529144 -0.520537 
0.093299 0.284257 0.177600 0.330630 -0.816211 0.116173 -0.040975 0.234779 -0.726981 -0.636291 -0.532196 -0.593048 -3.005758 0.337071 -4.053042 -0.770981 
0.234002 0.451476 -0.145931 0.478572 0.785522 -0.470434 -1.502855 -0.196005 0.967214 0.177163 -0.604744 0.466850 0.193240 -0.357555 -0.297993 -0.163482 
-0.095001 -1.988475 0.150890 0.593894 0.432943 -0.360982 -0.400727 -0.018554 -1.246480 0.014016 0.738100 -4.340076 -0.385037 0.259386 0.612874 -1.222623 
0.253472 0.105698 0.268780 0.264533 -1.286444 -0.288619 0.095245 0.515096 -1.367566 0.503502 -0.073590 0.815450 -0.962518 -0.080394 -3.538196 0.202021 
-0.181926 0.294115 0.182201 -1.307304 -1.749314 0.220104 0.207952 -0.297004 -2.771482 -0.921002 0.381431 0.690446 -3.987203 0.272046 -0.450111 -1.649389 
0.189876 0.330849 -0.587228 -0.140390 0.141637 0.338595 -0.290979 -0.464673 -0.124543 -0.675908 -1.565703 0.707812 0.409759 0.063122 -0.476339 0.751143 
0.155302 -0.224389 0.426707 -0.316819 0.688188 0.033111 0.682488 -0.841669 -0.404836 0.675114 0.224295 -0.724649 -0.606169 -0.973095 -1.499512 -0.528402 
0.204627 0.033399 -0.375247 -0.571225 0.146521 0.378174 0.512388 -0.510824 -0.439673 1.052752 0.287845 -1.545431 -0.287415 0.061691 -1.577157 -1.588286 
-0.432089 0.212234 -0.050170 -1.323977 -0.349937 0.353192 0.456333 -0.610862 -1.644183 -1.514044 0.246980 -0.478486 0.390481 -0.143618 -2.121663 -3.925546 
0.008633 0.085565 0.029749 -0.107578 0.896498 -4.542208 -1.694954 0.308561 0.649060 0.332607 -0.431613 0.316121 0.394641 -1.204799 -0.062493 0.236500 
0.133377 0.032227 -0.231363 0.261274 -0.158466 0.339013 0.262398 -0.682856 -1.184625 0.924220 0.029707 -0.011607 -2.706381 0.152951 0.182153 -0.365880 
-0.626219 0.585028 0.204396 0.323191 -0.575482 0.427371 -1.263201 -0.619597 -1.393141 0.076041 -0.641985 -0.829337 0.706565 0.351486 0.369581 -0.358041 
0.219450 -1.648057 0.226257 -0.035899 0.668492 0.104664 -0.662446 0.224494 -1.253662 -0.024465 0.270714 -0.666585 -1.665683 0.207219 -0.944129 -2.489663 
0.548133 -0.397666 0.080952 -0.434791 -0.939413 0.462435 0.441800 0.227538 -0.997748 -0.414841 0.924022 -2.553082 -0.016605 0.265464 1.245827 -0.866635 
-0.516910 -0.490324 0.204081 1.045660 1.281909 0.782588 0.516914 -0.212759 0.515675 -0.589524 -0.073072 -0.367755 -0.584053 0.025130 0.501951 0.803518 
0.048185 -0.252705 0.147765 -0.115359 -1.567199 0.286995 -0.388493 -0.611264 -1.156762 -0.292939 0.292930 -0.499528 0.550174 0.523001 -0.821249 -2.277094 
0.179692 0.325572 -0.378621 -0.270431 0.454203 -3.808992 -2.714051 0.060112 0.480745 0.731937 0.023667 0.348023 -0.622406 -1.831839 -2.900364 0.194867 
0.055541 0.195806 0.296519 -2.064889 -0.923923 -4.161712 -0.526036 0.105722 -0.002687 -0.399370 0.461063 -0.074218 0.295888 -1.676735 -1.025898 0.145505 
0.334981 -0.179181 0.385082 -0.072546 -1.142806 -1.284622 0.123120 0.390570 -0.573894 -0.167830 -0.550422 0.222640 -0.278955 -0.452735 -0.012837 0.046838 
-0.875747 -0.274704 0.260245 0.496755 0.030273 -0.636225 0.570341 -0.135999 0.872143 -0.701779 0.528125 -1.331428 0.490455 0.501067 0.629169 -0.733355 
