-0.064708 0.126767 0.069377 -0.242495 -0.819726 -0.600877 -0.667455 0.027461 -0.985979 0.104953 -4.492617 0.050054 -0.136983 0.217571 0.217623 0.066702 
0.128721 0.210015 0.178356 -0.793600 -0.322377 -0.672859 -0.136823 0.255557 0.115752 0.243387 0.348964 -0.075680 -0.276969 -1.258224 0.786453 0.126564 
0.061052 -0.215718 -0.464678 -0.591073 -0.510588 0.235444 0.480483 -0.249956 0.418186 -0.050358 0.798085 -0.756987 0.298277 0.277629 0.847789 -2.264451 
0.103133 0.208988 0.248667 0.817402 -0.429334 0.078548 -0.866766 0.256274 0.210049 0.081940 -0.612966 0.123210 0.045676 -1.250484 0.597065 -3.192332 
0.408202 0.361312 -0.602285 -0.590867 -0.024960 0.197455 0.207175 -0.945758 0.236850 0.124103 -0.020150 0.140382 0.618305 -0.451903 -0.119603 0.225972 
0.170003 0.219713 -0.063955 -0.604466 0.121716 -2.310267 -1.102014 -0.066742 0.218321 0.340716 0.188123 -0.189614 0.139853 -0.082158 -0.128808 0.228990 
-0.007174 0.217793 -0.373914 -0.123733 0.080093 -0.296281 -0.254975 0.225270 0.455748 0.014394 -0.346368 0.500675 0.230127 -0.533117 0.483487 -2.258928 
0.092700 -0.261736 0.157102 -0.173475 -1.554010 0.292845 -1.233777 0.254097 -0.779603 -0.198891 -0.300268 -1.357478 -0.774576 0.101171 -0.906215 -1.622388 
0.231553 -0.530641 0.065154 0.024231 0.856761 -0.053214 -0.009248 -0.101700 0.795122 0.237282 -0.334126 -0.595041 -1.825513 0.081157 -0.338646 -1.463838 
0.055621 0.007528 0.091715 -0.783529 -0.329028 0.045102 -0.148795 -0.741639 0.528077 0.122869 0.536506 -0.556535 0.260408 0.056868 -0.969777 -1.045193 
0.213543 -1.328442 -0.003294 -0.204225 0.559334 0.295482 -0.292805 -0.008175 0.649157 -0.223057 -0.270779 -1.220259 0.217745 -0.025490 0.749038 -0.447115 
-0.054307 -0.050597 0.043125 0.329563 1.098992 -0.775499 0.007820 0.036377 0.647145 -0.159634 0.681277 -0.743832 -1.433512 -0.505351 0.333174 -0.376970 
0.223051 0.303421 0.202244 -1.460502 -0.541930 -0.234641 0.259946 0.058792 -0.303479 -0.927834 0.272305 -0.731238 -1.149242 0.380617 0.268752 0.450873 
-0.581868 -0.003027 0.198709 0.124291 0.479063 -0.810031 -1.562094 0.209233 0.410528 0.565592 -0.858599 -0.607234 -0.304512 0.096652 0.593860 -0.101116 
0.249413 -0.208764 -0.465322 -0.488280 0.315006 -0.123848 0.248023 0.240929 0.077344 -0.669556 0.153545 0.694357 0.689846 -0.226465 -0.503796 -0.827636 
-0.413133 -0.183792 0.277181 0.393622 0.195440 -0.535605 -0.761357 0.311627 -0.312554 0.180269 -0.269035 -1.072098 -0.817692 0.201625 0.496800 -0.506354 
0.187454 0.157148 0.045898 -0.250512 -2.667401 0.071981 0.289535 0.180746 -0.387711 -0.889419 0.368500 -1.545353 -1.219823 0.115641 -0.417101 -2.289595 
-0.557979 0.638699 0.083256 -0.039768 0.136516 0.142281 0.136660 -0.548403 -2.144671 -0.264113 -0.145932 0.342088 0.683038 0.243782 -0.214682 0.560482 
-0.141547 -0.418165 0.085122 0.323008 -0.155951 0.218254 -0.593955 -0.160131 -2.011182 -0.170450 0.311046 -0.330073 -0.225900 0.426808 0.533790 -2.082231 
0.247308 -1.806955 0.248485 -0.768524 -0.243886 0.440275 -0.681959 0.180065 -0.097514 -0.015636 -0.521533 -0.068513 -0.086316 -0.154487 1.007294 0.003001 
0.129351 -0.390186 -0.099105 0.023001 -0.097925 0.092436 -0.053733 -0.066504 -3.983883 0.635649 0.684968 -0.265476 -2.195750 0.224252 -0.450612 0.322757 
0.077791 0.136024 0.132369 -0.899679 -0.884802 0.151045 -2.001558 0.138221 0.550431 0.005654 0.023054 -1.233987 0.482708 0.065253 0.508053 -0.117929 
0.285105 -1.023569 0.200045 0.254437 -0.621466 -1.268726 -0.063427 0.233005 -0.707378 -0.246717 -0.087291 -1.029317 -0.413013 0.545478 0.856643 -0.567623 
0.195889 0.043525 0.110690 -0.446429 0.139297 -3.658514 -0.561163 0.256925 0.345156 0.403820 -0.368666 0.733778 0.709936 -1.304285 0.018691 -0.119441 
0.000234 0.106370 0.131983 -0.148825 -0.276344 0.147712 0.044477 -1.137440 -0.031650 0.510891 0.335603 0.406760 -0.132314 0.245989 0.053650 -3.835176 
-0.101025 0.280573 -0.472189 0.250009 -0.060852 -0.147981 0.384771 -0.133133 -0.654922 0.713724 0.480177 0.012924 0.303505 -0.174897 -1.486107 -0.487113 
-0.179751 -0.296071 0.243302 0.413378 0.486094 -0.575042 0.141521 0.150321 -0.005768 -0.407481 0.479137 -0.006066 0.041504 0.342339 -0.074244 -0.485785 
-0.105688 0.170634 0.092232 0.330567 0.820548 0.041089 0.270645 -0.183651 0.359942 -0.951659 0.279248 -0.580286 -1.269711 -0.024463 -1.059381 -1.631502 
-0.064056 -0.254669 -0.051513 -0.110952 -0.012246 0.050172 -0.421142 -0.038610 0.342550 0.880365 -0.752837 -0.213485 0.878839 -0.338556 0.764719 -0.444497 
-0.545139 -0.071729 0.004377 -0.464023 0.541967 0.445134 0.949937 -0.041725 -1.456553 -0.314807 0.057499 0.341149 -1.552852 0.205122 0.428194 -0.863925 
-0.175608 -0.351976 -0.542772 0.125601 0.457831 0.019804 0.475789 -0.321106 0.007434 -0.103637 0.278605 1.072504 0.070224 0.320875 -0.640602 0.343236 
-0.118938 0.114659 0.198225 -0.868229 1.005823 -0.109282 -0.701532 -0.365805 0.315027 0.067327 0.263217 -0.993652 -0.029216 0.275638 0.328259 -0.345798 
-0.010077 -0.081019 -0.072567 0.642209 0.239275 -0.126360 -0.267684 0.297272 -0.387337 0.089774 -0.846976 0.107648 -0.664883 -0.170224 0.076664 0.028635 
-0.529344 -0.052734 0.137337 0.303008 0.358008 0.593053 -0.700216 -0.786401 0.161124 -1.006660 -0.200219 -0.693662 0.912884 0.369995 0.367755 -0.640102 
-0.460744 -0.094956 0.193410 0.129034 -0.977110 0.404099 -0.134752 0.178087 -0.771155 0.132378 -0.453635 0.398808 0.730613 0.274302 0.190281 -0.330469 
0.064958 -0.473960 0.194408 -0.846724 -0.667620 -0.269418 -0.415074 0.043890 -0.049105 -1.736579 0.465757 -0.394567 0.534257 0.205352 0.616435 -0.678531 
0.200334 0.235428 0.249050 -0.089217 0.005340 -5.766410 -2.480829 0.263750 0.133104 -0.313055 0.111296 0.316652 0.038475 -2.572629 -0.534053 0.620292 
-0.056246 -0.108720 0.028085 -0.406611 -0.857965 0.321584 0.000443 -0.120276 -3.017187 -0.546980 0.617040 -2.093571 0.359698 0.157725 -0.316502 -1.119588 
0.380137 -0.146945 0.040152 -1.159695 0.027435 0.237429 0.298580 0.145674 -0.367173 -0.704098 -0.224845 -0.663404 -0.443303 0.094778 -1.345796 -1.132929 
0.162624 0.207713 -0.375726 0.921764 -0.921769 0.204774 0.311789 0.305001 -0.320874 -0.038418 -0.615653 0.027660 -0.015247 -0.284012 0.635625 1.120465 
0.477407 0.362801 -0.231077 -0.702546 0.089480 -0.522184 -1.085381 0.082198 -0.057618 0.890789 0.707291 -0.454246 -0.146900 -0.712679 -0.130342 0.114208 
0.177047 0.045296 0.045897 0.363224 -1.541949 -0.023414 -1.642031 -0.074528 0.200917 -0.229230 -1.656519 0.337098 -0.090507 0.190942 -0.096246 -1.363790 
0.160130 -0.605424 0.018649 0.060906 0.570670 -0.040818 -0.249907 0.258531 0.170755 -0.229736 -1.042493 0.172204 -0.101229 0.140923 -0.217825 -1.154981 
-0.134474 0.671006 -0.530422 -0.385925 0.377155 -0.278629 0.115365 -0.440854 0.551636 0.275249 0.095444 -0.162142 0.336741 0.139180 -0.188740 0.428541 
-0.043284 -0.112972 0.070542 -0.292962 -0.445851 -0.169546 -0.028291 0.103087 -0.040028 0.417779 0.084668 -0.013006 -0.211854 0.004796 -0.665923 0.509278 
-0.116039 -0.175029 0.434374 -0.149126 0.389453 -0.002689 -0.069943 -0.020589 -1.405812 -0.562540 0.376591 -0.389406 0.493426 -0.117315 -0.632180 -0.100391 
0.157461 0.229964 -0.015281 0.109895 -0.216031 0.127386 0.358559 0.014297 -1.005554 -0.019147 0.326271 -0.733787 -3.457297 0.369503 0.290285 -0.933683 
-0.164268 0.307772 0.292274 -1.143664 -0.169898 0.077909 0.347579 -0.396697 -0.885583 -1.064018 0.607320 0.383183 -0.273908 0.246924 -1.703284 -0.643726 
-0.073182 0.063491 -0.642429 0.345230 0.655451 0.225659 -0.183205 -0.168798 0.054475 -0.188963 -0.668267 0.108233 0.434270 0.385361 -0.241407 0.252732 
-0.480573 0.217863 0.076886 0.459206 0.221938 -0.531005 -0.193718 0.329150 1.026801 -0.150795 0.262558 -0.209647 -0.059540 0.033690 -0.734292 -0.273350 
0.023903 -0.318679 0.044948 0.782509 0.410931 0.076297 0.337069 0.121501 0.370100 -0.240905 0.506130 -3.491693 -1.258579 0.032929 -0.724853 -0.071242 
0.130273 -0.215025 0.099233 -0.696219 -0.984112 0.154410 0.122480 0.303203 -0.515887 0.035977 -1.014967 0.379689 -1.521659 0.005448 -0.200937 -0.305000 
0.061539 -0.211983 0.009912 0.541578 0.789358 -1.122835 -0.444772 -0.017256 0.291378 0.518851 0.433165 -0.754139 -0.367376 0.165697 -1.053008 0.445121 
0.109520 -0.073765 -0.103674 -0.929892 -0.208704 0.253260 0.052008 0.132030 0.071519 0.280035 -1.974747 0.961822 0.519282 -0.465855 -2.409359 0.957292 
0.037587 -0.358022 0.267866 -0.757628 0.682711 -0.026013 0.343910 -0.165886 0.352962 0.453069 -1.118800 -0.505590 -0.326429 -0.268472 -1.413794 -0.279480 
-0.404711 -0.528322 -0.052161 -0.065203 0.473844 -1.107447 -0.215917 -0.136385 -0.453559 0.899134 0.239887 -2.508706 -0.152412 0.180291 -0.098313 -0.227794 
-0.386569 -1.187876 0.045127 0.633685 0.273957 0.208786 0.082695 -0.340136 0.452143 0.120723 -0.228268 -0.312153 0.726192 -0.075439 0.048988 0.734109 
-0.223729 0.227272 0.081807 0.521314 -0.509121 0.235740 -0.249872 0.184205 -0.834794 0.362873 -0.107154 0.254380 -2.587475 -0.100554 0.000820 -1.028248 
0.114025 -0.599140 0.115287 0.388093 -0.164489 -0.366659 -0.139347 0.257900 -1.338166 -1.829790 0.544300 -0.072933 -0.451451 0.074273 0.387640 -0.163339 
-0.207487 0.298776 -0.021405 -0.305011 -0.397559 0.475113 0.213289 0.089323 -0.923348 0.084230 0.133789 0.906003 -3.723693 0.063596 0.995599 0.748826 
-0.175909 -0.183633 -0.043759 0.722922 0.419257 -0.308313 0.334773 0.001423 -0.264064 0.002796 -2.166545 -0.917428 -0.422045 0.078929 -1.166834 0.069951 
0.184662 -0.199055 0.161758 -0.739548 0.268677 0.251387 -1.356982 0.114664 -0.220023 0.259951 -0.532277 -0.226544 -0.261404 0.234749 -0.168414 -0.938485 
-0.138648 -0.181589 0.117339 -0.755746 0.232869 0.327407 -0.125065 -0.246830 -0.729646 0.150604 -0.021861 -0.139216 -0.090615 0.361267 -0.159029 -0.693060 
-0.199315 0.271437 -0.152513 0.137550 0.359417 0.085125 -0.476110 -0.065910 0.316056 -1.690784 -1.098329 -0.312067 0.294099 0.073018 -2.339700 0.115991 
0.279918 -0.005151 -0.223744 0.024190 -0.565229 -0.056869 0.242730 0.402643 -0.004054 0.006687 -0.094176 -1.278776 -0.354443 0.501823 -0.815709 0.065253 
0.002158 -0.773885 -0.069074 0.598739 0.324040 0.678381 0.677156 -1.200313 0.203951 0.429619 0.045698 -0.686050 -1.127665 -0.415081 -0.092272 0.303697 
-0.016744 0.154209 0.057322 -0.540212 -3.403639 0.311571 0.273238 -0.137262 -0.527148 0.195544 -0.082260 0.370032 -0.103482 0.213967 -0.192980 -1.749421 
-0.088915 -0.209619 -0.016841 -0.633763 0.505632 -0.049642 -1.283847 0.092176 0.564399 0.000844 -1.655883 0.042484 0.083443 -0.067132 0.062964 0.226074 
0.304879 0.227951 0.019029 -1.527548 -0.786492 -1.386726 -0.730364 0.163962 0.127222 -0.965254 -0.425971 0.282364 -0.196422 -0.573939 0.148069 0.054047 
0.101916 -0.077658 0.275712 -0.769761 -2.136379 -0.049703 0.547196 0.375937 0.865636 -0.050397 -0.372589 -0.733559 -0.035496 -0.070575 -0.767497 -1.423255 
-0.166543 0.075177 -0.222233 0.424028 0.747272 0.344361 0.039613 -0.324891 0.432683 -0.735772 -0.794273 -0.567372 0.442382 0.305121 -0.903889 0.028564 
0.009736 0.137496 0.162886 -2.067979 0.153252 -0.019317 -0.266754 -0.340288 -1.171805 0.000250 0.519365 0.101664 0.165657 -0.640996 -1.299358 0.408775 
0.077472 0.211811 -0.116246 -0.071146 -1.668063 0.296004 0.399873 0.149335 -3.235233 -0.165993 -0.000192 0.616685 -1.581443 -0.011167 -0.285078 0.380887 
0.096059 -0.253993 0.111220 -0.068226 -0.395947 0.355956 -0.118576 -0.450695 0.369366 0.282806 -2.411030 -0.663036 0.584066 0.039154 -1.792067 0.470673 
0.108016 -0.010897 0.055420 -0.038769 -0.230884 0.064956 -0.145191 -0.364212 -0.040479 0.094841 -2.602269 0.319824 0.432112 -0.549337 -0.102651 0.306689 
-0.103532 0.180619 -0.058494 0.808877 0.318499 0.069165 0.131651 0.237370 -0.562014 -0.029005 -1.210755 -0.514505 0.531585 0.018019 -0.630934 -0.658820 
0.005307 0.526555 0.208165 -1.412858 -0.322175 0.400599 -0.092226 0.219403 -0.345629 0.042324 -0.461992 0.321000 -1.274871 -0.370801 -1.517324 0.353503 
0.116500 -1.008971 0.133092 0.151540 -0.068691 -0.073033 -0.358267 0.125160 -0.462944 -0.183561 0.027575 -1.151537 0.234165 -0.455219 0.387557 -1.718030 
-0.086204 0.247596 -0.226590 0.383648 0.953158 0.173538 -0.185098 -0.337414 -0.042708 0.317554 0.603621 0.290373 0.037145 -0.147754 -1.078417 -0.842753 
0.173919 0.251346 0.005447 0.482942 -0.140450 0.321153 0.156955 0.076369 0.291480 -0.313273 -0.232119 0.694092 -2.306372 0.354861 -0.934025 -1.272155 
0.230168 0.049405 0.153948 -0.142531 0.388298 -0.063529 -0.313342 0.042886 -0.051840 0.463003 -0.448494 0.223205 -2.686164 -0.266568 -0.157647 0.283478 
0.140085 -0.207717 -0.105331 0.338282 -1.043664 -0.253930 -0.070969 -0.005986 0.209486 -0.000930 0.385533 0.583777 -0.438163 0.532936 -2.882685 -1.129984 
0.010802 -0.159075 -0.372361 -0.030098 0.468192 0.141872 0.314838 -0.169280 -0.114038 1.199959 -0.076793 0.885216 -0.279039 -0.310295 -2.005426 -1.419049 
-0.146606 0.358344 0.056155 0.079696 -0.071520 -0.115640 -0.205358 -0.052628 -1.655559 -0.088505 -0.175660 0.029955 0.418414 -0.453171 0.371068 -0.478798 
-1.783114 0.088198 0.109562 0.473594 0.077057 -0.081685 -0.483397 -0.775858 -0.280171 -0.330414 0.361897 -2.878939 0.342484 0.006052 -0.495257 -0.178642 
-0.034626 -0.094837 0.106594 0.720846 0.081959 -0.020746 -0.941478 -0.285658 -0.126091 -0.721747 -0.639244 0.396165 0.024188 0.355497 -0.717397 -0.014803 
-0.044985 -1.153630 0.051611 0.557946 0.391433 0.002522 0.247663 0.070417 0.983456 -0.196006 0.627899 0.071753 0.145859 0.220205 0.149475 -0.064721 
0.017109 0.144066 0.097246 -1.032877 -1.788637 0.144905 0.599876 0.084272 -0.888265 -0.260642 0.334067 0.179457 -1.400779 0.131422 -1.936967 0.454044 
0.493710 -0.958139 -0.033945 -0.285748 -0.282962 0.524176 -1.073751 0.102630 0.294056 0.030442 0.099271 -0.356908 -0.118782 0.291448 -0.884294 0.021768 
0.319175 0.339595 0.096646 -0.267397 -0.789171 0.005467 0.115407 -0.872891 -0.131722 0.120719 0.372193 -0.538772 0.286102 -0.140241 0.103075 -0.869788 
-0.081282 0.105161 0.077605 -1.291021 -2.353431 0.177464 0.133384 -0.305083 -0.050754 -0.403295 0.194840 -0.242474 0.663910 0.229397 0.216954 -0.581061 
0.276237 0.392390 -0.958619 -0.138604 0.352591 -2.355842 -3.184171 0.262811 0.377791 -0.164473 -0.110770 0.376777 0.520942 -3.818470 -2.571895 -0.152572 
-0.129975 -0.119063 -0.055153 0.561845 -0.735592 0.152318 -0.576422 -0.298672 -0.536647 -0.914463 -1.137878 -0.438935 0.435861 0.026883 -0.240950 0.149699 
-0.333598 -0.205522 -0.530298 0.492362 0.404218 0.326775 -0.592734 -0.527608 -0.257992 0.832268 -0.736857 -1.700143 0.025116 0.234946 -0.310524 -0.264357 
0.222983 -0.087045 0.137259 -0.433837 -0.987858 -0.024739 0.493652 0.080571 -2.281693 -0.130293 -0.051065 0.377137 0.241022 0.399060 -0.811668 -0.063111 
-0.148671 -0.554287 0.110421 -0.180517 0.085693 0.527128 0.276607 -0.336759 -0.352351 0.330157 -0.281132 -1.335218 -0.231658 0.083609 0.945414 -1.846636 
-0.003045 0.417091 -0.036170 0.028650 0.757098 0.430090 0.266161 -0.042578 -1.002727 -1.316786 0.252951 0.609608 -2.464693 0.086808 -1.162743 -0.660063 
0.092714 0.261321 0.191562 0.195865 0.590545 -0.247639 -0.010462 -0.048849 -0.976873 -0.039665 -0.108397 0.040446 0.316711 -1.535686 0.093613 0.156893 
0.035026 -0.761059 0.262325 0.302299 0.710209 -0.639951 -1.231757 0.206534 -3.279279 -0.171450 -0.055102 -0.850444 -1.529983 0.131608 0.289084 -0.233984 
0.251490 0.200475 -0.453596 -0.824274 -1.025006 0.225836 -0.344913 -0.092024 0.346272 -0.372048 -0.020698 0.028278 0.444771 -0.140588 -0.473204 0.079899 
