-0.303877 0.114973 -0.273023 -0.358663 -0.027618 0.061775 -0.175740 -0.011488 -0.343186 0.023482 
0.633405 -0.180967 0.359303 0.214621 0.088887 -0.153845 0.445981 0.249748 0.485491 -0.184955 
-0.736823 -0.330017 -0.289579 0.317737 -0.120728 0.065133 -0.995576 -0.426833 -0.277624 0.647513 
-1.024987 1.403645 0.541230 0.715633 0.338073 0.266988 -0.585669 -0.996912 -0.227552 0.818174 
0.106902 -0.165561 0.491434 0.633721 -0.014322 1.244759 0.284788 -0.822127 -0.194743 -0.049660 
0.031637 -0.655255 -0.120075 0.163715 -0.388496 0.441180 0.129308 -0.370364 0.284333 -0.102405 
-0.552806 -0.402526 -0.092535 -0.348379 0.511154 0.594517 -0.175020 -0.008771 0.154135 0.045892 
-0.329982 -0.953907 -0.622675 -0.210788 -1.726779 0.837709 -0.629847 -0.699184 0.549305 -0.149852 
-0.850500 1.483897 0.502117 0.077738 0.815454 -0.292802 0.820285 -0.090514 0.651081 -1.126667 
0.159746 0.703110 0.749339 -0.728762 1.522837 -0.166971 -0.943235 -1.484934 0.636751 1.547138 
-1.284969 -0.157270 -0.099001 -0.374311 -0.614637 -0.219542 0.032529 -0.466772 0.275158 0.213281 
0.752061 -1.336766 -0.799922 -0.698017 -1.291420 -0.948523 0.918575 0.821555 0.280377 0.192122 
0.524909 0.067564 -0.097991 -0.404624 1.025918 1.111276 0.564866 0.311214 -0.774029 -0.723367 
-0.032975 0.021159 0.626368 0.492448 1.185343 -0.178141 1.724808 -0.319013 -1.179670 1.173290 
-1.335570 1.432897 0.066768 -0.612567 0.769611 0.886872 1.170083 -0.697819 0.002854 -0.266814 
-0.541883 0.350147 -0.692809 -0.352267 0.601194 -0.138583 0.480300 -1.022956 -0.763261 1.460594 
