-0.389966 0.292317 0.246885 0.705091 0.079754 0.097555 -1.493208 0.165755 -1.083424 -0.628669 0.196636 0.352328 0.903716 0.268341 0.266982 -1.525721 
0.311481 -0.010911 0.071129 0.828343 0.398332 0.370440 0.389021 0.214938 0.014129 -1.199213 0.124663 -1.293508 -1.227731 0.045470 -0.489374 0.645902 
-0.596832 -0.418771 -0.268228 -0.109017 0.989369 -1.100279 -0.872645 -0.179666 0.622350 0.856289 -0.728910 -0.226002 -1.361277 -0.353508 0.339990 0.013924 
0.609464 0.522220 0.557563 -0.569167 -0.095197 -13.923985 -4.925637 0.585016 -0.276566 0.022255 0.114399 0.573709 0.813406 -2.798778 -0.507563 0.513998 
0.178274 0.581166 0.497793 -1.604277 -1.280676 0.640633 0.625847 -0.276495 -1.352046 -0.588344 0.552685 0.307613 -2.566266 0.589143 -2.798939 -0.480045 
0.237482 -1.417909 0.397699 0.241400 0.051623 0.332728 0.406862 0.327978 -1.104356 -0.238890 0.113939 -0.830500 -0.930242 0.351972 0.471043 -2.729111 
-0.806206 -0.079404 0.459226 0.503151 0.497292 0.528110 0.371599 -0.467213 -0.110809 0.391235 0.145868 -1.800986 -0.650444 0.459417 0.449594 -4.756084 
0.716891 0.888299 -0.189176 -1.787757 -0.573468 -0.279928 0.275143 0.290665 0.369171 -1.324721 -0.211524 0.761202 0.305982 -0.086663 -0.143804 0.635458 
0.227722 0.177398 0.237995 -1.124372 -2.226638 0.169820 0.022458 0.177723 -0.293782 0.357281 -0.406348 -0.028280 -0.823625 0.045297 -0.338291 -0.810062 
-0.445464 -0.705181 0.045826 0.443031 0.426833 0.058083 0.087583 0.234488 0.325331 1.013194 0.371676 -0.162542 0.765269 -0.071805 -3.741330 -4.091974 
