-0.097835 0.197822 -0.428260 -0.057164 -0.089527 0.033735 0.002351 -0.212846 0.065781 0.373423 -0.149646 -0.331944 
-0.196936 -0.216609 0.525676 0.233833 0.123491 -0.080172 0.043269 0.140640 -0.512686 -0.282636 0.252581 0.503210 
0.537840 0.522334 0.163485 -0.385311 0.269120 0.131909 0.278745 0.101119 0.950202 -0.456338 0.297946 -0.946557 
0.776494 -0.479297 -0.417764 -0.943718 -0.735414 -0.268963 0.105797 0.426302 1.265484 -0.601467 -1.370683 0.007008 
0.152736 0.025254 -0.145461 -1.081853 0.979370 0.125427 -0.745064 1.458923 -0.415525 0.260213 -0.540714 0.915014 
0.325838 0.204914 0.221162 -0.518702 0.544487 0.168887 0.012763 0.665402 0.057264 0.175777 0.095453 0.712273 
0.063681 -0.087571 -0.691660 0.652817 0.508853 -0.962367 0.390206 -0.542466 0.753778 -0.416302 0.199677 0.507759 
0.868182 -0.308225 -0.571962 -0.400233 0.920543 2.040172 0.129258 0.534249 0.181882 0.042916 0.368321 0.236428 
-0.502561 0.383202 -0.723748 0.165027 -0.733749 -0.410153 0.141306 0.536963 -0.041820 1.049888 -0.965355 1.528988 
-1.277681 0.213360 0.017407 -1.009476 0.180438 -1.568800 -0.096121 1.219272 0.090949 -0.447991 -0.896572 -0.466463 
0.015318 1.501979 -0.133235 0.879627 -0.238236 0.372689 -1.279325 0.289824 1.274892 0.193980 0.713940 0.848496 
-0.055160 -0.444622 -0.225110 -0.200449 -0.921686 0.800753 1.099079 -0.002148 -1.094675 0.499175 1.586519 0.362318 
-0.562105 -0.328154 -0.670712 0.258747 1.647331 -0.458555 -0.296396 0.033083 -1.217881 1.335270 -0.643839 0.424791 
0.310422 1.169908 -0.438384 0.236239 0.430146 -0.958580 1.740377 -0.329095 -0.849729 -0.620190 0.637888 -0.323350 
0.019261 0.481682 -0.294533 -0.092693 0.507483 -0.934855 0.531076 0.208783 0.444949 0.483423 -1.005082 1.476584 
0.142756 0.772907 -0.576257 -0.291210 -0.348833 -1.099231 -2.133596 0.764898 1.116840 0.476857 -0.215607 -0.238596 
