0.847732 0.274976 0.409873 -0.809052 -0.980397 -0.021490 0.001837 0.513780 -1.491308 -2.004419 0.235087 0.428132 0.334734 0.359920 -1.022994 0.643194 
-0.296484 -0.012970 0.296581 -0.180414 0.618864 0.710724 0.548593 -0.615416 0.119006 -0.542922 -0.634867 0.095775 0.394634 -0.016347 0.308617 0.230562 
0.019765 0.261596 0.241334 -0.521122 -2.457499 0.322480 0.120699 0.159799 -0.275452 -0.278417 -2.307877 -0.312414 -0.292933 0.240551 -0.074644 -0.874760 
0.097249 -0.192182 0.376742 -2.132152 -0.231944 -1.806159 -0.827730 0.096913 0.220055 0.543374 0.577618 -0.289220 1.057249 0.306896 1.076394 -1.489935 
0.159088 -0.877975 0.109846 0.474867 0.137080 0.314884 0.470425 0.220728 -1.126069 -1.936433 0.199757 -0.705524 -1.271440 0.377961 0.240297 -5.633734 
-0.190026 0.387160 0.362775 -1.384861 -0.561806 0.568808 0.556691 -0.258553 -2.390418 -0.809515 0.410501 0.105776 -3.659587 0.456769 -0.973119 -1.616801 
0.129807 -0.986293 -0.012334 -0.564055 -0.124329 0.600164 0.530027 -0.492964 -1.752457 0.084913 -0.429691 0.112141 -1.229412 0.165919 -1.519787 -0.204780 
0.432418 0.699909 -0.130286 0.192363 0.337225 -8.843096 -4.422577 0.483391 0.572102 0.297755 -0.259661 0.798708 0.061322 -4.711922 -1.468900 1.064706 
-1.704434 0.163900 -0.076575 0.536040 0.204329 0.231101 -0.452160 -0.972480 -1.783746 -0.174286 -0.063065 -3.407642 0.677483 -0.031724 0.040876 -1.110813 
-0.133020 -0.232872 -0.028314 -0.175743 0.484088 -3.748162 -3.005047 0.230355 0.075430 0.639961 -0.208818 0.127948 0.077141 -1.020241 -0.054975 -0.021137 
0.224762 0.028607 -0.022137 1.116752 -0.085952 0.070654 0.185268 -0.054668 0.087634 -1.295325 0.082469 -0.067928 -2.413870 -0.036279 -0.302811 0.747856 
0.064237 -0.030922 0.421674 0.279179 0.258186 -0.042523 -0.560915 0.166581 -1.469970 0.720776 0.125748 -0.249436 -2.758618 0.331640 -0.192221 -0.425806 
