0.096256 0.201708 -0.091790 0.466820 0.111752 0.320216 -0.386559 -0.258385 -0.259018 0.023731 0.043847 0.025560 0.181894 -0.038218 
-0.323616 -0.279793 0.026307 -0.686136 -0.059589 -0.555752 0.219696 0.531489 0.291534 -0.408260 -0.101078 -0.242687 -0.157514 -0.277797 
0.147769 -0.662972 0.523524 0.469160 -0.713979 0.766724 0.290367 -0.315392 -0.489629 0.551376 0.303810 0.264265 0.217119 0.657324 
-0.092035 0.982693 -0.105491 0.526894 0.694513 0.258355 0.629398 -0.824952 0.294145 1.337021 -0.115344 0.235424 -0.083140 1.125296 
-0.692440 0.802603 -1.218428 -0.555269 -0.162495 0.209009 0.732261 -1.118181 0.089282 -0.207104 -0.116127 -0.774036 0.049852 -0.187111 
-0.041419 0.163891 -0.285292 -0.527587 -0.711876 0.129782 0.330670 -0.484629 -0.234930 0.325335 -0.269200 -0.190608 -0.212339 -0.164570 
0.374462 -0.168265 1.687448 0.188071 0.050880 -0.627916 -0.099502 0.375380 -0.379605 0.836539 -0.935829 0.126062 -0.186985 -0.029635 
0.076437 0.036951 0.207636 0.153511 0.165838 0.458767 0.260479 -0.321276 -0.308795 0.426086 1.709316 -0.498504 -0.686681 -0.596731 
-0.135176 -0.218797 -1.220681 -0.589507 0.292261 -1.434520 0.072587 -0.257546 -1.237200 0.372529 -0.884194 -0.039151 -0.822470 -0.261464 
-2.464597 -0.716611 0.654350 -0.157251 1.856742 0.669696 -0.543629 -0.337837 -0.392763 -0.700385 -0.885115 -2.243362 0.247643 -0.295873 
-0.680991 -0.906596 0.752842 -0.307067 -0.044401 -0.786019 -0.167472 0.235331 -2.068179 0.544453 1.063885 -0.680372 1.096783 0.694914 
0.162461 0.084913 -0.635129 0.041169 -1.537715 0.500189 -0.495908 -0.688638 0.446993 0.253823 0.265891 1.410565 -0.382520 -1.037406 
0.821158 -0.108002 0.162208 0.778455 0.549752 -0.878713 -0.062218 0.148595 -0.594223 -1.051492 -0.012219 -0.001647 0.082840 -0.578234 
-0.655168 -0.656311 0.199375 -0.180017 -0.269397 0.548444 -0.124474 -0.384207 -0.049751 -0.575313 -0.936326 0.107729 1.051340 -0.509906 
0.155241 0.226143 0.506399 -0.305331 -1.739574 -0.523950 -0.107056 -0.718552 0.667749 0.106908 -1.553478 -0.149251 0.173434 0.074919 
0.208731 -0.504758 -0.163058 0.510988 -0.224545 0.620399 0.688086 -0.946041 0.113202 0.348337 -0.510877 -0.099199 1.142917 0.709179 
