-0.131028 0.276387 -0.382427 0.385951 0.758009 -1.689333 -1.210906 0.129136 0.826356 0.619304 -0.038180 0.231685 0.265565 -0.465960 -0.183539 -0.566346 
0.155518 -1.769314 0.372782 0.838292 -0.217516 -0.262435 -0.021390 0.188818 -0.769342 -0.022330 0.229143 -1.890798 -0.770129 0.451633 0.367058 -3.232584 
-0.116332 -0.151539 -0.350448 -0.405611 0.514806 -1.252000 0.061609 -0.690934 0.200468 0.962866 -0.206712 -0.001904 -0.835651 -0.637484 -4.207673 -0.174280 
-0.357582 0.260979 0.147017 0.804914 -1.087749 -0.183883 -0.628388 0.185913 -1.461840 0.407045 -0.228285 -0.105916 -1.392046 0.294967 -0.403058 -1.144359 
0.124919 0.323882 0.242983 0.495763 0.078331 0.718813 0.574497 0.222211 0.294509 -1.148049 0.131970 -0.434957 -2.364301 0.491254 -0.194485 0.290662 
-0.339595 -0.481387 0.322844 -0.117632 1.355903 -0.164123 0.337745 -0.296042 0.392107 0.619885 0.439042 -3.437643 0.175676 0.123567 0.442432 0.639703 
0.721282 0.241842 0.239719 -1.229313 -0.052858 -5.478908 -2.389411 0.604081 0.162453 -0.248820 -0.061337 0.616347 0.177491 -3.910828 -0.737977 0.631032 
0.534953 0.519390 0.196788 -2.134574 -1.703219 -0.014936 -1.310299 0.671534 -0.092893 -0.753119 -0.555986 0.222963 0.390603 -0.049162 0.422000 0.003945 
-0.729778 -0.119727 0.127060 0.046776 0.635062 -0.090358 -0.513846 -0.628778 -1.672229 0.057655 -2.567771 0.040648 0.807052 0.011187 0.360568 -0.374805 
-0.444941 0.162264 0.108035 0.405106 -0.115940 0.730382 0.178217 -0.970989 -1.475559 -1.721617 0.361291 -1.131180 0.918307 0.544852 0.184154 -1.344741 
0.013127 0.303859 0.373623 -0.883438 -0.924291 0.599395 0.521410 0.131136 -1.835870 -1.462425 0.281011 0.202796 -2.313218 0.444353 -0.947760 -1.581504 
0.748721 -0.235894 0.170880 -0.682839 -0.097188 -0.150344 0.477572 0.334508 -1.225810 -0.732539 -0.645623 0.563627 -0.459575 -0.316788 -1.012034 -0.085200 
0.276155 -0.043481 -0.068645 -1.217399 -1.440564 0.760560 0.854220 -0.029688 -0.181533 0.098931 0.306039 -0.476096 0.173688 0.380227 -0.130784 -2.037644 
-0.501155 0.389294 0.398123 0.571374 -0.144531 0.495376 -1.418229 0.308159 -0.313167 0.507620 0.131167 -0.461918 -0.080394 0.006154 -3.256447 0.629316 
