0.353418 -0.224915 -0.119173 -0.101959 -0.123811 0.392689 -0.339535 -0.209102 0.315095 -0.141222 -0.257772 0.186866 0.008979 -0.274676 0.239199 0.289514 
-0.180699 0.404373 0.241860 -0.250767 0.149490 -0.443368 0.296590 0.226855 -0.196475 0.176013 0.493182 -0.414498 -0.399305 0.389413 -0.487717 -0.009483 
-0.602896 -0.950229 -0.191719 0.512922 0.450618 0.342166 0.155270 0.086743 -0.129920 0.463976 -0.496631 0.468318 0.600317 -0.089962 0.216860 0.063664 
-0.536447 0.014662 -0.351258 0.469151 -0.757768 0.214795 -0.586663 -0.603054 -0.785977 -0.774674 0.025964 0.984600 1.192999 -0.271457 0.270217 -0.984547 
0.041832 0.231016 -0.843287 -1.189699 0.551053 -0.376243 0.759595 -0.866794 -1.008437 0.173930 0.429661 0.502982 -0.574102 -0.271357 -0.028385 -0.109965 
0.112038 -0.169350 0.164443 -0.204951 0.623563 -0.424264 0.779019 -0.240646 -0.382164 0.713967 0.109450 0.557821 -0.304483 -0.365923 0.244585 0.059643 
-0.079869 -0.313917 0.477696 1.700863 1.167521 -0.729195 0.024863 0.200953 0.278526 -0.647104 -0.034988 0.450332 0.338531 -0.520347 -0.042758 -0.993194 
0.170826 -0.667704 -1.265982 0.109736 0.751294 -0.466624 0.533872 -0.564020 -0.145909 -0.656780 -0.071095 0.364363 0.533738 0.608550 -0.314789 -0.823979 
0.763598 -0.608697 0.012203 -0.605639 -0.543952 -2.062568 0.386832 -0.157621 -1.019681 0.122243 0.765882 -1.070062 -0.104086 -0.192151 -0.560845 -0.265626 
0.496045 -0.647712 1.068741 -0.076664 0.064482 1.231180 -0.291691 -2.072754 0.593503 -1.772667 1.107659 0.661797 -0.717875 0.202092 -1.188987 0.994750 
0.629608 -1.597431 0.817933 0.953655 -0.160246 -0.070628 0.535745 -1.017094 0.024864 0.041492 1.228908 -0.241338 0.475191 0.193602 -0.617246 0.387663 
0.178108 0.591687 0.776678 -0.844395 -0.858828 -0.783932 1.115500 0.661917 0.387059 1.458329 0.016783 0.547183 -0.508582 -0.063216 1.065514 -0.306048 
-0.072790 0.279441 -0.429325 -0.267739 1.428477 -0.324008 -0.375473 0.230572 -0.142121 -1.368294 -1.011333 -0.511538 -0.850352 -0.924591 0.141910 0.092422 
0.063580 -0.120323 -0.815028 -1.040336 0.753249 -0.212095 0.215475 -0.000012 0.004082 1.417117 0.660948 0.156992 -1.005181 -1.056329 0.438331 0.038739 
0.455090 0.527199 -0.282205 0.861182 0.368267 -1.173379 0.757956 0.042989 -0.022322 1.500242 0.252512 -0.236868 0.574304 -0.736260 -0.234632 -1.010707 
-0.387659 -0.124693 0.285692 0.562994 -0.272643 0.079853 0.386803 -0.260913 -0.290446 -0.230516 -0.915419 -0.163068 0.940220 -0.904458 0.525069 -1.706367 
