0.024144 -0.147241 0.431645 0.323432 0.023623 -5.483040 -3.113026 0.253742 0.069103 0.753456 -0.141657 -0.034288 0.079317 -0.677597 -0.014349 -0.291051 
-1.048965 -0.023090 0.298736 0.140245 0.262561 0.242305 0.309242 -0.309107 -1.490801 -0.131019 0.111309 -0.553834 0.665285 0.338104 0.508370 0.096894 
0.232503 -0.257088 0.437178 -0.712351 -2.142661 0.456032 0.431357 0.303100 -1.048699 -0.827208 0.532488 -0.519197 -0.980425 0.399656 0.026269 -0.077394 
-0.076475 -0.319105 -0.305418 -0.082145 0.214065 0.097670 -1.186938 -0.452796 0.609121 1.394432 -0.143092 -0.119676 -0.543109 -0.528770 -1.112762 -2.026388 
0.209597 -1.203992 0.116178 0.665938 0.568932 0.226262 0.339126 0.323443 -0.826676 -1.284294 -0.235137 -0.202257 -1.804876 0.234555 -0.075067 -4.375953 
-0.396133 -0.232521 0.288524 -0.406946 0.017673 0.843360 0.091503 -0.793730 -1.114845 0.896163 0.026273 -1.611886 -1.979581 0.405079 -0.913158 -0.721866 
0.392769 0.399972 0.020763 1.019724 -1.333852 -0.516201 0.429432 0.406199 -1.562263 0.317123 0.610391 0.284896 -0.512709 -0.196968 0.264541 -1.357886 
0.521761 0.131221 -0.362086 -0.085003 -0.313228 -1.452573 0.152718 0.166805 0.139253 -1.294474 -2.347486 0.413766 0.124413 -0.973283 0.030731 0.031933 
0.630089 0.668614 0.256597 -1.739277 0.177350 -5.877991 -5.210349 0.643630 0.402852 -0.178158 0.323420 0.713771 0.191988 -4.244905 -1.017048 0.915799 
-0.043283 0.227757 0.139395 0.140883 0.254145 0.558984 0.241214 -0.083420 0.009689 -0.507507 -0.376077 -0.061303 -3.169560 0.346988 -1.117702 -0.411088 
-0.664169 0.012667 -0.099684 0.514181 0.810055 -0.952992 -2.731436 0.346569 -0.126871 0.237508 -0.677716 0.128746 -0.627902 -0.156701 0.689411 -0.095923 
-0.342130 -0.062709 0.150729 -0.492386 0.045094 -0.105703 -1.274416 -0.236405 0.286876 -0.384132 0.835021 -0.844392 1.000633 0.388357 0.293844 -3.997048 
-0.948574 0.484059 0.247417 0.855550 -0.218538 0.305699 0.174381 -0.170975 -1.754796 -1.966617 0.363578 -1.249959 0.018950 0.367979 -1.624392 0.946181 
-0.228063 0.359708 -0.005061 -1.259215 -2.912936 0.161626 0.104086 -0.049416 -0.663718 -0.180336 -0.383607 -0.349171 0.297291 0.046611 -0.293146 -0.444342 
0.932809 -0.104044 0.379871 -0.025956 -0.440137 0.352934 0.312332 0.420520 -0.499094 0.351375 -0.723181 0.537407 -1.103800 0.000938 -0.195475 0.154357 
0.129100 -0.392498 -0.478362 -1.457739 0.185419 0.055652 0.334746 -0.359173 0.549098 -0.869843 -2.325945 0.618647 0.756747 0.119704 -0.814954 -0.051263 
