0.288330 0.018566 0.043117 0.041372 0.024934 0.028004 -0.165598 -0.503944 0.204529 0.328492 -0.207603 0.467397 0.170349 -0.169928 -0.218009 -0.130092 0.247745 -0.153440 
-0.210776 -0.133485 -0.073923 -0.077890 -0.251050 0.231153 0.093823 0.494696 -0.420594 -0.403416 0.395615 -0.624292 -0.484592 0.137618 0.248085 0.079275 -0.085498 0.059327 
-0.018465 0.199990 -0.180395 0.058073 0.555556 0.362877 0.254778 -0.216254 0.875232 -0.005194 0.103569 -0.310584 0.929635 -0.459382 0.536664 0.626340 -0.156379 0.568953 
-0.204386 -0.725152 0.517580 -0.111812 0.732911 -1.103481 -0.081894 -0.117710 0.258040 1.038356 -1.425502 0.356337 0.512477 0.111993 -0.016449 0.183962 -0.563462 0.958206 
0.580189 -0.000464 0.223038 -0.316654 0.537966 -0.018275 -0.023165 0.490701 -0.470405 -0.926862 0.512326 0.168146 -0.339265 -0.433571 -0.132423 -0.034557 -1.102058 0.231404 
0.155697 0.523041 -0.450417 -0.419609 0.375118 -0.202004 0.311088 0.577814 -0.389881 -0.823462 0.962097 -0.114449 0.157854 0.687506 -0.037319 -0.053960 -0.471961 -0.101955 
-0.501927 0.807620 0.254135 -1.456580 0.516165 -0.720359 -0.014218 1.262613 0.551752 -0.617518 -0.031888 0.387589 0.313324 0.698724 0.887511 0.161083 0.350359 -0.003889 
-0.359902 -0.021409 0.127965 1.676857 1.145358 -0.105556 0.409965 0.339996 0.542256 -0.545908 0.547597 0.055404 0.254870 1.125489 0.719059 -0.661226 -0.441745 -0.043572 
0.061070 -0.062865 0.730224 -0.624200 -0.208571 -0.363587 0.153176 0.756550 -1.178632 0.880404 -0.271092 0.030683 0.857018 0.194562 -0.996697 1.154480 -0.628090 -1.081544 
0.914137 -0.511723 1.418034 -0.551747 -0.392072 0.726387 -0.468410 -0.584271 0.480094 -0.275655 -0.426258 0.370860 -0.398222 0.249794 0.970520 -0.679316 -0.278948 1.307260 
1.756697 0.167982 -1.069836 0.859830 -0.490703 -0.722622 1.019573 0.737384 -0.940723 -0.389646 -0.141338 -0.348933 1.825721 -0.277455 -1.508691 0.289530 -0.292724 -0.587865 
-0.333105 0.727120 -1.522035 -0.252158 -0.081606 -0.121897 -0.390746 -0.618758 -0.753830 0.555589 1.536915 0.647260 -0.757023 0.804010 0.666106 0.258714 0.122494 0.413725 
-0.595273 0.266765 0.856357 -0.317966 0.224985 0.783978 0.107901 0.818111 0.788753 -1.358304 -0.219222 0.619543 -0.535840 -0.475715 -0.000013 -1.046150 0.065639 -0.907734 
0.858819 -0.235266 -1.363155 -1.285134 0.383277 0.373886 0.390200 -1.331995 -2.092126 -0.120652 0.478818 -0.086442 -0.435946 0.140627 0.990339 1.189988 0.261943 0.693836 
-0.207742 0.960693 -0.361513 -0.467289 0.094993 -1.152395 -0.380744 1.191282 -1.028512 -0.811655 0.222600 -0.273166 0.547537 -0.890529 -0.561695 2.126006 -0.303729 -0.300096 
-0.428800 2.085260 0.161848 -0.518830 -0.104464 -1.665122 -0.005498 0.682419 0.207839 -0.345748 -0.101247 0.823675 0.475337 0.009564 -0.311522 -1.153019 -0.945495 -0.566337 
