0.050944 -0.192668 0.274333 0.245768 0.066108 0.312191 -1.104550 -0.344214 0.129101 -0.836293 -1.462032 0.099169 0.687634 -0.472313 -0.150287 0.588154 
0.421696 0.246678 0.238981 0.008405 1.438156 -0.725922 -0.473963 0.409656 0.194690 0.335362 -0.709148 0.196191 -1.302193 -0.302637 0.682226 0.675660 
0.388588 -0.411522 0.079598 -0.805825 -1.311308 0.341320 0.360328 0.089453 -1.612005 -0.416729 0.120265 -5.587714 -1.807051 -0.086216 0.535312 -5.139400 
-0.054265 0.309438 0.354473 -0.041756 -0.452728 0.443246 0.431642 0.142722 -2.491971 -0.986718 0.266568 0.388547 -4.874209 0.379831 0.130238 -0.428721 
0.046934 -0.457976 0.275358 -1.267007 -1.479177 -0.174180 0.157291 -0.061522 -0.807026 -2.716372 0.386868 -0.876753 0.210136 0.488451 0.376540 -0.953094 
0.017982 -0.055373 -0.475491 -0.222689 0.825120 0.259216 0.114599 -0.602123 -0.890129 -0.561716 -0.480884 0.147669 1.065284 0.566213 -2.107972 -0.120187 
-0.009364 0.159108 -0.478065 -0.289598 0.179472 0.399282 0.557781 -0.879929 0.939597 0.065832 0.544157 -0.573555 0.685577 0.144127 -0.110180 -0.805216 
-0.191999 0.004902 0.178885 -0.826868 0.649414 -1.034913 -1.166489 -0.108195 -0.816592 0.724442 -0.119373 -0.216380 -1.163337 -0.113389 -0.069364 -0.021228 
-0.721930 -0.217638 0.182321 0.544511 0.395139 0.208998 -0.355146 0.207322 -0.675177 0.668745 -0.031956 -1.126051 -1.514136 0.208774 0.532522 -1.712942 
0.387096 -0.501223 0.189634 0.851489 -0.293028 -0.041706 0.723928 0.515432 -0.998953 -0.823978 0.086506 0.388734 -0.495357 0.133969 0.113816 -2.150583 
-0.225001 0.781151 0.102919 1.164410 0.009219 0.159233 0.545545 -0.036848 0.015417 -0.005160 0.607598 -4.758868 -0.967423 0.359177 -1.915081 2.049821 
0.098947 0.160074 0.211248 -0.820180 -2.079491 -0.060315 -0.602672 0.386409 -0.259817 -0.212180 -1.781596 -0.745247 -0.340707 -0.131135 0.052030 -0.090191 
-1.126775 0.340795 0.090585 0.371705 0.120129 -0.041055 -0.692547 -0.461165 -1.183042 -0.196205 -0.159234 -0.599099 0.827408 0.132913 -0.236482 -0.696959 
0.269535 -0.346574 0.176116 -0.708134 -2.708398 0.372722 0.085628 0.255052 -1.026794 0.097738 -0.325493 -1.730812 -0.517755 0.209170 -0.275813 -1.753614 
0.324910 -0.462614 -0.516839 0.616410 0.682111 0.349613 -0.534462 -0.119638 0.332812 0.608113 -1.245015 0.429285 -0.463901 -0.695919 -0.686602 -0.664922 
-0.106531 -0.351916 -0.092104 0.332120 0.501604 0.643082 0.609230 -0.447648 -0.211347 -0.327883 0.229958 -0.211832 -1.335233 0.284413 -0.487171 -0.725926 
0.630852 0.497796 -0.193757 -1.457608 -0.324972 -5.469771 -2.917042 0.354014 0.434175 0.014860 -0.386309 0.700187 -0.334797 -4.566841 -2.178051 0.745689 
-0.227857 0.240824 0.430016 -0.722805 0.099832 -4.366603 -2.529571 0.239615 0.464892 0.520150 0.618227 0.389240 1.199451 -0.985386 -0.709818 -0.400286 
