-0.093030 -0.096015 0.380227 0.029245 -0.274008 -0.056938 -0.107816 0.219557 -0.015898 -0.079998 0.131761 0.107204 0.108636 0.056461 -0.097252 0.156869 -0.469547 -0.192905 0.073137 -0.165995 
0.006588 -0.081008 -0.247494 -0.116097 0.255057 -0.160245 0.085272 -0.015144 -0.308423 0.000387 -0.479808 -0.216078 -0.127850 -0.166374 0.184578 -0.274066 0.606838 0.201930 -0.287022 0.291360 
-0.217789 0.124648 -0.468367 0.599208 -0.371021 -0.265206 0.741961 0.040990 0.399054 0.094521 1.040781 0.103469 0.237041 1.011717 0.263299 -0.153208 -0.066741 -0.206776 0.321579 0.043965 
0.155360 0.822964 -0.691305 -1.173930 0.490911 1.130697 -1.111333 -0.249788 1.273906 0.148863 0.757004 0.089724 -0.264156 -0.128314 -0.001838 1.148217 -0.334370 -0.192375 0.865088 -0.314909 
-0.148384 0.566682 -0.735292 -0.073858 0.081818 -0.301063 -0.224625 -0.040553 0.734001 0.044700 -0.434531 0.641430 -1.287768 -0.720351 -0.106678 -0.781797 0.342846 -0.106362 0.713583 -0.466354 
-0.311411 0.544714 -0.346517 0.678351 0.250850 -0.171108 0.514346 -0.223677 0.090132 0.087793 -0.061459 0.029283 -0.588309 -0.935761 -0.323243 -0.672981 0.483986 0.302478 0.636190 0.320803 
-0.626477 0.450149 -0.067135 -0.100739 0.832835 1.159728 -0.100153 -0.438708 0.065761 -0.685602 0.944393 0.129819 0.889238 -1.000150 0.513799 -0.735393 -0.404338 1.647971 -0.270233 -0.179415 
0.714798 0.056537 -0.341531 0.302427 -0.932989 0.344746 0.096981 -1.250443 0.102941 2.254731 0.419617 -0.253694 -0.395865 -1.563294 0.888226 -1.059652 -0.283024 0.776824 -0.002423 -0.224161 
-1.320889 1.498116 0.736541 0.190021 0.875381 0.380524 -0.541633 1.096278 0.032432 -0.862856 -0.114384 0.590731 -2.058269 -0.597284 1.337329 0.842255 0.371480 0.728297 0.977709 0.218366 
-0.224440 0.763251 -0.696444 -0.732965 -0.255626 -0.397479 -1.853114 -0.703240 -1.187629 -0.797380 0.008534 0.452024 -0.215231 1.538659 -0.078246 -0.523891 0.299862 -0.133474 0.073184 1.155266 
-1.370560 2.041920 0.752039 0.075442 0.083493 -0.290759 0.031584 -0.851527 -0.256025 1.250459 1.034789 0.118814 -0.547946 -0.924131 -1.356873 -0.160064 0.464647 1.449647 0.301750 -0.495187 
-0.022365 0.494581 0.130825 -0.359756 -0.212067 -0.340707 1.765594 0.089425 -0.115199 0.148839 -1.154359 -0.377857 0.598276 -2.196227 0.621108 0.892439 -0.197082 -1.212441 0.462274 -0.122471 
-0.169877 -0.707687 0.427802 -0.200336 0.201023 -0.409006 -1.418708 0.278432 0.805513 -0.415974 -0.339352 -0.217442 -0.696678 0.461999 0.781811 -1.521973 -0.711941 -0.381811 -0.637863 -0.759137 
-1.026528 0.050430 -0.037484 -0.788949 -0.988748 -0.748211 -0.829506 -0.513814 -0.684672 -0.294674 -1.784901 -1.995096 0.778692 -0.712230 0.369734 -0.484456 0.219372 -0.298848 -0.006075 0.691328 
-0.538511 0.119191 0.134674 -0.089702 0.407682 0.614522 -0.245309 0.309229 0.463308 -0.437191 -0.066255 -0.876804 -0.525094 -0.789425 0.145080 0.440468 0.520327 1.151028 0.594953 -0.029793 
0.114827 -0.022204 -0.321503 1.599460 0.712571 1.332872 0.009851 -0.983972 -0.038767 0.039211 -0.056032 0.407644 -0.503063 0.382155 -1.646974 0.600452 -0.277157 -0.426568 0.743860 0.357696 
