-0.479434 -0.293727 0.558030 0.838648 0.332689 -0.012592 -0.076731 0.162575 0.396808 -0.846197 -0.289238 -0.045395 0.026746 0.030935 0.245721 1.015116 
-0.438037 -0.360804 -0.661466 0.581268 0.590679 0.400617 0.165033 -0.181462 -1.523821 -0.423028 0.011394 -0.014038 0.771700 0.143494 0.096127 -0.464613 
0.327776 0.094904 0.146050 -0.843494 0.232471 -6.749293 -4.157296 0.264227 0.367830 0.480603 0.030008 0.656502 0.635401 -2.761015 -0.526731 -0.439002 
-0.522890 -0.011531 -0.146406 -0.288494 1.078957 -1.073683 -0.868847 0.037808 0.640086 0.207025 -0.917569 -0.376827 -0.129492 -0.171207 0.296106 0.426371 
-0.156150 0.007180 0.547677 -0.658107 0.991766 -0.009754 0.056554 -0.300570 -1.839049 0.008366 0.563626 -0.288811 -0.581058 0.459481 0.256790 0.203215 
-0.078046 -0.000096 -0.597551 -0.057349 0.399038 0.803320 0.266180 -0.620423 0.238282 -1.073645 -0.783820 0.499279 0.492145 0.156300 -1.928171 0.478731 
0.110628 0.090357 0.003221 0.498111 -1.098616 0.327806 0.424153 -0.097924 -0.791485 -1.496302 0.090109 -0.352669 -3.522027 0.107733 -0.605132 -0.975031 
0.583903 0.099205 -0.000642 -0.550500 -0.610232 -0.120792 0.065584 -0.206625 -0.152531 0.653856 -0.434293 0.155731 0.404945 -0.048957 0.690252 -2.687332 
0.132268 0.105765 0.257483 0.007087 -0.433034 -2.928735 -1.467695 0.251058 -1.100063 -0.894239 0.397283 -0.429835 -0.188123 0.230458 0.350270 0.569635 
0.015213 0.382950 0.079432 -2.651380 -3.943303 0.425040 0.386310 -0.007577 -0.786618 -0.091140 0.373478 0.276803 -0.745876 0.238448 -3.843081 0.084985 
-1.619954 -0.041771 0.155935 0.908112 0.319084 0.506772 -0.104557 -0.252289 -1.645435 0.403494 0.081649 -2.969843 0.049002 0.202614 -0.419069 -2.050258 
0.257768 -1.089395 0.283562 -1.195034 -0.840038 0.423858 0.513647 0.150232 -0.242514 -0.292317 -0.250471 -1.615550 0.203107 -0.168700 0.620407 -0.136586 
0.555306 0.428168 -0.029705 -0.871458 0.697003 -3.089142 -2.143755 0.320036 0.726368 0.907909 -0.099978 0.708024 -1.188849 -1.446306 -0.755463 1.018508 
0.305529 0.235839 0.375524 0.132180 -0.227728 0.266217 0.252667 0.311071 -1.072713 0.270237 0.217833 -0.103646 -3.966501 0.384455 -0.001511 -6.031638 
0.343656 -0.737450 0.162844 -0.214809 -0.157677 0.728639 0.521120 -0.394650 -0.606629 0.520960 -0.212745 -0.941985 -0.393356 0.217046 -3.279377 -0.302896 
0.027716 -0.267285 0.094998 1.135390 0.413012 0.138341 0.312779 0.216413 -0.414530 -1.824159 0.163272 -0.660890 -0.979917 0.356560 0.147537 -2.351214 
-0.152642 0.355961 0.331638 0.779724 -1.556278 -0.009724 -0.802104 0.514247 -0.906899 0.011884 -0.705695 -0.216790 -1.405613 0.224955 0.175646 0.114972 
-0.308595 -0.735314 -0.031485 -0.471031 0.667766 -0.119844 -0.457765 0.057217 -0.721540 1.192941 0.041902 -1.590180 -0.320771 -0.169788 -0.177966 -0.517343 
0.005892 0.281774 0.219881 -3.354498 -1.694030 0.464538 -0.162430 -0.097438 0.555541 -0.704422 0.040751 -0.548907 1.160477 0.122676 0.145959 -0.871966 
0.358141 -0.165841 -0.013400 -1.999516 -1.097894 0.603644 0.732848 -0.099999 0.058904 0.166702 -0.657343 0.101252 0.020147 -0.191730 -0.185249 -0.179561 
