-0.065336 0.091016 0.079264 0.166085 0.243944 -0.476751 -0.163097 -0.154840 -0.069967 -0.031854 0.103911 -0.237347 -0.221316 0.359686 -0.011382 -0.136185 0.095622 -0.289689 -0.071759 0.069553 0.112558 0.402902 
0.091116 -0.486683 0.181977 -0.282379 -0.440487 0.387531 0.159584 0.074266 -0.159470 0.051986 -0.230736 0.296821 0.414906 -0.238550 0.284375 0.174851 -0.254669 0.446485 0.133049 -0.132018 -0.075011 -0.539256 
0.561650 1.118470 -0.538345 0.215407 -0.165379 0.083725 0.059729 0.094841 0.145102 0.720400 0.620841 -0.035407 -0.450643 -0.350766 0.296651 -0.390551 -0.025507 -0.754919 -0.588456 0.158896 0.063268 -0.094294 
-0.674719 0.858980 -0.429520 0.672676 1.480305 0.662158 -0.154724 -0.018102 0.406195 -0.381483 -0.548292 0.033997 -0.635454 -0.518628 -1.149438 -0.353436 0.259242 -0.477110 0.780471 -0.316690 -0.052918 0.462459 
0.063928 -0.326630 0.200818 0.472428 -0.525489 0.164439 0.596064 -0.262215 -0.842102 -0.840710 -0.228984 -0.675684 -0.129845 -1.126369 -0.316654 -0.474085 -0.036971 1.015341 -0.069331 -0.411982 -0.060184 -0.151967 
0.386490 -0.039065 0.367375 -0.235963 -0.413687 -0.099576 0.597919 -0.160439 -0.058069 -0.293272 0.244784 0.108719 -0.107676 -0.531285 -0.627164 0.483762 0.114675 1.107358 -0.066910 -0.057298 0.143484 0.042981 
0.030960 0.597509 -0.401845 0.041297 -0.083592 0.208528 1.227765 0.636969 1.505109 -0.548762 0.549549 0.572174 -0.597091 0.322198 -0.557586 0.667795 0.039101 -0.169842 0.374489 -0.081353 0.166752 0.285242 
0.068292 0.070242 0.227302 -0.389511 -0.490968 -0.137206 -1.131394 -0.200759 0.720744 -0.433561 -0.648434 1.153835 -0.601730 -0.301871 -0.666903 0.131267 -0.146874 0.682555 -0.952753 -0.246940 -1.533165 0.486876 
0.042149 0.362394 -0.469288 0.236942 1.290634 -0.391308 0.101835 0.171132 0.360320 0.398754 -0.952620 1.028917 0.495788 -0.531432 -0.240040 -1.134368 1.006828 1.239351 0.635234 0.131008 0.674098 0.474946 
-1.352153 -0.278669 1.978761 1.261732 -1.014956 0.123296 0.214756 0.111072 -0.197882 0.450733 -0.937583 0.447133 0.536465 0.072434 0.349078 -0.557346 0.382964 -1.503534 -0.088065 -0.936214 0.243719 -0.794424 
0.304581 1.010604 -0.088581 0.262166 0.056968 -0.612866 0.056731 -1.027102 2.056723 -0.505131 -1.085199 -0.953723 0.793425 0.271132 -0.023214 1.598078 -0.785247 0.777420 0.184980 -0.806247 -1.548919 -0.360034 
2.027169 -0.726679 -0.754986 -0.827212 -0.324008 0.098034 -1.295831 -0.138073 -1.731450 -0.023541 0.982082 0.192733 -0.803371 0.253348 -0.876652 0.708624 0.857889 1.594083 0.379626 0.700230 1.068777 0.346161 
-0.566341 -0.732684 0.416179 1.058102 -0.551511 -0.207746 0.636410 -0.468580 -0.179835 -1.210474 -0.588055 0.827893 -1.063629 -0.425182 1.147874 -0.122230 -0.830718 -0.862224 -0.483260 0.952841 -1.201813 1.265933 
0.733509 -1.029618 0.777597 0.984179 -0.348879 -0.515645 0.549483 -0.943909 -0.893505 0.047716 -0.092721 0.915984 -0.312797 0.451429 -0.106001 0.578745 -1.324414 -0.370063 1.514845 -1.045934 0.994214 -0.004430 
2.128139 -0.504047 0.789820 1.665837 0.140057 -0.112731 0.983116 1.504664 0.963196 0.049499 -0.188358 0.695274 0.173799 -0.326873 0.292863 -0.974086 -2.290191 0.513860 1.643196 -0.105422 0.483498 -0.816273 
-1.009247 0.732776 -0.526567 0.973727 -0.118727 -0.015334 0.617326 0.893633 0.459987 0.705651 1.684984 -0.613508 0.351053 -0.472576 -0.356959 0.478244 0.173831 0.264458 0.970171 -2.373544 0.005028 0.633866 
