0.004587 -0.070011 0.083955 0.412394 -0.078524 0.726872 0.375680 -0.063585 -0.529233 -0.999251 0.071909 0.099370 -2.374335 0.413063 -0.667789 0.224253 
-1.480166 0.277669 0.248797 0.054565 0.059401 0.137852 0.135027 -0.629195 -1.424541 -0.300341 0.245929 -5.041954 0.833310 0.357820 0.443585 -0.744918 
0.725537 0.336287 0.140154 0.391142 -0.413716 -0.679996 0.482230 0.308868 -0.022030 -0.202050 -0.102117 -0.298891 -0.538507 -0.713690 -2.217061 0.624994 
0.379352 0.744074 0.236465 -0.786072 -1.427674 0.222870 0.204995 0.414841 0.166836 -1.170210 -0.344095 0.563960 0.770177 0.263876 -0.432234 -0.005310 
0.034324 -0.182562 -0.247655 1.289890 -0.081631 -1.379911 -0.875154 -0.011302 -0.044373 -1.051292 -0.289581 -0.222651 -0.847974 -0.049592 -1.175272 -0.007979 
-0.234490 0.009724 0.357595 -0.070750 0.950363 -2.011592 -2.392458 0.277572 0.115727 0.343890 -0.735390 0.353128 0.660676 -0.489171 0.010139 0.275507 
-0.013543 0.191254 0.493344 0.323871 0.309984 0.615061 0.419539 0.379988 -0.946100 -0.508435 0.579103 0.035773 -3.768284 0.418764 0.633959 -2.864187 
-0.115264 0.145761 -0.495270 0.589407 0.296045 0.283987 0.430979 -1.566542 0.718705 -0.041569 0.049792 -0.162212 0.166908 0.017687 -0.145641 -0.358290 
-0.399985 0.115828 -0.359110 0.290943 0.563065 -0.430629 -0.745918 -0.394463 0.887900 1.245797 -0.077108 -0.787705 0.765049 -0.458412 -0.812271 -4.000404 
0.233702 -1.916327 0.108191 0.252358 -0.277601 -0.724159 0.010125 0.187305 -3.494630 -0.517296 -0.139646 -3.826577 -0.712677 0.083262 0.187574 -3.281444 
0.000118 0.307298 -0.146620 0.571513 1.059193 -0.528679 -0.410440 0.152989 0.618976 0.370946 -0.702825 -0.312112 -1.865846 -0.441188 0.137012 0.906803 
0.406391 -0.551919 0.267133 -0.796310 -1.231553 0.843219 -0.316129 0.207059 0.591646 0.338352 -0.412067 -0.156146 0.020943 0.243681 -0.676408 -1.017829 
-0.083428 -0.893808 0.489871 -0.171447 -0.428047 0.232655 -1.689140 0.336377 -0.171865 -1.167976 0.681534 -0.129602 -0.307459 0.521119 0.738737 -2.611681 
0.642955 0.372231 0.246505 -2.097484 -0.451400 -7.147747 -3.833473 0.448230 -0.032393 -0.111447 0.401308 0.485755 -0.101637 -3.016814 -0.215253 0.458203 
0.017471 0.066329 -0.166422 -0.736332 -0.569475 0.355763 -0.003166 -0.446508 0.153664 -1.233940 -0.191993 -0.299231 1.323171 0.195439 -1.937882 -0.088875 
0.314466 -0.607892 0.309524 -0.521525 -0.205062 0.273641 0.507078 0.191786 -0.768314 -0.256283 0.160648 -1.857182 -1.749234 0.129572 0.732573 -3.046892 
0.115272 -1.042185 0.187798 -0.504635 -0.054260 1.052650 0.668501 0.257310 -1.513294 -0.494199 0.467666 -1.693276 0.556982 0.527624 0.493407 -0.879515 
-0.267989 -0.034712 -0.054485 0.223903 -0.079879 -0.282907 -0.202152 -0.220712 -1.847761 0.857475 0.120120 -0.154350 -2.740610 -0.125912 -0.423199 -1.401089 
-0.576295 0.048120 0.226090 0.421273 1.217596 0.413917 0.306109 -0.081720 -2.291743 -0.284163 -0.122194 -1.139302 -1.227870 0.534313 0.155011 0.288781 
0.127876 -0.072200 -0.491392 -0.569086 0.495103 -0.480249 0.218119 0.370098 0.754096 0.535996 0.182364 1.050394 0.825102 -0.054955 -0.865320 -1.562546 
0.295251 0.480407 0.340861 -1.893194 -1.616596 0.443751 0.538347 -0.412424 -1.479476 -0.079667 0.486134 1.153746 -2.790932 0.349508 -1.504661 -0.363769 
0.064916 0.407734 -0.027379 -0.103078 -2.215734 -0.104771 -0.905225 0.072807 -1.118311 0.647978 -2.915028 0.070171 -1.093336 -0.057633 0.144662 -0.879687 
