-0.126474 0.103066 0.339386 0.120432 -0.043574 0.149939 -0.183248 0.314491 0.219107 0.227988 0.359340 -0.131834 0.101645 -0.344101 0.123217 -0.020317 0.066694 0.238437 0.009379 0.136557 -0.209234 -0.240153 -0.033568 -0.048234 
-0.041672 -0.312607 -0.609207 -0.148724 0.166271 0.004429 0.299807 -0.337332 -0.282122 -0.202825 -0.423598 0.230533 -0.224132 0.199346 -0.184176 0.292634 0.207445 -0.547095 0.246926 -0.410087 0.298952 0.209013 0.070188 0.161513 
0.437860 0.273078 0.767068 0.467845 -0.206382 0.056119 -0.883918 -0.470479 0.675604 -0.403013 -0.322618 0.191334 0.680609 0.284719 -0.554140 0.240957 -0.075283 0.156833 -0.596189 0.365265 -0.246909 -0.070546 -0.135196 -0.398829 
0.396715 -0.537274 0.294666 0.107282 0.296174 -0.409737 -0.364852 0.519979 -0.423287 0.592153 0.752947 -0.313390 -0.020366 0.773802 1.365922 -0.291828 -0.865192 1.317496 -0.845300 1.140035 0.019534 0.097297 -0.046551 -0.860703 
0.455033 -0.251981 -0.321562 -0.846937 0.649764 -0.098961 0.273544 0.083015 -0.180764 0.412087 -0.226772 0.186005 0.261304 1.216265 -0.117031 0.257048 -0.137219 0.016571 0.540901 0.591579 -0.564383 -0.738427 -0.088890 -0.070997 
-0.138965 0.415461 -0.311012 -0.665957 0.084420 0.147554 0.503124 0.146630 0.178422 -0.277769 -0.202850 0.382951 0.389943 0.496056 -0.792473 0.239504 -0.808353 -0.051450 0.319786 0.158258 -0.172343 0.081636 -0.482142 -0.265801 
-0.185273 0.544753 -0.044675 -0.934013 -0.146100 -0.461952 0.017214 0.450277 0.086024 -1.464060 0.192528 0.424319 -0.911925 -0.389469 -0.371138 -0.148191 -0.298530 0.565948 0.379509 0.304019 0.461039 0.263538 -0.909365 -1.116491 
-0.186127 0.091773 0.816073 -1.103929 0.391125 -0.561194 0.330173 0.281274 -0.023956 -0.074115 -0.472301 -0.900392 1.351877 0.106328 0.151428 0.237163 -0.452047 -0.169445 0.395421 0.990949 0.559772 0.359004 1.301743 0.048697 
1.822412 -0.960041 -0.670654 0.716412 -0.942690 -1.094979 1.115904 0.068457 1.228504 0.213614 0.952399 1.642981 -0.506070 0.430000 0.184071 -0.905636 -0.015958 0.328220 -1.111545 -0.823819 0.114086 0.095666 -0.545135 0.525225 
-0.643790 -0.912572 -0.522806 -0.681500 1.477422 1.093373 -1.380575 0.750554 -0.003753 -0.328889 -1.426123 -0.239019 0.347102 0.402082 1.049918 -0.167928 0.320721 0.001845 0.769291 0.108595 1.694785 -0.942994 -0.465363 0.424658 
0.004548 -0.826843 -0.297810 -0.386654 -0.415087 0.771545 1.187713 -0.824953 1.851474 -0.819040 0.142728 -1.693302 1.054994 -0.253113 0.129602 -0.433229 -0.191408 0.870335 -0.446520 -0.760886 -0.398077 -0.198356 0.873721 -1.062853 
-0.603709 0.506383 -0.833838 0.648841 1.132848 0.320567 -1.030900 0.842405 -0.358289 -0.824462 0.499920 1.089683 -0.076586 0.184342 -2.025273 -0.965921 -0.593415 -0.618051 0.081976 0.326609 -1.033276 1.240631 -0.755800 0.172877 
0.717321 -0.411103 0.535773 -1.220974 -0.396310 -0.195530 0.721704 0.501844 -0.372245 -0.758646 0.906052 -0.825453 -1.293604 0.331453 0.295834 0.973002 1.163348 -0.444643 1.253824 -0.757410 0.026114 0.312580 -0.206693 -0.164948 
-1.071518 -0.238386 -1.548289 -0.078178 0.899968 1.330790 -0.692977 1.775936 0.874313 -0.974357 -0.689164 1.126515 -0.349960 -0.770846 -0.562935 1.452496 0.102806 -0.646209 0.861703 0.631025 -0.510789 1.077250 0.036660 0.541914 
-0.654119 0.360340 -0.161819 -0.679481 -0.858735 -0.258195 1.581499 -0.104796 -0.661239 -0.362750 0.622144 1.624256 -1.040524 0.159631 -0.771478 1.275414 0.660941 0.749676 0.159295 -0.126467 -0.273836 0.118682 -0.777358 -1.037553 
0.739596 2.223467 0.421025 -0.722596 0.441693 -1.092480 0.440345 0.347198 -0.073118 1.081421 0.130043 -0.728099 -0.741269 0.597080 -0.350893 -0.698087 0.302502 0.816327 -0.853772 0.494160 -0.424002 -0.394908 0.058720 0.099618 
