0.133446 -0.199347 -0.025799 -0.318831 0.169330 0.666898 0.661726 -0.185061 0.479609 0.110855 0.311644 -6.018102 -0.211481 0.288866 0.505974 -0.283138 
0.225139 0.073744 0.180180 -0.078138 1.094112 -0.525559 0.026753 0.270604 0.577895 0.542341 -0.425349 -0.286707 -1.029126 -0.550692 0.422306 0.192039 
-0.903274 -0.038337 0.295833 0.513262 -0.310629 -0.130549 -1.126660 0.317122 -1.754071 0.368678 -0.198065 -0.661600 -1.635439 0.294502 0.573904 -0.913368 
0.534247 -0.483032 -0.049913 -0.590991 -0.181941 -0.372102 0.431358 0.134268 -0.668365 -0.820222 -0.200104 -0.406829 -2.722739 0.143086 0.195780 -3.289341 
-0.113596 0.198236 -0.676835 0.362909 0.408683 -0.963827 -0.782902 -0.491264 0.556462 0.305926 -0.034902 0.422335 0.591597 -0.451000 -0.979221 -1.285951 
0.348083 -0.012736 -0.368725 -0.202086 1.041435 0.804868 0.466499 -0.847634 0.310694 0.247715 -0.552751 0.243725 -0.192006 -0.420760 -0.996260 0.742478 
-0.532554 -0.598214 -0.094991 0.132024 0.258827 -0.431673 -0.905618 -0.350078 -0.609121 1.039027 -0.003825 -2.460061 -1.182242 -0.231665 -1.216271 -0.400981 
0.102334 0.206298 0.250320 -0.529570 -1.746164 0.689943 0.261054 0.056988 -0.624378 0.058515 -1.235781 -0.125617 -2.037956 0.353386 -1.147452 -0.334601 
-0.751179 -0.329726 0.184565 0.163899 0.349450 -0.070866 -0.743918 -0.335545 0.015340 0.049768 -1.301114 -0.258294 0.431936 0.171392 0.126981 -0.373450 
0.230946 -0.845328 0.052408 0.533126 -0.105376 0.040863 0.312448 -0.066111 0.205605 0.883933 -0.813485 0.972034 -1.261735 0.001752 -0.610317 -1.368812 
0.193776 -0.070405 0.131764 0.692970 0.215058 -2.235105 -1.610077 0.324287 -0.233278 -0.048400 -0.639359 0.594173 0.492090 -0.088194 -0.073672 0.339869 
0.186265 0.139594 0.059789 -0.450513 0.120312 0.463650 0.326434 -0.566528 -1.585662 0.267958 -0.376990 0.403688 -2.526604 0.274531 -1.670325 -0.859953 
0.127943 0.380575 -0.038354 -1.529512 0.251906 0.257156 0.632225 -0.337364 -1.094971 -0.952064 0.542690 -0.242491 0.748968 0.223621 -0.795478 0.452392 
0.329519 0.329075 0.187668 -1.331585 -0.526493 -9.559506 -4.142121 0.420565 -0.035468 0.130492 0.122931 0.379311 -0.123640 -3.995609 -0.984479 0.353660 
-0.061407 0.214357 0.015050 0.997178 0.087223 0.023966 0.095059 0.199835 -0.638559 -1.279943 0.318972 -0.582411 -2.218440 0.190172 -0.183690 0.392996 
0.288731 -0.881778 0.048106 0.325746 -1.090040 0.467512 0.635790 0.361265 -0.672645 -0.265992 -0.232477 0.303802 0.456989 0.128481 -0.043962 -1.210353 
-0.034269 0.000732 -0.242480 -0.215126 -1.231920 0.540694 0.266952 -0.654833 -0.399933 0.097549 0.142876 -1.321761 0.016025 0.469711 0.022639 -3.117323 
-0.135217 0.562862 -0.421512 -0.323846 -0.436821 0.619414 -0.632263 -0.365716 0.343828 -0.185736 -0.354145 0.568044 0.669370 -0.015622 -0.477371 0.200082 
-0.813137 0.302695 0.293737 1.210012 0.145023 -0.087890 -0.428297 0.150350 -1.028966 -1.438630 0.265301 -2.272090 0.315531 -0.169036 -0.211088 0.051375 
0.055434 -0.234840 0.382254 -0.633964 -0.266757 -0.226633 -0.162547 0.450996 0.271812 -1.485518 0.051854 0.085831 1.073842 0.222224 0.569506 -0.532766 
0.471025 0.202739 0.152224 -1.881960 -1.602393 0.371662 0.253907 0.175096 -0.437116 0.428138 0.105032 -2.318602 -0.545747 0.117544 0.028547 -0.879411 
0.420388 -0.401263 0.288753 -1.161757 -0.647342 0.060745 -0.062950 0.187053 0.134688 -0.282129 -1.244303 -0.502701 0.533946 -0.346415 -0.106411 -0.131417 
-0.174013 0.231639 0.306965 -0.632668 -0.927107 0.193212 0.272586 0.491830 -1.202044 -1.411846 0.662388 0.457398 -1.432734 0.032317 0.706446 0.810079 
-0.411148 -0.710858 0.370793 0.563033 0.903548 -0.047971 -1.601070 -0.302894 -1.797398 0.191846 0.444742 -1.141886 0.168056 0.161801 -0.158195 -0.990297 
