-0.065800 -0.075945 0.221136 -0.133855 0.136713 0.234005 -0.005648 -0.038379 -0.059201 -0.185097 -0.015346 0.272374 0.344543 0.194210 -0.507835 0.175814 -0.167516 0.308961 -0.186961 -0.131142 -0.043689 0.035487 0.141143 0.117095 0.225763 0.235618 
-0.111700 0.136835 -0.088974 0.086949 -0.352344 -0.321468 0.139333 0.064430 0.216024 0.120636 0.189665 -0.205163 -0.379553 -0.397844 0.500050 -0.480095 0.095700 -0.351372 0.056859 0.313168 0.224299 0.178712 0.105688 -0.180763 -0.456280 0.029878 
0.364490 0.137150 -0.243110 0.635567 -0.009518 -0.076561 0.299480 -0.822893 0.544219 -0.184263 -0.368105 0.276324 -0.315714 0.230309 0.069139 0.976885 0.015449 0.499410 0.731375 -0.589122 0.413296 -0.292381 0.187216 -0.153632 0.867796 -0.557574 
0.682919 -0.657082 -0.508725 -0.332108 0.412014 0.410278 -0.400942 0.408967 -1.162749 0.113829 -0.507117 -0.137152 0.220059 1.257356 0.170954 0.637248 -0.116161 0.372102 -0.382899 -0.709792 -0.994033 0.483314 -0.444530 0.233163 -0.050070 -1.088069 
0.049871 0.264617 -0.871649 -0.382653 0.041485 0.238330 -0.426676 0.407919 0.439980 0.786694 0.379753 0.095587 -0.268490 -1.058716 0.129614 -0.495808 -0.190004 -0.822125 -0.756237 -0.674003 -0.065401 0.367927 0.822763 -0.757121 -0.369333 -0.583870 
0.134117 0.794185 -0.208263 -0.009265 0.198329 0.218229 0.074189 0.364591 -0.160412 0.474831 -0.073966 -0.148749 -0.314945 -0.922071 -0.013844 -0.087746 -0.025028 -1.030731 -0.077114 -0.107581 -0.032834 0.027010 0.099218 -0.349964 0.020473 -0.202296 
0.583075 0.451105 0.567897 1.871624 0.830615 -0.437978 0.164901 0.403851 -0.534326 0.687421 -0.270433 -0.953087 -0.129698 -0.623051 0.080194 0.493224 -0.583827 0.062358 0.781659 -0.139205 -0.219279 -0.307232 -0.894234 0.384751 0.124516 -0.556520 
-1.046806 -0.716070 -0.051698 0.567920 1.158455 -0.812846 -0.614190 0.041616 0.028455 1.161814 -0.858181 0.578217 0.753532 -1.030303 0.080412 0.686199 2.178659 -1.360785 0.544479 -1.171422 0.326522 0.581366 -0.044995 -0.696456 0.242034 -0.416899 
1.465563 0.293590 -1.529454 0.475136 0.457293 -1.843121 -0.007300 -0.868940 -0.523424 -0.611547 1.328363 -0.713008 0.322409 0.827299 -0.814059 0.444049 -0.885156 -0.794755 -0.063219 1.084915 -0.739131 1.378626 -1.544658 0.015246 -1.585089 0.227239 
-0.454003 -1.561538 0.634372 1.175122 0.507566 -0.394740 0.128424 -1.026402 -0.097968 0.155689 -0.606888 1.678170 0.134491 -1.138211 0.061721 -0.312298 -0.955133 1.312660 -0.371113 0.468546 1.983765 1.465057 1.511229 -1.028823 -0.279185 -1.009364 
1.323249 -0.035485 -0.212674 0.474928 0.271358 1.228707 0.789344 0.356944 0.487367 0.521188 -1.116452 0.937085 -0.368724 0.267755 -0.678021 1.411268 1.116991 -0.596249 0.241350 0.987293 -0.629129 0.278052 -1.411555 -0.203247 -0.609396 0.055539 
-0.744693 2.094109 0.741684 -0.044543 0.768271 0.111539 -1.313392 -0.151251 -0.079007 -0.492553 0.401681 -0.181636 0.493893 -0.284484 0.083637 -0.790010 0.268973 -1.235942 0.688666 0.418410 -0.635921 -0.374282 1.650798 -1.564702 -0.392795 0.183737 
-0.140326 -1.353813 -0.660651 0.021211 0.681879 -0.747276 0.119843 0.677016 1.158029 0.511242 -0.270544 -0.709610 0.516011 -1.122148 0.099568 -0.012908 -0.037098 0.463057 0.161770 -0.303698 -0.495256 -1.465933 0.178126 0.171902 0.354713 0.806247 
0.610630 1.726918 0.202694 -0.359247 1.355833 -0.650575 0.055051 -0.542662 0.778317 -0.190497 -0.808757 2.095469 0.385512 -0.134113 -0.674891 -0.941379 0.020846 1.274071 0.633823 -0.844896 0.496909 1.247572 1.071795 -0.206449 -1.536404 -0.257524 
0.149627 2.382569 -0.367350 -0.357755 -0.041413 -1.506362 1.489540 1.488007 1.947721 0.201914 0.042046 0.275600 0.432013 -0.567372 0.215229 -0.780684 -0.609558 -0.294889 -0.548740 -0.271036 0.087184 0.579574 -0.202562 -0.636160 -0.153679 0.259963 
1.013422 0.209298 0.132695 -1.386378 0.713241 0.845243 -1.128976 -0.227635 -0.612996 0.960560 0.429543 -0.332366 0.081324 0.585110 0.505280 0.214818 -0.025597 0.405432 0.210710 0.880325 -0.136391 0.017031 -1.309229 -1.122748 0.370914 -0.640620 
