-0.553728 -0.056317 0.187845 0.103654 0.439907 0.769856 0.642668 -0.731461 -0.027634 -0.517724 0.670047 -1.454471 0.104599 0.228475 0.308315 -0.693102 
0.018885 0.178125 0.115883 0.398748 0.190220 0.349247 0.343989 0.091506 -0.077372 -0.745734 -0.372255 0.321684 -4.077922 0.212743 -0.602522 0.337011 
0.657502 0.506917 0.293491 -3.658343 -0.041634 -4.087180 -2.392862 0.512058 0.172421 0.153821 -0.114232 -0.074612 -0.529715 -2.314984 0.252525 1.094598 
-0.268179 -0.560015 -0.076257 0.672307 0.998854 0.216796 0.068892 -0.339122 -0.688138 0.812427 -0.554724 -2.085583 -1.773230 -0.006478 -1.139901 0.425857 
0.086075 0.112726 0.143241 -0.767024 -1.766419 0.745465 0.468471 -0.143211 -0.045982 -0.560966 -1.109543 -1.166427 -0.273123 0.283361 -0.864549 -1.489523 
0.269705 -0.450295 0.180794 -1.354203 -1.084874 0.844736 0.747273 -0.431291 -0.897811 0.094957 -0.088098 -1.169092 -0.741058 0.503839 -1.979109 -0.549632 
0.007145 -0.963488 0.359233 -0.536342 -0.068328 0.335963 0.632140 0.309739 -0.575936 0.206620 -0.260930 -1.222043 0.449939 -0.022493 0.843707 -3.755488 
-0.412964 -1.819662 0.283263 0.199123 0.814714 0.396996 -0.396384 0.046427 -2.747453 0.020519 -0.291351 -5.100551 0.090883 0.422407 0.462716 0.165857 
-0.075502 -0.560828 -0.128956 0.750016 -0.984374 0.896430 0.609363 -0.246029 -1.288187 -0.924375 -0.548567 -1.510318 -0.015415 0.755249 -0.221206 -1.581776 
0.742812 -0.048640 -0.215127 -1.195376 0.314107 -0.349736 0.728218 0.197174 -0.590965 -0.020049 0.232175 0.615337 -0.784002 0.084260 -0.335000 -0.383566 
0.512183 0.026110 -0.363348 0.412599 0.021687 0.238668 0.342548 -1.046164 0.523988 0.864415 0.332365 0.434463 -0.377473 0.092259 -0.158736 -1.456613 
0.065343 0.312036 0.338330 -0.910331 0.852548 -0.542491 -0.388623 -0.472174 -0.507642 -0.732577 0.175646 -0.031468 0.594577 -0.718974 -1.356651 0.766759 
0.105496 0.205138 0.220306 -0.079147 -1.891478 -1.094785 -2.018686 0.486208 -2.668051 0.114241 0.462856 -0.232430 -1.783454 -0.164886 -0.405868 -0.774733 
-0.228374 -0.319442 0.003925 1.072083 -0.209291 -0.992947 -0.427162 0.082357 -0.491270 -1.346145 0.005919 0.091919 -0.871337 -0.534370 -0.117734 -0.471884 
-0.132854 -0.149553 0.136639 -0.260009 0.295168 -1.965221 -4.560514 0.097445 0.434382 0.418444 -1.790914 0.543586 0.313934 -0.910920 0.630486 0.179992 
-0.710790 0.710053 0.151957 -0.096197 -0.466076 0.462502 -0.071042 -0.528164 -2.035052 -0.077196 -0.273800 -0.205297 1.189359 0.404974 -0.070469 -0.666550 
-0.159744 0.268776 0.134999 -2.387262 -3.732708 0.222552 0.213799 0.082413 -0.634309 -1.070092 0.042635 0.225933 -0.197639 0.168027 -0.880073 -3.424065 
0.193482 0.456382 0.165345 -0.044184 -0.727238 0.419718 0.497711 -0.199700 -0.835318 1.054865 0.378072 0.027889 -2.576613 0.325480 -0.187009 -0.575910 
0.734763 -1.110065 0.261121 0.721953 -0.696699 -0.627796 0.065577 0.168916 -0.005444 -0.345722 0.731622 -1.374581 -0.289143 -0.103096 0.067071 -0.557248 
0.091022 -0.479631 0.421603 -0.543815 -0.831521 0.428371 0.419918 0.312658 -0.355007 -1.300305 0.335307 -0.402577 -0.158581 0.679218 0.533723 -1.225854 
0.490282 -0.286333 -0.185890 0.442898 0.170049 -0.967237 -0.828804 0.212480 0.933721 -0.605090 0.688118 -1.204655 -1.193466 0.170714 -0.450699 -0.457759 
0.312242 0.330557 -0.196699 -0.434739 0.274362 -0.293002 0.060483 0.276079 0.460665 -0.200367 -2.014810 1.001240 0.133367 -1.163266 -1.227532 -0.879671 
0.023776 0.223754 -0.263380 -0.626644 0.319730 -0.686706 -2.451729 -0.165687 0.305705 1.193986 -0.891188 -0.636941 0.262698 -0.727750 -0.183708 0.170900 
0.233817 0.224934 -0.456775 0.336698 -0.655500 -0.071812 -0.416025 0.524182 -0.720142 0.220101 -1.841871 0.564247 0.090918 -0.278376 0.256181 1.368389 
-0.749270 -0.302709 0.114645 0.787297 1.021789 -0.465749 -0.161279 0.263629 -0.824018 0.474100 -0.046934 -0.458895 -1.973670 0.191688 0.303558 -0.932307 
-0.014068 0.227440 0.012120 -0.565609 0.417734 -2.496804 -3.444772 0.020899 0.702118 -0.202842 0.380313 0.489759 1.296081 -1.366807 -1.567344 0.021246 
