-0.117562 -0.043171 -0.226126 -0.096700 -0.223070 0.111641 0.180119 -0.196687 0.028641 0.354653 -0.089540 -0.209543 0.020548 -0.456974 0.057795 -0.145043 -0.447551 -0.014101 0.221977 -0.008533 0.124340 0.102709 -0.039686 0.040552 0.047233 0.413290 -0.295687 0.163637 
0.095765 0.026058 0.533974 0.088643 0.133966 0.167209 -0.403337 0.402473 -0.060183 -0.404608 0.299289 0.178628 0.326755 0.304983 0.162809 0.223123 0.500190 -0.041396 -0.131440 -0.147829 -0.400528 0.026870 -0.152909 -0.021373 -0.131765 -0.588215 0.303924 -0.321879 
-0.640982 0.582262 -0.914911 0.058143 0.104963 0.137816 0.337339 -0.732785 0.182319 0.705827 -0.078633 0.061970 -0.366045 0.211574 0.452923 -0.284489 -0.171198 0.200607 -0.421162 0.545786 -0.189527 -0.579531 0.135822 0.722259 0.693718 -0.124925 0.200557 0.544706 
0.195374 0.020433 -0.611335 0.101147 0.268867 -0.349717 0.888864 -0.210668 0.016102 -0.116081 0.147428 0.125392 -0.982393 0.566141 -1.605698 -0.559031 -0.072020 -0.264057 -0.894064 0.217776 1.295150 -0.058859 0.308111 -0.701809 0.195737 0.799357 -0.225472 -0.518747 
0.570348 -0.398986 0.426014 -0.679502 0.121091 0.411430 0.477344 0.435448 0.036789 -0.169092 -0.188795 -0.185904 0.342334 0.425595 0.254815 0.449777 -0.203504 0.074882 -0.496252 0.066996 0.459933 -0.230549 -0.808731 -0.889834 0.350661 -0.695472 0.922148 -0.387941 
0.530753 -0.208741 0.449370 0.752253 0.283893 -0.270103 0.177571 -0.076645 -0.205517 -0.188198 -0.115336 -0.216233 -0.611519 0.172077 0.199849 0.724146 -0.150543 0.270434 -0.038932 0.207158 0.030400 -0.747227 -0.069662 -0.333697 0.119552 -0.871115 0.654081 0.410445 
0.172641 1.578656 -0.124265 0.608519 0.044506 -0.871785 0.438510 -0.604656 -0.264350 -0.762104 -0.361423 0.647459 -0.940446 0.108512 -0.729384 0.817912 -0.494810 -0.736117 0.241514 0.135531 0.119778 -0.908474 1.173543 -0.771479 -0.507501 0.131146 -0.004316 -0.158954 
1.119520 0.102752 0.146960 0.678224 0.725795 0.015508 1.219835 -0.309924 -0.805032 0.429366 0.182063 0.732293 0.112376 -0.222379 0.628361 0.332679 0.485521 1.970626 -0.158553 0.432450 0.462150 0.065267 0.433705 -0.447173 -1.666570 1.056018 0.797905 0.087879 
1.284540 0.595931 0.870977 0.437348 0.646035 0.775429 -0.809043 -1.320445 1.500610 -0.150199 -0.192981 0.663197 -0.135982 0.658037 -0.184893 -1.556606 -0.078667 -0.435838 0.310547 0.440789 0.400393 -0.324949 -0.693113 -0.383226 0.438128 -0.101513 -0.454766 -0.758732 
-1.607016 0.353521 -0.061857 0.865059 0.131248 2.007557 -0.481665 0.164699 -0.553817 1.273407 -0.599323 0.528176 0.329939 -1.728263 0.828856 -0.504576 -0.054188 -1.006945 -1.197840 -1.636425 0.619568 0.128040 0.317920 -0.419451 0.509455 0.686016 0.692857 -1.617406 
1.644096 1.224683 0.500034 -0.773311 -0.211285 0.301128 -0.745152 -2.117690 0.151341 0.133052 -0.640851 -1.892491 -0.306998 -0.476700 -0.187422 1.582757 0.135212 1.102504 0.392552 0.171022 -0.013380 -0.751156 1.333572 0.659393 -0.869466 -0.214866 0.156410 -1.108526 
0.294235 0.136368 0.966588 -0.080089 -0.031360 -0.827240 -0.027851 0.941766 -0.421321 0.216422 0.513229 0.185175 -0.091357 -0.859381 0.611447 -0.696896 -1.104942 0.696787 -0.648626 1.252611 -0.522678 0.044667 -1.604924 0.810674 -1.900156 -0.499655 0.522267 1.447297 
0.305782 0.221008 0.167734 0.370838 0.145574 1.243925 -0.209283 -0.127204 -0.026925 -0.788266 1.150393 0.193893 1.213621 0.644949 1.169612 0.838337 -0.339175 -0.680397 0.816740 -0.655029 -0.253783 0.043939 -0.221527 -1.210625 -0.454789 1.016802 -0.096262 -0.317881 
-1.058939 0.373718 1.516706 1.488986 -0.398642 0.203779 0.500642 0.492478 1.594749 0.953090 1.255849 -0.688916 0.258739 -1.230272 0.041698 0.720361 -1.081664 -1.165027 -0.451831 1.150407 0.142121 0.738282 -0.627329 -0.206500 -0.024167 0.284227 0.089178 -0.245569 
0.409941 0.640938 0.595325 0.406088 -0.594762 0.680589 -0.223611 -0.150866 0.111493 -1.037941 1.566967 -0.919866 -0.180991 -0.869589 0.070701 0.468753 -0.304826 -0.964203 -0.040124 2.565114 0.533784 -1.231246 0.603436 -0.912149 0.685115 -1.104025 0.260534 0.344396 
0.931816 -0.511865 -0.376669 -0.534758 -0.677470 0.324406 -0.554736 -0.297107 1.065140 -0.816918 -1.653013 0.158616 -1.067551 -0.367645 0.561863 -0.064466 -0.354090 -0.513755 -0.275352 0.046710 0.982320 -0.067030 -0.017718 0.318927 -0.528324 0.455590 0.836389 0.292972 
