-0.007195 -0.440653 -0.341656 -0.122112 0.188687 -0.209084 -0.400748 -0.336735 -2.056080 1.234517 -0.344297 0.124301 -2.063547 0.425577 -1.425979 -0.088152 
-0.183674 -1.538485 0.151818 0.251653 0.376547 -0.651805 -0.981160 -0.738288 0.097835 0.549900 -0.356602 -0.478626 -0.148485 -0.335639 -4.497991 0.115539 
-1.050369 0.370167 0.304520 0.986412 0.269163 0.150527 -0.037485 0.188059 -0.802991 0.136392 0.320468 -0.486842 -0.894701 0.384007 -0.199429 -2.758352 
0.430839 -0.248414 0.200419 0.070006 -1.253493 0.214269 0.427553 0.086179 0.176497 0.319884 -1.752038 -0.507594 -0.374360 0.079938 -2.762555 -0.656044 
-0.001215 -0.148125 -0.396389 -1.008526 -0.938770 0.523038 0.347992 -0.361224 0.431724 0.176736 0.227227 -0.380985 0.978147 0.274538 -0.004094 -0.578202 
0.468330 0.307401 -0.072122 -1.850445 -0.419291 0.165067 0.420964 0.262842 0.303560 -0.302400 -0.703609 0.326848 0.391968 -0.037011 -1.459349 -0.482547 
-0.059994 -0.721249 0.355725 -0.930575 -0.424617 -0.468379 -0.277841 0.151563 -0.290928 -1.047130 0.317095 -0.554600 0.414639 0.329062 0.906463 -1.663947 
-0.675175 0.337732 -0.169711 0.215397 -0.322752 -0.762173 -1.712414 -0.035065 -0.431106 0.060234 -1.660604 0.011374 1.117152 0.015808 0.610349 -0.692578 
-0.292254 0.101277 0.236280 0.174025 1.107490 0.472975 0.108868 -0.548624 0.258898 -0.170993 0.009243 -0.618550 -0.328683 -0.160747 0.759783 -0.846125 
-0.200723 -0.315363 0.183910 -0.645929 1.077639 0.106370 -1.116613 -0.562709 -0.030257 0.077792 0.239876 -0.479924 0.501081 -0.141839 -0.235360 0.388788 
0.052380 -1.442293 -0.081730 -1.146279 -0.253876 0.182980 -0.124371 0.078877 0.045695 -0.093116 -0.871420 -0.880801 0.210921 -0.518832 0.205700 -0.013299 
-0.211026 -0.608460 -0.269351 0.297649 0.552269 0.802158 0.393574 -0.835177 0.487553 -0.102948 -1.146705 0.224251 -0.401661 -0.301182 -1.289225 0.035598 
-0.438225 -0.169482 0.100060 0.415841 0.094890 0.509590 -0.153108 -1.189699 -2.896038 -0.367130 0.715660 -0.256148 1.095544 0.168857 -0.775611 -1.256132 
0.340256 0.448964 0.359050 -1.347653 0.023009 -2.609796 -1.886328 0.315577 -0.194636 -0.032916 0.178405 0.386310 0.017647 -2.915170 -0.165632 0.515108 
-0.343632 -0.272994 -0.333878 1.287622 0.464698 -0.377401 -0.329852 0.002426 -0.187425 -0.502588 -0.015058 -1.278353 -0.167757 0.579833 -0.457576 0.078905 
0.088430 -1.007671 0.121007 0.339350 0.158959 0.398131 0.558560 0.225693 -1.474893 -0.623790 0.161857 -1.543027 -0.947263 0.315711 0.040972 -4.083802 
0.153094 0.200234 0.398864 -0.686626 -1.686144 -0.085586 -0.224085 0.405310 -0.025698 0.171322 -0.483831 0.291790 -0.334799 0.070104 0.176812 0.129006 
-0.243050 0.596972 0.174180 -1.993294 -1.376600 0.556752 0.581694 -0.338520 -2.638613 -1.653471 0.561207 0.625199 -2.361862 0.356206 -1.800846 -1.449816 
-0.294740 0.054295 0.088395 -0.723333 0.180456 -5.625379 -3.466721 0.093084 0.260545 0.212474 0.035132 -0.222292 0.638883 -2.042243 -0.767056 -0.268307 
0.018654 0.000328 0.073130 0.399970 -0.583607 0.976918 0.125555 -0.197753 -0.558824 -1.732753 0.011966 -3.425720 -0.673033 0.431017 -0.164849 -0.817229 
0.340828 0.652115 -0.250461 -0.644634 -0.639906 0.519540 -0.823255 -0.050356 0.763954 -1.325584 -0.437895 0.257339 0.546144 0.166655 -1.345149 1.113201 
-0.319397 -0.022691 -0.195057 0.269826 0.605793 0.064008 0.164868 -0.047338 0.275415 -0.724935 0.606680 0.057600 -0.528926 0.199400 0.449722 0.804908 
0.308959 0.386211 -0.612777 -0.707596 0.152471 -0.016980 0.086365 -0.062154 -0.011774 1.317700 0.431708 0.310695 -0.597258 -0.597880 -0.658940 -1.505268 
0.350431 -0.293378 0.415778 0.578411 -0.180028 0.099687 0.252029 0.424512 -1.120886 -0.464034 -0.024254 -0.614989 -3.594947 0.267746 0.583393 -0.774116 
0.468576 0.154148 0.312011 -1.364577 -1.360528 0.209216 0.295482 0.521358 -1.139653 -0.194431 0.194772 -0.783986 -1.193361 -0.106413 0.454031 -0.655284 
-0.172657 0.029158 0.037381 0.549765 -0.747457 0.091162 0.174227 -0.010404 -1.161328 0.392843 -0.461443 0.038619 -3.025842 0.148595 -0.030161 -1.017429 
0.797076 0.252110 -0.290730 0.330939 -0.762328 -3.194582 -1.148930 0.517198 -0.112661 -0.282163 -0.188113 0.799926 -0.036003 -2.347150 -0.305535 -0.243325 
0.051854 0.016162 -0.163632 -0.181270 0.825995 -0.705681 0.022293 0.220559 0.110893 0.640530 -0.373205 0.428043 -2.178142 -0.129785 0.069303 0.020401 
