0.007547 0.209732 0.040503 0.297208 -0.082053 0.242834 0.175062 0.172343 -0.146671 -0.357467 -0.180363 0.088599 -0.122890 0.130446 0.113467 0.068680 0.117966 0.272325 -0.024785 0.110082 -0.336894 -0.127058 -0.018939 0.118694 -0.031819 -0.092235 0.001296 0.332793 -0.129720 0.476201 
-0.231206 -0.191746 -0.047442 -0.171918 -0.095532 -0.258075 -0.157816 -0.181598 0.102100 0.131895 0.240110 -0.068272 0.140582 -0.230907 -0.148777 -0.060244 -0.274164 -0.217989 -0.190983 -0.360635 0.510575 0.177097 0.028589 -0.284283 0.320620 0.153755 -0.237528 -0.375259 0.452901 -0.570368 
0.131276 -0.011403 -0.791894 -0.252174 0.094706 0.580259 0.101545 -0.001143 0.604987 0.397510 -0.778231 -0.580242 -0.035395 0.326002 -0.009233 -0.543144 0.726622 -0.068562 -0.314065 0.568970 0.090804 -0.279918 0.015518 -0.165076 -0.794517 -0.427627 -0.084993 0.183017 -0.560718 -0.069913 
-0.376209 0.123623 0.358177 -0.751382 -0.049049 -0.725554 -0.056661 -0.058925 0.066721 0.410412 -0.223957 0.892595 -0.316977 -0.406595 -0.268238 0.960864 -0.056152 0.072374 0.755663 0.903061 -0.572100 0.268370 -0.377549 1.337864 -1.053706 -0.178552 0.404224 -0.239357 -0.971431 0.648187 
-0.619676 0.395263 -0.113206 -1.135591 -0.265741 -0.103549 0.712379 -0.564482 0.124811 0.009071 0.685295 0.197957 0.952026 -0.278813 0.665510 -0.265672 0.021374 -0.130318 0.389998 0.522674 -0.023339 0.563667 0.166189 -0.065121 0.263209 0.479841 0.112569 -0.767900 0.634658 0.036515 
0.022132 0.247085 -0.068252 -0.469185 -0.182123 0.198323 -0.011666 -0.441198 0.141174 -0.087533 0.680691 -0.530285 0.480056 0.111042 -0.254565 -0.505210 0.110118 0.033434 0.468843 0.453804 -0.064391 0.490770 0.174759 -0.336320 0.165131 0.810239 0.318494 -0.236623 0.106526 -0.209846 
0.444658 -0.908614 0.750905 0.275683 0.424703 -0.114110 -0.722492 0.078436 0.783370 -0.149627 0.551877 -0.723392 0.429754 1.524544 -0.650597 0.171036 -0.210710 0.010911 0.570937 0.636079 -0.849565 0.899649 -0.181033 -0.145172 -0.244685 -0.485058 0.396890 -0.721148 -0.810835 0.098188 
-0.481114 0.380842 0.781084 -0.191945 -0.305689 0.244157 -1.123289 -0.935348 0.002392 0.091313 0.406631 -0.335843 0.919241 0.500730 -1.009711 0.263619 0.295097 -0.295903 0.321305 0.788905 -0.026785 -1.720243 -0.648767 -0.438051 0.302683 1.458593 0.175641 -0.761207 -0.369220 0.053095 
-0.752629 -1.010732 -1.288312 -0.598413 -1.054690 1.227722 1.150604 0.300002 -1.082718 -0.517935 -0.111513 0.267950 -0.976382 -0.505664 -0.702663 0.529336 -1.284539 -2.355251 0.758861 -0.387496 -0.588633 0.643347 0.961710 0.594544 -0.932895 0.004751 0.923425 -0.750264 -0.609671 -0.243280 
-0.387261 0.507407 -0.262264 -0.474506 0.205532 0.220639 -0.979183 -0.476336 0.690010 -1.524128 -0.520350 1.378111 1.239710 0.792955 0.096125 -0.010291 0.063812 0.924369 -1.429434 -0.730313 -0.447471 0.246613 -2.027357 -0.783066 0.152186 -1.258903 0.765074 0.190268 0.459169 -0.320787 
0.525239 1.342528 0.562355 -0.060197 1.082927 1.519931 -0.742022 -0.619387 -0.366703 -0.723788 1.249563 0.141565 -0.035677 0.222559 0.756078 0.886842 -1.391014 0.470941 1.165189 -0.407110 0.342411 -0.432411 -0.111428 -0.181795 -0.853802 1.074463 -0.731215 -0.337312 -1.188010 -0.247312 
-0.370200 0.175791 1.368322 0.231456 -0.197178 -0.579663 0.880175 -0.969789 0.904521 0.000001 0.057815 -2.422229 -0.645262 -0.400460 -0.389303 -0.740541 -0.423205 0.441269 0.414108 0.090872 -0.395448 0.643202 -0.310965 0.282129 0.141549 1.145199 -0.152343 1.033099 1.324594 0.918475 
0.823962 0.558546 -0.872505 -0.059558 -0.074199 -0.128444 -0.535877 0.502446 -0.180379 0.158334 0.383776 0.994439 0.919378 -0.428114 -1.354462 -0.681774 -0.303909 -0.335908 0.600203 -0.008520 -0.501372 -0.318895 0.697307 0.495369 0.703415 -1.040529 -0.807564 -1.599816 -0.152766 1.327323 
-0.050177 0.770155 0.322657 0.474423 0.933082 0.354314 0.045106 0.391165 0.885563 -0.352669 -0.133187 -0.278776 0.146449 0.303709 -1.129769 -0.375080 -1.123658 0.072915 -0.778106 0.152035 -0.732359 1.437561 0.249675 -0.580499 0.656555 -1.281836 -0.855630 2.059869 1.281096 -0.173980 
-0.036702 -1.484575 -2.261753 -0.386627 1.352460 -0.202213 -0.271392 0.735193 -0.791667 -1.191121 1.373405 -0.417211 0.532999 1.417496 -0.339899 -1.000195 -0.522453 -0.356069 0.549900 0.171698 -0.581329 1.349523 0.592951 0.614623 0.293614 -0.514000 -1.808298 0.022568 -0.486886 0.008295 
-1.394828 -0.851171 -0.425995 -0.619820 -0.447075 -0.491752 -0.115199 -0.196940 -0.361221 0.204806 -0.899743 0.728138 -0.285331 1.131418 0.344119 -0.782589 -0.748517 0.148669 1.060912 -0.593141 -0.817519 0.457378 2.174950 -0.735586 -0.820438 -0.513542 0.955585 0.110716 -0.461060 0.311403 
