0.155714 -0.254899 -0.202130 0.115859 -0.317058 0.082398 0.149967 0.381855 0.184374 0.142810 -2.059273 0.772279 0.425153 -0.812812 -1.885547 -0.594976 
-0.009207 0.035802 -0.306580 -0.480420 0.575219 0.216239 0.742488 -1.084892 0.063302 -0.120266 0.476725 -0.839184 0.510797 -0.335139 -0.876340 0.063354 
0.396870 -0.003202 0.305068 0.032983 -0.367412 0.408461 0.623307 0.391220 -1.348784 -0.433945 -0.664140 -1.440960 -1.787887 0.378528 -0.014415 0.804691 
0.240887 0.425684 -0.236866 -2.098569 -0.187818 -8.200151 -5.493569 0.294797 0.610986 0.147556 0.127299 0.755722 0.775759 -3.753246 -1.632988 0.192023 
0.256756 0.215219 0.057068 0.472339 0.710508 0.055933 -0.063586 -0.792563 0.411579 0.557995 -0.062713 0.511114 0.632318 -0.204340 0.613592 -0.760310 
-0.623963 -0.181947 0.127570 -0.134290 0.554833 -0.927324 -1.640399 -0.233746 0.145608 0.065523 -2.001934 0.220943 0.854714 0.103089 0.754181 0.037639 
0.506874 0.380627 0.028516 -2.989070 -1.198013 0.133316 0.116970 -0.038455 0.545091 0.650894 0.457845 -0.153006 -0.351778 0.132728 -0.336533 -1.328973 
-0.062280 -0.029973 -0.285895 0.461934 -2.342077 -0.073183 0.079626 0.227294 -1.539688 0.275409 0.333431 0.802669 0.376346 0.353763 0.462607 1.069350 
-0.021037 -0.526986 -0.212525 0.664501 0.632990 -0.984566 -1.093269 0.094702 -0.153063 1.180466 -0.609530 0.162469 0.307895 -0.828321 -0.171465 -1.455280 
0.400336 0.207971 0.235191 -0.092231 -0.395011 -1.899642 -0.317162 0.180564 0.287593 -0.633552 -0.254684 0.464749 0.192410 -1.577802 -0.756815 0.374310 
-0.086584 -0.637790 0.070422 0.893386 0.600227 -0.439139 -0.222734 0.200977 -0.904809 0.498041 0.235387 -1.028930 -1.897269 0.091552 0.067113 -4.190620 
0.006758 -0.037685 -0.042399 0.467283 -0.665540 0.268647 0.244260 -0.241899 -0.668873 -1.144145 -0.153081 0.004430 -4.746379 0.073561 -0.909569 0.342838 
0.409376 -0.192627 -0.109199 0.543510 -0.488567 -0.809545 0.030081 0.288206 -0.355389 -1.935904 -0.690523 0.130020 -0.808887 0.121035 0.410807 -3.024318 
-0.029883 -0.099795 0.265624 0.271789 0.862967 0.617528 -1.803901 0.317956 -0.055565 0.566475 0.233775 -1.385827 -1.780466 -0.540744 0.292911 0.145263 
0.360677 -0.853696 0.247359 -0.597116 -0.945879 0.439854 0.430774 0.213328 0.042233 -0.305515 -1.803917 -0.879616 0.097288 0.116622 -2.315651 -0.377451 
-0.194714 -0.314553 -0.626776 0.569622 0.794657 0.265985 0.110362 0.107803 0.196504 -0.263666 -1.201659 0.267579 -0.511894 0.124114 0.389963 0.164765 
-0.664337 -0.024561 0.241654 -0.371270 0.486515 -0.025266 1.041179 0.218275 0.009163 0.606316 0.135927 0.151859 -0.924620 0.280841 0.637235 -0.935893 
0.071740 0.239647 0.047623 -1.039736 -0.171955 0.815854 0.262892 -0.490310 0.618991 0.349558 0.499382 -1.132620 0.574137 0.424727 -0.184960 -0.255477 
0.555720 0.078305 -0.160238 -0.730659 0.287566 -0.186447 -1.541998 -0.122844 -3.528444 -0.171781 -0.849696 -1.228386 0.253585 0.124132 -0.354863 0.941270 
-0.038004 -0.366788 0.408253 -0.755868 -0.961997 0.360162 -0.527221 0.187162 -0.623575 -1.476504 0.477529 -1.708375 0.497690 0.601883 0.471234 -0.472848 
0.078551 0.261209 -0.022850 -0.322651 -3.017252 0.389091 0.049845 -0.086146 -0.003086 -0.730844 -1.336731 -0.129226 -0.328801 0.330489 -0.454149 -0.974303 
-0.310841 0.174591 0.294831 -0.152003 -0.301098 0.450695 0.209791 -0.085312 -2.348865 -0.650706 0.422698 0.486669 -4.201974 0.373192 0.117424 -1.455616 
-0.107514 0.367289 0.196231 0.163079 1.372641 -0.460171 -0.541366 -0.182988 0.354202 0.258873 0.155351 -1.483757 -0.384953 -1.112929 -1.154219 -0.666034 
0.193079 -1.002395 -0.322797 0.890332 0.291346 -0.477140 0.479712 0.117013 0.416947 -0.475644 0.722236 -1.450483 -1.027732 0.276199 -0.096062 -0.886734 
-0.897352 -0.013262 0.423319 -0.013312 0.027829 0.481284 -0.072485 -0.255536 -1.215545 -1.166558 0.498684 -2.677811 0.844732 0.191578 -0.677983 0.076423 
-0.010522 0.416592 0.142844 -0.708074 -0.937114 0.351874 0.430079 -0.442023 -2.398746 0.417118 0.589450 0.577014 -2.392037 0.173376 -0.728541 -3.707365 
0.072667 -1.089272 0.102763 -0.648949 -0.160535 0.726692 0.437406 0.042141 -1.055190 0.184201 0.418859 -0.884572 0.357016 0.409576 1.007670 -1.597105 
0.079923 -0.148816 0.404892 -0.714868 0.576743 -0.055837 0.140068 -0.071483 -0.230866 0.424616 0.449872 -0.434411 -2.430846 -0.114159 0.099499 0.393899 
-0.763433 0.606932 -0.432875 1.014470 0.147600 -0.400100 -0.788455 -0.634989 0.050035 0.594166 -0.622201 -2.110234 0.213563 -0.034050 -0.705203 -0.043384 
-0.077284 0.070048 0.435296 0.254292 -0.267826 -1.441269 -2.547320 0.539627 -1.810798 0.592754 -1.275139 0.261463 -0.426584 -0.204106 0.460552 -0.194740 
