-0.105311 0.453404 -0.156900 0.099108 0.044736 0.088950 0.164337 0.053717 -0.161305 -0.286280 -0.208358 -0.146289 -0.175853 -0.067451 -0.086705 -0.263909 0.077763 -0.185156 -0.504840 -0.201482 -0.233075 0.022282 -0.004164 -0.120815 0.167567 0.291495 0.005312 -0.186577 0.038763 -0.090323 -0.006452 0.324780 
0.232148 -0.241910 0.392391 0.158380 0.102528 0.033734 -0.036119 -0.049837 0.468116 0.199564 0.314599 0.251640 0.353814 -0.143301 0.098080 0.371337 -0.157927 0.276354 0.337392 0.333985 0.282441 -0.018344 0.056172 0.284757 -0.373279 -0.147977 -0.196990 0.259383 0.294698 0.314261 -0.204492 -0.534595 
-0.047936 -0.442596 -0.734802 0.148208 0.400538 0.043807 -0.686491 0.149766 -0.916156 0.414514 0.443547 -0.034382 -0.168434 0.539196 0.839233 -0.480550 -0.579921 -0.503757 0.264241 0.182046 0.114576 -0.290596 -0.298255 -0.142707 0.603762 0.100608 0.624822 -0.592043 -0.152260 -0.138074 0.391803 0.319939 
-0.433476 -0.582389 -0.078251 -0.999132 0.081658 -0.213135 0.280001 0.311805 -1.079531 0.119567 -0.687104 -0.899780 -0.455868 0.369188 -1.378621 -0.466973 0.598049 0.682889 -0.429931 -0.483169 0.076518 -0.235145 0.061696 0.195249 -0.467352 -0.020257 0.588106 -0.403082 -0.780320 0.181159 0.357242 0.475668 
0.005754 -0.603981 0.323891 -0.194608 -0.118082 0.590377 -0.076987 0.135750 0.397766 -0.201130 -0.567249 -0.150098 -0.843250 0.270463 -0.224147 0.911473 -0.375398 -0.218425 -0.286051 -0.119506 0.131481 0.751483 -0.040327 1.125036 -0.149337 0.305367 0.541221 0.189789 0.795068 0.315366 -0.469489 -0.929817 
0.116543 -0.294983 0.224071 -0.838082 -0.023060 -0.139225 -0.709150 -0.216478 0.096583 -0.277129 -0.124637 0.683398 -0.553788 0.262161 0.190334 0.873454 -0.438524 0.278594 0.113744 -0.294617 -0.177328 -0.357970 -0.066616 0.445890 0.189618 0.279763 0.230014 0.556784 0.180011 0.140880 -0.101140 -0.550680 
0.433516 -0.241691 0.664344 -0.581100 -0.279634 -0.713050 -1.417927 0.180563 -0.551458 1.143746 0.580616 -0.140749 0.736729 -0.119354 0.418922 1.194858 0.493965 -0.536784 0.004461 -0.870513 -0.741560 -0.373674 0.243111 -0.835106 -0.505654 -0.143158 0.017995 0.417986 -0.828698 -0.555143 0.179540 0.136692 
-1.249392 -0.052032 -1.154040 -0.047809 0.123350 -0.300918 0.905841 -0.272202 0.143041 0.133453 -0.074453 1.549178 -0.752928 -0.257051 0.462411 0.937569 0.194345 -0.442745 0.189220 -1.007161 0.172313 -0.566315 0.110613 0.806069 -0.565536 0.085282 1.329211 0.505870 -0.291825 1.425548 -0.028753 0.073149 
1.163572 0.159838 0.680969 -0.079685 1.141508 0.451835 0.233007 -0.344440 -1.058068 -0.819394 0.532378 -0.214291 -0.852103 1.464208 -0.831178 -0.147669 -0.009025 -0.414306 0.050479 -0.482201 1.143629 0.010240 0.069003 0.609421 0.915363 -1.719869 -1.224455 1.903889 -1.116554 -0.437698 0.816385 0.419567 
-0.290388 0.772963 0.431034 1.144160 0.685958 -1.389664 0.666510 -0.617215 0.206119 0.225402 0.254289 -1.998723 -1.465886 -1.686897 0.855899 0.038324 -0.700085 -0.206782 0.261062 0.310449 -0.352421 0.514990 0.279333 1.736316 0.192670 -0.265554 -0.362732 -1.791230 1.129305 -0.378186 -0.456637 -0.070520 
-1.849591 0.936891 0.244381 -0.219132 -1.961472 0.141901 1.234773 1.188337 -1.110027 0.496047 1.089703 1.187384 -0.724696 0.620901 -0.057374 0.383542 -0.162025 -0.580539 -0.620978 0.820806 -0.011723 0.482691 -0.887431 0.380063 0.647770 0.423570 -0.554480 1.447759 1.017342 -0.049115 0.012908 -0.126374 
0.582519 0.194068 0.254899 -0.342955 -0.989413 0.648025 0.260922 -0.002959 0.345432 -1.563165 0.264643 2.231126 -0.213626 -1.008559 -0.174244 -1.057831 -0.840310 0.677688 -0.293904 -1.053719 -0.897488 -0.975482 0.518597 0.175270 -0.683501 0.425324 -0.299025 -0.391309 0.351042 -0.198697 0.228326 -1.012686 
0.126685 -0.205597 0.120976 0.803950 -0.079583 0.165249 -0.806028 -0.299161 0.524387 -0.712399 -0.191500 -1.400437 0.281955 1.203949 -0.260667 1.591915 -0.555213 -0.175099 0.011094 -0.944255 0.738758 -0.552154 -0.529746 -0.512829 -0.110876 0.678700 -0.680691 0.317647 0.941425 0.692992 0.683263 0.970121 
0.027389 0.778748 2.142545 0.880701 -0.032598 -0.630554 1.040174 1.258628 0.092546 0.704388 0.934349 -0.364224 0.247610 -0.429415 -0.156321 -0.479802 0.184384 -0.313054 -0.706082 -1.337730 -0.320525 -1.320981 -0.667742 0.200812 0.096830 0.010845 1.417205 -1.231919 1.576608 0.254728 -1.530620 -0.393145 
0.106946 0.317635 1.263733 0.772911 0.832704 -0.501696 0.340030 3.276005 -0.173600 0.052290 -0.177765 -0.423552 -0.381822 1.036740 -0.609132 0.317577 -1.904966 0.284064 0.332033 0.274525 -1.272476 -0.118929 0.603743 0.285463 -0.264807 0.051260 -0.152139 1.137380 -0.542844 0.652307 -0.057974 -0.116070 
0.002178 -0.866783 0.194480 -0.364755 -1.580287 0.180375 -0.049775 0.292229 -0.369524 -1.078931 -0.401411 -0.666933 -1.016991 0.098500 0.628760 0.242850 0.352950 -0.270845 -0.022020 -0.013082 -1.872805 0.484532 -0.427251 0.559075 1.016805 0.262735 -0.434731 0.768539 -2.137104 -0.616235 -2.175416 0.091493 
