0.143737 0.667656 0.024318 0.367237 -0.793707 0.082227 0.372822 -0.691619 -2.586061 -0.080558 0.352077 0.228743 -0.474623 -0.118013 -1.229753 -0.062724 
0.138013 0.089603 0.115733 -0.884026 0.421942 -5.752336 -2.178262 0.105585 0.198584 -0.023296 -0.112314 0.544719 0.514859 -3.525864 -0.747910 0.348115 
-0.652339 0.317248 0.426998 0.277230 0.039059 0.412469 0.098847 0.097679 -1.509023 -0.340162 -0.166304 0.349733 -2.218305 0.506314 -0.409765 -1.040707 
0.147750 0.214152 -0.077679 -0.714079 -0.373422 0.381723 0.018137 -0.679803 -3.553821 -0.099724 0.177271 -0.623571 0.624982 0.666105 -0.924783 -0.934321 
0.361602 -1.076672 0.062378 -0.371633 0.361747 -0.020260 0.298687 0.021053 0.094589 0.180398 -0.513516 -0.003350 -0.512756 0.018411 -0.078775 -1.869300 
0.563877 -0.048558 -0.037905 -1.359598 -1.212275 0.213036 -0.184476 0.093201 -0.317366 0.836173 -0.018268 -0.043561 -0.575433 -0.246310 0.774139 -1.043260 
-0.118687 -0.049580 0.210204 0.281516 0.522074 0.324547 0.359572 0.322673 -0.526655 0.049155 0.518331 0.361837 -2.713404 0.177682 0.838973 -0.339419 
-0.303399 -0.408494 0.280237 0.568155 0.534896 1.057980 0.571167 -0.793054 0.467502 -0.435065 0.089146 0.028033 -0.205081 0.050128 -0.169796 -0.379120 
-1.095732 0.042615 0.192456 0.158875 -0.124001 0.293934 -0.561894 -0.610791 -0.280981 -0.382825 0.406741 -1.508978 0.935677 0.328112 -0.073498 -1.487483 
0.022986 0.196529 0.044781 -0.349779 0.521436 -1.518063 0.115071 0.171176 -0.831341 0.859055 -0.505177 0.389357 0.181520 0.135877 -0.997787 0.429987 
0.031148 -2.093293 0.259562 0.409284 -0.097214 -1.122683 -0.246599 0.267164 -0.148175 0.356580 0.131730 -3.120305 -0.264663 -0.007159 1.027036 -1.953049 
0.087945 0.373902 0.172177 -0.208426 -1.313008 0.421291 0.469827 0.029575 -0.787687 -0.782694 0.434957 0.253120 -2.509829 0.168878 -0.395581 -1.139472 
0.502768 0.441060 0.039424 -1.234642 0.147367 -0.995444 -2.444360 0.220177 0.217611 -0.352204 -1.764628 -0.303131 1.054016 -0.433233 0.340429 0.519022 
0.380875 0.416127 0.218267 0.318739 -0.751357 -1.230716 -0.205187 0.290177 -0.917501 -0.799119 0.120270 -2.361153 -0.675997 0.027294 -0.462215 0.992125 
0.041734 -0.846723 -0.213231 0.978397 0.675193 -0.429324 -0.394452 -0.158006 -1.012212 -0.133950 0.231078 -2.425411 -1.801462 0.271229 0.069466 -0.253742 
0.427524 -0.700580 0.297752 0.525852 0.147461 -0.336892 0.231282 0.351795 -1.207891 -0.583785 0.558559 -0.174420 -2.403690 0.054786 -0.046986 -0.067816 
0.097218 -0.161654 -0.343619 0.210694 -0.718157 0.474028 -0.250485 0.418852 -1.035791 -0.508202 -2.472552 0.505908 -1.110321 0.395028 -1.665335 0.802116 
-0.434254 -0.312397 0.250533 0.411276 -0.145062 0.386712 -0.009485 0.402279 -0.566766 0.266514 -1.322299 -0.763397 0.004169 -0.141141 0.306513 -0.296059 
0.182128 0.307037 0.123587 -0.437434 -1.255209 -0.955523 -0.957582 0.004746 0.428992 -0.084609 -3.463892 0.711534 0.040667 -0.017345 -0.286048 -0.126543 
-0.037594 -0.170152 0.251166 -0.158197 -1.423841 0.313456 -1.843880 0.087807 -1.024234 -1.189320 -0.423499 -0.407318 -1.814844 0.310878 -0.081940 -0.278704 
-0.062219 0.343464 0.182560 -1.295128 0.665554 0.226240 -0.317268 0.285702 -0.053517 0.053840 0.280107 -0.317914 -2.305208 -0.493549 -0.753907 0.540342 
0.550176 -0.606304 0.162741 -0.577352 -0.612655 0.275249 0.217907 0.070429 0.655953 -0.338035 -1.680838 0.460214 0.163589 -0.098222 -0.857034 -0.432534 
-0.048060 0.193476 -0.176428 0.173208 0.401903 0.289542 0.571063 -1.000361 0.855035 -0.236092 0.248728 -0.754779 0.358138 0.171725 0.068013 0.502518 
0.386396 0.477715 -0.141578 -0.229144 0.196079 -2.498459 -3.529150 0.537196 0.619344 0.560045 0.055630 0.944349 -0.280937 -1.789997 -1.447641 0.386211 
-0.208950 -0.115383 0.173775 -0.852773 0.869005 0.229881 0.196077 -0.131614 0.061541 0.292445 -1.376051 -0.332864 -0.056397 -0.253646 0.501470 -0.046866 
-0.182586 -0.289133 0.160396 -0.857274 -1.256076 0.714998 -0.061464 -0.138096 -0.608426 -0.009316 0.233914 -0.507940 0.376083 0.404673 0.109241 -1.827072 
0.215982 -0.110423 0.220699 -1.444880 -1.333353 -0.341536 0.379635 0.329342 0.158862 -2.004063 0.651171 -0.316135 0.826669 0.306472 0.242777 -0.970914 
-0.399940 -0.198793 -0.103729 -0.027902 0.859367 -0.631877 -0.946580 -0.251493 0.366430 1.510209 -0.447647 -1.860178 -0.247723 0.087175 -0.826682 -0.960429 
-0.091790 -0.194715 -0.265954 1.042109 0.736347 0.287865 0.363309 -0.376024 0.088980 -0.342174 -0.716966 -1.823382 0.545547 -0.194434 0.036364 0.677199 
0.239544 -0.247501 0.013257 -0.767583 -2.027966 0.410609 -0.087820 -0.277454 0.335994 0.000871 -0.052848 0.091652 0.596260 0.259906 -0.715428 -0.680328 
0.016144 -0.115910 -0.673645 -0.275210 0.318874 0.101123 0.820290 0.117807 0.995421 -0.213517 0.114052 0.501812 0.415850 0.141553 -0.488055 -4.130058 
-0.283093 0.312440 -0.281779 0.598796 -0.896754 -0.245026 -0.605237 0.014311 -1.722386 0.562418 -0.478625 -0.071330 -0.877086 -0.219667 0.654520 -0.945593 
