-0.042364 -0.101006 -0.225547 -0.096591 -0.058111 -0.242562 0.211426 -0.161781 -0.052568 -0.131368 -0.501798 -0.069940 -0.004464 0.009520 -0.027655 -0.029985 -0.266759 0.182569 0.292849 0.329709 -0.182059 -0.033653 0.044710 -0.014296 0.304177 0.279602 0.321958 0.040548 -0.107984 0.070933 0.183968 -0.067265 0.152008 -0.156413 
0.156355 -0.155273 0.299153 0.221153 0.144512 -0.001105 -0.237872 0.479785 0.119740 -0.066094 0.314593 0.158525 0.201828 -0.291870 0.136119 0.196133 0.366952 -0.326590 -0.441795 -0.422859 0.394135 -0.211248 -0.177787 0.040917 -0.407020 -0.159125 -0.175322 -0.039898 0.001673 0.078399 -0.050471 0.421741 -0.196156 0.288967 
-0.405492 0.045328 0.443678 0.155328 0.050334 0.020233 -0.011858 -0.968498 0.022158 0.360175 0.450240 -0.058909 -0.160217 0.127669 -0.082946 -0.073403 0.162132 0.804804 0.166362 -0.115716 -0.563625 0.231691 -0.131376 0.882931 0.538851 0.307194 0.166006 -0.305909 -0.564538 -0.403575 0.200898 -0.475104 0.206433 -0.241635 
-0.384641 -0.183373 -1.103835 -0.847173 -0.491890 0.733454 0.178985 -0.765577 -0.271288 0.394386 0.662321 -0.192835 -0.408632 -0.022732 0.196137 -0.376067 -0.429844 0.674007 0.491315 0.504730 -0.646966 0.159043 0.023599 -1.131301 -0.378922 -0.166553 -0.218373 0.513576 0.663151 -0.114669 -0.482956 -1.153643 -0.072801 0.136891 
-0.631012 0.033647 0.431314 -0.326095 -0.048549 -0.339123 -0.476021 0.532543 -0.018425 -0.032005 0.507159 0.486460 -0.466304 -0.837133 -0.177607 0.586004 -0.563664 -0.641358 1.018985 -0.635146 -0.268012 -0.077149 0.349507 -0.559805 0.120520 -0.698646 -0.257594 -0.087168 0.200643 0.283196 0.228372 0.409006 -1.143586 0.314375 
-0.502149 -0.294353 0.769687 -0.247606 -0.443058 -0.048717 -0.843437 0.345862 -0.066624 -0.489680 0.170741 -0.499374 -0.409392 -0.239463 -0.541835 -0.012129 -0.176748 -0.165326 -0.256111 -0.052629 -0.373611 -0.253846 0.295624 -0.509088 -0.218001 -0.437184 0.082575 -0.467420 0.294715 -0.242851 -0.578936 0.485660 -0.426395 -0.083353 
-0.519553 -0.160271 0.219403 -0.865165 0.198963 1.197038 -0.363407 -0.956845 -0.033630 -0.543509 0.023233 -0.700935 0.043117 0.456805 -1.284333 -0.787680 1.149510 0.036621 -0.035693 0.308350 0.013006 -0.181587 0.185268 -0.701380 -0.745718 -0.535152 0.290526 0.031260 0.499966 -0.456149 -0.226333 0.070146 0.402949 0.558632 
-0.740458 0.075669 -0.174351 0.892245 -0.587285 -0.103157 0.770162 0.357984 -1.110844 -0.377394 -0.207759 0.122366 -0.972483 -0.399664 0.307391 -0.624530 0.078275 -0.477311 0.135619 0.159305 -0.791814 0.435396 -0.527785 0.029057 0.059382 0.055055 0.126757 -0.139230 0.174571 -0.080191 -1.604570 -0.738939 -0.872230 -1.207680 
0.060183 0.690378 -0.188153 -1.001601 0.671842 0.202998 0.094834 0.467363 1.679814 -0.092400 0.042688 -0.095222 -0.221200 -0.019296 0.520000 0.125472 -1.328434 0.908781 -0.076065 -0.052577 -0.869818 1.060716 -0.789709 -0.270000 -0.116348 -1.679420 1.311271 -1.483105 0.135817 0.581933 -0.320387 -0.478745 -0.385229 0.984469 
0.020229 -1.464325 -1.572580 0.113839 0.351791 -0.669537 0.652468 -0.213617 0.657969 0.302737 -1.397127 -0.809777 -0.047286 -0.695639 0.494638 0.508123 1.382095 -0.485188 -0.015181 -1.139434 -0.551648 0.846513 0.248283 1.105192 -0.070840 1.619759 -0.332075 1.048802 -0.674353 0.343280 0.007077 1.196795 -1.497967 0.680248 
1.231200 -0.536950 0.759113 1.134377 -0.392020 -1.093662 0.012974 -0.649138 -0.162781 -0.414980 -0.666751 1.005369 -1.508174 -0.017838 0.820243 -1.427019 0.605811 0.384666 0.070032 -0.233086 -1.290379 -1.335256 1.149233 -0.574848 -0.530448 -1.022926 1.417178 -0.968904 0.555597 -0.162140 0.072227 -0.248475 -0.139136 0.458694 
1.069334 1.045351 0.912836 -0.025029 -0.233641 -0.095575 -1.254931 0.752000 -1.069934 -2.565601 -0.869253 -0.632666 -0.623700 -1.109439 -0.364916 1.524178 0.253178 1.650159 -0.250480 -0.045799 0.372928 0.332960 -0.488240 -0.657334 0.030880 1.374705 -0.500997 0.258145 -0.760444 -1.198198 0.262088 0.106150 0.148594 -0.176562 
-0.795349 -0.558508 0.164220 -0.149802 0.945561 -0.453328 1.893325 0.496288 -0.736167 0.747123 -0.260284 0.138196 -0.476141 1.070117 -0.728005 0.031847 -0.162584 -1.163328 -0.310056 0.521974 0.342361 -0.141459 -0.778336 -0.595975 -0.204617 -0.612696 1.231508 0.082151 -1.561809 -0.328072 0.141471 0.770731 -0.822246 0.122454 
0.492096 -0.531627 0.378158 -0.870998 0.878717 -0.848136 0.534802 0.991017 -1.600485 -0.492478 -0.312131 -1.287628 0.374879 -0.864954 -0.937029 0.361024 0.329030 -0.044258 0.384020 -0.347990 0.317413 0.046172 -1.305837 -0.482905 0.344165 0.924266 0.516612 0.327594 1.147988 0.059980 0.068451 0.138441 -0.064233 1.993903 
-0.901858 -0.495088 1.032783 -1.131134 -0.031706 0.645675 -0.023539 0.184823 0.145997 -0.614680 -0.444979 0.611485 0.161525 0.836321 -1.544419 -1.183662 0.097951 0.036024 -0.363470 -1.211884 0.337455 -2.175318 -1.339105 -0.250843 -0.076389 -0.548230 -0.250587 0.211207 0.858219 -0.219640 0.476310 -0.864606 -0.807743 1.418157 
1.436712 0.269463 -0.090065 -0.885663 0.212586 1.932017 0.818061 -0.902947 0.505429 -0.089533 0.162862 0.082284 0.321651 -1.738814 -1.754437 -1.687432 -1.071852 0.004354 -0.028483 -0.137034 -0.242304 1.794646 1.273633 0.474796 -0.207277 -0.402938 -0.661490 -0.975327 0.163347 0.344669 0.317850 -1.510559 -0.687384 0.232044 
