0.075338 -0.722484 0.331284 0.158591 0.286932 -0.119022 0.517925 0.335212 -0.379514 -0.997121 0.401282 -0.887068 -0.532370 0.605853 0.848048 -0.413907 
0.427149 0.168909 -0.216675 0.158033 -1.376761 0.442149 0.162644 -0.289540 0.296120 -0.264400 -0.894048 0.041156 -0.554727 -0.377254 -2.614502 0.114354 
0.149116 0.047860 0.055393 0.814267 -0.835127 0.295538 0.084188 0.150163 -1.008160 -0.695189 0.153002 -2.533201 -1.800639 0.339917 0.023940 -3.536984 
-0.042603 0.787728 -0.007267 -1.681579 -1.438621 0.151014 0.018423 -0.167325 -0.546058 -1.050758 0.336444 0.558276 0.383704 0.382812 -0.971662 0.023972 
0.054720 0.133108 -0.114188 -0.757083 -0.920400 0.308987 0.183379 -0.913253 -0.225918 -0.450905 0.687789 -0.113023 0.845790 0.084505 -0.007680 -0.768962 
0.065749 -0.213816 -0.174500 0.402997 1.470104 0.044411 0.169556 -0.822484 0.864871 -0.434927 -0.462921 0.368045 0.942859 -0.045738 -1.774292 0.267234 
-0.129934 0.243137 -0.042499 -0.118058 -1.129202 0.472974 0.256778 -0.131516 -1.076688 0.106751 0.176103 -0.057507 -3.927885 0.221963 -0.016346 0.368597 
-1.414113 0.307233 0.276800 0.348514 -0.172014 0.201540 -0.304945 -0.803846 -0.221013 0.893428 0.635857 -1.964643 -0.482205 0.318276 0.157742 -2.929359 
0.352559 -0.655141 0.318752 -1.417598 -0.540619 0.518305 0.660549 0.092563 -0.312491 -1.035597 0.433363 -1.279109 0.205013 0.291415 -0.328793 -0.818249 
0.145747 0.400713 0.230545 -0.766203 -0.679145 -0.024179 0.380595 0.133494 -0.290607 0.039097 0.104361 -0.090444 -1.718736 0.149606 -0.245306 0.561707 
0.312678 0.305826 0.385767 -1.071771 -0.195185 -6.172132 -2.431146 0.442053 0.057550 0.085402 0.061966 0.355131 0.159690 -3.079041 -0.065803 0.341235 
0.275208 -0.470343 0.293156 0.152861 -0.919310 0.639657 0.484232 -0.331532 0.300442 0.476901 -0.186342 -0.042705 -0.226244 0.006181 -1.416661 -0.745469 
-0.080952 0.027537 -0.369593 -0.206294 -0.465406 -0.181844 0.525777 -0.036290 -3.355614 0.006267 0.412445 -0.368536 0.433954 0.079352 -0.015670 -0.291228 
0.046186 0.000916 -0.438412 0.270537 0.162149 -0.576506 -0.648106 0.186943 0.186840 0.473263 -0.167697 0.718903 0.674405 -1.042491 -1.413893 -1.137009 
-0.186880 0.209700 0.182382 0.225420 0.985538 0.041967 -0.149083 0.354104 0.240252 -0.176683 -0.613922 0.256079 -2.604015 -0.505140 0.663328 0.291145 
-0.122658 0.061038 -0.317920 -0.098086 0.951904 -0.603230 0.350230 -0.609269 -0.116402 1.162979 0.102667 -1.364412 0.387213 -0.454686 -0.811670 -1.955469 
0.490364 -0.004627 0.115848 0.462513 0.491891 -1.650606 -1.084048 0.132753 -0.262768 1.015982 0.101172 -0.546684 -0.869606 0.061218 0.354855 0.195087 
0.107580 -0.505899 0.321845 0.376628 0.098979 0.313984 0.364147 0.051305 -1.325856 -1.002519 0.228552 0.307974 -0.545353 0.461467 -0.449411 -1.176898 
0.280554 -0.082905 0.363197 -0.435059 -1.691875 -0.371926 -0.164796 0.366762 -0.147305 -0.124321 -0.594551 -0.207521 0.518790 -0.072476 -0.105166 -1.280760 
0.012133 0.111766 -0.042632 0.529674 -0.963544 0.437077 -0.811948 0.369148 -0.567564 0.042089 -3.014899 0.491774 0.069826 0.334379 0.326252 -0.327630 
-0.141241 0.517821 0.197463 -0.676666 0.524567 -0.300161 -1.465032 -0.063227 0.280146 -0.581114 -0.612731 -0.546534 1.301137 -0.038328 0.287713 0.231102 
0.056148 -0.927588 0.362109 0.272699 0.468137 0.481510 0.127458 0.276473 -0.314115 0.417073 0.053262 -0.612391 0.931872 0.019630 0.925974 -1.390975 
0.318319 -1.478784 -0.039128 -1.351900 0.041498 0.533953 0.040246 -0.200718 0.463793 -0.021832 -0.764504 -0.951639 -0.519881 0.011503 -0.081244 0.271353 
0.079051 -0.840129 0.229912 0.741339 0.561690 -0.232784 -0.751036 -0.100855 -1.772768 -0.313304 0.291799 -2.582601 -2.785226 0.404927 0.121488 -0.814089 
-0.531003 -0.157501 0.291407 -0.784438 0.457498 0.384575 0.347831 0.181971 -1.167995 0.332846 -0.364482 -0.109577 -0.920661 0.059473 0.767232 0.207614 
0.086924 0.266796 -0.159605 -0.973750 0.466749 -0.824875 -0.649905 -0.314596 -1.008694 1.022021 0.420801 -0.208913 -0.568132 -0.721796 -0.565521 0.516306 
-0.341741 -0.056362 0.090534 0.404515 -0.491090 -0.751506 0.060265 -0.097580 -0.004106 0.180637 -2.794330 0.422103 0.425307 0.249176 0.261711 -0.662829 
-0.682740 0.414086 -0.172161 -0.292710 0.951871 0.077307 -0.074875 -0.149531 0.792980 -0.205737 -0.395030 -0.454229 0.398080 0.127248 -0.080863 0.633037 
0.017168 -0.106692 -0.428915 0.600709 -0.092065 0.455276 -0.802732 0.643385 -0.855719 0.006657 -1.837303 0.058908 0.424832 0.144108 -0.387238 -0.436408 
0.321358 -0.079828 -0.295556 0.070333 0.640459 0.498761 0.610387 -0.237803 0.866730 -0.215931 0.197011 0.585809 -0.487147 0.097391 0.069591 0.577949 
0.302073 0.060333 0.010756 -1.207335 -2.182926 0.533627 0.099154 -0.199187 0.089434 0.333703 0.104061 -0.791178 0.012116 0.214719 -0.099434 -2.539982 
-0.380803 0.055881 0.006744 0.973165 -0.222429 -0.268545 -0.371967 0.276956 -1.117164 -1.840337 -0.149028 -1.023004 0.444333 0.000272 -1.115929 0.144950 
0.667776 0.340888 -0.182574 -0.275625 -0.045620 -2.269518 -1.666484 0.505953 0.669301 -0.105442 -0.489564 0.635324 -0.720082 -1.297754 -1.105458 0.229957 
-0.457609 0.046935 0.383175 0.231290 0.702732 0.364798 0.630730 0.044333 -1.535979 0.131427 0.486285 0.389351 -2.971125 0.272333 -0.733533 -1.149626 
