0.030440 -0.261155 -0.141922 -0.004155 0.156657 -0.134566 -0.515100 -0.070937 -0.060305 0.121363 -0.106059 -0.333577 0.028003 0.044525 0.111147 0.012245 -0.011741 -0.098908 -0.065197 0.292897 -0.141282 -0.193108 -0.147032 0.113191 0.121076 0.068449 -0.153533 0.056985 -0.111980 -0.010745 -0.166784 0.324384 -0.059982 -0.088115 0.163661 -0.012707 
-0.021460 0.197655 0.039510 -0.218979 -0.129710 0.348566 0.363966 0.133216 0.298789 -0.276866 0.414270 0.555893 -0.096181 0.012345 -0.215813 -0.206649 0.074288 0.057807 -0.216288 -0.140197 0.250679 0.163711 -0.065244 -0.327696 -0.077526 -0.095199 0.067408 0.173799 0.359255 0.006884 -0.011738 -0.479343 -0.002348 0.118294 -0.353173 0.206309 
-0.416729 -0.034639 -0.009480 0.225770 0.322266 -0.992529 0.469846 0.137718 0.051589 0.415813 -0.554564 0.063373 0.307443 -0.160517 0.080605 0.319407 -0.231206 0.808640 0.188917 -0.230329 -0.675705 -0.014243 -0.225525 0.477840 -0.104364 0.523707 0.098809 -0.380652 -0.412143 -0.829805 0.128402 0.582837 0.066755 -0.182955 0.353444 0.463682 
-0.128085 -0.225385 -0.006317 0.754974 -0.338095 -0.098024 0.614315 0.025574 -0.070786 0.234028 -1.387186 -0.595586 0.494265 0.962003 0.796830 0.496969 -0.283698 -0.725164 0.229489 0.250773 0.528926 0.192479 0.851330 0.647869 -0.416873 -0.505354 -0.582319 -0.008506 -0.784072 0.169665 -0.509800 0.301030 0.468068 0.342465 0.733851 -1.113699 
0.078148 -0.214296 0.047198 0.895641 -0.523027 0.116368 0.768338 1.046197 0.206496 -0.310146 0.264106 0.344980 0.139271 0.348760 -0.179327 -1.032344 0.266831 -0.606903 -0.249940 -0.314627 0.222974 -0.692091 -0.087292 -0.120234 0.166761 -0.169254 -0.234193 0.291738 0.494344 0.595268 -0.037744 -0.458347 -0.523610 -0.016807 0.696375 -0.258835 
0.712372 -0.591691 0.280637 0.269231 -0.468639 0.229008 0.306730 0.647803 -0.030874 -0.698400 -0.072851 -0.013513 0.176327 -0.157113 -0.574166 -0.284462 0.084409 0.023363 0.097671 0.219041 -0.156904 0.748407 -0.158062 0.536830 -0.263844 0.423885 -0.141775 -0.090019 0.519911 0.287353 0.023943 -0.176162 -0.143583 -0.199153 0.236809 -0.651268 
1.358236 -0.188576 -0.927690 -0.092188 0.426851 -0.461362 -0.032643 -0.570888 0.137386 0.033194 -0.529087 -0.817414 -0.049753 -0.803719 -0.563764 1.310370 0.122250 -0.417112 0.624043 -0.366116 0.210383 0.180539 1.109081 -0.030392 -1.228383 0.434529 -0.156498 -1.097679 0.323616 -0.510680 -0.347339 -1.189759 0.812685 0.615390 0.264532 -0.206836 
0.534138 0.981211 0.803447 0.505806 0.594517 -0.074688 -0.010819 0.458477 0.221015 -1.042817 -0.045132 -0.495473 0.342237 0.185365 -1.216983 0.266513 -0.051346 -0.361872 0.567081 -0.754062 -0.595399 0.270850 0.396993 0.223096 1.454720 -0.895680 0.282941 0.395162 -0.371955 0.086825 0.141884 -0.370365 0.988845 -1.385692 0.735140 -0.156483 
-1.348617 1.335598 -0.795160 0.867739 -0.183457 -1.021768 -0.055878 -0.171365 0.318772 -1.244394 -0.438483 -0.256890 0.640673 0.811503 1.142308 -1.281311 -0.186968 -0.106716 1.714438 0.668851 0.517975 -0.437428 -0.637097 -0.354367 -0.033887 -1.097861 1.114564 0.510691 0.826264 0.243789 0.657742 -0.996582 1.470695 0.582309 -0.931715 0.528484 
-0.585296 -0.178413 -0.755581 -0.766187 -0.715285 -0.279628 -0.410661 1.553066 -0.267013 1.414062 0.590480 0.223075 0.651194 0.194959 -0.320941 0.934664 0.043539 -1.359234 -1.055030 0.103604 -0.188246 0.691261 -0.193007 0.750352 -1.069383 -0.903533 0.982566 1.789729 0.028197 -1.137225 -1.322544 -0.800389 -1.028610 -0.065419 -0.232451 1.095189 
0.216268 -0.752436 0.904218 -0.434448 0.166233 -1.033437 -0.479236 0.640296 -0.364224 -0.767378 -0.653960 0.046112 0.179427 -0.693570 -0.328191 1.087774 0.148450 0.496212 1.708738 -1.188610 0.776904 -0.848964 -1.085712 0.160964 0.358287 0.258015 -0.984702 0.787885 -0.221183 0.042312 -0.277310 -1.404387 -0.752432 -0.896071 -1.178746 -0.787102 
2.426321 -1.033600 -0.357912 -0.504771 -1.010724 0.605642 -0.639076 0.282969 -1.033698 -0.391718 0.184694 0.349029 -0.139283 0.617966 0.579493 -1.230795 -1.177228 1.114905 -1.694632 -0.454497 0.546256 -0.169450 0.769770 0.791863 1.001428 1.544683 -0.926304 -0.180280 0.753212 -0.880383 0.983648 -0.428269 1.133283 0.058830 -0.184971 -0.239388 
-1.122199 0.493472 -0.678521 0.235428 1.136185 0.869809 -0.281604 -0.327392 0.635970 -0.046393 -0.171907 -0.925333 0.282123 -0.511584 -1.716597 0.123560 -1.372346 -0.731902 -0.119133 -0.844612 -0.924571 0.380390 -1.093537 -2.184897 -0.613289 -1.055813 -0.524709 -2.009583 0.977069 0.625895 -0.724282 -0.252926 1.215948 -0.544758 -0.049166 0.600786 
0.175832 0.338503 -1.877253 0.077427 -0.868916 -0.778140 0.024109 0.636495 -1.101180 0.236123 0.373197 -0.397489 0.561608 0.387714 0.320449 -0.387293 1.429415 -0.432987 -1.588308 -0.623396 2.301044 1.534245 0.457541 -0.218627 0.985590 0.849766 -1.069262 0.328941 1.638590 -1.533329 0.984382 0.560880 0.730783 0.782733 0.119733 0.603584 
-1.068702 -0.356840 -0.754475 0.409523 0.603030 -0.149873 -0.500673 1.125291 1.481070 -0.480186 -0.132156 1.107499 -0.979679 -0.483208 0.109175 0.733343 -0.602658 -0.491526 0.575105 -0.041689 1.917719 1.098244 1.350428 -0.512688 0.291448 0.149604 -1.404397 -0.141625 0.207760 1.807703 1.030165 -1.059950 0.290498 1.329909 0.564530 0.533180 
-0.249099 -0.553037 -0.572208 0.552210 -0.634101 -0.661756 -0.129856 1.454412 -0.914318 0.101705 -1.272199 -0.588560 0.095326 1.659598 0.292747 -0.675377 1.723915 -0.244893 1.694467 0.181999 -1.262631 -0.135241 1.044355 -1.053937 -0.310393 0.803445 1.681323 0.210108 0.754150 -0.026233 -1.322774 -0.570432 -0.524310 0.860897 -0.971773 -0.889016 
