0.280572 0.233176 0.289387 -0.049607 -0.265235 -0.006246 0.237383 0.292380 -0.961619 -0.164720 0.294151 -1.974869 -3.399603 0.233821 0.110794 0.335430 
-0.065838 0.129734 0.312873 -1.801883 -1.074428 0.328394 -0.659239 0.031816 0.413950 0.378355 0.254877 -0.655507 -0.060304 0.088569 -0.059851 -0.108219 
0.144683 0.382189 0.259078 -0.716317 -1.829141 0.410428 0.308970 0.036219 -0.080997 -0.219612 0.052426 0.809896 -1.515029 0.124328 -1.128748 0.622794 
0.619290 0.481346 0.039730 -3.074782 -0.952278 -1.427350 -3.487961 0.095888 0.199314 -1.176918 0.434171 0.241376 0.356545 -0.615472 -0.199309 0.373783 
-0.558141 -0.069414 0.062183 -0.179305 -0.531367 0.049221 -0.115290 -0.299215 -1.219954 0.317454 0.393823 0.418555 0.383274 0.480402 1.146497 -1.619432 
-0.944193 -0.351000 0.383812 -0.046797 0.035600 0.237916 -0.102754 -0.468556 -0.390074 -0.185041 -0.463784 -0.551530 0.583550 0.170497 0.066834 0.140955 
0.206881 0.210797 0.264246 -0.649883 0.185035 -8.314830 -2.902277 0.357669 -0.108423 0.294912 0.084578 0.413469 0.188175 -2.491109 -0.113550 0.425372 
0.339891 0.189913 -0.752401 0.416947 -0.693153 -0.393610 -0.141595 0.392879 0.176621 -0.452051 -0.194690 0.418911 0.409239 -2.032518 -0.924597 0.805038 
0.305666 -0.624263 0.284408 -0.470562 0.597431 0.124114 0.024236 0.052909 0.489024 0.014347 -0.930256 -0.230663 0.474758 -0.241414 0.662239 -0.693678 
-0.210963 0.659657 0.129006 -0.313973 -0.559579 0.148819 0.196143 -0.249526 0.191606 0.582680 0.582891 -0.773665 -1.999815 0.166684 -1.889791 -1.155252 
-0.972272 0.223603 0.075871 1.048862 -0.214744 -0.295627 -0.795252 -0.583134 -1.111661 -0.842268 0.164410 -2.690500 0.556432 0.328057 -0.823031 0.367679 
-0.030405 0.354517 0.183138 0.464234 -2.422244 0.650090 -0.620071 0.262123 -0.687702 -0.096621 -2.352733 0.179424 -0.799248 0.456843 -0.326952 0.135382 
0.287093 -0.229299 -0.366515 -0.656312 -0.341387 0.690216 0.678763 -0.729846 -0.235799 -0.050473 0.595088 -1.230752 0.425006 0.081361 0.713037 0.033706 
-0.027507 -0.385605 0.007549 1.092532 0.551183 -0.255190 -0.377323 0.336498 -0.069745 0.230393 -1.479324 0.920323 0.437975 -0.434350 -1.219474 -0.102724 
0.304165 -0.588089 0.233902 0.576180 0.045597 -0.032287 0.288029 0.209037 -0.302581 -1.075946 0.686104 -1.022793 -1.676027 0.006908 -0.547956 -2.476088 
0.022660 0.179007 -0.302064 -0.244908 0.366335 -0.050680 -0.146625 -0.277228 0.404759 1.267138 0.344419 -0.448387 -0.553292 -0.510398 -2.358275 -1.055151 
0.044693 -0.562282 -0.555851 -0.147703 -0.068519 -0.196591 0.720841 0.408255 0.534602 -0.674328 0.377694 0.923133 -0.213717 0.254083 -0.460963 -0.772719 
0.420096 0.080752 0.352931 0.477204 -0.615222 -0.125699 0.440559 0.317600 -1.046451 -0.648955 0.005079 -1.637879 -3.004584 0.494972 0.289602 -6.132107 
-0.019906 0.437176 -0.225300 0.058186 0.848944 -0.481295 -0.928320 -0.262316 0.718262 0.942693 -1.129447 0.019963 1.012396 -0.279190 0.744991 0.678161 
0.242621 -0.115174 -0.053273 0.609211 -1.689235 -0.407790 0.648040 0.016718 -0.307900 -0.239545 0.044037 0.159186 0.485421 -0.037536 -0.064000 -2.799130 
-0.405401 -0.216637 0.200644 0.714426 0.924189 0.485204 -0.380783 0.181423 -1.125777 0.383246 -0.874274 -1.879154 -2.273310 0.313538 0.983242 -0.783734 
0.337578 -0.108106 0.182728 -1.334344 -1.435967 0.237203 0.223441 0.158083 0.335551 0.330906 -2.040601 0.330158 0.218063 -0.038695 -0.829186 -1.242734 
-0.220639 0.122505 -0.294713 -0.432539 0.467667 0.173420 0.121980 -0.322980 0.902788 -0.789710 -1.101622 0.229991 1.046467 -0.058914 -1.121279 0.188366 
-0.146635 0.087131 -0.075520 -1.997090 0.137101 0.355948 0.205533 -0.587262 0.098896 -0.504158 0.146095 -1.454360 1.087825 -0.184833 0.009352 -4.356561 
0.024440 -0.055345 0.338913 -1.463354 -0.238829 0.501362 0.301420 0.349552 -2.062540 -0.336684 0.204026 0.119212 -1.976961 0.202624 -0.018017 -0.717179 
-0.079816 0.110763 -0.254568 0.117188 0.614506 0.137402 0.308880 -0.088136 0.532739 0.116131 -0.370571 0.225716 -2.385291 -0.173631 -0.305963 0.259909 
0.075826 -1.287339 0.161390 0.443079 0.269416 0.305800 -0.342583 -0.441702 -0.612219 -0.320253 0.025533 0.417566 -0.190303 0.132471 0.129321 -1.207720 
0.120483 0.298051 -0.091207 -0.025622 0.416347 -0.805705 -1.353034 0.207446 0.532125 -0.208252 -0.101200 0.808415 -0.498448 -0.541170 0.195056 -0.052136 
-0.711448 0.142010 0.258499 0.815581 0.107259 0.151426 0.427936 0.068777 -0.686612 -0.788168 0.358816 0.612673 -0.381438 0.044604 -1.330238 0.349967 
0.025435 -1.598595 0.033778 0.823570 0.529072 -0.111184 -0.618263 0.032208 -0.483619 0.626026 0.486663 -2.497025 0.869219 0.096119 0.077395 1.002019 
0.044114 0.326676 -0.332902 -0.432856 0.487678 0.414557 -0.019226 -0.574533 0.143033 0.080814 -0.105102 0.301440 0.199196 0.162406 -1.763891 -2.085121 
0.056923 -0.057613 0.037165 -0.189272 0.259535 -0.983062 -1.019172 0.126573 -0.474170 0.866233 -0.355001 0.336394 -1.900353 -0.050313 0.103472 -0.768559 
0.416511 -0.845699 0.277681 0.064336 0.037878 0.487663 -1.137573 0.060830 -0.281907 -0.185059 -1.563334 -1.664164 -0.013275 0.324802 -4.194913 0.500126 
-0.172827 0.770865 -0.067491 -0.876057 0.487924 0.103390 0.201507 -0.878645 -1.174049 -0.374040 0.882862 0.058008 -1.189953 0.368693 -1.376000 -0.025148 
-0.283296 -0.989890 0.358606 0.055663 -0.394189 -0.151420 1.022732 0.356383 -0.251456 -0.781282 0.383646 -1.172634 -0.347401 0.442398 0.891733 -2.942179 
0.461357 -0.463028 -0.208591 0.202796 -0.057803 0.321391 0.042106 -0.500123 -4.194834 0.306610 -0.227807 -0.750716 -0.186651 0.496629 -0.282277 -0.351896 
