-0.082240 0.175617 -0.188609 -0.015670 0.157057 0.235444 -0.146837 -0.142422 0.079101 -0.012570 0.128603 -0.006441 -0.018651 0.040211 -0.110951 0.073065 -0.483738 0.024979 -0.250470 0.095651 0.225820 0.038933 0.322514 0.115853 -0.249861 0.096031 0.348722 0.098446 -0.031869 0.197856 -0.156062 -0.012338 -0.156883 -0.210260 0.160462 -0.021215 -0.181509 0.186005 
0.033192 -0.291631 0.208110 0.058064 -0.099023 -0.211904 0.007078 0.266370 0.129532 0.015181 -0.184871 -0.079901 -0.022363 0.011032 0.016867 0.094784 0.260760 -0.315060 0.488902 0.134298 -0.275537 -0.354948 -0.252034 -0.298316 -0.157938 -0.123105 -0.377539 -0.032316 -0.187935 -0.244640 0.060368 -0.143471 0.214312 0.340462 -0.433512 -0.260837 0.164486 -0.059804 
0.537760 -0.578805 0.217681 0.001226 -0.073227 -0.208704 -0.290592 -0.031957 -0.030575 -0.253677 -0.380289 0.051161 0.273766 -0.211606 0.309162 -0.231449 0.339250 0.201454 -0.726364 -0.607260 0.696172 0.710054 -0.285517 0.649903 0.102668 -0.686508 -0.153419 0.065227 0.024109 -0.129392 -0.004682 -0.552533 -0.716725 -0.588698 0.552279 0.323659 0.336377 0.129669 
-0.055113 1.629414 0.251607 0.001708 0.190237 0.160908 0.209631 0.090707 -0.491531 0.306275 -0.078707 0.546551 -0.433495 0.586074 -0.320776 -0.356287 0.658034 0.483679 -0.352257 -0.152336 -0.429729 0.986860 0.865219 0.397861 0.538967 0.497079 0.469234 -0.045673 0.755433 0.539405 -0.035281 0.463079 -0.197355 -0.474753 0.844662 -0.477710 -0.893989 -0.623538 
0.122480 -0.473883 1.074699 0.794899 -0.179414 0.281180 -0.700989 -0.331150 0.432690 0.326638 -0.281251 0.808286 -0.078128 0.076948 0.090254 0.340680 0.177378 0.282148 1.154165 0.460264 -0.197527 -0.442423 -0.203292 -0.018481 -0.364860 0.456922 -0.286643 -0.296358 0.082381 0.300533 0.915698 0.300234 0.409353 0.222319 0.383086 -0.274805 0.090921 0.130811 
0.424218 -0.586520 0.501056 0.451327 0.438698 0.195576 0.412025 -0.461054 0.304862 -0.214501 -0.011516 0.608471 0.023645 -0.651758 -0.508160 -0.394483 0.052867 -0.346464 1.093680 0.145279 0.352372 -0.363033 0.384535 0.101782 0.114368 -0.110977 -0.165707 -0.328818 0.336303 -0.389907 0.233263 0.016269 0.444535 0.172222 0.554905 0.497265 0.114399 0.117277 
1.177226 -0.683998 -0.234732 -0.697679 -0.081736 -1.399504 0.462947 0.677852 -0.350863 -0.581973 -0.099416 0.716605 -0.660774 -0.457368 0.367090 -0.486321 0.002591 0.098939 -0.326831 -1.531361 -0.021707 -0.035313 -0.130103 0.329254 0.500710 -0.549427 0.742353 0.444713 0.129510 -0.866640 -0.332062 0.569750 0.325492 -0.238476 0.401400 0.060929 0.139117 -0.941930 
-0.810884 -1.077548 0.789653 0.216304 0.846113 0.106733 0.309914 0.886194 -0.054133 -1.347580 0.520428 0.678812 1.487017 0.267085 -0.209366 -0.921507 -0.294543 -0.001494 0.445628 -0.303263 0.130558 0.505372 0.048096 -0.138318 0.338489 0.631542 0.726914 -1.794093 0.451225 -0.015741 -0.363859 0.104238 0.062708 -0.369714 0.150773 0.317434 0.728710 0.804890 
-0.435767 0.662722 -0.166163 -0.345778 -1.691175 1.330098 0.397364 1.720757 -0.647123 0.176621 1.063337 -0.288133 -0.436873 0.694508 1.049375 -0.127334 0.363953 -1.036737 0.539444 -0.940416 -0.282098 0.720991 0.471152 1.548372 0.415932 -1.377129 -0.306455 0.903989 0.424188 0.329204 1.496841 0.372804 0.563020 0.792601 0.223909 -0.865051 0.018007 -0.107718 
-0.424591 -0.743838 1.727982 0.743127 0.717046 0.560295 0.271855 0.608172 1.915573 1.099871 -1.719257 -0.512043 -0.080464 2.140446 0.295620 0.803861 -1.685906 0.365696 -0.457176 0.095908 -1.066155 -0.528726 0.410793 0.535400 -0.290368 0.127033 0.215860 0.147019 0.513899 -0.445308 -1.547121 0.285507 -1.423424 0.245044 -0.672362 -0.856562 1.150744 -0.021611 
0.984530 -0.297299 -0.061326 0.565078 0.035280 -0.154453 -0.885082 -1.057205 2.086878 -0.543851 1.585756 -0.860586 0.328450 0.036934 0.296357 -1.235665 -0.588865 -1.420180 0.447304 -1.382806 -0.682233 0.943433 -0.586471 1.354406 -0.171238 0.694831 0.236004 -1.371403 0.713683 -0.606777 0.240140 0.850052 1.329030 0.654793 0.460996 -0.276756 -0.859796 1.037154 
0.773764 -0.027674 0.401619 0.517599 1.215304 -0.649978 0.635291 -0.162230 -0.300949 -1.687627 0.064212 -0.267733 -0.326126 -1.937767 1.058571 1.146634 -0.767944 0.194409 1.772275 0.920275 -0.502660 0.424563 -0.335782 -0.752912 0.013712 -0.133643 0.754023 0.102861 0.234320 1.112711 -0.254323 -0.563095 -0.823983 -0.356542 -0.072284 0.006992 -1.588524 0.427176 
0.148803 -0.401318 -0.959120 -0.056909 -0.694472 -0.554718 -0.157347 1.050601 0.225866 -0.915999 1.112826 1.215432 0.383156 0.855017 -0.547112 0.114947 0.354739 0.282592 -0.805763 0.880688 0.344199 -1.296412 -0.221581 0.062246 -0.571989 0.991919 0.824995 -0.525847 -0.727389 0.148066 0.611937 -0.495869 0.856602 -0.128811 -0.194494 -0.070558 0.335603 0.163920 
-0.545227 -0.148466 0.367327 0.877053 0.610282 0.804357 -0.844767 0.579417 1.621322 -1.362959 0.004601 -0.431081 -2.706574 0.175237 -0.210428 0.467530 -0.934690 -0.201062 0.519319 0.434120 -1.477666 0.024473 0.937902 -0.509333 1.151831 1.144866 0.680603 0.227392 -0.553199 -0.789013 -1.005485 -0.376745 -1.390228 0.990313 -0.458229 -0.484508 -1.479974 1.333481 
-0.679593 -0.621316 -0.045515 1.463192 0.565371 0.499589 -1.312285 1.201694 -0.720193 0.672860 0.079982 0.349229 -2.304746 1.178225 -2.404489 0.311061 -0.596554 -0.040677 0.741281 -2.193214 -0.632529 0.542620 -1.028273 -1.625000 2.321867 -0.306371 -1.291502 0.379948 0.096565 -0.763937 -0.152259 -0.173832 1.573853 -0.217553 0.009485 0.618476 0.200960 -0.178744 
-0.084722 -0.127864 0.851119 1.504522 -1.455992 -0.676215 0.388698 -0.762814 -1.260974 0.362326 0.934833 -1.093915 -0.903829 0.001785 1.144583 -0.147974 -0.058592 0.774906 -0.476487 0.154990 1.258062 1.051597 0.131753 0.172800 0.323012 0.256399 -0.156878 -0.562558 -1.005839 0.575035 0.654390 1.871991 0.241570 0.644217 0.554295 1.516903 1.252428 -0.750284 
