-0.392120 -0.171326 0.036388 0.386567 0.420528 0.138630 -0.424274 -0.042021 0.150092 -0.180770 0.485018 -0.295383 -2.937535 -0.158350 0.267241 0.649773 
-0.167206 -0.374707 -0.171902 0.983391 0.356082 -0.518350 -0.846232 0.122770 -0.346046 -0.373135 0.277269 -1.762534 -1.410808 0.294836 0.046260 -0.734667 
0.240976 0.119620 -0.306115 -0.520836 -0.084116 -4.181248 -1.725366 0.216218 0.607636 -0.125445 -0.324334 0.848164 0.921583 -3.226373 -1.278308 -0.031052 
0.188082 0.028732 -0.734379 0.405717 -0.271784 0.626443 0.427556 0.461540 -0.692765 -0.270504 0.038050 0.285116 -0.317115 -0.960820 0.154759 2.026445 
-0.195076 0.058036 -0.040885 -1.529971 0.336338 0.301785 -0.000037 -0.731487 0.589998 -0.070758 0.703394 -3.226938 0.177603 0.087978 0.182977 -0.680600 
0.477913 0.092868 0.191176 -0.277667 0.751580 -2.060026 -0.460685 0.249062 0.434574 0.426154 -1.011707 0.032160 -0.100010 -0.002165 -0.258311 -0.520152 
-0.014590 -0.592765 0.346540 -0.568113 -1.817084 0.645108 0.301066 0.203570 -0.733278 -0.309514 -0.349625 -0.647773 0.275015 0.449907 0.064946 -4.362659 
0.063017 -0.810949 0.047698 -1.304865 -0.561278 0.540747 0.572884 -0.189987 -0.101460 0.295303 -0.728384 -1.255649 -0.794534 0.109753 -1.858268 -0.100433 
0.032561 -0.131643 -0.234999 1.192218 0.425052 0.181340 0.515113 -0.452072 0.284191 -1.247493 -1.683448 -0.187329 0.909812 0.058795 -0.671959 0.207303 
0.221727 -0.811583 0.201030 0.531556 -0.619344 0.369116 0.331594 0.222255 -0.049590 -1.784551 0.394724 -1.598967 -2.201395 0.088638 -0.893039 -1.990497 
-0.104339 0.327066 -0.048821 -0.999850 -0.949005 -0.178829 0.663882 0.118567 -1.463867 0.618699 -0.456696 0.837435 0.228465 0.170441 0.612770 0.425419 
0.427460 -0.592908 0.424804 0.171545 0.378697 -0.831426 -0.499113 0.423077 -0.539245 -1.353824 -0.040452 -0.536145 -0.454865 0.365846 0.669096 -0.605653 
-0.611927 0.313537 0.195962 -0.460086 -0.008942 0.491436 0.405261 -0.486315 -1.996554 -1.577644 -0.003486 0.551610 -4.273343 0.124330 -0.440790 0.135278 
0.251253 0.644943 -0.085583 -0.259223 -0.311406 0.059000 0.399575 0.152662 -0.128197 -1.007006 0.021015 0.360947 -2.983533 0.066305 -0.164484 1.011829 
-0.006021 -0.801363 -0.166235 0.642043 -0.257133 0.453449 0.223145 0.092039 -0.558658 0.468468 -0.245344 -0.825393 0.795743 -0.150128 -0.659853 -4.395436 
0.099836 0.668914 -0.303230 -0.529285 -0.853772 -0.061335 -0.113186 -0.704809 0.589739 0.632958 -0.415670 -0.518001 -0.232319 0.080017 -1.499128 -3.410667 
0.118880 0.028557 0.293964 -1.160891 -0.262156 -3.683042 -3.570137 0.322657 -0.047769 0.009345 -0.070834 0.188240 0.051784 -2.811813 -0.256399 0.314271 
-0.283511 0.153130 0.202692 -0.394308 -0.400429 -0.401787 -0.409014 0.332005 0.588176 -0.517403 -0.492830 0.202213 0.335977 -0.540008 -0.518620 -0.757860 
-0.268504 0.153860 0.101677 0.502583 -0.495512 0.230668 -0.066742 -0.213072 -1.395599 0.626167 0.071505 -0.062512 -2.147034 0.281620 -0.027050 -1.912866 
-0.677051 -0.523897 -0.255362 0.437212 0.910678 0.397785 -0.872193 -0.811028 0.077111 1.121983 -0.295293 -1.331522 0.044929 -0.123896 -1.921529 -0.841609 
-0.301012 0.034200 0.306029 0.489724 0.677307 -0.398785 -0.607990 0.430877 -0.867932 0.510682 -1.790585 -1.019616 -0.716834 0.236499 1.093811 -0.125065 
-0.448290 0.038982 0.100887 0.583818 -0.354055 -0.066594 -0.015053 0.148902 -1.443386 -2.500992 -0.204479 -1.785447 0.561511 -0.103444 -0.669823 -0.293943 
0.217106 0.148049 0.005090 0.695296 -2.282288 0.125843 0.395479 -0.248140 -0.168316 -0.322425 -0.694636 0.649929 -0.185435 0.152072 -1.046055 -2.399527 
-0.613471 0.099831 0.361941 -0.221455 0.517413 0.060135 -0.313141 -0.187267 -0.313218 -0.090529 -0.240645 -1.051483 1.205586 0.206905 0.841103 1.475580 
0.243069 0.127976 -0.291793 -0.539921 -0.086164 0.198562 -1.069751 -0.438753 0.176849 0.304164 -3.184455 0.440013 0.501036 -0.410734 -1.718414 0.222723 
0.225465 -0.336895 0.225688 0.086287 -0.689273 0.202680 0.798046 -0.175866 -2.279876 -0.310672 0.449691 -2.059761 -0.765736 0.282699 0.371643 -1.756397 
-0.200759 0.227276 0.189575 0.201606 -1.087799 0.082368 -1.156263 0.286550 -1.196970 -0.202475 -3.074839 -0.221204 -1.485119 0.391023 0.205166 0.453046 
0.474508 0.257070 0.134423 -1.952730 -2.872709 0.140972 0.108113 0.191139 -0.874623 0.140007 0.325533 0.864242 -0.078115 0.168769 -0.386241 0.412159 
-0.148166 -0.675658 -0.506006 -0.299732 -0.764505 0.429302 0.568902 -0.545224 -0.556840 -0.001802 0.602915 -0.027281 0.089475 0.289801 0.554059 -0.921997 
0.405742 -1.155415 0.190896 -0.897990 -0.550011 -0.382795 -0.103944 0.444128 -1.077237 0.367037 -0.831406 -0.443980 -0.422996 -0.179681 -0.535986 -0.656007 
0.577687 0.601245 -0.253893 -1.981468 0.194470 -0.986933 -1.165555 0.018810 -0.014802 0.777205 0.494937 -0.063513 -1.479563 -1.825962 -1.456012 0.707010 
0.526112 -0.137531 -0.203780 -0.283459 0.079620 0.848285 0.150659 0.025020 0.093905 -0.425499 -0.308682 0.599353 0.187251 0.326317 -1.900035 -0.520302 
-0.068102 -1.002143 0.149276 -0.064145 1.155639 -0.320590 -0.749973 0.156876 -1.023167 0.664579 0.491942 -2.772001 -0.810269 -0.072835 -0.698579 0.812190 
-0.892751 -0.321867 0.287574 0.504688 0.371476 -0.350401 -0.313736 0.388064 -0.303353 0.136263 1.230873 0.961325 0.194874 0.572299 -0.522225 -1.732186 
0.014952 0.465815 0.171624 -1.303630 -1.591156 0.262592 -1.512854 -0.158384 -0.316246 -0.494868 0.623918 -1.232105 0.845720 0.146495 0.302049 -0.464862 
-0.148549 -0.102447 -0.114394 0.108024 0.997783 -0.879069 -0.040362 -0.057485 0.500488 0.424609 -0.660401 0.079991 -0.381683 -0.472038 0.648724 -0.680290 
0.369598 -0.872155 0.228625 0.219330 0.768347 -0.361716 -0.873278 -0.218295 0.430295 0.141768 -0.434778 -0.398847 -2.559711 0.135843 0.167899 -7.833755 
-0.680419 0.407171 -0.162997 -0.554985 1.105827 -0.082602 -0.431766 -1.092464 -0.284372 -0.262841 0.553407 0.204467 -0.092625 -0.063177 -0.753482 0.465379 
