0.465639 -0.256578 0.225140 0.000055 0.018172 -0.029490 0.054714 0.097590 0.046082 -0.173554 0.145956 0.035748 -0.163695 0.301657 0.284661 0.238878 -0.200915 0.094861 0.023485 -0.138121 -0.038280 -0.100778 0.214942 -0.016524 -0.057928 -0.202657 0.267931 -0.171762 -0.199788 0.088969 0.186778 -0.235758 0.040199 0.223532 -0.103570 -0.047905 -0.029296 0.129829 -0.142302 -0.044714 
-0.335468 0.326971 -0.158445 0.100754 0.011484 -0.094757 -0.117369 0.079013 -0.069389 0.233603 -0.116626 -0.000990 0.066608 -0.417975 -0.034094 -0.117224 0.335872 0.006622 -0.032378 0.424806 -0.024618 0.051495 -0.238520 0.204360 0.072184 0.438491 -0.168662 0.418665 0.233013 -0.278999 -0.352002 0.076030 -0.129596 -0.286337 0.100242 -0.176405 0.195741 0.033632 0.433220 -0.147636 
-0.526394 0.321428 0.054476 -0.276635 -0.349579 -0.058069 -0.079585 0.383223 -0.517548 -0.209191 -0.462786 -0.553938 0.585422 0.095279 -0.224253 0.062461 0.427562 0.097594 -0.510316 0.262730 0.140255 -0.276214 0.191088 -0.756443 0.432327 -0.481870 0.169734 -0.589912 -0.061690 0.229147 0.180838 0.079181 0.461639 0.826320 -0.003121 -0.123373 -0.254861 -0.198716 -0.862143 0.670948 
-0.512836 -0.530420 0.098348 0.014690 0.360383 0.205425 0.821838 -0.361058 0.484354 -0.071581 -0.218881 0.427644 0.153346 0.143248 -0.252054 0.086279 -1.549652 0.035498 0.875830 -0.887778 0.489463 0.087300 -0.208891 -0.151038 0.390605 -0.759646 0.094400 -0.621065 -0.216700 1.014990 0.390744 0.438405 -0.192304 -0.807217 -0.297453 0.322933 -0.491641 -0.187847 -0.862552 0.289418 
-0.415924 0.139362 -0.050066 -0.108759 -0.659643 0.043385 0.048721 -0.035057 -0.210346 0.506413 -0.381931 -0.018329 -0.083650 -0.432950 -0.136461 0.178540 0.247392 0.349153 0.480152 -0.070939 1.103255 0.189149 0.065696 0.837169 -0.543358 0.477415 0.000844 -0.743679 -0.586638 0.175916 -0.304254 0.259593 -0.453512 -0.101858 -0.535065 -0.701549 0.441923 0.222973 0.286498 -0.655930 
-0.129693 0.104937 -0.260748 -0.141403 -0.620135 0.266675 -0.442959 0.170758 -0.361476 0.135970 -0.332137 -0.179514 0.296846 -0.006231 -0.013411 0.481549 0.731981 -0.086700 0.375264 -0.270427 0.464083 0.371926 -0.045905 0.124617 -0.444042 0.519187 -0.352887 -0.098288 0.628968 0.207285 -0.846245 0.241494 0.133615 0.312077 -0.247612 -0.319096 0.256879 0.669160 0.040087 -0.359914 
-0.094056 -0.768779 0.260737 -0.008838 0.883112 0.858003 0.428731 0.051140 0.179803 0.775738 -0.428800 0.760641 0.091260 -0.575447 -0.364313 0.443062 0.801185 -0.100301 -0.460790 -0.389281 -0.228450 0.909564 -0.752349 -1.171146 0.433676 0.066100 -1.185831 0.090510 0.322191 0.749614 -1.013804 0.288270 1.018253 0.249660 0.730483 0.793949 -0.191795 0.142895 -0.624239 0.027692 
-0.052751 -0.823365 -1.728425 0.183935 0.224463 -1.017147 -0.880964 0.375036 -0.336983 0.495194 0.936138 -0.667011 -0.228179 -0.320055 0.166513 -0.697340 0.817468 -0.558508 0.620886 -0.402833 0.531773 0.847007 0.384184 -0.346528 0.618963 -0.143135 -0.620548 -0.524995 0.640232 0.504262 0.915662 1.153403 -0.363106 0.624681 -0.649465 -0.024573 -0.398306 0.067972 -0.250752 0.140900 
0.887707 0.003135 0.327834 -1.192776 -0.607975 -0.003306 -0.366537 0.498824 1.036837 0.227069 -0.964205 0.376433 0.620975 0.033435 -0.845211 -0.151130 -0.789801 -0.100204 -0.017612 -0.436270 0.101241 -0.798910 -0.059568 0.609583 0.923704 0.867929 -1.890711 0.739354 -0.174264 -0.341924 0.054629 0.549851 -1.062915 -0.614990 -0.179331 0.081057 0.053515 -0.729181 -1.005807 0.662167 
0.253050 -0.891866 0.861068 -0.790992 1.053555 0.230864 0.340626 0.372678 0.457567 1.195930 0.840958 -0.076383 0.355178 -0.830194 1.380373 0.383221 0.535623 -0.307756 -0.607906 0.786587 0.978699 -1.144195 0.437624 -1.025807 -0.410103 -0.349157 1.142596 -0.106442 0.667645 -0.461178 -0.302585 0.577100 -0.335184 -0.479296 -2.094237 -1.084206 -0.543512 -0.798203 0.079019 -0.831159 
0.926219 0.311270 -1.082856 -0.053674 -0.666364 -1.333646 1.216928 -1.436166 -0.579076 -0.249521 0.583645 -0.788332 -0.235568 -0.248325 0.620319 0.271884 0.005326 1.633047 -0.312375 -0.174079 0.657659 0.854581 0.013126 -0.165287 -0.623007 0.249796 -1.057073 0.497754 -0.971455 -0.739656 -0.054403 1.223814 -0.503578 -0.513375 -0.010853 0.744563 -0.526475 0.637343 -1.905584 -0.210923 
0.335076 -0.577283 0.028125 -0.357012 -0.352251 -1.102736 -0.934928 -0.537264 -0.282744 -2.348841 0.158623 -0.389407 -0.560056 -0.671739 0.062996 0.016885 0.523144 0.027744 -0.305920 0.003765 -0.514916 0.149760 0.724549 0.453007 1.244995 0.340811 1.046738 -0.271416 -0.098050 0.307738 -2.069910 -0.778621 0.559131 -0.549690 -0.227678 -1.880602 -0.348053 1.194040 0.799029 0.568250 
0.438140 -1.012596 0.418846 0.108007 0.274001 0.757652 0.530290 0.541598 -1.090580 1.108034 -0.111207 0.780719 1.542827 -0.593974 0.108643 -1.168263 0.343813 -0.075927 0.530422 0.829671 0.434343 0.812988 -0.862984 0.178809 0.423186 0.112807 -0.226623 0.557655 0.119660 -0.142163 1.429958 -1.212205 -0.654311 0.621211 0.624470 0.202374 -1.302880 0.111178 0.180679 -0.292856 
-0.105790 -1.109121 0.398826 -0.139115 -0.346355 1.057759 1.474654 0.299679 -0.875489 -0.618950 0.106539 0.313675 -1.020701 0.460630 1.203581 1.135428 0.153803 0.955023 0.572557 0.103274 0.244151 0.746315 1.988045 -0.602969 0.968431 1.614016 1.448051 0.159451 1.231245 -0.123191 -0.062840 0.364819 -0.310032 -1.252921 -0.056481 -0.444434 0.314864 -0.440729 0.135195 -0.356661 
0.912958 0.416499 0.851484 1.932520 0.237196 0.374969 1.196848 0.136392 -0.820266 0.380582 0.574161 -1.204755 0.354098 -0.282944 0.132597 0.193952 0.522385 2.132761 0.734634 -0.064349 0.865542 -0.800745 -0.390655 -1.077012 0.236750 1.032992 -1.169473 0.160421 0.235786 0.391520 -0.653264 -0.132203 -1.080667 -0.326705 -0.049188 0.566753 -0.080646 -0.735121 -0.011493 0.776786 
-0.201405 -0.389937 0.345530 -1.037331 0.812451 0.100640 1.342984 -0.766895 -0.157720 0.312249 0.634017 -0.103612 -0.397176 0.749896 -0.435041 -0.287311 0.845008 -0.848872 -0.570708 -0.600607 1.127754 -0.534657 -0.652893 1.035412 -0.947519 0.520440 -0.759189 0.358144 -0.137821 -0.071640 0.243136 1.234795 0.309659 0.726327 0.188527 -0.895597 1.482573 0.269558 -0.706225 1.616169 
