0.013577 0.126852 0.097600 -0.452012 0.022147 -6.661842 -2.601288 0.216980 0.282335 0.251015 -0.050690 0.420776 0.555317 -1.682013 -0.244952 0.311829 
0.197305 0.138026 0.514452 0.037899 -1.613812 0.159687 -0.957939 0.532114 -1.113868 -0.226238 -1.484495 -1.272895 -2.538005 0.242461 0.331438 0.643758 
0.008110 0.773681 0.204476 -1.535928 -4.522675 0.315749 0.484793 -0.269752 -0.603205 0.223567 0.414139 0.075191 0.047972 0.384191 -0.647983 -0.887880 
-0.381858 -1.048745 -0.032454 -0.130163 0.404803 0.572604 -0.073255 -0.419898 -0.294909 -0.214144 -0.078789 -0.392170 0.982141 0.173247 0.532376 0.242887 
-0.130327 0.350520 -0.422948 0.098884 0.688481 0.526705 0.519594 -0.392759 0.619532 -0.331480 0.051958 -0.414670 -0.134811 0.195999 -0.133000 -0.276024 
-0.108973 -0.003235 0.125679 -1.217916 -0.554948 0.508011 0.259191 0.263563 -2.672050 -0.648659 0.023715 0.901720 -0.922972 0.085077 0.596292 -0.944917 
-0.344097 0.311512 -0.066176 0.217202 0.363276 0.340054 0.704246 -1.346671 -0.910276 -0.541158 0.316212 -0.875155 -1.251333 0.112564 0.014294 -1.469532 
0.312452 -0.713496 -0.014281 -0.444952 0.115262 -0.079285 0.037965 -0.371348 0.408930 0.220075 -0.455938 0.253918 0.484831 0.139325 0.273013 -3.068046 
0.204503 -0.831490 -0.210132 0.164356 -2.604726 0.546084 0.530819 0.002250 -0.861718 -1.028381 0.278574 -2.011281 -0.493884 0.151711 -0.246346 -2.048798 
0.233260 -0.321573 0.128424 -0.450174 0.001167 0.154637 0.107265 0.193027 -0.787932 -0.465032 0.143139 0.213708 -2.510752 0.229598 -0.470703 0.034945 
0.091557 0.089316 0.194208 -0.046886 -0.188768 -0.261542 -0.108509 0.053328 -1.304066 0.100679 0.632406 -0.812393 -1.687120 -0.025127 -0.413091 -0.964778 
0.199813 0.495069 0.105527 -0.192134 0.945250 0.024879 -0.222177 0.168056 -1.848449 -1.336447 0.844066 -0.177414 -0.468618 0.374626 -0.531413 -0.318767 
-0.150590 -0.161894 0.099152 -0.567033 -1.240092 0.207288 0.586696 0.398293 0.249156 -0.306506 -0.348598 0.239035 -1.006651 0.138473 -0.021303 0.257596 
0.119346 -0.051043 -0.022313 0.509237 0.226668 -1.454682 -1.370958 0.101956 0.404375 0.561936 -0.933018 0.366207 -0.697656 -0.724484 -0.193883 -0.258656 
0.459614 0.570677 -0.111792 -2.066916 -0.220898 -0.932520 -0.626148 -0.305852 -0.065977 -0.538077 -0.185740 0.367567 0.455702 -2.766026 -2.282219 0.394757 
0.120054 -0.179804 0.417544 0.046198 -0.546204 0.439033 -0.162890 0.369206 1.173312 -0.629105 -0.045295 0.646499 0.091507 -0.111745 0.125118 -0.354403 
0.152642 -0.189847 -0.089866 1.127683 0.430074 -1.120343 -0.068119 0.311629 0.500204 -0.546538 -0.443960 -1.024211 -0.773207 -0.156553 -0.339358 0.247414 
0.012298 -0.858599 0.331574 0.915058 0.366168 0.673418 0.200215 -0.012714 -0.011501 -0.456436 -1.111465 -0.124558 -0.128885 0.110824 0.058608 0.601857 
0.135136 -0.861936 0.057471 0.560736 -0.300706 0.364491 -0.262743 -0.322443 -0.160984 0.162540 0.127080 -2.185513 -0.885561 0.395988 0.398045 -1.033925 
0.311376 0.235895 -0.218467 -0.543752 -1.252367 0.600034 0.013401 -0.178041 -0.014173 -0.237909 -1.007017 0.173850 0.795383 0.338739 -0.261960 0.275980 
0.528360 0.419832 -0.299725 -0.377121 -0.936182 -0.984142 0.304975 0.429978 -0.215383 -0.713511 -0.265577 0.713804 0.169379 -1.175600 0.238379 0.141102 
0.337769 -0.467847 0.227879 0.021368 0.565541 0.105645 0.443913 0.315288 -1.731961 -0.796660 0.174084 -1.236236 -1.625244 0.409787 -0.467391 -1.256904 
-0.083324 0.078343 0.374854 -1.454502 0.768297 0.058769 -0.425224 -0.318302 -0.754295 0.114915 -0.153062 -0.000668 0.143169 -0.477156 -0.504776 0.646992 
-0.054079 -0.460638 -0.070648 0.345104 0.859274 -0.116591 -0.462216 -0.625192 0.324464 1.174417 0.518148 0.494763 -0.769181 -0.170995 -0.942701 0.247589 
0.216525 -1.339195 0.057441 0.282099 -0.253846 0.660414 -0.569277 -0.144618 -0.674809 -0.235848 -0.995044 -0.960705 -0.214540 -0.009345 -0.921309 -0.262100 
-0.918395 0.427742 0.310015 0.758834 -0.227642 0.611416 0.077162 0.250430 -0.770104 0.049050 -0.057998 0.465326 -0.737916 0.084883 -0.574036 -2.918261 
-0.190723 -0.387107 -0.132546 -1.363032 1.006182 -0.540116 -1.068019 -0.544886 0.085202 0.988757 0.008162 -2.140665 -0.371669 0.047289 0.003809 0.256663 
-0.108546 -0.634139 0.235117 -0.241077 -1.055948 -0.585240 0.395750 0.187502 -0.468182 -0.514754 0.273631 -3.233113 -0.140128 0.090872 0.576999 -1.584325 
0.341582 -0.097426 0.143243 -0.798145 -1.334359 0.188775 -0.024644 0.040011 0.276585 0.285938 -2.380388 -0.127495 0.493871 -0.220547 -0.785271 -1.430511 
-0.094630 -0.067297 0.285790 -0.410871 0.357235 -0.186635 -0.625370 0.027418 0.096969 -1.952899 0.341053 -0.484228 0.617598 0.556841 -0.022207 -0.051627 
-0.021470 0.093670 0.140254 0.136167 -0.734673 0.182378 0.254817 -0.001547 -1.067981 -0.039731 0.165471 -0.019810 -2.608363 0.445497 0.230768 0.368176 
0.101514 -0.119312 -0.349019 -0.451485 -0.186808 -0.098597 -0.042328 0.429733 -1.887758 0.350109 -1.098969 0.879010 0.606644 -0.518998 0.100665 0.086188 
0.276760 0.250719 -0.260324 0.201805 0.270906 0.044148 -0.103908 0.173826 0.467404 0.608247 -0.374996 -0.449701 -2.809771 -0.300783 -0.228599 0.627185 
-0.550700 0.142414 0.258236 -0.109269 0.693614 -0.195133 -1.072784 0.203506 -1.168035 0.302907 -0.743007 -0.727559 -1.042780 0.312703 0.476377 -0.207390 
0.233264 0.305958 -0.080804 -0.147434 0.691862 -1.656133 -2.333389 -0.087737 0.977311 -0.209370 0.373303 0.115285 0.735719 -1.159045 -1.165828 -1.769389 
-0.037636 0.253228 -0.562059 0.330860 -0.396570 -0.443991 -0.062268 0.297568 -0.147279 0.853516 -0.447778 0.847091 0.487214 -1.145661 -0.962187 1.024307 
0.257550 0.112527 -0.783113 0.017556 0.210717 -0.312738 0.232395 0.112031 0.192122 -0.058302 0.571083 0.436182 0.316287 -0.044647 -0.649052 -1.746774 
0.110527 0.120016 0.223075 -1.044336 -0.453606 0.173102 0.006649 -0.488542 -0.520478 0.664752 0.370429 -0.622918 -0.245306 0.060493 0.211709 -3.401064 
-1.013631 0.295727 0.182743 0.149268 -0.337128 0.170045 -0.833969 -0.686047 -1.341101 -0.028734 0.063796 -0.824904 0.909674 0.297128 -0.261519 0.025070 
-0.290176 -0.086177 0.077692 0.928035 0.221147 -0.857589 -0.268574 -0.041616 -0.301200 -1.259274 0.220586 -1.337215 0.142634 0.056938 0.114402 -1.076230 
