0.089994 0.161159 0.044210 -0.031642 -0.231862 -0.367716 -0.075074 -0.280261 -0.130739 0.039955 0.071937 -0.123715 -0.102200 -0.041300 0.171971 0.110858 -0.087833 -0.094522 -0.141219 -0.064319 -0.199968 -0.317497 0.100073 0.056962 -0.042991 0.083091 0.002510 0.068842 -0.185038 -0.172206 -0.152255 -0.502309 -0.110689 0.142775 -0.310064 -0.071916 -0.096812 0.108028 0.182891 -0.135892 0.253972 -0.024364 
-0.081132 -0.059922 -0.056152 -0.162517 0.117018 0.510472 0.171379 0.400446 0.369194 -0.213821 -0.097603 0.004999 -0.051944 0.004455 -0.167923 0.183859 -0.054699 -0.298116 0.024524 0.130301 0.094256 0.294850 0.034234 0.037159 -0.193202 -0.234372 0.131776 -0.037808 0.397504 0.201421 -0.006476 0.339534 0.396313 -0.292155 0.247996 -0.130444 0.080987 -0.159147 -0.310386 0.024990 -0.103473 -0.071909 
-0.567213 -0.462070 -0.292705 0.062113 -0.383938 0.021227 0.468975 -0.561128 -0.170624 0.530703 -0.153455 -0.168201 -0.460779 0.071479 0.052731 -0.288702 -0.063592 0.465745 0.158401 -0.909239 0.001022 0.460433 0.058580 -0.037465 0.187152 -0.120047 -0.142961 0.132585 -0.573389 0.108838 -0.320577 0.369664 -1.003604 -0.134721 0.088239 0.737741 -0.304566 -0.422482 0.474190 0.016676 0.300340 0.570407 
0.487572 -0.456283 0.336279 0.277618 0.494378 -0.535508 -0.794851 0.068532 -0.766714 0.753666 -0.311397 0.106541 0.510537 -0.266354 0.493233 -0.550162 -0.229144 0.202803 0.197446 0.218540 -0.099546 -0.800213 0.024943 -0.409574 0.344933 0.146040 -1.069488 0.137835 -0.440444 -0.502325 0.202356 0.697553 -0.647939 1.370580 0.115136 -0.191919 0.364612 0.300548 0.461391 0.220457 -1.134243 -0.821355 
0.044964 -0.105058 0.911838 -0.631233 0.190190 0.341793 -0.481006 0.377993 0.066544 0.375008 -0.742275 -0.076302 -0.251178 -0.005857 0.780637 0.437631 0.062330 -0.542017 0.501129 0.994055 0.138347 0.257716 -0.172598 -0.104520 0.320853 -0.206010 -0.018958 -0.480562 0.047860 0.705786 0.066502 0.801653 0.326056 -0.376339 -0.716292 0.056095 -0.280895 0.627001 -0.566280 -0.234923 0.167332 -0.033662 
-0.039624 -0.262561 0.252910 0.371513 0.343781 0.104019 0.028436 0.166203 -0.955261 0.204672 -0.325380 -0.113368 -0.161313 0.316796 -0.146955 -0.113613 -0.082687 -0.188282 0.057129 0.702292 0.386880 -0.503005 -0.173941 -0.421889 -0.058690 0.075110 0.352688 -0.985321 0.331138 0.831164 0.474115 0.289666 0.185167 -0.661852 0.256685 -0.176544 -0.294632 0.034668 -0.125005 0.025216 0.067905 0.569405 
-0.221899 -0.086523 -0.310001 0.752324 -0.122589 -0.157124 0.305957 1.395768 -0.360068 0.401550 0.412499 0.590381 1.162068 -0.543728 -0.177693 -0.809752 0.392780 0.409982 -0.134576 -1.071602 0.602292 -0.255884 0.323057 -0.220404 -0.346150 -0.148402 -0.096468 -1.852841 -0.005813 -0.036937 0.942589 -0.047313 -0.489446 -0.641559 0.634316 0.724156 0.503703 0.299932 0.416509 0.630072 -0.422145 0.144836 
-0.158895 1.167981 0.004972 0.097268 1.202467 -0.396856 0.214266 0.320002 0.046294 0.990072 -0.860803 -0.243517 0.590513 1.513277 -0.031975 -0.705611 -0.043924 -0.395259 0.074719 0.313145 -0.168145 -0.217109 0.850688 0.290505 -0.308548 0.311568 0.701652 0.345335 -0.295364 -0.265064 0.426557 0.125062 -0.310465 -0.806064 1.177911 0.267575 -0.078559 0.645012 -0.251675 0.677440 0.240088 0.053960 
0.475322 -0.148328 0.026706 -0.193181 -0.366319 0.085821 0.233976 1.077645 0.419987 -0.576274 -0.126392 0.552727 -0.130112 -0.937307 -0.218526 -0.721291 1.411866 -1.283770 -0.035447 0.664058 0.023064 -0.594342 -0.566810 -0.554962 1.579321 -0.684370 1.024464 0.284473 1.414098 0.378714 -1.107653 -0.385940 -1.131467 0.896587 0.875008 1.589321 -0.221664 -0.066643 -0.594601 0.287105 -0.091625 -0.179848 
-0.371437 -1.446162 1.212351 -0.265799 -0.626887 0.447951 0.834399 -0.394991 -0.125173 -1.061101 -1.849574 -1.029194 -0.370005 -0.313636 0.414284 0.030811 -0.704932 0.009406 -0.517857 -0.831881 -1.647788 0.462762 -0.542554 1.395911 -0.988255 0.049636 -0.921678 0.524637 0.020047 -1.531428 -0.564120 -0.130144 -0.176545 -0.459245 0.599791 1.175248 0.064462 0.974697 -0.922583 -0.040367 1.008744 -0.719341 
1.533696 0.988248 -0.075338 0.803860 0.624303 0.221335 -0.133399 1.483641 -0.852432 -0.623033 -1.067354 -0.770870 -0.918994 1.077402 -0.468284 -1.171718 1.209298 -0.084478 0.203807 -0.107568 0.461998 0.374297 -0.338729 -0.259745 0.781276 0.500976 0.130949 -0.105928 1.139089 0.068312 1.323339 -0.838410 -1.179958 -1.159386 -1.275536 -0.030702 -0.824522 -0.380624 0.515495 -1.536085 0.629571 -1.039143 
-0.579915 0.697570 -0.372150 -1.207469 0.497928 -0.692563 -1.079702 0.357206 -0.673429 0.373947 0.522788 0.305934 -0.063371 0.214813 1.325227 1.191432 -1.443590 -0.917936 -2.350929 -0.048835 0.074570 0.302400 0.641853 -0.994187 -1.206324 0.900113 -0.462176 -0.618195 0.349418 1.834121 0.010388 0.328119 0.743565 -0.318557 0.186178 0.396395 0.855137 -0.996133 -0.971903 -0.175934 -0.254996 0.317001 
-0.681832 0.218979 -0.107775 -0.573923 -1.753973 -1.313029 -0.433258 0.894546 1.008518 0.253461 1.069818 -0.252755 -0.312213 -0.250935 0.012588 0.363573 -0.246866 0.336885 1.951026 0.283427 0.547907 0.560574 0.268409 0.213413 0.552442 -0.495110 0.677572 -0.331516 0.405590 -1.121860 -0.361662 0.333609 0.566824 -0.842716 0.520603 -1.388366 -0.027594 0.263362 0.542399 0.647272 0.690247 0.479675 
0.416554 2.021634 0.028557 0.250269 -0.094825 -0.044949 0.142917 -0.266013 0.320089 0.255293 -0.616035 -0.725870 0.467863 -1.789305 -0.076200 0.535858 -1.637958 -0.473612 0.598165 -0.552673 0.262978 -0.941553 1.533372 -1.461292 -1.121604 1.588316 -0.533463 -0.926639 0.568545 0.293197 -0.543107 -0.502017 0.258403 -0.648918 0.923795 0.134837 0.552879 0.271331 -1.964215 -1.887060 0.352250 -1.140302 
-0.939553 0.476501 1.413436 1.418574 -0.613744 0.806874 1.154389 0.285932 0.261487 0.118240 -0.461977 0.705266 -1.682387 -1.470251 0.940805 -0.918774 1.131333 0.883536 0.265692 1.418116 -0.862077 0.954275 2.320127 -0.765504 -0.406003 -0.621470 0.191715 -0.490345 -0.159081 0.961177 -0.974403 -0.453713 0.370672 0.674033 1.041308 -1.704233 1.971276 -0.107169 0.148739 -1.836667 -1.327528 0.596238 
1.758558 0.933835 1.165232 -0.556461 -0.082212 0.249018 -0.196757 -0.868942 -0.314929 -0.547267 -1.376531 1.088138 0.420369 -0.927101 0.942222 0.423254 0.824800 0.194544 0.125656 0.291742 1.210605 -0.082148 -1.048267 1.566617 0.406828 -0.403027 0.574441 -0.181338 -0.039027 -0.752031 1.602354 0.450536 -0.590514 0.150774 -0.183202 1.099363 -0.830635 -0.071820 -0.124597 -0.212349 -1.805146 2.435015 
