-0.303380 -0.185621 -0.574839 0.172695 0.433160 -0.013536 0.257048 -0.023144 0.246075 0.213993 -0.127231 1.332251 -0.077590 0.105135 0.677170 0.169158 
-0.022120 0.204463 0.108303 -1.110583 -0.972270 0.397833 0.587242 0.307873 -1.173737 -0.151415 0.189943 0.012441 -1.514909 0.141573 0.255435 -0.175665 
0.371234 0.263566 -0.112926 -0.113807 -0.631446 -0.084147 -1.614822 0.164641 0.488684 -0.956196 -0.065314 0.720699 0.360372 0.016195 -0.970251 -1.082782 
-0.056996 -0.216172 -0.398522 -0.029321 0.439445 0.454121 0.036137 -0.109026 -0.548570 0.300802 -1.582265 0.498920 0.250269 -0.589105 -1.496696 0.677221 
0.101587 0.201871 0.112164 -0.165480 -2.633315 0.242296 0.313874 0.125566 -1.685359 0.231332 -0.244361 0.389273 0.703801 -0.012749 0.724835 -1.050659 
-0.216000 -0.061674 0.324806 0.354951 -0.170671 -0.242142 -2.163141 0.364480 -1.077947 0.182039 -1.269572 0.211124 -1.493122 0.372878 0.395001 -0.122901 
0.101290 -1.597416 -0.060715 -0.124458 0.652439 -0.180257 0.211044 -0.388047 0.538794 0.326593 0.647187 -1.579572 0.128854 0.286392 0.793723 -2.659662 
0.053360 -0.331900 0.185801 -0.012910 0.593701 -0.524572 -0.509857 0.051338 -1.370024 0.586987 -0.256055 -0.428973 -2.326963 0.128001 -0.263882 -0.129186 
-0.124991 0.079398 0.014327 -1.521007 -1.183220 0.468053 -0.062705 -0.571966 -0.568320 -0.287901 0.537867 -1.221352 0.851684 0.113970 -0.077199 -2.137590 
0.414944 -0.406700 0.216609 -0.547930 -0.661869 -0.615509 -0.293880 0.231354 -0.118628 -2.318798 0.311886 -0.599610 0.394210 0.259556 -0.091982 -0.241654 
0.406348 0.286240 -0.666292 -1.104639 0.388679 -1.460729 -1.008944 0.361237 0.091880 -0.236782 -1.108608 0.756592 0.405180 -1.323807 -2.699553 0.391000 
0.344003 0.156740 -0.640051 -0.408075 -0.117954 0.220507 0.611121 -1.157806 0.260753 -0.209134 0.150984 -0.070693 0.604269 -0.402046 -0.875151 0.206893 
0.188455 -0.024473 0.074190 -0.086716 0.050982 0.764812 -0.103439 0.424292 0.034897 -0.826949 -1.801745 0.064331 0.123631 0.653147 -2.285644 -0.123431 
-0.226882 0.635951 0.299697 -1.350286 -0.288335 0.652667 0.771308 -0.513264 -2.942436 -1.487142 0.594457 0.540814 -2.658709 0.444194 -2.554412 -1.095353 
0.028793 0.192105 0.132077 -0.099640 -1.490782 -1.266738 -0.209745 0.227832 -0.250516 0.061809 -0.884914 -0.486664 0.009290 -0.666666 -0.177655 -0.156073 
-0.064832 0.287148 -0.734192 0.080293 0.044714 0.105610 0.132891 -0.407981 0.327938 0.816539 0.908020 0.104998 0.755791 0.210146 -0.057006 -1.424205 
0.191718 -0.549822 0.044652 0.250830 0.654551 0.551709 -0.735564 0.041341 0.235097 1.326413 -0.532980 -0.424839 0.046772 -0.926549 -0.337351 0.275781 
0.039412 0.268813 0.036228 -0.143079 -0.142179 -0.109222 -0.439925 -0.065751 0.554918 0.520736 0.244246 0.819140 0.122172 -0.988770 0.191322 -3.541551 
0.285283 0.005234 0.332478 -0.472402 -1.229778 -0.179325 0.595359 0.265620 -1.316575 -1.179077 0.180669 0.068008 -2.226519 0.279011 -0.821959 0.333853 
0.177543 -0.235090 -0.083181 0.662281 0.845632 -0.858362 -1.226427 -0.016428 -0.450975 0.857737 0.249333 -0.611454 -1.819170 0.115882 -0.972041 0.139150 
-0.065212 0.464651 -0.181360 -0.199924 0.563000 -0.281365 0.303013 -0.335865 0.813623 -0.282286 0.441022 -1.445340 -0.735569 -0.285006 -0.234700 -4.138072 
0.310212 0.126916 0.103862 0.694852 -1.802150 -0.250671 0.237965 -0.012846 0.208623 -0.347485 -1.527845 0.025133 -0.211903 0.285129 -0.747882 -0.656602 
-0.029187 -0.576102 0.259542 -0.087512 0.365119 0.669143 -1.269809 -0.735510 0.112553 -0.296538 0.165923 0.232897 0.330622 0.126879 -0.021300 -0.217813 
-0.047101 -0.590923 -0.020175 0.298900 0.232548 0.502090 0.353126 -0.390888 0.110021 -0.422678 0.134829 -0.280730 -2.385664 0.521177 0.009201 -1.584621 
0.307892 0.839019 -0.086522 -1.316397 -0.492188 -1.071658 -0.534070 -0.002997 -0.328650 0.057298 0.170552 -1.485349 -0.268891 -1.157235 -0.043110 0.822869 
0.490348 -0.109326 0.160764 0.154916 0.233437 0.021045 -0.133545 -0.133249 0.327496 -0.033503 0.064806 -0.584697 -0.369906 -0.506474 -1.505419 -0.635964 
-0.452468 0.062232 0.198169 -0.253788 0.897304 -1.023157 -0.676148 -0.208738 0.442989 0.561316 0.588083 -0.561802 0.494695 0.418087 -0.251985 -0.842585 
-0.195771 -0.201157 0.184318 0.374282 0.192219 -0.008501 -0.671870 0.216103 -0.133972 -0.762704 -0.156809 0.136576 -5.081770 -0.063498 0.372224 0.599190 
-1.151013 -0.073548 0.063962 -0.283608 -0.498608 -0.006793 0.557419 0.016023 -0.021517 -0.263483 0.282291 -0.381331 -0.449499 0.260661 0.192608 -1.135055 
0.094018 0.645837 -0.035017 0.153888 -1.405703 0.522082 0.320618 0.092008 -1.103312 0.373362 0.259614 -1.014035 -3.591415 0.273009 -0.288430 -1.907285 
0.591663 -0.412146 0.078067 -0.819620 0.650477 -0.082212 -0.195826 0.010390 -0.653675 0.780180 -0.306204 -1.283982 -0.386723 0.335031 -0.239694 -4.364069 
0.090088 0.133716 0.074705 -0.933840 -0.016622 -7.154402 -2.650437 0.214296 0.185499 0.244693 0.007903 0.389405 0.257780 -2.667891 -0.211506 0.144213 
-0.977795 0.365787 0.663719 0.490304 0.268984 0.294027 -0.027327 -0.181748 -1.601460 -0.758913 -0.013427 -1.002044 0.577154 0.406553 0.035215 -0.171454 
-0.022378 -0.740458 -0.168139 1.039883 -0.441185 -0.415314 0.210217 0.053499 0.091903 -0.822752 0.344536 -3.360586 -0.728764 -0.036782 -0.521292 0.103104 
0.435615 -0.547370 0.298502 -1.217414 -1.023259 0.583395 -0.073131 0.078719 0.448739 0.309760 -0.851265 -0.220072 0.206188 0.093952 -0.267778 -0.646272 
0.150056 -0.807002 0.063168 -0.037312 -0.271001 0.447799 0.274170 0.206982 -0.808609 0.273713 0.354201 -0.167699 0.978712 -0.094168 0.793338 0.409545 
-0.319480 -0.010252 -0.182137 -1.000723 0.269590 0.246982 0.134753 0.021979 0.751473 0.152617 -1.270670 -0.498958 0.041811 0.521434 0.135262 0.456082 
0.304893 -0.600901 0.408867 -0.008784 -1.299104 -0.270852 0.031362 0.316244 -1.709466 -0.846871 -0.018182 -2.361415 -1.267526 0.252639 0.658146 -0.019313 
-0.574750 0.333300 -0.082214 1.012772 0.231349 0.005126 -0.395579 -0.239275 -0.647400 0.343952 -0.324883 0.238449 0.165699 0.195637 0.244616 -0.832691 
-0.271915 -0.122140 0.078626 0.703432 0.902096 0.790745 0.393991 -0.577157 0.063695 -0.915404 -1.258219 0.162729 -0.636726 -0.459434 -1.050159 0.099011 
-0.413732 0.104025 -0.008011 0.337602 0.853766 0.224785 -1.315691 -0.136310 -0.373411 -0.177901 -0.937717 0.040123 0.764112 0.148052 0.026440 0.438455 
-0.075438 0.023443 -0.032846 0.952657 0.822410 -0.994395 0.379130 0.210991 -0.025570 -0.023783 -1.335598 -1.488553 -1.159525 -0.342912 0.407507 -0.222813 
