-0.035960 -0.245331 0.067699 -0.062013 0.094916 -0.011053 0.056853 0.138891 -0.093390 -0.118375 -0.217246 -0.068983 0.084360 0.051624 0.208448 -0.074912 -0.041809 0.170341 0.298009 0.130958 0.085613 -0.219909 -0.113587 0.008795 0.085954 0.054824 0.167432 -0.349374 -0.132288 -0.318862 -0.268436 -0.170738 -0.043512 0.261570 0.198834 0.165937 -0.172454 0.142588 0.246955 0.029981 0.001079 -0.014100 0.084197 0.397214 
0.021258 0.214095 -0.247005 0.289453 -0.161385 -0.007150 -0.162954 -0.220991 -0.043473 0.198422 0.231459 0.305906 0.146597 0.075050 -0.224705 -0.039592 -0.040701 -0.200529 -0.031957 -0.277456 -0.190273 0.162510 0.189737 -0.145300 -0.075301 -0.092067 -0.217737 0.313092 0.208034 0.465335 0.360631 -0.159946 0.066343 -0.366977 -0.012947 -0.327435 0.129642 0.098680 -0.485697 0.195232 0.216916 -0.017462 0.073577 -0.251536 
-0.382173 0.570199 0.519652 -0.166607 -0.625588 0.409761 0.225555 0.531240 0.044612 0.388181 0.412089 -0.760495 0.309242 0.373696 -0.534460 -0.170875 -0.221042 -0.506043 -0.064339 0.325650 -0.016466 0.502097 0.092177 0.344299 0.015562 0.126249 0.533025 0.062366 -0.209555 -0.276836 -0.624831 0.274468 -0.232953 0.038569 -0.344811 0.754346 0.283970 -0.113677 0.061410 -0.313915 -0.248773 -0.082401 -0.260252 -0.328867 
0.146158 -0.359980 0.722380 0.091473 0.711909 -0.103234 0.370151 -0.153810 0.556099 -1.241196 -0.416927 -1.247328 -0.591081 -0.537478 1.125716 0.248955 -0.237115 0.377390 0.194111 0.440687 0.124662 0.329355 -0.916083 0.646563 0.250028 -0.127981 0.344439 0.391251 -0.144851 -0.211399 0.320393 -0.329571 0.079774 0.583201 -0.127828 0.545560 -0.467509 -0.119677 0.410137 -0.625153 -0.679676 -0.301217 -0.023385 -0.647851 
-0.064537 -0.015850 0.161372 0.504400 0.769117 -0.259003 0.328902 -0.333802 -0.108242 0.009930 0.286899 0.464051 -0.090238 0.424112 -0.262801 0.262338 0.324352 0.185161 0.126476 0.679578 0.692422 -0.252259 -0.379153 -0.433451 0.126802 0.279684 -0.869594 -0.376961 -0.207773 0.165213 0.133176 -0.232767 0.265211 -0.137170 0.491986 -0.274225 0.616925 0.629364 -0.761311 0.279219 0.238785 -0.854970 0.440915 -0.842465 
0.281654 0.294405 -0.240367 -0.034145 0.296165 -0.231949 0.024245 0.108331 0.592009 0.418093 0.047059 0.347110 -0.276489 0.029965 -0.247509 0.065988 0.310837 -0.000466 -0.112236 0.346507 -0.656169 0.029237 0.491233 0.194565 -0.010538 0.546073 -0.770481 0.234178 0.156646 -0.130836 0.238924 0.207360 -0.137811 0.316767 0.009942 -0.093144 0.580863 0.031807 -0.670769 -0.093979 -0.373968 -0.336320 0.292642 -0.307927 
-0.147933 -0.703586 0.236455 0.058003 0.412065 0.140863 -0.219568 -0.163099 0.883553 -0.342691 -0.521441 -0.146262 -0.596025 -0.856203 -0.521116 -0.468935 0.577601 -0.774640 -0.167116 0.305379 -0.049224 0.929674 0.638965 0.608284 0.202217 1.043482 0.587743 0.710417 -0.192125 -0.724181 1.442100 -0.460074 0.190240 -0.105530 -1.032657 0.414117 1.180974 -0.877715 -0.406582 -0.600726 -0.197143 0.802939 -0.477067 0.032454 
1.435163 -0.910064 0.379217 0.595365 0.256033 0.401792 -0.264766 1.133743 -1.058524 0.217901 0.448898 0.072724 -0.011257 -0.345092 -0.516178 -0.408386 -0.363042 -0.414025 -0.389974 0.780178 0.326433 -0.424849 0.689204 0.328519 -0.370576 -0.692177 -0.653760 0.739768 1.101259 -0.096616 -0.067735 0.373542 0.200229 -0.056599 0.093417 0.222762 0.806275 -0.423696 0.331696 -0.486388 -1.467156 -0.685091 0.268623 -0.174808 
-0.005386 -0.147941 -0.727835 1.439355 -1.143205 0.764757 1.718786 -0.598686 0.302353 1.021004 -0.774555 -0.201933 -0.004486 -0.393199 0.738521 1.668845 -0.128610 1.434329 -1.059405 -0.593617 -0.098388 -0.651548 -0.586921 -0.149617 0.158941 0.031837 -1.088071 -0.593928 0.128575 0.728414 0.865699 0.285432 -0.029716 -0.389330 -0.868436 1.462084 -0.048368 -1.632457 -0.091982 0.617661 -0.064690 -0.573277 -0.431012 -0.123629 
0.322499 -0.117101 -0.137423 0.184655 -0.715710 0.516662 -1.272872 -0.140921 -0.459923 -0.739329 -0.579713 0.557323 1.049213 -0.257917 -0.763305 -0.049167 0.458034 -1.390409 -0.808086 -0.300996 -0.377372 0.527334 -1.022839 0.040017 -0.211621 -1.114305 1.548791 0.662903 -0.446588 0.807191 -1.130850 0.480279 -0.264604 0.418705 0.549709 0.525565 0.123310 0.528921 -0.928582 0.536517 1.201648 -2.047553 1.489982 0.137527 
-0.184471 0.053545 -0.039977 0.162904 0.642768 -0.100782 0.179474 0.563806 -0.097264 0.261742 0.584596 0.146804 0.020843 1.508927 0.225333 -0.539218 1.433330 -0.423517 0.521306 -0.849589 0.778917 -0.245028 1.030080 1.008113 0.945641 -1.012590 -0.677690 -0.819995 0.711786 0.437431 1.344898 1.187153 0.230843 0.236828 1.310881 2.079668 -1.108016 -1.466584 0.022562 -1.336291 -0.215058 -1.142642 -0.356042 0.516599 
-0.898185 -0.411574 -0.778314 -0.326496 0.521641 1.741448 -0.833352 0.540107 0.227352 -0.749910 -1.018311 -0.005215 -0.153046 -0.136143 -0.814290 0.441216 -1.274551 0.185226 0.310990 0.182507 0.203934 -1.457575 1.502759 0.431116 -0.075088 1.859970 -1.457422 0.034173 0.656320 0.162703 0.398743 -0.290440 -0.403035 0.260988 -0.069083 -0.951305 -0.994919 1.804856 -0.861911 1.317351 -1.688032 0.588023 -0.842733 -0.047405 
0.545375 -0.676652 0.216329 0.024916 0.930490 0.346313 0.934861 -0.344271 -0.185740 0.593997 0.973420 0.202658 1.147033 -0.521549 -1.342448 -0.681464 -0.720399 0.760409 0.371395 -1.120501 -0.546153 -0.632119 -0.572031 -0.211966 -0.489680 -0.803706 0.794111 0.043254 -2.050221 -0.619500 0.408475 -0.701210 -1.003481 -0.489920 0.402562 -0.285894 2.074530 0.483645 0.900848 -0.044719 0.176967 0.502698 -0.934173 -0.318589 
0.082176 -2.013734 0.344890 -0.796486 -0.252053 -1.842491 -0.181120 -2.249944 -1.254368 -0.540455 0.240023 0.648656 1.024376 0.158466 -0.175609 -0.071354 -1.479110 -0.930509 0.649700 0.487106 -0.516482 -1.008869 0.130538 0.401038 2.499151 1.384341 0.118518 0.748723 -0.671337 0.539417 -0.328799 -0.111303 1.266774 0.042151 1.339244 -0.369561 -0.460617 1.437163 -0.144715 -0.408571 -0.781593 -0.885551 0.197951 0.600606 
0.731104 -0.592231 -0.385749 -0.491762 -0.406671 -1.142389 1.424596 -0.991363 -0.969201 -0.317958 0.809685 -0.395843 -0.740130 2.963439 -0.655826 -1.786002 -1.060809 0.944970 -0.076915 -0.124847 -0.633645 -0.426993 -0.724666 0.683198 2.670999 0.925859 -1.056964 1.005626 -0.754657 -0.288233 0.991432 1.338057 0.639945 -1.115679 -0.996943 -0.836105 0.421030 -1.874884 -0.752351 -0.364378 0.207340 -1.134376 1.345070 0.289620 
0.165604 -0.851982 -0.880356 0.978204 -0.631945 0.048453 0.209368 -0.944580 -0.151109 0.876164 0.199640 -0.946428 -0.149395 -0.771116 0.304636 0.189113 1.938439 0.186351 0.246206 -0.623509 0.791613 -0.911860 0.402992 -1.237693 0.986051 0.459404 0.050309 0.544931 -0.619748 -0.368292 -0.042988 0.607673 3.458939 0.927162 -1.349663 0.231070 0.338624 0.216711 0.257502 -1.724756 -0.010666 -0.185644 0.027083 -0.584379 
