0.341481 -0.242582 0.152586 -0.180871 -1.726668 0.096279 -0.406266 0.009575 -0.091932 0.622756 0.790422 -1.746796 -1.081470 0.104098 -0.427976 -4.178128 
0.198663 0.308075 0.205996 -0.353733 -0.918878 0.176013 -0.258393 0.131877 -0.547574 -0.238287 -0.836371 -0.663087 -4.146408 0.192948 -0.802379 -0.050962 
-0.186305 0.102938 0.444039 -0.198983 -0.333743 -0.676865 1.396195 -0.096025 0.814652 -0.231720 0.668479 0.045847 0.049302 0.446621 0.258384 -0.437053 
0.184814 -0.180173 0.042231 -0.341904 0.015363 0.042538 -0.389746 -0.093945 0.430926 0.809261 -1.301817 0.780997 -0.302109 -0.967408 -1.486758 -0.626009 
0.372497 -1.587128 0.163289 0.337786 -0.254567 -0.366240 0.126660 0.107706 -3.188813 -0.209031 0.329478 -3.570141 -1.019989 0.267507 0.226253 -1.750960 
0.357912 -0.545505 -0.379664 0.394195 -0.194210 0.513386 0.796266 0.544395 -1.707330 -0.279767 0.339302 0.431110 -0.368868 0.062570 0.158365 0.774470 
0.546907 0.667221 0.116686 0.118086 -0.247052 -1.126495 -0.194605 0.008412 -1.312603 -0.299865 0.192824 -2.921394 -0.841227 0.860190 0.848554 1.084470 
-0.591999 0.523871 0.103517 0.452841 0.325950 0.275291 0.232948 -0.350282 -3.757168 -0.525177 0.877416 0.929705 -1.606082 0.453737 -0.388219 -0.373265 
-0.262715 -0.175953 0.109241 -0.688024 -0.488655 0.257000 -0.231320 -0.441159 -3.532460 -0.397840 1.064591 -0.409569 0.208508 0.265830 -0.972552 -0.668555 
-0.677605 0.296184 -0.110896 -0.027632 1.326594 -0.759826 -0.697807 -0.092297 0.496469 -0.020653 -0.232844 -0.461637 -0.039376 0.219371 0.264742 -0.064821 
0.271530 -0.264048 0.363804 0.117338 -2.643160 -0.327814 0.274427 0.384564 -1.342920 -0.704704 0.163189 -0.284657 -0.459649 0.110473 -0.168559 0.149478 
-0.659250 -0.296421 0.329283 0.968282 0.294743 -0.635130 -0.394545 0.271621 -0.357291 -1.074592 0.373966 -0.711831 0.325870 -0.111510 -1.656897 0.270438 
0.146170 0.017150 -0.273289 -0.778862 -0.136924 0.619332 0.335114 -0.370359 -0.202369 -0.508430 -0.873889 -0.349435 0.425976 -0.147563 -1.021698 0.604518 
-0.080831 -0.626143 -0.060148 0.471567 0.187158 0.804850 -0.860497 0.006259 -0.284963 -0.644397 -0.770717 -0.736412 -0.583606 0.484407 -0.864272 0.537933 
0.005693 0.067020 -0.509080 1.308824 -0.387956 -0.143972 -0.144442 -0.018338 0.304809 -0.132020 -0.347636 0.591702 -0.743193 0.080328 -0.673259 0.161545 
-0.059605 -0.355821 -0.048974 -0.726542 0.605512 0.642898 0.382854 -0.321669 0.146752 0.225750 0.396822 -1.030017 1.000895 0.401033 0.555608 -3.469589 
0.234656 -1.925435 0.008501 -0.751739 0.169861 0.644628 -2.210383 0.067571 1.020928 0.331868 -0.668405 -1.146480 -0.956354 0.024582 -0.475033 -0.230033 
0.198834 -0.516031 -0.008414 0.797062 0.856485 -2.402128 -1.512720 0.024506 0.260097 0.389318 -0.264903 -0.168598 0.366981 0.145377 -1.558889 0.643834 
0.144485 -0.140970 0.168598 -0.986522 -1.529050 0.197635 -0.181548 -0.017124 -0.034862 0.499608 -0.306473 0.447319 0.164544 0.114258 0.954060 -1.025093 
-0.043439 -0.264442 0.031182 -1.501714 -1.456136 0.071106 0.270299 0.192048 -0.164001 -1.719787 0.473664 -0.837372 0.610554 0.144590 0.519019 -1.890448 
0.110293 -0.353841 0.098787 -0.918917 -1.982036 0.155969 0.371439 0.147919 0.262663 0.086827 -1.920363 0.013289 0.049591 -0.061664 -2.789364 -1.737951 
-0.001442 0.256188 0.296433 -1.122150 0.442879 -0.593463 -0.626043 0.425822 -1.411141 0.532407 0.109436 0.398593 -0.458300 -0.343881 -0.172539 0.268329 
0.185523 -0.438559 0.162765 -0.144763 -1.057451 0.060324 0.217270 0.203320 -0.352320 -0.213349 0.494127 -2.307633 -2.456402 -0.056953 0.774895 -2.335762 
-0.088036 -0.469127 -0.571931 0.485855 -0.095785 0.096163 0.296214 -0.867029 0.326877 -0.035463 0.613015 -0.269539 -0.570607 0.108921 0.115186 -1.708340 
-0.506031 -0.079786 0.275316 0.396521 0.559778 1.086101 0.727568 -0.591146 -0.191374 -1.088066 -0.834574 -0.349998 -0.761135 -0.177085 -0.669232 0.199293 
0.121715 0.371068 0.091950 0.056162 0.637345 0.279022 0.059898 0.102442 -0.280969 -0.024819 -0.097581 0.440402 -5.292399 0.123733 0.611767 0.883570 
-0.115585 0.225788 -0.300691 0.341714 -0.109746 0.503836 0.452796 -0.406520 -2.284824 0.944410 0.516031 0.356922 -2.538649 0.287929 -0.821954 -0.906807 
0.135563 -0.036345 0.055085 -1.788199 -0.246323 0.188139 -0.900790 0.047056 0.474977 0.318097 -3.370973 0.458832 0.770769 -0.328743 0.341441 -0.373033 
-0.095210 0.656105 0.054079 -0.894646 -3.761377 0.450159 0.536761 0.064974 -0.882799 -0.393076 -0.328837 1.077130 0.055772 0.068672 -0.879794 -1.732199 
-0.688011 -0.238376 0.260387 0.457209 0.318181 -0.755113 -4.629036 0.248311 -0.334202 0.332752 -1.710509 -0.261003 -0.222226 -0.042022 0.332682 -0.247021 
-0.177041 -0.572162 0.363819 -0.384074 1.132573 -0.381991 -1.680763 0.133308 -0.315448 0.350390 -0.393405 -1.959021 -2.084529 0.272913 0.401523 -0.290701 
0.205219 0.316473 -0.048228 -0.158660 0.684143 -0.078795 0.083280 -0.351526 -0.757209 -0.489167 -0.928836 0.391171 0.572992 -0.229761 -0.898462 -1.446409 
-0.195967 0.206247 -0.739602 0.176641 0.783108 0.261711 1.236341 0.276682 -0.081051 -0.313003 0.291466 0.938646 0.108417 0.043645 -0.686119 -0.530222 
-0.013700 0.087081 -0.033636 -0.708820 -2.065220 0.034976 -0.169011 -0.855725 0.706455 -0.056331 0.160437 -0.365143 0.698851 0.162531 -0.693690 -1.904857 
0.056918 0.265767 -0.042175 0.319043 0.182681 0.078188 1.179384 -1.139530 0.624499 -0.405187 -0.638322 0.212219 0.616753 -0.666332 -1.065310 0.714989 
-0.752431 0.391203 0.459541 0.056700 0.151348 0.336640 -1.244510 -0.130272 -0.430123 -0.128656 -0.927767 -0.372953 1.111559 0.173820 0.971704 0.335820 
0.144225 -0.691132 0.262677 0.435061 0.459183 -0.261097 -0.260352 0.255778 -0.191076 -1.124069 0.167853 -0.113938 -1.942093 -0.068498 0.715607 -0.894396 
-0.211009 -0.057773 -0.340232 0.262700 -0.094584 -0.442848 -0.523548 -0.190479 0.016381 1.327125 -0.830845 -1.570226 0.745675 -0.894097 -0.293864 0.645559 
-0.083066 0.348247 0.093078 0.997492 -1.221142 0.089219 0.284592 0.390590 -0.821476 -0.025745 -0.192481 0.579173 -2.069581 0.054021 0.581991 0.021877 
-0.001779 0.470136 -0.461809 -0.415411 0.233564 0.478577 0.549825 -1.192369 0.502405 0.914986 0.705876 -0.665079 -0.165337 0.049895 0.158452 -2.171889 
0.279739 0.074370 0.265453 -0.734403 -1.428506 0.068653 -0.155679 -0.007643 -1.290497 -1.253767 -0.231283 -0.759187 0.868801 0.266323 -1.941337 -2.636304 
0.434884 0.284618 -0.644420 -0.507028 0.326714 -1.396639 -0.132356 0.404050 -0.028755 -0.356444 -2.028302 0.315041 0.719587 -1.150296 -3.716119 0.599069 
0.406026 0.345275 0.146885 0.269500 0.343647 -0.518261 -0.515952 0.138466 0.891112 -0.640468 0.706652 0.054462 -0.568266 -0.152961 -0.832212 -3.221497 
0.356279 0.359541 0.077650 -1.760389 0.174737 -9.350552 -4.111583 0.290342 0.460970 0.194926 0.148087 0.548681 0.306349 -3.969206 -0.850854 0.516164 
