0.325419 0.121332 -0.196238 0.189054 0.036102 0.044159 0.138293 0.030454 -0.120817 -0.126485 -0.096027 0.086647 -0.033637 0.497056 -0.134419 0.195539 0.076802 -0.049511 0.094023 0.132964 -0.204243 -0.275386 0.037543 0.127301 -0.076043 -0.066108 0.109919 -0.114749 -0.153596 -0.093610 -0.156607 -0.035922 -0.158502 -0.027531 0.076268 0.123117 0.083837 -0.056792 0.105462 -0.069121 -0.081300 0.273847 0.458031 0.038086 -0.041765 -0.135158 
-0.246832 -0.081402 0.191616 -0.129628 -0.220018 -0.123668 -0.005365 -0.216281 0.164064 0.107781 -0.074156 -0.324346 0.238733 -0.522967 0.264223 0.231423 -0.090471 -0.065241 -0.117395 -0.219771 0.141494 0.206959 -0.066660 -0.159974 0.184109 0.252065 -0.311693 0.123574 0.220826 -0.016777 0.411462 0.174884 0.226203 0.277429 -0.293292 -0.277337 -0.076314 0.029114 0.104146 0.166923 0.008075 -0.536396 -0.285723 0.102603 0.054336 0.205099 
-0.037392 -0.195117 -0.025480 0.236199 0.277394 -0.446471 0.626079 -0.162881 -0.074077 -0.348761 -0.269332 -0.197314 -0.379671 -0.454347 -0.513854 -0.357958 -0.113663 0.675865 -0.397182 -0.048981 0.282328 -0.015191 0.666876 0.047941 -0.048047 -0.785554 0.456603 0.006049 0.414198 0.494684 -0.691094 0.091992 -0.249352 -0.537752 0.180467 0.094943 -0.364335 -0.119912 -0.389461 0.219432 0.305878 0.910305 -0.316294 -0.256638 0.246219 -0.100344 
-0.193367 0.585866 0.352728 -0.390817 0.612775 1.309364 -0.782549 0.855944 -0.313954 -0.436231 0.281609 1.329734 -0.930146 0.755659 0.348397 -0.188361 0.649976 -0.014692 0.412009 0.004455 -0.076447 -0.185695 -0.203134 0.224073 -0.131293 -0.833403 0.805359 -0.103896 -0.738243 -0.745086 -0.557153 -0.192361 -0.741138 -0.574017 0.672019 0.135706 -0.059857 -0.055833 -0.407356 -0.679906 -0.306269 -0.169636 -0.769222 -0.217042 -0.389876 0.414895 
0.061262 -0.735620 -0.506304 0.037768 -0.129396 0.501323 -0.456025 -0.590326 0.419965 -0.043214 0.333810 -0.393786 0.188564 0.218884 0.316494 0.553334 0.160734 -0.438300 -0.049558 -1.102282 -0.354659 0.137408 -0.567083 0.276994 0.304846 0.330002 0.499007 0.595818 -0.304035 0.152167 0.328330 0.085959 0.363227 -0.608899 -0.236297 0.010285 0.307337 0.308054 0.292277 -0.154602 -0.626098 -0.442555 -0.775720 0.113326 0.640622 -0.425817 
-0.086494 -0.588347 -0.003812 0.202297 0.845583 -0.016380 -0.399962 -0.333185 0.951277 0.010832 0.042051 -0.336713 0.273754 -0.102384 -0.011805 -0.306080 -0.006617 -0.358251 0.161459 -0.526391 -0.316044 0.172969 -0.572670 -0.201624 0.270276 0.422412 -0.159928 0.561004 0.117328 0.678774 0.074653 0.471264 0.478985 -0.193165 0.255900 -0.327876 0.062501 0.180840 -0.105414 -0.201102 -0.001620 -0.122407 -0.287957 -0.086510 -0.586811 -0.066265 
0.418408 -0.859089 1.410880 0.158308 0.405016 -0.923369 -0.396878 0.527843 1.177171 -0.531020 0.246315 0.313424 -0.976177 0.022802 0.559252 -1.008814 0.872305 0.300955 -0.048154 0.615914 1.037146 -0.055214 0.415409 -0.496081 0.071728 0.117100 0.093835 0.014997 1.020823 0.359901 -0.415689 -0.510739 0.303518 0.180258 0.093453 0.118369 0.004847 0.059611 -0.538219 -0.775101 0.514184 -0.242949 0.155019 0.115395 -0.308257 -0.605780 
0.192478 -0.794216 0.559092 0.120936 0.486140 -0.999465 -0.245864 -0.122055 -0.419923 -0.432702 -0.602295 0.274897 0.852372 -0.272634 -0.138519 -0.277637 -1.533304 0.449682 -0.774955 -0.572302 -0.309798 0.385483 -1.026938 1.130535 0.388999 0.314284 0.465477 -0.757298 -0.029376 0.102007 -0.382386 -1.219117 0.792547 -0.834385 -0.025936 -1.130010 -0.319685 0.151309 -0.329373 -0.910706 -0.053852 0.621489 -0.020950 -1.121065 -0.503287 0.473643 
-0.542531 0.982066 0.643146 1.365938 0.307946 0.732710 -0.120454 0.370717 0.672626 0.218193 0.997720 0.303346 -0.075849 0.546874 -0.537946 0.366147 1.136935 0.804193 -1.814837 -0.126763 -1.438969 1.892017 -0.141842 -1.078233 -0.417803 -0.193510 -0.725506 -0.658330 0.577784 0.092343 -1.019914 -0.604429 1.782159 0.380239 0.157811 0.318186 -0.134978 0.130955 -0.119708 0.207250 0.595789 -1.096390 -0.446005 0.861315 0.079271 -0.761342 
0.327211 0.318364 0.249638 0.092241 -0.284028 -1.135026 0.262594 0.245138 -1.700987 0.807979 -1.046574 -0.847275 -0.403950 -0.178151 -0.921377 -0.453872 0.574923 0.801382 -0.507832 -1.556177 -0.970495 0.178886 1.170444 0.449395 1.038581 0.569341 0.113642 -0.164216 0.654670 -1.102075 0.434680 -0.232901 -1.616168 0.490529 1.098851 0.493852 -0.689668 0.502462 0.629154 0.328406 -1.790264 -0.446705 0.478514 -0.686067 -0.922325 -0.224376 
-0.267107 -0.247403 -0.747464 1.680213 0.147313 0.317250 -0.266021 -0.846262 0.316183 -0.072284 0.448108 -0.789033 -1.128484 0.511367 0.874406 -0.955621 -1.039472 -0.155330 1.613678 0.166572 -0.170633 -0.777391 -1.441057 1.437133 0.246687 -0.757061 -1.078641 0.117276 1.281178 -0.759528 -1.416032 -0.599956 1.075041 -0.617064 1.371072 -0.973178 0.440764 -0.410921 -1.215915 0.786169 -0.958650 -0.966111 0.507040 -1.281839 0.789680 -0.634143 
0.817800 0.270430 0.316765 -0.804516 0.849109 -0.883561 -0.151975 -0.586486 1.755373 -0.950346 -0.211373 0.253802 0.775758 0.311256 0.037855 0.687908 -0.918914 1.152698 0.913474 -1.211496 0.138287 0.342824 0.391945 0.086401 -0.792232 0.135019 -0.162165 0.092364 -0.688230 1.092737 1.028294 -0.962525 -0.489919 0.139880 -0.258560 -1.067440 -0.967423 -0.691071 1.423567 0.238600 1.452454 -0.823002 0.613914 -0.072783 0.624595 0.818371 
-0.596712 -1.271033 -0.750691 0.217253 -0.780850 0.430068 0.542841 0.013444 -0.466350 -0.704174 -0.134407 -0.543529 0.214588 -0.084042 0.895711 0.489679 -0.001517 -0.527589 -0.908844 0.339205 0.010288 -1.049006 -0.222699 -0.606723 -1.611786 0.876323 -0.176277 -0.423202 -0.938171 -0.571020 -0.291317 0.193499 0.631340 0.131537 -1.695462 1.888381 -0.887402 -0.344666 -0.026168 -0.770874 -0.053480 0.738044 0.072258 -1.201610 0.181557 0.429986 
1.404750 -0.029619 0.220540 0.424867 -0.839646 0.129318 0.897431 -0.588340 1.456241 -0.759162 -0.887451 -1.369104 -1.229009 0.385445 -1.827401 -0.106015 0.478538 0.841465 0.008546 -0.705538 -0.153879 0.942071 0.415388 1.030038 1.136254 0.450274 -0.004283 0.991957 0.487946 -0.324605 0.697762 -0.391149 -0.574864 -0.904039 -0.449082 1.091795 1.181528 -0.605205 0.316423 -0.161949 -0.236204 -1.478899 0.481283 -0.383757 -1.096260 1.615398 
1.098558 0.074423 1.839996 -0.789675 -1.251583 0.716781 0.086404 -2.070846 0.160635 -1.010657 0.450928 0.572056 -1.134142 -0.386535 0.374023 -1.774845 0.368645 -2.209493 -1.441625 -0.808118 -0.650820 0.704077 -0.502291 0.091660 -0.184746 -0.370143 -0.467807 3.177294 -0.291882 0.762034 0.771553 1.231737 0.660538 -1.233598 0.095985 0.958358 -0.651514 0.895076 -0.311697 1.736136 -0.861403 -0.579784 0.767869 0.062553 0.155532 1.268332 
0.516272 0.515613 -0.363669 -0.933467 0.024497 -1.693573 -0.380445 0.425610 -0.456791 1.832432 2.135980 0.830371 -1.362678 -0.302436 0.041917 -0.146972 0.034453 0.868773 0.956779 -1.197477 0.613989 -0.246673 -1.280147 -1.000407 0.733972 -0.350667 -0.243882 1.524315 -0.385815 0.791116 -0.947552 -0.573511 0.787526 -0.672061 -0.546175 0.560073 1.083850 1.557140 -1.194214 0.232455 -0.363856 0.627134 0.121528 0.011407 0.062327 -1.103768 
