-0.306857 0.400249 0.157329 -2.080897 -1.009457 0.676067 -0.103470 0.055262 0.080216 -0.127193 -0.220642 -0.855585 -0.705740 -0.144976 -0.264721 0.033778 
0.376879 -0.775565 0.355725 0.958158 0.149209 -0.574867 0.179672 0.493233 -0.852956 -0.729888 0.348228 -1.398833 -1.348568 -0.027535 0.757513 -2.615041 
0.038060 -0.075618 0.028052 -2.773275 0.495817 0.301357 0.736897 -0.394517 -0.025067 0.176740 -1.192597 -0.001786 0.413424 0.008754 -0.857246 0.345861 
-0.488416 0.068648 0.025852 0.064969 0.290684 -0.294135 -0.835222 -0.180790 0.106402 -0.195377 -2.284769 0.318200 0.766280 0.166605 0.150726 -0.043614 
-0.187058 -0.156918 0.254079 -0.602388 -1.433373 0.279680 0.097902 -1.271638 -2.255451 -0.437594 0.465595 -2.075630 0.630900 0.422916 0.363138 -2.821237 
0.091241 -0.343376 -0.170060 0.960791 0.388732 -0.141950 0.527768 -0.109671 -0.009085 -0.098265 0.389593 -4.164618 -1.516272 0.042808 -1.311041 0.394911 
0.175952 -1.052091 -0.067140 -0.041370 -0.530238 0.050026 0.160094 -0.191023 -0.909302 0.249092 0.453450 -0.387762 -0.520774 0.649263 0.965378 -0.985236 
-0.199802 -0.305488 -0.251904 1.010455 -0.121673 0.820434 0.022617 -0.275511 0.273695 -0.406660 -0.188437 -0.655247 -0.290750 0.323417 -0.867336 0.987930 
0.240285 0.330797 0.218404 0.225428 -0.075599 0.426928 -0.179713 0.211372 -0.268093 -0.030389 0.538987 0.555546 -4.590824 0.204531 -0.291099 -2.470447 
0.061162 -1.195201 0.309674 0.184072 0.455289 0.090850 -0.596787 -0.082016 -0.096042 -0.274763 0.164633 0.506423 0.331199 0.610245 0.824643 -1.310766 
0.299923 0.249853 -0.579790 -0.747051 0.920272 -0.252804 -0.006395 -0.742124 0.343844 0.330900 -0.103028 0.307397 0.417121 -0.032597 -1.115244 0.430612 
-0.318738 -0.017609 -0.400342 1.272715 -0.105529 0.118161 0.095690 -0.287580 -0.061513 -0.859605 -0.630308 -0.333090 0.460259 0.160068 -2.482886 0.322639 
-0.907958 -0.220440 0.169016 0.353963 0.494557 0.398936 0.350841 -1.967719 0.426442 0.247879 0.300943 -0.597479 -0.367936 0.114816 0.226796 -2.171986 
0.335218 0.009719 0.360834 0.232344 -1.377695 -0.917111 -2.125564 0.317772 -0.187777 0.182050 -2.251428 0.652880 -0.039600 0.246542 0.253297 -0.328365 
0.226599 -0.381039 0.589371 -0.783323 0.739631 -0.175379 -0.784625 0.054080 -0.595742 0.356067 -0.621106 -0.494489 -0.638483 -0.183858 0.258545 -0.050645 
0.269480 0.066430 -0.307579 -0.135324 0.124354 0.216772 -0.607888 -0.304750 0.244710 0.806449 -0.834852 0.748224 0.339094 -0.860610 -0.846886 -2.581201 
-0.013835 0.120835 0.218871 -1.335489 -1.283172 0.095500 0.067455 0.204582 -1.252970 -1.941354 0.477623 0.523750 -1.027845 0.095782 0.455226 -2.710651 
-0.326871 -1.582623 -0.072034 0.222029 0.517155 0.211495 -0.226680 0.018971 -1.006092 -0.263047 0.476075 -3.192826 1.194332 -0.187246 0.556546 -0.162660 
0.243351 -0.691665 0.182961 -0.255004 -0.017074 0.231284 0.261934 -0.219237 -0.423938 0.288659 -0.304945 -1.496976 -5.044464 0.148421 0.067242 -0.350887 
0.239058 0.194663 -0.536547 0.270149 -0.550847 -2.249368 -0.469463 0.447771 0.215492 0.338684 -0.439644 0.674240 0.046700 -2.131973 -0.655988 0.140021 
0.209540 0.427009 -0.059946 -0.078538 0.689673 -2.528336 -0.515387 0.038205 0.518680 0.149496 0.238470 0.147186 0.241336 -0.216450 -0.080744 -0.553883 
-0.357279 0.023381 0.025098 -0.852009 -0.835383 0.544162 -0.055706 -0.452801 -0.784830 0.224733 -0.175868 0.273185 0.953066 0.315502 -0.199031 -1.632225 
0.253867 0.122264 -0.130654 -0.108261 -0.479872 0.137988 0.348735 -0.129060 -1.710788 0.481841 0.010631 0.583809 -3.179488 0.190071 -0.623134 -0.064085 
-0.379310 -0.391062 0.128284 0.127628 0.365433 0.149466 0.358371 -1.114734 -1.264556 -0.971964 0.106112 -0.139568 0.276719 0.036320 -2.674354 0.702119 
0.011738 0.040776 -0.273707 -0.218041 0.580722 -1.097796 -0.881904 0.348117 0.602329 -0.472999 0.200251 0.636421 0.740603 -0.251824 -0.358234 -0.808732 
-0.422843 -0.301810 0.448362 0.743391 -0.278305 -0.056436 -0.338083 0.299337 -0.596858 -0.841936 0.505747 -1.843836 -0.355333 0.040641 -2.754500 -1.297352 
-0.070657 -0.154503 0.353126 -0.757630 -0.162383 -1.262122 0.289349 0.240935 0.911041 -0.742731 0.429669 0.226316 0.690298 -0.033819 0.802253 -0.319445 
-0.173231 0.407293 -0.100359 0.313417 0.327450 0.726201 0.319710 -0.097669 -0.892772 -0.319908 -0.997339 0.075720 -2.547373 -0.070525 0.593086 0.827210 
-0.191797 -1.593495 0.161103 0.327089 -0.051059 -0.770941 -0.942046 0.207440 -0.502673 0.459567 -0.187636 -4.131341 -0.852732 -0.023355 0.772764 -0.018835 
-0.118296 0.291689 -0.057951 0.363196 0.999339 -0.236439 0.760703 0.297782 0.549497 -0.398689 -0.216403 0.560583 -1.809083 0.323347 0.724116 0.692366 
-0.655262 0.618839 0.037976 0.411264 -0.086563 -0.138718 -1.235395 -0.322802 -2.210737 0.071013 -1.169420 -0.821550 0.378549 0.243009 0.190905 1.635264 
0.183828 -0.098297 0.079355 0.186956 -1.415636 -0.082470 -0.231802 0.524124 -2.387757 -0.245540 -0.719059 -0.455853 -0.017274 -0.096840 -0.837596 -0.526950 
-0.398127 -0.141515 0.103092 -0.259643 0.688900 -0.562850 -0.999740 -0.022500 -0.161752 1.232799 0.340709 -1.056157 -0.492317 0.139823 -1.537199 -0.378419 
0.282561 0.274626 -0.105824 -0.832194 -2.161397 0.348635 -0.038449 0.192535 -0.073154 -1.528201 0.282521 -0.833402 0.905974 -0.065077 -0.775003 -0.112826 
-0.050167 0.407676 -0.285997 -0.181926 0.377895 0.390214 -0.415563 -0.172959 0.915968 -0.663519 0.187047 -0.293639 0.944644 -0.754248 -1.081508 -0.228949 
-0.127418 0.662844 -0.240300 -0.955489 -3.816444 0.221305 0.248516 -0.117580 -1.356660 0.031872 -0.187288 0.805203 -1.270900 -0.008434 -1.385229 -0.604427 
0.227202 -0.224904 -0.325646 -0.343669 -0.919240 0.599338 0.846639 0.235822 0.015091 -0.015247 -0.000152 0.581611 0.641645 0.278136 0.365634 -0.440350 
0.267976 0.008588 -0.291339 -0.417895 0.803776 -0.358501 -0.423425 -0.324883 0.913835 -0.414120 0.126137 0.592247 -0.106396 -0.554310 0.120037 -0.363049 
0.076241 0.139246 -0.312739 -0.505907 0.255986 0.361836 0.455762 -0.965355 0.693919 0.348377 0.439408 -1.406307 0.353170 0.276125 -0.147841 -2.832199 
0.235430 -0.302250 0.153692 -0.794232 0.309213 0.234475 -0.980167 0.144189 -0.155630 -2.049315 -1.225860 -0.006451 0.074284 0.435710 -0.526399 -0.622748 
0.602251 0.053824 -0.036796 0.419918 -0.215616 -0.038326 0.345532 0.318803 -0.608777 -1.682543 -1.117893 -0.403965 -0.091575 -0.268405 -1.299914 0.990662 
-0.534876 -0.073291 0.133633 0.528474 0.401496 -0.189126 -0.453925 0.270440 -0.909296 0.333928 -0.344727 -0.041303 -2.342762 0.249253 0.339075 -0.960863 
0.355360 0.428117 0.306464 -1.369145 0.430522 -7.292041 -2.968638 0.355734 0.135631 0.314650 0.148134 0.599209 0.055587 -4.232638 -0.552339 0.509857 
0.142129 0.526866 -0.336276 -0.010089 -1.337389 -0.125870 0.652726 -0.211589 -0.693560 -0.164851 0.520451 -0.590922 -0.148536 0.060952 0.588648 0.083489 
0.307860 -0.167524 0.084260 0.031649 -2.379725 0.392585 0.436415 0.154028 -0.105439 0.617214 -0.824447 -0.748286 -0.470813 0.113436 -3.258793 -0.376301 
0.133824 -1.112426 0.157062 -2.436954 -0.326536 0.598631 -0.147121 0.175362 0.833923 -0.055255 -0.226967 -1.089837 0.665142 -0.410832 0.551183 -0.275682 
