-0.154413 -0.000537 0.265536 -0.036447 -0.119480 0.175474 0.029045 0.180958 0.147923 -0.115319 0.082302 0.139372 0.013265 -0.054976 0.017878 0.096534 -0.092823 0.076082 0.205938 0.096426 -0.141517 -0.111164 0.029237 -0.358563 -0.008827 0.242702 -0.107975 0.018631 -0.428372 0.012275 -0.363673 0.114537 -0.170768 -0.096102 0.056136 0.051486 0.218998 0.067202 0.059342 0.098001 -0.208904 -0.090795 0.168590 -0.246945 -0.246828 0.161638 -0.323444 0.004116 
0.120905 0.027469 -0.549390 -0.012768 -0.127288 0.110185 -0.270165 -0.206968 -0.206348 0.122346 -0.188447 -0.135765 0.127628 0.217048 0.056221 -0.123504 -0.027841 -0.081344 -0.259992 0.014022 0.039319 0.255327 0.011150 0.274689 -0.220370 -0.254679 0.055814 -0.048941 0.347404 -0.208307 0.165159 -0.349644 0.341022 0.133376 0.160108 0.050977 -0.254345 0.097846 -0.217068 -0.107416 0.382592 0.346201 -0.263399 0.275109 -0.002493 -0.095672 0.412320 -0.053349 
-0.421734 0.530420 0.872815 0.280047 -0.205746 -0.424002 -0.004922 -0.325055 0.167018 -0.319770 0.215370 0.295738 0.473573 0.278923 0.043248 -0.148115 0.330884 -0.342824 0.152628 -0.032563 0.259453 -0.698190 -0.012300 0.366915 -0.211577 -0.199797 0.318004 0.608083 0.283525 0.339583 0.025896 0.574894 -0.402161 -0.068698 -0.405072 -0.426875 -0.451987 -0.177246 0.269060 0.090406 -0.418495 -0.214569 0.498451 -0.289947 0.308443 -0.218186 0.025546 0.151416 
0.318105 -0.637672 0.428592 -0.207972 0.286596 -0.188793 -0.076462 0.422730 0.043620 0.072851 -0.284087 -0.434686 -0.933525 -0.159468 -0.619887 0.911813 -0.403296 0.568683 0.809840 -0.621672 -0.045236 -0.705164 -0.193272 -0.427163 0.800034 0.434484 0.662470 -0.796679 0.195224 0.673908 0.739217 0.598475 -0.160380 -0.026757 -0.019744 0.152566 0.167108 -0.432509 0.388978 0.411144 -0.343160 -1.557143 0.244432 -0.076697 -0.168627 0.345851 -0.218474 -0.191034 
0.038790 -0.123215 -0.464142 -0.083442 0.175456 0.447691 -0.780855 0.031124 0.753511 0.917628 0.097977 0.426502 0.074404 -0.275997 -0.017458 0.415975 0.519509 0.176446 -0.150461 -0.856493 -0.188024 0.241118 -0.114015 -0.055131 -0.140063 -0.781928 0.316909 -0.106796 0.046598 0.619789 0.004947 0.193377 0.296362 -0.202513 0.848873 -0.111755 -0.142062 -0.147487 0.207619 -0.220193 0.449650 0.195642 -0.141509 0.784935 -0.207309 -0.173154 -0.432858 0.683584 
0.402186 0.403800 -0.356797 -0.021288 0.244758 0.162036 -0.483107 -0.206284 -0.049351 0.566704 0.164646 -0.054105 -0.244553 -0.264042 0.022043 0.139861 0.772364 -0.223945 -0.571561 -0.267755 -0.135979 -0.168405 -0.413978 0.315353 0.763969 -0.494448 -0.138480 0.064399 -0.000219 0.310074 0.067338 0.231530 -0.200815 -0.010039 -0.148369 -0.236766 0.005993 -0.223622 -0.520010 -0.146776 0.551558 0.481215 -0.006089 0.331664 -0.081747 -0.511449 -0.050193 -0.183836 
-0.211977 0.031659 0.001177 -0.825757 0.224908 -0.752005 0.440664 -0.443980 -0.778873 -0.305264 -1.213127 -0.326556 0.257684 0.260854 -0.183611 -0.010184 1.282972 -0.093745 -0.919221 0.360214 -0.572985 -0.751755 0.339452 0.258225 0.612875 0.135804 -0.383806 -0.379039 0.091786 0.269903 1.147270 -0.344827 -0.324372 -0.108727 -1.652371 -0.119939 0.897788 0.154198 -0.353988 0.342417 -0.248641 -0.241742 -0.702652 1.047031 0.502065 -0.219755 0.378283 0.060313 
-0.000738 -0.370635 0.566674 1.840578 0.436573 -0.525006 -0.456855 -0.380156 -0.923810 0.187847 0.576061 -0.243703 -0.278268 0.725263 -0.140167 0.757907 -0.014809 -1.075150 -0.310832 -0.779781 -0.267455 0.355520 -0.245814 0.419844 0.251360 -0.272087 0.024696 0.467069 -0.258632 0.793445 -0.125090 0.574561 -0.193867 0.568389 0.218464 -0.327203 0.952089 0.274527 -0.742240 0.472831 0.831225 0.497344 0.003859 0.627498 -0.094410 0.720510 0.046807 0.086177 
-0.320649 0.133983 -0.513780 -0.721492 -0.004790 0.271533 -0.449626 0.789194 0.844742 0.957651 -0.920152 0.219945 -0.292588 0.601434 -1.428721 -0.854577 -0.007942 -0.523130 1.361774 -0.200335 -0.174135 -0.764025 0.793918 -0.433887 -0.229955 0.209656 -0.938149 -0.101677 -0.078608 -0.157778 -0.783442 0.657991 -1.239022 0.043675 1.070510 0.144655 0.230265 0.287481 0.791694 -1.519596 1.279414 -0.727701 -0.812325 0.367137 0.818280 -0.168979 0.435591 -0.906958 
0.084416 -0.929979 -0.229778 -0.820516 0.601649 1.225541 -1.026074 -0.791009 -0.580099 -0.515006 0.122000 1.240836 0.704667 0.270663 -0.163703 -0.770104 -0.251249 -0.830935 -0.592977 -1.579825 -1.024821 0.178519 -0.251460 0.451629 -0.326017 -0.018211 0.410001 -0.314138 -1.020863 -0.716868 -0.405296 0.679476 0.499153 0.249975 -0.726229 0.309677 -0.035000 -0.767243 -0.075430 -0.062437 -0.756208 0.522590 -0.028767 0.021265 -0.677114 1.709347 -0.115000 -0.442447 
-0.709419 0.021893 -0.407495 1.096867 0.258182 0.668032 -0.381502 0.196105 -0.289790 0.131719 -0.018786 0.836179 -0.859571 -0.091337 1.188317 -0.369015 -0.416415 1.104860 0.216893 -0.546491 -0.752001 -1.350076 -0.119517 -0.421990 0.619324 -0.563941 -0.876911 -0.916467 -0.429362 -0.641830 -0.684078 0.231924 -1.167187 0.378626 -0.215436 -0.756040 -0.425972 0.647259 -0.551251 -0.236998 0.332166 -0.545997 -1.426370 0.922594 -0.389147 0.346143 0.120725 0.861906 
0.521369 1.895461 -0.581072 0.628519 -0.317904 -0.784671 -0.161331 1.016588 0.329500 -0.029031 0.202054 -0.206802 1.207637 0.887341 -0.104852 0.351738 -0.442512 0.904405 0.164539 0.274470 0.221375 -0.038581 0.059408 -0.292272 0.805722 -0.194625 0.919845 0.177693 -0.904809 -0.396697 -0.257982 0.328614 0.713898 -0.366401 0.728399 0.442277 1.057386 -0.387570 -0.875007 0.609142 0.719731 0.095391 0.582609 -0.002630 -0.396992 -1.572543 0.277922 0.094274 
-0.181470 -1.161361 0.107955 -0.628883 -0.504634 0.504190 1.137636 1.009265 0.676418 0.393061 -0.673634 -0.387324 0.563184 0.404185 0.267169 0.562156 1.235430 0.016894 0.251468 0.117531 0.085641 0.691703 -0.729640 0.886863 -0.545228 -0.557501 -0.255452 -0.167969 0.106764 0.158400 -0.304423 -1.320834 -1.387914 0.499928 -0.087340 -0.458383 0.400054 -0.481208 -0.097616 -0.640685 -0.600709 0.241421 0.641676 1.296967 -0.700704 1.446232 -0.052207 -0.182988 
-1.349371 1.202062 -1.516551 -0.689579 -0.447785 0.046026 -0.617459 -0.775735 0.000693 -1.011034 -0.903040 -0.319863 0.619386 0.431964 0.297412 0.044130 -0.777584 0.637086 -0.740432 0.153315 -1.214420 0.517476 -1.760469 0.276026 -0.368008 -0.269076 0.901929 -0.560810 -0.580156 0.508834 -0.712239 0.251515 0.689362 -1.998183 0.430343 -0.342177 1.388110 -0.031529 -0.652178 0.125140 -0.441811 -0.141518 0.004305 -1.174761 -0.677169 0.073763 0.332106 -0.341952 
-0.073071 2.390057 -0.833615 -0.513608 -1.863166 0.317790 -0.229948 0.401342 0.250433 -0.233067 -1.443836 -0.752544 -1.001640 -0.057857 -0.490437 0.813192 -0.016559 -0.605234 0.102992 -0.796751 1.767634 0.017503 -1.902377 0.297572 -0.642747 -0.862270 -1.257923 -0.680035 -1.180242 0.248963 0.481586 -1.001295 -0.304380 -1.052184 -0.141845 0.264436 -0.403231 -0.701483 -0.380055 1.925267 0.539219 -0.443729 0.438768 0.783149 1.837699 0.144857 0.752590 0.364646 
0.690322 0.282214 0.261442 -0.508336 1.282246 -1.372472 -1.013101 -0.231348 0.355512 1.103751 -1.116973 0.726287 0.531034 -0.582721 0.990352 -0.834446 0.144447 -0.842202 -1.006843 -0.939672 0.855070 -0.501455 -0.205870 0.286248 0.488010 -0.030426 -0.433933 1.745326 -0.342370 0.052268 1.046800 0.034498 -0.609192 -0.407709 -0.547325 -0.050588 -0.036628 0.043121 0.205277 -0.576482 -0.531411 -0.476315 -1.020594 -0.237376 0.503335 0.546482 -0.492291 -0.136777 
