-0.520766 -0.293730 0.408861 0.256834 -0.049031 -0.161676 0.172240 0.173709 -0.742720 0.236583 0.131848 0.162505 0.086929 0.123287 -0.592746 0.583413 
-0.166380 -0.217928 0.015282 0.626370 0.586422 0.270529 0.084769 -0.071413 -0.133528 -1.310523 -0.401111 0.369431 -2.789274 0.175065 -0.472187 0.234661 
-1.105353 0.090830 0.142597 0.543156 -0.210816 0.151382 -0.469520 0.007210 -1.067008 -0.202108 0.195733 -0.408787 -0.623117 0.222557 0.139907 -2.202010 
0.105184 0.526542 0.242638 -0.307947 -1.524975 0.416148 0.479646 0.069440 -1.886985 -1.609182 0.562894 0.720146 -1.368342 0.383677 -0.427414 -1.522872 
0.236340 -0.648518 -0.057487 -0.511950 -0.771996 0.367188 0.240455 -0.131548 -0.556753 0.236578 -0.165622 -0.584827 0.223247 0.309716 0.741669 -1.216412 
0.330594 -0.033286 -0.219852 0.578884 -0.156679 -0.046613 0.670245 -0.002471 0.513482 -0.874174 -0.694501 -0.015587 0.707186 -0.404444 -1.570884 0.133821 
0.361440 0.387812 -0.231111 -0.107244 -0.047699 -0.508644 -0.517819 0.578099 0.264974 0.192476 0.054558 0.822025 0.080945 -2.290596 -0.946632 -0.488848 
0.195908 -0.968061 -0.026247 -0.267829 0.056969 -1.942136 -0.879012 0.250252 0.313398 0.324610 0.155542 0.210322 0.371440 0.416460 -0.865928 -0.235368 
0.355983 0.433649 0.072221 -2.261574 -1.469218 -0.071976 -0.525172 0.119895 0.318615 0.462670 0.223255 -0.634509 -0.059658 -0.141401 0.022973 0.314506 
0.473339 0.180454 -0.034998 -0.076446 0.556166 -1.884513 -1.785289 -0.218328 -0.363150 1.089284 0.882849 0.337069 -0.281439 -0.744347 -0.395539 0.479561 
-0.102118 -0.075672 0.104415 -0.618972 1.330004 0.004820 0.403460 -0.443281 -0.821634 0.033008 -0.254018 0.288316 -1.164472 -0.063237 -0.828267 0.126101 
0.089236 -0.505897 0.016518 -0.487294 0.200294 0.077227 -0.295071 0.019092 0.053312 -0.239737 -1.416663 -0.248682 0.729310 -0.377225 -0.281207 0.592044 
0.082101 0.105491 -0.532695 0.822354 -0.258840 0.148514 -0.137498 -0.216367 -0.871291 0.696196 -0.259302 -1.330582 -0.538592 -0.263812 -1.167262 0.438863 
0.186033 -0.208295 -0.127637 -0.140937 -0.953845 0.520046 -0.143981 -0.090879 0.266973 -0.115451 -0.168565 0.728465 0.771183 -0.138489 -0.877899 0.386457 
0.191720 -0.947977 -0.104393 -0.569144 -0.780472 0.582892 0.818032 -0.096499 -1.628443 -0.127384 0.461855 -1.182178 -0.867843 0.347252 0.676777 -2.171821 
0.009431 -1.140387 0.204344 0.573225 -0.437116 -0.002990 0.329514 -0.096040 -0.714953 -0.357226 0.239170 -1.038869 0.296131 0.321999 0.186833 -0.698205 
-0.384268 -0.482016 0.110942 0.263501 0.542006 -0.081887 -0.219645 0.227644 -0.663652 -0.630617 0.207652 -0.062012 -2.559323 -0.040018 0.915217 -0.964311 
0.300045 -1.509763 0.157810 0.079942 0.639223 0.179072 0.065522 -0.399278 0.388657 0.222523 0.306314 -0.017170 -0.625330 -0.009911 0.582985 -3.144912 
0.461359 0.281273 0.275932 0.551543 0.497821 -0.338008 -0.058671 0.455438 0.011685 -0.501811 -0.826290 -0.289256 -0.781338 0.136066 0.148828 0.852024 
0.143378 0.326422 -0.447320 -1.004522 -0.381929 -2.198795 -0.868949 0.300667 0.524614 -0.747072 -0.908890 0.383418 0.185246 -1.781708 -0.866000 0.010084 
0.041501 -0.081984 0.077247 0.902111 0.259288 -0.046673 -0.753022 0.095168 0.149611 -0.852025 -1.029089 -0.053500 0.362898 0.097367 -0.193304 0.683534 
-0.401402 0.018512 0.424484 0.263756 -0.287422 0.027327 -0.435005 -0.239351 -0.586732 -0.248027 0.850756 -0.673723 0.870480 0.130738 -0.578998 -1.227624 
0.224802 -0.471063 -0.116315 -0.728039 -0.692232 0.675144 0.643761 -0.040670 -0.638871 0.006449 -0.813496 -0.689511 0.271624 -0.374044 -0.762333 -0.843547 
0.111697 -0.150678 -0.029954 -0.067990 -1.354034 -0.415956 -0.099414 0.027218 0.667047 0.043818 -1.527049 0.631217 -0.018482 -0.068059 0.155375 -0.623525 
0.190790 -0.042310 0.101217 -0.767510 -0.804922 0.411165 -0.172292 -0.514645 -1.153106 -0.295362 -0.153327 -0.682840 0.478431 0.581478 -1.349973 -1.644693 
-0.046488 0.291287 -0.291773 0.547467 -2.542405 -0.161327 0.077040 0.134238 -0.921487 -0.005192 -0.309618 0.407889 -0.479535 -0.129744 0.013598 0.305581 
-0.220023 -0.631194 -0.060719 -0.203469 0.286208 -3.409281 -1.009282 -0.066377 0.627881 0.726245 0.137891 0.009723 0.236551 -1.322144 -1.371208 -0.729834 
-0.278460 -0.312040 -0.098763 0.315949 1.017089 -0.448956 -0.287716 0.253962 -0.397189 0.283020 -0.326514 -1.637019 -0.657732 0.242261 0.455957 0.278787 
0.268825 0.473046 0.382609 -0.825029 -0.044951 -2.538477 -1.709215 0.386560 -0.689691 -0.140232 0.203083 0.140078 -0.424582 -1.324310 0.226891 0.413559 
0.459139 0.207035 0.349651 -1.755637 -1.073860 -0.531567 -1.067023 0.389399 -0.176129 -2.394809 0.438689 -0.071797 0.495673 0.380607 0.056195 0.100107 
-0.099676 0.279928 -0.011686 -0.582259 0.635404 -0.872710 -2.208902 -0.179593 0.397896 0.169246 -0.925521 0.351325 0.565630 -0.545139 -0.056913 0.049366 
-0.119442 0.147500 0.244717 -0.655749 0.178822 0.075687 0.432279 -0.372620 -0.639644 -0.503250 0.048266 -1.403274 1.046228 -0.029377 0.278461 -0.046378 
-0.328591 0.645254 -0.089820 0.070716 -0.325127 -0.375648 -0.512492 -0.202582 -1.719485 0.130670 -2.830821 -0.187373 0.323718 0.267110 0.489497 0.530757 
-0.261131 0.471680 0.089511 -0.191560 0.408215 0.652019 -0.233137 -0.141072 0.373721 0.109655 -0.839800 0.121012 -0.911178 0.093846 0.314480 0.625734 
-0.005018 -0.071841 -0.121571 -0.031542 0.748350 0.536187 -0.332268 -0.020301 -0.122293 0.987591 -0.380671 0.338876 -0.853323 -0.517526 -0.678929 -0.238058 
-0.182594 0.389607 -0.481990 -0.255261 0.644910 0.122545 0.246570 -1.046099 0.832225 -0.038490 0.267637 -0.292730 0.397650 0.180916 -0.512301 0.051725 
0.068870 -0.079320 0.228912 -0.415616 -1.439169 0.535809 -0.124220 0.326321 -0.685395 -0.205162 -0.958113 -0.710418 -3.518696 0.361761 -0.627866 0.167825 
-0.036383 0.257333 -0.115813 -0.201118 -1.001171 0.132849 0.000553 0.182287 0.026801 0.653529 -0.079211 0.024997 -0.204587 -0.162640 0.762367 0.224094 
0.220325 -0.182220 0.224327 -0.310503 -0.000706 0.013723 0.403396 0.179952 0.081459 0.121287 0.576706 -1.631363 -1.152037 -0.187068 -0.114366 -0.557546 
-0.437859 0.082877 0.126681 -0.392126 0.625188 0.661461 0.039129 -0.322878 0.486994 -0.527053 0.585107 -0.465076 0.468456 0.235534 0.147242 -0.254055 
-0.407487 0.140451 0.153284 0.081545 -0.351718 0.127168 -0.020754 -0.383502 -0.266171 0.516781 0.346893 -0.039288 -1.821181 0.481869 -0.170356 -0.433937 
-0.444872 0.122522 -0.069710 1.101433 0.439545 -0.431826 -0.122482 -0.320197 0.114551 -1.050329 0.088308 -5.479297 0.271369 0.307014 -0.286321 0.025042 
-0.032711 -0.747987 -0.013529 -0.222244 0.071090 -0.072847 -0.248949 0.402902 0.210635 0.659750 -0.362279 0.806079 -0.865343 0.352455 0.202695 -0.338261 
0.469852 -0.280364 0.287582 0.009519 0.616975 -0.742532 -0.137368 0.177061 -1.110459 0.389458 0.334661 -0.044881 -1.807845 0.067848 -0.443902 -0.002942 
-0.181029 0.090447 0.064879 -0.345906 -0.068612 -0.092681 -0.431370 -1.317026 0.101225 0.369944 -0.525478 -0.001135 0.384563 0.236423 -0.325914 0.049779 
0.251044 0.414018 -0.108591 -0.464247 -0.587946 0.198516 0.485407 0.012736 -0.825688 -0.119356 0.292528 -1.565802 -3.062894 0.148514 -0.425705 -1.920036 
0.132101 -0.431614 0.227652 -0.281958 -0.873226 -0.371466 -0.898071 0.212984 -0.089510 0.416008 -2.267279 -0.374232 -0.207011 0.090721 0.011106 0.029354 
0.045125 -0.646282 0.078868 0.065927 -1.701221 0.149095 0.568598 0.021409 -0.059094 -0.202197 -0.795276 -1.179918 0.323200 -0.272312 -0.552038 -1.902546 
