0.268186 0.136328 -0.248388 0.272604 
-0.177844 -0.506835 0.585762 -0.411915 
-0.242048 0.621829 -0.737138 0.451544 
-0.838422 1.250766 -1.357666 0.296100 
-0.551271 0.977605 -0.097864 0.450663 
-0.099550 0.422474 -0.143440 0.025443 
0.515400 -0.480567 -0.698349 -1.149102 
0.197757 1.102923 -0.570340 0.507272 
0.608775 -0.011696 0.044995 -1.026959 
0.097601 -0.304626 -0.023743 -0.598074 
0.557936 0.615719 -1.644881 -0.834909 
0.271541 -0.580829 0.838492 0.303270 
0.460027 -0.812411 1.076134 -0.014542 
-0.847066 1.429813 -0.263662 1.166422 
0.897562 1.303505 -1.300086 -0.548105 
0.467368 1.070258 -0.318199 0.970726 
