0.135710 -0.061615 -0.320366 0.221471 -0.223388 0.111816 0.018746 -0.003616 0.009697 -0.085643 0.060839 -0.051859 0.013091 0.276912 0.095564 -0.033455 0.072303 -0.271996 -0.005611 -0.017352 0.080238 0.178258 0.019320 -0.205633 0.097102 -0.395279 -0.004545 0.132269 -0.217597 -0.150847 0.017501 -0.021007 -0.056664 -0.196645 0.054159 0.136127 0.129654 0.117602 0.113677 -0.104583 -0.103953 -0.168969 0.154562 0.210236 0.227590 0.124154 -0.074936 -0.271650 0.053250 0.306378 
-0.092087 0.203474 0.446019 -0.191151 0.336719 0.254189 0.018683 -0.176335 0.044407 0.038461 0.051951 0.191988 0.041727 -0.290146 0.008152 0.277315 -0.268278 0.366859 -0.120955 0.138784 -0.365068 -0.174559 0.185249 0.195042 0.070179 0.242237 0.152193 -0.183172 0.128688 0.243301 0.094684 -0.090455 -0.099555 0.245696 -0.030835 -0.262739 -0.027023 -0.048991 -0.209076 0.071899 -0.086238 0.453226 0.020981 -0.301807 -0.073473 -0.199689 0.138089 0.330847 0.024633 -0.086151 
-0.529698 -0.132815 -0.165304 0.450734 -0.218305 -0.018797 -0.500575 0.176778 0.278654 -0.343789 0.245923 0.146174 -0.561528 0.030071 -0.129405 -0.853252 0.307812 -0.376899 0.407910 -0.536216 0.796844 0.214946 0.031069 0.265708 -0.584052 0.267954 -0.195751 -0.140360 0.352147 -0.257101 -0.536627 -0.243913 0.056133 -0.324880 0.395144 -0.154615 -0.418172 -0.210462 0.393657 0.243691 0.482738 -0.617155 -0.051855 -0.113733 -0.069660 -0.767381 -0.137993 0.041131 0.232790 0.168251 
0.407666 -0.707980 -0.746726 -0.237561 -0.173211 -0.709402 0.975061 0.618412 -0.399967 0.575789 -0.758227 -0.020531 0.091755 -0.345221 0.513534 -0.019339 0.916497 -0.068088 -0.364696 0.408185 1.055218 0.004501 0.106230 0.202181 -0.308302 0.642681 -0.668165 0.606596 -0.695154 -0.413589 -0.221058 0.345305 0.120198 -0.088657 0.362681 0.491259 0.104684 -0.184303 -0.561679 -0.164009 0.276920 -0.823607 0.540294 0.653945 -0.264778 1.113602 -0.115850 -0.258789 -0.491485 0.131123 
0.678496 0.166285 0.728175 -0.354212 -0.222434 0.219658 -0.141627 -0.095050 -0.708301 0.003019 0.265187 0.282285 0.543249 -0.032387 0.307815 0.749270 0.605409 0.165426 -0.135313 -0.170883 -0.184642 -0.426767 0.784626 0.430908 -0.012883 0.544588 0.012484 -0.482488 0.233116 -0.411117 -0.109933 0.229777 -0.543034 -0.387023 -0.178836 0.294512 0.873818 -0.664412 0.292842 -0.499339 -0.153686 0.513549 0.098939 -0.761668 0.550649 0.213783 0.001331 0.261007 0.166101 -0.012901 
0.058598 -0.196061 0.542506 -0.385258 0.737439 -0.511098 -0.891288 0.404886 -0.113752 -0.172945 0.348126 -0.444520 0.448440 0.192013 -0.192479 0.586432 0.361315 -0.027057 -0.001150 -0.111393 -0.020135 0.144493 0.177244 0.243042 -0.301907 0.169417 -0.141733 -0.449899 -0.372818 0.378908 0.195045 0.517276 -0.268007 -0.359029 0.043037 -0.386831 0.137962 -0.231978 0.113510 -0.018662 -0.020496 0.158563 -0.051244 -0.741244 -0.486149 0.332472 -0.095555 -0.317140 0.286130 -0.291596 
0.175778 -0.672064 0.706298 -0.675507 -0.021590 -0.689366 -1.240164 0.158039 0.540808 0.781704 -0.957612 0.184813 -0.210071 -0.104336 -0.320660 -1.049730 0.573251 -0.087161 -0.997235 0.737379 0.292078 -0.231065 -0.579805 -0.084821 0.120828 -0.123333 -0.293124 0.228417 0.257643 0.199456 -0.288854 0.476351 0.226653 0.418406 0.023493 -0.308462 -1.082073 -0.072191 0.187714 0.948314 0.716236 -0.482907 0.419622 0.505502 -0.133784 0.006064 0.937502 -0.452972 0.334083 0.202111 
0.196498 0.103290 0.784011 0.021956 -0.014298 -0.147422 -0.533111 1.205338 -0.138985 0.505322 -0.146967 0.147288 0.049875 0.196675 -0.714849 -0.001309 0.741624 -0.499883 1.413019 -0.166948 -0.148569 -0.273896 0.520564 0.578163 -0.103062 -0.268541 0.127924 -0.506148 0.689587 -0.670022 1.591378 0.702110 0.488526 0.228576 0.620043 0.475585 -0.148173 -0.295714 -0.047679 0.693836 -0.137532 -0.142844 0.278965 0.059853 -1.012555 0.082345 1.029226 0.300623 0.142846 0.101736 
0.451980 1.435913 -0.203379 -1.210218 -0.408788 -0.670803 0.732726 -0.908560 -1.062334 1.087660 0.723887 1.491450 -0.708938 0.899632 -1.533424 0.349522 -0.309747 -0.669888 -0.488531 -0.962770 0.956814 -0.135335 0.403515 -0.649036 -0.141030 0.815659 0.091856 0.900547 0.047177 1.671043 0.252443 -1.432376 0.681308 1.011825 0.132364 0.589729 -0.071289 0.693999 0.386584 -0.419298 0.358038 0.389326 0.324860 -0.769682 -0.072611 -0.417679 1.837183 -1.052429 -1.243787 0.263759 
1.383872 -0.704177 0.778878 1.459578 -0.306523 1.247298 0.938965 0.104268 -0.115519 0.286778 -0.461077 0.052305 -0.787215 -0.431806 0.539700 -0.715497 -0.824775 0.605345 -0.447817 -1.201687 0.073424 -0.624873 1.587090 1.243043 0.103007 -1.270626 -0.259617 -0.743502 -0.830154 0.245542 -0.850322 -0.419896 -0.198409 0.795677 -0.429783 -0.290762 -1.428685 -1.031414 1.014722 -0.040912 -0.871394 0.623941 0.623134 1.205326 -0.526682 -0.252471 0.116087 -0.225500 1.600316 -0.003730 
-0.205849 0.063861 0.878654 -1.693627 0.009729 -0.016429 0.596469 1.755446 -0.835973 1.889942 0.911345 0.528406 -0.295654 0.387036 -0.304724 -0.872165 -0.718848 -0.977246 0.644631 -1.187950 1.265134 -0.436690 0.662088 -1.048655 0.361100 -0.262330 -0.598471 0.091561 0.676232 0.477933 0.952229 1.099813 -2.332088 -0.576928 -0.903032 -0.150916 0.883749 -0.157060 0.630044 -0.230038 0.228984 -0.108110 1.048542 -0.471209 0.592017 -0.781677 -0.561984 -0.241150 0.543509 1.164854 
-0.440940 -0.204624 -0.162389 -0.509850 0.645702 -0.432907 -1.393608 -0.676989 0.391685 -0.446141 -0.411872 -0.077435 -1.034076 0.476840 1.366244 0.918973 -0.339173 0.614573 -0.008861 0.360604 0.316528 1.467565 0.882883 0.710929 -0.884070 -0.790541 -0.249751 1.332617 1.112594 -0.517595 1.452991 0.751024 0.460803 -0.281158 0.410895 0.300596 0.791009 -1.162608 -0.932712 0.251437 -0.741368 0.815379 -0.318440 -0.727233 -0.058848 0.271141 0.327318 -0.628672 0.917001 -0.104879 
0.675871 0.039481 0.877717 -0.573405 -0.910025 1.565828 -0.067562 -0.111429 0.052858 -0.970748 0.361537 -0.574217 0.333306 1.112625 0.459382 -0.394380 0.194926 -0.713552 -0.180355 0.051000 -1.018593 -0.702064 -0.987562 -0.732311 -0.421354 0.323825 0.692923 0.167058 0.910058 0.043104 -0.412760 0.359219 0.013675 -0.165058 0.990115 0.099987 0.149987 -0.607525 -0.814467 0.314235 -0.224995 0.079043 0.495314 1.033538 -0.403661 -0.470146 0.747846 -0.492919 -0.667118 -0.456268 
-0.161875 0.916250 -0.231537 0.957345 -1.705162 1.196793 0.520648 -0.005993 -0.110350 0.605027 -0.595608 -0.396059 -0.818315 -0.712262 1.703065 0.056080 0.572202 0.673812 -2.155250 -0.456478 -0.292248 2.462771 0.522149 0.686227 1.129941 -0.934760 -1.814641 -1.106639 -0.212796 -0.791472 1.217028 -0.141441 -1.378419 -0.771725 0.246635 -0.561607 -0.362743 0.339095 -0.254105 0.417180 0.638919 1.198407 -0.151139 -0.892849 -0.952484 -0.247812 1.319026 -0.575436 0.149820 0.405690 
0.772891 0.407131 0.734026 -1.060210 -1.339375 -0.328832 -0.118533 0.103029 -1.097934 0.031793 -1.994211 1.071857 2.098818 0.985527 -1.106058 -0.304004 -0.107714 1.355807 -1.205529 -0.870421 0.210716 0.557730 0.002419 -0.685212 -0.661931 -0.670894 -1.162983 -0.313315 0.046856 0.010619 1.096495 -1.270998 -2.192675 -0.189457 1.336998 0.195825 -0.365256 -0.852823 -0.681018 1.110794 0.944248 -0.712114 -0.544918 -1.544979 -0.260989 -0.747993 0.211040 0.099395 -0.488783 -0.224073 
-0.380476 0.480563 0.257542 -0.159368 -1.034107 -1.173450 -0.390340 0.010219 -0.666958 -0.687848 -0.611121 -0.646972 -1.221253 0.194327 -1.150321 0.340378 -0.246492 -0.382157 -0.633846 0.975047 0.452224 -1.253173 1.208626 0.602450 2.257124 -0.474054 -0.126764 -0.671582 -0.177007 0.117198 0.167434 -0.106280 0.762545 -0.341062 -0.837024 0.612620 0.206638 -0.612814 0.304020 -0.345904 2.287406 -0.751416 -0.158183 0.486389 -0.290864 0.225098 -1.941607 0.084108 0.129335 -0.960339 
