0.467412 0.139063 0.198721 0.307829 -0.530530 -1.070932 0.033704 0.259970 -0.014209 -0.794387 -0.253793 -0.318021 -0.889229 0.047531 0.451592 -2.903203 
-0.510168 -0.038736 0.258726 -0.960334 1.001833 0.579698 -0.907267 -0.045779 -0.042458 0.404183 0.443370 -0.284845 0.115470 -0.021280 -0.198984 -1.706764 
0.140806 -0.142518 0.261559 0.545772 0.119163 -1.870284 -0.441796 0.408089 -0.832612 0.111372 0.076076 0.490404 -1.860793 -0.114103 0.033171 -0.613064 
-0.071495 -0.119823 0.295067 -0.601676 0.720158 -0.262592 -0.901420 0.022858 -1.185319 0.825131 0.819099 -1.139480 -1.394837 0.597891 0.505260 -0.158820 
0.009574 0.484766 0.325731 -0.480508 -1.272589 0.379695 0.207186 0.156277 -1.604804 -0.128028 -0.118208 -0.290702 -1.422935 0.070598 -0.469132 -2.047439 
0.156838 0.094302 -0.396338 -0.334845 -0.341224 0.189738 0.312502 -0.893777 -1.276039 -0.528243 -0.111982 -0.259655 0.947237 -0.005818 -1.263495 0.279919 
-0.302838 -0.187026 -0.043718 0.650582 0.252058 -0.126815 0.129036 0.042720 -0.330462 -0.393366 0.318355 -1.296797 -3.084693 -0.237499 0.359798 0.247079 
0.205787 0.303163 -0.439399 -0.700563 -0.830375 0.079748 0.390854 -1.211364 0.288758 0.550745 0.671518 -0.180902 0.223867 0.138559 -0.255869 -1.098058 
0.606478 0.650898 -0.783219 -0.841829 0.379571 -0.341714 -1.469829 0.102739 1.091033 0.144638 -0.399381 0.636013 0.305423 -0.415730 -0.679300 0.606185 
-0.251103 0.061148 -0.194275 0.497188 0.582938 -0.358960 -0.987630 0.219383 -0.086602 0.641705 -2.796591 0.222809 0.065261 -0.432274 0.430841 -0.409049 
-0.288338 0.577700 -0.207962 -0.868681 0.723352 0.495631 0.049387 -0.223432 1.063615 -0.741003 -0.571142 0.088840 0.421794 0.232153 -0.582576 0.593349 
-0.072552 -0.349700 0.204932 -0.391404 -0.188397 0.098356 -0.214942 -0.121963 0.227494 0.311753 -1.924237 -0.246142 -0.776657 -0.139848 -0.606415 -1.025843 
-0.182257 -2.122187 0.087117 0.367110 0.209535 0.227119 -0.078702 0.080149 -2.580432 -0.000155 0.249923 -4.534822 0.405001 0.183213 0.136347 -0.496197 
-0.019134 -0.026833 0.196097 -0.234291 0.324891 -2.186802 -1.856710 0.221291 -0.128894 0.241410 -0.787940 0.410973 0.403887 0.326160 0.611636 -0.037138 
-0.034557 -0.249670 -0.064516 0.388285 0.562585 -0.726628 0.141365 -0.208508 0.232788 1.152339 -0.135101 -0.384986 0.206944 -0.194444 0.695171 -1.329803 
-0.180765 0.157201 -0.020221 0.445438 0.531189 -0.415190 0.095370 -0.487972 0.294125 1.130639 0.730247 0.649083 -0.588924 0.040807 -0.393101 -0.677361 
0.384389 0.139892 0.321730 -0.959098 -0.680160 -0.570570 -1.916880 0.308749 0.299849 -2.057151 0.264329 0.382489 0.636383 0.308240 0.512961 -0.078252 
-0.343786 0.274933 0.175815 -0.204141 0.005577 -0.095070 -0.951387 0.038973 -1.706621 0.295134 -2.404839 -0.160454 -0.423424 0.348553 0.719189 -0.039896 
-0.308830 0.498069 0.382132 -0.387216 -0.212156 0.429964 0.230106 0.124801 -2.680820 -0.967895 0.587430 1.031460 -3.346531 0.296366 -0.896462 -0.286517 
0.158527 0.360052 -0.143132 0.359888 0.884620 -0.366244 -0.414610 -0.042285 -1.438762 -0.046994 -1.906135 -0.150195 0.738660 -0.309729 0.261276 0.040263 
-0.888481 -0.243666 0.140719 -0.029911 -0.479488 0.248991 0.030855 -0.408738 -0.668359 -1.200478 0.368926 -2.452223 0.817405 0.099969 -0.798046 -0.970049 
0.209494 -0.234970 0.091887 -1.356666 0.417958 0.494588 -0.180046 -0.089406 0.212685 0.072473 -0.841170 0.773404 -2.721816 0.001616 -1.253376 0.432208 
0.303967 0.327984 -0.422529 -0.457260 -0.184508 -0.151506 -0.388644 0.675112 0.142358 0.196992 -0.213449 1.106669 0.206163 -1.468720 -2.176144 1.295625 
0.181052 0.067055 -0.013778 0.187228 0.434771 -2.672169 -0.519487 0.114099 0.822282 0.352842 0.127457 0.475200 0.580616 -1.961343 -0.737554 -0.919182 
-0.037717 -0.567134 -0.292897 0.018204 0.080973 0.346021 0.721613 0.179525 0.000070 -0.193912 0.521386 0.656751 -1.390397 0.314805 0.227419 0.519456 
0.338593 0.381392 0.350044 -1.621711 0.188436 -3.839166 -1.477588 0.417857 -0.133318 0.198103 0.281383 0.201922 -0.408290 -4.298061 -0.715931 0.569129 
-0.007129 -0.136161 -0.110602 0.546467 0.584172 0.268762 0.187931 -1.334542 0.161621 0.166892 0.438434 -0.008200 0.236644 0.017738 0.574085 -0.892078 
0.388418 -0.214583 -0.411216 0.073701 -0.013570 -0.570127 0.368541 0.368756 -0.083391 -1.752333 -0.006431 0.012125 0.173224 0.117340 -1.069791 -0.307305 
0.204876 -0.081997 -0.265740 0.297387 -1.773769 0.234921 0.226736 -0.170124 0.105967 -0.470966 0.373648 -0.049804 0.318357 -0.067383 -2.274676 -3.089131 
-0.443326 -0.567605 0.185120 0.245959 -0.699582 -0.200224 0.521211 0.057061 0.518228 -0.408164 0.047798 -1.264755 0.776351 0.012384 -0.629152 -1.779318 
0.064115 0.321278 0.273353 -0.984589 -0.990025 0.443708 0.432002 0.247656 -1.152095 -0.133893 0.474007 0.064466 -2.394670 0.207885 0.345454 -3.520716 
0.367219 -0.163582 0.192194 -0.604887 -0.303747 0.203054 0.483914 0.090818 -2.310400 -0.354866 -0.245597 -0.958318 -0.641489 0.164281 -0.699254 -2.468134 
-0.317923 -0.554115 0.048038 0.865473 0.469636 0.867371 0.448924 -0.125298 0.111839 -1.536598 -0.914928 -0.489630 -0.237072 -0.075010 0.231355 0.959090 
0.116796 -0.174058 0.018711 -1.341724 -2.351938 0.575870 0.127521 0.000061 -0.358847 0.195448 0.490087 -1.272751 0.209710 0.477133 0.445585 -2.665617 
0.373865 -1.003766 0.172442 0.660121 -0.149110 0.336819 -0.448311 -0.094581 -0.074042 0.005981 -0.275385 -0.181561 -0.249698 0.278598 -0.215647 0.048332 
0.152114 -0.720977 0.118040 0.058004 -1.254997 0.005184 0.241772 0.269910 -0.544353 0.034677 -1.091599 -1.062715 -0.412414 0.222071 -0.268176 -0.427771 
0.364953 -0.323352 -0.037733 -0.326419 0.146963 -0.043267 0.068556 -0.254673 -1.352433 0.920939 -0.277991 -0.281996 -0.572176 -0.228843 -2.066120 1.134551 
0.309482 0.316903 -0.057100 0.034704 -0.632685 -2.154179 -0.331597 0.384482 -0.167081 0.028867 -0.380881 0.321484 0.352560 -0.356891 1.178408 -0.115997 
-0.239620 -0.665016 0.249855 -0.348235 0.091406 -0.144750 -1.807928 0.224555 0.430616 -0.108568 -0.781227 -0.102874 1.011190 -0.363170 0.456735 0.780901 
0.222002 -1.178389 -0.075610 -0.663993 0.118819 0.354390 0.401592 -0.405791 0.935286 -0.149722 0.139547 -0.431409 0.436012 0.145257 0.607856 0.473457 
-0.132654 0.347765 0.011605 -0.188601 0.891230 0.019251 0.170924 -0.778410 0.373461 -0.303066 -0.277507 -0.216925 0.499730 -0.105188 0.727577 -3.029727 
-1.279358 0.238745 0.035180 1.202928 0.105009 0.142868 -0.401242 -0.275158 -0.749618 0.092551 -0.553035 -0.975397 -0.159683 0.030534 -0.285763 0.616766 
-0.067413 0.253978 0.020964 0.043373 0.508021 -0.198141 -0.247986 -0.785864 0.048935 0.260129 -1.242202 0.169525 0.173881 -0.292303 -1.192938 -0.143415 
-0.025726 0.294482 -0.202968 0.384701 -1.104335 0.429942 0.286506 -0.009144 -0.551909 -0.023941 -0.276772 -0.156326 -1.765734 0.395716 -0.361028 -0.896270 
0.220639 -0.074147 0.092677 -0.481880 -1.527185 0.213812 -0.093145 -0.012125 0.474845 0.169045 -0.837175 0.167100 0.429738 -0.101290 0.020438 -0.649286 
-0.001126 -0.840093 0.111607 0.739568 -0.283508 0.067983 -0.427073 0.186590 -2.248528 -0.299668 -0.043203 -1.892660 -0.695863 0.665245 0.744572 -3.841155 
0.026284 -0.616527 0.224612 0.271961 0.353893 0.457306 -0.112480 -0.065005 -0.734269 0.348362 -0.281291 -1.596969 -3.635474 0.233194 -2.780485 -0.130775 
0.104732 0.469894 0.238437 -0.037919 -1.831618 0.045723 -0.443801 0.050010 0.512635 0.125531 -1.201234 0.146313 0.184088 0.119437 0.612516 -0.047377 
0.239414 0.144576 -0.136124 0.334496 -0.012742 -0.283230 -0.562979 -0.354262 0.199786 -0.080835 0.718486 -2.549942 0.030717 -0.419182 -1.910798 0.113930 
-0.164789 -0.116010 0.187764 -0.279310 -0.147322 -0.168766 -1.282161 -0.108868 0.270201 0.100527 -2.380037 0.384052 0.192874 -0.184767 0.124380 0.313886 
