-0.000248 0.171805 0.262935 -0.063937 0.203258 0.123558 -0.020559 0.012654 -0.202119 -0.044661 -0.181905 -0.027760 0.220805 -0.025337 0.137073 -0.251943 -0.053348 -0.231218 -0.097375 -0.033654 0.183870 0.035693 0.043351 0.154243 -0.091702 -0.053810 -0.214558 0.410445 -0.222431 -0.210972 -0.227534 -0.025422 -0.067562 0.277366 0.041319 -0.010582 0.137490 -0.203507 0.058077 -0.035148 0.014019 -0.307671 0.075922 0.364638 0.250992 -0.023667 0.125324 -0.197187 0.133727 -0.025993 0.043555 0.027964 
0.047825 0.073286 -0.430596 -0.185826 0.131204 -0.254700 0.161408 -0.129682 0.094155 -0.064138 0.270546 0.150469 -0.127888 -0.361519 -0.121940 0.183114 0.079233 0.269181 0.178361 0.042598 -0.380894 -0.104631 0.065247 -0.443939 0.035444 -0.171043 0.344427 -0.282580 0.243323 0.116463 0.229313 -0.042405 -0.013034 -0.102844 -0.123068 0.115112 -0.176996 0.396883 -0.055419 -0.124406 0.015510 0.265984 -0.176451 -0.182104 -0.360491 0.165658 0.092817 0.149499 -0.287768 -0.221707 -0.071642 0.020885 
-0.110418 0.121319 0.518064 -0.101691 -0.403918 0.180264 -0.350433 0.060422 0.041992 0.030791 -0.038974 0.131974 0.368833 0.120409 0.361918 -0.153446 -0.008984 0.158860 -0.266328 -0.156521 -0.191862 -0.768832 0.183163 0.858340 0.048380 -0.014957 0.000712 -0.441302 -0.016300 -0.192938 -0.235248 0.568780 0.776860 -0.335209 0.173985 0.420815 -0.234583 -0.423664 -0.574467 -0.119671 0.062809 -0.058252 0.326440 -0.488150 0.280659 -0.532967 -0.290561 0.858952 0.667395 0.131481 0.284149 0.013537 
0.015344 -0.361102 -0.353159 0.880450 0.279892 0.603025 -0.509130 0.216324 -0.143251 0.666195 -0.851209 0.248279 -0.307827 0.266272 0.485464 0.109099 -0.105088 -0.301486 -0.319108 0.213399 0.748237 0.517092 -0.363638 0.841352 0.210137 0.373931 -0.314419 -0.638670 0.234095 0.018569 0.051943 -0.021786 -0.491263 -0.239788 -0.390987 -0.955367 1.239286 -0.784064 0.948451 0.625580 -0.207877 -0.274106 0.911257 0.664298 0.018011 -0.455996 -0.309376 -0.812905 0.179158 1.226835 0.055883 0.300411 
0.171097 0.068977 -0.124119 0.261744 0.339158 -0.913615 0.175336 -0.407933 -0.110520 -0.631701 -0.492582 -0.302648 0.264663 -0.510470 -0.074682 0.564520 0.142955 1.058344 -0.098760 0.987905 -0.391703 0.664225 -0.195349 -0.518342 0.193671 -0.569607 0.021807 -0.515576 -0.708209 -0.150873 0.390225 0.047451 -0.462329 -0.352274 0.178663 0.259420 -0.160545 -0.814703 0.197473 0.581500 0.252676 0.325292 0.055156 0.292669 -0.431856 0.308688 -0.164612 -0.152324 -0.578141 -0.354480 -0.124623 0.268855 
0.194776 -0.301058 0.310968 0.138444 0.004598 -0.560852 -0.119694 -0.378885 0.063926 0.005738 -0.082877 0.034713 -0.020810 -0.021586 -0.297717 -0.105706 -0.551544 0.367729 0.120029 0.452560 -0.807048 0.377089 -0.447488 -0.405543 0.659176 0.071327 -0.865015 -0.159734 0.564847 -0.100051 0.098474 0.089616 -0.038570 -0.127836 0.685075 0.165567 -0.455868 -0.034398 -0.215514 0.345394 0.020193 0.372931 -0.327140 -0.132929 -0.638555 0.000227 -0.180992 -0.234065 -0.710711 0.223528 0.724395 -0.191874 
0.284988 -0.343475 0.057795 0.523619 -0.573684 -0.031893 -0.782722 0.172364 0.613321 0.969518 0.454012 1.097534 -0.186931 0.339075 -0.264360 0.971890 0.730251 -0.278939 -0.351908 -0.914991 -0.398039 0.147925 -0.356609 0.599886 1.046281 0.669967 -0.215187 -0.070260 0.134439 0.510672 -0.493936 -0.427341 1.148369 0.398589 0.033731 -0.532808 -1.410427 -0.071972 0.332029 -0.591052 -0.036704 -0.107240 0.455852 -0.628284 -1.076708 0.091079 0.113189 -1.092612 0.346584 0.558852 -0.081135 0.694405 
-0.175842 -0.483286 0.276824 0.631804 -0.000862 -0.618584 -1.216231 0.001170 -0.068417 0.428027 0.226438 0.196327 0.320198 -0.516941 0.198562 0.179185 0.790382 0.502664 0.836552 0.289550 0.780199 0.307669 0.022996 -0.063970 -0.764056 0.507231 0.768143 -0.182850 0.578370 -1.031693 -0.317625 0.580139 0.439997 0.675357 -0.427364 0.113314 -0.750781 -0.796833 -0.523634 -0.422173 -0.169475 0.490799 -0.284829 -0.259260 0.934455 -0.286441 0.459671 -0.362059 -1.304936 -0.583441 1.014688 -1.532134 
-0.933065 -1.146080 -0.210475 -0.291026 0.701435 0.333644 -0.197636 0.979260 1.439891 0.025369 -1.009624 0.043125 -0.044588 -0.565757 0.101491 0.637152 1.190557 -0.638357 0.229915 0.973863 -0.096352 -0.587647 2.171601 -0.546304 -0.674785 1.299757 -0.345568 0.726376 0.031142 1.054615 -1.673309 0.971868 -0.173655 -0.604205 -0.362333 0.404654 0.429984 1.246043 0.609876 -0.414390 -0.368389 -0.475160 0.996938 -0.508437 -0.428826 -1.213117 -0.441712 -0.115765 -1.521832 0.410536 0.234761 0.573788 
0.320399 0.545835 -0.708917 0.076998 0.777477 -1.235726 0.801948 1.070867 -0.072710 0.881264 -0.125606 -0.290852 1.856902 0.114503 0.040416 -0.395982 0.067290 1.050979 -0.688608 0.908500 -0.061768 -0.104793 0.440581 -0.114529 -0.393991 -1.133707 0.098034 -0.162501 0.862562 -1.702160 0.179567 0.353450 0.842578 1.561370 -1.686554 -0.256355 -0.084414 -0.163586 -1.027897 -1.119546 -0.840925 -0.438004 -0.350151 -1.007148 0.427533 0.333082 -0.624900 0.151265 1.349783 0.396488 -0.830236 0.786293 
-0.098592 -0.471261 -0.737560 0.124422 1.492812 0.520469 0.798879 -0.363581 -1.321237 0.889551 0.309123 -0.335886 0.980838 0.520388 -0.541448 0.747304 0.835262 0.484298 -1.559189 0.349345 0.284890 -0.322586 -1.906004 0.296693 -0.992984 1.646090 0.374541 0.704889 -0.776702 -1.060950 -1.872243 1.101398 0.105400 -0.452269 -0.258743 0.652151 -0.053566 0.648949 0.886112 0.272607 0.534599 0.417223 1.000788 0.416350 -1.120319 0.443238 1.342619 -0.028766 -0.240009 0.768176 0.638937 -1.072687 
0.263756 -1.465228 0.077406 -0.129514 -0.357188 1.302685 -0.789331 0.669757 -0.013052 -0.763437 1.298007 0.200207 -0.262650 -0.794364 1.762990 -1.288611 0.432713 0.612295 0.066549 0.412270 -0.969608 -0.471212 -0.817523 -0.665514 0.351656 -1.908061 -0.896334 0.060298 -0.172978 0.242975 0.680816 -0.119185 0.375695 0.839573 1.674028 -0.520339 -0.646259 -0.624703 0.665882 0.028590 0.745622 -1.019531 -0.729930 0.968908 -0.861177 -0.335428 1.721014 -0.307599 -0.832637 0.564253 0.305382 -1.265785 
0.754405 1.365998 0.775525 -1.634578 -1.293669 -0.090474 -1.369445 -0.306151 -0.391153 -0.206676 0.056435 0.283915 -1.295331 0.442946 0.769924 1.247763 -0.665651 0.655660 -0.018149 -0.146948 1.752767 0.509885 0.478043 -0.450200 -0.404601 -0.421403 0.582338 0.204860 0.140176 0.054605 -0.715054 -0.962295 0.873273 -0.565620 -0.870278 0.411385 -1.172772 0.404393 1.298792 -0.158780 -1.273309 -0.917276 0.444302 0.582958 0.266857 1.290459 0.501528 0.519412 0.189075 -0.221710 0.064010 0.900345 
1.737110 0.979051 -1.131060 0.342608 1.072244 -0.480295 -1.006283 0.116965 1.527579 0.063049 0.490433 0.026621 1.780131 -0.478859 -0.603470 -2.328811 0.702616 0.684579 -0.836409 0.027419 0.186681 -0.591345 -0.374646 -0.948132 -1.007067 -1.093603 0.523002 -0.066451 1.519942 -1.137840 -0.274429 -0.915404 0.255214 1.467378 1.294786 -0.384367 -0.771272 -0.262911 0.209498 0.415842 2.107601 -0.071521 0.993186 0.271793 -0.084608 0.499706 0.807596 -1.811947 -0.212368 0.076727 -0.969692 1.333369 
1.466856 0.213395 -0.334205 1.092251 0.332021 -0.777062 -0.020798 -2.838345 0.827366 -1.088617 -0.945899 1.176471 0.289928 1.348021 -0.403670 -0.055858 -0.511750 1.149200 -0.123824 0.385771 -0.403529 -0.402191 0.142419 0.422770 -1.310349 1.688299 1.128907 0.894133 1.278542 0.532017 0.763963 -1.404059 1.066451 0.765271 0.633758 -1.407845 0.946459 0.194537 -0.108546 0.091947 3.654124 -0.705780 0.183547 0.021483 -0.525660 0.555866 0.738574 0.437766 -1.831335 0.061605 -0.770255 0.667812 
2.369970 0.218788 0.359977 1.691201 -1.367631 0.069219 0.625514 1.529138 0.408217 0.945465 0.124230 -0.771650 -0.693799 -0.289467 -0.708005 1.463886 0.756191 1.251211 -0.230220 0.718905 0.958448 0.652194 -0.497971 0.468291 -1.021111 0.469730 -0.228314 -0.039689 -0.443259 0.840527 0.589492 0.208919 -2.366150 0.016131 1.152082 1.637481 0.224024 0.387280 -1.694937 0.117516 0.383131 -0.328005 0.893500 -0.301265 -0.066993 -0.714773 0.800913 0.062336 0.698612 1.205905 -1.319926 0.283351 
