-0.117359 0.052013 -0.120433 0.060376 -0.023728 -0.210896 0.521325 0.081396 0.230017 -0.377932 0.021303 0.146387 -0.119050 0.101650 0.083992 0.039051 -0.071063 0.227039 -0.090406 -0.021493 -0.004750 -0.164062 -0.133505 0.122569 -0.033536 0.020608 0.175078 0.067238 -0.041473 0.060737 0.060765 -0.221776 -0.177481 0.038138 -0.002192 0.059408 0.158879 0.155374 -0.239200 -0.112274 -0.196709 -0.225958 0.125128 -0.206782 -0.146337 -0.087264 -0.141835 0.098654 0.125854 -0.189003 -0.046600 0.147005 -0.092668 -0.121279 
0.039318 -0.006101 0.128878 -0.016887 0.071924 0.071552 -0.412810 0.226677 -0.393540 0.452265 0.115749 -0.024873 0.078490 0.021852 -0.304512 -0.128108 0.075715 0.042465 -0.206069 -0.005141 -0.151216 0.284256 -0.079894 -0.056791 -0.043373 -0.207880 -0.275479 0.046784 0.151678 -0.058687 -0.120412 0.389520 0.353492 -0.012446 -0.081861 0.118494 0.069058 -0.135684 0.125387 0.186287 0.246569 0.213500 0.164657 0.199684 0.071542 0.138507 0.415048 -0.391711 -0.448015 0.264799 -0.020808 -0.232733 0.216721 0.194296 
0.638184 0.366947 0.317807 0.195989 0.796203 -0.203962 -0.308165 -0.217677 0.226264 -0.200374 -0.261848 -0.246736 0.308897 -0.054457 0.859591 0.164948 -0.596612 -0.369047 0.292939 0.436871 0.214012 0.023172 0.407769 -0.483243 0.019921 0.284920 0.458349 0.357809 -0.257947 -0.157839 -0.183058 -0.280836 0.221767 -0.221286 0.243486 0.095593 -0.373085 0.043469 0.349584 -0.417381 -0.295041 -0.039255 0.127628 0.389961 -0.008707 0.644991 -0.687888 0.714688 -0.008481 -0.022579 -0.155359 0.073004 -0.435519 -0.284661 
-0.640151 -0.229217 -0.376902 -0.297863 -0.346266 -0.309264 -0.155887 0.313762 0.071272 -0.252017 -0.369473 0.017002 0.112939 0.038770 -0.343356 0.027109 -0.023385 -0.485458 0.814046 -0.559405 0.458145 -0.760984 0.180018 -0.240477 0.306950 0.537779 0.232157 -0.796201 -0.610940 0.217590 0.797182 -0.474069 -0.742685 0.367890 0.176315 -0.065952 -0.231116 0.388231 0.577160 0.122877 0.858474 -0.093374 -0.550768 -0.329726 0.348143 -0.879012 -1.124747 0.828398 0.870354 -1.026475 0.335993 -0.117241 -0.797253 0.155312 
-0.427192 -0.351827 0.134319 0.143346 -0.414300 0.093465 0.027941 0.641268 0.149571 0.110238 -0.308055 -0.652671 0.118086 0.453204 -0.217175 -0.575569 -0.279959 0.282533 -0.018007 -0.259223 0.604950 -0.607140 0.088261 -0.367038 -0.338869 -0.615235 -0.683074 0.049646 0.016835 0.148977 -0.005940 0.777992 0.127386 0.430153 0.173058 0.198443 0.597202 -0.692879 0.937076 0.287611 0.143430 -0.037406 0.142111 -0.765887 -0.468990 -0.327067 0.446685 -0.015036 -0.464293 0.424340 -0.220172 0.075035 0.429427 0.036917 
-0.326576 0.235544 0.340184 0.344835 -0.161781 -0.085927 -0.168881 0.309742 0.290975 0.167810 -0.174979 -0.364052 -0.637349 -0.190088 -0.093276 -0.487194 0.114443 -0.069056 -0.124939 0.034437 -0.459820 -0.111298 0.256669 -0.297172 -0.414245 -0.161129 -0.701449 0.077335 0.269614 0.380804 0.203271 0.603100 0.445562 0.215813 0.402988 -0.362424 -0.252205 -0.741627 0.369795 -0.021037 -0.411984 -0.087803 -0.166333 -0.361346 0.522840 0.175543 0.608874 0.536344 0.060657 0.537734 0.362207 0.114931 0.178803 -0.082399 
1.030713 -0.002078 0.460929 -0.540124 0.243561 -0.445793 -0.331732 -0.478167 0.129894 0.050510 0.556050 0.051130 -0.962247 -0.846908 0.142637 -0.416035 0.276347 -0.221408 0.745512 -0.948123 -0.383361 -0.448473 0.224911 0.603466 0.191189 0.673291 0.194480 0.626668 0.728949 -0.214862 0.221154 0.680664 -0.434681 -0.484022 0.493433 0.118785 -0.987513 0.205990 -0.338388 1.392748 -0.055376 0.020567 -0.681955 0.616656 -0.147543 0.717260 -0.712566 0.506545 0.502823 0.230583 1.085364 -0.492007 0.018255 0.842810 
-0.124374 0.214200 -1.035115 -0.225088 0.412591 -0.437869 0.144146 0.784539 -0.690516 -0.128398 -0.596166 -0.558470 -0.023113 -0.373970 0.443567 -0.283457 0.177548 -0.149054 -0.768867 1.181363 0.624361 -0.720628 -0.251091 1.483284 0.149337 0.340674 -0.425259 -0.087168 1.205634 0.415830 0.416744 0.216730 -0.088231 0.203279 0.412339 0.404458 -0.666033 -0.301871 0.288417 0.725836 -0.167478 1.343086 -0.236177 -0.154426 0.927295 -0.745123 0.502350 0.764764 0.253752 0.433977 -0.841296 -0.018672 0.113832 -0.722525 
-0.123626 -0.893347 0.683037 0.954158 0.139963 -1.016223 0.753994 0.283764 -0.592006 0.474025 -0.708197 0.622182 0.470438 -1.220173 -0.486398 0.894076 -0.237192 -0.210878 0.384758 -0.133429 -1.019499 0.705405 1.599158 0.254241 0.878575 -0.461207 -1.544975 0.879022 -0.645540 -2.021740 -0.022275 -0.274306 -0.587271 0.587109 -0.121776 1.114854 -0.206003 -0.458215 0.304046 0.755320 0.117653 -0.295857 0.028512 -0.345393 -0.195840 -0.334582 0.533619 0.391744 1.052868 -0.414527 -0.622584 -1.011859 -0.720714 -0.503897 
0.858812 0.174124 -0.046418 0.482231 0.663467 -0.540007 0.735791 1.574938 0.474503 0.312259 -1.355388 -0.289283 1.092659 0.540710 -0.099476 1.025440 -0.001994 1.768407 -1.007115 -0.424355 -0.802858 -0.184237 0.625934 -0.406389 -0.255483 -0.369169 1.965343 0.290667 0.511544 -0.551051 -0.100627 0.615712 -0.959757 1.086314 -1.273312 0.374142 -0.498866 0.554634 0.520664 0.442813 0.630546 0.132917 0.075077 -0.275111 0.810090 -0.108417 -0.585997 -0.492116 -0.914570 0.806427 -0.147212 0.419755 0.613367 -0.730437 
-0.455783 -0.013479 -0.251070 0.606969 -0.337579 -0.827906 0.626120 0.567133 0.293545 0.179514 -1.090098 -0.588645 -0.279170 -1.099311 -0.954027 -0.407177 -0.798062 0.495000 1.248747 1.192923 0.340928 0.700597 -0.029351 -0.313498 0.902104 0.653298 -0.189380 1.557987 0.294740 1.349534 -0.400371 0.024276 0.297191 1.082876 -0.401700 -0.877828 0.897294 -0.301839 -0.422373 1.233306 0.008688 0.904089 -0.422700 1.160277 -0.451966 -0.343359 -0.495504 0.530304 1.217356 -0.292754 1.135206 1.368011 -1.156091 -0.634056 
-0.117610 0.429448 0.195787 0.449029 0.341721 -0.213246 0.366366 0.417954 -0.250621 -0.337007 0.048120 -0.622652 -2.220402 1.742304 -1.018937 0.128236 0.231147 -0.141791 -1.150035 0.861231 -0.339645 0.137954 -0.286081 0.546604 -0.851290 -0.277022 -1.148334 -0.620207 1.516401 0.018914 -0.032768 0.503072 -0.074004 0.024611 -0.316235 0.845673 0.007603 -1.241401 -0.116243 -0.201523 0.214323 -0.894788 0.089185 0.200251 -0.519844 1.612562 0.019606 0.715058 -0.661888 -1.810658 -0.086057 0.889703 0.405802 0.810586 
0.380171 0.034349 0.641541 1.143250 0.173439 -0.838616 0.164363 -1.233532 -0.800465 -0.941145 1.913476 -0.402865 1.324216 0.136999 0.880690 -1.226736 1.458454 0.040207 0.034289 -0.322643 -0.438143 0.245930 -0.276572 0.699354 -0.738543 -0.099055 0.116540 0.179816 0.657946 0.092598 -0.088747 0.295657 -0.711410 0.286029 1.745368 0.229814 0.794117 1.161534 -0.226884 1.032662 -0.142229 0.018657 0.476064 -0.077180 0.717571 -0.858296 0.736768 -0.501723 0.443610 -0.443290 -0.230932 -0.787215 -0.344365 0.168710 
-0.032087 1.176412 0.557791 -1.094444 0.980342 -1.369407 0.448839 1.097719 0.082346 0.200109 0.319767 -0.281830 -0.971103 1.159782 -2.027027 -0.038030 -1.057971 0.674940 0.879405 -1.412472 0.510363 -0.631646 -0.128008 1.158993 -1.236588 -0.517109 -0.203811 0.612693 0.865980 -1.035974 0.046136 -0.642661 -0.045714 0.499550 0.814625 -0.543131 -0.273042 0.567184 -0.208921 -0.889141 0.559010 -0.580103 -0.074766 0.471211 0.944211 -0.545676 0.032693 -0.609119 -0.852925 -0.257344 -0.630356 0.480539 0.696592 -1.066408 
0.356918 0.116229 0.598750 -0.680539 0.254831 -0.012642 0.289022 0.505797 -0.780649 -0.215227 0.213507 -0.431486 -0.084458 -2.248036 -1.634850 -1.651747 -1.992010 0.705706 1.238059 -0.754883 -0.241067 -0.470644 -1.586210 -0.770137 -1.442139 -0.032572 -0.790937 -0.391164 -1.423384 0.213864 -1.843108 0.725262 0.009425 1.713919 -0.583858 -1.964855 -1.070982 -0.504379 -0.245239 0.475546 -0.678764 -0.651058 0.915306 -0.703386 0.780090 -0.198358 -0.520188 -0.197642 0.291643 0.172279 -1.541019 -0.837275 0.777770 0.657553 
-1.083596 -1.140994 0.273378 -1.867601 -0.852598 0.801021 -0.318411 0.506979 0.417879 0.027386 -0.830934 -1.599850 0.133630 -0.168768 0.126685 1.779232 -0.124502 0.136886 2.017544 -0.469368 0.262578 0.011261 1.100360 0.522576 -1.631134 -1.355154 0.817901 -0.828562 -0.300360 0.855695 0.524222 -0.043722 -0.656739 -1.126802 -1.041088 -0.058247 -0.606864 0.669004 0.304541 0.452073 -1.114054 0.291877 -1.057154 -0.144792 -0.297636 0.276710 -0.427664 0.333473 1.034783 0.603990 1.549672 -0.347132 -0.349139 0.108740 
