0.067919 -0.026257 -0.328930 0.791968 0.171811 -0.446507 -0.286540 -0.436936 0.173291 0.728899 -0.623223 0.955652 -0.603714 -0.126770 -1.944985 0.186336 
0.275586 0.179405 -0.542146 0.094787 0.845912 0.368607 0.150143 -0.673758 0.567294 0.132686 0.215416 0.353670 -0.025302 -0.307417 -0.015509 0.435191 
-0.176675 0.627182 0.155694 0.648823 -0.819128 0.096383 -0.008257 0.167376 -1.650875 0.065790 0.422329 0.931436 -1.307826 0.034210 -0.884118 0.635895 
-0.309343 -0.050224 -0.731773 -0.335820 0.518508 0.031437 0.683047 -0.131707 0.348339 -0.809745 0.331660 0.179328 0.864298 0.282966 -0.618436 0.083679 
0.290616 -2.290643 0.168597 0.124789 0.051014 0.026404 -0.532023 0.045794 0.047640 0.065700 0.556738 -0.182692 -0.160661 0.476509 0.890310 -0.194558 
-0.027279 0.149662 0.399315 0.211760 -0.642231 -0.063072 -0.249956 -0.814182 0.046663 -0.112039 -2.346580 0.136931 0.177032 0.078821 -0.407140 -0.234674 
0.173428 0.187319 0.346127 -0.575996 -0.081505 -2.344124 -2.268786 0.330862 -0.034487 0.398189 -0.448895 0.539254 0.208039 -1.119072 0.138762 0.153017 
0.225763 0.323198 -0.268471 -0.111717 -0.327303 -0.374950 -0.122378 0.385039 0.456175 0.132701 -0.243103 0.810741 0.022720 -2.238518 -0.588879 -0.325677 
0.125087 -0.325085 0.256584 -0.950383 -0.630857 0.411055 -0.345975 0.170515 1.229876 0.008218 -1.004609 -0.337299 0.200013 -0.217588 0.162107 0.513387 
-0.376897 0.111004 0.239612 0.269276 -0.463174 -0.292555 -1.710350 0.359877 -2.100643 0.381819 -0.370890 0.136642 -0.378196 0.144161 -0.007833 -0.218955 
-0.115702 -0.193040 -0.340491 -0.109018 0.401958 -0.152020 0.404732 0.029731 -0.372496 -0.151862 -0.735312 0.653642 1.195073 -0.705799 -0.191379 1.216868 
0.419793 -0.090808 -0.743682 -0.023179 -0.929121 -0.929339 -0.195724 0.329646 -0.207384 -0.293021 -0.172411 0.263066 0.442346 -1.120224 -0.521877 -0.288309 
0.044185 0.029750 -0.000011 -0.261241 -0.338937 -0.188373 -0.173648 0.046472 0.181185 -0.487496 -0.206502 0.103042 -2.823027 -0.165490 -0.424594 0.246623 
-0.162899 -0.519144 -0.022786 -0.048297 0.396581 -0.218145 -0.071165 -0.098177 -0.031871 1.304095 0.320955 -1.113921 0.422635 -0.263160 -1.316350 -2.520495 
-0.809050 -0.274410 0.220676 0.413240 0.373618 0.432477 -0.278903 0.013081 -1.292866 -0.064159 -0.210481 -0.614739 -2.322526 0.478668 0.899688 -1.474863 
0.108884 -1.301539 0.279306 0.773943 0.203232 0.021381 0.052619 0.286707 -1.756401 -0.557715 0.502502 -1.766466 0.045713 0.195637 0.413053 -0.324194 
-0.063630 0.049731 0.246264 -0.336144 -0.126411 0.599559 -0.755874 0.142605 -0.297633 -0.968920 -0.084375 -0.432471 0.038789 0.303203 0.341263 -0.740427 
0.485748 0.354023 0.209034 -0.395219 -0.241100 -0.677566 -0.376638 0.070501 -0.250650 -0.874926 0.082169 -0.050096 0.508740 -0.876566 -0.985659 0.913508 
-0.464769 0.140946 -0.210659 0.272110 0.729551 -0.058710 0.348755 -1.242291 0.254793 -0.144694 0.036145 -1.534572 -0.192809 -0.236216 -0.001671 -1.102753 
-0.177486 0.330859 0.171438 -0.386206 -0.264100 0.240612 0.125318 0.141955 -3.363530 -1.457670 0.451108 0.705215 -3.091200 0.419897 -0.062050 -1.621182 
0.066297 -0.258724 0.269456 -0.481721 -2.376883 0.011011 0.392788 0.138644 -0.271819 -0.307725 -0.325220 -0.241595 -0.008879 0.154586 -0.398607 -0.812851 
0.219061 0.100456 0.279454 -0.910188 0.007351 0.117427 -1.259246 0.287249 0.697291 -1.367910 -0.316228 -0.161213 0.309349 0.382604 0.009754 -0.874329 
-0.251575 -0.254750 0.159094 -0.599708 -0.165871 0.391524 -0.023272 -0.403103 0.475899 0.196081 0.212135 0.200012 0.723746 0.097046 0.771109 -0.501406 
0.114056 -0.173807 0.107805 -0.161503 -0.756408 0.413693 0.399318 0.250731 -0.199958 -0.037597 0.050598 -0.526812 -2.045046 0.264349 0.344795 0.297971 
-0.040026 0.568154 0.067720 -0.070073 0.821035 0.817943 0.807223 0.244515 -0.232466 0.281773 -2.844723 0.035703 -0.214438 -1.207407 0.438849 0.659976 
-0.015748 0.432388 -0.601264 0.094448 0.183611 -0.294112 0.216943 -0.180594 0.300957 0.581131 0.848215 0.460152 -0.318583 -0.155264 -0.982967 0.499813 
0.068444 -0.012976 -0.112293 -0.385062 -0.058201 0.580127 0.030904 -0.310567 -1.106013 0.760058 0.415170 -1.554465 -2.901095 0.353516 -0.701712 -0.900061 
-0.711316 -0.495830 -0.057622 0.575122 0.549159 -0.038709 -0.182146 0.146360 0.111791 0.071245 -0.968491 -0.062546 0.370380 -0.033439 0.319099 0.361250 
0.247486 -0.093393 0.260798 0.877904 -0.375170 -0.096739 0.136598 0.313849 -0.850337 -0.625181 0.037967 -3.029094 -0.515382 0.161388 -2.112659 0.189855 
0.029189 -0.137576 0.081673 -1.102674 -0.477530 0.673004 0.358813 -0.400235 -1.131102 0.248638 0.478585 -0.397355 0.018720 0.362930 -0.038812 -2.663850 
0.208963 -0.250755 0.112899 0.667725 0.144019 0.061769 -0.239597 -0.457369 0.047829 -0.804761 0.067165 0.590013 0.485158 0.446811 -1.088566 -0.904736 
-0.118002 -0.107992 0.132105 0.420844 -0.479107 -1.201733 -1.773889 0.082742 0.123600 0.090965 -0.146615 0.588859 -1.369243 -0.363982 0.603495 -0.768050 
0.061535 0.549565 0.115588 0.201493 -1.455671 0.507855 0.292359 0.299657 -0.163663 -0.322042 -0.689572 -0.194720 -0.361952 0.174109 -0.793310 -1.800105 
0.231984 0.258361 -0.603048 0.300920 0.709251 -0.205089 0.242956 0.070513 0.144124 0.081483 -1.252753 -1.431971 -0.287722 0.104907 -2.065468 -0.004366 
0.146187 -0.179719 0.137693 0.010865 0.034277 -0.106400 -0.120535 0.107719 0.382261 -1.317450 0.432197 0.370383 -1.974191 0.352350 0.553212 0.147931 
0.005675 -0.308868 -0.139625 0.140260 0.371691 0.244051 0.119119 0.023683 -1.135346 0.440495 -0.867900 0.722256 0.527025 -0.699567 -2.009143 -2.412347 
0.154169 -0.310644 -0.065921 0.188395 0.821176 0.488392 0.140189 -0.977434 0.628166 0.223525 -0.946438 0.044562 0.652349 -0.591855 -0.884352 0.404201 
-0.029308 0.307250 -0.201755 0.502874 -1.470829 0.339632 0.754898 -0.050764 -3.561279 0.306453 -0.011785 0.246922 -0.501348 0.238466 0.210616 -1.862814 
0.403705 0.464473 0.129814 -1.733715 -0.312857 -6.644463 -1.987686 0.331011 0.279818 -0.028205 0.449023 0.349601 0.359614 -2.450655 -0.339244 0.080157 
0.138674 -0.273337 0.043356 -0.306578 0.929264 -0.375298 -0.602780 0.055692 -0.357271 0.545284 -1.123320 0.703987 -2.623662 0.125171 -0.681510 -0.060343 
-0.171592 -0.028581 0.076326 0.229618 1.026530 -1.634890 -0.781927 0.102040 0.331750 0.401416 -0.418734 0.141812 -0.301423 -0.433112 -0.232006 0.240996 
0.137573 0.299759 -0.053446 -1.950282 -1.595108 0.454590 0.284160 -0.391372 -0.005232 0.136370 0.234095 0.111059 0.536965 0.414565 -0.147293 -0.729509 
0.317910 -0.220726 -0.153144 -0.100868 -0.332691 0.261130 -0.447937 -0.069515 -0.074401 0.261104 -0.016369 -0.695009 -0.189033 0.319739 0.807583 -2.760261 
0.424282 -0.444608 0.182905 -0.078124 -0.602262 -2.322313 -0.371302 0.194317 0.136011 0.068344 0.148709 -1.139010 -0.440426 0.438803 0.860456 -1.473677 
0.363675 -0.190463 0.091016 -0.741564 -2.058560 0.380681 0.469884 0.239938 -0.086465 0.390643 -0.378065 -0.309933 0.040096 -0.016939 -0.393128 -2.450246 
0.170176 -0.059457 0.106457 0.913456 -0.318422 -0.062103 0.350362 0.183305 -1.036314 -0.111212 0.584288 -0.659828 -2.684761 0.011520 -0.641296 0.377354 
-1.154215 0.214678 0.199523 0.267709 0.463849 -1.125838 -0.625008 -0.439936 1.387892 -0.094821 0.511732 -2.173636 0.548969 -0.185109 -0.772591 -2.002062 
-0.399559 -0.094169 0.174405 -0.335528 -1.021280 0.414688 0.233102 -0.356170 -2.409373 -0.749496 0.379936 -2.282998 0.800399 0.486882 0.296033 -1.079334 
-0.030933 0.507392 -0.267111 0.646495 -0.226722 -0.040980 -0.452057 -0.122271 -0.758078 0.028899 -3.029159 -0.093504 0.796273 0.031476 0.044901 2.193994 
0.476147 -1.383319 -0.047165 0.285098 0.470152 -0.840077 -0.473498 0.341676 -0.017738 -0.893509 0.134130 -0.285609 -1.582292 0.160570 -0.394233 -1.110024 
-0.066544 -0.501070 0.056223 -0.233636 0.774393 0.456848 -0.365898 -0.183418 -0.888221 0.237568 0.306019 -2.312573 -1.037880 0.296051 -1.475516 -2.599938 
0.117051 -0.493873 -0.002470 -0.747182 0.354304 0.217845 0.796565 -0.615930 -0.363389 -0.291162 0.000948 -0.789982 -0.145857 -0.005243 -1.150586 0.348700 
-0.786088 0.256565 0.141536 0.581764 0.178122 -0.154523 -1.132093 0.060688 -0.443702 -0.369510 0.312827 -1.161003 0.033740 0.154341 -1.256055 0.625905 
-0.049677 0.663049 0.192415 -0.754185 0.739325 -0.372325 -0.388649 -0.503948 -0.380804 0.116787 -0.029761 -0.680651 0.205731 -0.207638 -0.203906 -0.108560 
