0.014609 -0.185501 -0.157199 0.265012 -0.007312 0.120217 0.080623 0.125565 -0.071174 -0.156962 -0.082631 0.028840 -0.208508 0.176768 -0.091426 0.116461 0.024261 0.199754 -0.030397 0.465786 0.074050 0.003311 -0.155472 -0.086551 -0.087540 -0.140451 -0.273901 0.014672 -0.020542 -0.049813 -0.394426 0.096841 -0.230415 -0.127497 0.133245 -0.187841 0.242725 0.013554 0.143484 -0.176525 0.045236 0.041730 0.213416 0.124174 0.109091 -0.001142 0.161591 -0.097173 -0.264502 0.206905 -0.128750 -0.008105 0.076389 0.077553 -0.229703 -0.095335 
-0.018627 0.153140 0.328860 -0.412144 0.113911 -0.116034 -0.146247 0.181010 0.255706 -0.042730 -0.025792 0.050047 0.467360 -0.022892 -0.052740 -0.160047 0.132188 -0.323003 -0.116786 -0.572018 -0.191434 -0.079329 0.192527 0.193794 0.056793 0.156397 0.353190 -0.004193 -0.135627 0.012747 0.313556 -0.148713 -0.096698 0.294855 -0.129896 0.019885 -0.076896 -0.049649 -0.351353 0.244126 -0.098110 0.218658 -0.198062 0.037773 -0.146555 -0.024706 -0.154859 0.279046 0.045541 -0.095290 0.021693 0.115015 -0.193731 -0.116395 0.338035 0.342300 
0.495662 -0.000414 -0.869214 0.296865 0.291291 0.168839 -0.268497 -0.219574 -0.254057 0.489136 0.182286 -0.226793 -0.525670 0.155611 -0.206102 -0.141074 -0.614406 -0.256237 0.185153 -0.066099 -0.455486 -0.589468 0.152104 -0.042649 -0.363916 -0.383333 0.073656 0.210509 0.154707 -0.202352 0.435379 0.138285 0.279207 -0.843349 -0.053070 0.200717 -0.105267 -0.163995 0.277611 -0.301510 -0.186836 0.297565 -0.043506 -0.270957 -0.488198 -0.426568 -0.477507 -0.498163 0.355393 -0.677782 0.197781 -0.087989 0.127245 -0.071120 -0.832169 -0.495727 
-0.320187 -0.022109 -0.583799 0.522510 -0.686235 -0.168319 0.570264 -0.483190 -0.299693 0.135364 0.185545 0.170101 -0.676972 0.038085 0.574385 0.516447 -0.175975 1.334563 -0.047545 0.743933 1.081835 0.342456 0.253673 -0.289308 -0.029875 0.655373 0.309380 -0.641687 0.962693 -0.022339 0.063442 0.084289 -0.270312 0.074701 -0.021178 0.300827 -0.311459 0.010436 0.984372 -0.158852 0.354889 -0.416053 -0.133567 0.528479 0.727178 0.208483 0.153072 -0.483264 0.968711 -0.210054 0.514550 -0.058828 0.715209 0.711488 0.360965 -0.714411 
0.309738 -0.019745 0.014190 -0.718373 0.423288 0.236137 -0.443644 0.019030 0.835305 -0.252197 0.881032 0.533451 0.296020 0.227101 -0.119449 0.175327 0.402181 0.375903 -0.166722 -0.133190 -0.099882 0.128293 -0.613842 -0.106493 0.426081 0.370332 0.519254 0.065549 -0.054982 -0.056509 -0.105396 -0.161854 -0.607955 0.127682 -0.162730 0.230998 -0.287197 -0.073923 0.004630 -0.267715 -0.117335 0.180375 0.253921 -0.045131 0.526414 -0.052669 -0.056767 0.285668 0.087039 -0.209515 1.079307 -0.167606 -0.726902 0.242354 0.642762 0.587901 
-0.314255 -0.202130 -0.058429 -0.742984 0.001715 -0.377813 -0.551598 -0.508331 0.272527 0.034298 0.274143 0.126383 0.240143 0.177109 -0.305265 -0.732945 0.038938 -0.027080 -0.003360 -0.057073 -0.034625 -0.196753 0.217642 -0.027476 -0.056012 0.006521 0.431322 0.410059 -0.018603 0.055682 -0.054946 0.428239 0.214504 -0.127096 0.095410 0.112813 -0.072846 -0.233180 0.560726 0.246457 0.174329 -0.130983 0.147002 -0.298318 0.279970 0.316679 -0.070556 0.579287 -0.266122 -0.358866 0.492503 0.135497 -0.677853 -0.284244 0.441034 0.235426 
0.314098 0.407472 -0.495664 0.162316 -0.022654 -0.464861 -0.065005 -0.439603 -0.821608 0.613545 -0.003983 -0.675653 0.144019 0.000717 0.824578 -0.473802 0.446628 0.236985 -0.141767 0.382499 0.195917 -0.393973 0.172570 -0.587406 0.145528 0.219331 -0.132420 1.107177 0.682233 0.569244 0.963424 0.173875 0.253775 -0.803300 -0.508826 0.383070 0.021913 0.368062 0.462146 -0.296721 0.421199 -0.925150 -0.171368 -0.588732 -1.028117 -0.019190 0.279649 -0.649603 0.249162 0.393522 -0.220570 0.573920 -0.465386 -0.682273 1.040690 -0.160068 
-0.919639 0.047014 -0.191660 -0.590445 -0.382024 0.277582 0.142308 -0.922372 -0.206622 0.608355 0.689236 0.664441 -0.904678 -0.388777 -0.102595 -0.763281 -0.739749 0.411106 0.144770 0.412476 -0.118753 0.109807 0.648947 1.353955 -0.418973 0.427311 0.402635 0.032212 -1.130017 0.472343 0.135504 -1.485155 -0.082134 0.189773 0.332827 0.155958 0.443035 0.137492 0.399074 -0.412772 0.645923 -0.628289 -1.208262 -0.493509 -0.356326 -0.566377 0.760073 0.814709 -0.155505 0.838519 0.654825 -0.740877 -0.877131 -0.577233 -0.153286 -0.390636 
0.346186 1.345164 -0.291476 -0.374477 -0.983311 0.735723 -0.311386 -0.954440 0.405943 0.615230 -0.918833 0.543334 0.968707 1.299416 -0.232122 0.409236 -0.327482 -0.522569 1.108793 0.727511 0.689689 0.703037 0.678408 -0.368793 1.260169 0.766386 0.267625 -1.149093 0.772098 -0.328114 -0.983526 -1.492115 -0.408744 -0.465061 -0.621995 0.569857 -1.048843 -0.293976 0.169418 1.366442 -1.387718 -0.757180 0.513077 0.433012 -0.770647 -0.439657 -0.857403 0.897927 -0.758203 0.351048 -0.004801 0.845211 0.801521 -1.836247 0.639589 -0.589079 
-0.970071 0.768610 -0.629443 0.188749 -0.017345 0.519283 1.207366 -0.237029 -0.086639 -1.134090 0.370525 1.951531 0.246536 0.551205 -0.249928 1.308912 0.715892 -0.886422 0.773525 -0.484377 0.029024 -1.502992 -0.391548 -0.675848 -0.940436 1.246340 0.406700 0.356279 -0.447902 -0.720158 -0.091043 -0.632328 0.327425 -0.056957 0.499447 -0.344815 2.014767 -0.603622 -0.055397 0.500125 0.079183 -0.454927 -0.015311 -1.126662 -1.023426 -0.416402 0.484540 -0.926712 -0.333574 -0.059366 0.688208 0.614800 -0.217740 0.822530 -0.610961 0.414513 
0.172969 -0.260213 -0.898341 -1.133876 -0.259773 1.308353 0.155466 -1.679715 -0.227760 0.415503 0.826305 0.848767 -0.018605 -0.208730 -1.288955 -1.217739 0.278104 -0.227850 -0.914453 0.773297 -0.317669 0.063384 -1.484263 1.206388 0.176654 1.142339 -0.594815 -0.363402 0.702088 -0.187852 0.034186 0.538310 -0.382717 -0.568640 0.093950 0.233121 0.295116 0.456593 0.503064 1.031958 1.815734 0.473623 -0.479365 0.823028 0.934758 0.657262 -0.518023 -0.859108 -1.159736 0.248979 -0.485360 -0.929024 0.751922 -1.011680 1.382911 -1.280506 
0.854715 0.223937 -0.048950 -0.361318 -0.216806 -0.250802 -1.309267 -0.435591 0.808999 -1.200750 0.322468 -0.494659 0.113423 -0.948135 0.563883 -1.761750 -0.672719 0.976193 -0.421661 -0.019505 -0.282245 -0.006728 0.378209 0.451360 -0.630371 0.399318 0.183338 0.472661 -0.215904 0.387551 -1.062322 1.058661 -0.464290 0.648134 0.885393 -0.238578 0.696506 -1.695688 0.437126 0.969211 -0.459811 -0.218821 -0.435368 -0.363416 -0.230502 -1.336382 0.606331 0.962709 0.331928 2.014987 -0.107733 1.059964 0.893807 1.128075 0.744616 0.683302 
-0.542423 -1.248656 0.757244 0.308912 -1.070449 -0.422443 0.991767 0.877045 -0.213588 -0.339991 0.611274 -0.645952 -0.036241 0.274581 -0.998340 -0.178335 1.203200 1.008893 -0.548921 1.001690 -1.040034 -0.082645 0.606408 -0.417321 0.714874 -1.061863 -0.425294 -0.485808 0.083568 -0.446666 -0.695337 -0.836323 0.806162 -0.101296 -0.667641 -0.407024 -0.948539 -0.615076 -0.185915 0.478816 0.511014 -0.025867 -0.452335 -0.530618 -0.169462 0.505913 0.566532 -0.172020 -0.014958 -1.107256 -0.350313 -0.378738 -0.754728 -0.292485 0.501302 0.765016 
-0.280201 -1.606840 -0.484416 0.024235 -0.091614 1.900442 -1.237075 0.655736 0.537276 -0.116517 0.330583 -0.123543 0.897369 0.505447 0.527396 0.305058 -0.182030 0.176360 -0.693764 0.454864 -0.528303 -0.631973 0.803662 -0.710509 -1.807210 0.949242 -0.140777 -0.630552 0.661916 -0.312399 0.445933 1.090093 -0.201789 0.680980 2.341231 0.534708 0.890328 1.108653 -0.039483 -0.497669 -0.844100 -0.552324 -0.321179 0.017329 0.908640 -0.480996 1.140617 -0.157490 -0.529004 0.935120 -0.059657 1.510077 -0.552831 0.489175 -0.272503 1.415371 
0.159087 -0.119488 0.404902 -0.550924 0.618982 0.359451 -2.215931 -0.400711 -0.371601 1.070864 0.572352 1.497083 -0.791878 1.300489 2.655908 1.213054 -0.125217 -0.252080 -1.972647 -0.817769 -1.108048 1.063700 1.720146 -0.481092 -0.691287 0.252549 -0.550885 0.952573 0.807477 0.754703 -0.270879 -0.558305 0.713832 0.244510 0.817743 0.280562 -0.011919 -1.233538 -0.332105 -0.234533 -0.707214 1.382551 -0.534997 0.889156 0.028729 0.453386 0.659914 -0.454661 0.042161 -0.113025 -0.034683 1.614483 -0.128911 -0.986630 0.920470 0.441966 
0.265200 -0.641096 -0.180663 0.025460 0.618200 0.197814 -0.510935 -0.002050 1.592177 1.086291 0.668976 0.651530 -0.026663 -0.896858 0.988990 0.374138 -0.174952 -1.170863 1.265132 0.601570 1.694907 -0.740046 -0.625398 -0.425401 1.502473 -0.478768 0.205942 2.281559 1.424684 0.797579 -0.091734 -0.324006 0.015168 -0.194370 -0.014063 -0.651097 -0.462304 1.170821 -0.426683 0.632119 1.258754 -0.479369 -0.057258 -1.196160 -0.018368 -1.293264 0.671433 -0.938064 0.630315 0.763174 0.741872 0.028310 0.626874 -0.137284 -0.247202 -0.444272 
