0.398340 -0.019335 0.179655 0.135973 -1.990982 -0.070372 0.332900 0.203809 -0.156064 0.429595 0.540672 -1.133012 -0.450857 0.092581 -0.614365 -2.293740 
-0.083725 -0.280417 -0.072764 -2.071381 -2.079504 0.291393 0.571808 -0.040766 -0.709447 0.043746 0.235975 0.353389 0.128998 0.197133 -0.107152 -1.684727 
-0.523320 -0.433433 0.234226 -0.166662 0.265496 -0.418944 -0.066502 -0.175056 -0.389995 -0.341950 0.430137 -0.922981 1.048338 0.183645 0.301983 0.218079 
-0.020946 0.167672 0.205785 0.612561 -0.695271 -0.236244 0.034486 0.441653 -0.616820 0.588830 0.349038 0.503833 -1.265029 -0.203417 0.019247 -0.310048 
-0.052670 0.411679 -0.246053 0.465890 -0.354322 0.344584 -0.547216 0.101541 -0.077515 -0.477564 0.032147 -1.482359 -0.248634 0.205744 -0.735565 -0.997794 
-0.292351 0.098459 0.316301 0.360395 0.800086 0.062211 0.158061 -0.284858 -1.566846 -0.217362 -0.590780 0.155180 0.540622 -0.071717 -0.278539 0.706104 
-0.301221 0.344914 -0.316069 0.466991 0.481397 0.334416 0.322833 -0.215036 -0.378511 -0.736697 -0.423940 0.562026 -2.644672 0.204597 0.463108 0.550639 
0.096517 0.184277 -0.538331 -0.743249 -0.098329 -0.037401 0.329452 -0.796833 -2.136333 0.101914 -0.287048 -0.033397 0.947356 -0.167339 -0.053367 -0.863847 
0.142287 0.231040 -0.742006 0.501367 0.424265 -0.789092 -0.119612 0.042840 0.435197 1.288488 0.050719 0.799441 -0.585028 -0.445055 -0.658977 -0.068835 
-0.291602 0.149852 -0.102893 0.104726 0.319970 -0.291032 -0.093438 -0.976983 0.354109 0.241992 -0.764102 -0.837709 0.903910 0.215935 -0.376057 -3.491226 
0.488315 0.084219 -0.083895 0.789288 -1.703583 -0.555919 0.854280 0.379114 -0.783792 -0.443657 0.233424 -0.188692 0.420399 -0.616446 0.432979 0.316202 
0.461314 0.397683 -0.563431 -0.035986 0.680684 -0.790571 -0.892229 0.244832 0.867251 -0.467176 0.308221 0.299504 -0.913806 -0.783719 -0.890870 0.496234 
-0.833718 0.161107 0.042650 0.324733 -0.355680 0.266024 -0.051297 -0.003209 -0.698634 -0.776459 0.628701 -0.092283 -0.368622 0.424490 -0.633288 -2.333976 
0.343066 -0.027847 0.090286 0.099507 -0.191454 -0.163604 0.326633 0.012349 -0.185611 -0.770818 -1.657403 -0.020200 0.247522 0.175077 -0.129775 -2.098205 
-0.380984 0.458186 -0.483016 -0.379152 0.562287 -0.044593 -0.496491 -0.569380 0.638251 -1.123322 -0.749809 -0.207844 0.539439 0.207365 -0.610427 0.336980 
0.225712 0.105448 0.217430 0.571895 -1.101902 0.142330 0.032599 0.237468 -0.977205 -0.618443 0.245165 -1.671778 -3.326566 0.361436 -0.248957 -2.608712 
0.291005 -0.342953 0.458535 0.172457 -0.439335 -0.163339 0.223233 0.362835 -1.786412 -2.239401 0.080791 -0.561442 -0.319931 0.037001 0.590753 0.028524 
0.178323 -1.629882 0.256183 0.266195 0.332837 -0.286805 -0.460111 0.364679 -0.317324 -0.886394 0.361184 -2.638349 -0.759028 0.497805 0.024244 -0.935272 
-0.367373 -1.311623 0.318116 -0.149634 0.311087 0.636949 0.323218 -0.200727 -0.378914 -0.209770 -0.280388 -0.079626 0.286443 -0.032544 0.801587 -0.834300 
0.085043 0.468872 0.214813 0.175462 -1.642000 -0.168425 -1.288577 0.081793 -0.546173 0.133740 -3.319417 0.475236 -0.479227 0.188353 0.507189 -0.015467 
-0.052779 -0.260309 -0.555671 1.005402 0.085107 0.257730 0.177950 -0.499115 0.020608 -0.833493 -0.416636 0.729000 0.541630 0.382142 -2.522171 0.160325 
0.278021 -0.198677 -0.548378 0.633050 -0.341942 0.307927 0.147836 0.103468 -0.705829 0.494342 -0.753848 0.765050 0.451066 0.146722 -0.663153 0.705397 
0.322050 -1.059526 0.227034 -0.108450 -0.295619 0.560433 0.079769 0.061751 0.520712 0.094974 -2.445944 -0.969567 0.396216 0.088446 -0.498322 0.441867 
-0.159466 0.441727 -0.055490 -2.171169 -2.488779 0.346356 0.315428 0.030268 -0.601078 -0.700276 0.657185 0.930771 -0.608830 0.255862 -2.323884 -1.472745 
0.147601 -0.517379 0.001825 -1.746032 0.944105 0.104165 0.383608 -0.022992 1.164198 0.667382 0.077823 -3.010087 -0.095506 -0.164320 0.446655 0.275758 
-0.317432 -0.034513 0.044953 0.820142 0.463959 -0.507997 -1.753980 0.398702 -0.125492 0.310845 -5.143594 0.445628 0.421812 -0.286715 0.121316 -0.110805 
0.128469 0.130874 0.034739 -0.210384 0.267615 -1.164260 -0.610640 0.115148 -0.162425 0.316998 0.184028 0.544838 0.178299 -3.183767 -0.053155 -0.411406 
0.040342 0.264970 0.153236 -0.501040 0.941499 -0.883815 -0.533194 0.299461 0.607677 0.047285 0.532944 -1.822115 -2.354765 -0.927237 0.910339 0.422996 
-0.616077 0.214791 0.188876 0.585647 0.842147 0.336153 -0.003594 -0.699731 -0.761657 -0.458938 0.555026 -0.716953 -0.005423 0.266897 0.557716 -0.107339 
0.186928 -0.265045 -0.295048 -0.822205 -0.042492 0.660951 0.331860 -0.319208 0.300748 -0.231400 0.321002 -0.572642 0.305572 -0.018301 0.270063 0.055521 
0.184764 -0.015942 0.185581 -0.792593 0.343489 -3.727983 -1.242605 0.255649 -0.352313 0.524978 -0.120927 0.235301 0.139574 -0.362536 -0.101955 0.259710 
0.075125 -0.304423 0.162962 -0.595613 0.124038 0.419430 0.071087 -0.114851 0.206394 0.393329 -0.478911 -0.123797 -3.147605 0.063884 0.141213 0.188605 
0.187000 0.247858 0.042635 -0.219220 -0.708525 0.059323 -0.179220 -0.018045 0.299032 0.266789 -1.778458 0.733500 0.079535 -0.489671 -2.295258 -0.435950 
-0.837748 -0.080481 0.366279 0.154505 0.300092 -0.112888 -0.716676 0.136328 -0.421496 0.294093 -0.052458 -1.121286 -0.008446 0.212739 0.928530 0.092955 
0.198823 0.076717 0.269897 -0.736070 1.303761 0.505301 -0.000915 -0.626670 -0.243575 -0.013185 -0.152264 -0.319697 -0.175939 -0.835319 -1.669583 -0.181966 
-0.282857 -0.333894 -0.163418 -0.179562 -0.496748 0.244002 0.291703 -0.697344 0.420535 0.205235 0.570126 -0.574876 -0.056838 0.133218 0.304119 -1.479798 
0.419723 0.533954 0.158377 -1.664559 -0.583451 -3.390757 -1.909528 0.057431 -0.565567 -0.170208 0.299458 -0.147939 -0.020071 -2.829403 -0.954388 0.617855 
0.297945 0.400172 -0.404677 -0.146323 -0.691502 -0.076783 0.473452 0.477319 -0.223591 0.211114 -0.719367 0.024410 -0.667010 0.624820 -0.982642 -0.568301 
-0.014968 0.189900 0.151432 -0.252710 -0.910241 0.380505 -0.801373 -0.576169 -0.049951 -0.784304 0.510238 -2.367900 0.677267 0.295687 -0.321135 -0.596896 
-0.336234 -0.245793 0.272635 -0.834433 -0.510947 -0.461764 0.144889 0.211411 0.331979 -0.340524 -0.016217 0.310423 0.804769 0.410244 0.981814 0.812870 
0.042961 -0.315549 -0.143806 -0.714479 0.528877 0.158223 0.167247 -0.551087 -1.771048 0.862710 0.081945 -0.725072 -1.265738 0.030971 -2.547500 -0.699557 
0.185157 -0.609902 0.159505 -0.410574 -0.656608 0.533692 -1.720698 0.097606 -0.517631 -0.116135 -0.416682 -0.993901 -0.185603 0.217130 0.938952 -2.930505 
0.251504 -0.014329 -0.145322 -1.639024 -2.191586 0.324872 -0.036687 -0.045912 0.631193 -0.040594 0.552326 -0.268957 0.256686 -0.011185 -0.291435 -1.020295 
-0.098548 -0.529782 -0.025268 0.838456 0.498835 0.045955 -1.110814 -0.019640 0.193593 0.041135 -0.438688 0.127063 -0.022616 -0.678493 0.756750 -0.096404 
0.146382 -0.537004 -0.125082 1.032940 0.014706 0.405578 0.675756 -0.803989 0.109961 0.696764 0.207974 -0.701678 -1.397490 0.054711 0.121030 -0.707219 
0.002805 -0.498106 -0.255545 0.409722 0.359124 0.366108 0.049146 0.467644 -1.586059 0.169609 -0.264034 0.260390 0.681668 -0.316122 -0.380362 1.233711 
-0.032798 0.371844 0.396485 -0.361203 -0.533398 0.136676 -0.045022 0.369229 -0.444114 0.128208 0.385914 -2.495978 -1.797530 -0.410996 -1.536336 -0.126285 
-0.375605 0.367601 0.121781 -0.127481 -0.150525 0.418637 0.368840 -1.277761 0.460009 0.651031 0.390719 -0.518160 -0.690120 0.224487 -0.746027 -1.190824 
-0.156413 -0.034462 0.177928 0.497893 0.256895 -2.909381 -1.558016 0.150561 0.730454 -0.148784 -0.280626 0.306640 0.449934 -0.937353 -0.571434 0.130783 
0.143607 -0.005716 0.148673 -0.402082 -0.702534 0.184646 0.501623 0.425961 -0.478813 -0.164413 0.305473 0.289676 -2.426563 0.053990 -0.107806 0.737113 
0.412372 0.347009 0.042587 -1.575890 -0.435338 -3.107529 -2.941490 0.341967 0.348979 -0.292051 -0.071618 0.527167 0.495566 -1.434086 -0.170810 0.213395 
-0.033096 0.201321 0.447058 -1.322824 -1.077093 0.266863 0.327119 -0.263537 -1.088809 0.092937 -0.344331 1.071370 -2.164954 0.087198 -2.024711 0.623134 
0.165976 -0.881697 0.097363 0.806721 0.291050 -0.309156 -0.346608 0.169253 -0.072216 -1.891979 0.234399 -0.822013 -1.117101 0.200688 0.162235 -1.902321 
-0.264745 -0.085783 0.120824 -0.200126 0.336102 -0.833111 0.527178 -0.035546 -0.110719 1.253070 -0.533505 -0.855585 0.070126 -0.011899 0.820400 -2.408533 
0.084241 -0.263553 0.263320 -0.146241 0.883687 -0.391268 -1.193525 0.047160 -1.559744 0.669945 0.238787 -0.889388 -3.134181 0.406976 0.115187 -0.309196 
-0.816133 0.552161 -0.090684 0.847445 -0.130587 0.431307 0.315193 -0.323145 -1.012645 -0.099331 -0.493511 0.683095 0.541304 -0.315776 -0.540091 0.963634 
