-0.074426 0.172457 0.200675 0.180908 0.130764 -0.165371 -0.040009 0.131016 -0.243092 -0.188908 -0.137283 0.084312 -0.260412 -0.016059 -0.027846 0.084490 -0.181675 -0.073164 0.197605 0.013270 -0.055968 -0.102240 -0.014589 0.001654 0.096574 -0.125396 -0.147060 0.032726 -0.001961 -0.133770 0.057210 0.117609 0.090010 -0.254218 0.049955 -0.109207 -0.049261 0.168312 -0.240479 0.055820 -0.001363 -0.171732 -0.195938 -0.413649 0.069946 -0.445093 -0.030976 -0.011880 -0.151595 0.007033 -0.053002 -0.153306 -0.231657 -0.025468 0.043134 0.103319 0.020045 -0.173699 
0.131391 -0.385387 -0.419712 0.021016 -0.333790 0.074585 -0.122721 -0.122582 0.349749 0.171418 0.145071 0.070579 0.449674 0.127612 0.031292 -0.278864 0.100599 0.018923 -0.255309 0.169366 -0.189720 0.052321 0.120237 -0.024928 -0.278038 0.197797 -0.153782 -0.046629 0.020878 -0.136040 -0.013067 0.034643 -0.356091 0.175583 -0.063128 0.301925 -0.137607 -0.108784 -0.149387 0.107030 -0.010810 0.307980 0.256384 0.253088 -0.022756 0.310172 0.066726 0.042705 0.234220 0.045371 0.060142 0.317895 0.229124 0.039329 0.276219 -0.311292 -0.208642 0.223685 
-0.099725 0.499515 0.879257 0.283757 0.165073 0.587158 -0.107497 -0.161021 -0.131637 -0.293064 0.083457 -0.310543 -0.402167 0.307855 -0.522709 0.823163 0.480512 0.084881 -0.290186 0.090936 0.604411 -0.516296 -0.017391 0.219198 0.286620 0.478338 0.266422 0.292199 -0.524083 -0.216604 0.639865 0.023727 0.328273 -0.054399 0.056384 -0.318530 0.239150 -0.281332 0.386567 0.174277 -0.169541 -0.510402 0.104656 0.293585 -0.035843 0.088858 -0.019537 -0.031385 -0.170617 0.265051 -0.697579 -0.194138 0.305333 0.126341 0.014092 -0.355444 0.463356 0.262393 
-0.090028 -0.038055 0.646738 -0.463388 0.226716 -0.167645 1.391341 -0.316859 -0.370185 0.337534 -0.462387 -0.037458 -0.613431 -0.364407 0.132878 0.480184 -0.416995 -0.297384 1.275124 -0.964551 0.391086 0.916985 0.429274 -0.018498 0.971691 -0.684423 -0.170619 0.139173 0.237686 0.782250 -0.287698 -0.261568 1.022773 0.211410 -0.221208 -0.207910 0.548580 -0.692263 0.279678 0.337447 -0.226747 -0.413160 -0.737876 0.582239 0.495926 -0.264092 -0.527961 -0.342444 -0.470211 -0.393678 -0.100299 -0.704682 -1.046023 0.139822 -0.768640 0.441159 0.197485 -0.217686 
0.080743 -0.299675 -0.546999 0.086823 0.462996 -0.108946 -0.228930 -0.397890 0.477168 -0.034479 -0.010997 -0.174896 -0.005600 0.219659 0.071265 -0.074271 0.286373 0.127290 -0.184822 -0.107791 -0.135225 -0.106852 -0.179037 0.483908 -0.243404 0.331565 -0.215860 -0.167304 -0.188076 -0.174639 -0.687742 0.025341 -0.041488 -0.324685 -0.943834 0.675721 -0.392008 -0.375464 -0.496007 0.431081 -0.514744 -0.301171 -0.703165 0.611409 -0.285709 -0.149632 0.140076 -0.497775 0.482602 -0.734722 0.369284 0.485802 0.364653 -0.497210 0.221929 -0.005605 -0.620691 -0.515493 
0.166500 -0.174574 -0.247148 0.291667 -0.676890 -0.162772 0.002113 -0.740834 0.120733 -0.100179 0.314047 -0.193405 0.469194 -0.429020 0.403041 0.157548 0.309124 0.219527 -0.580903 -0.230018 0.081775 -0.284750 0.215441 0.170310 -0.534573 0.162373 0.150611 0.082100 -0.635749 0.248731 -0.537082 0.370039 0.295956 -0.265307 -0.463071 0.196152 -0.456442 0.045114 0.197068 0.205708 0.439493 -0.461422 -0.182249 0.265868 -0.974254 0.148439 0.841534 -0.289087 0.462076 -0.283754 0.271761 0.191609 0.373852 0.374279 -0.026533 -0.123984 -0.196676 0.066613 
0.938250 0.346320 0.068356 -0.706888 -0.040529 -0.334348 1.061947 0.110982 -0.540429 1.491876 0.326149 0.080256 0.388226 -0.521266 -0.319181 0.883044 -0.013659 -0.025285 -0.873232 0.013904 -0.091921 -0.399462 -0.192996 -0.107927 0.201375 0.208480 -0.270896 0.029471 0.297939 0.847641 0.320051 -0.479067 0.577506 0.125014 0.633746 0.283271 0.085605 -0.052783 1.309981 -0.294351 0.169261 0.215522 0.181727 -0.090703 -1.449555 0.325992 -0.349562 -0.949734 -0.322610 -0.066073 -0.253877 -0.270489 0.063521 -0.236610 0.031537 0.510291 0.977654 1.130765 
-1.153929 -0.082321 0.107133 -0.231003 -0.694489 -0.576851 -0.451339 1.703444 -0.316783 0.269604 -0.628331 -1.589888 -0.560154 -0.828656 -0.753618 0.076888 0.659938 0.212136 -0.527627 0.068318 0.599140 -0.582859 0.334238 -0.434156 -0.431672 0.371971 0.135161 0.356850 -0.046200 0.616540 -0.269025 0.591295 0.497755 0.774481 -0.359584 0.742223 -0.186505 -0.302700 0.136896 0.651827 -0.596405 -0.227598 -0.420961 -0.080489 0.152949 0.029666 0.799454 -0.385116 1.052321 -0.389565 -0.279260 0.437387 -0.016219 -0.517959 0.017105 0.381066 0.786648 0.720273 
0.271769 -0.874244 0.153691 -0.098967 0.152484 -0.522275 -0.132359 0.788730 -1.371259 1.034254 1.305701 0.523234 1.351455 0.000788 0.673888 1.375548 -0.627924 -0.484522 0.708713 0.450959 0.447075 0.285839 -1.259121 -0.171005 -0.503512 0.096393 1.019293 -0.890708 -0.495599 0.582945 -0.732076 0.244313 -0.309026 0.372354 -0.355210 0.377391 0.925714 1.594090 -0.262354 -0.116591 -0.703593 -0.732337 0.434024 0.507197 0.790856 -0.060268 -1.301724 0.145955 1.614113 0.209505 -0.503709 1.329648 -0.424697 0.119658 -0.693831 -0.387287 -0.097746 1.791599 
0.443335 -0.117570 -0.543651 1.146087 0.083002 0.459816 -0.836153 -0.175435 0.487940 -0.164202 -1.121805 1.445950 -0.269111 -0.386795 0.150588 0.970233 0.534047 -0.550432 -0.902441 0.627130 -0.638920 -0.007765 -0.906996 -0.388894 0.271388 0.531079 0.615461 0.789300 -0.017667 0.013756 1.726653 0.806306 0.192209 0.922478 -0.835637 1.996639 -0.996064 -1.314157 -0.116750 1.911969 -0.403488 -0.291839 0.171628 -1.095790 1.429371 0.438229 -0.731642 0.790282 -1.512414 -0.082172 0.117289 -0.602638 0.536716 0.712485 -0.692621 0.167011 0.608178 0.352786 
-0.986466 -1.124272 0.759106 0.330117 -0.396571 0.390978 0.141383 0.180020 -1.616572 1.671829 -1.251531 -1.040836 0.684135 0.906577 -0.540959 1.582932 -0.903183 0.194305 -0.724427 -1.369689 -1.491481 0.270090 0.182314 1.089668 -0.595102 0.007363 -0.616656 0.608069 -0.271850 0.820110 -0.824261 -0.507331 0.148090 -0.229209 -0.785261 -0.087984 0.236670 0.746672 0.644540 -0.504071 -0.067698 -0.195056 0.889979 -0.433364 -0.596392 0.033389 0.668694 1.214715 0.292619 -0.139935 0.217854 -0.194155 0.598523 -0.842849 -1.038467 -0.260042 1.359009 -1.128948 
-0.332968 -0.397801 -0.761129 -0.797441 -0.264468 -1.897084 0.324832 -0.157671 0.268394 -0.642393 1.049588 -0.363165 0.261593 -0.172474 0.111735 0.362959 -0.536428 1.281784 0.652191 0.383947 0.252088 0.511253 0.418744 -0.069658 0.375706 1.732931 -0.297993 -0.121099 -1.093873 0.911874 -0.448709 0.093448 0.173545 -0.085721 -0.013635 -0.278408 -0.494578 -0.851234 -0.644992 1.077182 0.184722 -0.085174 0.102739 -0.711747 -1.619101 -0.423419 1.502498 1.198351 -0.436180 0.655218 -1.498055 1.097542 0.746337 -0.852833 0.443894 0.287115 -1.513779 -0.676146 
0.931766 1.143136 0.079593 -0.695447 0.643700 1.289171 -0.209337 1.510548 -1.328434 -0.111919 -0.797535 -0.911195 0.240401 -0.773682 0.036919 -0.532202 0.016242 -1.636963 0.012810 0.668386 -1.598445 0.040817 0.510710 -0.207107 -0.649708 0.761147 -0.707467 0.271983 -0.092376 -1.356681 -0.517347 -0.620281 -0.959248 0.085214 0.880999 0.036012 -0.984332 0.829534 -0.781789 -0.322109 0.095626 -0.258467 0.269088 0.213998 0.480613 -0.413666 -0.598626 -0.703801 0.381158 -1.145428 -0.501921 -0.696861 0.504636 0.294703 -0.336304 0.933241 0.276803 0.416232 
1.601601 -0.850303 -1.074732 1.058898 -0.104688 -2.632539 -0.468752 0.263676 0.309658 -0.716881 -0.763734 -1.305925 -0.488434 -0.550609 -0.620693 0.614543 0.291211 -1.097600 -0.979833 -0.865914 -0.663982 1.220868 1.065024 2.142725 -0.476494 -0.971978 1.168750 1.258169 1.046847 0.427766 0.152728 0.114567 0.163049 -0.465064 -0.865202 -0.910221 -0.981107 -0.730614 -0.378320 1.194222 0.544194 0.089660 -0.323919 -0.607818 0.749207 -0.765803 -1.031163 -0.677809 -1.127583 0.352637 -1.309851 1.000439 0.197357 0.080448 0.458400 0.193090 -0.490144 -0.511439 
0.956961 -0.117574 -0.572930 0.365425 0.436404 -1.368995 1.414185 0.086487 0.535992 0.287613 1.125076 -0.355262 0.765949 1.899564 -2.434702 -0.941234 0.326160 -0.818791 0.045698 -1.537268 0.855620 -0.172979 1.832410 2.980965 1.321424 1.110504 0.392222 -0.504934 0.531496 -0.905832 -1.117736 0.091146 0.076793 0.465637 -1.048568 0.856900 0.510682 1.025664 2.122864 -0.094715 0.892426 -0.380189 0.021078 -0.417201 0.122683 0.483735 -0.254737 0.586238 -0.342888 -1.426435 -0.528242 0.607442 1.166601 0.825971 -1.373695 -0.380250 0.455943 0.789463 
0.483258 0.250443 0.411535 -1.169989 0.699587 -0.384000 0.344285 0.563191 -0.069504 -0.588007 -0.307131 -0.633757 0.197663 -0.238246 0.573237 0.017935 0.747635 -0.628833 -0.183011 -0.712175 1.436419 0.884483 -1.449273 1.819980 0.493979 0.080309 0.407901 -0.241936 2.025475 0.848862 -0.700029 -0.045590 0.363807 -0.306083 -1.425091 0.952895 0.462603 0.580184 2.021661 0.809218 -1.630029 0.340750 0.733363 0.091101 -1.606278 0.019773 -0.503944 0.514993 -0.172024 0.972690 1.637557 -0.976709 -0.990948 -0.271167 0.222045 0.683586 -0.419649 -0.672889 
