-0.293329 0.549227 0.065251 -0.231874 -0.226488 0.334798 0.231573 -0.000477 -2.864970 -0.275473 0.299928 2.310573 -0.807794 0.142948 -0.927079 0.588509 
-0.743588 -0.062850 0.101182 0.782128 0.101731 -0.214465 -0.684661 0.213014 -0.093419 0.186480 -0.226078 0.696867 -1.688575 -0.225650 0.801624 -1.001301 
-0.959850 0.056237 0.298708 0.694122 0.009842 -0.129905 -1.432410 -0.150226 -1.751315 -0.141073 0.742123 -1.245173 -0.412614 0.449037 0.289151 -0.338537 
0.225348 -0.279760 -0.045954 -0.964959 0.465038 -0.080056 -0.180151 0.031066 0.786437 -0.577089 -2.209303 0.135557 0.505968 -0.156438 -1.104519 0.026186 
0.355702 0.632305 0.102153 -0.998489 -2.678241 0.099048 0.055004 0.083079 0.010759 -0.028301 -0.863531 0.110438 -0.182945 -0.143281 -0.829119 -0.841666 
0.154704 0.331677 0.285545 -0.500213 0.010156 0.504953 0.454971 0.259056 0.062923 -0.267454 -0.495497 0.102736 -4.058102 0.175520 -1.782518 0.875183 
-0.555352 0.170600 0.042533 0.381240 0.807899 -0.108835 -1.360680 -0.534987 -1.115931 -0.699426 -0.339607 -0.937745 0.331234 0.339582 -1.100561 0.282999 
0.037447 -0.148944 0.178481 -0.239528 -1.501170 0.328581 0.054239 0.170752 -1.270605 0.309277 0.250716 -0.481421 -3.111793 0.093045 0.392293 -1.563329 
-0.151478 0.440994 0.020659 0.407452 0.009535 -0.646939 -0.597735 -0.021732 -0.719464 0.169560 -4.952981 0.147932 0.319644 0.473191 1.156454 -0.454980 
-0.224192 -0.242320 -0.101817 -0.721465 1.042328 -0.391221 -0.763583 0.019624 -0.864899 0.851356 -0.448067 -0.463698 -0.924521 -0.179049 0.018229 0.113037 
0.232529 0.500392 0.067521 0.005787 -0.455539 0.115716 0.412413 -1.204415 -2.217406 -0.316702 0.251755 -1.307706 -1.150650 0.306592 -0.679509 -0.629174 
0.231736 0.336739 0.218288 -0.824500 -3.717548 0.117791 0.383533 0.292442 -1.153136 -1.452509 0.333405 -0.268410 0.229935 0.135368 -3.294646 -2.045033 
-0.484567 -0.421321 0.392685 -0.264511 -0.156895 -0.089571 0.429713 0.320634 0.204215 0.046816 0.455187 -0.973445 -0.766581 0.241749 0.590093 -1.491395 
0.216144 -0.730722 0.216301 0.143536 -1.235549 0.358703 -0.370971 0.136812 0.363891 -0.076729 -0.589426 -1.541411 -0.787164 0.278511 0.400900 -3.072405 
-0.377088 0.010317 0.003257 0.207448 -0.057457 0.368468 -0.381144 -0.952823 -0.188807 -0.779279 0.303393 0.369905 0.671529 0.113735 -1.371826 -0.708264 
-0.842719 -0.481361 0.222739 0.414664 0.280382 -0.033572 0.098274 -0.811657 -0.660332 -0.157658 0.195834 -0.668603 0.678768 -0.090138 0.098965 0.708158 
0.325662 -0.594745 0.067144 -0.042273 -0.609876 -1.914872 -1.361700 0.391946 0.611569 -0.445800 -0.308854 0.597331 0.410268 -0.193182 0.951472 -0.279538 
0.229875 0.287050 0.006789 -0.698593 -1.561005 0.416693 0.653286 0.144341 -2.291992 -0.729244 0.128822 -0.034476 -0.526999 0.067888 -2.252710 -0.597521 
0.305892 -1.086618 -0.056380 1.099181 0.058757 -0.442629 0.053583 0.300620 0.235512 -0.535743 0.508483 -2.068414 -1.029117 0.194542 -0.741779 -0.065433 
-0.069902 -0.170937 -0.331570 0.350159 0.302130 0.243665 0.309731 -1.565413 0.292460 0.570951 0.246094 -0.977694 0.048267 -0.214690 -0.122351 -0.570296 
-0.203883 -0.134826 0.188574 0.624682 0.541700 -0.097323 0.696457 -0.157064 -0.365673 -1.954751 -1.112883 0.101090 0.581333 0.113435 -0.308734 0.520997 
-0.693610 -0.526539 0.208319 0.195864 0.946825 -0.037941 -0.522693 0.155214 0.482639 0.130590 -0.220265 -0.523438 0.000491 0.226727 0.697823 -0.059734 
0.118059 -1.318813 0.084742 -1.026264 0.130363 0.679536 -0.116020 0.092921 0.587501 -0.073135 -0.139366 -0.390496 0.547832 -0.040889 1.060269 -0.057991 
-0.440935 0.184919 -0.048969 0.214532 0.420545 0.954298 0.428209 -0.301261 -0.376597 -1.676670 -0.882962 -0.253273 -0.980843 -0.111932 -0.833843 0.124142 
-0.498620 0.178757 0.014329 0.291422 -0.692284 -0.584248 -0.228268 0.337833 1.399509 -0.681474 0.923388 -1.181906 0.072345 0.167662 -1.040035 -0.035779 
0.088642 -0.011333 -0.276420 0.570943 -0.858582 -0.599716 0.218302 0.323218 0.192003 0.188031 0.636096 -0.008933 -1.499425 0.117532 0.372642 1.105452 
0.047155 -0.179464 0.143279 -0.781482 0.353997 0.127720 -1.105973 -0.417999 0.047232 0.383762 -0.515083 0.650339 0.348693 -0.422144 0.383647 -2.622045 
0.187881 0.050312 -0.577334 -0.049063 0.422036 -0.066069 0.205694 -0.798319 0.644142 -0.153245 0.092250 -0.326700 1.033651 -0.033682 -0.200960 0.287486 
-0.190651 0.163344 -0.468838 -0.133310 0.186153 0.561396 0.763459 -0.032786 0.422389 -0.600708 0.198417 0.290507 -0.173705 0.351028 0.139750 0.157243 
0.112690 -0.340522 -0.378472 0.087729 -0.525365 0.281423 0.121692 -0.087044 -2.310581 -0.084907 0.182196 -0.423762 0.812765 0.451950 0.066992 -3.952712 
0.307026 -0.100197 -0.011977 0.283118 0.300728 -0.490818 -1.124903 -0.020033 -3.405062 0.941506 0.532811 -0.338360 -2.181186 0.348876 -0.276123 0.580189 
0.075332 0.065519 -0.008284 -0.662577 0.259077 -0.247084 -0.153507 -0.221523 0.792208 0.064060 0.999569 -0.068450 0.296815 -0.206691 0.495167 -6.127789 
0.046888 0.109847 -0.091734 -1.150520 -0.793869 0.618318 -1.010899 -0.725367 0.195131 -0.995808 -0.460024 -0.380556 0.865463 0.002398 -1.009797 -0.243350 
0.124132 -0.159097 -0.013578 -2.104701 -2.708936 0.623814 0.258631 0.012518 -0.037596 0.223882 0.385051 -0.523942 0.052775 0.182521 0.247905 -2.272905 
0.404298 0.338356 -1.391960 -0.126140 -0.058237 -1.505342 -0.106121 0.447383 0.139698 -0.432501 -0.495968 0.903130 0.571350 -1.703249 -2.035578 0.019565 
0.366687 0.389740 0.097128 0.037305 0.426334 -0.775359 -0.613048 0.133565 0.540060 0.027389 -0.594372 0.757446 -2.028756 -0.637141 -0.546338 -0.568713 
-0.038750 0.431215 0.197419 0.502154 -0.222585 0.038207 -0.239662 -0.001420 0.672786 0.015625 -0.802794 -1.684330 0.520462 -0.559565 -0.926033 0.517029 
-0.032729 -0.060224 0.081252 -0.600554 0.760336 -3.946079 -1.551945 0.123818 0.435832 0.445799 0.219537 0.112264 0.755044 -0.833317 -0.616454 -0.381270 
0.052939 0.044520 -0.289703 -0.162358 0.535832 0.396797 -0.979061 -0.713194 0.458154 0.334866 0.089605 0.257013 0.532675 -0.992975 -1.024753 -0.369713 
0.151681 0.060962 -0.107708 0.183702 -0.759584 -0.220778 0.049002 0.201598 -0.526455 0.104870 -0.408167 0.393046 1.062579 -1.883755 -0.863020 0.812740 
0.042544 -0.209589 0.056830 -0.594989 0.656874 0.116257 0.163391 0.090690 -0.506864 0.181817 -2.640279 0.798904 0.805796 -0.067767 -0.792906 0.084808 
0.151723 0.257204 0.175750 -1.324550 -1.171592 -0.456399 -0.835497 0.008523 -0.331310 -0.410955 0.017703 -1.954736 0.330239 0.146231 0.255906 0.180971 
0.104572 -0.348167 0.182670 0.399391 -0.717589 -0.833304 -0.501045 0.218760 0.455969 -0.793545 0.070668 -1.093048 0.325798 0.680347 0.191912 -1.160934 
0.302958 0.334115 0.201547 -1.944613 -0.394128 -7.857913 -3.205460 0.296202 -0.246475 0.008273 0.163008 0.405542 -0.132798 -5.183122 -0.259156 0.581685 
0.114277 0.116048 0.202501 0.127406 0.726722 -0.133632 -0.174890 0.231554 0.493157 0.210575 0.039261 -1.209926 -4.011605 0.004441 0.489366 0.319630 
0.059830 0.224396 0.380487 -0.646279 -0.556243 -0.705510 -2.240105 0.195292 -0.430087 0.415552 -1.597531 0.740876 -0.531785 -0.017980 -0.064517 0.249635 
-0.135530 0.098455 0.066139 -0.776405 -0.193969 0.357683 0.574890 -0.384105 -2.348400 -0.520803 0.796953 -1.913456 -1.707121 0.351282 0.790737 -2.518612 
0.329227 -0.044986 0.378405 -0.428368 0.495361 0.097979 -0.825175 0.422306 -0.479321 -2.211644 0.468957 0.305214 -0.448833 0.357526 0.691270 -0.553768 
-0.012187 0.227421 0.166511 -0.894735 0.176126 0.180392 -0.013618 -0.664980 0.386107 0.970664 0.334211 -1.424701 -0.958112 0.368133 -1.369287 0.158023 
0.284113 -0.954897 0.259523 0.623608 -0.326272 -0.478235 0.569254 0.352024 -1.912192 0.103832 0.344612 -2.773320 -1.025918 0.028853 0.599413 -1.534491 
0.564466 -1.329488 0.200699 0.177450 0.124872 0.163975 -1.011992 0.139627 -0.073241 0.091607 0.526885 0.426275 -1.026201 0.559752 -1.029427 0.007294 
-0.267711 -0.082289 0.002153 0.269839 -0.213631 0.890130 0.060836 -0.150491 -1.067319 0.534241 -0.174588 -0.330254 -0.824090 0.178169 -2.756352 -1.254166 
0.014062 0.018795 -0.304438 1.534581 -0.126003 -0.013735 0.418294 -0.146349 -0.386938 -0.242566 -1.425615 1.011717 -0.017964 0.003571 -0.586252 0.315468 
0.228410 -0.369900 0.146318 0.110935 -1.762468 0.126765 0.395643 0.319716 -0.220945 0.397286 -0.177800 -0.021612 0.464548 0.178344 -2.860452 -4.432155 
0.168726 0.464837 -0.397288 0.702509 -0.205139 0.162858 -0.645849 0.131790 -0.060019 0.138283 -0.804058 -0.714483 0.263529 -0.658122 -0.165506 0.693125 
0.114497 0.221659 0.379311 -0.467883 -0.591378 -0.036028 -1.379400 0.388091 -1.200626 -0.159791 -0.981825 -0.507246 -0.701480 0.055746 0.382494 -1.127765 
0.055064 0.357908 -0.268210 0.298919 0.374682 0.004988 0.138382 -0.221254 -0.193524 1.936636 0.298782 -0.363508 -0.270635 -0.098903 -0.375024 -1.569614 
0.051572 -1.165461 -0.030912 0.036791 0.263528 0.139306 0.956907 -0.448255 0.196873 0.429790 -2.102007 -0.797490 0.114576 -0.101788 -1.357813 -0.237987 
