0.066539 -0.020890 -0.003972 -0.085845 0.080959 0.061379 -0.046119 0.033642 -0.372019 -0.294820 0.151950 0.110953 -0.001186 0.064240 0.234758 -0.080541 0.276651 -0.019581 -0.105782 -0.058452 -0.138187 0.046452 0.159529 -0.188555 -0.264151 -0.120834 0.062101 -0.011235 0.095696 -0.076617 -0.014361 -0.057454 0.012475 -0.172774 0.086574 -0.093678 -0.151895 -0.041773 -0.100360 0.082974 0.014709 0.059257 0.009368 -0.075851 -0.052963 0.409784 0.295121 0.077977 -0.071730 -0.252247 0.092638 0.130087 -0.305669 -0.103839 0.150480 0.288583 -0.209034 0.070830 -0.240778 -0.214562 
-0.049807 0.129442 -0.154952 0.169215 0.001123 -0.049567 -0.099313 0.005346 0.390136 0.315337 -0.092969 -0.101748 -0.008142 -0.349866 0.045066 0.060575 -0.461155 -0.168458 0.114605 0.142223 0.199364 -0.180387 -0.226568 0.393629 0.321968 0.043906 -0.075854 0.067491 -0.125271 -0.058905 -0.227203 0.055769 -0.186993 0.353499 -0.120757 0.109279 0.089840 -0.050289 -0.276354 0.091412 0.039259 -0.039457 0.101378 0.421580 -0.244176 -0.218989 -0.321766 0.110106 0.100260 0.332787 0.058149 -0.083056 0.375412 0.174689 -0.259298 -0.169016 0.110831 -0.219394 0.268220 0.214690 
0.034114 -0.212987 0.788947 -0.207533 -0.326735 -0.728211 0.199292 0.155164 0.078736 -0.146972 -0.359891 -0.167579 -0.309439 0.627695 -0.339863 0.219068 0.209029 -0.052260 0.017788 0.653912 0.261576 0.112170 0.045687 -0.472400 -0.491799 0.169337 0.025195 -0.202944 -0.089173 -0.575574 -0.288353 -0.483671 0.571995 -0.880302 0.005619 0.251690 0.362881 0.137777 0.002488 -0.483119 0.431287 -0.077827 -0.012570 -0.536656 0.209303 -0.233818 -0.405893 -0.482254 0.406180 -0.805817 -0.203967 -0.236018 0.298689 0.018516 -0.024964 -0.265625 0.439847 -0.030855 -0.293359 0.064814 
0.306968 0.438763 -0.391137 -0.600029 0.544218 0.676633 0.340821 -0.390253 0.362545 -0.139417 -0.228335 -0.016487 -0.496106 0.943603 0.178225 0.066322 0.289698 0.294202 0.117773 -0.864008 -1.224049 0.375179 0.110742 -0.795823 -0.458395 0.035225 0.532982 0.255091 -0.129840 0.133775 0.663389 0.536264 0.302625 -0.340336 0.324710 -0.518378 -0.363709 0.716294 0.184623 0.046078 -0.339037 0.383176 -0.599968 -1.081212 0.817062 -0.575108 1.000697 0.126898 -0.583045 -0.110913 -0.356634 0.552576 -0.342162 0.030160 -0.095233 -0.254657 -0.083158 0.205048 0.490652 -0.380928 
0.290162 0.185790 -0.221731 0.563017 -0.215214 -0.142699 -0.068715 -0.354935 0.214423 -0.273298 -0.151686 -0.655093 -0.314809 -0.178754 0.029878 -0.528013 -0.714572 -0.740179 0.828127 -0.439562 0.313674 -0.604249 -0.115304 0.431576 -0.469767 -0.497693 0.391570 0.375168 -0.039514 0.065486 0.054828 0.128765 0.145360 0.193567 -0.111659 -0.726176 -0.049365 0.010234 -0.440793 -0.126898 -0.032358 0.138139 -0.224608 0.281614 -0.553949 -0.592566 0.359270 -0.169124 0.269029 0.756787 -0.569181 0.522532 -0.033698 -0.456827 0.334197 -0.265743 -0.179660 0.226730 0.001260 -0.032789 
-0.490174 -0.245289 0.002800 0.518781 -0.271095 -0.239935 0.353162 -0.241185 0.004314 -0.285819 -0.270699 -0.224220 -0.002346 -0.432617 0.196877 0.395366 -0.391741 0.126321 0.459616 -0.035566 0.756892 -0.170927 0.306262 0.301339 -0.331262 0.035252 -0.563991 0.406838 0.321206 0.402550 0.477404 -0.231975 -0.019119 0.363948 -0.842313 -0.094475 -0.092533 -0.173983 -0.214514 -0.328091 0.090902 0.384124 -0.269041 -0.338147 0.104945 -0.294299 0.171686 0.009047 0.433535 0.865398 -0.492740 -0.349193 0.215699 -0.070569 0.221010 -0.194708 -0.036613 -0.326349 -0.288587 0.189870 
-0.093897 0.758717 0.428564 -0.281086 0.519631 0.885025 -0.268503 -0.766938 0.079453 0.185607 -0.071818 -0.218539 0.266919 0.302205 -0.091177 0.387719 0.179261 0.258198 -0.461171 -0.398026 1.114988 0.181864 -0.527628 -0.306131 -0.195149 0.331736 -0.520301 1.089872 -0.007610 -0.293685 0.496807 -0.227864 -0.348299 -0.228778 -0.050059 0.047567 -0.162414 0.672724 0.395181 -0.867729 -0.058838 0.087140 0.283845 -0.566954 1.540781 -0.314142 -0.433040 -0.816635 1.289259 0.248363 0.119563 -0.318472 -0.545013 0.349898 0.624937 0.243158 1.155905 -0.870103 -0.359200 1.471738 
-0.066154 -0.842900 -0.261249 0.561822 -0.547152 0.770751 0.017194 -0.771059 0.017430 0.857948 0.457857 -0.221053 -0.416120 0.671947 -0.058457 0.889095 0.019257 0.101446 0.399837 -0.120786 0.783898 0.431804 -0.773626 0.363187 -0.610942 -0.086872 -0.462799 -1.669953 -0.093481 -0.043173 0.793850 -0.525900 1.188474 -0.334615 -1.415432 0.291737 -0.184924 -0.957780 -0.367787 0.427111 0.457966 0.112539 -0.185948 0.086141 0.470615 -0.348111 -0.231245 0.250440 -0.156590 0.248172 -1.349261 0.055336 -0.307981 0.302487 -0.152525 0.567477 -0.028524 0.506708 0.068746 0.390490 
-1.041179 0.283198 -0.837413 -0.399514 0.482541 -0.602228 -0.346594 0.914872 -0.961322 0.758591 0.941763 0.414019 1.078047 -0.522832 -0.926809 0.331359 -0.065104 -0.031614 0.574702 0.160857 -1.035571 0.824786 -1.436159 1.086226 0.573975 0.809947 0.591448 0.744282 -1.844022 -0.550573 0.462718 -1.590580 0.028486 -0.437897 -0.063191 0.951758 -0.486914 0.717314 0.246650 -0.529139 0.181547 -0.659470 0.310749 -1.085053 -0.165738 -0.184708 1.069400 -0.812083 -0.057767 1.030667 0.839386 0.107206 -0.055275 -0.930705 0.033552 -0.329161 -0.565325 -0.022136 1.270213 0.175822 
-0.590707 -0.284286 -0.380551 1.390036 0.197418 1.119861 0.565092 0.908319 0.639496 -0.281876 -0.538576 -0.012349 -1.732031 -0.697700 0.572223 0.123775 -0.835550 0.551675 1.301986 0.472074 -0.112844 -0.077367 0.054279 -0.315561 0.401639 -1.751837 1.478431 -0.095015 -0.758802 0.210667 -0.143860 -0.012014 0.036011 0.655257 1.167603 -0.035986 0.084528 0.231506 -1.350913 -0.245881 0.237410 0.750520 0.241841 -0.085576 0.196640 0.685648 -0.211628 0.369356 0.343039 -1.478783 0.293484 -0.817616 -0.398783 1.434021 0.601167 1.360490 0.226976 -0.136954 0.008288 0.676334 
1.076122 0.415213 -1.036230 -0.167924 1.249697 0.095209 -0.383621 0.459176 -0.292278 0.077839 0.601255 0.250480 0.121680 -0.599474 0.261355 -1.038565 -0.273351 0.654757 0.268737 -0.262823 -0.081242 -1.546355 0.406134 -0.347928 0.765759 -1.858963 -0.579742 -1.539359 1.267386 -0.730635 0.708180 -1.719292 0.615816 -0.799957 -0.369084 0.530312 0.170248 1.125178 0.196877 0.644441 0.718814 0.434306 -0.646537 -1.007653 1.875101 0.783978 0.103008 -1.070565 -0.217494 1.213434 -0.756854 0.056563 0.293490 0.454340 0.227566 0.042955 -0.276783 -1.215021 0.225942 1.571524 
-0.546078 0.137929 0.186449 -0.855094 0.856024 -1.148893 0.432102 0.002563 -0.464968 -0.282096 -0.327326 1.388700 -1.154938 0.570201 0.625518 0.689150 -1.147246 -1.162972 0.830204 -0.930434 0.878802 1.064185 1.012972 0.417184 0.297353 -0.412125 -1.780567 0.406588 0.531396 -1.284262 0.935740 0.983315 0.770886 0.935159 -1.371915 0.079506 -0.368468 -0.083650 -0.423962 1.171180 0.712798 -0.721195 0.555779 -0.240801 -1.120333 0.590830 -0.855481 -0.421023 1.099829 0.052445 0.324868 0.405807 -0.852732 -0.472157 -0.394328 0.662585 0.154645 0.519699 -0.284510 -0.637332 
0.172631 0.867084 1.032717 -0.420568 0.578604 0.965938 0.933593 -1.454403 -0.799990 -0.025023 0.455323 -0.337519 1.120602 -0.466535 0.222560 0.022409 1.896526 0.035416 0.131014 -0.484243 0.292375 -0.401130 -0.745747 0.101773 0.234737 -0.332396 1.132611 -0.936923 -0.249317 -0.764901 -0.274958 -0.241092 -2.244026 0.380411 0.527085 -0.860365 -0.550641 -0.791426 0.290802 -1.268110 0.817800 -1.587335 -0.374498 0.078116 -0.539742 -0.132980 -0.201314 1.268559 0.055820 0.497430 -0.233375 -1.013204 0.472986 -0.051874 -0.729281 -0.147301 0.358035 0.268314 0.324538 0.156434 
0.281240 0.269082 -0.813060 -0.300863 0.941274 0.389467 -0.793535 0.394593 0.520548 -0.452922 0.551219 -0.721666 -1.096843 -0.475295 -0.863134 1.784866 -0.231535 0.208477 -0.052175 0.201610 0.277015 -1.235523 1.451361 1.147016 -0.901950 -1.246119 0.345868 1.296604 -0.169454 -0.702256 -0.062576 0.479072 0.942159 0.246406 1.074389 0.522114 -3.285769 1.625651 -1.561383 1.350237 -0.033563 0.621492 -0.461797 0.607307 -0.774053 1.314423 0.169083 0.947140 0.881445 -0.958920 -0.741818 -0.046403 -0.653264 0.064475 0.308035 0.509617 -0.895484 0.799837 -0.479496 0.004209 
0.442915 0.581624 0.207548 0.884633 0.662007 -1.990363 0.837948 -0.560615 -0.398634 -0.148814 -0.028767 0.188579 0.969936 0.307110 -2.286974 0.623627 -0.932081 1.037405 1.154840 0.810499 -0.801884 -2.560480 0.334131 -0.251474 -0.029933 0.804964 0.973111 1.058250 -0.915334 -0.307727 -0.340430 0.937593 1.726920 0.212827 0.595453 -0.577222 -1.519544 1.461945 0.220611 1.394977 0.943889 0.710779 2.329872 0.278569 0.998388 0.321870 0.150256 0.501674 0.663920 1.014016 -0.067920 -0.546107 -0.166856 -0.685018 -1.168881 0.587008 0.302340 -1.184385 -0.801562 -0.195986 
0.062902 0.897543 -0.532925 0.807882 -1.897697 -0.140834 -1.638489 0.747786 0.187180 -0.412188 -0.368818 0.311126 0.546517 0.690006 -0.640847 -1.107450 0.834589 -0.955298 0.847931 0.003891 0.251143 0.207860 -0.546207 -0.063183 0.876696 1.708610 0.352945 -0.014317 0.504209 1.290423 0.553529 0.373164 1.527112 -0.583132 0.939282 0.297760 -0.488831 1.033124 -0.828318 -0.295088 -2.635583 -0.467186 -0.754851 -0.579618 1.076010 -0.740107 -0.254410 0.653139 -0.537016 0.774007 -0.770045 0.593536 -0.049531 -0.242029 0.388561 0.910845 -0.166071 -0.115291 -2.199814 -0.525784 
