-0.000136 -0.037650 0.171568 -0.496091 -1.013957 0.205703 0.902427 -0.688073 0.175156 0.183116 -0.516195 -0.000550 0.512087 0.019698 -0.209761 -1.200522 
-0.127263 0.531727 0.400802 -0.540025 1.245574 -0.251430 0.180048 -0.361083 -0.633495 -0.263618 0.270904 0.400184 0.104862 -0.010292 -0.533332 0.124742 
-0.109825 0.121462 -0.352007 0.354234 0.460084 -0.289204 0.203543 0.268038 0.363896 0.196414 -0.392150 1.226232 -0.566378 -0.427340 0.837045 -0.321190 
0.494125 -0.217730 -0.052462 0.328996 0.640941 -1.242577 -1.191529 0.082035 0.652224 -1.039486 0.704677 0.182676 -1.014521 -0.374678 -1.476935 -1.749075 
-0.111745 -0.494318 0.087173 0.113709 0.938754 -0.420480 -0.161577 0.267613 0.283158 0.390228 -2.144214 0.062490 -0.020118 0.531414 1.013923 -1.485399 
0.081359 0.198935 0.085838 0.313323 0.215833 0.530108 0.417178 0.172041 -0.421657 -0.839367 -0.443601 -1.094885 -2.621130 0.645149 -1.299248 0.102189 
0.128869 -0.170192 -0.199999 -0.300175 -0.483355 0.402952 0.867162 0.408190 0.182578 0.386853 0.268206 -0.257587 -0.402803 0.139472 -0.078826 -1.993760 
0.064951 -0.824554 0.308834 -0.251308 0.835927 -0.254897 0.017507 0.195318 -0.162396 -1.304415 -0.162000 -0.164619 0.537178 0.060745 0.496314 0.264513 
-0.224569 -0.212468 0.142530 -0.669900 -0.056654 -2.439569 -2.095032 0.298639 -0.143689 0.349579 -1.705963 0.474414 0.307163 -0.396166 0.087727 -0.172035 
-0.030093 0.209303 0.033110 -1.557990 -2.196556 0.245108 -0.041522 -0.061940 0.504244 0.098972 0.240182 -0.135338 0.729941 0.132651 -0.349818 -1.441236 
0.090139 -0.144646 0.166134 -0.344569 -0.778051 -0.734601 -0.530262 0.188640 -1.049764 0.365975 -0.244357 0.495503 0.023893 -0.063201 0.676082 -0.273650 
0.390530 0.198075 0.021338 0.349901 -0.584196 -1.500714 -0.076301 0.520137 -0.759249 -0.851086 0.474944 0.425883 -0.086182 0.186403 0.183260 0.471375 
-0.044958 -0.117866 -0.043764 -0.227750 0.483564 -3.107141 -1.174208 -0.017755 0.680671 0.172647 0.267279 -0.767646 0.461330 -1.371615 -1.726378 -1.262133 
-0.222894 -0.328590 0.141412 0.753724 -0.219622 -0.295509 0.213051 0.248407 0.933325 -1.309558 0.480810 -0.689026 0.209004 0.428942 -1.128877 -0.191122 
0.112579 0.252838 -0.047479 -0.331735 0.106512 0.173917 -0.730821 -0.876808 -0.145410 0.419820 -0.463928 0.009318 0.243524 0.085569 0.679640 -1.549986 
0.403499 -1.330203 0.066927 -1.039274 -0.616061 0.216298 -0.109845 -0.282371 0.666007 0.105662 -1.420185 -0.261185 0.049316 0.036106 -1.584519 0.136907 
-0.226904 0.110912 -0.135364 0.734314 -1.034653 0.056772 -0.128508 0.110149 -1.612198 0.115711 -1.891032 0.506412 -1.508243 0.078709 0.593323 -0.403821 
0.212272 0.171180 -0.300762 -0.227107 -0.402862 -0.390917 -0.224681 0.241024 -0.064327 0.898365 -0.148933 -0.192192 -0.165748 -0.948868 -1.712848 -1.867015 
0.250064 0.256922 -0.812161 -0.062565 -0.163577 -3.399422 -0.895633 0.374274 0.247028 0.138041 -1.135077 0.763974 -0.388053 -1.318071 -0.172610 0.473174 
0.318526 -1.622942 0.163521 0.164900 0.192585 -0.291311 -0.514504 0.238727 -1.395566 0.160850 0.456650 -1.768195 -1.166040 0.370972 1.053098 -3.603248 
-0.006159 -0.269893 -0.082690 1.037540 0.195563 -0.010748 0.032507 0.224525 -0.390671 -0.699034 0.939556 -3.022353 -1.420632 -0.109911 0.138221 0.668856 
-0.088232 -0.344792 -0.061496 0.734651 0.135097 1.004507 0.608190 -0.054897 -1.311134 -1.480437 -0.761153 -1.000901 0.174420 0.257360 -0.435901 0.249455 
0.205663 -0.239754 0.038920 -0.536811 0.297302 0.410754 -0.166473 -0.267968 0.508294 0.447373 -1.542558 0.265306 -1.230813 -0.412025 -0.903778 0.031946 
-1.253879 0.264000 0.124701 0.342916 -0.142400 0.305981 -0.636168 -0.085737 0.334679 0.326428 0.652043 -0.851222 -0.466970 0.362089 -1.289873 -3.106477 
-0.019005 -0.346651 0.358293 -1.277894 -0.131350 0.215492 -1.745399 0.162745 -0.164538 -0.749480 0.218395 -0.099611 0.199649 0.635369 0.720912 -0.812193 
-0.094675 0.056249 -0.040358 1.203465 0.519356 -0.430334 0.443098 -0.527075 -0.504461 -0.575864 -1.038894 -0.782213 0.651548 -0.639232 0.198775 0.796749 
0.311237 0.444585 0.120866 -0.366945 -0.432142 0.139148 0.127155 0.256233 0.078340 -0.915413 -0.027984 0.229549 -2.633835 0.138822 -1.018655 -0.255004 
0.182385 0.536780 0.153601 -0.261566 -0.468874 0.364522 0.146123 0.060215 -1.878921 -0.946533 0.541517 0.560931 -4.746883 0.385452 -0.033545 0.315072 
-0.006203 -0.944275 0.139072 -0.946014 -0.301655 0.186720 0.612729 -0.160101 -1.172148 0.092352 -0.108100 -1.503199 -0.476771 0.328513 0.172811 -1.620030 
0.144918 -1.258849 0.156907 0.114676 -1.112286 0.181531 -0.920279 0.108139 -0.420935 0.060778 -0.304839 -0.391764 -0.345835 0.332802 -0.647407 -0.842876 
0.276687 0.258043 -0.148221 -0.429032 -1.209963 0.179899 -0.327314 -0.171880 -1.006233 -0.228852 -1.636940 0.158001 0.709388 0.429562 -0.431222 -1.558078 
-0.608676 0.210050 -0.244660 0.105223 0.834645 -0.525312 -0.794022 -0.496459 0.413671 0.721875 -1.902967 -0.125908 0.763515 0.094437 -0.130021 0.069910 
0.088833 0.187527 -0.042192 0.498511 0.171074 0.346818 0.473389 0.063107 -1.818896 -1.981788 0.313456 0.295501 1.426732 -0.270034 -1.450191 -0.073522 
-0.893968 0.392328 0.563816 0.323056 -0.148125 -0.022796 -0.486708 -0.195842 -1.409453 -0.017375 -0.497618 -0.455212 0.025649 0.229630 -0.251665 -0.291106 
-0.233708 0.474202 0.107224 -0.776932 -1.355624 0.520064 0.525967 -0.546948 -2.121895 -0.177427 0.651697 0.277319 -2.935005 0.318651 -1.692634 -3.907946 
0.134242 -0.427595 0.300487 0.455203 -0.268604 -0.736249 -0.532769 0.318946 -1.419892 0.008716 0.176418 -1.649665 0.528640 -0.177487 0.940601 -2.459179 
-0.094359 0.453980 0.229716 -0.581548 -0.170885 0.704593 0.495068 -0.181995 -0.736471 -0.349601 -1.237825 0.394028 -2.662413 0.037209 -5.311287 -2.594045 
-1.033463 -0.518706 0.030355 0.605924 0.537836 0.628823 0.365113 -0.682841 0.998576 -0.176626 0.249075 -0.673850 0.036580 0.144891 0.358807 -0.512962 
0.080005 0.195494 -0.339425 0.068548 -0.371657 0.139009 0.134881 -0.023905 -0.000904 -0.166718 -0.783865 0.557689 0.543598 -1.206917 -2.119863 0.672897 
-0.147094 -0.238635 0.320407 -0.127554 0.203480 0.632671 0.214628 0.242971 -0.526233 -0.327803 0.269358 0.117158 -2.098059 0.083262 1.159612 -1.502137 
-0.179188 -0.224964 -0.677239 0.208785 0.161053 0.009812 0.271835 -0.731657 0.246929 -0.590362 0.730819 0.784068 0.404623 0.268425 -1.282933 -0.054391 
0.245353 0.295294 -0.405945 -1.111279 0.420674 0.306756 -0.430060 0.111024 0.500564 -0.450313 -0.149020 -0.572886 0.577333 -0.490299 0.070523 0.085769 
-0.173628 0.000773 -0.198313 -0.043967 0.240556 0.497460 0.712003 -0.852334 0.224637 0.084488 0.474001 -1.355123 0.333659 0.388306 0.240780 -0.009312 
-0.382099 0.241003 0.313296 0.165861 -0.391007 0.011157 -0.666262 -0.654247 -1.214291 -0.738705 -0.134125 -1.954297 1.079702 0.253507 0.415406 0.564663 
-0.180940 0.208709 -0.467676 -0.022527 0.875519 0.575104 -1.244432 -0.604370 0.416271 1.276269 -0.150379 -2.058096 0.365287 -0.046957 -1.514713 -0.819609 
0.177283 0.292719 0.093261 -2.012136 0.290318 -3.225029 -2.165268 -0.085489 0.330908 -0.386365 0.004874 0.601081 0.351830 -3.879164 -0.894866 0.447762 
0.375614 0.028761 -0.133144 1.008988 -0.903160 -1.496066 -0.282322 -0.073589 0.103729 -0.254953 -0.821726 0.070178 -0.009101 0.357695 -0.453449 -0.256090 
-0.001534 -0.507165 -0.001582 -0.751329 -0.582601 0.101907 0.581543 0.111904 0.050250 0.411175 1.254544 -0.026166 0.483840 -0.116034 -0.433397 -3.762211 
-0.231841 -0.062605 -0.135386 0.844301 0.535463 -0.026805 -0.176791 -0.176650 0.041663 0.504112 -0.168400 0.549419 -2.651670 -0.117065 -0.141855 1.314261 
-0.090769 -0.326191 -0.026883 -0.140321 0.653895 -0.340011 -0.418801 -0.179623 -1.598449 1.046076 0.301400 -1.178067 -2.469763 -0.039434 -0.179364 -0.366402 
0.464692 0.053051 -0.108435 -0.939777 -2.827321 -0.335539 0.308665 0.279927 -0.214187 -0.305080 0.178933 0.061951 0.325496 -0.198039 -0.658636 -0.362416 
-0.006784 -0.027592 -0.087538 0.850146 0.134184 0.003051 -0.104060 0.006757 0.065743 0.059417 -2.425783 0.589092 0.172495 0.144790 -3.019950 -1.744133 
0.100370 0.536995 0.362946 -0.455017 -1.961244 0.247170 -0.760211 0.395260 -0.250248 -0.034078 -0.346316 -0.186762 -2.743540 -0.072922 -0.419425 -0.254284 
0.526732 0.287604 -0.199800 -2.382148 -1.867893 0.531329 0.027912 -0.076903 -0.068888 0.009774 0.049622 -0.705771 0.278132 0.196470 0.425739 -0.248684 
0.174358 -0.764442 0.248623 -0.523813 -0.710126 0.173937 -1.347406 0.329043 0.888643 -0.042440 -1.169844 -0.352718 0.204245 -0.071473 0.459733 0.502590 
0.321854 0.239096 0.316171 -0.998549 -0.203518 -1.803554 -0.479832 0.329316 -1.132077 0.379688 1.156734 -0.519624 -0.368175 -2.019511 0.944884 0.049909 
0.206573 0.106038 0.085812 0.306441 0.365195 -1.797962 -2.672601 -0.167454 0.249126 0.359180 0.006404 0.346924 -0.215590 -0.373425 -0.122004 0.098739 
-0.049829 -0.468398 0.364341 -1.052730 -0.629894 0.059073 0.091559 0.353803 0.716196 0.133555 0.120462 -0.429580 -0.299602 -0.158024 -0.005465 -3.118763 
-0.036974 0.294656 0.202886 -0.289847 0.953399 -0.150042 -0.356001 0.218462 0.323744 0.453271 -0.189742 -0.847895 -1.142388 -0.556300 0.031770 0.593356 
0.061780 -0.834145 0.260639 0.223789 0.329554 -0.951472 -0.255463 0.304010 -0.530661 0.602026 -0.666896 -0.115855 -1.400127 0.211297 0.079439 -0.167550 
