0.183922 0.079830 -0.012341 -1.065966 0.785256 -2.863116 -2.099672 0.021941 -0.324554 0.328880 -0.615662 0.103537 0.332163 -0.121698 -0.173193 0.202591 
-0.181991 0.241150 -0.217139 0.600657 -0.282802 -0.172049 0.447013 0.143522 0.656903 -0.415934 -1.175023 0.373968 0.476195 0.337765 -0.812398 -0.189459 
0.209212 0.033272 -0.107037 0.865607 -0.705207 -0.253736 0.726666 0.072470 0.395259 0.267686 -0.057499 0.343406 -0.068267 -0.065289 0.632329 -2.775090 
0.364386 -0.271127 0.221237 0.242044 0.034016 -1.181686 -0.025627 0.271316 0.279870 -0.394866 -0.248954 0.496309 -2.003738 -0.475614 0.508296 -2.576194 
-0.289132 -0.131946 -0.305756 -0.583328 -0.310008 0.259996 0.691318 -0.275000 0.222859 0.208063 0.265168 1.068099 -0.205127 0.190056 -0.399140 -1.331406 
0.035533 -0.821629 -0.005982 0.403791 0.349071 -0.792443 -0.350266 0.013493 0.225858 0.847037 0.666914 -3.678695 0.090948 0.005673 -1.185770 0.411390 
0.180918 -0.195708 0.306982 0.388535 0.293198 0.054018 -0.043128 0.263910 -3.341429 0.132914 0.457439 -1.319577 -0.830956 -0.340535 0.289337 -0.277061 
-0.034079 -0.062243 0.110540 0.410650 0.033414 0.098957 -0.145572 0.102021 -0.888928 0.199943 0.158059 0.598584 -4.295641 0.125892 0.312932 1.064819 
-0.540320 -0.227178 0.088172 0.209585 0.987838 -0.429780 -0.544904 0.157188 0.766352 0.738291 -0.101548 -0.655907 -0.659646 0.029033 0.327626 -0.012998 
-0.226089 -0.888796 -0.048179 0.417675 0.595061 0.265011 0.097448 -0.824989 0.543295 -0.538237 0.165107 -0.630489 -1.511092 0.072547 -0.253114 -3.341432 
0.230900 0.605452 -0.053062 -0.022367 0.280462 0.171776 -0.274052 0.199898 -0.604259 0.101569 0.211900 -0.596695 0.027034 -0.447549 -0.807415 -3.791215 
-0.173618 -0.199901 0.445716 0.413073 -0.165877 0.622419 0.901348 -0.282658 -0.538813 -0.688810 -0.320256 -0.356832 0.056927 -0.025350 -1.521174 -0.140006 
0.326271 -0.091539 0.367934 -0.063748 0.788350 -0.223044 -1.121643 0.326696 -0.533202 0.141740 0.473984 0.123860 -1.943532 0.098266 0.157642 -1.108956 
0.004294 -1.368837 -0.065859 0.282140 -0.296974 -0.225842 0.667767 -0.020287 -0.322117 0.070689 0.710335 -2.039034 -0.262066 0.390984 0.853386 -1.736452 
0.233671 -0.071011 0.076436 -1.443961 -1.047512 0.337170 0.258697 -0.338921 -2.070741 0.244561 0.197684 -2.040679 -1.901179 0.177319 -0.340855 -3.037804 
0.143617 -0.152413 0.007399 -0.689605 0.952425 -0.820741 -1.266987 -0.095503 0.611086 -0.231466 0.265894 -1.024005 0.080985 0.135422 -0.311356 -0.057870 
0.127801 -0.046191 0.321991 -0.364785 -0.895835 -0.314845 -0.577335 0.409636 -1.964473 -0.374433 0.179418 -0.265246 -2.434221 0.195207 -0.093723 -0.104460 
-0.219266 0.155630 -0.480340 0.154269 0.203865 0.415355 -1.379204 -0.817154 -0.235766 0.974394 -0.426816 -0.012089 0.483509 -1.600356 -0.248920 1.143372 
-0.401583 -0.156976 0.052158 0.543962 -0.220818 -0.574268 0.144833 0.289398 -0.446296 -0.622752 0.606115 -0.294907 0.767840 -0.090953 -1.912984 -0.619029 
0.018984 0.425351 0.151655 0.039473 -2.443958 0.373804 0.084736 0.186474 -0.846514 0.112792 -0.508492 0.055249 -1.550538 0.218578 -0.143973 -0.886852 
0.200960 0.429504 -0.322762 0.117283 0.677947 -0.123505 -0.434466 0.128479 0.467835 -0.817002 -0.578083 0.784992 -0.953225 -0.260755 -0.304859 -0.287145 
-0.104829 -0.785148 -0.311684 0.922349 0.896693 0.297662 0.334709 -0.184198 -0.671894 -0.207458 -0.365885 -3.313316 0.768382 0.309426 0.247116 -1.724763 
-0.607789 0.747145 -0.177417 -0.553798 0.258260 0.376419 0.373677 -0.750382 -2.809602 -0.940033 0.504404 1.004622 -0.491495 0.239527 -0.256488 -0.841966 
0.268306 0.036887 -0.182350 -0.801997 -1.902963 0.599347 -0.015979 -0.026477 -0.692083 0.255541 0.085173 -0.948476 -0.511255 0.332373 0.896255 -0.849829 
-0.213045 0.114148 0.163261 0.784612 -0.458992 -0.065896 -1.077374 0.016623 -1.614826 0.217100 -1.524930 0.321598 0.134206 0.414875 -0.147646 -0.108321 
-0.307469 0.476695 0.192717 -0.419569 0.483496 0.053404 -0.581180 0.431926 -0.596213 0.540092 -0.507521 0.353072 0.429442 -0.172386 1.015003 -0.423627 
-0.270985 0.107868 -0.025581 0.618465 0.115336 -0.178761 0.151547 -0.193644 -0.186937 1.034825 0.695137 0.297784 -1.862662 0.470554 0.251701 -2.396945 
-0.145915 0.097878 0.029058 -1.973072 -1.442640 0.387540 -0.394797 -0.194420 0.369405 -0.053310 0.349568 -0.881162 0.791404 0.027990 -0.359230 -4.049082 
0.289465 0.222275 -0.129691 -0.126218 -0.749691 -0.348018 -1.921937 -0.209579 0.474632 -0.501280 -0.147092 -0.041749 0.749795 0.208173 0.133165 -0.913638 
0.087086 0.216913 -0.320538 0.658355 -0.289287 -0.072576 -0.023381 0.369756 -0.660568 0.368800 -0.364163 1.028345 0.299343 -0.372309 -1.277188 1.011156 
0.155908 0.218422 0.321267 -0.323286 -1.535010 -0.293791 -0.457806 0.299364 -0.026666 0.168254 -1.571029 0.540209 -0.322519 0.121385 -0.619311 -0.209524 
0.219633 -0.174672 -0.089499 0.011688 0.284757 0.076434 0.238134 -0.289359 -1.339713 0.212819 -1.035553 0.512618 0.526070 0.073664 0.287586 0.133575 
0.294752 0.380427 -0.046490 -0.395904 0.248320 -7.055416 -4.089136 0.332835 0.323864 0.321455 0.236451 0.288316 -0.119294 -3.359727 -0.959690 0.286712 
-0.558275 0.660859 0.343834 0.389097 -0.266271 0.021556 -1.077386 -0.094322 -0.936274 -0.940647 -0.051227 -1.582282 0.689401 0.237494 0.272432 0.748604 
0.351539 0.115431 -0.057975 -0.348379 0.722033 0.096669 -0.401551 -0.751880 0.650445 0.784070 0.229991 0.249028 -0.250260 -0.572686 -0.644731 -0.004310 
0.139629 -0.385859 0.017990 -0.842545 -1.182145 0.368444 0.065280 0.255091 -0.223629 0.566428 -0.912371 0.672975 0.088701 -0.005129 -1.641309 -2.687241 
0.278101 -0.971277 0.273208 0.645513 0.236102 0.223221 -0.599468 0.287100 -0.048629 -0.470426 0.075815 -1.620194 -1.439291 0.423442 0.005772 0.383819 
0.031405 0.089562 0.510489 -0.858605 0.135260 0.064414 0.539215 -0.018604 -1.005382 -0.816917 -0.317809 0.140436 0.055556 0.427247 -1.716343 -0.166617 
0.129115 -0.758436 0.382730 0.265907 0.204098 0.060215 -0.627868 0.335985 0.665398 -1.605648 0.578353 -0.594883 0.071306 0.418074 0.721562 -0.490796 
-0.017648 -0.248223 0.051615 -0.447033 -0.238801 -0.207239 0.284335 0.026723 -0.247885 0.104937 -1.580395 0.731207 0.733542 -0.596409 -0.938433 -0.037438 
-0.008120 -0.178514 0.023676 -0.767969 0.295740 0.251691 0.216506 0.001977 -0.496440 0.730546 -1.186177 -1.099321 -2.205111 0.356822 -1.389463 -0.117404 
-0.659463 -0.169700 0.298776 0.087090 0.407075 -0.375838 -0.767524 0.336905 -1.183159 0.096775 -0.347085 -0.205635 -1.654727 0.031745 1.081933 -0.227906 
0.151360 -0.089230 0.133131 0.758905 -0.178315 -0.084019 0.415202 0.164778 -0.814447 -1.038824 0.097195 -0.746756 -3.084049 0.062453 -0.286872 0.077587 
-0.054006 0.085789 -0.268445 0.135253 0.251341 0.660899 0.256779 -0.364569 0.291184 0.167080 0.198546 -0.987159 -1.183728 0.367732 -0.334868 -0.462189 
-0.078034 -0.092658 0.018035 -0.022685 0.761732 0.197470 -0.016850 -0.931643 0.050614 0.486980 0.811520 -1.099059 -1.764260 0.321415 -0.323853 0.921564 
0.101644 0.264695 0.241371 -1.580373 -1.257764 0.380771 0.098767 0.168748 -1.272439 -1.300151 0.488279 0.015953 -0.333380 -0.003633 0.493431 0.043038 
0.200681 -0.212343 0.146025 0.872917 -1.251310 -0.738495 -1.094224 0.172824 0.021656 -0.187892 -1.434289 0.022754 -0.419130 0.333306 -0.493775 0.241640 
0.162994 0.411295 -0.026802 0.462156 -0.078386 0.006564 -0.240101 0.080430 -0.894453 -0.718378 -1.386346 -0.732495 0.530114 -1.242092 0.576220 0.734187 
0.446450 -0.647639 0.155390 -1.432075 -0.845151 0.220565 0.187014 0.108459 0.677113 0.318544 -2.009144 -0.364785 0.197790 -0.129213 -0.739692 0.047909 
-0.224382 0.567073 0.355884 0.442387 0.136603 0.804811 0.370639 0.179359 -0.250187 -0.585149 -0.216776 0.141672 -1.785891 0.169479 -1.076499 -0.471462 
0.364609 -0.035794 -0.702174 -0.927901 0.391967 0.256704 -0.044617 0.003139 -0.515900 -0.287398 0.334357 0.623797 0.203472 -0.229337 0.319448 0.766404 
-0.035842 -1.386600 0.065195 0.449021 -0.296777 0.069339 -0.559383 0.220395 -1.712626 0.529076 0.098836 0.292413 -0.768077 0.175882 -0.221597 2.094819 
0.210568 0.158695 -0.182303 -0.828445 0.186096 0.640131 0.175301 -0.078698 0.432346 -1.303495 -1.214501 -0.182332 0.847452 -0.233186 -1.692734 -0.731978 
0.125168 0.051605 0.305147 -0.610171 0.091619 -2.743220 -1.480988 0.154357 0.198258 -0.087839 -0.441384 0.511601 0.424786 -2.781780 -0.542760 0.288924 
-0.341442 -0.300920 0.067441 0.196401 0.712565 0.304247 -0.514469 -1.244591 -0.862302 0.155368 0.273056 -2.042367 0.742976 0.325034 -0.477112 -1.668978 
-0.312778 0.173195 0.113865 0.236254 0.154678 -0.068615 -1.266602 -0.013524 0.107204 0.504688 -3.177474 0.336393 0.354061 0.307604 1.012887 0.399061 
0.197518 -0.240889 -0.273533 0.182665 0.029689 -0.686126 -1.038131 0.608579 0.787835 -0.341470 0.141275 -0.179022 0.312181 -0.615116 -0.307979 0.097219 
0.304302 0.151653 -0.672798 -0.966812 -0.681386 0.205031 0.529390 0.414666 0.588021 -0.093463 -1.386334 0.508443 -0.472802 -0.557886 -1.332069 0.561454 
0.050224 -0.441996 0.272490 -0.994214 -0.077229 0.150206 0.175332 0.321962 0.765443 0.326221 0.359320 -0.329563 0.531660 -0.595650 0.832370 -1.849404 
0.268463 0.186197 0.050090 -1.913410 -2.952286 0.034053 0.413002 0.201410 -0.305026 -1.162579 0.257489 -0.004251 0.262595 -0.047037 -1.755594 0.037820 
-0.317121 -0.208830 -0.086672 -0.393906 0.281689 0.295599 0.569808 -0.363361 0.294636 -0.433018 0.188023 -0.055347 0.876742 -0.025199 0.247837 0.505293 
0.162836 0.423212 -0.473605 -0.666665 -0.468761 0.043557 0.481612 -1.508712 0.441043 0.099589 0.271260 -0.285606 0.347703 0.193894 -0.636357 -0.062711 
