-0.098974 0.317063 -0.460833 0.447794 0.428477 -0.574525 -0.009769 -0.311874 -0.043537 1.100823 -0.202625 0.030285 0.222801 -0.891001 -0.952521 -2.359079 
0.143833 -1.398733 0.000433 0.398129 -0.236191 -0.489121 0.011435 -0.007434 -0.173953 0.532167 0.157769 -0.926574 -1.430166 0.361909 0.116370 -0.607391 
-0.229637 0.172969 0.276206 0.391219 0.819645 0.130914 0.043857 -0.223493 0.111591 -0.247918 0.469403 0.246027 -1.801864 -0.014599 0.298277 -0.587420 
0.186860 -0.053196 0.103949 -0.640829 -0.840430 -0.126703 -0.116895 0.091157 0.335953 0.383670 -2.091443 0.516667 0.021371 -0.301959 -0.297876 -0.040781 
0.132533 -0.043555 0.339884 -0.023310 -0.653506 0.093869 -1.117372 0.358864 -0.928446 -0.449482 -0.575583 -1.660988 -2.075170 0.212560 -0.371097 -0.617145 
-1.361557 -0.029629 0.282568 0.428767 0.253295 0.269425 0.009549 0.175763 -1.245437 0.290319 -0.010947 -0.454930 -0.153641 0.347438 0.247931 -0.853940 
-0.030361 -1.535071 -0.083998 0.371332 0.599514 -0.144717 0.012250 0.005598 0.020876 -0.255298 0.068500 -0.225370 -0.099756 -0.020327 -0.159145 -1.031346 
-0.105639 0.149284 0.034436 0.293720 0.911327 -0.751772 -0.229224 0.217761 0.544834 0.313937 -0.345320 -0.666394 -1.478526 -0.203151 0.125135 0.431507 
0.011811 -0.295302 -0.032060 0.453890 0.405753 -0.020392 -1.259311 -0.022427 -1.513557 -1.084529 0.046339 -0.264379 -0.534808 0.589406 -0.089806 -0.735138 
0.416292 0.254160 -0.278354 -0.439653 0.252526 0.040874 0.078702 -0.515616 -0.219902 0.869682 -0.148523 -0.753123 -0.253981 0.278956 -1.398975 0.549703 
0.397200 0.225347 -0.148732 -0.659185 -1.359181 -0.233823 0.088622 0.486913 -0.181441 -0.454729 0.225348 -0.489082 0.030889 0.191721 0.104434 0.202228 
-0.141304 -0.529365 0.123375 0.164113 -0.224951 0.663364 -0.300981 -0.364639 0.011390 0.010951 -0.217850 -0.193470 -0.204876 -0.393968 -0.825482 -0.485687 
-0.100228 0.004299 -0.036231 0.601452 -1.471473 0.320270 0.215489 0.161457 -1.164942 -0.079235 -0.241884 -1.025519 -1.958707 0.302059 0.250213 -0.332815 
0.280141 -0.063061 -0.327925 -0.297424 0.457704 0.051292 0.441727 -0.010326 0.633657 -1.064200 -1.158016 0.063761 0.717262 -0.101337 -1.286444 0.018580 
0.035891 0.197856 0.024862 0.627351 -0.208706 -0.255200 -0.417208 -0.301079 0.591197 -0.142603 -1.084829 0.324506 0.124860 -0.409794 -0.521678 0.013698 
0.148769 -1.267633 0.167377 0.444147 0.140036 0.216002 -0.688069 -0.258951 -0.021322 -0.365307 -0.119429 0.579929 -0.252488 0.347534 -0.881930 0.016077 
0.298564 0.070431 -0.649353 -0.077930 0.368773 -0.386937 -0.555585 0.136115 -0.074828 0.765776 0.215767 0.791808 -1.142021 -0.637081 -0.180792 0.179248 
-0.734976 -0.118642 0.381977 0.088202 0.239984 -0.547861 -0.784489 0.239126 -0.152349 0.062643 -1.570889 0.119266 0.548427 0.125100 0.561069 0.376358 
-0.167333 0.036681 0.142468 -0.584112 -0.654171 0.133850 -0.012040 0.349769 -0.254529 -0.100239 -0.632279 -0.519259 -1.108223 0.175921 -0.835916 0.383795 
-0.605784 0.268023 -0.162651 -0.111176 0.899700 -0.109550 -0.154824 -0.186173 -0.082737 0.566318 -0.392505 0.109076 -0.122439 0.368428 -0.789738 -0.385732 
0.048515 0.077837 0.095048 -0.506763 -0.327911 -0.378555 -0.512994 0.184952 -0.093090 0.298618 0.352377 0.269809 0.417789 -1.939324 0.235903 -0.133159 
-0.357272 -0.119612 0.261181 -0.304998 -1.239505 0.250294 0.476640 -0.079792 -0.388797 -1.098038 0.382987 -0.006668 0.067870 0.300497 -1.242977 -0.560565 
0.038039 0.356500 0.062308 -0.527049 0.518143 0.119322 -0.530493 -0.048401 -1.357606 -0.260069 0.204992 -2.543854 0.103430 0.287298 0.501254 -0.287372 
0.399509 0.458923 0.411172 -0.610754 -0.091061 -5.488891 -2.477674 0.409547 -0.458180 0.180533 0.395495 0.243946 0.046173 -2.159398 -0.099077 0.431589 
-0.041875 0.067046 -0.276143 0.260197 0.195740 0.479076 0.402609 0.398201 -0.071606 -0.066920 0.491329 -0.486282 -0.092991 0.068897 0.299717 -0.585086 
0.213227 -0.075946 0.390309 -1.003541 -0.156593 0.137617 0.312154 0.246771 -0.226577 0.066901 0.301288 -0.502359 -2.826304 0.303229 0.498859 0.299699 
-0.349517 -0.662898 0.072170 -0.093415 0.317355 0.975208 0.469200 -0.187473 -1.350841 -0.332342 0.426980 -0.884507 0.241688 -0.340632 0.250224 -1.776300 
-0.252411 -0.083475 -0.111572 -0.288512 0.778169 0.449858 -0.095251 -0.416986 0.277463 -0.461783 -0.374488 -0.189798 0.256925 0.092849 -0.359025 -0.068734 
0.042888 -0.067115 -0.037145 0.359709 -0.032317 0.065273 0.046235 0.452664 -0.222585 -0.054866 -0.504847 0.439158 0.357468 -0.024511 0.342200 -0.171262 
-0.391597 0.212874 -0.370646 -0.218625 0.357938 0.045360 0.488456 -0.665740 -0.189677 0.061035 0.268324 -0.213172 0.430335 -0.067860 0.389929 0.094532 
0.120897 -0.448219 0.020815 -0.754850 -0.410826 0.234095 0.248173 -0.289592 -2.201718 0.091004 0.270268 -0.787353 -1.798316 0.314001 -0.750680 -2.100340 
0.154722 0.195098 -0.001915 -0.677914 -0.410482 -0.952116 0.577536 0.162582 0.591451 -0.135123 -0.171390 0.396063 0.213382 0.161197 -0.432432 0.097293 
0.327947 -0.055622 0.305644 -0.527234 0.200490 0.380440 -0.191992 -0.144260 -0.304148 0.283582 -0.313861 -0.116429 0.359719 -0.040939 0.342814 -1.898381 
-0.144094 -0.373434 0.134477 -0.188328 0.870735 0.491135 0.362532 -0.794312 0.367865 0.043415 0.024571 -0.082051 -0.763350 -0.388103 -0.366076 0.500165 
0.089909 -1.148038 0.062651 -0.792131 0.073016 0.189170 -0.199239 0.098075 0.388214 0.138889 -1.361344 -0.935688 0.695900 -0.004571 -0.009391 0.546848 
-0.221758 0.181636 0.185920 -0.099532 -0.026189 -0.239192 -0.137614 0.099800 0.405984 0.124205 -0.170890 0.063380 -0.101608 -0.198517 0.388173 -1.729509 
-0.104976 0.357131 -0.024342 -0.428780 -0.185075 0.452024 0.526336 -0.906868 -2.565928 -0.083754 0.233745 -0.446107 -1.296008 0.120793 -0.325331 -1.268957 
0.279394 0.168047 -0.397134 -1.077098 -0.873728 0.358950 0.117147 -0.158394 0.317470 -0.130738 0.590911 -0.378173 0.097245 0.359224 0.118478 -0.326491 
-0.062901 0.010468 0.272020 -0.541139 -0.192811 -0.250397 -0.772119 0.395788 0.094117 0.434517 -2.602160 0.700767 -0.558877 0.116067 0.068239 -0.044782 
0.072425 0.089442 -0.134723 -1.299228 -1.330507 0.268302 -0.376105 -0.401630 0.367776 -0.142643 0.294153 -0.485697 0.600213 -0.048099 -0.697060 -0.930650 
0.014196 0.243751 -0.085819 -0.410195 0.223993 0.099403 0.117595 -0.936650 0.694305 0.082114 0.120641 -1.207590 -0.269234 -0.272884 -0.169639 -0.027409 
0.490348 -0.681766 0.090465 -0.173535 -0.612690 -0.047048 -0.402505 0.212809 -0.623303 -0.170712 0.269325 -0.245482 -0.306990 -0.051423 0.952702 -1.178871 
0.258048 0.100193 -0.245873 0.634307 -2.036554 -0.069164 0.231532 0.211065 -0.788496 0.326320 -0.185806 0.019510 -0.345728 -0.128742 -1.270650 -0.306328 
0.217049 -0.481942 0.086598 0.780092 0.264942 -0.501295 0.042517 0.453676 -1.331051 -0.638671 -0.214493 0.331788 -0.817050 -0.128793 0.117526 -1.530782 
0.003854 0.067459 0.043283 -0.367819 -0.329302 0.351511 -0.121975 0.250853 -2.962305 -0.022312 -0.196691 0.654269 -0.601501 -0.289610 -0.323470 0.024289 
-0.783842 0.347415 0.258433 0.428531 0.083477 0.068194 -0.498488 -0.199697 -1.064069 -0.728218 0.340926 -1.650532 0.506591 0.225512 -0.457310 0.041743 
-0.198409 0.242572 0.102745 0.373835 -0.576345 -0.113800 0.544072 0.093506 -1.278751 0.329686 -0.092436 0.246614 -0.612201 0.062242 0.101369 -0.105305 
0.059008 0.073610 0.243616 -0.845284 0.524028 -0.010889 -0.886036 -0.029015 -0.333965 0.523946 -0.053704 0.133440 -0.075473 0.199123 0.610972 -0.249676 
0.023268 0.068624 -0.062076 0.609145 0.132330 -0.275930 0.004050 0.057730 0.591014 -0.643212 0.279505 -3.190019 -0.961872 -0.250562 -0.321823 0.387494 
0.449967 -0.058384 -0.390328 -0.202138 0.231873 0.144741 0.000850 -0.241786 0.406550 -0.425902 -0.687449 0.435800 -1.437729 0.031551 -0.938915 -0.965820 
0.306154 -0.585219 0.124985 0.162739 -0.334306 -0.070010 -0.103570 0.131296 -0.675347 -0.021211 0.113356 -1.408452 -0.222045 -0.118060 -0.344222 0.192741 
0.106651 0.092030 -0.205731 0.172796 -0.263467 0.101207 0.296760 0.393860 -0.497928 -0.052459 -0.961900 0.448129 0.476225 -0.729540 -0.643614 0.794219 
-0.150185 0.070353 0.206786 -0.257701 -1.100433 -0.106357 0.329477 0.181725 0.101694 -0.612916 0.349420 -0.537010 0.471429 -0.039742 0.853723 -0.644279 
-0.050797 -0.012552 0.024881 -0.743378 -1.583376 0.069326 0.115868 -0.978104 -0.319492 -0.187989 0.044469 -0.595282 0.269413 0.107834 -0.117741 -3.252737 
-0.017501 -0.078273 0.190621 0.143207 0.205963 -0.105938 -0.477538 -0.188715 -0.711260 0.636510 -0.090281 -0.682772 -2.851143 0.365745 -0.179649 -0.671558 
-0.142595 -0.918409 0.107503 0.341305 0.548240 -0.970599 0.078966 0.070125 0.443646 0.529397 0.229146 -0.440559 0.758041 -0.491979 -1.195468 -1.565114 
-0.117640 0.311932 -0.096507 0.406559 0.101130 0.404255 -0.136322 0.078349 -1.255536 0.052206 -0.406426 0.845029 -3.336540 0.128577 0.257571 0.354615 
0.085567 -0.345305 0.071604 -0.161963 -0.307007 0.382122 0.497143 -0.253909 -0.144826 0.321362 -0.380850 -0.234830 0.760760 0.402349 0.454701 -0.133318 
-0.012291 0.648657 0.171445 -1.157005 -1.879804 0.283697 0.308578 0.003475 -1.101650 -0.779886 0.185940 0.511409 -1.412830 0.130070 -0.833210 -1.549958 
0.305540 0.396539 -0.023806 0.292643 -1.737442 -0.089571 -1.802894 -0.002483 0.203892 -0.269476 -2.012624 0.462892 0.255906 0.070490 0.103049 0.223379 
0.172993 -0.415175 0.243549 -0.871179 0.047217 -0.510899 -1.047091 0.250248 0.215362 -0.995579 0.452369 -0.562755 0.061689 0.340009 0.840655 -0.725743 
-0.124519 -0.409518 -0.287894 0.354393 -0.173982 0.167813 0.447802 -0.363242 0.523844 -0.147666 0.660160 0.087887 0.040371 0.169259 0.176274 0.146273 
-0.314841 -0.214266 -0.823612 -0.269485 0.639173 0.089805 -0.197461 0.043042 -1.863928 0.826855 -0.221028 0.015332 1.100482 -0.386548 -0.489375 -0.151431 
0.347114 0.389954 -0.173541 -0.873065 0.133278 -3.260030 -2.805751 0.174226 0.568733 -0.565793 -0.521815 0.728773 0.582710 -2.705587 -1.793594 0.183766 
