0.107020 0.258784 -0.166584 -0.930272 -0.761426 0.274918 -0.717916 -0.704564 0.128290 -0.575453 -0.223316 -0.284293 1.167050 -0.020857 0.047334 0.019049 
0.027494 -0.377124 0.403734 -0.257330 0.432424 0.475515 -0.087672 -0.025768 -0.653724 0.062176 -0.826824 -0.555353 1.004530 -0.367516 0.455364 0.337612 
0.116127 -0.795771 0.361840 -0.056129 -0.451510 -0.279853 0.830002 0.073453 0.403198 0.014680 -1.285951 -1.300912 0.330932 0.166269 0.286826 -0.073264 
0.201151 0.035459 -0.570432 0.260096 0.182451 -0.370137 -0.415963 0.264051 0.172340 -0.027830 1.161491 0.495831 0.067102 -0.115996 -0.142009 -2.589759 
-0.087821 -0.074585 -0.077207 0.531178 1.252464 -0.164110 0.101406 0.304849 -0.092887 -0.151378 -0.242955 -0.319684 -1.318536 0.404871 -0.335597 0.598724 
-0.110810 0.452433 -0.060236 0.045305 -0.162756 -0.617955 0.581369 -0.314514 0.557614 0.654603 0.304884 0.448745 -0.175199 -0.713341 -0.873530 0.416759 
-0.045449 -0.436054 -0.067368 -0.534506 -0.510581 0.645964 0.436897 0.029728 0.416228 -0.102041 0.574304 -0.224023 0.312622 0.405168 0.646721 -0.432002 
0.016503 -0.085326 0.338258 -0.360294 -0.861927 0.217257 0.063150 0.201673 0.769919 0.063552 0.228561 -0.188911 -1.892242 0.336211 -0.171316 0.331203 
0.317723 0.085557 0.185136 0.020799 0.321910 -2.662817 -2.827874 0.175995 0.176690 0.340106 -0.159136 0.299666 -0.256890 -0.550779 -0.160608 0.241678 
0.000835 0.004200 -0.225228 0.098463 0.328903 0.056168 -0.459626 0.080020 0.295991 -0.579242 -0.594194 0.435934 0.215835 -1.598919 -2.861560 0.778607 
-0.034778 -0.073925 -0.031816 0.551515 0.142031 0.383921 0.159018 0.238852 -0.860152 -0.032986 0.398758 0.126397 -2.426958 0.008239 -0.575035 1.010631 
0.334954 -0.593749 0.197928 -2.068180 -0.270621 0.588154 -0.185548 0.031660 0.233555 0.449028 -2.267150 0.329985 0.287764 -0.304913 -1.126843 0.624184 
0.051208 0.294630 0.123426 -1.321815 -3.186068 0.191846 0.058131 -0.243650 -0.773542 -0.014676 0.323959 -0.051020 0.341182 0.116986 -0.421336 -0.277126 
-0.565872 -0.107610 0.466014 0.134146 0.251014 0.189893 -0.103755 -0.748498 -0.032535 -0.104412 0.348492 -1.353802 0.368596 0.365909 0.092944 0.426405 
-0.459872 0.318520 0.174526 0.347585 0.404461 0.347944 0.495783 0.205839 -1.186658 -0.696672 -0.321644 1.220516 -2.581804 0.128774 -1.104352 -1.275141 
0.177678 -1.868074 -0.030255 0.946660 -0.053725 -0.384163 -0.018119 -0.162991 -0.258694 0.413489 0.569198 -2.493023 -1.069945 0.170936 0.414485 0.260826 
0.123074 -0.397727 0.191201 0.133705 -0.849500 0.163841 0.309444 0.247801 0.050846 -0.162681 -0.966687 -0.234729 0.261361 0.077034 -2.224333 -2.078164 
0.257170 -0.089092 -0.082051 -0.245391 -1.767127 0.132886 -0.175992 -0.147791 -0.046954 0.105079 0.194613 -0.221790 0.685837 -0.021729 -0.529941 -4.360271 
-0.399612 -0.212916 -0.084526 0.004272 0.277928 -0.117566 -0.500182 -0.207370 -0.093158 0.767569 0.693160 -0.497779 -1.858030 -0.000154 -0.693363 -0.778581 
0.214446 -0.345257 0.143240 0.003042 0.618694 -3.122938 -1.642315 0.212003 -0.180876 0.279940 0.322019 -1.089282 0.095620 0.177211 -0.347237 0.561004 
-0.063124 0.137397 0.014661 -1.161416 0.279132 -1.159314 -0.529271 0.115350 0.624445 -0.548059 0.592756 0.201106 0.708785 -0.815064 -1.691231 -0.136405 
-0.025905 0.018805 -0.435399 0.020969 0.358542 -0.069000 -0.265885 -0.245218 0.016703 1.122906 -0.319836 -0.470958 -0.010037 -0.688961 -2.173446 -2.203057 
-0.017253 0.289939 -0.042993 -0.070050 -0.176332 -0.967860 -0.524923 0.012300 -0.053746 0.041343 -3.534981 0.148698 0.532876 0.063176 0.209778 -0.096945 
-0.943428 0.243697 0.115249 0.342950 0.011712 0.464594 -1.086377 -0.111864 -0.644614 0.400792 -0.300435 -0.624013 -0.330846 0.378869 0.233589 -2.286031 
-0.048342 0.320604 -0.269250 0.490601 -2.479702 0.214589 0.196686 -0.355733 -0.463004 -0.201078 -0.690976 -0.063642 -0.781032 0.380968 -2.070570 -0.906864 
-0.081083 0.295546 0.201230 -0.682259 -0.550001 0.306385 0.101645 -0.131140 -3.837114 0.017217 0.524581 0.630544 -3.222693 0.275133 0.249168 -0.932645 
0.134993 -0.845843 0.168012 0.632077 -0.349803 -0.066866 -0.811947 0.112388 -0.660283 -0.043226 -0.271668 0.412497 0.074365 0.533629 -0.335506 -1.022397 
-0.029748 -0.643056 -0.106914 -0.947321 0.276143 -0.226401 -0.949736 0.200210 0.027550 -0.486665 -0.424931 -0.913862 0.670190 0.176135 0.638314 0.154356 
0.183760 0.027574 0.238240 -1.548346 0.165527 0.131099 0.389484 0.164787 0.201252 0.424017 -1.943906 0.470472 -0.999486 -0.246708 -0.339441 -0.014323 
0.097451 0.002922 -0.816532 0.520880 0.292535 -0.155189 0.084793 0.485913 0.270325 -0.061526 -2.164320 1.607405 0.648183 0.104366 -0.072948 0.152042 
-0.066425 -0.030868 -0.623818 -0.542739 -0.056621 0.208938 0.258847 -1.048089 0.651801 -0.174191 0.538595 -0.378085 0.180619 0.195127 -0.126993 0.006574 
-0.170578 0.306273 -0.116103 0.260512 0.710983 -1.212037 -0.632344 -0.126516 0.367859 0.717301 -0.884312 -1.363175 -0.569284 -0.648065 -0.350527 -0.895437 
0.318016 -0.496869 0.019947 -0.718538 0.893591 0.305176 0.360169 -0.011658 -1.943054 0.053052 0.372959 -0.941116 -0.859916 0.084671 -0.183371 -3.302493 
0.035424 0.432589 -0.051054 -0.616664 -1.631201 0.265946 0.579238 -0.279676 -4.890999 -0.523911 0.289648 -0.562647 -2.309195 0.249017 -0.953095 -5.277617 
0.290514 -0.023031 0.036548 -0.176977 -0.572084 -0.030103 0.233561 0.126599 0.778225 -2.128617 1.225595 -0.514209 -0.206128 0.114988 -0.921252 -1.302539 
-0.176143 0.197102 -0.415091 0.703300 1.023560 0.420660 0.641666 -0.409834 0.192394 -0.939320 -0.993739 0.105221 -0.092301 -0.189835 -2.291141 0.350038 
0.039815 0.155957 0.223183 -0.075566 0.007011 0.114396 -0.696416 0.402212 0.291952 0.132381 -0.289154 0.332405 0.024259 -1.126747 0.843854 -1.881484 
-0.462806 -0.132609 0.121158 0.323612 -0.346636 0.065873 -0.047015 -0.109465 -1.497691 -1.210658 0.651440 -2.443120 0.733053 0.178711 -0.530892 0.107181 
-0.153907 -1.389144 0.067193 0.869453 0.609447 -0.038873 0.002541 0.033938 -1.333701 -0.894650 0.449064 -3.275965 -0.117675 0.066630 0.103884 -1.249931 
-0.083101 0.459892 0.021882 0.103479 -2.971370 0.282793 -0.472411 0.099415 -0.149711 0.057925 -0.739334 0.667159 -1.707622 0.092102 -0.348460 -0.753011 
-0.919594 0.412284 0.043064 0.120875 0.335413 -0.705090 -0.562914 -0.289516 -0.367544 0.052356 -1.152334 -0.267517 0.864004 0.313316 0.083523 0.225127 
0.288259 0.440809 0.112664 0.230669 -1.959542 -0.324078 0.462026 0.222956 -0.737633 -0.877195 -0.340259 0.516428 -0.577679 0.217897 -0.709448 -0.094707 
0.191249 0.238937 0.258590 -0.718069 0.092763 -4.999505 -2.258718 0.329249 0.065949 0.305038 0.339518 0.531692 0.360406 -3.277783 -0.130914 0.120686 
-0.089352 -0.079721 -0.004295 -0.687990 -0.396698 0.430185 0.470891 -0.415956 -0.505414 0.393629 0.180508 -0.979110 -0.957960 0.740431 -0.883756 -1.738202 
-0.574323 0.368164 0.024785 0.290616 0.894350 0.535045 -0.996673 -1.083202 0.119178 -0.046489 -0.177219 -2.187334 0.429518 0.351135 0.322352 -0.068685 
0.570445 0.552195 -0.340286 -0.225863 0.902149 -0.707453 -0.962949 0.095628 0.453092 0.493078 -0.619571 0.280671 -1.712803 -0.722557 -0.235906 0.562649 
0.145277 -0.761599 0.221290 -0.223458 -0.525377 0.013967 -1.475203 0.168393 -0.499122 -1.208013 -0.382742 -1.306432 -0.175216 0.517709 0.101137 -2.901851 
0.226967 0.366272 -0.123641 0.139267 0.324739 0.166021 -0.617728 -0.753680 0.183020 0.157597 -1.071152 0.394340 0.376387 -0.042884 0.053771 -2.044696 
0.216968 0.260288 -0.679596 0.028261 -0.253367 0.334921 -0.221215 -0.309810 -2.709811 0.684918 0.124451 -1.344909 -0.870367 0.309200 -0.243476 0.506910 
-0.689572 -0.083912 0.203976 0.206579 0.041277 -0.287320 -0.620977 0.252579 -1.446045 0.028331 -0.977509 -0.023975 -0.879672 0.517797 0.842311 -0.401447 
0.203559 0.391741 0.172909 0.165549 0.720274 0.080120 -0.355850 -0.132944 -0.293780 -0.666170 0.170787 -0.877483 -0.303482 -1.694884 -2.158373 -0.156545 
0.257500 -1.168756 0.338690 -0.556967 -0.250342 0.290596 0.158735 0.373720 -0.346293 -0.675943 -0.328570 -0.885355 -2.679805 0.007591 1.225814 -5.102586 
0.124047 -0.017200 -0.281208 0.533436 -0.943352 -0.359892 0.633726 0.521485 -1.292649 0.184970 -0.063163 0.716632 0.311055 -0.014443 1.234956 0.646673 
0.674833 0.358148 -0.335147 -0.578612 -1.036027 -1.027576 -0.143547 0.361788 0.432140 -0.880479 -0.218233 0.052543 0.016455 -0.276999 -0.719343 -0.480702 
0.082543 0.088809 -0.183919 1.481817 -0.129293 0.187826 -0.059687 0.332291 -0.233584 -0.201061 -0.340721 -0.068621 -1.001533 -0.198429 0.854818 0.296021 
-0.346046 0.171573 0.451126 0.718014 -0.321141 -0.686136 0.151636 0.270026 1.275759 -0.331313 0.321323 -1.279156 -0.194931 0.444426 -0.897263 0.290495 
-0.116585 -0.845043 -0.175729 0.255647 0.124681 0.049401 0.157806 -0.008718 0.521741 -0.226547 -0.431399 -0.328464 1.031648 -0.739598 -0.576579 -0.369026 
0.014028 0.216086 0.233485 -0.774760 -0.543850 0.322907 0.365949 0.266651 -0.972608 0.023052 -0.388660 -0.138274 -2.626937 0.051602 -1.866883 0.656978 
0.005814 0.392059 0.221304 -0.669745 -1.034791 0.240276 -0.153536 0.099868 -0.284808 -0.072064 -1.012488 0.236013 0.374548 -0.047426 -0.156255 0.446177 
-0.115769 -0.528307 0.007965 0.367379 0.483839 0.415235 0.414648 -0.503615 -0.198850 -0.378123 0.300958 -0.381687 -1.465458 0.105551 -0.021213 -0.644847 
0.075704 -0.302843 0.297360 0.764360 -0.076946 -0.299491 0.516551 -0.411396 -1.074933 -0.354693 -1.048030 -0.180559 0.363450 -0.257742 1.014148 0.602958 
0.368909 0.381537 0.251680 -0.675832 -0.776978 -0.977591 -0.028632 0.271637 0.503617 -0.117066 -1.623967 -0.070078 0.492007 -0.444361 0.502794 -0.049668 
0.308922 -0.027637 0.382523 -0.899787 -0.568141 -1.191342 -0.537876 0.309241 -0.300918 -1.821485 0.578208 0.112387 -0.345676 0.064655 0.926561 0.370902 
0.092703 -0.018013 0.051752 -1.222239 -0.999985 0.342064 0.800177 0.002909 -0.147815 0.168483 -0.679522 -0.407603 -0.354796 -0.199550 0.509114 -0.622953 
-0.524813 -0.165027 -0.258594 0.232605 0.402619 0.322252 0.226643 -0.778103 -0.650919 0.379828 0.066698 -0.044053 0.735261 -0.384465 0.541053 0.234972 
-0.062147 -0.514615 0.024973 -1.668934 0.067200 0.434624 -0.474138 -0.538831 0.212028 -0.003906 0.658315 -0.733378 0.043534 -0.308696 -0.677711 0.143271 
