-0.157952 0.029380 -0.039629 -0.116768 0.292423 -0.069922 -0.551384 -0.167499 0.027321 -0.213473 -3.869941 0.156840 0.347014 0.184998 0.453637 -0.338380 
-0.267428 0.634592 -0.233417 0.778075 0.086372 -0.604186 -0.932863 -0.395478 -0.095475 -0.184800 -0.749464 0.293584 0.689914 -0.247384 -0.019168 -0.095388 
0.189847 0.112888 0.098173 0.234728 -0.124400 -1.509890 -1.811112 0.210807 0.296812 0.311692 -0.458797 0.347593 -0.901412 -0.201170 -0.229927 -0.145466 
-0.078116 0.219918 -0.233920 0.084841 -0.251227 -0.366889 0.536887 -0.240164 -0.062166 0.012783 0.794627 0.528416 -0.053301 -0.169847 -0.762051 -0.318438 
0.002480 0.055064 -0.145381 0.053288 -0.317405 -0.122967 -0.221504 0.335340 -0.295321 0.164812 -1.068982 1.094790 0.145481 -0.923496 -1.499593 0.182303 
-0.216816 -0.313195 -0.532678 0.615458 0.124653 0.100862 0.094134 -0.355524 -0.489859 0.948281 -1.213218 -3.423638 0.407547 -0.310922 0.478891 0.871255 
-0.290805 0.079592 0.331511 -0.622709 -0.508595 0.276138 -1.181599 0.390523 0.327508 0.386760 -0.976244 -0.393587 -0.182265 -0.093422 0.441945 0.221635 
0.242634 -0.050483 -0.366385 -1.122669 0.705124 0.106021 -0.491798 0.065083 0.062643 0.962836 -0.448715 0.324863 -0.369490 -0.607440 -2.882452 0.139564 
0.187940 -0.549074 0.136799 -0.224812 -1.426105 0.462832 0.108853 -0.502152 -0.232182 -0.252516 -1.303724 -0.335267 -0.032212 0.222106 -1.735065 -1.394682 
0.128442 -0.018089 -0.354267 0.659785 -0.870640 -0.327267 0.416971 0.305804 0.252383 -0.218699 -0.370491 0.505096 0.336526 -0.090567 0.877982 -0.003280 
0.072658 -0.281853 -0.267979 0.881001 0.677634 0.102829 0.272823 0.046831 0.270092 -0.893518 -0.506256 -1.148716 0.097328 0.273086 -0.105234 -0.193566 
-0.266090 -0.128949 0.283796 0.478982 0.311000 -0.958296 -1.035813 0.384983 -0.605491 0.130188 0.320458 0.366491 -0.456781 0.403062 0.506289 -0.062602 
-0.032294 -0.214126 -0.047426 0.643653 0.441980 -0.241502 0.348890 -0.220445 -1.512336 -0.276670 -0.443312 -0.362110 0.183072 -0.045950 0.742506 -0.633823 
0.195607 -0.371518 0.406018 -0.498075 -1.290749 0.271414 -0.154301 0.431478 0.141510 0.085305 0.010433 -0.863772 0.285279 0.000915 1.080323 -1.062817 
0.195143 -0.336170 0.178870 -0.925403 -1.578163 0.029799 0.508523 0.275298 0.186637 0.139628 -1.842663 0.243263 -0.108521 0.018842 -0.892286 -0.624246 
-0.256237 0.540827 0.007840 0.755378 0.622679 0.924214 0.134967 0.104015 -0.011063 -1.495757 -1.008462 0.563488 -0.835819 -0.284343 -0.378603 0.759542 
-0.255768 0.302025 0.012845 -1.036698 -1.060049 0.306096 0.224585 -0.061612 -3.541934 -0.637240 0.581002 1.185140 -1.825776 0.200489 -0.016756 -1.629418 
0.253015 -0.828462 0.009620 0.462044 0.113081 0.556199 0.431303 -0.607950 0.421512 -0.016365 0.524916 -1.285883 -1.710665 0.147846 0.692285 -0.638714 
-0.272532 -0.001294 -0.008527 -0.161237 0.043389 0.148462 -0.060031 -0.304319 -0.956060 0.652183 0.572412 -0.644082 -2.445669 0.383770 -0.852487 -0.391114 
-0.307224 0.125356 -0.176782 0.550787 0.779768 -0.267775 -0.141826 -1.079205 0.595642 0.745425 0.381851 -0.509875 0.070515 -0.084225 -0.514000 -2.534958 
0.163930 -0.145440 0.106588 0.175161 0.084948 -0.018842 -0.457213 0.094284 0.221460 -0.100747 -2.193684 0.300937 0.778873 -0.947514 0.335156 0.296834 
-0.265016 -0.384278 0.298827 0.342277 0.351127 0.212015 0.846722 -0.671466 -0.038566 -0.391654 -0.202929 -0.144620 0.491991 -0.262574 -1.076409 0.475703 
0.277173 0.209175 -0.470053 -0.381475 -0.365056 -3.603495 -1.378894 0.357278 0.320467 -0.255282 0.003411 0.659043 0.774229 -2.731911 -1.050564 -0.337140 
-0.323894 -0.068987 0.009663 0.318595 0.359777 -0.326790 -1.042304 0.157520 -0.517137 0.246839 -1.972973 -0.429092 -0.123022 0.373835 -0.308594 -0.348602 
0.342971 0.365453 -0.341310 -1.698242 0.135577 -0.132335 -1.204070 -0.600219 -0.471645 -0.229138 0.181126 0.169307 0.533795 -0.380843 -0.636588 0.520974 
0.089358 0.155051 -0.026438 0.181737 -0.154621 0.008983 -0.692667 0.305090 0.762485 -0.749766 0.036070 0.361883 -0.041598 -0.959322 -0.552931 0.281930 
-0.229598 -0.989432 0.110660 0.525587 0.308535 0.792269 -0.455767 0.144635 -1.577965 -0.038977 0.383082 -1.011342 1.373350 0.236031 0.247327 -0.705911 
-0.024898 -0.509315 0.489985 -0.355098 0.058710 0.154123 0.196425 0.392655 0.497630 0.209179 0.041484 0.327524 -0.469517 -0.307791 1.172934 -0.715788 
0.051913 0.257663 -0.693757 -0.519207 0.601496 -0.216454 0.448164 0.102614 0.225092 0.231018 0.486556 -1.337425 0.253591 -0.083346 -2.420461 -2.351752 
0.203727 0.188932 0.228290 -0.856382 -0.013322 -3.662542 -1.294745 0.258381 -0.043773 0.177775 0.175593 0.363516 -0.101084 -2.297163 -0.370680 0.226311 
0.236861 0.118145 0.152881 -1.174379 -0.669437 0.272444 -0.520427 -0.317438 0.426570 0.179057 0.584460 -0.255048 0.387656 0.312470 -0.224652 -1.091678 
0.190521 -0.712440 0.109483 0.151104 0.100814 -0.470764 -0.358460 0.207613 -0.547963 -1.725972 0.245635 -0.846497 -1.485075 0.099060 0.533666 -2.084097 
-0.008145 0.381941 -0.000264 0.317749 -3.144008 0.270678 0.264297 0.057505 0.056530 0.028421 -0.296782 0.519723 -0.639160 0.041384 -0.494689 -1.019819 
0.199467 -0.032637 0.145209 -0.361421 -2.045187 -0.027481 -0.290919 0.197860 -0.878247 -1.582351 0.410980 -1.070797 -0.286040 0.244744 -0.482218 -0.532930 
-0.154915 0.028883 -0.330974 -0.411250 0.065944 0.398087 0.534401 -0.360963 0.132243 -0.073409 0.565590 0.185129 0.403947 0.342946 0.269404 0.014197 
-0.084749 -0.439118 0.360942 -0.807839 -0.591004 0.026079 0.103983 0.298310 0.741265 -1.405853 0.460212 0.129332 0.446603 0.251129 0.226227 0.053244 
0.332994 0.031517 -0.315180 0.136221 0.314326 0.200800 0.106528 0.067598 -1.659253 0.405830 0.390751 0.227025 0.175896 -0.646872 0.501974 0.657563 
0.329683 0.400155 0.260512 -0.085511 -0.630446 0.176321 0.333006 0.245647 -1.650134 -0.693431 0.327858 -1.459525 -0.183676 -0.170758 -0.070723 -0.461434 
-0.226155 -0.024221 0.067798 0.431177 0.746458 -0.415498 -0.149090 0.197465 0.373419 0.057633 0.762628 -1.293211 -0.946226 0.130488 0.221004 0.393865 
-0.224373 0.249753 0.187109 0.543418 -0.383072 -0.738314 0.229022 0.232412 0.510346 -1.376183 -0.151551 -0.919115 0.148753 -0.026537 -0.233616 -0.027606 
0.145850 -0.076099 0.434051 0.396796 0.717877 -0.331419 -1.195897 0.298580 -1.623044 0.208326 0.336173 -0.833062 -3.441007 0.314596 0.699033 -2.201713 
0.309912 -0.597161 -0.041944 0.135003 -0.504853 0.128044 0.084207 -0.087499 -1.944055 -0.114114 0.051611 -0.505513 -0.134408 0.688476 0.303681 -1.589911 
0.154767 0.108963 0.252397 -0.254507 -1.607493 0.081708 -0.230981 0.345144 -1.440299 -0.277962 -0.648098 -0.590223 -3.276465 0.013700 -0.750240 0.592711 
-0.143773 0.119948 -0.289299 -0.049569 0.241224 0.581283 0.151920 -0.266584 0.988359 -1.203344 -0.870785 -0.234208 0.597840 0.255675 -1.645476 0.067840 
-0.529606 -0.021427 0.213451 -0.941893 1.077962 0.020038 0.382236 -0.425719 -0.410187 -0.413529 0.513185 -1.706812 -0.892648 0.275959 -0.223893 -0.176333 
-0.052426 0.333545 0.016445 -1.205074 -0.947172 0.180466 0.378582 -0.403447 -5.187024 -0.323574 0.072675 -0.260965 -0.827043 0.086688 -0.826380 -2.308619 
0.120838 -0.353042 -0.190291 -0.888611 -1.016897 0.433726 0.620811 -0.202969 -1.192174 -0.012913 -0.127867 -1.502524 -1.044141 -0.077453 0.026000 -3.925245 
0.361788 0.300496 -0.352132 0.028289 -0.909690 0.283405 0.399376 -0.725745 0.281543 0.269042 0.546502 -0.686097 -0.559376 0.267474 0.165685 0.085787 
-0.145080 -1.122287 0.304945 0.137205 0.131376 0.155646 -0.239760 -0.223028 -0.814291 0.598901 0.300192 0.568850 -0.445878 0.268241 -0.160114 0.820477 
0.172973 -1.828588 -0.117043 0.263671 0.112418 0.518248 0.094587 -0.095343 0.270646 -0.084502 -0.328679 -0.966120 -0.832927 0.323550 -1.935761 -0.197025 
0.176943 -0.113731 -0.041791 -0.170907 -0.633564 0.136670 0.450767 0.152304 -0.616294 -0.015429 -1.246913 0.625228 0.736168 -0.053787 -0.288858 -0.733451 
-0.032183 -0.319724 0.005408 0.056093 0.778402 -0.152996 0.426227 -0.200027 0.353284 0.384941 -1.098529 -0.790644 0.164113 -0.226095 0.609419 -0.096444 
0.109968 0.177307 0.186387 -0.976853 0.231067 -0.300196 -0.129448 0.218333 -0.081751 0.135332 -2.427381 -0.035242 1.068585 0.451196 -0.098650 0.674312 
-0.486055 0.168916 -0.037110 0.849436 -0.298567 0.283134 -0.302242 -0.143592 -1.798249 0.589181 -0.604273 -0.087402 -1.056616 0.296655 0.206693 -1.402786 
-0.009882 -1.172992 0.151921 0.485236 0.258007 -0.634704 0.002094 0.136751 -0.135178 0.791718 0.156434 -1.479323 -0.068869 -0.351390 -1.291904 -1.138028 
-0.333042 0.086085 0.159605 -0.098687 -0.246482 0.238113 -0.265013 -0.526708 0.238700 -0.094159 0.234096 -0.110216 0.175879 -0.084876 -0.813971 0.519811 
-0.745463 0.022193 0.161007 -0.174592 0.123819 -0.310707 -1.531967 0.090887 -0.716920 0.284491 -1.012537 -0.114512 -0.017081 0.176084 0.722733 0.148315 
0.532388 0.296737 0.190244 -0.706462 -1.720484 -1.100472 -1.504753 0.193090 -0.309290 -0.492558 -0.352703 -0.950618 -0.132540 0.146606 0.536091 0.073939 
-0.038296 -0.052236 0.022111 -0.454209 0.568624 -2.444532 -1.185583 -0.081533 0.350750 0.337591 0.053796 -0.126320 0.338630 -0.967809 -0.608159 -0.070960 
-0.787143 -0.052602 0.328866 -0.158188 -0.087466 0.447250 -0.241846 -0.640354 -0.970679 -0.374371 0.442110 -3.654176 0.820178 0.356161 0.224309 -0.526337 
0.207259 0.187905 -0.173656 -0.146602 0.598069 -0.038257 -0.064589 -0.039972 0.381282 -0.289097 -0.077783 0.258459 -2.404481 -0.231510 -0.760686 0.183180 
-0.048944 -0.240429 0.135899 -1.292946 0.710220 0.265988 -1.508515 0.006513 -0.281057 0.320811 -0.522391 0.298113 0.039547 -0.294182 0.261964 0.213743 
0.032990 -1.142239 -0.090509 1.167612 0.011537 -0.794357 -0.207485 -0.020334 -0.124863 0.202895 -0.243564 -0.781017 -1.226179 0.116247 -1.619263 0.483330 
0.213898 0.162285 0.087396 -0.243400 0.570849 0.084868 -0.484370 -0.681170 0.387515 0.182890 -0.684815 0.142198 0.269222 -0.448232 -0.577010 -0.532287 
0.003552 -0.175902 -0.208308 0.197214 0.206011 -0.218637 0.340034 0.357765 -0.961953 0.143961 -0.295151 0.305001 -1.566860 -0.045169 -0.054850 0.448268 
-0.704152 0.226298 0.149227 0.505812 -0.510590 0.041506 0.016013 0.136216 -0.612648 -0.854367 0.161707 0.188530 -0.087043 -0.107594 -2.554232 1.019966 
0.195535 0.038604 0.113729 -1.576409 -2.908848 0.231529 0.241606 -0.121966 0.332025 0.222219 0.305291 -0.226250 -0.148887 0.118416 -0.033858 -2.286885 
0.047194 0.345377 0.062095 -2.162132 0.320889 0.325610 0.370199 -0.297492 -0.226188 0.189800 -0.043167 -0.203053 -2.699551 0.307646 -0.916082 0.870119 
