-0.396119 -0.409653 0.179976 0.248278 -0.250302 -0.095359 
0.262775 0.493979 -0.252614 -0.471502 0.082675 0.161743 
0.210508 -0.418199 0.710339 0.647249 -0.121538 -0.157048 
0.754466 0.029785 -0.043001 0.948682 0.158712 -0.357358 
1.098876 -0.151528 -0.522051 -0.175659 -0.780592 0.154214 
0.384983 -0.320884 -0.933443 0.013733 -0.268830 0.018955 
-0.503344 0.076981 -0.431139 0.195997 0.007704 0.180801 
-0.062664 -0.671589 -0.758517 0.621722 -0.315867 0.152154 
1.256289 1.409947 -1.016571 0.310514 0.877932 1.202232 
-0.230511 -0.245212 0.756040 -0.053781 -1.754785 -0.001637 
0.349401 -0.758477 -0.610023 1.188565 -1.430762 -0.463601 
-0.654292 0.330767 -1.679142 -0.550365 0.501127 0.317936 
-0.146569 0.683602 1.063308 -1.023710 0.935463 0.582916 
-0.039156 0.011506 -0.508644 -0.512391 0.201773 -0.470199 
-0.092582 -0.621783 -0.625410 0.826369 -0.534450 0.071900 
0.046066 -0.413266 -0.089968 -0.010569 0.670782 -0.663264 
