0.145924 -0.191829 0.229433 -0.509327 -1.360257 0.128876 0.586886 0.310241 0.689787 0.222828 -0.631584 -0.710717 0.409381 0.009839 -0.601624 -0.769259 
-0.193750 0.813503 0.115995 -0.044047 0.274779 0.739832 0.721170 0.022813 -1.382491 0.227394 0.214578 0.416172 -1.049111 -0.013871 -1.918895 -1.715760 
0.561306 -0.483419 0.159747 -0.273794 0.598491 -0.648127 0.376402 0.061030 -0.686104 0.243770 -0.393562 -0.056622 -0.575474 0.018172 0.386875 -0.427472 
-0.342478 -0.014188 0.181769 -0.572375 1.324263 -0.112028 -0.308484 -0.163252 0.274240 0.191570 0.770026 -0.450287 -0.616834 -0.242503 -0.190232 0.186253 
0.111715 -0.013690 -0.877198 0.200626 -0.065975 0.481313 0.391726 -0.656846 0.206270 0.406711 0.264357 -0.284160 -0.253090 0.215274 -0.297624 0.319789 
0.074660 -0.011749 0.171784 0.141605 -0.814627 -0.444700 0.097471 0.176294 0.666876 -0.517749 0.175799 -1.900568 -0.423121 -0.206416 -0.138090 -0.249750 
-0.407598 0.151228 0.258322 0.244710 -0.131557 0.012380 -0.925648 -0.231629 -1.557753 -0.274369 -0.230004 -0.662084 0.313159 0.543913 0.455407 -0.299605 
0.149432 -0.551416 -0.121526 1.158009 -0.125882 -0.754208 -0.227370 0.264693 -0.061345 -0.558374 0.283372 -0.989030 -1.359226 -0.371057 0.311781 -0.219693 
-0.005253 -0.783640 0.040881 0.549219 0.591990 0.097952 -0.142186 -0.717548 -0.423116 0.226096 0.621228 -3.259766 -1.899459 0.068760 0.421463 -0.128883 
0.051989 -0.251706 -0.089087 0.059409 -0.577081 0.096437 -0.900068 -0.219252 -0.170225 0.197933 -3.329244 0.478389 -0.109635 -0.609858 -0.316450 -0.206943 
-0.180956 0.386811 -0.397095 0.131707 0.942650 -0.240608 0.124720 -0.415447 0.821188 0.336518 -0.429647 -2.336698 -0.439014 -0.350316 -0.463242 -0.800742 
0.064010 -0.660807 -0.094582 -1.166369 -0.324706 0.661292 0.500892 -0.125439 -0.209861 -0.044004 0.491859 -1.060519 0.210835 0.303176 0.227930 -1.318943 
-0.403014 -0.042527 0.260506 0.281708 0.034199 0.412593 0.253552 -0.630253 1.061198 0.483834 0.874108 -0.803618 -0.327198 0.146766 -0.580352 0.232094 
0.157699 -0.484058 -0.169996 0.196275 0.257875 0.067579 0.138541 -0.208954 -0.433289 0.070621 0.528167 -0.994787 0.114131 0.259826 0.445325 -4.815763 
-0.179894 -0.613981 0.060944 -0.075185 0.638184 -0.939505 -0.754767 0.014223 -0.030953 0.964217 -0.017361 -1.267619 -0.315391 0.090049 -2.827524 0.509311 
-0.187101 -0.127362 0.010357 0.149937 0.984253 -0.719425 -0.226456 -0.048696 -0.146888 0.916303 -0.501112 -0.201020 0.307871 -0.418668 0.018866 0.377910 
0.085770 0.119185 -0.005455 -1.239706 -2.968987 0.403509 0.196973 -0.059977 0.056889 0.027673 -0.048943 0.289474 0.059273 0.286240 0.060442 -1.238089 
-0.009456 0.119377 -0.110374 -0.010808 0.579983 -0.162798 -0.188172 -0.278927 0.248023 -0.134400 -3.747245 0.067285 0.600216 0.215914 -0.098524 0.081292 
0.075544 -0.147431 0.203651 0.091367 -0.883049 -0.378978 -0.214177 0.284452 -2.347977 0.030019 0.338594 -0.612230 -1.490522 -0.125310 0.130118 -1.259046 
0.189603 -0.045345 -0.058321 -0.280905 -1.759345 0.473936 0.355129 0.025570 -1.131855 -1.322325 -0.038125 -0.224123 -1.012130 0.360448 -2.585571 0.172799 
0.054954 0.078583 -0.348752 0.544422 0.753241 -0.181676 0.069402 0.337257 -0.925763 -0.301437 0.231263 -0.133742 -0.917249 -0.119901 -0.646588 0.903064 
-0.154431 0.113835 0.057000 -0.854366 0.087213 -0.039755 0.232198 -0.198591 0.030032 -0.651048 0.847528 -0.826907 -0.878246 -0.041319 0.929977 0.205232 
0.098486 0.037533 0.052782 -0.514676 0.507932 -3.639711 -1.697838 0.043222 -0.051784 -0.110987 -0.253333 0.321882 0.649116 -2.409554 -0.283863 0.245833 
-0.050925 0.324220 0.051099 0.456817 -2.317158 -0.047092 0.213891 0.245930 -1.036937 0.189275 -0.149522 0.181679 0.035542 0.065182 -0.050131 -0.687788 
0.186517 0.523925 0.253157 -0.633522 -0.493541 0.267087 0.208193 -0.334775 -3.277139 0.530935 0.500086 -0.694892 -1.761969 0.411135 -0.381660 -2.768423 
-0.209563 -0.972062 0.214156 0.666745 0.289611 0.384175 0.156615 -0.085426 -0.961584 -0.660536 0.119402 -0.336875 0.495590 0.290248 0.397018 -0.243039 
-0.164402 0.169486 0.020323 -0.599267 -0.738723 0.469425 -0.058077 -0.876563 -0.185118 -0.299130 0.407940 -0.667457 1.261459 -0.105626 0.459498 -0.359818 
0.040701 0.365929 0.157996 0.146612 -0.966586 -0.008659 -1.262232 0.026766 -0.101530 0.148423 -1.604837 -0.529097 0.469827 0.260353 0.087706 -0.190140 
-0.164069 0.345212 0.203522 -0.288552 0.014598 0.358757 0.293382 0.176934 -2.274070 -1.821871 0.007262 1.227352 -3.046695 0.361008 0.063616 -1.595488 
0.222327 0.235925 0.245146 -0.911983 -1.129456 0.097802 0.141194 0.355416 0.176537 -0.471593 0.083269 0.270887 0.143918 -0.081355 -1.086898 0.347237 
0.053212 0.219217 0.336201 0.248794 -1.252020 -0.040169 0.224755 0.123089 -0.002043 0.027087 -0.435886 0.367786 -0.408684 0.057532 -0.552983 0.116982 
0.293468 -0.025853 0.293117 -0.957079 0.542760 -0.226675 -1.147635 0.176205 0.099092 0.060251 -1.419454 0.400084 -0.551165 0.180045 0.312850 -0.336275 
0.276976 -0.111085 0.167206 -0.102153 -0.267267 -1.022516 0.308853 0.377316 -0.219931 0.150590 -0.185624 0.558631 -0.793896 -0.455474 -0.285032 0.235051 
0.063841 -0.202516 -0.184844 -0.152301 0.089295 0.335018 -0.217849 -0.101047 -0.367682 -0.176998 -1.351568 0.544194 0.285547 0.133784 -0.455067 0.919388 
0.193217 -0.127619 -0.681923 -0.015002 0.511837 0.226581 0.099611 -0.272625 0.460868 0.054922 0.600537 0.516126 0.234884 -0.202326 -1.384872 -0.170710 
0.195410 -1.537993 0.220040 0.070826 0.029208 -0.689966 -1.210744 0.251783 -0.496392 0.336705 0.768567 -0.996044 -0.912286 0.159877 -0.671329 -1.895870 
0.160524 -0.038632 0.216535 -0.766410 -0.397927 0.307416 -0.256657 0.025136 0.663703 0.112783 -1.872483 0.650902 -2.172168 0.221651 -0.303976 0.124415 
0.064785 0.161227 -0.297295 0.081783 -0.151420 -0.690310 -0.027421 0.304892 0.092868 0.214412 -1.547228 0.609636 0.480419 -1.537111 -0.731351 -0.471656 
0.303538 0.367295 -0.287181 -2.188749 -0.743206 -2.448535 -1.409359 0.214951 -0.511609 0.279008 0.230483 -0.169506 -0.533134 -1.302547 -0.217288 0.571799 
-0.470587 -0.400541 0.100444 0.340255 -0.125952 0.034658 0.201359 -0.189673 -2.003971 -2.043775 -0.099757 -1.690541 0.683826 -0.037376 -0.317803 -1.662023 
-0.820790 0.244247 0.251473 0.383073 0.298485 0.274574 -0.519819 0.212510 -1.231282 0.305981 -0.162984 -0.157931 -0.712811 0.247966 0.351445 -0.686019 
0.083293 -0.436900 0.172883 -0.765997 0.100981 -0.452417 0.038175 0.210870 -0.154290 0.205591 -1.863840 -0.974295 -0.328723 0.253784 0.863937 -0.006852 
0.189409 0.133652 -0.138553 -0.005247 0.258440 0.560240 0.352206 -0.085566 0.617735 -0.590158 -0.626705 0.132562 -1.344311 0.128571 -0.946524 0.569884 
-0.374268 0.163334 0.161132 -0.459584 -1.004936 -0.590497 -0.196516 0.368222 0.583827 0.350934 -0.481121 0.344288 -0.227106 0.192985 0.350411 -0.087223 
-0.082884 0.009693 -0.145611 0.407467 0.530097 -1.095580 -1.602856 0.192482 0.185568 0.533518 -0.602298 0.324338 -1.445657 -0.314305 -0.279344 -0.037813 
-0.007591 -0.009281 0.017944 0.651531 0.517252 0.816443 0.245344 0.203455 0.382243 -1.174891 -1.237997 -0.526825 -0.295152 0.116274 -0.011340 0.216054 
0.137527 0.264575 -0.011588 -1.136968 -0.707152 0.164123 0.780055 -0.928134 -1.623044 -0.371875 0.544111 -0.473754 0.290969 0.136186 -2.063141 -0.641464 
-0.699297 0.495339 0.173589 0.511852 0.446867 -0.050762 -0.288552 0.175588 0.370209 -0.745283 0.032065 -0.376408 0.281479 -0.135026 -0.495278 0.575120 
0.152019 0.108253 -0.336525 0.760406 0.304093 -0.214874 0.022901 0.052900 -0.489180 -0.322726 -3.442769 0.182717 0.839985 -0.888922 0.315982 0.770463 
-0.636080 0.430920 -0.223283 0.789668 0.285837 -0.216440 -0.658038 -0.635411 0.584009 -1.026450 -0.054274 0.009856 0.593832 0.457963 -1.849081 0.805408 
0.546799 0.233954 -0.016851 -0.667761 -0.544404 -0.644627 -1.011815 -0.114536 0.086082 -0.066341 0.106806 -0.238150 0.600566 -0.048509 -0.432171 -0.106902 
0.060922 0.064813 -0.438061 -0.440057 -0.132134 -0.028828 0.619800 -0.184486 0.537590 -0.037612 0.593031 0.711972 -0.170093 -0.104698 0.438290 -1.108722 
0.337816 -1.246940 0.226627 0.034352 -0.041337 0.668256 0.060867 -0.574925 0.421809 0.160059 -0.997737 -0.698676 -0.658823 0.426281 -1.376900 -0.092512 
0.303218 0.276033 0.392524 -1.307219 0.747277 -0.620476 -0.633449 0.192646 0.380009 0.367061 0.244360 0.017916 -1.069515 -1.967834 -0.574295 0.198466 
0.207208 -0.564578 0.239266 -0.003822 0.786203 -0.910318 -0.580037 0.553170 0.211589 -0.431948 0.356520 -0.390319 0.949860 0.429526 0.215031 0.131861 
0.172184 0.347524 -0.275881 -0.580347 -0.425202 0.356260 0.252267 0.285096 -2.582531 -1.286837 -0.524167 -0.477774 0.517051 -0.242055 -1.505193 0.409388 
-0.228699 -0.678418 0.122384 -0.169950 0.520408 0.261056 -0.395616 -0.448333 0.036208 0.104867 -0.406418 -0.480393 0.675267 -0.124572 0.726076 0.343571 
-0.220575 -0.090556 -0.013826 -0.198826 0.027766 -0.029981 0.126093 -1.019286 0.623113 -0.167315 -0.082967 0.071461 0.359735 -0.075901 0.080207 -0.023604 
-0.526296 0.295674 0.264202 -0.481659 -0.061433 0.337518 0.241452 -0.379660 -0.252238 -0.009400 0.566827 0.216960 -0.545747 -0.107686 0.108334 0.480264 
0.106130 -1.218942 0.134261 0.515078 -0.597329 0.391161 -0.177629 0.430404 -1.054824 0.261418 -0.090006 -0.505706 0.377682 0.009013 -0.668854 0.339477 
0.305985 0.229697 -0.481263 0.217409 -0.951044 -0.548109 0.112002 0.153665 0.375573 0.160256 -1.609201 0.162599 -0.144730 0.284193 0.515931 -0.331690 
-0.057800 0.193033 0.110056 0.217161 -0.651619 0.277943 0.162993 0.149928 -1.208956 0.152894 0.152036 0.684328 -3.838950 0.353887 0.295102 -0.151447 
0.086724 0.162158 0.279113 -0.323586 -1.668987 -0.260720 -1.174728 0.304764 -0.318637 -0.214733 0.003150 -0.276767 -0.332979 -0.627706 0.613504 0.170825 
0.426659 -0.115452 -0.103001 0.476749 -0.956873 -0.142836 0.574057 -0.046625 0.450155 -0.195412 0.196897 -1.094978 -1.230713 -0.352777 -0.510441 -0.868644 
0.173155 -0.665339 0.185632 0.528948 0.016040 0.190778 -0.766074 -0.018316 -1.244409 0.103536 -0.589642 -1.405888 -0.708318 0.618728 -0.272995 -1.526696 
0.234444 0.117208 0.128616 -1.745084 -0.781664 -1.018496 -1.770181 0.155327 0.403561 -1.546055 0.396448 0.095024 0.709149 -0.344793 -0.046552 -1.095626 
-0.126973 0.303897 -0.562135 0.046302 0.018353 -0.247440 -0.371449 -0.668175 0.156846 1.206287 0.303760 -0.321228 0.319461 -0.306216 -0.407945 -1.065627 
0.119423 0.031195 0.017917 -0.039980 0.695788 -0.018363 0.970835 -0.327447 0.054723 -0.054028 -0.905077 0.176441 0.151881 -0.675676 0.090230 -0.268796 
-0.205905 -1.246363 0.206538 -0.043539 0.012984 -0.323740 -0.115490 0.241963 -0.427738 -0.617065 0.303113 -1.199383 -0.481353 0.562369 0.841145 -0.645589 
0.151704 -0.582684 -0.100279 -0.281795 -0.269815 -0.047023 -0.180686 0.357377 -0.193873 0.172133 0.656664 0.401398 -0.174454 -0.065739 -0.765498 -0.630578 
