0.009069 -0.218293 -0.051194 -0.149147 0.200316 -0.026046 0.337757 -0.289803 0.484651 0.638208 -0.945688 -2.883056 -1.014234 -0.126871 0.375108 0.122442 
0.150254 -0.259880 0.203172 -0.189053 -1.353550 -0.064491 -0.233668 0.172658 -0.198157 -0.203402 -1.480814 0.226415 -1.594682 0.245964 -0.363603 0.212706 
-0.134058 -0.011822 0.133210 0.659054 -0.436498 0.155413 0.186910 -0.007690 -0.064205 -0.271918 -1.102998 -0.324157 0.368081 0.142320 -3.760214 0.730873 
0.347416 -0.297799 0.066701 -0.170562 0.019773 -1.391648 -1.911877 0.356917 -1.234598 0.309563 -0.466198 -1.220675 -0.329489 0.325893 -0.888276 0.333640 
0.144856 0.118379 0.067585 -0.630930 0.367765 -7.467414 -1.834975 0.237626 0.489855 0.355257 -0.155216 0.413615 0.649984 -2.251276 -0.413229 -0.019032 
0.080988 0.075529 0.052424 0.702658 -0.904495 0.161891 -0.270962 0.128030 -0.902184 -0.257029 0.086290 -1.076257 -3.418157 0.184885 0.017354 -3.377832 
0.174492 -1.221352 -0.084533 0.822771 0.199820 -0.326739 -0.219637 -0.489600 -0.503002 0.156707 0.664960 -2.719116 -2.309530 0.360099 0.192429 -0.285637 
0.314474 -0.717562 0.015002 0.366302 -0.642251 0.202388 0.352346 -0.179862 0.258706 -0.188634 -0.879787 -0.260462 -0.074450 0.190632 -2.165092 -0.741866 
-0.197130 -0.492597 0.107253 0.529823 0.356899 0.935824 0.304938 -0.349842 -0.047885 -0.593734 -0.322372 -0.254572 -0.630378 -0.460498 0.703053 0.678606 
0.152823 0.116456 0.110330 -0.760130 -1.159683 0.064874 0.178370 0.113699 -0.024429 0.125871 -2.321260 0.572911 0.067206 0.019473 -0.048697 -1.630385 
-0.104173 -1.218258 0.071476 0.292974 0.215184 -0.046325 -0.153464 0.319884 -0.847145 -0.041145 -0.807788 0.375852 0.618044 -0.432464 -1.036274 -0.155654 
0.016604 0.350207 0.203133 -0.153528 -0.925732 -0.061575 -0.387413 -0.061769 0.088945 -0.043670 -3.013587 0.308991 0.060409 0.449275 0.349321 -0.645892 
0.060474 0.021532 0.124264 -0.625498 0.982503 -0.808367 -1.035593 -0.195859 0.057582 -0.169454 -0.981247 -0.200451 0.933869 -0.171587 0.585284 0.584433 
-0.001133 -0.312952 -0.089186 0.475904 -0.038852 -0.179148 -0.246280 -0.165839 -0.424347 1.058793 0.207920 -2.273442 0.114793 -0.080497 -0.348475 0.335369 
0.038782 0.267401 0.462837 0.099444 0.213617 0.197282 0.052860 -0.636587 -0.958983 -0.238878 -0.323178 0.046294 -0.005136 -0.224851 -0.060313 -0.112061 
-0.347949 -0.247581 0.103190 0.286534 0.671534 0.425433 -0.260133 0.384774 0.247859 0.134257 -0.378223 -0.288521 -0.428321 -0.261405 0.284845 0.293925 
0.227832 0.189818 0.166708 0.458788 0.359861 0.404276 0.119566 0.236300 0.187767 -0.457069 -0.997548 -1.859363 -1.841777 0.503106 -1.665359 -0.100856 
0.403413 -0.212820 -0.158430 -0.317472 0.725321 0.640990 0.272817 -0.763752 0.020606 0.965516 -0.394167 -0.384531 -0.638473 -0.594600 -0.094721 0.464682 
0.109006 -0.239897 -0.142011 0.196361 -3.011677 0.309773 -0.545808 0.079238 -0.428267 -0.008618 -0.196991 -1.430331 0.206878 0.367694 -0.073800 -1.617404 
0.054273 -1.343991 0.082160 0.668752 0.578321 -0.244877 -0.520197 0.045602 -0.123002 -0.653443 0.456512 0.088315 -0.989326 0.224067 -1.109414 -1.416963 
0.055744 0.012694 -0.893436 0.153618 -0.218901 -0.369046 -0.326903 0.473638 0.200037 0.164291 -0.518241 0.949311 0.166198 -1.491095 -0.804994 -0.013715 
0.110465 0.240587 -0.007128 -0.292602 0.020838 -0.281599 -1.143715 0.044409 -0.384250 -0.086490 -0.137695 0.063974 -0.791597 -0.243570 0.143342 -0.708633 
-0.296258 -0.173421 0.243389 0.033262 0.128984 0.205633 -1.412454 -0.028057 -0.580077 0.426396 -0.030969 -0.645123 -2.543619 0.358341 -0.528331 -1.145674 
0.077869 0.325986 0.118587 -0.733355 -0.114047 0.244914 0.651492 0.137328 -0.982711 -0.941318 0.291174 0.592539 -3.177055 0.308148 0.731366 0.495676 
0.214086 0.314130 0.029716 -0.646239 0.424329 -2.669229 -0.324190 0.088791 0.048029 0.327093 0.466417 -0.379027 -0.767004 -1.992130 -1.662073 0.361479 
-0.205441 -0.028885 0.019238 -0.530863 1.133408 -0.599232 -0.450503 -0.549191 0.494450 0.282840 -0.200201 -0.120264 -0.514835 -0.191974 -0.419031 0.235194 
-0.760064 -0.032493 0.229066 -0.259918 -0.091976 0.337744 0.103683 -0.522933 -0.043602 -0.366339 0.622102 -2.351226 1.095362 -0.185867 -0.035140 -0.219676 
-0.786022 0.089055 0.097622 0.276124 0.259075 -0.596371 -1.134801 -0.041594 -1.172309 0.066419 -0.880152 -0.300027 0.154538 0.238478 0.653381 -0.165028 
0.295904 -0.035460 -0.016586 -0.341968 -0.624753 0.090074 0.012904 0.282665 0.127446 -0.698340 -0.458408 -0.562827 0.001692 0.375662 -1.337510 0.548742 
0.273169 0.426040 0.131040 -0.907206 -0.959906 0.265556 0.540294 -0.928947 -1.565194 -0.244164 0.072654 -0.148577 0.333501 0.021094 -1.188780 0.157741 
0.553841 -0.221388 0.093368 -1.764607 -0.271425 0.433569 0.067141 -0.289383 -0.641654 -1.976381 -0.115745 0.030264 0.323630 -0.034967 -0.740809 0.056492 
-0.764435 0.166085 0.266205 0.324821 0.293293 -0.698422 -0.291033 -0.760410 0.515047 0.441885 0.458873 -1.249334 -0.152788 0.190827 -1.352642 -2.188005 
-0.070275 -0.075860 -0.272812 0.099258 -0.105817 0.022140 0.426932 -0.595298 0.342731 0.203638 0.555684 0.434656 -0.042228 0.059309 0.600609 -4.032475 
-0.119890 -0.032914 0.174331 -0.623536 -0.708153 0.238143 -1.327165 -0.097658 -0.071678 -0.120094 0.449338 -0.848458 0.340169 0.220073 0.119206 -1.064319 
0.025211 -0.336318 -0.069995 -0.412852 0.539886 0.423539 0.316259 -0.079118 0.297920 -0.735313 0.498826 -2.179147 -0.178414 0.241028 0.788182 -0.727942 
0.169141 0.347863 0.113679 -0.954222 -1.561849 0.403107 -0.998058 0.203399 0.789593 -0.060391 -0.865943 -0.003482 0.419152 0.058979 -0.525913 -0.921417 
-0.511649 0.932275 -0.446016 0.471031 1.042229 0.645323 0.414396 -0.455659 -0.420314 -0.817577 0.240656 -0.536300 -0.049796 -0.055399 0.015733 -0.527682 
-0.288730 0.219592 -0.109589 0.686437 0.239900 -0.453465 -0.159018 -0.291736 0.099733 -1.037510 -0.139929 -0.050421 0.425595 -0.323125 -1.511442 0.702566 
0.039105 0.236866 0.314498 -1.529828 -0.346525 0.499562 0.344831 0.247341 -1.200949 -0.145256 0.397796 0.222917 -1.055178 -0.413730 -0.077938 0.105594 
-0.508083 -0.161353 0.183881 -0.080762 -0.856829 0.386476 -0.253033 -0.021536 -1.561443 0.014246 0.494280 0.326670 -1.221870 0.385701 0.020695 -1.119766 
0.210623 -0.339649 0.239331 -0.664515 1.098687 -0.093955 -1.563909 0.164900 -1.626245 0.220528 0.671223 0.107529 -1.031098 0.239726 -0.202647 -0.182228 
0.151427 -1.005757 0.221725 0.099595 -0.319854 -0.771281 0.015687 0.235276 -1.064504 -0.614624 -0.073041 -2.096024 -0.647467 -0.027755 0.771020 -1.747501 
-0.131014 0.157797 0.120653 -1.155375 0.620725 0.194576 0.304937 -0.179394 -0.550043 -0.194533 0.386635 0.201755 -0.934561 0.504250 -1.965942 0.035480 
-0.162993 0.314305 0.193886 -0.498907 -0.835014 0.304125 0.411643 -0.036068 -5.026993 -2.267288 0.220577 0.572330 -1.219219 0.110364 -0.238935 -1.741122 
0.235329 0.103868 -0.577558 0.563986 -0.334937 0.381266 0.209353 -0.031819 -0.264099 -0.070478 -0.686257 0.075313 0.596906 -0.070365 -0.493884 0.754994 
0.488396 0.251111 0.079149 -1.069321 -1.379415 -0.188811 -0.741719 0.059841 -0.612430 -0.038927 0.291232 -0.960959 -0.360584 -0.456948 0.079115 -0.185231 
0.245292 -0.484822 -0.007065 -0.034128 -0.918223 -0.563818 0.801753 0.249833 -0.219795 -0.171869 0.421071 -0.621256 -1.036251 0.203536 0.434915 -2.495667 
-0.169453 -0.405117 -0.229982 0.028688 -0.001753 0.026967 -0.197441 -0.355797 -0.516056 -0.043442 -0.943777 0.143587 0.842608 -0.091622 0.520113 -0.796698 
-0.289993 0.427893 -0.167892 -0.223599 0.607865 0.253011 0.580755 -0.082909 0.727423 -0.262678 0.166298 -0.450733 -0.086130 0.509762 -0.453156 0.077936 
-0.052662 0.272907 -0.061750 0.031855 -1.736013 0.260109 0.331711 -0.097020 -2.600275 0.510567 0.116692 0.091422 -1.945519 0.131742 -0.454001 -2.488073 
0.118465 0.505434 0.327205 -0.562597 -0.775845 -1.225409 -0.643455 0.195169 -0.328105 -0.230709 0.039240 0.060433 -0.368688 -1.052287 -1.509861 0.386761 
-0.119852 0.081113 -0.554635 -0.377040 -0.347976 0.287847 0.258258 -0.635937 0.722920 0.084203 0.528282 0.289888 0.118493 0.299479 -0.098808 -0.373129 
0.031162 -0.079101 0.262366 -0.366234 -0.322696 0.271191 0.111037 0.136317 -0.399033 0.225082 -1.379206 -0.170925 0.264338 -0.685460 0.051613 0.128496 
0.065628 0.159489 0.032816 -0.934831 -1.195172 0.136805 0.396806 -0.794501 -0.907515 -0.407141 0.590419 -0.458392 1.411286 -0.015341 0.066343 -0.497008 
-0.238074 -0.410296 -0.266223 0.663444 0.416496 -0.103300 0.586078 0.358258 0.171869 -0.388630 -0.285082 0.265264 -0.122556 0.008252 0.729059 0.053873 
-0.797094 -0.040691 0.247668 0.346226 0.214393 -0.684915 -0.691663 0.254919 -0.923696 0.300074 -0.467681 0.411958 -1.227554 0.014888 0.496679 -0.422723 
-0.236702 -0.454101 0.137165 1.226457 -0.328586 -0.404651 0.077426 0.298654 -0.177593 -0.562645 0.089894 -0.130103 -0.627574 -0.421229 -0.237738 -0.715389 
0.593909 0.320610 -0.443956 0.231136 -1.246215 -1.292990 -0.167695 0.556420 -0.507465 -0.593279 -0.331550 0.192873 -0.257625 -1.734181 0.469650 0.246688 
0.073713 -0.168199 0.173046 0.188194 -0.295725 -0.102866 0.247491 0.076409 0.135140 0.224863 0.466346 0.148459 -0.230317 0.188968 -1.609815 -0.749467 
-0.557731 -0.325754 0.143925 -0.324074 0.697626 -0.435864 0.682780 0.092007 0.479637 -0.709088 0.196443 0.165275 -0.199426 0.236048 0.779856 -0.003986 
-0.026242 0.182200 -0.182377 -0.116710 0.303268 -0.288481 -0.116944 -0.126349 -1.188406 0.858794 0.529655 0.319784 -0.823420 0.363411 0.130426 0.443149 
0.154287 0.375385 -0.063833 0.268347 0.076997 0.096973 -0.031024 0.039445 -0.448150 0.399241 -0.273537 0.511206 0.278531 -1.188998 -0.181341 0.174399 
0.183011 -0.339993 -0.068672 -0.725435 0.043917 0.162824 0.612847 0.281232 0.534820 0.383421 0.079374 0.038924 0.160747 -0.051334 0.238597 -1.165995 
-0.362749 0.675379 -0.457468 0.986941 -0.307446 0.178576 -0.699683 -0.120344 -0.815711 0.348433 -0.732606 0.032712 -0.136842 -0.059796 0.350395 1.471926 
0.138488 -1.387714 0.061071 -1.255429 -0.018634 0.523261 -0.853205 0.040041 1.112746 0.506173 -0.043623 -0.424053 0.216608 -0.095356 -0.163095 0.161885 
-0.035440 -0.246395 -0.086586 -1.036679 -0.697263 0.648743 0.042905 -0.261817 -0.624140 0.123586 0.360508 -1.600101 0.391562 0.123915 0.066487 -2.106573 
0.231870 -0.135339 0.123709 -1.206636 -1.357680 -0.305869 -3.057573 0.106177 0.708383 -0.051229 -0.076745 0.048917 0.278427 0.020270 0.245405 -0.623682 
0.173766 -0.620593 0.182745 0.194300 0.036562 -0.123278 -0.136312 0.279407 -0.481036 -1.251905 0.782795 0.062073 -0.051146 0.396626 0.487485 -0.682413 
0.435209 0.418505 -0.358329 -0.186750 0.592651 -0.222733 -0.488522 -0.143527 0.713541 -0.962113 -0.237348 0.618489 -0.749233 -0.300500 -1.476496 -0.054569 
-0.064144 -0.452426 -0.229142 -0.386733 1.040504 0.006660 -0.326447 -0.283172 -0.037148 1.119825 -0.562421 -0.044010 -0.027159 -0.210856 -0.766384 0.426753 
-0.121335 -0.864317 -0.246375 0.307682 0.223817 0.508672 -0.329795 -0.328479 0.138667 0.034080 -2.365442 0.734506 0.076523 0.563462 -1.353365 0.530303 
-0.258940 0.146587 0.082195 0.228410 -0.754046 -0.323020 -0.609313 -0.079113 -0.240996 -1.735052 -0.022099 -0.328062 0.567812 0.488046 -0.316883 -0.140817 
