-0.203768 -0.316264 -0.167332 -0.323760 0.006759 0.166701 0.667591 -0.008947 0.263793 0.196387 0.599360 0.399179 -0.476861 0.136838 0.972839 -0.405132 
0.128897 0.267698 0.195168 -0.179781 -0.440741 0.212865 0.245354 0.251533 -0.377260 -0.436845 0.095337 -4.482061 -1.963650 0.200694 -3.649187 0.493033 
0.110234 0.064705 -0.287112 -0.008170 0.118679 -0.728964 -0.233482 0.324188 0.076702 0.304529 -0.836281 0.621189 0.919290 -1.530868 -1.193930 -0.238409 
-0.026460 -0.187970 0.224279 -0.336342 -0.773166 -0.042417 -0.479217 0.079477 -0.032305 -1.856069 0.127294 -0.856183 0.417126 0.372979 0.041897 -0.509155 
-0.016761 -0.177473 0.129125 -0.049662 0.394471 -2.419063 -3.827046 0.170463 -0.338555 0.316140 -1.290742 0.078332 -0.087348 -0.323831 0.350991 0.170930 
0.191150 -1.060029 0.295804 -0.456183 -0.255238 0.166438 0.313694 -0.853014 0.132996 0.313663 -0.893518 -1.646902 -1.062964 0.339415 -2.168556 0.341626 
-0.238097 -0.530894 0.057317 -1.155939 0.588586 0.521290 0.442713 -0.172875 0.590707 -0.228410 -0.556769 -0.117664 0.848796 -0.443168 0.339773 0.094203 
0.234348 0.078172 0.133171 0.465038 -0.451634 -0.046476 0.136918 0.145419 -1.600692 0.267652 0.482632 0.101697 -2.857257 -0.118023 -0.656279 0.381177 
-0.490730 0.342820 0.091871 0.494126 0.243019 -0.625776 -1.531571 -0.130153 -1.286676 0.062988 -1.191068 -0.020920 0.313086 0.137817 1.062891 -0.641079 
0.043527 0.017152 -0.329151 0.301936 0.370915 0.205035 -0.308855 -0.388975 0.561384 0.839602 0.672258 0.165058 -0.123506 -0.656795 -1.434512 -0.508135 
-0.004517 -0.733563 0.059157 -0.170485 -0.006443 0.485119 0.517080 0.035871 0.012763 0.153023 0.613155 -2.569176 0.270936 0.133489 0.573231 -1.433078 
-0.171993 0.458597 0.149430 -0.129413 -0.269215 0.443936 0.238082 0.100286 -1.135116 -0.823882 0.333207 1.393614 -3.918125 0.017825 0.607622 1.214103 
0.027663 -0.582123 0.261554 -0.171603 0.285748 -0.102965 -0.036179 0.164706 -1.782487 0.276820 0.627267 -1.438527 -3.415120 0.243624 0.266854 -0.817691 
-0.152426 -0.207617 -0.135273 0.411298 0.655235 0.166640 0.325312 -1.083141 0.292605 0.192470 0.380411 -1.108061 -1.063683 -0.295223 0.428061 -0.413166 
0.127839 -0.008978 0.181203 0.199557 0.517745 0.028976 -0.445119 -0.285150 0.132473 0.373693 -1.618739 0.452437 -0.226414 0.008097 0.136244 -1.818165 
0.317318 -0.976465 0.001818 0.269079 -0.734135 0.091661 0.186423 0.107360 -1.172399 0.017262 -1.022937 0.038371 -0.186087 0.524679 0.658967 -0.395711 
-0.043524 0.373213 -0.416235 -0.577960 0.266689 0.371987 -0.223511 -0.316109 0.995811 -0.715384 0.153737 0.251515 0.719679 0.287217 -0.804113 0.320387 
0.068519 0.015651 0.317809 -0.822133 -1.169829 -0.199837 0.339241 0.371710 -0.042443 -0.601702 -1.185848 -0.165575 0.212085 -0.155152 -0.017593 -2.767882 
0.557752 0.434093 -0.275478 -0.425175 -0.259047 -2.407283 -1.941157 0.192056 0.517385 -0.724164 -0.857882 0.532865 -0.407514 -2.325765 -0.434146 0.122170 
0.184346 0.070360 -0.253564 -0.385251 0.547899 -0.131394 -0.746845 -0.408423 -0.145390 0.774598 -0.334929 0.949751 0.455493 0.466590 -0.629627 0.240688 
0.165256 -0.024086 -0.346326 0.131301 -1.170347 0.286473 0.554423 -0.095544 -0.041104 0.103390 -0.179624 0.071004 0.287185 -0.087582 -2.962761 -0.338681 
-0.040043 0.065714 0.023147 -1.485283 -2.287750 0.189467 -0.657591 -0.130152 -0.113788 -0.278929 -0.188490 -1.156247 0.680379 -0.064124 -0.166387 -1.139746 
-0.241304 0.127680 -0.423534 0.263461 1.221760 0.080070 0.802286 0.086239 0.175032 0.534890 -0.467237 -1.347557 -0.591824 -0.255168 -0.823180 0.380968 
-0.384834 -0.337051 0.063540 0.995899 0.519384 -0.517641 0.383075 0.132052 -0.472792 0.178049 -1.146203 -1.196914 -0.617937 0.070652 0.401316 -1.292481 
0.020924 0.201365 0.147681 -0.683738 -0.558166 0.229079 -0.386665 -1.328085 -0.233886 0.208211 0.386040 -0.104276 0.315800 0.250512 -1.244534 -3.871930 
-0.183718 0.158775 -0.198316 0.121779 0.092364 -0.358626 -0.124810 0.428418 0.112923 0.106263 -1.150424 1.218597 -1.321488 -0.010042 0.143268 0.240894 
0.355123 0.063331 -0.002864 0.173153 0.804509 -0.865963 -2.603015 -0.027790 -0.178820 -0.276751 -0.303869 -0.238282 -0.287545 0.117399 -1.030306 0.185098 
0.425362 0.250411 -0.021023 0.402102 0.055767 -0.034292 0.546766 0.177867 -2.677832 -0.019167 -0.044659 -0.309896 0.247475 -0.431692 0.077573 1.164561 
0.489174 -0.380862 -0.389448 0.156980 -0.427384 -0.109297 0.005670 0.420149 -0.161229 -1.568384 0.432844 0.356084 0.147163 0.298719 -0.093862 -0.763411 
0.271062 -0.305612 0.142510 -1.291044 -1.219040 0.238682 0.422094 0.202077 0.373961 0.391874 -2.571121 -0.009506 -0.149992 -0.060382 -1.969728 -1.872536 
0.088993 -0.239932 0.113386 0.472007 -0.523965 0.407374 0.348726 -0.730645 -0.482815 -0.811923 -0.726369 0.052925 0.267667 -0.334106 -0.505873 0.612397 
0.042447 0.166042 -0.580277 -0.599629 -0.318381 0.129165 0.186267 -0.936061 0.517938 0.051531 0.644452 -0.418606 -0.125708 0.152774 0.279744 -1.806028 
0.354396 0.379388 0.155168 -0.124211 -1.808303 0.115769 0.374924 0.135016 -1.883797 -0.725490 0.589199 -1.063457 -2.214553 0.145147 -0.014230 -4.603040 
-0.124241 0.169631 0.041185 0.394926 -1.397583 -0.072158 -0.983228 0.057921 -1.321619 -0.173963 -3.697361 0.031006 -0.428311 0.422333 0.537291 -1.291140 
0.074820 -0.468007 -0.023453 0.465293 0.746189 0.336575 -0.273909 0.091343 0.261077 -0.842129 -0.600681 0.349104 0.457717 -0.500980 -1.006344 0.195839 
-0.415254 -0.264209 0.070245 0.050083 0.686291 0.359111 -0.508527 -0.315067 -0.121414 -0.230827 0.740556 -0.398348 0.442155 0.519156 0.519640 -0.870501 
-0.023878 0.014541 0.264379 -0.604476 -0.586840 0.280102 -2.831836 0.264501 0.065595 0.176421 -0.813173 -0.012458 0.071687 0.159450 0.360765 0.188273 
-0.102109 -0.006801 0.208468 -0.554441 0.418887 -2.768319 -1.016022 0.116818 0.518896 0.821889 0.347294 -0.343101 0.631347 -0.354324 -1.227098 -0.916035 
0.110141 0.147525 0.127713 -0.614057 -0.386356 -0.135551 -0.663601 0.388433 0.521842 -0.313039 0.099080 -1.195601 -0.848669 0.517960 -1.442879 -0.729111 
-0.012980 0.119665 -0.189938 0.986583 -0.465923 0.022707 0.021805 0.126399 0.175227 0.309880 -0.313514 -1.249378 -0.678802 -0.150082 0.557817 1.157469 
0.019965 0.412981 0.074814 -0.333091 -3.168952 0.396846 0.227145 -0.045505 -0.677603 0.104645 -0.230119 0.670174 -1.079277 0.030214 -0.378198 -1.216533 
0.067935 0.175226 0.043238 -1.330005 -2.251287 -0.090110 0.367862 -0.066945 0.387720 0.064558 -0.081779 0.155885 0.553782 0.143749 -0.736482 -0.810327 
0.089682 0.009546 0.223248 -0.650303 0.473069 0.231282 -0.434469 -0.480266 0.897869 0.367153 -1.178679 -0.024942 0.196092 -1.086589 -1.546561 -0.064452 
-0.043808 0.133443 0.309528 0.133814 -0.117871 0.245134 0.112636 0.327913 -3.023904 -2.229401 0.078918 0.692534 -0.052857 0.122535 -0.882202 -1.055660 
-0.426852 -0.782542 0.090058 0.628677 0.750557 -0.663364 -0.679159 0.172603 0.796997 0.333435 0.199731 -1.387770 -0.697606 -0.067190 1.332537 0.434664 
-0.837563 0.363263 0.049763 0.526833 -0.043651 0.793918 -0.812316 -0.354746 0.070574 -0.280812 0.541713 -2.544462 0.314262 0.099778 -1.190580 1.292068 
-0.039885 0.296467 0.113040 -0.051770 0.358087 -1.706882 -0.967850 -0.393963 0.052999 0.027832 -0.815234 0.388108 0.612742 -0.828790 0.129170 0.421164 
0.075277 -0.018406 0.209603 -1.051604 0.431960 0.149134 0.293776 0.099415 0.595432 0.134270 -0.278515 0.298221 -2.224480 0.091787 -0.808241 0.034368 
0.146835 0.018088 -0.168986 0.438402 -0.813225 -0.219770 0.122679 0.326220 -0.564911 0.132524 -2.923152 0.135699 -1.230242 0.065476 -0.449809 0.666101 
0.170072 -0.036010 -0.717065 -0.489071 0.250393 0.415981 -0.228214 -0.634672 -1.325194 -0.013728 -0.191718 -0.018591 0.204434 -0.021296 0.184949 0.650620 
-0.130907 -0.129351 0.214159 -0.304262 -0.172876 0.224030 0.234479 -0.172649 -0.940619 -0.080819 -0.573328 0.398428 1.081945 -0.256971 0.029569 -1.082249 
0.277865 0.369572 0.223312 -2.187948 -0.353496 -7.963420 -1.739307 0.332551 -0.254922 -0.009102 0.617711 0.348099 0.021161 -4.132041 -0.432743 0.303013 
0.017363 0.004267 0.155244 -1.611307 -0.442531 0.279438 0.120555 0.248008 -1.120548 -0.109704 0.107620 0.751134 -1.676585 -0.113393 0.265966 0.195087 
-0.406454 -0.148461 0.146539 -0.524834 -0.054399 0.367252 0.382231 -0.137673 -0.000033 -0.146124 -0.290273 -0.431536 0.949505 -0.110700 -0.016637 1.067506 
0.253190 0.022847 -0.170618 1.018739 -1.126027 -0.083061 0.030489 0.360888 0.610017 -0.010939 -0.753588 0.655021 0.103909 -0.206695 0.809813 -0.140601 
0.182088 0.392251 -0.111970 -0.506119 1.305319 -0.177260 0.385506 0.100748 0.338033 -0.359806 -1.801388 -1.058267 0.485613 -0.208771 -1.173680 0.094833 
-0.164005 0.570497 0.043685 0.195247 0.190802 0.604602 0.433470 -0.312631 -0.918049 -1.437868 -0.748768 -0.127200 0.514215 -0.479214 -2.434552 -0.333570 
0.373466 0.358116 -0.731581 -0.235221 -0.352385 -0.323513 -0.737594 0.229881 0.235943 0.713757 0.508853 0.533829 0.174085 -0.703214 -0.124707 -0.080089 
0.047120 -0.773461 0.206399 0.771750 0.036720 -0.347868 -0.410942 0.148634 0.422883 -1.067347 0.342091 -1.183854 -0.395948 0.275664 -0.329483 -1.271316 
0.184305 -0.052332 0.182240 0.063466 -1.879407 0.257451 0.011812 0.158695 -1.841069 0.098038 0.536877 -1.774828 -0.369274 0.099343 0.518436 -2.787375 
0.248997 -1.469998 0.135676 0.561453 -0.148307 -0.404183 0.095089 0.188969 -0.602060 -0.119730 0.516526 -2.900056 0.265996 0.616107 0.880009 -0.001282 
-0.290441 -0.083052 -0.143125 1.044672 0.520550 0.410170 0.438616 -0.061838 0.433389 -0.624306 -1.077279 0.117509 -0.072081 0.474005 -0.381390 0.506998 
-1.004403 0.161128 0.078034 0.446684 0.337538 -0.827376 -0.025788 -0.955487 -0.426212 0.576833 -0.123120 -0.157188 0.396395 0.098892 -0.243760 -2.843000 
0.127114 0.227614 -0.176300 -0.422366 0.752780 0.427631 0.208280 -0.452951 -1.432529 0.352305 -0.301014 0.053919 -2.503622 0.524197 -0.563220 2.060045 
-0.505875 -0.138283 0.052842 -0.003695 0.115748 0.015016 -0.650976 0.071203 -0.393241 0.493575 0.260646 -0.276767 -2.408434 0.201682 0.111966 -0.669132 
-0.209744 -1.099461 -0.062528 0.145934 -0.081927 0.318495 -1.250877 0.458201 -2.468804 0.420235 -0.226953 -0.889688 0.372860 0.104961 0.199956 0.090428 
0.141073 -0.933847 -0.125439 0.312362 0.390337 -0.158264 -0.852208 -0.009161 0.470353 -0.666879 0.441630 0.195817 -2.280422 0.120768 -0.770518 -4.003413 
0.058799 -0.093707 -0.064508 0.643628 0.206990 -0.406619 -0.308566 -0.025878 0.596361 -0.283022 1.087323 0.180995 -1.950651 0.298698 -2.010005 -1.011525 
0.032728 -0.745606 -0.073198 -0.603435 0.486142 0.452370 -0.918980 -0.127163 0.338247 0.964201 -0.463501 -0.750932 0.195899 -0.591851 -0.138520 -1.110663 
-0.075552 0.143114 -0.459753 0.577043 -0.138243 0.408852 0.023187 -0.802644 -1.683248 0.409124 -0.596007 0.070387 0.682615 0.127096 -0.602711 -0.204941 
0.003445 -0.109229 0.096987 0.471148 -1.162705 0.187948 0.557032 -0.036777 -1.956648 -0.975552 -0.952976 -0.411208 -0.176539 0.500067 -0.684677 -2.415217 
0.189079 -0.564162 0.084576 -1.292021 -0.941257 -0.007486 0.049575 0.190651 0.472758 -0.860294 0.407335 0.318248 0.369826 -0.220559 -0.270854 0.048514 
-0.594946 0.412565 0.208706 -0.871640 -0.111011 0.332108 0.261177 -0.607537 -1.600347 -0.664997 0.437270 0.485416 -2.130854 0.519956 -0.124392 -0.413249 
-0.054389 0.071071 -0.140124 -1.156450 0.498028 -0.233365 -0.087885 -0.251554 0.577352 0.396918 0.967239 -2.071629 0.049669 -0.054018 -0.284550 -0.066751 
