0.049174 0.144047 -0.188924 -0.299996 -0.124560 -0.064537 -0.028735 0.279376 -0.173757 0.241749 -0.194823 0.541873 0.267379 -0.720981 -3.504066 0.613889 
-0.086110 0.064592 -0.481775 0.732298 0.084845 -0.348374 -0.511810 0.182602 0.648922 -0.590671 -0.621869 1.566788 0.174363 0.062768 0.635304 -0.584449 
0.109932 0.428445 -0.541795 0.090367 0.316065 0.472044 -0.444110 -0.223056 -0.092371 0.683517 -1.221335 0.002789 0.411180 -0.105564 -0.289557 0.792461 
0.197936 -0.129639 0.073688 -0.535657 0.031000 0.025604 0.000996 -0.699860 0.110009 0.306047 -0.216679 -0.214468 0.459338 -0.324768 0.642344 -0.465403 
-0.223900 -0.036817 0.005530 -0.015009 0.131790 -2.639729 -1.146394 0.161124 0.146184 0.146917 -1.447162 0.411006 0.778252 -0.395642 0.403411 -0.294867 
-0.031319 0.241634 0.080821 -0.377923 0.577150 0.292428 0.091866 -0.118744 -3.123808 -1.197878 -0.251989 0.335760 -0.041448 -0.034938 -0.426121 0.213322 
0.232704 0.029646 -0.354096 0.860268 -0.550159 -0.776307 0.080875 0.388355 -0.125145 0.276550 0.059307 0.649531 0.312864 -0.610250 0.225519 0.844079 
0.167441 0.274327 0.195292 0.123394 -1.487427 0.247367 0.229847 0.107719 -2.150036 0.170945 0.600985 0.114345 -3.162516 0.226364 0.295558 -0.196764 
-0.255758 -0.004854 -0.256614 0.521400 0.915088 0.152386 0.146497 -0.158993 0.196646 0.149046 -2.135684 -0.604509 -0.893485 -0.771910 0.221665 -0.061465 
0.211096 -0.441495 0.052326 -1.248745 -0.857331 0.157662 -0.300475 -0.059404 0.202748 0.185695 -3.896054 0.063740 0.332685 -0.362230 -0.815436 -0.281536 
-0.174108 0.232266 0.207077 0.334593 -0.652114 0.265571 -0.196812 0.176996 -1.098778 0.253504 -1.818104 0.300165 -1.495273 0.160683 0.047783 -0.200060 
-0.244526 0.067748 0.166435 0.368765 -1.755726 0.165086 0.231507 0.007475 -1.857439 -0.116048 0.161542 0.928789 0.119336 0.248798 -0.450756 -1.055646 
0.227883 -0.189564 -0.099479 -0.604032 -1.417856 0.066104 0.213235 -0.049958 0.765410 0.205358 -1.012440 -0.184362 -0.137223 -0.110866 -3.351040 -1.048766 
0.124618 0.050783 -0.036518 -0.906261 -2.324418 0.447413 0.181922 -0.074252 -0.012384 0.156515 -0.024759 0.092364 0.242399 0.144071 0.130120 -1.946911 
0.078949 -0.057122 0.214363 -0.686000 0.107780 0.147690 -0.007335 -0.146210 0.666364 0.246951 -1.744171 0.214778 0.132987 -0.804698 -1.050687 -1.643697 
0.144103 -0.972025 0.168199 -1.243436 0.506081 -1.187461 -1.548434 0.120740 0.272468 0.803123 0.429662 -1.325189 -1.001840 0.179336 -0.257499 -1.539244 
0.361507 0.367816 0.237511 -0.727585 -2.635358 -0.409553 -3.769999 0.356476 0.097138 -0.410275 -0.050453 -0.800158 0.357651 0.252115 0.472597 -0.020310 
-0.031063 -0.123777 -0.303605 0.853003 -0.944469 0.099987 0.317747 -0.123247 -0.200466 0.416584 0.298853 -0.805534 0.051136 0.144407 0.174523 -1.443720 
-0.139436 0.002517 -0.072330 -0.036637 0.288056 0.274934 0.478299 0.125381 0.383564 -0.199203 -0.077963 -0.164781 -1.913661 0.413466 -0.130759 0.330592 
-0.348697 0.213778 0.022743 -0.013543 -0.612197 0.246842 -0.629891 -1.077311 -0.821445 -0.546177 -0.489156 -0.855682 0.748919 0.218815 -0.006951 -0.380417 
-0.246968 -0.674215 0.235400 -0.575249 -0.091844 0.308495 0.034159 -0.273621 -3.083759 0.722547 -0.555554 -1.136182 0.128085 0.321227 -0.955092 -0.810830 
-0.689302 -0.194106 0.151615 -0.197971 1.141110 0.296567 -0.210901 -0.283145 -0.705228 -0.074939 0.331204 -0.241910 -0.766161 0.442472 0.488956 -0.566256 
-0.086268 0.460702 0.036680 -0.964143 -1.710049 0.383138 0.510177 -0.217012 -2.341762 -0.561196 0.670068 0.829408 -1.267880 0.300055 -1.679456 -0.916909 
-0.620550 0.494599 -0.508220 0.262502 0.565400 -0.179393 -0.095886 -1.098027 0.113447 0.930645 -0.369212 -0.768675 0.471139 -0.107523 -0.729702 -0.179113 
0.142257 0.128539 0.169814 -0.080115 0.652150 -0.307268 -0.890465 -0.019808 -1.564492 -0.234316 0.794385 -0.487739 -1.340551 -0.500017 -0.176189 0.213206 
0.045673 -0.133401 -0.254608 0.110878 -0.095642 -0.446188 0.031531 0.331373 0.340275 -0.081295 0.427820 0.385642 1.049260 -0.954564 -0.802756 -0.221982 
-0.132004 -0.465962 0.168887 -1.053415 -0.248689 -0.129447 0.036278 0.202625 0.175758 0.062248 -0.328890 -1.122692 -0.121843 -0.022557 0.648987 0.330808 
-0.008557 0.128592 0.338860 0.693439 0.163196 -0.652415 -0.283588 0.384462 0.469929 -0.325389 -0.272765 -1.302530 -1.000733 -0.497061 0.248675 0.678844 
-0.114677 0.234240 -0.216298 0.424171 0.029105 0.602953 -0.399399 -0.289319 -0.945541 -0.069143 0.145432 -0.239959 -2.845227 0.314552 -1.161364 -0.990526 
0.422180 0.401368 0.098689 -1.840854 -0.079749 -7.042976 -3.878108 0.383260 0.396855 0.179494 0.315515 0.382607 0.150907 -4.619502 -0.761651 0.334913 
0.198386 0.175344 -0.145260 0.054627 -0.634114 -0.019438 0.096377 -0.351024 0.124740 0.236671 0.086427 -1.141209 0.369520 0.048684 0.921123 -1.484486 
-0.084212 0.165979 0.334356 0.359328 0.369811 -1.264207 -0.277242 0.367123 -1.058575 0.289713 -1.130661 -0.275987 -0.863200 0.022053 0.382173 0.187995 
-0.408773 -0.032048 0.184581 0.515158 -0.429394 -0.184412 0.286701 0.536844 0.046373 -0.339576 0.076728 -1.409231 -0.299835 0.256476 -1.622256 -3.379118 
-0.050611 0.273975 0.233720 -0.443964 -0.328713 0.090621 0.149096 0.185984 -1.358923 0.123036 -0.125016 -2.010962 -0.376481 -1.016429 0.732307 0.409299 
-0.071246 -1.480887 0.038746 0.650099 0.495653 0.441033 0.178093 0.038919 -1.936531 -0.473089 -0.067480 -1.925056 0.435228 0.142598 0.467219 -0.344310 
0.436229 -0.328118 0.031986 -0.145801 -0.573001 0.387938 0.137907 -0.341279 -0.877401 0.226719 -0.058285 -1.728782 -0.894451 0.407402 -0.511836 -1.504687 
-0.691436 -0.342945 0.226578 0.628664 -0.322694 -0.016063 -0.099067 0.343448 0.229725 -0.114522 -0.072868 0.913227 -0.574408 0.423130 0.095770 0.533506 
0.070358 -0.283864 -0.020500 0.539619 0.413518 0.524292 0.860942 -0.661453 0.545072 -0.126670 0.441137 -0.390281 -0.901911 -0.136264 0.011318 0.231984 
0.144002 0.410657 0.241901 -1.201075 -2.317141 0.032032 0.167570 0.108720 0.241945 -0.053592 0.338617 0.374024 0.018913 0.107526 -2.011451 0.674333 
0.140810 -1.115257 0.081454 -0.504805 0.255194 0.599538 -0.576330 0.079388 0.163462 0.162950 0.013682 0.150081 -0.361497 -0.239916 0.801827 -1.075817 
0.101081 -0.228651 0.108193 0.090736 -0.716941 0.163706 -0.469292 -0.683573 -0.257504 0.158711 0.177968 0.363207 0.490647 -0.054997 -0.472830 -1.244248 
-0.184947 0.102540 0.010110 -0.035100 0.547368 -1.446703 -1.203322 -0.219573 0.831764 -0.159140 -0.310126 0.005934 0.507918 -0.189572 -0.238679 0.343184 
0.244316 0.145773 -0.091019 0.216337 0.775099 -0.980177 -2.079403 -0.036487 -0.188289 0.508616 -0.388298 -0.431181 -0.594822 0.226362 -1.703892 1.154432 
-0.630293 -0.264842 0.168605 0.354366 0.089908 0.231916 -0.105377 0.013551 0.423998 -0.823277 -0.902538 -0.018222 0.099623 -0.033980 -1.231183 0.534126 
0.162084 0.148989 -0.348052 0.062340 0.323647 -0.217939 -0.278170 -0.964524 0.424554 0.595991 0.404121 0.213335 0.571998 0.106295 0.154920 -1.358175 
0.102158 -0.278622 0.170633 -1.011415 -0.228853 -0.754584 -0.030180 0.108238 -0.105456 -1.354919 -0.017714 -0.233915 0.561077 0.168818 0.704995 -0.296916 
0.063768 -0.673070 0.138962 0.597329 0.378854 0.169105 0.208703 -0.102259 0.370424 -0.240653 -1.596123 -0.211680 0.376333 -0.322750 0.019156 0.207389 
-0.007743 -0.253844 -0.146683 0.200671 0.085062 0.321680 0.702250 -0.333271 0.767369 -0.145638 0.622586 -2.159711 -0.658650 0.236986 -0.102660 -0.492237 
0.267737 0.013963 0.231189 -0.427532 -1.251869 -0.039503 0.678689 0.160882 -1.087151 -0.285460 -0.227437 -0.291673 0.222050 0.048445 0.375386 -0.316869 
0.285732 0.109716 -0.408872 -1.112935 0.016361 -0.277450 0.074528 0.227842 0.628099 -1.032929 -0.182248 0.963379 0.057907 -0.176755 -1.493954 -0.225566 
-1.373685 0.320169 0.280878 0.433508 0.204851 -0.130406 0.119853 -0.128892 -0.507789 0.536625 0.385352 -1.232907 -0.438848 0.037890 -0.494768 -2.297192 
0.044911 0.029513 0.252368 -0.093994 -0.136617 0.223419 -0.129511 -0.122879 -0.549664 0.144029 0.099415 0.199122 -3.463696 0.196786 0.376077 0.103164 
-0.705643 -0.182066 0.119175 0.025123 0.035746 0.160117 0.009802 -0.563110 -0.286131 -0.438060 0.251038 -2.046072 0.889430 -0.034643 0.165534 -0.536118 
0.382604 -0.006130 -0.179273 -1.486778 -0.307458 0.220911 0.298097 -0.141466 -0.849663 0.256819 -0.000813 -0.399990 0.430780 0.154543 -0.380839 0.182792 
-0.060786 -0.881965 -0.046986 -1.026586 0.385408 0.414092 0.489441 -0.102454 0.306621 0.465525 -0.293240 -0.365440 0.062101 0.054888 0.756644 -0.134145 
0.007069 -0.053376 -0.558671 -0.681310 -0.516459 -0.000151 0.660606 0.038605 -1.060247 -0.089903 0.232858 0.031349 0.840829 0.026952 0.522651 0.590701 
0.002026 -0.286774 -0.242674 0.160898 -0.042011 -0.182439 0.087991 -0.043830 -2.118016 -0.016963 -0.156454 0.229463 0.102276 0.177094 1.038522 -0.778618 
0.235431 0.274350 -0.229507 0.390825 0.168769 -0.310861 -0.469635 0.256871 -0.449989 0.505577 -0.080577 0.719419 -1.651743 -0.718457 0.472073 0.349423 
0.392535 0.113212 0.160327 0.288166 -1.804028 -0.269356 0.249708 0.251652 -0.825828 -1.136409 0.172749 -0.302542 -0.438637 -0.047952 0.580719 -1.321456 
0.126576 -0.097147 0.268173 -0.974375 0.247839 -2.492496 -1.827590 0.172029 -0.014024 0.304649 0.140447 0.328930 0.170844 -1.205339 -0.161602 0.162621 
0.049832 -1.103944 0.197608 0.426866 0.714804 -0.434907 0.338700 0.203511 0.055863 -0.529248 0.555683 -1.194871 -0.536321 0.256583 0.715011 -0.309453 
0.096209 -0.093845 0.139876 -1.105264 -1.421528 0.190227 0.391343 0.417211 -0.196074 0.008608 -0.533101 0.092156 -1.343195 -0.032045 0.134377 0.002694 
-0.188796 -0.442201 0.286344 0.799267 -0.194666 -0.190170 -0.175134 0.310635 -1.475324 -0.991303 0.144569 -0.434934 -0.089018 0.260527 -1.098739 -0.416940 
0.062830 0.249396 0.189614 -0.018346 -0.648048 -0.099451 0.233872 0.095260 0.205437 -0.012823 -0.767622 -0.102200 -0.260763 0.308383 -1.331425 0.029187 
0.090897 -0.176790 -0.637938 0.070914 0.468680 0.277824 -0.422044 -0.464949 0.204805 0.034206 0.490039 0.465007 -0.411809 0.025315 -0.175017 -0.163136 
0.029515 -0.655314 0.164752 -0.295396 0.361630 0.514873 -0.421773 -0.560731 0.746492 0.487756 0.449674 -0.563625 -0.799181 0.157482 -0.807182 0.446060 
0.168517 -0.199203 0.175892 -0.053538 -0.493099 0.202800 -1.049446 0.216514 -0.120707 -1.337089 -1.335397 -0.092482 0.020371 0.434364 -0.962193 -1.321494 
0.106861 -0.978248 -0.011421 0.948286 0.003728 -0.644315 -0.104038 0.035105 -0.471089 0.247327 -0.018561 -0.480303 -1.608442 0.723612 -1.308628 0.200148 
0.543395 0.103834 -0.022117 0.243178 0.518706 -0.315503 -0.576766 -0.089202 0.565122 -0.351329 -0.062181 0.604001 -1.088254 -0.257733 -0.844518 -2.300867 
0.198816 0.339675 -0.305863 0.143544 1.545424 -0.587768 0.412898 0.396236 0.694118 0.051547 0.268226 -0.837635 -0.600710 -0.366331 -1.734925 0.191065 
0.020869 0.096521 0.081021 -1.511165 0.568993 0.214432 -0.035147 -0.570167 0.391149 -0.474773 0.873803 -0.921043 0.456356 0.108071 0.091606 -1.588226 
0.022799 -0.007100 -0.433766 -0.666778 -0.681482 0.620728 -0.393167 0.003850 0.305625 -0.340823 0.265570 -1.891766 0.604836 -0.123660 -0.474046 -0.291432 
0.198758 -0.362167 -0.005302 -0.445383 -0.075449 -0.063344 -0.664359 0.570695 0.177510 -0.231582 -0.154525 0.206361 0.369163 0.173485 0.710284 -1.296316 
-0.056561 0.303047 -0.402101 0.632254 0.333277 0.231975 0.284037 -0.757415 0.028489 -1.198686 -0.095371 -0.001911 0.790238 -0.020173 -2.177311 0.468204 
-0.089558 0.205872 0.246632 0.422461 0.517004 -0.250509 0.593013 -0.533628 -0.474287 -0.086129 -2.818610 0.193837 -0.061150 -0.159903 0.222412 0.567202 
0.132136 0.024031 0.116285 -1.337067 -1.145786 0.290693 0.350157 0.095157 -2.003987 0.091541 0.279257 0.082565 0.027020 0.161641 0.821411 -1.803106 
