-0.290903 -0.374116 0.174951 -0.403068 -0.130164 0.148445 0.352019 -0.162332 -0.758073 0.510990 0.232775 0.660654 -0.437988 0.176815 -0.487361 -0.905675 
0.186458 -0.033177 0.002158 -0.511560 -0.002545 -2.255882 -0.253314 0.368556 -1.041665 -0.470237 -1.466858 -0.155191 0.735197 0.678822 -0.583569 0.148297 
-0.031323 0.175183 -0.072381 0.476148 0.145605 0.144192 0.311456 0.213313 0.146991 -0.879055 0.042836 0.275511 -3.453463 0.208209 0.486837 0.305631 
0.186488 0.008024 -0.283604 0.063398 0.148876 0.076157 0.154408 -0.652191 0.351289 0.633287 0.330142 0.053554 0.108909 0.035781 0.654543 -2.237751 
-0.144607 -0.504636 0.148686 -0.028414 0.322850 0.180278 -0.518098 0.170666 0.477306 0.265054 -0.449587 -0.350977 0.654549 -0.557945 0.987844 -0.722859 
0.111538 -0.294871 0.232622 -0.351585 -0.458799 0.357350 0.312294 -0.105426 -1.941844 0.322907 0.397770 -2.169440 -1.386472 0.222464 -0.255526 -2.545873 
0.087790 -0.866923 0.194485 0.314026 -0.608898 -0.290547 0.380106 0.359407 0.370952 0.095100 -0.276984 -0.348796 0.068068 0.110348 0.527652 -0.480541 
-0.004550 -0.655189 0.070982 0.538964 -0.330359 0.403032 -0.007033 0.116547 -0.375656 -0.353564 -0.442123 -1.791707 0.649616 0.356086 -0.993610 0.253340 
-0.564650 -0.347508 -0.230263 -0.621848 0.474431 -0.086452 -0.194654 -0.134580 0.508727 0.162093 -1.319135 0.037926 0.470615 -0.296499 0.003675 0.145891 
0.037741 0.211738 0.219805 -0.401692 -1.053820 0.067894 0.069844 -0.708147 0.239374 0.203914 0.228979 0.371156 0.209493 0.142036 -0.665908 -0.915610 
0.141725 -0.058638 -0.000437 -0.196845 -0.413739 0.265344 0.410462 0.393402 0.174213 -0.061143 -1.815894 0.775223 -0.864128 -0.084992 -0.425290 0.730993 
0.225205 -0.386138 0.044714 -0.270110 1.067835 -0.107377 0.518540 0.039053 0.882967 0.159000 0.788644 -2.188432 0.101888 0.322261 0.359446 0.416272 
0.500045 0.198826 0.048863 -2.440781 -0.614244 -1.617174 -1.095984 0.331602 0.468134 -1.452071 -0.221700 0.001610 0.564076 -0.415729 -0.539210 -0.285681 
0.196995 0.114476 0.122260 -1.232271 -0.565569 -0.483589 -0.136175 0.127350 0.008786 -0.013342 -0.700678 -0.210254 0.382105 0.189683 0.729759 -0.810036 
0.472632 0.044089 -0.500934 -0.041907 -0.143338 0.244196 0.396288 -0.238835 0.076160 -0.132317 0.551982 0.279888 0.130428 -0.192137 -0.676096 -0.391472 
0.115545 -0.421348 -0.144050 -1.184547 -0.368252 0.562535 -0.404405 -0.094927 -0.384959 0.271174 -0.313681 -0.428892 0.447226 0.245961 0.330009 -0.913549 
0.195578 -0.950926 -0.235744 -0.373107 0.361379 -0.085411 -0.336408 0.170528 -0.650310 0.508270 0.018618 0.091700 -0.312329 0.408849 0.110190 -1.502364 
-0.034071 -0.124901 -0.082092 -0.118355 -2.289735 -0.030925 0.326411 0.175545 -1.387338 0.232140 0.435040 0.429850 -0.428704 0.040355 -1.371358 -0.195143 
-0.055199 0.056860 0.030422 0.048699 -0.128783 -2.569753 -1.322891 0.246601 0.030211 0.255308 -1.124115 0.443508 0.485815 -0.700143 0.176004 -0.199869 
-0.210562 0.216492 0.210643 -0.430424 0.096071 0.347176 0.220900 -0.063046 -0.624911 0.406122 -0.421518 0.195253 0.021739 -1.171619 -0.369997 -0.066785 
-0.147536 0.243512 0.094735 0.247752 0.929860 0.132843 0.117266 -0.319315 0.568310 -0.604872 0.546101 -2.245741 -0.289510 0.054659 0.418512 -0.786770 
-0.425860 -0.324023 0.072769 0.388820 0.671721 -0.013125 -1.878401 0.141264 -0.276371 0.359088 -0.218285 -1.050863 -2.790887 -0.059507 -0.037002 -0.497571 
-0.041149 -0.556315 0.262458 0.490242 -0.025023 0.061125 -0.563335 -0.772605 -0.513663 -0.303747 -1.049692 0.164563 0.168630 0.275736 -1.596553 -0.490834 
0.266596 0.054766 0.279666 -0.083277 -0.082069 -3.462414 -1.170131 0.295576 0.183906 -0.431081 -0.280044 -0.026602 0.095701 -1.935763 0.005742 0.361800 
-0.481657 0.015237 -0.053041 -0.072021 0.603922 -0.862840 -0.542242 -0.190126 0.007033 0.918177 0.578767 -0.500105 -0.722278 0.117992 -1.675663 -0.591580 
0.259608 -0.801711 0.282219 -0.186944 0.267925 -0.236486 0.791244 0.033549 0.719417 0.352450 -0.456240 -0.072524 -0.363012 0.318874 -0.144646 -1.440061 
-0.463226 -0.147246 -0.208192 0.998713 0.250398 0.419380 0.167999 0.583013 -0.081251 -0.462268 -1.859658 0.967335 0.879990 -0.304495 0.021992 -0.533357 
0.299725 0.360251 0.020066 -0.916553 -2.385298 0.293031 0.018228 0.017962 0.020762 0.051961 -0.386421 -0.397252 0.045192 -0.200881 -0.501980 -0.347813 
-0.476739 0.379435 -0.411160 0.101463 0.822530 -0.285750 -0.017130 -0.618502 0.461086 -0.665511 -0.417138 0.071162 0.650321 0.188280 -0.873560 0.396923 
-0.061993 0.359933 0.043147 -0.158831 -1.327135 -0.211058 -0.989634 -0.080146 -0.355235 0.098429 -4.139091 0.190389 0.033256 0.172648 0.869175 -0.640059 
0.358004 0.319265 -0.054144 -0.778273 -0.350874 0.104784 0.325320 0.201452 0.745585 -0.145691 -0.050229 -0.532300 -0.383522 0.108090 -2.231529 -3.692178 
0.094048 0.228543 -0.515118 -0.266128 0.442550 -0.634977 -0.133817 0.096581 0.361582 0.732815 -0.030602 0.248936 -0.878837 -0.238447 -0.528228 -0.083861 
0.080962 -0.397644 -0.317677 1.197158 -0.744672 -0.234007 0.418219 0.307157 -0.659241 -0.796798 -0.295690 -0.025040 -0.897377 -0.000151 0.575685 -1.049965 
-0.800657 -0.207171 0.338788 -0.043520 -0.196390 0.039051 0.040493 -0.493389 -0.509350 -0.363257 0.481549 -4.927035 0.583024 0.324595 -0.306093 -1.614416 
-0.029128 0.095810 -0.876154 0.705029 0.202497 -0.089196 -0.617995 -0.038894 0.105229 -0.035097 -0.717305 0.581701 0.466536 -0.439813 0.334677 0.352994 
0.372323 -0.228985 0.290639 -0.270751 0.394847 -0.557610 -0.520904 0.193306 -0.375022 0.187161 0.174170 0.371750 -2.174711 -0.422125 -0.239195 0.174448 
-0.160838 0.732337 0.270516 -1.971963 -1.052770 0.429658 0.440530 -0.049993 -2.311702 -1.695354 0.414236 1.290455 -1.663782 0.125955 -0.781538 -0.941729 
-0.065890 0.131093 0.123971 0.050886 0.656349 0.937784 -1.016145 -0.205750 -0.931688 -0.688523 -0.829791 0.039771 -1.496144 0.405572 -0.178657 0.569188 
-0.683572 0.178494 0.099774 0.726351 0.174579 -0.448915 -0.866918 -0.019915 -0.618766 -0.606625 -0.254538 -0.832023 -0.016715 0.070350 -0.671850 0.208803 
0.240146 -0.344687 0.167974 0.457557 -0.414473 -0.118228 -1.795583 0.193611 -0.467789 -0.901325 -0.666000 -1.048451 -2.079954 0.358980 -0.028242 0.486594 
0.003268 0.071905 -0.191524 0.171444 0.310492 -0.602655 -0.690785 0.068736 0.135629 0.419735 0.151855 0.280660 0.627327 -1.629968 -1.003665 -0.676886 
-0.546273 -0.683490 0.188373 0.846025 0.365256 -0.122980 -0.042384 -0.124270 -0.065845 0.269555 -0.737504 -0.030878 0.738508 0.119409 0.154051 0.761669 
-0.243387 0.155873 0.005875 0.872155 -1.261026 0.542968 -0.486758 -0.066943 -0.153421 -0.441456 -1.157524 0.049853 -0.019350 0.324207 -0.598688 0.386929 
0.054243 0.222679 0.055310 -0.987868 -1.733460 0.231317 0.128642 -0.126058 0.732694 0.122324 0.265942 -0.318322 0.369083 0.216509 0.145512 -1.776839 
0.197001 0.019745 0.120061 0.138249 -0.992121 -0.117972 0.260640 0.240497 -0.966871 -0.860904 0.038867 0.258787 -0.211132 0.205008 -1.780489 -0.127352 
0.067393 0.383528 -0.059403 -0.910366 -0.605596 0.254118 -0.281963 -0.912583 -0.292608 -0.492981 0.248849 -0.784369 1.257253 -0.014553 0.060235 0.372974 
0.030864 0.126671 -0.146557 -0.871026 -0.225715 0.372396 0.744204 -1.506539 0.384951 0.168812 0.176336 -0.446937 -0.185919 0.389828 -1.057270 0.146701 
-0.091748 -0.111716 -0.069304 -0.204806 0.100901 -0.207573 0.382869 -0.115793 -1.689308 0.893480 -0.513298 -1.490393 -1.478626 0.119661 0.223215 0.479574 
0.342662 0.552222 0.164568 -1.318630 0.011529 -5.321836 -2.330304 0.336067 -0.073873 0.353546 0.469058 0.299260 0.026603 -4.398504 -1.083365 0.577640 
-0.386980 0.218151 0.119132 -0.111235 0.789793 -0.253047 0.290308 -0.341163 -1.736271 -0.092830 -0.489987 -0.574864 0.003869 0.351858 0.347333 -0.200831 
-0.581949 0.350475 0.023019 0.339047 -0.574861 0.534722 0.211382 -0.292856 -0.828958 0.372926 0.033841 -0.813741 -0.056830 0.071136 -0.279038 -0.949125 
-0.010109 0.349838 0.354297 -1.009486 -0.827041 0.047572 0.090723 0.343897 -0.143799 0.215963 -0.765860 0.470671 -0.635750 0.080380 0.059444 0.538851 
0.346710 0.385289 -0.114626 0.728724 0.673439 -0.557562 -0.872798 -0.083181 0.451917 -0.122307 -1.226943 0.460602 -0.234127 -0.460866 0.021623 0.301400 
-0.162672 -0.058455 0.303053 -0.065684 -0.555185 -0.866970 0.737506 0.362679 0.471897 -0.666642 0.099834 -0.227729 -0.117232 0.248508 1.378136 -0.051424 
0.182510 -0.587867 0.324054 -0.413537 -0.001264 0.101988 -0.980048 0.068573 -0.190175 -1.439461 0.579817 -0.656039 0.120998 0.346418 0.403461 -1.278501 
0.353567 -0.928527 0.147960 -1.345817 -0.583696 0.458344 -0.413328 0.074646 0.823077 0.235661 -0.641728 -0.696689 0.141650 -0.279147 0.063956 0.354937 
-0.459887 0.327723 -0.281656 0.126755 0.496594 0.149379 -0.118599 -1.042848 0.197839 -0.235053 0.085748 -0.802747 0.738575 -0.360041 -0.070448 -1.598193 
0.110125 0.119795 -0.083706 0.203461 -0.455812 0.184787 0.329186 -0.017352 0.811192 -0.151379 0.098194 0.088054 0.081274 -0.819129 0.592028 -2.615323 
-0.140455 -0.226102 -0.384812 -0.757562 0.131329 0.577312 0.472770 -0.125715 0.287766 -0.077150 0.250152 -0.029649 0.481768 0.092047 0.314129 0.076332 
0.341665 0.349421 -0.429446 -0.209808 0.077563 0.191198 -0.229084 -0.244755 0.631651 0.888087 0.526174 0.145341 0.143595 -0.109869 -1.535903 -0.015757 
0.106872 0.311008 -0.902825 -0.454707 -0.303049 -0.343904 -0.217053 0.205933 0.108711 0.283919 0.395427 0.618853 -0.356367 -1.394912 -0.755202 0.096286 
0.147336 -0.403829 -0.222004 0.386007 -0.853260 0.414925 0.238335 -0.709111 -3.336131 0.697643 0.164759 -0.269707 -0.270931 0.308487 0.247363 -0.455756 
0.135996 -0.037326 0.051997 -1.067760 0.022652 0.394127 -0.261696 -0.077609 0.140563 0.390683 -2.048340 0.697795 0.449248 -0.421737 -2.210578 -0.198439 
0.334300 -0.604908 0.078334 0.350760 0.406763 -3.314054 -1.917233 0.119522 0.059271 0.556353 0.176049 0.053983 -0.626287 -0.044500 -0.341726 0.582728 
-0.307555 0.158558 0.335191 -0.598870 0.061377 -0.107920 -0.666151 0.246580 -1.430528 0.175378 -0.453725 0.333045 -0.156985 0.160995 0.146285 -0.074646 
0.113219 0.136210 0.312486 -1.144730 0.574642 -0.067410 0.002320 -0.877427 -1.337278 0.179222 0.164306 -0.847947 0.359530 0.081509 -0.583072 -0.250439 
0.135492 -0.589497 0.261287 0.027809 0.760380 0.206335 0.004077 -0.400742 0.603577 -0.240210 -0.983388 0.428694 -0.231189 -0.401521 -0.061796 -0.248570 
0.185665 -0.238001 0.193564 0.412003 -0.060530 0.268600 0.278873 0.393344 -2.147208 -0.881056 -0.104829 -1.165190 0.585388 0.229617 0.004540 -4.154874 
0.029914 -0.944271 0.061820 -0.055970 -0.819239 0.194429 -0.165688 0.117225 0.329796 -0.164095 0.437295 -0.053693 0.124110 0.122442 1.081383 -0.282012 
0.066132 -0.204851 0.064388 0.458029 0.228131 0.224053 0.406880 -0.053723 0.245290 -0.403914 0.643963 -2.992143 -1.593451 0.127493 -0.074358 0.415339 
0.053499 0.172573 0.219664 -0.751029 -1.074901 0.344571 -0.813190 0.263280 -1.286065 0.052643 0.285596 -1.968227 -2.861977 0.146781 -1.685496 -3.127984 
-0.051678 -1.220554 0.298413 0.662308 0.474740 -0.276532 0.235065 0.232473 -1.384894 -0.605166 0.236348 -0.258782 0.487692 -0.029966 0.305150 -2.028729 
-0.069324 -0.225308 -0.379787 1.213744 -0.379366 0.099273 0.364916 -0.149906 -0.053218 0.427892 -0.405691 -1.274129 0.202914 -0.488205 0.088634 1.049832 
-0.505803 -0.374478 -0.019979 -0.068197 1.475691 0.067376 0.125630 -0.297899 0.659428 0.026633 0.362994 0.281893 -0.237065 0.001785 0.058647 -0.649407 
0.590736 -0.138523 -0.113777 0.036639 -0.605751 -0.178901 -0.094748 -0.254007 -1.564914 -1.030944 -0.024882 -0.932650 -0.377571 -0.477367 -0.354359 -0.107979 
0.096235 0.303097 -0.472488 0.715499 0.257987 0.345910 0.552266 -0.131652 -1.541922 -0.427149 0.502203 0.074869 -0.083462 0.029751 -0.650453 0.813725 
-0.297854 0.196654 0.101532 0.036037 -0.263650 0.103685 -0.153504 -0.185166 -1.900871 -0.291845 0.453450 0.436201 -2.307366 0.331869 0.286541 -0.002633 
0.150647 -0.802066 -0.480281 0.205474 0.584294 -0.116363 -0.023769 0.096965 0.361130 -0.413311 0.976234 0.659803 -0.318062 0.257967 -0.091119 -1.050633 
