0.315616 0.373836 0.132463 -0.223614 0.217460 -0.357438 -0.008310 0.233977 -1.817021 0.027661 -0.594594 -0.212236 -0.256196 -1.063436 0.618600 0.100952 
-0.075717 -1.821225 0.212046 0.188087 0.238606 -0.524288 -0.591551 0.325419 -0.136202 0.455416 0.316348 -0.972297 -0.580797 0.170662 -0.550810 -0.934646 
-0.257967 0.675765 0.148936 -1.173452 -0.380119 0.372832 0.505749 -0.023005 -2.961956 -1.350126 0.402646 1.178013 -3.387135 0.345239 -0.379899 -1.333178 
-0.138499 -0.117770 -0.159219 0.353273 0.228333 0.097318 0.326744 -0.021384 0.216869 -0.390346 -2.512046 0.118896 0.753855 -0.609994 -0.323173 0.633924 
0.115714 0.521966 0.093227 -0.677784 -0.068439 0.036068 0.462261 0.159164 -0.342521 0.151647 -0.229447 0.198800 0.156496 -1.155265 -2.482382 1.015466 
-0.036443 0.165219 -0.504158 0.261538 0.788353 0.327679 -0.588670 -0.425320 0.345098 1.406741 -0.264840 -0.406285 0.137727 -0.514080 -0.916159 -3.774810 
0.281340 0.272457 -0.209209 -0.715432 -0.293219 -0.713743 -1.380460 -0.190383 0.513900 0.127945 0.324811 0.621731 0.855513 -0.033548 -0.574896 -0.389695 
-0.172790 -0.057219 0.194958 -0.768394 0.024862 0.476331 -0.616170 -0.664417 -0.100434 0.598855 0.118480 -1.050670 -1.139120 -0.108736 -2.867800 -0.390413 
0.081744 -0.672569 0.135059 0.378517 0.353748 0.215750 0.591101 -0.675862 0.052180 -0.057448 -0.725757 -0.558457 0.194262 0.140258 0.003154 -0.002073 
-0.029082 -0.009164 -0.046025 0.178895 -0.864607 -0.940509 0.650326 0.124863 -1.204420 -0.503431 -0.257907 0.259796 0.344129 0.463395 0.063786 1.436347 
-0.038206 -0.439462 -0.029388 0.919160 -0.407136 0.449650 -0.040652 -0.662365 -0.061850 0.383115 -0.163184 -0.024921 -0.220572 -0.358348 -0.392058 1.564147 
-0.941004 0.000275 0.185732 0.417766 -0.098521 0.083184 0.155192 -0.046387 -0.442017 -0.724220 0.449994 -0.662403 0.365078 0.171626 -1.684430 -0.119259 
-0.049349 0.266250 -0.576647 0.480373 0.028544 0.487861 0.713958 0.260000 -0.342430 -0.087004 0.478792 0.584602 0.018776 -0.003353 -0.007107 -1.058489 
0.014328 0.109632 -0.397565 -0.835999 -1.562615 0.379797 0.384373 -0.641166 -5.073858 0.115601 0.454197 0.080951 0.405692 0.279001 -0.394394 -1.302492 
0.274285 -0.620003 0.287504 -0.340697 0.122096 -0.904891 -0.097104 0.264288 0.094126 -1.229716 0.262714 0.039518 0.168828 0.099217 0.626631 -0.425071 
0.083840 -0.250665 0.135176 0.802241 -0.824615 -0.094491 -0.089807 0.315674 -0.655172 0.277634 0.960475 -0.285441 0.315346 -0.088322 -0.198997 -0.401567 
-0.581240 -0.351247 0.212636 0.636566 0.566029 0.721861 0.151448 -0.620396 -0.049712 -0.221682 -0.239610 -0.137912 -1.158052 0.244599 -0.404355 0.398154 
0.397428 0.308923 0.052009 -1.142401 -2.385732 0.118417 0.325667 -0.101492 -0.808914 0.057700 0.462851 -0.308865 -1.421187 0.057634 -0.025196 -1.580752 
-0.041365 0.096089 0.277029 -0.590324 -2.564917 0.135662 0.306693 0.421756 -1.332554 -0.898956 0.098808 -0.770246 0.434477 0.278534 -3.510171 -2.238849 
0.108125 0.154852 -0.214132 0.308703 0.651113 -0.454737 -0.132480 0.245730 -0.097519 0.631313 -0.433466 -0.625246 -2.484097 -0.604740 -0.042129 0.369020 
0.155049 -0.036998 0.245043 -0.512545 0.717717 -0.075357 -0.116424 0.106165 -3.730023 0.381160 0.448521 -3.298773 -1.224232 0.025349 0.381207 -0.459087 
0.167967 -0.193583 -0.010268 0.047374 0.500039 0.576009 -0.457749 0.335272 0.001762 -1.154594 -0.623720 -0.274868 -0.592117 0.286117 -4.087247 0.593565 
-0.014678 0.056862 0.083837 -0.068664 -2.383054 0.230288 0.223646 0.099059 -1.002308 0.169411 -0.440479 0.230423 -1.691375 -0.133730 -0.347191 0.308878 
0.196969 0.229316 0.213531 -1.252720 -0.229426 -9.005854 -2.518357 0.297587 0.046987 0.128599 0.182509 0.576002 0.210856 -4.004473 -0.730029 0.216835 
0.308877 -0.457980 0.038104 -1.226460 -1.401642 0.280429 0.467722 0.244079 0.120739 0.263671 -2.576908 1.004264 0.293347 -0.232608 -1.808804 -2.168899 
0.042417 -0.136146 0.206575 -1.206351 -1.087029 0.098988 0.062524 -0.083093 -0.190449 -2.769303 0.363115 -0.433680 0.538646 0.256518 0.155663 -0.804254 
-0.087966 -0.218182 -0.028871 -1.134779 -0.616465 0.359933 0.032377 0.027644 -0.208346 0.160446 0.955029 -0.200019 -0.488902 0.229158 0.368618 -0.914199 
-0.273790 -1.278029 0.152123 -0.103203 0.167216 0.325683 0.277394 0.005580 -1.252527 -0.704498 -0.882783 -0.435043 0.959543 -0.025076 0.649237 -0.292084 
0.134027 0.457487 -0.054288 -0.279741 -0.465278 0.108447 -0.322273 -0.870474 -0.370645 -0.041968 -0.334107 0.236403 0.106229 0.444867 -2.760863 0.357868 
0.161164 0.327701 -0.240281 0.208046 -0.073977 -0.126870 -0.479264 0.255604 0.073319 0.445861 -0.276656 1.037126 0.062679 -1.581084 -0.047498 -0.149805 
-0.312819 -0.093125 0.177759 -0.151329 0.358485 -0.130517 -2.592987 0.155485 -1.387342 0.377262 -1.103826 0.130865 -0.165138 0.117278 0.163453 -0.223188 
0.232696 -0.089896 0.173304 -1.642134 0.332304 -0.645773 0.250181 0.292962 0.700527 -0.599598 0.657806 -0.942136 -1.399217 0.341394 -0.418743 -0.391496 
-0.679769 -0.113893 0.337688 -0.310759 0.172600 -0.240735 -0.507289 -0.523465 -0.848854 -0.012036 0.099347 -1.759775 0.936949 0.255210 0.469923 0.128266 
0.098930 -1.423369 -0.034482 0.254867 0.573571 -0.252492 0.503811 -0.074351 -0.031841 -0.123710 0.601171 -0.592766 -0.849217 0.003895 0.140779 -0.980545 
0.040373 -0.204039 -0.171137 -0.626614 -0.685547 0.268351 -0.060895 -0.462283 0.365314 0.212774 0.277606 0.058871 0.832830 0.108235 0.402923 -2.127088 
0.210121 -0.077796 0.285189 -0.897012 -0.242248 0.163115 -0.824647 0.145465 0.416574 0.060754 -3.391289 0.086074 0.252084 -0.680235 -0.350910 0.130440 
-1.292201 0.263044 -0.065929 0.819552 -0.137907 -0.339623 0.163334 -0.205294 -0.436631 0.115234 0.004773 -0.054088 -0.448250 0.332794 -0.197079 -0.845005 
-0.334424 -0.483420 -0.628063 -0.210685 0.831600 0.237218 0.319014 -0.111728 -0.657803 0.393542 -0.067375 -0.715716 0.553097 0.467375 -0.468073 0.387013 
-0.025016 0.233673 0.069690 0.752413 0.275164 0.320831 -0.110638 0.134470 -0.294699 -0.503568 0.273340 0.317948 -4.280928 0.044533 0.608306 -1.743842 
-0.141999 -0.660769 0.353187 0.611535 0.216366 -0.108191 -0.410350 -0.566637 0.137500 -0.202669 -0.507175 -0.003057 -0.188637 0.571453 -1.306774 -1.186098 
0.022614 0.064854 0.137480 0.441170 0.022714 0.087419 -0.252465 0.159692 -0.369130 0.256373 0.287003 0.466684 -3.147330 0.350127 0.098554 -4.199914 
0.290970 0.223564 -0.602119 -0.370503 0.035605 0.429789 0.394777 -1.050520 0.697442 -0.524310 0.422000 0.228929 0.912142 -0.028251 0.008524 0.481495 
0.302021 -2.457739 0.230629 0.280931 0.332566 -1.022609 -0.856199 0.266964 -0.165276 0.128093 0.145321 -3.498946 -0.422642 0.606005 0.538223 -0.030409 
0.005449 -0.238899 0.040747 -0.223150 0.519821 0.260365 0.055788 0.024589 -0.704105 -0.005911 -0.253033 -0.123562 -0.568036 0.182721 -0.097766 0.167545 
0.193163 0.127246 -0.579199 -0.586326 0.240602 -2.412749 -0.815063 0.294471 0.371223 -0.091378 -0.123460 0.473138 0.821880 -2.243062 -1.156243 -0.343266 
0.003931 0.602868 -0.014504 -0.207807 0.786747 0.828283 -0.019750 -0.426378 0.306329 -1.484203 -0.320511 -0.398134 -1.116508 -0.494256 -0.447667 0.616910 
-0.050558 -0.015487 -0.529474 0.972809 -0.214317 -0.163771 0.394740 -0.382016 -0.320262 -0.371131 0.082718 1.039092 0.135629 0.410770 -1.421262 -0.049735 
0.023874 0.438812 0.111884 -0.287431 1.121606 -0.375022 0.245170 -0.712233 -0.532844 -0.084949 -0.089601 -0.079118 0.265302 -0.292107 -0.919250 -0.066593 
-0.010124 -0.433398 -0.094590 0.611419 0.614754 0.021584 -0.592430 -0.903776 -1.249748 0.538977 0.151840 -1.790442 -2.381004 0.301090 0.285744 -0.437694 
0.131050 0.398983 0.001941 0.453800 -1.470249 -0.079875 -1.458748 -0.081719 -0.505682 -0.313017 -1.138081 -0.729262 0.629463 0.278260 0.341918 0.716109 
-0.063755 0.041264 0.109922 -1.267767 -1.627516 -0.073557 0.529448 0.067802 -1.201703 0.191018 -0.886661 0.343467 -1.144514 0.108415 0.081801 -0.547538 
-0.035884 -0.278995 0.271683 0.554391 0.043365 -0.185837 -0.451110 0.164256 -2.358485 -0.463300 -0.345447 -0.429661 -0.517760 -0.121346 0.240296 -2.346598 
0.198981 0.181610 0.205978 0.687781 -0.105451 0.276469 -0.630653 0.441590 0.159301 -0.278240 -1.508759 0.626336 0.156369 -1.684115 0.037704 -0.205280 
0.002616 -0.674941 -0.098408 -0.318197 -0.066359 0.377507 -0.114546 -0.158820 -0.371122 0.767433 -0.175585 -0.625343 0.281862 -0.438835 0.160720 -1.959360 
0.016235 -0.294053 0.153164 -0.459053 0.596495 0.137776 -0.537174 -0.091288 -0.831045 1.001628 0.069358 -0.230402 -2.469636 0.022628 -0.888409 -0.087605 
-0.084484 -0.045315 -0.245445 0.126474 -0.044160 0.310618 0.630751 -0.099132 0.835844 -0.208944 0.646887 -0.477120 -0.891232 0.344744 -0.052233 -0.016225 
0.322813 -0.692159 -0.026853 -1.063797 -0.501084 0.358511 0.583589 0.190157 -1.230766 0.057581 -0.249205 -1.545761 -0.143777 0.056024 0.849161 -1.584096 
0.116890 -0.013969 0.133466 0.100364 -0.672269 0.164154 -0.161063 0.177941 -0.080060 -0.120047 -2.270283 0.024580 -2.602154 0.198528 -0.743968 -0.166198 
0.349855 0.228066 -0.392739 0.885734 -1.370677 0.492209 -0.896320 0.131242 -1.221679 -0.436686 -0.180927 -1.282658 -0.771178 0.665205 -0.269138 0.318489 
-0.186905 0.048618 0.031029 -1.187270 0.942836 -0.087397 0.322908 -0.135970 0.417780 0.199292 -1.249203 -0.093450 -0.243115 0.087450 -0.171986 0.246846 
0.009654 0.291693 -0.127042 -1.348014 0.124928 0.561599 -0.654497 0.044571 0.598186 -0.455199 0.263347 -1.505303 0.742506 0.226882 -0.495265 -1.228855 
-0.212855 -0.028160 0.080195 0.139638 0.024312 0.167715 -0.196136 -1.202684 -0.255829 -0.113127 -0.088677 -0.315095 0.716914 0.151224 -1.474431 -3.324524 
-0.072386 -0.208962 0.272261 -0.736646 -0.835584 0.088686 0.641264 -0.071521 0.751356 -0.068292 0.196662 -1.246506 0.343449 0.070604 -0.346822 -0.284218 
-0.630661 0.436461 -0.038948 0.051114 0.121383 0.154333 -0.927363 -0.394606 -1.395847 -0.251970 -0.210958 -0.667893 1.165627 -0.016869 0.295695 0.810022 
0.048552 -0.070967 -0.256550 0.190101 0.316946 0.131445 -0.009412 0.231910 -2.240362 0.310501 0.596332 0.440033 0.442205 -0.268614 -0.614483 1.054112 
0.356723 0.154147 0.040184 0.231190 0.048089 -0.489187 0.132953 0.006474 -1.859304 -0.643227 0.854578 -2.087749 -0.148314 0.191154 -0.412909 -0.249900 
0.375640 -0.047617 -0.108576 0.376926 -0.408350 -2.701465 -1.493121 0.292580 0.055032 -0.217982 0.005401 0.540071 -1.556846 -0.920638 0.252721 -0.995864 
0.179472 -0.094726 0.309644 -0.700283 -2.014883 -0.262773 -2.904467 0.304772 0.050373 -0.235397 -0.913078 0.153694 -0.257571 0.099292 0.296813 -0.294530 
0.207014 0.000719 0.066839 0.624591 -2.211750 0.483488 0.350534 0.146112 -0.441406 0.286795 0.162662 -3.106848 -1.572310 -0.048416 -0.334824 -1.319848 
-0.158175 0.125636 -0.026149 -0.127748 0.927920 -2.393334 -1.312027 -0.027216 0.458897 0.720321 -0.151151 -0.521786 0.114341 -0.013487 0.151215 -0.163524 
-0.313250 -0.096332 -0.257623 0.244534 1.095854 -0.242951 0.665942 -0.345038 -0.067937 -0.350658 -0.537012 -0.245957 -1.651412 0.420731 0.351549 0.109704 
0.027711 0.081875 0.294047 -0.910605 -0.385953 0.131760 0.489790 0.105388 0.092337 0.195503 0.302098 0.297102 -0.820988 0.153658 0.564022 0.015741 
-0.586485 -0.599704 0.221304 0.578789 0.628065 -0.432258 -1.088035 0.235852 0.297196 -0.171253 0.321762 -1.170156 -1.950325 0.139631 1.002471 -0.027010 
-0.036327 0.037498 -0.089456 0.508776 -0.778296 -0.030255 0.275086 0.212387 0.105381 0.109502 -1.547687 0.022050 1.012086 -0.293667 0.771098 0.551637 
0.236495 -1.525303 -0.063501 0.122625 0.134666 0.198594 -1.125353 -0.060166 1.336557 -0.017332 0.233905 0.181161 -0.057201 -0.114017 0.108566 2.491519 
-0.230784 0.527851 0.001653 0.003506 -0.735942 -0.117047 -0.238364 0.111569 1.273003 0.214628 -0.741336 -0.399759 0.082039 -0.013355 -2.981069 -0.390880 
-0.164198 -0.196947 -0.021735 0.844049 0.369025 -0.470697 -0.231733 -0.132103 0.644953 -1.398087 0.119342 -4.353801 -0.450934 -0.048440 -0.992085 0.285737 
0.116520 0.025215 -0.286125 -0.474579 -0.229226 -0.125460 -0.788539 0.243632 -0.165171 0.257626 0.073477 0.099854 0.485568 0.760002 0.777005 -2.501258 
0.394108 0.074358 -0.122281 -0.420506 0.186667 0.231108 -0.249691 -0.035089 0.513230 -1.139189 -1.669182 0.909559 -0.823047 -0.081010 -0.922807 -0.256253 
0.099186 0.260693 -0.127042 -0.281750 0.426391 0.123243 0.634601 -0.747326 0.504523 0.295611 0.300110 -1.264958 -0.044514 -0.241752 0.737414 -3.980656 
