-0.427943 -0.391961 0.091611 0.332240 0.650389 0.193732 -0.820223 -0.048160 -2.991981 -0.028714 0.238116 -0.603362 -0.867280 0.277978 0.844528 -0.116378 
-0.233128 -1.188595 0.105290 0.218767 0.190878 0.488605 -0.376999 0.043422 -1.661102 -0.033401 0.252820 -1.828786 1.532814 0.012706 0.439565 -0.440340 
0.230158 -0.564719 -0.194763 -0.070644 0.398905 0.062649 -0.186984 0.414999 0.155693 0.193078 0.375342 0.018990 -0.032526 0.234542 -0.454891 -0.408294 
-0.087521 -0.056937 0.047538 -1.990953 -0.628569 0.418791 -0.280156 -0.264749 0.583497 0.317094 0.169287 -1.563437 0.415849 -0.034534 -0.101047 -0.672151 
-0.044012 -0.054536 -0.008517 0.169715 0.603637 0.758964 0.364474 -0.965237 0.144520 -0.687993 -0.274356 0.395484 0.168551 -0.919223 -1.263431 0.469035 
-0.315356 0.761186 0.212612 -0.946140 0.585043 0.332936 0.506934 -0.600580 -1.851543 -1.058690 0.015285 0.963012 -0.807050 0.086161 -1.217753 0.152970 
-0.024012 0.093516 -0.188737 0.722234 0.791686 -0.248329 -0.027569 -0.013386 0.191110 -0.196432 -1.151278 0.499380 0.459609 -1.854415 0.466145 0.032052 
0.021856 0.068349 -0.630520 0.445518 -0.013007 0.084124 -0.912267 -0.134846 -0.363995 0.873569 -0.274645 -0.657484 0.315877 -0.829360 -0.037061 0.598423 
-0.051442 -0.189476 0.034771 0.583858 0.507883 0.001867 0.586571 -1.065353 0.664477 0.214563 0.629675 -1.892282 -0.914536 0.160917 0.761451 -1.905975 
0.128296 -0.192327 0.274177 0.477549 0.117493 0.137083 -0.032213 0.378605 -1.270143 -1.303013 0.464036 0.126609 -2.042206 -0.141524 0.535027 -0.379629 
-0.145366 -0.016513 0.148222 -0.169659 -0.057648 -0.300352 -0.300619 0.239935 0.056265 -0.012011 -0.052862 -0.138974 0.377301 0.391015 0.210415 -0.119186 
0.358137 0.052749 0.114459 -0.626769 -0.512418 -1.185296 -2.032412 0.041704 0.413954 0.128190 -0.087911 -0.036843 0.591732 0.172921 0.351046 -0.140185 
0.066541 0.333022 0.313583 -0.885862 -0.589127 0.651040 -0.082246 0.363387 -0.633822 -0.276213 -0.537694 0.329711 -4.514669 0.124370 -0.974284 0.923177 
0.179543 0.122428 -0.043199 -0.472021 -0.515339 0.102881 -0.015385 -1.159745 -0.550870 0.060666 0.792071 -0.036486 0.448680 0.111774 -0.942574 -0.183946 
0.391677 0.346556 0.310261 0.095301 -0.772817 -0.135060 0.220769 0.286682 -0.882605 -0.229579 -0.754741 -1.891198 -0.524103 0.252360 0.105164 0.484615 
-0.364729 0.461679 0.109202 0.547360 -0.060117 0.150298 0.332038 -0.220620 0.207193 -0.071127 -0.275592 -0.239846 -0.451190 -0.092854 0.005951 -0.127677 
-0.101923 -0.113475 -0.105885 0.435314 -0.115093 -0.141681 -0.232139 -0.135211 -1.249544 0.412229 -1.565907 0.424036 0.041662 0.239579 -2.806581 -0.711542 
0.288153 0.037803 -0.298250 -0.557766 0.840843 -0.347553 -0.888661 0.169083 0.606665 -0.242454 0.017826 0.742806 0.500306 -0.810740 -0.672782 -0.509350 
0.277752 -2.108614 0.009653 0.097097 -0.119348 0.191977 -0.220757 0.034075 0.502067 0.256698 0.128774 -0.177114 -0.284573 -0.050124 -0.358450 0.895116 
0.147002 0.213785 -0.340872 -0.334077 -0.319665 0.193292 0.429806 0.501457 0.018893 -0.090807 -0.979344 1.027606 0.015987 -1.519364 -1.313965 0.996395 
0.082300 0.109137 -0.387572 -0.053683 0.555379 -0.201849 -0.530525 -0.271932 0.533026 0.989160 0.343941 0.719838 -0.141514 -1.030971 -0.675198 -0.148486 
0.038432 -1.217714 0.168638 0.528365 0.899832 -0.284782 0.265838 0.045196 0.013598 0.201922 -0.378623 -0.266209 -0.948061 0.408938 0.758106 -1.588963 
-0.578624 0.279242 -0.133614 -0.252571 0.967188 -0.557534 0.075005 -0.617095 -0.109096 0.151321 -0.161327 -0.688405 -0.129741 0.322812 0.257128 -0.077053 
0.195194 -0.266201 0.305899 -0.241940 -1.496470 0.169658 0.553829 0.341450 0.237938 0.125525 -0.872047 -0.509629 0.177705 -0.093845 -1.004137 -4.876847 
-0.081086 0.071373 -0.543936 -0.634595 0.102613 0.340861 0.585407 -0.464000 0.540362 -0.275430 0.358948 -0.037938 -0.247131 0.058475 -0.634860 0.241480 
0.140057 0.172784 -0.130663 0.440222 -0.294867 0.188724 0.279476 -0.069355 -0.104869 -0.114591 0.168481 -1.060534 0.633371 -0.431043 0.433567 0.701367 
-0.044857 0.162528 -0.168104 -0.394663 0.453321 0.547579 -0.377377 -0.878103 -0.618572 0.211319 -0.891098 -0.946942 -0.690632 0.442590 -0.551178 0.296421 
0.105610 0.226065 -0.069649 -1.300978 -1.490853 -0.218471 -0.607859 -0.086877 0.016110 -0.578855 0.233480 -0.759480 0.972098 -0.056727 0.042769 -0.983418 
-0.066737 -0.612681 0.114009 -0.459267 0.380022 0.045202 -0.467975 0.140347 0.485483 -0.049173 -0.730953 -0.433074 0.709205 -0.430974 0.649874 0.207119 
0.211834 -0.130570 0.209474 -0.025375 -0.727485 -1.743894 -0.495810 0.229328 -0.518817 0.053068 -1.160093 0.337994 0.078766 -0.094533 -0.045142 0.081927 
0.275402 -0.443860 0.226209 -1.106424 0.223387 0.232010 0.305418 -0.088769 0.460217 0.380446 0.059838 -1.413075 -3.047998 0.231685 -0.690072 -0.125400 
0.051170 -0.227961 0.039413 -0.496711 -0.750994 0.068000 0.187196 0.635617 1.227555 -0.891395 -0.004864 -0.232190 -0.190104 0.115918 -2.075107 -0.488544 
-0.560434 -0.246165 0.204259 0.264914 0.137728 -1.413435 -0.313776 0.266655 0.319438 0.309902 0.481286 -0.745080 -0.396704 -0.014182 -0.578629 -1.906315 
-0.111377 -0.370208 -0.130993 -0.803556 -0.415023 0.389260 0.473422 -0.472070 0.238402 0.189216 0.285236 0.316858 -0.127964 0.573413 0.298567 -1.317718 
0.059198 0.178747 0.124733 0.262390 -2.107885 0.286230 0.120487 0.101013 -1.112810 -0.033794 0.180709 -0.350145 -2.819681 -0.028680 -0.175449 -0.827148 
-0.308993 0.171388 -0.067883 0.586149 0.292312 0.350023 -0.135557 -0.741176 -0.961757 -0.564517 -0.245988 -0.468741 0.910620 0.217507 -0.108430 -0.150385 
-0.049538 0.301941 0.162197 -1.898252 -4.192790 0.417165 0.290431 0.022037 -1.317980 -0.151282 0.410794 0.644861 -0.679588 0.295231 -1.840480 -0.535376 
0.049920 -0.089003 0.171582 -0.211107 -0.102507 0.102827 -1.465910 0.139659 0.145259 0.145310 -2.257173 0.365980 0.300003 -1.207241 -0.009755 0.316855 
-0.066727 0.076203 0.183080 0.031922 -0.243042 -2.492141 -0.823466 0.157862 -0.211790 -0.074963 0.545787 0.247911 -0.027721 -2.511283 -0.804981 0.493567 
-0.715144 0.213343 0.007359 0.910890 -0.463659 0.349147 -0.414437 0.104328 -1.398564 -0.004178 0.019744 0.156950 -1.196333 0.274395 -0.279899 -1.472580 
-0.315704 -0.871110 0.257595 0.017736 0.173552 -0.335770 0.435344 0.242682 0.397976 -0.539294 0.570813 -0.289212 -0.866717 0.514642 1.090587 -0.934987 
0.364030 -0.352089 0.002082 -0.993287 -0.718054 0.393855 0.499177 -0.464057 -1.613004 -0.250454 0.312589 -0.797439 0.119614 0.317010 -1.646072 -2.861197 
0.362926 0.482745 0.066877 0.363624 -0.089572 -0.740229 -0.856428 0.136915 0.097167 -1.204438 0.119940 -0.633188 -0.159704 -0.422461 -3.079725 0.080388 
0.188858 0.134946 0.021699 0.006283 -1.207835 -0.433534 0.436530 -0.047845 -1.248089 -0.832765 -0.064249 -0.806907 -0.361211 0.074931 -1.221244 -0.037706 
0.265469 -1.702494 0.208752 0.440311 -0.111669 -0.527623 -0.415436 0.221902 -2.894378 0.132896 0.515225 -3.791926 -1.081530 0.380013 0.949385 -1.345907 
-0.213463 0.106724 -0.148559 0.453664 0.459397 0.496839 -0.153057 -0.151401 0.166080 -0.746989 -0.291488 -0.393210 -1.730032 0.469257 -0.063064 -0.079798 
-0.335203 0.270397 0.039114 -0.183949 -0.460989 -0.547497 -0.685498 -0.240229 -0.813845 0.095769 -3.095752 0.079818 0.343431 0.355704 0.835471 0.026827 
-0.439331 -0.327434 0.157024 0.246819 0.098171 0.036369 -0.738872 0.184160 0.096543 0.431242 0.129327 -0.915357 -0.727331 -0.211641 0.645015 -0.579238 
0.119245 -0.003556 0.077914 0.062808 -0.237807 -0.057281 0.210031 -0.369065 -0.142589 0.173808 -1.650155 0.247910 0.168460 0.231778 0.068538 -2.963449 
0.004354 -0.636358 0.216721 0.855790 0.094218 0.188107 -0.232954 -0.263074 0.262177 -0.176060 -0.073268 -0.284965 -0.040687 0.062020 -0.337267 -0.039723 
0.183410 0.121539 0.124741 0.128053 0.148421 0.133306 -0.779188 0.232327 -0.126831 -0.600583 -0.905208 -1.072888 -2.749057 0.415932 -0.712193 -0.564286 
-0.002455 0.014290 -0.562406 -0.568145 -0.981130 0.222162 0.505398 -0.145764 -0.332225 -0.014650 0.340163 -0.051992 0.271453 0.191665 0.412077 -0.260511 
0.033731 0.011896 -0.057878 -0.110265 0.721836 -0.015092 -0.108319 -0.424460 -1.382595 0.855317 0.028605 -0.664140 -1.926286 0.452641 -0.889299 0.246724 
-0.020351 0.060511 -0.093197 0.588096 0.421835 -0.049652 0.070215 -0.102430 0.083423 -2.208156 -0.335422 0.441774 -0.471624 0.526449 -1.478753 -0.115095 
0.216900 0.275843 -0.054628 -0.034911 -0.936070 0.104639 0.111901 -0.970537 0.196996 0.063309 -0.523455 0.101693 0.330411 -0.069242 -0.218594 -1.837150 
0.187312 -0.643639 0.040986 0.902897 0.128494 0.090683 0.591559 0.316950 -0.370460 -1.019040 -0.161897 -2.522524 -0.278322 0.176140 -0.022343 -1.235817 
-0.146769 0.558070 -0.180592 -0.483716 -0.156078 -0.316991 -0.946542 0.163453 0.699529 -0.302000 -0.969008 0.018185 0.233335 0.015181 -0.132042 0.320196 
-0.064209 0.268020 -0.263326 -0.005619 0.543961 0.062608 0.362254 -0.143867 0.736262 -0.708580 -0.568945 -0.365155 0.544400 0.234268 -0.882602 0.172923 
0.207976 0.452229 -0.384164 0.222989 0.778788 -0.313390 0.519265 0.302932 0.599408 0.135095 0.116144 -2.348773 0.066619 -0.257933 -3.358514 -0.119445 
0.298846 0.225482 0.211873 -1.173559 0.742686 -0.638909 -1.670355 0.014155 -0.659232 0.246225 -0.029627 -0.079577 0.019210 -0.734909 -0.172343 0.326546 
-0.104114 -0.120102 0.269875 0.029578 -0.623503 -0.031587 -1.110604 -0.425945 0.456178 -0.295924 0.581183 -0.080018 0.346763 0.281128 -0.197560 -3.456912 
0.000084 -0.034750 0.144263 -0.946146 0.167181 -0.193551 0.225039 0.283866 0.354208 -1.657987 -0.121727 0.099168 0.925927 0.137538 0.264870 0.280784 
0.195311 0.363736 -0.034410 0.116382 0.232240 0.168704 0.023178 -0.042129 0.244592 0.192125 -0.428268 -0.518225 -0.568261 -0.120312 0.567318 -1.453958 
0.474600 0.385936 0.160086 -2.727850 -0.795703 -2.243553 -2.278296 0.370284 -0.003035 -0.990670 0.472862 0.377445 0.396617 -0.548600 0.450592 0.367539 
-0.197838 -0.437735 -0.097911 0.951193 -0.317078 -0.295274 -0.306564 -0.013603 0.562676 0.262226 0.435452 0.227890 -0.077875 0.135901 -0.418959 0.747205 
0.203096 -1.059585 -0.013928 -0.530489 -1.017110 0.453925 -0.038947 -0.032895 0.667688 -0.000250 -1.235105 1.019852 0.670430 0.219734 -0.023504 0.246905 
0.043037 0.151428 0.148884 -1.167930 -0.503705 0.291496 0.300564 0.138436 -1.232208 -0.032915 0.759351 0.036949 -1.806707 0.182321 0.763162 -1.416378 
0.291986 -0.173425 0.110887 -0.948243 -1.488910 0.159733 0.530670 0.172036 -0.770734 0.458936 -0.097871 -2.687693 -0.741635 0.085561 -1.223030 -2.536336 
-0.203227 0.334181 -0.285978 -0.210243 0.713550 -0.247799 -0.278524 -0.604135 0.375190 0.907979 -0.307358 -0.366823 0.068028 0.017335 -0.503841 -0.574744 
0.058705 -0.884634 -0.156497 -0.032852 0.401709 0.255771 -0.079387 0.054769 -0.636018 -0.357399 0.482371 -0.361150 0.162441 0.390725 0.040650 -0.497283 
0.187745 0.203385 -0.063998 0.019245 0.216858 -5.862076 -2.974285 0.226563 0.335457 0.394503 -0.139507 0.437010 0.146134 -1.501188 -0.293728 -0.269124 
0.326058 -0.565001 0.183044 -0.236962 0.377199 -0.636573 -0.320270 0.168952 -0.054140 0.090369 -0.355690 0.642942 -2.676399 -0.499600 -0.028263 -1.422388 
-0.216649 -0.164759 -0.073574 0.475490 0.225600 -0.573137 0.288501 -0.113545 0.202596 0.318586 -0.041154 -0.280138 0.895985 -0.527678 -0.378870 -1.064269 
0.100857 0.118559 0.154028 0.089467 -1.658409 0.292271 -0.403446 0.154363 0.092741 0.075705 -2.740498 0.798374 -0.020717 0.310316 0.060855 -0.001820 
-0.986737 0.106230 0.437774 0.422745 0.217751 -0.214416 -0.457686 -0.161572 -1.228556 -0.583567 0.285920 -1.387291 0.706707 0.242001 -0.301799 -0.616178 
0.027271 0.301534 -0.038353 0.589600 0.124447 -0.190623 0.065920 0.243149 -0.423852 0.111036 -0.274306 0.872735 -2.829939 -0.192277 0.669027 0.766078 
0.200494 0.123075 0.024762 -0.626040 -1.188747 -0.071102 0.304066 0.032675 -1.153564 0.201261 0.132537 0.369759 -0.101979 0.214458 -1.457697 0.284288 
0.134725 0.167567 0.071352 0.116955 -0.450151 -0.277702 0.010140 0.034699 -0.002777 -0.162056 -1.265032 -0.950253 0.375075 0.646457 -1.681382 -0.238466 
0.278447 0.345278 -0.614560 0.426505 -0.780333 -0.080518 0.413871 0.439750 -1.093021 0.239623 -0.163523 0.510969 0.020723 -0.388807 0.665647 0.352959 
-0.413867 -0.163905 0.300069 -0.036037 0.467387 -0.247777 0.177507 0.331648 -0.533714 0.308199 -1.064966 -0.683141 -1.611658 0.241170 0.024909 -0.073750 
0.162736 0.110477 0.332429 -0.694282 0.393878 -0.068576 -0.523324 0.360978 0.109480 0.272693 -0.027919 -0.167013 -0.049163 -2.480413 0.135605 0.089357 
0.371914 0.327363 -0.554631 -0.401111 0.137730 0.282127 -0.384832 -0.234509 0.598616 0.303598 -0.527259 0.352714 -0.176881 -0.262123 -0.738003 0.230855 
