0.125837 -0.372278 0.150051 -0.091404 -0.215575 0.157578 -1.675058 0.149138 -1.118962 0.013801 -0.192092 -0.010745 0.102012 0.530340 1.116939 -2.683625 
0.266477 -0.151998 -0.495133 -0.615894 0.155730 0.497444 0.762421 -0.921670 -0.001504 0.634434 0.296221 -0.627110 0.017033 -0.189130 0.393327 0.190237 
0.153510 -0.527244 0.054230 0.528374 0.475037 -0.488080 0.538123 0.003814 0.196507 -0.129334 0.895302 -2.600160 -0.333476 0.190555 0.160577 0.333277 
-0.040919 0.112317 -0.307969 0.329092 0.418115 -0.657880 -0.660502 -0.254828 -0.054752 0.912576 -0.366221 -1.302122 0.397728 -0.367527 1.066293 0.457030 
0.058077 0.214066 0.014163 0.143411 0.294491 0.082570 -0.486146 -1.012734 0.037542 0.364720 0.302059 0.843662 0.315666 0.227620 -0.139232 -1.378510 
-0.478632 0.301912 0.229494 0.897993 -0.325091 0.363851 0.045540 0.004264 -2.237787 -0.034777 0.291183 0.640361 -2.672877 0.418429 0.661080 -1.348603 
-0.152084 0.143416 -0.349041 0.310372 -0.365630 0.480522 -0.695491 -0.975496 0.118239 -0.311766 -0.221136 -0.617382 0.907863 0.202075 0.318309 0.194887 
0.392401 -0.804762 0.065031 -0.259676 0.498168 0.142409 -0.051842 -0.696847 0.614298 0.464636 -0.563130 -1.208642 -1.041091 0.308460 0.100278 -4.991352 
-0.025395 -0.106135 0.195606 -0.370223 0.053803 0.015440 -0.830154 -0.487753 0.489637 0.423487 0.419161 0.150567 0.243519 0.381802 0.735642 -0.375191 
0.322193 0.336346 -0.706500 -0.195490 0.475039 -1.140338 -2.207431 0.267399 0.718273 -0.036042 -0.582426 0.927970 0.254093 -1.673160 -0.757065 0.370068 
-0.032474 -1.242599 0.191214 -0.045218 0.622134 -0.187264 0.523946 0.116387 1.324639 -0.091523 0.151957 -1.319294 -0.937008 -0.442876 -0.621226 -0.627355 
-0.575793 -0.164229 0.205208 0.206069 -0.256945 -0.515559 -0.556472 0.318680 -0.485352 0.229615 0.505114 0.054732 -1.372845 0.163201 0.514389 -1.186395 
0.057163 -0.302152 0.143222 -0.899990 -0.721679 0.570373 -0.710403 -0.167381 -0.881984 0.257452 -0.646681 -1.294253 -0.057286 0.503638 -0.953824 -0.144111 
0.103859 -0.841106 0.317797 0.348005 0.343495 -0.231865 -0.560963 0.291527 0.481986 -1.852458 0.355991 -0.474757 -0.090744 0.148837 0.916103 -1.067070 
0.130934 -0.030877 -0.136975 -0.488805 -0.707122 -0.358506 -0.081269 0.345377 0.716069 0.057431 -0.425184 0.004845 0.283242 0.104540 1.138035 -0.342734 
-0.273349 -0.179297 0.226769 0.302759 -0.360713 -0.308503 0.207498 -0.007928 -0.611974 -1.842865 0.450503 -0.983968 0.772104 0.183623 -1.641988 -0.870173 
0.052853 0.464396 -0.365477 0.699533 0.096124 0.189299 0.127617 -0.644912 0.866219 0.007987 -0.458043 0.181250 0.079150 0.134409 -2.096916 -0.331300 
-0.369616 -0.989701 0.295464 0.145649 -0.152070 0.599370 -0.083198 -0.233727 -0.649113 0.164181 0.170624 -0.040080 0.688932 -0.097092 0.969327 -1.048760 
-0.083426 -0.211824 -0.334041 0.238404 -0.612481 0.078706 0.083492 -0.220623 -1.176814 -0.352871 1.000402 0.074624 0.344395 0.532404 -0.110976 0.060044 
0.269848 0.317621 -0.076435 -1.560925 -3.777417 0.480270 -0.200175 0.065472 -0.539593 -0.005108 0.147981 -0.142962 0.406730 0.099759 -0.374663 -0.185732 
-0.296555 -0.332894 -0.057515 0.481364 0.637185 0.941012 0.643754 -0.918050 0.395293 -0.696294 -0.123604 -0.253530 -0.743107 -0.531399 -0.533680 -0.409597 
-0.109405 -0.240825 0.148891 -1.188887 0.258829 -0.073854 0.869208 0.182853 -0.968001 -0.354805 0.564653 -0.869151 -0.254921 0.531938 1.595088 -0.826039 
-0.713667 0.257332 0.221493 -0.041273 0.243626 -0.125571 -0.170479 -0.346939 -1.441556 -0.366764 -0.444322 -0.329513 1.015859 0.283322 0.084664 0.597889 
0.035151 -0.036987 -0.618031 0.389423 0.040729 0.295969 0.601390 0.133708 0.410745 -0.187951 0.362255 1.176411 -0.142921 0.177147 0.573846 -0.637506 
0.011618 0.428407 -0.041478 -1.917456 -2.138758 0.084174 0.348064 -0.624532 -1.449845 0.023259 0.794289 0.294802 -0.877210 0.099172 -2.662381 -0.865829 
-0.111002 0.213939 0.010464 0.827464 0.462768 -0.860694 0.038018 -0.092963 -0.437037 -0.409977 -1.603423 -1.503451 0.038427 -0.152050 -0.890326 1.458715 
0.103153 -0.215876 0.133920 -0.381818 -0.812909 0.085014 -0.222470 0.336464 0.618127 0.185385 -2.145648 0.607586 -0.385437 0.005861 -0.190805 -0.176747 
-0.078793 0.348824 0.144213 0.238420 -1.199354 -0.315854 -0.268758 0.087432 -1.474776 0.226797 -3.302644 0.176284 -0.276071 0.258382 0.451315 -0.411791 
0.092435 -0.467380 0.291829 0.233722 1.165664 -0.253706 -1.479519 0.176907 -4.368575 0.074190 0.416545 -1.562062 -1.181543 0.197769 0.778439 -0.475322 
-0.237344 0.094854 -0.273181 -0.733413 0.099575 0.245947 0.429630 -0.455350 0.835171 -0.158517 0.694290 -0.484304 -0.490035 0.371110 -0.205026 -0.587841 
-0.181750 -0.511381 0.306836 -0.454891 -0.219637 0.099213 -1.142677 0.321135 0.406459 0.219368 -0.891194 0.174389 0.303545 -0.523544 -0.168030 0.350411 
-0.339992 0.170895 -0.800580 0.026984 0.838578 -0.092598 0.513196 -0.232309 -0.642694 0.491397 -0.121991 -0.102270 0.854525 0.129560 -0.871603 -1.891684 
0.170884 0.073744 -0.190979 1.483864 -0.363605 0.162362 0.682642 0.059147 -1.227641 -1.423572 -1.187879 -0.747078 0.090329 0.215736 -0.876673 0.737187 
0.029369 -0.073860 0.073461 0.055160 -0.635510 0.030467 0.047209 -0.019871 -1.641026 0.053238 -0.895180 0.639687 1.074898 -0.038630 0.099342 -2.416094 
-0.124038 -0.183370 0.231710 -1.236544 0.510658 -0.355814 -0.859136 -0.379935 0.226596 0.451181 -0.268270 -0.371786 0.176875 0.072964 -0.490272 0.234057 
-0.045304 1.048498 0.247290 -0.883030 -0.122761 0.304274 0.014831 0.174536 -2.992899 -0.752401 -0.308017 0.312981 0.134122 -0.456560 -2.330199 0.055632 
-0.417565 0.196628 0.306172 -0.136464 -0.710965 -0.328825 -0.749481 0.332625 -0.160798 0.324643 -0.181823 -0.423853 -0.601432 -0.058446 1.056334 0.194053 
-1.127796 0.157188 -0.027642 0.455207 0.299931 0.508494 -0.721502 -0.118830 -0.051507 -0.024790 0.444429 -3.544281 0.275006 -0.380617 -1.477501 0.272478 
0.070325 0.268898 -0.416099 -0.179127 -0.346205 -0.370264 -0.913998 0.114432 0.419947 0.839961 0.416758 0.115424 0.373678 -1.194440 -1.193920 -1.444362 
-0.256760 -0.144652 0.026784 0.389058 0.929281 -0.643015 -0.040026 0.209500 -0.352324 0.486137 -2.019126 -1.049548 -2.200432 -0.096957 0.507692 0.159289 
0.249266 0.380821 -0.022879 -0.685598 1.343148 -0.182342 -1.151620 0.048667 0.142830 1.113105 0.397688 -1.864436 -1.441909 -0.352385 -3.461655 0.393825 
0.244928 -0.174657 0.269229 -0.067556 -0.794559 0.166713 0.043213 -0.052441 0.163981 -0.041813 -0.568295 0.424059 0.298754 -0.163002 -0.983935 -0.790041 
0.266426 0.051767 0.331467 -0.944507 -1.705870 -0.028433 -2.612694 0.185905 -0.149299 -0.988747 0.124419 -1.103434 0.403803 0.438595 0.360581 -1.008530 
-0.943901 0.077089 -0.033556 0.610083 0.235969 -0.197649 0.183808 -1.139552 0.647501 0.307013 0.623344 -1.220630 -0.281926 0.419958 0.165898 -2.695017 
0.193786 -0.056660 0.060852 -0.139347 -2.627688 0.336946 0.052439 0.057228 0.505752 0.079196 -1.246202 -0.837715 -0.896677 0.003965 -1.970584 -2.186035 
0.209904 -0.242840 0.178315 -0.118956 -0.432174 0.059204 -0.036829 0.248149 -1.944347 0.335026 0.061488 -2.799601 -3.326027 0.312311 -0.289483 -2.283997 
0.297754 0.287425 0.193779 0.252171 -0.226773 -0.051027 0.440575 0.536391 -0.107386 -0.280113 0.486288 -2.485346 -1.701043 -0.180915 -1.855936 0.685083 
0.181574 0.271681 0.178567 -0.946024 -2.449029 0.172158 0.379183 0.226194 -0.354505 -1.772873 0.298573 -0.177186 -1.066948 0.251445 -2.378137 0.403003 
-0.201840 -1.222278 0.026110 0.255623 0.391146 -0.112791 -0.195036 -0.046104 0.240084 0.944303 -0.036689 0.006915 -0.560911 0.091108 -0.799701 0.604430 
-0.021487 -0.204870 -0.128985 -1.348657 -0.077121 0.708274 -0.079294 -0.242932 0.541825 -0.410404 -0.000444 0.158497 0.505032 -0.348448 -0.857262 0.800241 
0.187490 0.000322 0.107998 -0.250653 0.423547 -0.120050 -0.568936 0.051478 -0.048841 0.449130 -0.375650 0.715216 -2.091055 -0.447634 -0.455399 0.022382 
0.037471 0.167202 0.171793 -0.794802 -0.297928 0.025400 -0.326824 0.151058 0.189608 0.178825 -0.072645 0.142015 -0.389320 -0.987775 -1.162983 0.431039 
0.018666 0.088343 -0.112631 -0.697845 -0.182865 0.160817 0.113823 0.292106 0.114422 0.248460 -0.703533 0.793442 0.584417 -1.382066 -1.359247 1.059810 
0.051575 -0.124957 0.070293 0.533783 -0.204390 -0.074411 -0.306071 0.178195 -1.690267 -0.337930 0.200439 -4.652999 -1.094948 0.061064 1.285323 -5.128829 
-0.173595 0.133575 -0.299466 0.110202 0.167740 0.441505 -0.135509 -0.113346 0.450330 -1.071051 -1.302769 -0.079072 0.081666 0.426219 -3.233601 0.222370 
0.533131 0.469038 0.037505 -0.207798 -0.458832 -0.708637 -0.035217 -0.024379 0.772215 -0.611322 -0.153093 0.191628 -0.216749 -0.245439 -0.421105 -0.746041 
-0.082417 0.047740 0.006531 -0.281303 0.691440 -0.286183 -0.331307 -0.249083 0.325569 0.106015 -2.214898 -0.029120 0.417827 0.033422 0.102778 0.484736 
-0.730951 0.022805 0.202900 0.379907 0.412102 -0.025311 -0.711114 0.023017 -0.314576 0.249004 -0.359803 -0.510661 -0.497389 0.243459 0.529586 -0.778761 
0.344754 0.212547 -0.087684 0.133768 -0.532944 -4.992074 -1.727350 0.517549 0.070666 -0.025346 -0.053285 0.481328 -0.149333 -2.635193 0.440620 0.036351 
0.245680 0.342939 0.082233 -0.425947 -0.596648 0.089519 0.105636 -0.399868 0.557430 0.254754 0.703443 -1.445025 0.516984 -0.011719 0.147398 -3.819468 
0.053898 0.094722 -0.118194 -0.020340 -0.851054 0.290041 0.297935 -0.516732 -1.010689 0.617781 0.281281 -0.409797 -3.239476 0.281988 0.022374 -1.634612 
0.349640 -0.427911 0.087521 0.352189 0.669730 -0.925710 -0.984784 0.115980 0.288659 0.461559 -1.844675 -0.445692 0.263067 -0.263257 -0.941670 1.208220 
0.078515 -0.282855 -0.462156 0.445113 0.260945 0.056046 -0.277730 0.084059 -0.990743 0.347072 -0.536578 0.455537 0.320968 -0.569782 -1.075894 1.431571 
-0.122044 0.066182 0.188503 0.164742 -0.595617 0.161039 0.717892 0.401061 1.111610 -0.360262 -0.753492 -0.102449 -0.006554 0.033562 -1.197231 -0.772909 
-0.049386 0.020951 0.138319 -1.083024 -0.555162 0.322512 0.206683 -0.604807 -1.864889 0.043526 0.235697 0.248111 0.519150 0.219137 -0.165303 -0.531491 
0.027782 -0.633231 -0.106961 -1.411569 -0.025963 0.646520 0.477621 -0.226882 0.461439 0.111593 0.267382 -1.181307 0.426975 0.010913 0.802523 -1.445196 
0.121609 -0.456028 -0.073700 0.784999 0.324266 -0.061055 -0.108805 0.285355 -0.092849 -1.988524 -0.126549 -0.606085 0.367154 -0.005329 -0.344004 -0.727320 
0.128384 -0.032223 0.154370 -0.491709 -2.158127 0.452974 0.279172 0.282773 -1.072021 0.183047 -0.535679 0.605105 -1.649927 0.012259 0.229715 0.388444 
0.007945 -1.200561 -0.101284 1.008202 -0.094107 -0.382818 -0.691260 -0.045678 -0.500030 -0.192633 0.384704 -0.571426 -1.855177 0.568661 -0.219517 0.605146 
0.306166 -0.569566 0.244786 -0.286198 -1.440826 0.102112 0.493922 0.241599 0.112515 0.093005 -2.053552 0.288718 0.149979 -0.088946 0.149510 -0.859068 
-0.106234 0.181173 0.074780 -1.695467 -0.372656 0.378316 0.177198 -0.023903 -3.916189 -1.221689 0.159796 0.817361 -3.811617 0.093781 0.041263 -0.992100 
0.234555 -0.306594 -0.306679 0.345987 -0.192042 -0.195147 0.919783 0.237036 0.077348 -0.749764 -0.002331 -0.000887 0.572168 0.321718 -0.564462 -2.460124 
0.129548 0.154968 0.013420 -1.158255 0.881772 -0.244038 0.135094 -0.117368 -0.148892 -0.663960 0.505451 -0.703426 0.465866 -0.497196 -2.138373 0.861110 
0.275155 -1.439976 0.171375 0.340679 0.637506 0.311015 -0.906906 0.082153 0.572447 -0.293209 0.059174 0.467557 -0.566374 0.283579 -0.959730 -0.465684 
0.084655 0.186075 0.228417 -1.115191 0.085108 0.301264 -0.006378 -0.349415 0.556095 -0.283273 -0.867691 0.462883 -1.687720 0.155367 -1.810014 0.797971 
-0.025318 0.023935 0.253397 -0.411037 -0.536175 -0.621239 0.024203 0.020136 -0.253057 -0.329055 0.405868 -1.034777 0.161897 0.222888 -0.485227 -0.504705 
-0.091077 -0.007633 0.253675 0.288666 -0.146712 -0.127333 0.180401 0.042789 -0.062196 -0.864431 0.282746 -2.466154 -0.821089 0.128025 -1.030295 0.099188 
-0.295539 -0.258171 -0.022121 0.193696 0.545200 -2.713527 -0.959206 0.056007 0.551879 0.387302 -0.249980 0.108412 0.327608 -0.094688 -0.840192 -0.513964 
-0.265019 -0.048480 0.154617 -0.521259 -1.450489 0.183576 0.016012 -0.120715 0.173438 0.354542 -0.009284 0.281878 0.182502 0.143772 -1.158099 -0.387319 
-0.028263 0.157209 -0.179431 0.696179 0.329602 0.458690 0.259318 -0.013036 0.333499 -0.050694 -0.166673 0.755038 -3.660393 0.252988 1.363037 0.610111 
0.394143 0.419334 0.085957 -2.136326 0.557531 -1.523347 -1.013376 -0.049075 0.421721 -0.280362 -0.095653 0.697335 0.623803 -1.701497 -1.400096 0.534543 
0.089897 -0.149998 -0.117507 0.107238 -1.485802 0.074386 0.277068 0.313330 -2.187060 0.175921 -0.721406 0.339019 0.455691 0.054120 -2.824058 -0.738406 
0.229021 0.189708 0.224909 -0.667574 -0.039241 -8.031047 -2.391371 0.290049 -0.194624 0.098564 0.197110 0.304599 0.215918 -2.611003 -0.175374 0.307641 
0.161307 0.427779 -0.009225 -0.452660 -0.374229 0.137309 -0.244535 0.004138 -0.015664 -0.039003 -2.157013 0.118820 0.198291 -1.140484 -0.468951 -2.053090 
