-0.054957 -0.329408 0.125452 0.093806 0.379461 -0.294670 -1.127651 0.205112 -0.330800 0.396824 -0.574388 -0.662257 -2.195402 0.113261 0.234879 -0.005326 
-0.529282 -0.036466 0.215121 -0.022933 0.001136 -0.469547 -1.184066 0.208122 -0.303689 0.287075 -1.399465 0.319668 -0.323788 0.131230 0.402258 -0.023064 
-0.071015 0.273039 -0.476679 0.223619 0.197135 -0.214921 -0.038299 -0.210802 0.391197 0.769283 -0.101548 -0.191946 0.543889 -0.183905 0.015532 -2.242020 
0.021085 0.252249 -0.022355 0.501716 -0.274601 -0.047505 0.185946 -0.444490 0.878054 -0.304110 -0.700242 0.163432 0.153011 0.040815 -1.403826 0.430524 
0.342486 0.160952 0.254859 0.249351 0.107192 -3.378815 -1.615078 0.376656 -0.000720 0.212449 -0.109611 0.711137 -0.376399 -0.679677 -0.017709 0.014573 
-0.190796 -0.028370 -0.189358 0.055143 0.599935 0.431624 0.698868 -0.421469 0.503687 -0.259301 -0.407967 -0.181157 0.412844 0.117033 0.107965 0.409322 
-0.036130 -0.261675 0.094886 -0.630723 -0.259363 0.110699 -0.119859 0.189661 0.929979 0.185478 0.130769 -0.092135 0.396331 -0.475317 0.514299 0.446422 
-0.783408 -0.500871 0.181811 0.512443 0.455062 -0.278301 -0.879361 -0.155866 -0.536714 0.538777 -0.833892 -0.038474 0.474510 0.550647 0.641820 0.265039 
-0.000371 0.195171 0.210868 -0.855998 0.911731 -0.232583 -0.351035 -0.414224 -1.246439 -0.041972 0.018996 -0.172169 0.101922 -0.201408 -0.053044 0.033673 
0.357866 0.125544 0.196453 0.106928 -0.663238 -1.190252 0.108044 0.200743 0.131651 -0.465837 -0.163989 -0.019392 -0.435801 -0.021359 0.148028 0.679627 
0.266951 -0.035614 -0.202628 -0.203175 -1.526172 0.260251 0.310785 0.172365 -0.669214 0.064226 0.055219 -1.011787 -0.653899 -0.096002 -0.134670 -0.465618 
0.217361 -1.034243 0.111292 0.099480 0.069389 -0.278588 -0.264224 0.040064 -2.235893 0.310950 0.204273 -2.292025 -1.868059 0.277924 0.563715 0.377267 
0.096722 -1.412375 0.128011 -0.080364 -0.114505 0.430848 -0.334400 -0.181246 -0.085865 -0.532532 0.125115 0.083487 -0.103871 0.383488 -0.349678 0.111416 
0.198362 -0.808871 -0.132453 -0.138915 -0.560731 0.072246 0.594323 -0.076861 -0.076243 0.200820 0.471562 -0.548223 0.047890 0.060611 0.711997 -1.521264 
0.311954 0.368806 0.292680 -0.145834 -1.014840 -0.015090 0.058019 -0.053456 0.099906 -0.595549 -0.381326 -1.103269 0.349484 0.304269 -0.665966 0.583823 
-0.598254 0.085210 0.141693 0.506970 0.298655 0.031831 -0.504720 0.037319 -2.237973 -0.034118 0.216000 0.040760 -1.034681 0.134493 0.162700 -0.891289 
0.255298 -0.100502 -0.075910 -0.671180 -1.034528 0.359520 0.150941 -0.225458 0.544634 0.186332 0.193776 -0.397590 0.439946 0.263024 0.196431 -0.901756 
-0.359874 0.534133 0.071794 0.431649 0.222812 0.216133 0.230957 -0.867677 0.032069 -0.137496 -0.083789 -0.454399 0.004610 -0.258668 -0.868259 -0.396085 
0.258717 0.332565 0.207422 -1.353991 -0.378045 -1.950009 -1.010064 0.347737 -0.781571 0.300814 0.595055 -0.071965 -0.866121 -2.836125 -0.773545 0.351573 
-0.027564 -0.018679 0.066152 0.125261 -0.037073 0.085311 -0.449431 -0.775413 -0.366814 0.250323 0.562706 -0.050456 -0.026330 0.278305 0.372737 -0.582646 
0.349254 -0.599882 0.226897 0.450073 0.371387 -0.206663 -0.002394 -0.068362 -2.042773 0.157254 0.188587 -1.389077 -2.410909 0.235007 -0.025744 -1.998917 
0.199583 0.077580 -0.012038 -0.521494 0.488958 -0.024376 0.229954 0.459995 0.358486 0.130379 -0.988191 0.581073 -0.099858 -1.052841 -0.661873 -0.350893 
0.217566 -0.075736 0.013728 -0.987558 -0.022172 -3.311532 -1.370073 0.054115 0.289288 -0.189316 -0.199999 0.250479 0.703699 -2.515952 -0.597406 0.095906 
0.031550 0.318038 0.104743 0.505266 -2.013758 0.166868 -0.075100 0.231100 -0.285028 0.137741 -0.095127 -0.105074 -0.270791 0.034124 0.288852 -0.494676 
0.125047 -0.049911 0.226218 -0.620111 -0.713037 0.105393 -0.389523 -0.203745 -0.185739 0.282935 0.557629 -0.252768 -0.029445 0.160966 0.375136 -2.252539 
0.138734 -0.615665 0.183130 0.344419 -0.263930 -0.602047 -0.690546 0.211149 -0.252478 -0.944567 0.700486 -0.351713 0.692715 0.384685 0.447484 -1.613985 
-0.333823 0.408567 0.357550 -0.338642 1.027512 0.678276 0.628187 -0.419836 -0.596567 -0.806846 -0.526362 0.337437 -0.701504 -0.333284 -0.703223 0.757526 
-0.260537 0.149576 -0.025808 -0.165866 -0.632426 0.072361 0.474823 -0.318783 -1.707291 0.167305 0.506837 0.239373 -1.493368 0.217320 -0.042648 -1.205273 
0.186955 0.027843 0.094649 -0.416266 0.241093 0.478324 0.244808 -0.644586 0.234752 0.148599 -0.081855 -1.197861 -0.398307 0.058457 -1.866037 -0.295384 
-0.766082 -0.068686 0.173463 0.197816 0.179197 -0.004718 0.332422 0.142076 -0.019404 -0.436177 0.508044 0.147687 -0.561344 0.298406 -0.472979 -1.386899 
-0.104950 -0.133648 0.132698 0.509755 -0.317719 -0.005424 -0.096480 0.109764 -0.021547 0.275721 -1.182903 0.277016 0.233467 -0.186377 0.020015 0.317150 
-0.260282 -0.299127 0.177065 -0.293416 -0.279515 -0.552736 0.462360 0.221938 -0.146904 -0.349133 -0.041802 -0.413244 0.180985 0.266436 0.877419 -0.907837 
-0.176163 -0.065460 0.074075 -0.504095 -0.715429 -0.084575 -0.100808 -0.035320 -0.357601 -1.488030 0.451772 -1.423463 0.852035 -0.027978 -0.314353 -0.872898 
0.006845 -0.242334 0.048913 -0.236321 0.203993 -0.026409 0.193186 -0.218120 0.948383 0.053079 -1.444483 0.846178 -0.946718 0.349938 -0.161078 -0.015331 
-0.115923 0.532758 -0.305814 0.548458 0.014984 0.358637 0.290075 -0.172392 -1.098274 0.573968 -0.284617 -0.579908 -1.571834 0.206072 0.425450 -1.683067 
-0.000957 0.139126 0.081545 -0.408338 -0.652138 0.004744 0.269045 0.305975 -2.722814 -0.086069 -0.015203 0.108933 -1.728378 -0.238824 0.280405 -0.802012 
0.276331 0.151784 0.088377 -1.764841 -0.333324 -0.207434 -1.484384 0.182983 0.411843 -1.011502 0.048284 0.230490 0.634624 0.108254 0.427993 -0.564006 
0.034305 0.152746 -0.206194 -0.264265 -0.176398 -0.135108 0.562217 -0.616620 0.324258 0.214111 0.670259 -0.122042 0.143008 -0.117622 -0.204590 -2.492644 
0.173449 0.401876 0.200833 -0.823509 -0.840688 0.266609 0.434544 0.207506 -1.075176 -0.971801 -0.050991 0.253524 -2.490874 0.201128 -0.867230 -1.886015 
-0.261771 0.160205 0.071483 0.678395 -0.140301 -1.820471 -0.495690 0.057967 0.455487 -0.403714 -0.316722 0.139796 0.282576 -0.349047 -1.506967 0.124655 
0.124652 -0.476318 0.036915 -0.394468 0.958652 -1.064870 -1.755820 0.046158 0.589320 0.335302 0.044177 -0.580065 0.353502 -1.276477 -0.245809 -0.597186 
0.067854 -0.173568 -0.183561 1.024531 -0.217917 -0.064224 -0.676175 -0.148776 0.006512 0.414634 -0.415559 -0.005954 -0.322090 0.283468 -2.353191 -0.254261 
-0.240567 0.385301 -0.221341 -0.528517 0.664999 0.147865 -0.382892 -0.424583 0.244133 0.040657 0.398793 0.428027 0.133317 0.045396 0.174298 -0.870298 
0.066363 0.217792 0.191903 -0.436272 -0.520565 0.177741 0.348074 0.197170 -0.011828 -0.163830 0.509117 0.693471 -1.162021 0.091345 0.125764 0.562510 
0.042043 -0.505024 0.272968 0.176210 -0.677758 -0.176523 -0.145336 0.279421 -0.573629 0.078515 -0.682542 -1.710039 0.377244 -0.527618 0.837404 0.325740 
-0.295297 0.211620 0.072660 0.095568 -0.240295 -0.375726 -0.116696 -0.025016 -1.052743 -0.658764 -0.566122 -0.827037 0.735865 -0.189327 0.305001 0.533789 
0.140227 -0.265850 0.108427 -0.337951 -1.412085 0.474917 0.154495 0.091681 -2.409754 -0.883402 -0.269092 -1.608848 -1.387388 0.454816 -0.295718 -0.802029 
0.347158 -0.567848 -0.001224 0.249904 0.611132 -0.684735 -0.828533 -0.143069 0.913787 0.892240 -0.066662 -0.479419 -0.894039 -0.121793 -1.470307 0.113388 
-0.135250 0.445217 0.018115 -1.542465 -2.777743 0.179090 0.401195 -0.530037 -1.046831 -0.115589 0.294857 0.704212 -1.189293 0.120965 -2.406976 -0.494689 
-1.170348 -0.060510 0.138622 0.244414 0.152576 0.589154 -0.149828 -1.028705 -0.519418 0.074330 0.340189 -1.867756 0.419579 0.207122 -0.056918 -0.520440 
0.225915 0.038759 -0.871210 -0.079398 0.420899 -0.178829 -0.489546 0.207288 0.500359 0.460536 0.492077 -0.289975 -0.865145 -0.440233 0.552583 0.070134 
0.098420 0.135000 0.259235 -0.005685 0.621624 0.035145 0.333501 -0.381133 -0.622555 -0.770294 0.052661 0.268217 0.344893 0.226469 0.421947 -0.432347 
-0.001134 -0.799884 0.138705 0.188160 0.273785 -0.013595 -0.425442 0.129814 -0.631220 -1.768030 0.517342 -0.654290 -1.164227 0.040479 0.160897 -1.270965 
0.131565 -0.457051 0.161798 -1.067123 0.724589 0.181349 -0.924930 0.040923 -0.181396 0.391962 0.100452 -0.245790 -0.537983 0.287173 0.479942 -1.815092 
-0.138619 -0.645535 -0.074829 -0.606290 0.218153 0.600151 0.279125 -0.141128 -1.105644 0.005124 0.062057 -1.641302 -0.278409 0.001502 0.323976 -1.842740 
0.317699 0.321929 -0.026245 -0.689186 -0.090329 -1.901299 -1.162625 0.033115 0.594257 0.177911 -0.182394 0.025592 -0.187185 -0.912284 -1.177195 0.158428 
-0.123763 0.436564 -0.185078 0.262603 0.562594 0.187378 0.203574 -0.313608 -0.424275 -0.342948 -0.561066 -0.114892 0.769598 -0.128128 0.615360 -1.295143 
-0.279461 0.122297 -0.382478 -0.085811 0.454308 0.341440 0.296216 -0.246917 0.158482 -0.870006 0.483277 0.089937 -0.139659 0.373776 -1.014497 0.561141 
-0.183915 -0.308462 -0.151596 0.485435 0.587471 -0.363827 -0.117346 -0.196070 0.220126 -0.845623 0.254672 -4.259621 -0.280002 0.506773 -0.183023 -0.394893 
-0.441937 -0.083601 0.006210 0.059227 0.255557 -0.170002 -0.791449 -0.252887 -0.385323 1.269275 0.074064 -0.457405 -0.787934 0.150166 -1.699230 -0.452574 
-0.088204 -0.166143 0.233593 -0.036394 -0.049513 -0.013577 0.115977 0.242167 -0.088971 0.212270 0.083390 -0.683919 -0.525533 0.310661 0.086476 -0.600828 
-0.511205 0.325691 0.151751 -0.093593 0.260333 0.160310 -2.416077 0.176048 0.683536 -0.330404 -0.149279 -0.800562 -0.281651 0.012503 0.153182 0.134359 
0.030054 0.108495 0.039394 0.780502 -0.064553 0.113030 -0.168401 0.326018 0.137098 -0.463488 0.191835 0.691542 -2.071595 -0.097684 0.666664 1.030275 
0.083894 -0.892696 0.216408 -0.595955 -0.898204 0.282393 0.551419 -0.292255 0.130770 0.247837 -0.445525 -1.114367 -0.362005 0.036514 -1.284234 0.130882 
-0.015731 0.160476 -0.144836 -0.928101 -0.626237 0.541444 -0.022095 -0.051883 0.541656 0.115291 0.319854 -0.202590 0.611322 -0.028979 -0.330924 -1.213512 
0.244762 0.291796 -0.920142 0.318254 0.506214 -0.364470 -0.544659 -0.198883 0.216997 0.154764 -0.197452 0.937857 0.370236 -0.341531 -0.245370 0.167612 
-0.104406 0.264680 0.067890 -0.550516 -0.273439 -0.036628 -0.762059 0.322957 0.509565 -0.085150 -1.020409 -0.146618 0.140021 -0.373674 0.058776 -0.447820 
0.254269 0.234327 -0.043652 -2.346986 -0.517475 0.154869 0.276928 -0.898876 -1.261737 -0.159994 0.282599 -0.213048 0.668064 0.200501 -0.824333 0.097130 
0.042864 -0.639413 0.224213 -0.032783 0.488347 -0.098245 0.343109 -0.209359 -0.495014 0.104472 -1.390713 0.160108 0.363204 -0.117488 0.536875 -1.706964 
0.143370 0.156526 -1.050663 0.001513 -0.668146 -0.469511 0.277440 0.414869 -0.371935 -0.349907 -0.399683 0.619375 0.622016 -1.114988 -0.365420 1.034378 
0.313541 0.052389 -0.380491 0.017681 0.618079 0.293850 0.099401 -0.956209 0.390315 0.307213 0.155968 -0.112986 0.064937 -0.245573 0.414966 0.217750 
0.097380 0.202811 -0.293670 0.204505 0.232299 -0.478799 -1.389480 -0.193426 0.407595 0.176759 0.165023 0.533500 -0.126240 -0.687394 -1.052921 -0.553071 
0.103924 0.288515 0.152977 -0.980595 -1.361633 -0.130146 -0.452571 0.054994 -0.437322 0.082488 -1.163352 -0.021090 0.293023 0.303725 0.117891 -0.295466 
0.240845 -0.078077 -0.173693 -0.025501 -0.314122 -0.165558 0.252718 0.192197 0.319664 -1.060163 0.041185 -0.296419 -0.595726 0.206967 -1.671395 -3.090525 
0.200296 0.152534 -0.251458 -0.233143 -0.331741 0.282528 -0.417340 -0.018148 -0.116316 0.060420 -1.396217 0.197327 0.433093 -0.021177 -0.576467 0.009875 
-0.075010 -1.047683 -0.106808 0.402412 -0.505647 0.109905 -0.472829 -0.032944 0.028452 -0.119352 -0.060585 -0.300516 0.620813 0.036344 0.670019 -0.532525 
0.020168 0.011400 -0.151573 0.759917 0.034690 -0.039087 0.073498 0.116190 -0.199940 0.221717 -0.526361 0.581586 0.244062 -0.888096 -1.880376 -0.346655 
0.091934 -1.016425 -0.046097 0.497606 -0.145117 -0.206884 0.093797 0.454207 -1.738581 -0.619263 -0.158953 -0.752567 -0.238283 0.110805 -0.223515 0.093141 
0.196257 0.176516 -0.379048 -0.102459 1.069841 -0.304186 0.232460 0.259157 0.311741 0.359083 -0.197440 -2.938869 -0.853684 -0.052329 -2.119831 0.648576 
0.272753 -0.163105 0.257383 -0.763652 -1.027646 0.257662 0.238257 0.355974 0.005784 0.323971 -1.496184 0.499185 0.027638 0.005693 -1.726989 -2.742724 
0.205565 -0.406398 0.197915 0.074684 0.263019 0.258991 -0.069299 0.107420 -0.049970 -0.099533 0.084856 0.049261 -2.945431 0.259887 0.001944 -0.233721 
0.057924 -0.009973 0.137124 0.276691 -0.065294 0.149934 0.287712 0.210243 0.185707 0.028199 -1.072559 0.258886 -2.009333 0.146482 0.078156 0.280996 
-0.097261 -0.212202 0.027826 0.239627 -0.854420 0.054488 -0.045460 -0.217895 -1.588380 0.893327 0.220369 0.401537 -0.500209 -0.222258 0.360301 0.768871 
-0.066170 -0.197263 0.041536 0.993649 -0.611276 0.431947 -0.563002 -0.171927 0.227645 -0.672895 -1.718930 -0.224814 0.102460 0.204007 -1.797587 0.437780 
-0.291592 0.306605 -0.092068 0.236409 0.720427 -0.789545 -0.528236 0.159785 0.581603 0.285960 -0.901062 -0.255560 0.026021 -0.080383 0.136494 -0.143278 
-0.237338 0.411256 0.117513 0.399848 -0.758371 -0.040821 -0.228524 0.075293 -0.710670 -0.214247 -0.530443 0.441431 -0.239778 0.113810 -0.112707 -0.134794 
