0.075955 -0.306053 0.174751 -0.692630 0.695911 -0.154273 0.975459 -0.147839 0.944942 0.225079 -0.938925 -0.054691 -0.400580 -0.712499 0.176858 -0.258857 
0.546907 0.360435 0.081559 -0.448606 -0.309700 -1.352750 -0.151092 0.280890 0.009972 -1.183891 -0.926534 0.231082 -0.375482 -0.776308 -0.565248 -0.187132 
-0.399004 -0.745381 0.148821 0.210038 0.007459 -0.515432 0.365701 -0.160320 -0.477821 0.989444 0.456332 -0.670110 -0.318587 0.357858 -0.062069 -1.255283 
0.154212 0.066135 -0.431954 -0.226142 0.320372 -0.314241 0.214473 -0.600359 0.549612 0.520239 0.367738 0.582280 -0.608472 -0.354968 -0.079977 -0.373624 
-0.003055 0.365798 -0.051624 0.005174 0.493705 -0.089707 -0.152634 -0.580511 0.674089 0.241792 0.421316 -1.449713 -0.336519 0.181825 -0.271626 -0.496921 
0.482578 0.002746 -0.203603 -0.648186 0.438139 0.154854 -0.281416 -0.307517 0.068574 0.429768 0.018232 -1.405090 0.128111 -0.256230 -1.023574 0.274234 
0.139101 0.125326 -0.172211 -1.110481 -1.143069 0.462437 0.239129 -0.132090 0.171364 0.352844 0.238660 -0.367015 0.511252 0.322427 0.576380 -2.944118 
0.041716 0.136684 0.080426 0.447411 -0.620266 0.173757 0.029743 0.417562 -0.243563 -0.192479 -1.575814 1.212139 -0.445751 -0.089461 0.522665 0.215357 
0.240430 -0.186029 -0.294863 -0.240192 -1.343431 0.177817 0.498934 0.368044 -0.397446 -0.182063 0.089076 0.346124 0.577136 0.099702 0.785362 0.653641 
0.142413 -0.103754 0.002312 -1.704825 -3.664753 0.175439 -0.391057 0.171302 0.102764 -0.229672 -0.745722 -0.180076 -0.228562 -0.206411 -0.517591 -0.468021 
-0.012344 0.189809 0.285842 -0.451392 -0.187383 -0.348561 -0.963600 0.339853 -0.651143 0.175610 -2.388669 -0.558646 -0.186949 0.295303 -0.868597 -0.735123 
0.006611 -0.437142 0.061681 0.160237 0.802413 0.117923 -0.475674 0.037292 0.292696 0.337664 -1.042448 -0.034989 -0.128268 -0.207426 -1.198553 1.531255 
-0.816096 0.275223 0.144746 0.330171 0.089773 0.303193 -0.340927 -0.642882 -0.071449 -0.384926 -0.068411 -3.933286 1.011409 0.217405 -0.192346 -0.018306 
-0.046334 -0.386173 0.136875 -0.000796 -0.115067 0.389162 0.007890 -0.052187 -2.038370 0.340228 -0.344686 -1.212428 -1.748570 0.437486 -4.461052 -0.514407 
0.174958 0.160240 -0.087842 0.558649 -1.276997 -0.281852 0.545916 0.205088 -2.852594 0.146413 -0.000043 -0.196437 0.195752 0.153394 0.703653 -1.234198 
0.063149 -0.367036 -0.002547 -1.360496 -0.523192 0.171927 0.029945 0.176638 0.509683 -0.091902 0.677050 -0.369882 0.211190 0.046862 0.265614 -0.183508 
0.151083 0.254429 0.133138 -2.099456 -3.706716 0.204257 0.335351 -0.040407 -0.058408 -0.423119 0.262108 0.008395 0.693821 0.324131 -1.808472 -0.417066 
0.127003 0.349948 0.285566 -0.721481 0.016668 0.276741 -0.323050 -0.489477 -0.600153 -0.003191 0.436059 -0.016687 0.078976 0.277655 0.452786 -1.178923 
-0.124237 -0.516890 0.272843 0.238863 -0.732765 0.351759 0.302439 -0.681083 -0.519716 -0.103624 0.011710 0.112755 0.634821 0.013415 0.249119 -0.869436 
0.150213 -0.624777 0.295090 0.149845 -0.449115 -0.124033 0.314797 0.328659 -0.312554 0.076917 -0.217231 -0.807611 -1.456764 0.131805 1.142539 -0.591410 
0.193515 -0.944833 0.004806 1.122937 -0.297282 -0.298402 0.189659 0.224525 -0.162066 -0.337872 0.483185 -3.519297 -2.199123 0.107174 -0.253160 -0.214106 
-0.089291 -0.155208 0.254028 -0.044890 -0.089413 -0.066674 0.299104 -0.125434 -0.663088 -0.766518 -0.350643 -0.407340 -0.448084 0.110220 -1.175858 -0.859836 
-0.143700 -0.037765 0.167841 1.092609 0.342896 -0.433188 0.141130 0.255758 -0.368106 -1.434064 0.069064 -1.646488 0.170518 0.057943 -0.523495 -0.210235 
0.131783 -0.341061 -0.249763 -0.172823 0.202521 0.180649 -0.188386 -0.054896 0.841214 0.968209 -0.781022 -1.493301 -0.080651 -0.235334 -1.361853 -1.651475 
0.133024 0.215835 -0.372489 0.114533 0.347285 -0.656928 -1.879383 -0.490510 0.629342 0.256890 -0.220175 0.939167 0.502483 -0.275033 -0.963496 0.910993 
-0.044309 0.386702 0.068802 0.982080 -2.195089 0.313746 0.026939 0.115125 -0.226787 0.118237 -0.909266 0.714549 -0.932859 0.225341 0.010527 0.063174 
-0.220616 -0.581883 -0.471614 -0.138466 -0.077322 0.228556 0.664813 -0.546710 0.080313 0.150291 0.431653 0.042344 -0.491627 0.231033 0.377606 -1.102658 
0.206959 -0.089334 0.205171 0.362307 -0.002444 0.200398 -0.474598 -0.091914 1.784862 -0.345244 -0.124057 0.311741 -0.801284 0.132531 -0.850696 -1.099286 
0.130970 0.115130 0.137496 -0.806657 0.554483 -1.908360 -0.864171 0.147352 -0.349274 -0.038924 0.075259 0.005458 0.183794 0.760267 -0.002685 0.175805 
-0.201419 -1.704300 0.182000 0.330330 0.447978 0.589203 0.245966 0.060591 -1.371832 -0.070566 -0.558222 -0.687708 0.773452 -0.061380 0.443688 -0.555802 
0.117230 0.220142 0.063975 -0.756979 -0.163342 0.080276 0.404542 0.027809 0.246138 0.391044 0.012096 -0.500232 -2.149311 -0.117857 -1.165232 -0.624291 
-0.021787 -0.558446 -0.047420 -0.590073 0.439333 0.315024 -0.242358 -0.099414 -0.833076 -0.209912 0.412591 -1.293029 0.497319 0.292835 0.392472 -1.613757 
0.380858 -1.460182 0.100908 -0.224073 0.607238 0.490122 -1.402875 0.139492 0.235725 0.193811 0.076569 0.326546 -1.394702 0.029728 0.654375 -1.205605 
-0.450447 0.142336 0.065474 -0.158729 -0.570793 -0.157001 -0.155734 0.456557 0.139728 0.395570 0.307855 0.410311 -0.863728 0.230382 -0.150118 -2.322757 
-0.766535 -0.389485 0.117100 0.282120 0.453578 -0.217841 -0.603532 0.158892 -0.967888 0.093298 -0.099884 -0.101016 -1.682455 0.156615 0.421563 -0.216427 
0.081782 0.252285 -0.181330 -0.259291 -0.173087 -0.102742 -0.193176 0.346224 -0.159107 0.277204 -0.239799 0.840312 0.189023 -1.593099 -2.208962 0.690919 
-0.258587 0.419514 0.178324 -0.174549 0.776867 -0.207019 -0.165520 -0.556550 -0.040302 0.215071 0.389284 0.246134 -0.125449 0.336397 -0.601991 -0.380218 
-0.024326 -0.346144 0.307377 -0.316051 -1.071752 0.188673 -0.308271 0.282038 -0.376924 -0.114168 0.256247 -0.693928 -0.537577 -0.076069 1.586688 -1.516146 
0.108245 -0.044902 0.016551 -0.950306 -0.326416 0.150829 -0.106148 -0.173028 0.275851 0.093707 -0.996012 0.178823 0.286050 -0.518173 0.233862 -1.054993 
-0.065906 -0.183719 0.376384 -0.465157 -0.022190 -0.128601 0.501635 0.344290 -0.420262 -0.315623 -0.187430 -1.417425 0.794191 0.154092 -1.113812 0.431003 
-0.222163 -0.162513 0.187631 0.605340 -0.415461 0.083166 0.060640 0.224567 -0.591180 -1.212160 0.243429 0.100905 0.028452 0.314933 -1.217131 0.474649 
0.069964 -0.535554 -0.289199 0.349735 0.107826 0.156414 0.115693 0.075310 -0.817695 0.224727 -0.587813 0.521996 0.772738 0.287007 -0.404968 -1.904097 
0.312907 0.142452 -0.506861 -0.485855 0.027301 -1.219844 -0.217176 0.589443 0.022948 -0.528575 0.254456 0.878184 0.757968 -0.767068 -0.003306 0.040609 
0.071498 0.190340 -0.031365 0.177932 0.819492 -0.793734 -0.477604 0.024436 0.403758 -0.030604 -0.049303 -1.245020 -0.419105 -1.352330 0.630605 -0.457647 
0.028238 -0.135038 0.145924 -1.491407 -0.879044 -0.489697 -1.733951 -0.123659 0.412311 -0.980125 0.443843 -0.616362 0.773862 0.137727 0.581308 -1.216232 
-0.076253 -0.129168 0.168973 0.620921 0.296494 0.042280 -0.326228 0.150057 -0.302511 -0.229031 -0.074669 0.411589 -0.306150 -0.491561 -0.244952 -0.337956 
0.192251 0.053657 0.099067 -0.189394 -0.047270 -5.804930 -2.357796 0.159677 0.202549 0.149093 -0.219914 0.383777 0.358761 -0.758667 0.015201 -0.200669 
-0.300214 0.209969 -0.340715 0.661611 0.451609 0.447114 -0.253312 -0.059823 0.186753 -0.180145 0.011970 -0.332992 0.374399 -0.146600 -0.826180 0.003368 
0.133668 0.092272 0.245476 -0.081657 -0.312733 0.443372 0.250104 -0.221550 0.086679 0.277884 0.035841 -0.086989 -1.071090 -0.177735 0.155000 -3.355477 
-0.825316 0.569951 0.003409 0.137700 -0.382896 0.498492 0.502069 -0.778065 -2.090176 -0.247591 -0.138777 0.361945 0.271059 0.260593 -0.261965 0.053529 
0.160096 -0.716940 0.180309 0.175107 0.189252 0.045656 -0.214438 -0.041107 -1.161094 0.529439 0.501005 -0.191286 -2.266070 0.072977 0.139982 0.039805 
-0.177564 -0.014386 -0.382955 0.348887 0.078423 0.639544 0.965850 0.013528 0.599648 0.007441 -1.534049 -0.215079 0.361335 -1.380165 0.619191 0.261510 
-0.165442 0.162228 -0.056668 0.049749 0.118047 0.025448 0.185683 -0.418815 -1.064078 1.051839 0.258414 -0.694955 -1.320484 0.472536 0.343241 -0.300798 
-0.037870 0.027756 0.053607 0.192230 0.119429 -0.419439 -0.767448 0.067462 -0.349574 0.314157 -2.398266 0.041681 -0.620239 -0.165893 0.220830 -0.153653 
-0.185216 -0.173305 0.048329 -0.610566 -0.455099 0.347651 -0.304347 -0.585479 -0.034520 0.350645 -0.748906 -1.569638 0.297091 0.036379 -2.451064 0.088978 
0.034117 0.184873 -0.591308 0.563108 0.191384 -2.208562 -1.954723 0.089257 0.081027 0.399600 0.043658 0.366615 -0.175278 -1.147082 -1.169155 -0.324172 
-0.293761 0.056761 0.173701 0.478902 0.430733 -0.538141 0.177097 -0.451288 0.270070 -1.035371 -0.629078 0.337830 0.442323 -1.321674 -0.669178 0.522556 
-0.536142 0.250342 0.083784 -0.066368 0.636542 0.112802 -0.207296 -0.573392 -0.633028 0.177870 0.393945 -0.827580 0.062755 -0.613424 -0.036193 -0.326895 
0.032142 0.109288 -0.808299 -0.927316 0.034470 0.314311 0.129911 -0.918671 0.063218 -0.785491 -0.211870 -0.249932 0.984586 0.005822 -0.517042 0.391735 
-0.013732 -0.242161 0.108185 0.220777 0.419604 -0.729585 -0.284602 0.185933 0.815028 -1.253644 0.457701 0.181395 -0.055592 0.273372 0.465052 -0.091739 
0.219986 0.123775 -0.505133 0.582371 -0.690926 -0.050942 0.380026 -0.368688 -2.414709 0.288025 0.269859 0.166424 0.355901 -0.161559 -0.276853 -0.070617 
0.276959 -0.513499 0.172637 -0.097816 -0.942259 0.048311 -0.562844 0.182906 -1.911459 -0.670751 -0.178093 -1.550290 -0.952599 0.395130 -0.275014 -3.903541 
-0.259747 0.050079 0.193451 -0.135941 -0.312184 -0.470006 -0.593679 0.159695 0.709588 0.211247 0.195513 -0.175283 -0.569235 0.252733 -0.850864 -1.984439 
0.123367 -0.584687 0.085613 0.179293 0.015816 0.096572 -0.013276 -0.367350 -0.074431 -0.610658 -1.315180 -0.375723 0.760009 0.164385 -1.216103 0.233994 
-0.162677 0.277420 0.090293 0.098932 -0.605527 -0.076185 0.130129 -0.243579 -3.980604 0.073327 0.133065 0.063680 -0.891853 0.200927 -0.307592 -0.985042 
-0.119667 0.274911 -0.065510 0.071947 -0.118082 0.597383 0.460471 0.064604 0.105549 -0.763656 0.522911 -0.422947 -0.946957 0.356799 -1.083124 -0.517519 
0.198488 0.239163 0.157671 -2.275228 -0.327640 -4.281104 -2.407098 0.172769 -0.628951 -0.093019 0.224816 -0.102468 -0.663590 -4.261600 -1.243331 0.453574 
0.396658 0.294721 -1.057515 -0.059482 0.330829 0.002254 -0.179126 0.457934 0.253849 -0.156125 -0.167360 -0.401833 -0.718707 -0.441328 -0.041861 0.394070 
-0.129052 -0.083896 0.022117 -0.252682 0.214944 0.118747 -0.169864 -0.159147 0.155294 0.007684 0.658791 0.121334 0.072365 0.073450 0.378425 -1.739119 
0.157215 -0.983833 0.116169 -0.000938 0.249939 -0.081337 0.210347 0.043468 -0.014813 -0.339620 0.169178 0.404736 -0.805438 0.257525 0.337816 0.328395 
0.055357 -0.274315 -0.024359 0.545212 -0.795593 0.388285 -0.152124 0.161838 -0.770648 -0.874387 -0.669151 -1.160892 -1.217736 -0.011423 0.489384 1.104755 
-0.411871 -0.026683 0.062288 0.011986 0.514750 -0.404616 -0.049929 0.011626 -0.971068 -0.369408 -0.531696 -0.076590 0.955121 0.131482 0.444263 0.426481 
-0.082562 0.307694 0.140552 -0.005127 0.347236 0.330046 -0.065910 0.160830 -0.323405 -0.672570 0.149846 0.679071 -4.789391 0.082660 0.468438 1.067136 
-0.178551 0.263239 0.106962 -0.199689 -1.020903 0.148419 -0.244423 0.072761 0.165718 0.169389 -0.670008 0.138560 -0.577741 -0.306752 -0.838455 -0.070599 
-0.138626 -0.581487 -0.052293 -0.222575 0.052027 0.307019 -0.142172 0.155319 1.249414 0.099107 0.506077 -0.180099 0.018012 -0.358628 -0.405866 0.551516 
0.106979 -0.363157 -0.149504 0.797319 0.506278 0.017184 -0.225422 -0.855102 -0.092968 0.337467 0.264335 -1.478313 -1.700662 0.151149 0.403670 -1.384367 
0.162492 -0.215577 0.052556 -1.305170 -1.067473 0.467981 0.104988 -0.270079 -2.504312 0.204878 -0.241791 -1.802586 -0.338825 0.091702 -0.720747 -4.088774 
-0.156975 -0.254909 -0.046835 -0.084185 0.410035 -2.558899 -0.526472 -0.009752 0.494018 0.633409 0.354606 -0.206024 0.523392 -0.825258 -1.166301 -0.380166 
0.187330 -0.353234 0.191292 -0.893480 -2.002191 0.003805 -0.020131 0.222232 -0.260173 0.265483 -0.244798 0.246436 -0.178370 -0.160122 -0.795639 -0.030534 
0.104290 0.222268 -0.173975 0.484674 1.130472 0.335108 -0.508222 -0.113701 0.210097 -0.559269 -1.440145 0.394567 -0.417267 0.405638 -2.002581 0.519263 
0.017205 -0.213366 0.132433 -1.151777 1.151165 -0.570196 -1.572089 -0.045939 -0.270958 0.360587 0.119916 -0.793224 -0.237254 -0.044841 -0.096522 -0.071413 
0.130251 -0.031237 0.183627 -0.388693 -0.205786 0.213282 -1.465166 -0.141527 -0.469559 0.231824 -0.703096 0.033636 0.089821 0.272536 0.490163 -0.359248 
-0.014655 0.117904 -0.268598 0.570365 0.411059 -0.170776 -0.575488 -0.355512 -0.474270 0.145878 -2.397756 -0.491663 0.656038 0.247229 0.661475 -0.634041 
-0.220175 0.056808 0.152059 -0.076954 0.330149 0.339945 0.213128 -0.388242 -0.183958 0.107861 -0.214898 -0.601635 0.325011 0.015063 0.413928 0.330050 
-0.207208 0.160257 -0.241872 -0.272628 0.166903 0.648560 0.353555 -0.658805 -1.167279 0.363633 -0.216126 0.159240 -0.052224 -0.166539 -1.700118 -1.844604 
0.105924 0.231400 -0.028280 0.360470 -1.376462 -0.018327 0.452055 -0.113239 -0.168396 0.007154 -1.115319 0.115957 0.087748 0.128859 -2.060812 -2.433433 
-0.151640 0.446858 -0.034793 -0.762820 -0.504703 0.256566 0.367118 -0.327858 -1.951377 -2.065257 0.412426 0.858643 -1.971274 0.124826 -1.016201 -0.045199 
-0.311952 0.173017 0.207467 -0.001330 0.181834 -0.514724 -1.300909 0.277033 0.555156 0.473359 -2.415860 0.234114 0.321498 0.129455 0.344756 -0.133304 
