0.192839 -0.293722 0.185384 0.246582 -0.298211 -0.295478 0.137631 -0.321575 
-0.526147 0.452809 -0.345270 -0.150656 0.350919 0.266508 -0.335867 0.488153 
0.313780 0.043145 0.430846 -0.139669 -0.151079 -0.298548 0.643117 -0.752333 
1.832914 -0.549467 0.455971 -0.631815 0.185195 0.279154 0.659946 0.346969 
0.345143 -0.567023 -1.010724 -1.268661 -0.107526 -0.467898 0.067008 0.119594 
0.114400 -0.052582 -0.397338 -0.577596 0.050240 0.096354 -0.035426 -0.134946 
0.479867 0.419705 0.568678 0.777398 0.416328 0.629823 -0.759892 -0.224800 
0.136509 0.012861 -0.573998 -0.226264 0.164390 0.415337 -0.356813 -0.487239 
0.660422 -0.043658 -1.791398 -0.294331 0.202569 0.116951 -1.401695 -0.488341 
0.297842 0.007284 0.312063 -0.658606 1.209926 -1.035402 0.494827 0.320891 
0.745783 0.509727 1.083388 0.663092 0.057923 -1.232860 -0.911625 -0.736400 
0.023041 -0.609615 -1.055437 -0.044395 -0.283843 0.504287 -0.230119 0.249548 
-1.166248 -0.306319 -0.601124 0.142732 -0.454000 0.827307 -0.759974 -0.247700 
-0.277641 0.606236 0.541297 0.013517 -0.478068 0.361811 -0.137874 0.117790 
1.108804 -0.090105 1.001545 0.325267 0.265331 0.744390 -0.604380 0.415922 
0.424604 -0.980310 0.774681 -0.270987 -0.468449 -0.119094 0.095764 -0.463808 
