-0.896377 -0.315538 0.174779 0.358199 -0.185469 -0.440965 -0.493116 0.281865 0.182552 0.128447 0.412480 -0.415915 -0.538945 0.345955 0.283842 -1.336206 
-0.903839 0.047172 0.067407 0.304962 0.449125 0.089766 -0.130254 -0.141469 -0.478326 0.294290 -0.153858 0.225902 -0.310463 0.277703 0.387589 -0.015167 
0.132082 0.219230 0.032465 -0.940982 -1.830481 0.131311 0.048632 0.017140 0.267911 0.111566 -0.179272 -0.269208 0.354839 0.104392 -0.021761 -2.261462 
0.055117 0.247571 0.124276 -0.409726 -0.619640 -0.184916 0.279296 0.104144 0.489457 0.090970 -1.401446 0.292407 0.077281 -0.086746 0.682688 -0.051930 
0.074788 -0.466027 -0.225308 0.645236 0.327200 -0.082042 -0.888136 -0.401272 -0.512648 0.638228 0.308103 -2.449582 -2.223895 0.276114 -0.011154 0.156792 
-0.152875 0.156009 -0.292544 -0.359718 0.303554 -0.142642 -0.187850 -0.464410 0.573642 0.489942 0.118755 -2.042590 0.465706 0.202697 0.052117 -0.273167 
-0.076753 0.069304 0.020107 -0.248000 0.004549 0.468830 -0.036595 0.139850 -0.337893 -0.425667 -0.978138 0.410768 -3.244498 -0.012253 -2.361151 0.154167 
0.340444 -0.510597 0.030787 -0.832064 -1.101313 0.358717 0.449148 0.159255 0.261354 0.375205 -0.993381 -0.281102 -0.237520 -0.187365 -1.305872 -1.798940 
-0.201054 -0.881450 -0.035893 0.442371 0.899825 0.612075 -0.528210 -0.094805 -0.730474 -0.823972 -0.347283 -2.975715 0.532935 0.293701 0.196428 -0.450888 
-0.082793 0.064753 0.141070 -0.235055 0.177758 0.195246 0.565443 0.013547 -0.856246 -0.522054 -0.809255 0.567466 0.420707 -0.287948 -0.079219 -0.330748 
0.280785 0.186211 0.141440 -1.649769 -1.506503 0.419745 -0.804020 0.248055 0.473608 -0.003556 0.036842 -0.131468 -0.076473 0.206774 0.450930 -0.409275 
-0.069563 0.323461 0.044661 0.535755 -1.328856 -0.125279 -0.316716 0.157662 -0.768325 -0.066906 -0.043734 -0.628414 -1.554125 -0.147905 -0.073354 -1.014013 
0.346509 0.266985 -0.005794 0.399677 0.081243 -1.391677 -1.632390 0.307631 -0.180272 0.702087 0.354798 0.513691 0.027876 -0.728267 0.454380 0.222480 
-0.095932 -0.593859 0.056999 0.175061 0.227579 0.445053 0.107539 -0.770555 0.335923 0.157907 0.303272 -0.262744 -2.100678 0.143920 0.290891 0.445942 
-0.255597 0.248460 -0.119523 0.201458 0.548946 0.343871 0.461854 -0.559869 0.046126 -0.535778 -0.100513 -0.247770 0.667156 -0.172278 -0.037868 0.670470 
0.148107 -0.324661 -0.138019 0.202896 -0.626865 -0.174352 0.441021 -0.148295 -0.274785 -0.185319 -0.471494 -0.016991 0.429219 0.185101 0.119736 -3.369174 
0.091050 -0.280704 0.007941 -0.381604 -0.055057 0.284850 0.362277 -0.933070 -1.496864 0.452917 0.105363 -0.725714 -1.420931 0.254624 -3.369378 0.235986 
-0.405017 -0.209135 0.195133 0.571758 -0.147687 0.327251 -0.118616 0.303433 -0.214508 -0.178962 0.389054 -0.605933 -0.414635 0.226493 -2.459069 0.719122 
-0.188986 -0.146914 0.228857 -1.343256 0.145769 0.122196 0.418623 -0.043425 -0.256634 -1.357638 0.629390 -0.996723 0.472145 0.179552 0.281914 -0.492443 
0.326109 0.213283 0.000171 -0.012917 -0.930891 -0.183846 0.375929 0.319866 -1.487588 -0.320197 0.414295 0.399513 -0.379663 -0.090050 -1.374410 0.101390 
0.070032 -0.250287 0.147684 -0.476989 0.123722 -0.639263 -0.382371 0.249680 0.360918 -0.014013 -0.540180 0.338813 0.396244 -1.346442 -0.276517 -0.058433 
0.420572 0.026563 0.401005 -0.723600 0.307687 -1.533150 -1.334021 0.262421 -0.051662 0.335169 0.730158 0.101640 -0.454278 -0.525298 0.063553 0.276976 
0.047258 -0.427915 -0.610036 0.414601 0.466068 0.076346 0.026982 0.587635 0.423556 -0.923560 0.189816 -0.156255 -0.381437 -0.102555 0.139876 0.551377 
0.508021 0.438662 -0.470581 -0.325465 0.244362 -2.988175 -2.570695 0.249179 0.610945 -0.054591 -0.436647 0.646056 -0.287450 -2.063633 -1.531546 0.265589 
-0.036723 -0.397214 -0.447439 0.442818 -0.464290 -0.085657 0.377893 0.159517 -1.512603 -0.098595 0.592013 0.309864 0.752143 0.073506 -0.107622 0.227174 
-0.190846 0.106155 0.024675 -0.062354 -0.012720 0.357901 -0.322998 -0.674426 0.556690 -0.518034 -0.082010 -0.126424 0.637782 0.142732 -1.264797 -0.094276 
-0.530541 -0.387760 0.374527 -0.342114 -0.349273 0.018946 -0.003120 0.083606 -0.536114 -0.025251 0.342523 -1.062374 0.519682 0.088899 0.110408 0.489424 
0.030397 0.051199 -0.130512 -0.837366 0.002541 0.067908 0.115551 -0.207366 0.305287 0.047649 0.979306 -0.090996 -0.039166 -0.129976 0.397922 -1.909851 
0.166122 0.429410 0.088979 -1.162998 0.701095 -1.173545 -0.842407 0.200992 0.216529 0.296541 -0.183144 0.136105 -0.710836 -1.943724 -0.351968 0.623925 
0.078600 0.028654 -0.024612 -0.153272 -0.087564 0.300758 0.096771 0.344903 -0.958604 0.501401 -0.241580 0.924323 -1.153864 0.145525 0.167115 -0.649358 
0.194054 0.274630 -0.548269 -0.585797 0.275748 0.393235 -0.016954 -0.454459 0.458809 -0.437484 -0.242756 0.130114 0.595014 -0.231245 -0.371477 0.452294 
-0.154705 -0.306893 0.016746 0.579834 0.117076 -0.081772 0.237887 0.165945 0.346926 -0.218284 -1.149991 -0.177188 0.162760 0.511471 -0.355377 0.478419 
-0.163986 0.214516 -0.075092 -0.663957 -0.790544 0.255260 0.262446 -0.843449 -2.160030 0.499928 0.573144 0.171319 -2.307673 0.226890 -0.732300 -2.652344 
0.222221 -0.081643 0.284487 0.638580 -0.445112 0.123937 -0.407812 0.308663 -0.043483 -0.496177 -1.003953 -1.167491 0.286439 -0.055979 0.550421 0.086140 
0.098669 -0.143285 0.027193 -0.298676 0.038147 0.103001 0.164546 0.270192 -0.279775 0.323045 -0.024944 -1.443160 -3.513849 0.121404 -0.162884 0.516925 
0.035439 0.034905 -0.598800 -0.108155 -0.083887 0.196099 0.321080 -0.837883 0.308259 0.254338 0.378414 0.212511 0.165589 0.262224 0.253978 -0.487428 
0.000804 0.021766 0.221793 -0.377056 -0.009398 -0.007261 -0.978630 0.150291 -0.893748 0.051359 -0.898309 0.278854 0.248997 0.349528 -0.533383 -0.317329 
-0.054306 -1.364147 0.103021 0.341314 0.835905 -0.414946 0.493965 0.085478 -1.293941 -0.753151 -0.141567 -1.725907 -0.816891 0.145782 0.123563 -1.188156 
0.202390 0.545599 -0.327298 0.058290 -0.607892 0.078559 -0.692248 0.071862 -0.031919 0.672164 -0.627689 0.299456 0.350162 0.252881 -0.542578 -1.000929 
0.356767 -0.540519 -0.145547 0.954685 -0.136335 -2.387996 -0.556056 -0.028343 0.161579 -0.408931 0.070831 0.185786 0.323323 -0.892121 -0.430990 -0.479455 
0.201482 0.237020 -0.162713 0.033367 0.596229 0.212461 -0.120555 -0.669038 0.372219 0.645523 0.447925 0.155413 0.342952 -0.668856 -0.012932 -0.591506 
-0.130673 0.262592 -0.270337 0.614239 -0.166267 -0.244591 0.068690 -0.027499 -0.438838 0.697971 -0.867736 -0.161196 0.457565 -0.441335 0.335147 -0.181975 
0.207911 -1.029617 0.261037 -0.275836 0.868568 0.082729 -0.629070 0.264547 -0.491039 -0.255340 0.183930 -0.317538 -2.287518 -0.217569 0.665751 -2.701458 
0.209672 -1.587344 0.094934 0.373997 -0.171667 0.258272 -0.554582 -0.017986 0.534139 -0.406489 -0.035796 0.588070 -0.197172 0.438741 -0.961747 -0.160879 
0.060976 -1.084184 0.302871 0.117060 0.291260 0.369742 -0.564935 0.103832 -0.672079 0.175063 -0.003689 -0.189237 0.500177 -0.460098 0.824224 -0.647881 
0.192866 0.318613 0.245008 -0.645297 -2.077102 -0.239762 0.267725 0.259173 -0.908114 -0.246403 0.246331 0.511255 -2.262033 0.328509 -0.850330 0.493659 
0.372769 -0.239181 0.218316 -0.660537 -0.818780 0.223857 -0.971895 0.221081 -0.271940 -1.118201 -0.821733 0.025621 0.327798 0.469541 0.150600 -0.795453 
0.050996 0.699601 0.365005 -0.200971 0.477881 0.305985 0.317795 -0.715197 -0.174324 -0.861746 -0.303476 0.320583 -0.067847 -0.646367 -0.332852 0.842873 
-0.195964 0.116669 -0.003615 -0.606064 -0.193051 0.316782 -0.776692 -0.732146 0.520892 -0.056748 0.181374 -1.161448 0.919181 -0.054527 -0.488293 -1.328402 
-0.144983 -0.084385 0.012587 0.712530 -0.549701 -0.148274 -0.694690 0.070645 -0.952105 0.248079 -0.582438 0.114304 -0.970482 0.039807 -0.425295 -0.479585 
0.228089 0.090875 0.231170 -0.807809 -0.407488 -0.184419 -0.374596 0.210378 -0.705399 0.056089 -1.240014 0.078441 0.110151 -0.594388 0.299099 0.173075 
-0.067517 -0.003081 0.184453 0.298174 0.701552 -2.097597 -0.585695 0.246911 0.370746 0.398134 -0.583279 -0.365511 -0.166432 -0.129258 0.071278 -0.195310 
-0.306059 -0.222765 0.164075 0.310838 0.598116 -0.384290 -0.747145 0.169311 -0.945112 0.402430 -0.611282 -0.632479 -1.628780 0.229783 0.357849 -0.307328 
-0.209320 0.081205 0.140355 0.473257 -0.227594 0.405543 -0.190328 0.148340 -0.687002 0.153406 -1.414451 0.316848 -1.685927 0.066319 0.164055 -0.282243 
0.041503 -0.102022 -0.232861 -0.258443 -0.275585 0.315901 0.584153 0.173142 0.757720 -0.216183 0.626102 -0.692491 -0.680712 0.260856 -0.540432 -0.081467 
-0.078169 -0.067509 -0.087580 0.525351 0.609761 -0.344571 -0.630960 -0.289072 0.266668 0.250161 0.107137 -0.368790 -0.347579 -0.038000 -0.350635 -1.869466 
-0.050214 0.468691 0.056607 -0.739709 -0.027077 -0.930582 -1.658701 -0.067295 -1.220225 0.139255 -2.097158 0.146119 0.004332 0.049101 0.660419 -0.349620 
-0.074241 0.292042 -0.283498 0.591998 0.285709 0.200714 0.184860 -0.175729 -0.319822 -0.130425 -1.311573 1.011789 -1.571514 0.511663 0.146532 1.534258 
-0.042652 0.098214 0.101643 0.004587 -0.752452 -0.079046 -0.299723 -0.082863 -3.148741 -0.638318 0.026240 -2.575811 0.586140 0.197718 0.037394 0.191743 
-0.135075 0.620030 0.075939 -0.841947 0.440205 0.352738 0.140449 0.218086 0.206521 -0.809788 -0.058378 -0.807405 -0.087169 0.206799 -0.575229 0.347408 
0.148197 0.136180 -0.069768 -0.662942 0.027015 0.094216 0.230846 0.319833 0.092145 0.189709 -1.876728 1.012693 0.438540 -0.521703 -1.724305 0.370422 
-0.137375 -0.780246 0.000757 -0.102334 0.523621 -0.040840 -0.533742 -0.010691 0.387928 1.030485 -0.181443 -1.176670 0.090360 -0.043305 -0.607243 -2.546751 
0.147927 0.137140 0.021454 0.959178 -0.055175 -0.708510 0.110868 -0.026096 -0.218906 -0.013284 0.280042 0.182949 -1.508247 0.260246 -1.750375 -1.947192 
0.166526 -0.476227 0.083206 0.551341 -0.076148 -0.849629 -0.538559 0.124172 0.205540 0.022108 -0.446404 -1.104911 0.253392 0.409419 0.387068 0.694521 
0.374862 0.366349 0.186444 -0.489266 -0.959534 -1.929314 -0.716044 0.212612 -0.610987 -1.287019 0.317019 -0.315978 -0.192148 -0.216753 0.374364 0.466444 
0.147211 -0.008771 0.132915 0.077163 -1.220158 0.107591 0.472810 0.342414 -0.472979 0.163482 -1.019776 0.105528 -0.020863 -0.427656 -0.466271 0.305388 
-0.204092 0.651733 0.278558 -0.648135 -0.492017 0.393281 0.213051 0.108851 -2.798145 -0.819124 0.549421 1.081550 -2.832446 0.400837 0.118604 -1.185558 
0.153692 -0.095344 -0.114103 -0.205630 0.197498 0.331225 -0.090542 -0.037931 0.531240 0.329964 -0.293917 -0.377866 -0.037490 0.075571 1.229637 -0.610209 
-0.201246 0.025145 -0.372018 -0.671933 -0.253498 0.380871 0.647150 -0.142691 -1.968375 0.094479 0.473333 0.868529 -0.256195 0.245656 0.015611 0.379761 
-0.081389 0.086751 -0.298957 0.041385 0.614563 0.363131 -1.224346 -0.204656 -0.303265 0.464659 -0.590663 -0.210421 0.326437 0.188608 -1.018525 0.074181 
-0.067071 -0.230616 0.228436 -0.145606 -0.402202 -0.247285 -2.917847 0.195094 0.211703 -0.239058 -0.850656 0.173459 0.211892 0.084897 0.579279 0.415091 
0.032495 -0.179871 0.150593 0.178889 -2.149225 0.243296 0.370063 -0.190045 -0.888913 -0.562825 0.278919 -0.711515 0.827426 0.239692 -0.050424 -1.062337 
-0.093262 -0.120468 0.117126 -1.423605 -1.351651 0.285129 0.127508 -0.254083 0.126517 0.219194 -0.210446 -0.037327 0.190030 0.313765 -0.070460 -0.497128 
0.310391 -0.339373 -0.199724 0.516763 -0.997739 -0.083525 -0.072755 0.369731 -1.027664 -0.916938 0.337670 -0.848222 -0.773319 -0.000913 0.904345 -1.290189 
-1.055706 -0.014554 0.144003 0.258978 0.302360 0.161493 0.009219 -0.527667 -0.232069 0.476912 0.116425 -0.062077 -0.086570 0.090249 0.097480 -0.952112 
0.266736 0.243885 0.111350 -0.329686 -0.480378 0.339153 0.431306 0.116121 0.143612 -1.238160 -0.070150 0.204174 -2.737548 0.124356 -1.641301 -1.825387 
0.144317 -0.346413 0.109902 -0.793662 0.790580 -0.629396 -1.001714 0.112907 -0.056905 0.780785 0.554975 -0.631016 0.088294 -0.057800 -0.932222 1.263023 
0.112993 0.056153 -0.366520 -0.921866 -0.346949 -1.652897 -0.564484 0.341710 0.096785 -0.155163 0.353192 0.585515 0.835281 -1.978425 -0.597251 -0.121857 
-0.311545 0.455010 -0.334403 0.836798 0.209578 0.554629 -0.006365 0.072069 0.269257 -0.065409 -0.102161 0.109950 -1.028740 -0.169174 0.354394 -0.339371 
-0.354864 0.298075 -0.306984 0.253739 0.979937 -0.367986 -0.342685 -0.622922 0.007913 -0.710301 -0.584631 -0.236386 0.534317 -0.171856 -0.972203 0.557466 
0.187071 0.184786 0.043501 -0.180189 -0.343209 -2.095595 -0.514443 0.229237 0.775701 0.133203 0.153208 0.437695 0.581279 -0.982164 -0.487782 -0.375048 
-0.109820 0.030459 0.227657 -0.305317 0.066079 -2.912026 -1.218352 0.120769 -0.026283 0.139780 0.255582 0.273276 0.258247 -1.884632 -0.850620 0.265908 
0.006652 0.119764 0.105506 0.683140 -0.514467 -0.049092 -0.401395 -0.644870 0.538518 -0.232944 0.053546 0.061680 -0.125444 0.254651 -0.631188 -1.468341 
0.113184 -0.723567 0.184082 -0.136323 0.814728 0.016243 0.633697 -0.309684 0.483381 0.256137 -1.183703 -0.521222 -0.296569 -0.026344 -0.185600 0.073468 
0.216468 -0.074949 0.159060 -0.999998 -0.226943 0.472810 -0.129675 -0.562301 0.404724 0.395383 -1.366168 -0.586085 -0.288394 -0.025943 -0.583063 0.035257 
-0.017291 0.075566 0.096366 0.010302 0.125086 -0.118877 0.230754 0.101188 0.300732 -0.196609 0.025487 -0.012872 -0.184723 0.228749 0.175896 0.180612 
-0.019646 -0.072709 0.258811 -0.737160 -0.325102 -0.001852 0.276005 -0.310098 -0.861989 0.043944 -0.126655 -0.435924 0.261163 0.188717 -0.683208 0.004317 
0.235876 -0.167234 0.103340 -0.350433 -1.302106 -0.228746 0.208628 0.133264 -2.045101 0.176015 0.502152 -2.485890 -0.865851 -0.162397 0.948961 -0.628199 
-0.895498 0.128071 0.248886 0.780276 -0.239502 -0.202524 0.117264 -0.062344 -0.260101 -0.896872 0.068928 -0.887555 0.072559 0.160667 -1.430869 -0.467204 
0.074051 -0.901756 0.001935 -0.576833 -0.439124 0.149659 0.466140 0.016404 -0.291804 -0.187928 0.178787 -1.923779 -1.093917 0.024814 0.612724 -0.975412 
