-0.048867 0.495458 0.093606 -0.143602 -0.058780 -0.191568 -0.564201 -0.674913 0.006432 0.721412 -0.037996 -1.045834 0.203659 0.017477 -0.375926 -0.342838 
0.169156 -0.074516 -0.138154 -0.804227 0.272433 -0.222231 -0.571080 -0.231646 0.089984 -0.538262 -1.629873 0.035662 0.590013 0.476266 -1.284194 0.703446 
-0.018888 0.093595 0.121230 -0.464024 -1.054786 0.067447 0.090742 0.411203 0.937707 0.065241 0.463223 -0.425771 -0.182601 -0.052347 -1.525156 -2.515642 
-0.077454 0.127346 0.243348 -0.410051 -0.651820 -0.444492 -2.984577 0.074970 -0.386185 0.102193 -4.496787 0.405987 0.052956 0.320145 0.311097 0.057884 
-0.101346 -0.442937 -0.199532 0.930706 0.379148 0.283774 -0.011953 -0.872262 0.563105 -0.310249 0.332404 -0.209693 -0.640263 0.026235 -1.075828 -3.340384 
0.239919 0.354522 0.295012 -0.537556 -1.523010 -0.750685 -2.181596 0.347687 -0.354439 -0.261253 -0.097924 -0.080743 -0.960494 -0.465119 0.455145 0.370122 
-0.336505 -0.047584 -0.157500 0.210874 0.371464 -0.364818 0.065901 -0.387132 -0.243919 0.857130 0.323081 0.979472 -0.049840 0.396195 -0.677591 -2.135222 
0.009964 -0.001987 -0.367594 0.169757 0.534195 0.012854 -0.422415 -0.285488 0.110246 0.521259 -2.760090 0.940921 -0.577640 0.041951 0.059408 -0.327246 
0.320904 0.035756 -0.233909 -0.672900 -0.432869 0.298632 -0.182189 -0.118234 -1.285593 0.164076 -0.686078 -0.626977 -0.221440 0.478557 -0.887754 -2.703828 
-0.581459 -0.156456 0.240793 -0.192489 -0.125005 -0.147574 0.067490 -0.427247 -0.498677 -0.744338 0.737592 -1.976964 0.548079 0.253871 -0.536685 -1.735897 
-0.081055 -0.227343 -0.144831 0.920509 0.140790 -0.071706 -0.122794 -0.104792 -1.253444 -0.032068 -1.181389 -0.903082 0.297242 -0.091774 -2.927152 0.490694 
-0.494267 0.257289 -0.359291 -0.060696 0.682138 0.490679 0.650255 -0.398078 0.121642 -0.769802 -0.103939 -0.092290 0.491588 0.339103 -1.827639 0.596409 
0.008725 -0.090591 0.037648 0.716038 -0.450311 -3.570606 -0.544341 0.070817 -0.022974 -0.575086 0.294288 0.097042 -0.109541 -0.327707 -1.295129 0.093174 
0.090527 -0.364292 -0.497596 0.725679 -0.248558 0.376221 0.514958 0.375085 -0.584588 -0.127851 0.225382 0.338270 0.386943 0.181321 0.844840 0.673603 
0.186578 -0.024408 0.230016 0.442940 -1.175210 0.357062 -0.169885 0.247058 -2.697283 0.013246 0.341566 -4.050173 -0.465092 0.189879 0.823316 0.042974 
-0.443372 -0.153587 -0.218839 0.304336 0.320725 0.478665 0.448279 -0.463090 0.194601 -1.137844 -1.065159 -0.350977 0.413847 -0.078160 -0.668809 0.911314 
-0.896299 -0.467253 0.233911 0.492987 0.105111 -0.365505 -0.210254 0.353410 0.352682 0.091170 0.361905 0.062388 -0.634095 0.382285 0.559494 -0.820756 
-0.429205 -0.578289 0.114218 0.035037 0.001060 0.184304 -0.426574 -0.087528 -1.504604 0.332382 0.767647 -0.544930 -1.010403 0.077691 -2.098212 -0.485629 
0.142709 0.311036 -0.226678 0.431852 -0.038067 -0.067775 -0.246004 0.320002 0.347758 -0.033525 0.251410 0.934618 -0.257066 -0.689827 0.042010 -0.096123 
-0.038826 -0.019971 0.168291 -0.673307 0.340420 0.161632 0.900803 -0.453255 -0.842894 -0.236562 0.008228 -0.492239 -0.090019 -0.708038 1.254188 -0.063181 
0.241983 0.432655 0.196100 -0.276877 0.076309 -2.322970 0.642999 0.340690 -1.110574 0.198656 0.030636 0.624352 0.103810 0.154607 -0.363506 0.222243 
-0.326371 0.055891 0.092574 0.363409 0.839637 -0.800794 -0.751011 0.124506 0.359855 0.310235 -0.798995 -0.527896 -0.429250 0.083309 0.505472 0.071363 
-0.000200 0.210538 0.172496 -1.146652 -2.428571 0.244262 -0.051183 -0.020811 -0.122693 -0.092679 -0.173630 0.269871 0.712975 0.132283 -0.544550 -1.618560 
-0.043439 0.026825 0.061943 0.982759 -0.248912 0.176416 0.194762 0.031500 0.224036 -0.189803 0.246040 0.923953 -3.205410 0.267336 0.847358 1.168993 
0.407168 0.183579 -0.522584 -0.241935 0.390832 -0.134834 0.259778 -0.358197 0.400968 0.694276 0.214570 0.206175 -0.447616 -0.627513 0.274457 -0.034537 
0.020706 -0.056886 0.423590 -0.417798 0.565311 0.194686 -1.509768 -0.011416 0.149488 0.119665 -0.786649 0.061086 0.460037 -0.806081 0.441999 -1.892509 
0.015465 0.278684 -0.149942 -0.546740 -0.777230 0.240952 -0.225044 -1.087710 -0.488124 -0.083782 -0.550702 -0.255656 0.653435 0.009926 -0.861081 0.326774 
-0.041501 -0.013382 -0.533020 -0.295017 0.548778 -0.033266 0.024668 -0.531000 -0.820444 0.941993 0.373450 -0.971182 -2.184518 0.034461 -0.422968 0.653237 
-0.062553 0.295550 -0.062735 -1.073120 -0.701842 0.351386 0.596261 -0.017411 -2.608238 0.236562 -0.002778 -0.124655 -0.803803 0.378830 0.066919 -0.330054 
-0.474111 0.219065 -0.086185 0.459307 0.625279 0.478540 0.466460 -0.900509 0.072212 -0.658763 -0.251590 -2.248220 0.449212 -0.601222 -0.858882 0.704314 
0.276059 0.248733 -0.268666 0.052372 0.231384 0.056254 0.171479 -0.878624 -0.059968 -0.102441 0.681877 -0.016093 0.487926 0.040717 0.292339 -0.217110 
0.316001 -1.838432 0.110857 0.585733 0.316381 -1.243068 -1.307361 0.153545 0.737142 0.146523 -0.086900 -0.647522 -0.300745 0.111749 0.522250 1.189397 
-0.136897 0.426967 0.051687 -0.008142 0.439417 -0.857586 -0.510760 -0.259558 -0.288899 -0.058104 -0.061578 -0.004547 0.231933 0.203918 0.372443 0.540289 
0.063466 -1.843253 -0.031540 0.242542 0.291457 0.241050 -0.262085 0.128407 -0.556151 0.063246 -0.344585 0.034303 1.172547 0.134635 0.609281 -0.655210 
0.172981 0.158250 0.174369 -1.229627 0.886317 -0.010246 -1.453051 0.072129 -0.259685 0.301977 0.154475 0.169708 -0.342812 -0.103244 -1.262401 -0.108406 
0.224559 0.126051 -0.002479 0.836291 -0.452208 -3.307805 -1.353703 0.100458 -0.190898 0.136093 0.348918 -0.052835 -0.909456 -0.045172 -0.345434 0.140766 
-0.470242 -0.114822 0.170662 0.144320 -0.015954 0.410709 -0.790843 -1.011827 -0.225290 -0.136679 0.321516 -2.069683 0.710961 0.294679 0.508222 -0.838597 
0.120743 -0.260109 0.181977 0.606835 0.530905 -0.143459 -1.691457 0.093032 -2.608096 0.107631 0.287584 -1.883111 -1.576618 0.477623 0.646327 -0.718030 
-0.357564 -0.283326 0.108047 0.267839 0.446932 -0.057576 -0.110246 0.044451 -0.648266 0.467166 -1.353440 -1.262380 -2.554139 0.000529 1.018193 -0.693880 
0.130206 0.102356 0.178951 -0.724215 0.748432 -0.138688 0.151508 0.290201 0.354393 0.065544 0.359793 -2.899396 -2.598279 -0.174839 -1.840985 0.629720 
0.145204 0.229572 0.190752 -1.375909 0.376503 -2.612935 -1.691014 0.086073 0.132565 0.172818 0.111788 0.350161 0.281807 -3.301601 -0.451460 0.289647 
-0.247129 -0.269330 -0.486676 0.435425 0.225992 0.496476 0.263057 -0.508663 0.432902 0.138539 0.398421 0.344007 0.631881 0.371409 0.487104 0.991707 
0.132013 -0.159843 -0.197983 0.413207 -0.942217 0.123057 0.796792 0.392107 -0.679325 0.096129 0.463245 -1.106166 -0.286043 -0.224974 -1.228273 -5.593712 
0.128254 -0.235254 0.307926 -0.838554 0.457769 0.246105 0.105795 -0.019271 1.057874 0.304994 -1.228557 0.324108 -1.873060 -0.350478 -1.583879 0.502354 
0.055958 -0.115101 0.298793 -1.162473 -0.715456 0.477053 -0.065525 0.322884 -0.563700 -0.431418 -0.216083 -1.462344 -3.397348 0.184183 -1.957475 -1.491876 
0.233225 -0.846031 0.118300 -1.410488 -0.654605 0.274556 -0.021053 0.079124 -0.477974 0.670557 0.308211 -0.526187 0.056236 -0.087287 -0.375988 -2.650728 
0.033383 -0.443138 0.155257 0.981655 0.323837 -0.346721 -0.370544 0.299264 -0.592668 -0.836086 0.028071 0.238984 -0.585123 -0.265938 -0.216847 -1.284564 
0.118586 0.118932 -0.219130 -0.400955 0.217430 -0.046376 0.870227 -0.222528 0.433060 0.200138 0.636339 -0.443353 -0.544561 0.020665 0.584645 -2.019250 
0.119892 -0.132955 0.211519 -0.244354 -3.137189 0.143235 0.404414 0.119204 0.020500 -0.898328 0.417571 -0.360332 -0.129766 0.193170 -2.471055 -0.342769 
0.229411 -0.128820 0.144927 -0.859409 -1.071186 0.261508 0.098694 0.094945 0.335858 0.242833 -1.208090 0.490693 0.138012 -0.088151 -0.941025 -0.822176 
0.231869 -0.534284 -0.081576 0.703050 0.328683 0.375909 0.130901 0.351641 -0.219852 -2.048242 -0.182528 -1.166831 0.189505 0.381769 -0.597475 -1.077024 
0.144876 -0.090446 -0.092547 -0.781040 0.124282 0.293661 -0.611451 -0.432842 0.033039 0.296437 -2.581317 0.081025 0.184685 -0.526833 -2.391472 -1.146604 
0.121097 -0.222683 0.123547 0.014271 -1.507598 0.006701 0.683445 0.185852 -0.539500 0.188002 -0.534336 0.073043 0.288506 -0.137716 1.146290 -0.386048 
-0.163050 -1.071997 0.269454 -0.245419 0.700493 -0.180328 0.364342 0.110385 -0.846533 0.635685 0.157283 -2.334069 -1.352165 0.221200 -0.073807 -0.904699 
0.228570 0.243953 0.257048 -0.606334 -0.652727 0.152816 0.218173 0.177222 -5.007143 0.344740 0.386759 -0.085794 -0.855370 0.232414 0.978343 -2.722221 
0.311702 -0.229912 0.221537 -1.540245 -0.136333 -0.474037 -1.000444 0.185789 0.428895 -2.054379 0.421660 -0.160886 0.177417 0.345151 0.998720 -1.264827 
-0.084075 0.091663 -0.022084 -0.799899 0.634324 0.482550 -0.059483 -0.425677 0.915089 -0.579975 0.393200 -1.215352 0.742787 0.105312 0.343179 -0.337381 
-0.660599 0.328647 0.014641 0.503864 -0.116860 0.409030 -0.203732 -0.045097 -0.506733 -0.986553 -0.821514 -1.938957 0.754213 -0.350366 -0.385976 0.724215 
-0.421820 0.155079 0.116729 -0.288806 0.164933 -0.421385 -0.198878 0.374716 0.456670 0.164851 0.764578 -0.386743 -0.333435 -0.400904 -4.615050 -0.362354 
0.098332 0.128966 0.022342 0.602554 -0.171182 0.064939 0.518400 -0.089932 0.377790 0.031739 -1.748981 0.228384 0.247107 -0.068682 -0.871573 -5.765301 
0.146183 0.164332 0.099571 -0.386055 0.562824 0.048548 0.176087 0.087424 0.208951 -0.279442 0.002385 -0.647841 -2.019787 -0.098319 0.887508 -2.160188 
-0.662252 -0.225069 0.130516 0.097727 0.256724 -0.367017 -1.171652 -0.072704 -0.619313 0.436191 -0.754884 -0.656111 0.512687 0.162669 0.946367 0.459387 
0.259355 0.231258 0.052286 -0.339227 -0.291877 0.246556 0.327425 0.076760 -0.583584 -1.363842 0.080767 -0.015067 -3.097287 0.110879 -0.784126 -1.103828 
-0.088644 -0.369864 0.120082 -0.061909 -0.137127 0.202277 0.386509 -0.342431 -0.207267 -0.899153 0.537320 -1.335097 -1.856231 0.291743 0.592068 -2.294875 
-0.184343 -0.445845 -0.138327 0.159240 -0.016841 -0.236621 0.626404 -0.684175 0.573836 0.290742 -1.413661 -0.587630 0.007040 0.561231 -1.890583 -2.720813 
0.105636 0.040091 0.036915 -0.761781 0.470506 0.142051 -0.640142 -0.578168 0.386105 0.063848 0.405856 0.129179 0.215717 0.066623 0.235317 -0.055908 
-0.255687 -0.059284 0.252669 -0.080142 0.064349 0.036866 0.004701 -0.324058 -1.268679 0.625711 0.943025 0.463542 -1.483453 0.408284 -0.121108 -0.767110 
0.484607 0.598242 0.201540 -2.655606 -2.166708 -0.106919 -1.327665 0.196003 0.301850 0.110602 0.227173 -0.058694 0.338386 -0.304502 -0.320622 0.307190 
0.200554 -1.227141 0.285244 0.265495 0.398623 0.425120 -0.884175 0.209481 0.317764 -0.415820 0.143313 0.010945 -1.125749 0.389541 -0.354746 -1.897990 
0.164119 0.064820 -0.709035 0.373948 0.439818 0.382579 -0.466853 -0.286048 0.519081 -1.052991 -0.041626 0.391216 0.451045 -0.104076 -0.330949 0.121193 
-0.420232 -0.022877 0.140271 0.405792 -0.785093 -0.394477 -0.263197 0.221924 1.130965 -0.063536 -0.623105 -0.606248 -0.269806 0.299716 -0.421281 -0.549215 
0.063840 -0.082712 0.194924 -0.457566 0.569694 -0.292153 -0.882040 -0.040735 0.650338 0.398503 0.777326 -3.432299 -0.228543 0.157667 -0.820130 -0.387896 
-0.085644 -0.457489 0.260615 -0.804439 -0.549254 -0.080630 0.283016 0.406825 0.131431 -0.023887 -1.484943 -0.282887 0.387213 0.003563 0.039302 0.456039 
0.172703 0.110181 -0.189666 -0.941281 -0.816834 -0.214550 0.142219 0.368252 -3.845407 0.152843 -0.008284 -0.501885 0.232111 0.124587 -0.751656 -0.293666 
-0.676860 0.584364 -0.095209 0.345921 0.295706 0.895070 -0.510937 -0.632470 -0.862795 0.260750 -0.898913 -0.608123 -0.328315 0.173851 -0.654189 -0.429435 
0.027264 0.214896 0.061650 0.951282 -0.899060 0.185865 0.138724 0.191376 -0.869615 0.330601 -0.502169 0.151663 -2.279549 -0.090288 -0.012286 0.058973 
-0.132648 -0.238198 -0.026398 0.145954 0.080471 -1.939904 -0.366628 0.165117 0.460928 0.253168 -0.757600 0.113032 0.865071 -1.110135 0.237988 -0.605009 
-0.037693 0.328600 -0.554163 0.320371 0.283817 0.178780 0.103993 -0.005072 0.550076 -0.279067 -1.312304 -0.401766 0.569403 0.070982 0.304581 0.709927 
0.062417 0.548470 0.254181 -0.852695 -0.568954 0.160610 0.381716 0.184614 -2.152989 -2.276361 0.198866 1.026714 -0.281901 0.084133 -1.408962 1.092018 
0.001805 -0.031123 0.160497 -0.428536 -0.431206 -0.084621 -0.404179 0.221483 0.100393 0.106859 -0.992108 0.099610 -0.526603 -1.146348 -0.929818 -0.014030 
-0.098222 0.351090 -0.050515 -0.918682 -3.152186 0.339178 0.304331 -0.086862 -0.522694 0.061859 -0.086526 0.880346 -0.933166 0.104610 -2.014934 -1.371131 
-0.041253 -0.316883 -0.032519 -1.081336 -1.006330 0.585174 0.671601 -0.169051 0.034945 0.180972 0.036462 -0.355605 0.483636 0.458589 0.787388 -2.386570 
0.204653 -0.993645 0.139611 0.140185 0.009384 0.287331 0.338948 -0.657736 -0.199419 -0.070046 -1.277638 -0.777087 -0.006399 -0.035540 0.097919 0.532387 
0.126054 0.047028 -0.069962 0.303725 -0.213546 0.195685 -0.271279 0.148346 -0.493793 0.523289 0.300061 0.775940 0.503666 -0.803726 -2.063607 1.289109 
0.380787 0.331763 -0.461013 -1.058709 -0.056248 -4.653424 -2.200565 0.496974 0.258464 -0.183529 -0.280828 0.803868 0.742946 -4.069548 -1.245479 0.363639 
0.053388 0.036998 0.156254 -0.394448 -0.325871 -0.095523 -0.203237 -0.086346 -0.610625 -0.579969 0.645924 -1.844008 0.501961 0.346354 0.825586 -0.072097 
0.351448 0.082547 0.420765 -0.230849 0.113682 -0.654395 0.231457 0.359979 -0.355804 -0.289124 -0.040052 0.530363 -0.722915 -0.284420 0.174629 0.492866 
-0.321866 0.271306 0.199972 -1.076431 -0.036027 0.339673 0.131431 -0.043186 -3.104548 -0.119092 0.482203 1.387900 -2.379516 0.248948 0.416647 -0.288545 
-0.064497 0.043574 -0.221209 0.010290 0.427922 -0.645871 -0.877327 -0.250161 0.571429 1.219622 0.310792 0.159746 0.138529 -0.337446 -0.809486 -0.964198 
0.178363 0.241162 -0.120292 0.024514 -1.583199 0.084306 0.422208 -0.017428 0.711714 -0.316436 0.222002 0.218930 0.313416 0.277881 -0.338687 -1.969368 
-0.177861 0.326914 0.162592 -0.905251 0.498594 0.104539 -0.824278 0.283764 0.645831 0.141725 -1.309454 0.038172 0.268954 0.381401 0.319448 0.784903 
0.261355 0.330661 0.039173 0.224233 -2.659657 0.376914 0.181739 -0.592426 -0.033698 -0.221119 -0.190554 -0.918032 -0.115506 0.298658 -2.222704 -3.255653 
