0.062835 0.366491 0.088027 0.563834 0.540823 0.095167 0.085182 0.340316 0.560308 -0.063892 0.295416 -0.338764 -3.238114 -0.058011 0.628197 0.630860 
0.387464 -1.341160 0.178997 0.132108 0.163152 -0.484722 -0.480096 0.176663 -0.732541 0.275575 0.317482 -1.747321 -1.012894 0.145284 0.114099 0.181360 
0.111895 -0.626679 0.163309 -1.475250 0.982370 -0.027514 -0.868717 0.104737 0.342803 0.428774 0.363903 -0.494613 0.339541 -0.447277 -0.567959 0.623527 
0.111045 -0.098326 -0.040104 -0.874075 0.654209 0.020249 -0.785811 0.005203 -0.257016 -0.112080 -1.116962 -0.875270 -0.345293 0.203168 -1.174568 -0.716499 
0.063803 0.041876 -0.086600 -1.253100 -2.751772 -0.015711 0.102649 -0.261227 0.206080 -0.260797 0.145443 -0.806178 0.954497 -0.007197 -0.589937 -1.340972 
0.116330 -0.131369 -0.106516 0.446264 -0.184935 -0.055792 0.140302 0.005101 -2.153165 0.070368 0.020799 -0.195330 0.978373 -0.180202 0.617764 0.551307 
0.171523 -0.057237 0.096675 -0.985791 0.339002 0.120727 -0.140615 0.015257 -0.201287 0.539804 -1.672395 0.474941 -2.110692 -0.129493 -0.815473 0.136732 
-0.187987 0.109934 -0.035475 -0.351594 0.478159 -1.042788 -1.225484 0.049201 0.689919 -0.411773 -1.478911 0.209412 0.479888 -0.138616 0.179295 0.412594 
-0.505344 0.164066 0.103545 0.200632 -0.233512 0.058188 -0.445370 0.230326 1.202212 0.190149 0.664285 -0.022448 0.074929 -0.025758 -0.972569 -1.007440 
-0.120178 0.153124 -0.012946 0.039890 -0.181326 -0.162987 0.288699 0.477116 -0.178198 -0.618406 -1.262125 0.107641 0.937273 -0.037573 -0.611580 -0.437534 
-0.041495 -0.854850 0.135801 -0.125812 0.279465 -0.013891 0.948717 0.091261 0.417849 0.280716 -1.231159 -0.852049 -0.823170 0.326816 0.978446 -0.807752 
-0.145396 -0.234285 0.131250 -1.308067 -0.076711 0.373358 0.434120 -0.499055 0.818905 0.302071 -0.495903 -0.609378 -0.303122 -0.138219 -0.918813 0.047339 
0.141835 -1.360227 -0.010465 0.656468 -0.148359 0.219635 0.154839 -0.700755 0.498737 -0.040549 0.282185 -1.984718 -2.221151 0.184279 0.151357 -0.753221 
0.120246 -0.911299 0.142976 -0.306251 -0.825532 0.294286 0.147321 0.186594 -0.085898 -0.379254 0.050638 0.149443 0.337054 0.161834 0.054785 -0.621129 
0.209612 -0.817184 0.118064 0.003908 -0.386302 0.363684 0.455020 -0.190327 0.237338 0.127737 -2.773474 -0.277711 0.293710 -0.087279 -1.334012 0.191176 
0.382145 0.112744 -0.361603 -0.028471 0.431231 -0.039308 -0.272132 -0.055252 0.302678 -0.482567 0.113021 0.896599 -1.172599 -0.450813 -0.668525 0.385277 
0.000058 0.221262 -0.516477 0.484090 0.632014 0.131630 -0.968000 0.024335 0.550638 -0.098325 -1.154297 -0.795891 0.149317 0.003850 -0.045462 0.481309 
0.144185 0.308881 0.159830 -0.656810 -0.608897 0.296087 0.301850 0.079801 -1.080198 -0.816544 0.198801 0.000358 -2.019716 0.365092 -0.524932 -1.396556 
-0.092216 0.199534 -0.109178 0.649038 -0.118228 0.069752 -0.695899 -0.173754 -0.391975 0.591524 -2.498299 0.015368 0.087236 0.194592 0.015696 0.470976 
0.057644 0.114006 -0.049825 0.113193 -0.051332 -0.021015 -0.044128 -0.239620 -2.673204 0.959823 0.362078 0.398313 -2.668395 0.158946 0.274513 0.062309 
-0.038933 -1.037920 0.138378 0.758569 0.012928 0.075999 0.393074 0.201361 -0.296929 0.208695 -0.350344 0.068777 -0.195722 0.059546 -0.520401 0.717936 
-0.108580 0.642625 0.004438 -0.165252 0.540626 -0.384167 -0.421638 -0.698141 -0.019945 -0.245197 -0.303970 0.026001 0.494280 0.235650 0.085967 0.179256 
-0.376057 0.484863 0.129751 0.600124 -0.945433 -0.044878 -0.373033 0.045507 -2.316600 0.335723 -1.089021 0.133761 -0.827460 0.164778 0.622077 -1.255353 
0.128854 0.026920 0.076990 -0.334177 -1.480716 -0.035473 0.191892 0.232223 -1.115629 -0.304960 -0.023193 -0.123165 -1.834148 -0.026726 0.037747 0.809426 
0.198330 0.107423 -0.371355 -0.187115 0.080113 0.128046 -0.126191 -0.066299 0.219329 0.897893 -0.022101 0.589624 -0.032971 -0.367209 -1.637513 -0.720822 
-0.798190 0.136435 0.214795 0.327513 0.418389 0.351356 -0.262857 -1.094101 0.901588 -0.034903 -0.005263 -0.289367 0.171943 0.022326 -0.132730 -0.576563 
0.058127 -0.059930 -0.088370 0.098421 0.590374 -0.125568 0.592061 -0.468094 0.056392 -0.096873 -0.587246 0.087756 0.098860 -0.733906 0.043283 -0.385623 
-0.497223 0.068501 0.253589 0.386281 -0.261866 -0.181991 -0.076464 -0.059023 -1.161121 -0.535465 0.548488 -2.331641 0.356844 0.321277 0.176081 0.461241 
0.027012 0.054137 -0.210091 0.701543 -0.453868 -0.501052 0.035590 0.140887 0.174906 0.366043 -0.150844 0.158077 0.365252 -2.032871 0.399066 0.562408 
-0.056775 0.007042 -0.151388 -0.148590 -1.902501 0.174475 0.525564 -0.168347 -0.594378 0.167827 0.321392 0.787324 -0.131893 0.246809 0.328643 -0.430449 
0.056625 -0.309137 -0.450421 -0.354292 0.128069 0.055017 0.545141 -0.230752 -0.769076 0.168554 0.100515 0.142534 0.228568 0.308513 -1.422054 -2.728755 
0.131041 0.000121 -0.239813 -0.612674 -0.254800 0.151531 -0.340782 -0.289235 0.304404 0.369896 0.483318 -0.282730 0.123734 0.421206 1.132187 -1.349734 
0.337288 -0.084177 -0.215458 0.358467 -0.383586 -0.150993 -1.463447 -0.221794 0.713932 -0.016204 0.061788 0.310203 0.405490 0.514634 -0.166676 -0.032101 
-0.166991 0.013996 0.120272 -0.156314 0.069013 0.883643 -0.406917 -0.335189 -1.725816 -0.162467 -1.053585 -0.264999 -3.270461 0.354276 -1.244155 -1.509622 
0.112827 -0.145325 0.081357 -0.991871 -1.044065 0.378234 -0.044185 0.174406 0.360500 0.130927 -2.564320 0.577268 0.308039 -0.024275 0.214573 -0.536393 
-0.026342 -0.244231 -0.422947 -0.570587 -0.131476 0.309178 0.632495 0.364873 -0.184366 -0.375635 0.105110 0.404269 -0.503604 -0.038543 0.053897 0.392029 
-0.250934 0.174156 -0.002170 0.464085 0.439012 0.923773 0.471530 -0.073250 -0.350569 -0.760691 -0.176273 0.380945 -1.050105 -0.170724 0.310037 -0.386591 
-0.093129 0.258078 0.079292 0.335574 -0.323660 0.432702 0.108299 0.090656 0.141153 -0.015438 -0.545741 -0.612174 -1.906026 0.226881 -1.105844 -1.452129 
0.078968 0.214575 -0.614334 0.175238 0.049328 -0.440670 0.200637 0.233671 0.259484 0.242900 -0.587280 0.821318 -0.112753 -1.900214 -0.022670 0.138076 
0.020742 -0.098469 0.231734 0.285673 -0.664061 0.438079 -0.695474 0.196117 -0.129534 -0.261113 -1.128091 -0.665007 -0.496213 0.450855 -1.248602 -0.384795 
0.112972 0.148112 -0.275019 -0.111865 0.503846 -0.677977 -0.643452 -0.047007 0.395637 0.846134 0.262259 -0.387360 0.173054 -0.605766 -1.739437 -0.508447 
-0.146531 -0.530038 0.188471 0.465863 0.891108 -0.667808 -1.193769 0.170931 -0.896660 0.201195 -0.089027 -1.626841 -0.197056 0.245320 0.733289 -0.029622 
-0.660265 -0.630048 0.149979 -0.215650 0.253403 0.250546 0.306056 -0.026992 -1.121470 0.207193 -0.182626 -0.395970 0.879222 0.106974 0.290059 0.558088 
0.466230 0.493084 -0.442280 -0.913159 -0.356832 0.209932 -1.178683 0.124695 -0.391519 -0.230952 -0.695742 -0.199862 0.307691 0.440453 -1.802089 0.613149 
-0.162678 -0.993043 0.105357 0.230726 0.719715 -0.542848 -0.255400 0.093679 -0.663256 -1.527944 0.647439 -0.324687 -0.299628 0.188376 0.554711 -0.614378 
0.292116 -0.002584 -0.445795 -0.594103 0.107763 0.262957 0.454826 -0.976895 0.214615 0.076978 0.083498 0.337736 0.299657 -0.230925 0.182803 0.471025 
0.183542 0.162939 0.206272 -0.183703 -0.304283 0.006510 -0.023219 0.245380 0.806149 0.074811 0.373715 -2.553919 -0.582325 0.073600 -1.778486 -1.174701 
0.073505 -0.090640 0.124014 -0.454982 -1.565141 0.347098 -0.017801 -0.560817 -0.372686 -1.605147 0.196867 -0.860620 0.729228 0.372239 -0.826848 -1.208150 
-0.098140 -0.097042 0.227722 -0.071913 0.447110 -0.209882 -0.386676 0.261814 0.100157 -0.026409 0.458001 -0.153210 -0.155978 0.161356 1.947225 -0.174948 
-0.050169 -0.106576 -0.147500 0.969740 0.654372 -0.192434 0.019125 -0.163770 -0.222476 1.214709 -0.479116 -1.058555 0.476242 -0.416385 -0.657134 -0.085087 
-1.091364 -0.209231 0.161024 0.124715 0.387110 -0.243763 -0.339665 0.209036 -1.043167 0.080891 -0.251954 0.198735 -0.895097 0.303736 0.420559 -0.475983 
0.413553 -0.491474 0.339846 0.200239 0.069827 -0.209551 0.354456 0.226576 -1.532864 0.119234 0.174642 -1.273537 -2.080425 -0.123916 0.424588 -1.250232 
0.168891 0.057838 0.247776 -1.318007 -1.627765 0.114327 -2.564011 0.210000 0.075741 -0.032165 -0.487625 0.015916 -0.019319 0.159766 0.701834 -0.013175 
-0.416080 0.140212 0.007803 0.122026 0.554011 0.189526 0.701114 -1.893447 -0.082016 0.019386 0.469030 -1.292062 0.247383 -0.083159 0.176400 -3.550403 
-0.032616 -0.294405 0.120348 -0.218146 0.032405 -0.190336 -0.125452 0.142134 -0.528561 -0.147783 -1.154455 0.224569 0.433114 0.513129 -0.635065 0.063962 
0.047721 0.096478 -0.066634 0.961028 0.191430 -0.218576 0.072461 -0.039771 -0.022149 -1.133885 -0.075764 -0.905024 -0.158090 0.050870 -1.999028 0.617293 
0.124440 0.274322 0.178455 0.078992 0.122244 -0.094716 0.572416 0.067933 -1.132570 -0.525126 -0.604465 0.198909 0.299261 -0.275086 -1.788032 -0.833160 
0.028170 -0.301744 0.417763 -0.101293 0.241055 0.003865 -0.944733 -0.169257 0.548807 -0.205858 0.084125 0.553774 0.142953 0.374446 -0.402320 -2.579808 
-0.022453 -0.723242 0.068337 -0.388794 -0.102035 0.622712 0.326389 -0.206898 -0.150859 0.019944 0.003641 -1.869918 0.311881 0.169943 0.402821 -2.849653 
0.346900 0.045634 -0.139817 0.737387 -0.069311 -3.474037 -2.144132 0.506341 0.178060 -0.222093 -0.265518 0.474620 -0.590521 -0.617858 -0.121652 -0.460654 
0.057183 0.219958 0.290114 -0.460969 -0.001808 -1.713137 -1.276137 0.292274 0.029665 0.337062 -0.952551 0.249465 0.225344 -0.973618 0.251468 0.462124 
-0.235828 -0.567385 0.211104 0.222015 0.182294 -0.249735 0.148705 0.199037 0.450817 -0.425709 0.668606 -1.520996 -0.165908 -0.025566 -0.822276 -3.237428 
0.353804 0.293347 0.008943 -1.912036 -0.131972 -3.390321 -1.258281 0.236623 0.544664 -0.637529 -0.018992 0.400602 0.668074 -0.934146 0.018810 0.095266 
0.016113 -0.266820 0.050458 -0.183728 -0.130144 0.145310 -0.572626 -0.772460 -0.744753 0.085924 -0.429435 0.122267 0.585197 -0.441846 0.352659 0.164452 
0.057632 -0.981531 0.019323 0.485914 0.586852 -0.097244 -0.072554 0.498864 -0.331955 0.036188 -0.446885 -0.694058 0.462165 -0.214939 -1.249755 -1.059675 
-0.332913 0.229922 -0.235340 0.247417 0.261149 -0.091382 -0.079377 -0.951878 -0.534939 -0.308780 -0.445806 -1.936255 0.483969 -0.110845 0.071305 0.602458 
0.232193 -0.944025 0.143927 -0.080105 0.659747 -0.294441 -0.556819 0.367547 0.531620 -0.381907 0.196858 -1.007549 -0.895795 0.230185 -0.325331 -1.363689 
-0.049951 -0.027232 0.129778 -0.433225 -0.269341 -0.020927 -0.123396 0.138845 -3.635248 0.083098 0.082576 0.059378 -0.796028 -0.268720 -0.212647 -0.733256 
-0.452988 -0.475394 0.090518 -0.067309 0.234291 -0.257764 -1.303582 -0.153760 -0.117150 0.371321 0.288560 -1.324693 -2.205806 0.226633 -0.625762 -0.461431 
-0.020394 0.159941 -0.662757 -0.084438 0.321630 -0.161341 -0.147836 -0.167694 0.638572 -0.233070 0.852774 0.131400 0.730815 -0.230565 -0.139590 -0.926163 
0.100717 0.042687 0.179028 -0.381168 -1.932539 -0.045935 0.185119 0.148707 0.356837 0.015802 0.118679 -0.107646 0.245655 0.064283 -0.735238 -3.914363 
-0.004976 -0.647857 0.077275 0.605067 -0.459390 -0.320204 0.224691 0.245468 -0.621851 -0.052590 0.810970 -1.274064 -0.700882 0.564896 0.807016 -0.042497 
-0.248851 0.351158 -0.316355 0.499506 0.760300 0.275580 -1.162711 -0.615182 0.133856 0.518830 0.396281 0.567612 0.332490 0.043103 -0.390880 -1.025611 
-0.083167 0.017170 0.121691 -0.226334 -1.127935 -0.136141 -0.253235 -0.270064 -0.609837 0.484719 0.304309 0.234903 -0.122336 0.251975 -1.893274 0.241937 
0.133440 -1.240896 0.007661 0.361736 0.170692 0.200086 0.269774 -0.101840 0.148557 -0.133291 0.207438 0.451784 -0.401658 0.566336 0.513556 0.096289 
0.023252 -0.100701 0.090580 -0.866755 0.324779 -3.994150 -1.793365 0.114437 0.213676 0.242202 -0.183511 0.095597 0.259344 -1.877090 -0.201212 0.121629 
-0.323462 0.331052 0.185145 -0.959918 -0.191209 0.420698 0.207572 -0.383073 -3.077106 -0.618985 0.736029 0.839602 -3.125588 0.441301 -0.316942 -1.127053 
-0.782684 0.311171 0.242904 0.373942 0.018699 0.018340 -0.259598 0.293237 -0.270584 -0.616444 0.379567 -1.721282 0.131466 -0.084741 -0.477937 0.776137 
-0.298784 -0.072405 0.039329 0.315468 0.517385 -1.779228 -0.647377 0.058944 0.215546 0.455747 0.016181 -0.027912 0.369285 0.061054 -0.381912 -0.298397 
0.056817 0.068448 0.165596 -0.359794 -0.604168 -0.356694 -0.139560 0.048219 -0.578441 0.015475 -3.924393 0.123243 -0.158453 0.256402 0.315659 -0.194818 
0.078296 0.068290 0.235642 -0.121448 0.434369 0.162515 -0.813952 -0.158188 0.010281 -0.957001 0.449642 0.623846 -0.064787 -0.748476 -0.691512 0.445374 
-0.324085 0.027264 -0.429296 0.779801 0.230268 0.358270 0.462471 -0.458031 0.331368 -0.525414 0.249779 -0.039373 0.235155 0.260950 -0.795689 0.213629 
0.033966 0.037692 0.162307 -0.707153 -0.489523 0.230263 0.074465 0.134785 -0.156861 0.199948 -0.146293 -0.583014 0.281558 -0.716072 0.579719 -1.633153 
0.340735 0.254927 0.179411 -1.286354 -0.569774 -3.443821 -1.167036 0.310333 -0.351352 -0.242305 0.238906 0.317335 -0.012701 -3.428047 -1.084348 0.061530 
0.332741 0.235969 0.033997 -0.018146 -1.700279 0.245178 0.432084 0.074583 -1.832826 0.443448 0.451140 -1.641554 -1.626391 0.066783 -0.144449 -1.709398 
-0.236394 -0.006641 -0.306862 -0.074409 0.892373 0.050738 0.352169 -0.362786 -0.322069 0.070879 -0.235822 -0.311112 -0.907127 0.582934 -2.551289 -1.108285 
0.029045 -0.018276 -0.194001 0.552325 0.521673 0.433197 0.520589 -0.093637 -0.944972 -0.989833 -1.158885 -1.505737 0.301413 0.212164 -2.088129 0.703205 
0.121313 -0.131958 0.035087 0.035944 -2.886466 -0.000372 0.311465 0.303890 0.446019 -0.300994 -0.218495 -0.191447 0.310620 0.059664 -3.631568 -0.508504 
0.100194 0.249861 -0.125045 -1.142623 -0.024600 0.191000 0.548865 0.001818 -0.501545 -0.296370 0.725059 -1.125225 0.641849 -0.321492 -0.951459 0.410237 
0.195767 -0.047100 -0.122683 0.409017 -1.212042 0.598096 -0.566331 0.194186 -0.320071 -0.452033 0.374624 -2.183495 0.203493 0.360683 0.364967 -2.462076 
0.138196 0.238697 0.143341 0.232653 -0.485332 0.140729 -0.831247 0.334956 0.670476 0.051791 -0.881225 0.382116 0.146169 -1.432774 0.569971 -0.695517 
-0.008952 0.558317 0.041922 -1.409349 -2.173417 0.274763 0.318870 -0.020331 -0.093853 -0.215355 -0.124886 0.660617 -1.380199 -0.002031 -2.264509 -0.401833 
0.132533 0.382733 0.199319 -1.451292 0.810664 -0.460666 0.383710 0.049748 0.471272 -0.266129 0.788384 -1.391459 -1.051502 -0.909113 -1.335985 0.444497 
0.228331 -0.444357 0.260052 0.384827 -0.107368 -0.385479 -0.013040 0.234187 -0.630838 -1.220158 -0.482110 -0.957037 -2.140683 0.239833 0.208317 -0.963480 
