-0.375486 0.180645 -0.490456 0.149653 0.535858 0.086905 -0.180123 -0.814883 0.719357 0.370252 0.055162 -0.879885 0.320688 -0.227416 0.163284 -1.384278 
-0.028648 0.118176 0.095338 -0.458540 0.768530 0.323236 0.034017 -0.612129 0.080989 -0.080066 -0.972930 -0.515149 0.333229 -0.937695 -0.036796 0.330462 
0.160449 -0.094371 0.215316 -0.081900 -0.445802 0.126138 0.326751 0.327406 -0.517241 -0.217869 -0.285633 -1.259101 -1.595795 0.203760 -2.744403 -0.413375 
0.056706 0.088252 0.085381 0.433441 -1.983882 -0.128893 -0.150897 -0.009505 0.194878 -0.168447 -2.980508 0.339841 -0.165345 0.265130 -0.093104 -0.503283 
-0.358054 -0.073993 0.039102 -0.047777 0.044317 0.018733 -0.855051 -0.002954 -0.003069 0.198741 -0.418327 0.027229 0.065487 0.111358 0.225384 -0.283069 
0.061683 -0.239312 0.224041 -0.575084 -0.062867 0.086551 -0.494904 0.182521 -0.052686 0.138700 -3.112955 -0.162339 0.703947 -0.289600 0.576089 0.452940 
-0.144502 -0.501303 0.124804 -0.078099 0.815755 -0.449275 0.186017 -0.245523 -1.072089 0.620265 -0.023003 -1.417339 -0.357685 0.178858 -0.263060 0.324020 
-0.081041 -1.087944 0.140147 -0.378330 0.210853 0.527402 0.232863 0.088719 -0.189971 0.028053 -0.100393 0.354371 -0.457518 -0.064194 1.047819 -2.307228 
0.033081 0.061473 0.087926 -0.473179 -2.254038 0.049037 -1.134325 0.093712 0.025487 0.037661 0.015961 -0.093528 0.056936 0.084031 0.249797 -0.653283 
-0.502218 -0.191393 0.355869 0.292260 0.085774 -0.169180 0.260618 -0.357104 -1.075335 -0.719282 0.654687 -1.349504 0.419485 0.251705 0.055473 -1.398021 
-0.017455 -0.275343 -0.475962 0.558492 -0.178329 0.091495 0.451716 0.051841 -1.210746 -0.328780 0.008166 0.233124 0.712177 0.141684 0.434953 0.443980 
-0.023725 0.156971 0.109215 -0.579316 0.667239 -0.050376 0.046941 -0.353222 -1.034351 0.151625 -0.894887 0.039373 0.294204 -0.177495 -0.838809 0.247894 
0.025261 -0.522394 0.105656 -0.707323 0.448134 0.210149 -0.153408 0.036319 0.224880 -2.398462 0.145788 -0.110641 -0.121439 0.354054 0.256440 0.042156 
-0.776416 -0.051859 0.025718 0.758923 -0.013595 -0.063847 -0.953897 0.077940 -1.065958 0.248860 -0.648526 -0.135837 -0.391910 0.097545 0.195935 -1.050567 
-0.015728 -0.966928 0.026568 0.790690 0.140916 -0.144304 -0.281278 0.132301 -0.852488 -1.476257 0.299126 -2.450145 -0.367572 0.086336 0.063783 -1.076171 
0.231791 0.294199 0.084876 -0.304402 -0.407662 -2.845186 -0.494533 0.197248 -0.853865 0.003841 0.118001 0.451479 0.179977 -0.126069 0.106095 0.086882 
0.386092 0.333605 0.036625 -1.739286 -0.493984 -2.690929 -1.426893 0.293091 0.472370 -1.078343 0.054615 0.055111 0.440856 -0.603660 0.029635 -0.112818 
0.097877 -0.831783 0.184230 0.160432 0.034204 0.367413 0.372918 -0.961047 -1.635718 0.156305 -0.469810 -0.023727 -0.973853 0.271349 -0.037155 0.834840 
0.326709 -0.540677 0.145269 -0.708552 1.029195 0.070216 -0.558885 0.139275 -0.046805 0.277994 0.174857 -1.702137 -1.930456 0.216342 0.316502 -1.977007 
0.095570 -0.493481 -0.146050 0.585819 -0.586147 0.049608 0.144899 -0.179888 -0.862077 0.436181 0.635599 -0.864847 -1.144240 0.291786 -0.391005 -0.023745 
0.250135 0.464361 -0.188788 -0.062769 -1.589469 -0.047307 0.128207 -0.270910 -3.496801 0.717152 0.158721 0.370291 0.228423 -0.032053 -1.194279 -0.310239 
0.017510 0.032411 -0.154123 -0.239987 -0.235788 0.324810 -0.482276 -0.938856 -0.034897 -0.473837 0.029134 -0.573795 0.913369 0.058007 -0.841337 -0.587648 
-0.592284 0.522589 0.353538 -0.035881 0.779490 0.330674 0.146251 0.038894 -1.086146 -0.132594 0.237693 0.828974 -1.896849 0.259415 0.011059 -0.976512 
0.208394 0.232333 0.143081 0.341687 -1.126345 0.086912 0.159870 0.271226 -0.861491 0.021966 0.142882 -1.494057 -2.320729 0.022486 0.267952 -4.097770 
0.095280 -0.758973 -0.036945 0.461562 0.420101 0.074357 0.385844 -0.226842 0.529177 -0.065945 -0.685599 0.056640 0.300838 0.195371 -0.069380 -0.292831 
0.109656 0.115950 0.047724 -0.156727 0.270983 -0.210083 0.213510 0.340642 0.143079 0.191053 -0.783989 0.676404 -0.023636 -1.569460 -0.638620 -0.399517 
-0.021767 -0.345272 0.326706 -0.135518 -0.705274 -0.597423 0.184635 0.190628 0.226664 -0.474587 0.248536 -0.948759 -0.326765 0.307208 0.198175 -0.411028 
-0.018306 -0.129771 0.055498 0.862655 0.312198 -0.092071 -0.033155 -0.088813 0.667143 -0.307790 0.414106 -3.640301 -0.826344 0.271916 -1.705094 0.412463 
-0.144412 0.007597 -0.231314 -0.487700 -1.327114 0.193482 0.296994 -0.458246 -1.584481 0.147999 0.328995 0.454454 -2.650096 0.388711 -0.138080 -2.476952 
-0.128436 -0.110307 0.127351 0.610184 0.039654 0.518000 0.346119 -0.533380 -0.396792 -0.730271 -1.592272 0.205650 0.403501 -0.542686 -0.901972 0.788126 
-0.025731 0.373018 0.099178 -0.903456 -1.155880 -0.107350 0.344347 -0.400468 -1.544922 -0.589721 0.736473 -0.516397 0.166621 -0.147267 -0.647139 0.077174 
0.210117 -0.362101 -0.047741 0.195088 0.072879 0.253551 -0.332268 0.248179 -0.234136 0.596359 0.337425 0.353950 -0.132717 -0.355974 -2.810998 -1.774498 
0.004945 -0.120486 -0.167414 0.099261 0.461626 -2.306792 -1.217298 -0.023300 0.280983 0.491047 -0.140129 -0.292043 0.382813 -1.918059 -1.338112 -0.119837 
0.165343 0.345000 -0.209722 0.429609 1.034014 -0.297410 0.317578 0.079996 -0.811967 -0.004820 -0.017815 -3.143420 -0.459606 0.155291 -1.977319 -0.043223 
-0.033803 -0.236642 0.125971 -0.692925 0.147920 0.155833 0.337254 -0.022906 0.560438 -0.035847 0.353621 -0.756145 0.327035 0.279074 -0.144746 -0.423022 
0.158295 0.266442 0.086177 -0.495292 -0.282358 0.395019 0.799471 0.176515 0.079615 0.034663 0.294421 -1.278070 -2.352501 0.257319 0.894467 0.162431 
0.430881 0.319566 -0.193652 0.450008 0.064162 -0.585856 -0.069393 0.526023 0.151080 -0.237222 -1.646215 0.759088 -0.852857 -0.682330 -0.049209 0.146525 
-0.769514 -0.780475 0.270510 0.242770 0.333742 -0.106048 -0.208204 -0.035528 -0.143187 0.070753 0.185816 -0.310629 0.345183 0.040337 -0.113218 0.563500 
-0.554325 -0.186512 0.051616 -0.212956 0.255692 -0.749933 -1.230985 0.015905 0.169768 0.085228 -1.066630 0.064148 0.033178 0.142810 0.792871 0.326455 
0.163129 0.153899 0.220772 -0.691493 -2.028435 0.165722 -1.730712 0.179111 0.084741 -0.188473 0.004376 -0.537239 0.194640 0.246031 0.207719 -1.709058 
0.015258 -0.107230 -0.385589 0.447174 -1.860283 -0.256014 0.849329 0.091163 -0.749930 0.739766 -0.078663 -0.342371 0.325589 -0.899413 -0.178031 2.000764 
0.258203 -1.309427 0.153282 -0.891646 -1.294962 0.129038 0.085171 0.189079 -0.114384 -0.100641 -0.485544 -0.252049 0.125523 -0.127211 0.433345 -0.423150 
-0.029576 -0.260735 0.180491 -0.727201 -0.014040 0.487401 -0.228148 0.345374 -0.010715 -0.014117 0.364013 -2.038817 -1.511904 0.040082 -1.559974 -0.440630 
0.142900 0.134438 -0.447823 -1.107101 0.028440 0.275857 -0.883517 -0.175629 -0.766719 1.201854 0.107065 -0.264801 -1.688587 -0.226008 -0.980650 0.185784 
-0.028797 0.244614 0.032177 -0.495888 -1.285440 0.142135 0.365343 0.014704 0.098190 0.227512 -0.557970 0.181738 0.631279 0.168256 -3.461895 0.831645 
-0.042577 0.032238 0.171153 -0.099733 -0.083824 -0.618914 -0.537257 0.176490 -0.065624 0.089074 0.502937 0.588447 -1.351625 -0.037838 1.131399 -0.305847 
0.075412 0.020621 0.227477 -1.335428 -0.514085 0.418110 -0.057954 -0.473949 -0.299696 0.325993 0.701618 -0.476347 0.198624 0.425454 0.137327 -1.506866 
0.233071 -0.089942 0.307528 -1.498557 -0.614409 0.079656 0.163752 0.039088 0.046598 0.177524 -0.063388 0.186373 -2.452255 0.110209 -0.517588 0.433320 
-0.124076 -0.329654 -0.072473 -0.967934 0.745861 0.622702 0.288773 -0.147351 0.682783 0.126619 -0.438085 -1.273874 0.907851 -0.069889 0.296682 0.185237 
0.341207 -0.147337 0.149300 -0.209091 -1.608589 0.011833 0.142059 0.244203 0.063470 -1.684344 0.382126 -0.045584 0.319731 0.190431 -0.889751 -0.754673 
-0.286077 0.508102 0.020150 -0.130139 -0.267147 0.008954 -0.240197 -0.575756 1.391596 0.150893 0.076939 -0.090034 0.004646 -0.055223 -2.929194 -1.103023 
0.246849 0.290267 0.151627 -0.332161 -0.500657 0.134076 0.309989 -0.404364 0.126776 0.332884 0.730808 0.226794 0.037062 -0.065751 -0.310952 -0.506210 
0.018756 0.156354 0.055745 -0.216526 -0.340443 0.144891 0.086643 -0.544632 1.178149 0.204563 -0.188888 -0.007027 -0.105155 0.137592 -1.064643 -0.323718 
0.113673 0.156519 0.095141 0.267314 -0.246394 -0.486603 0.443789 0.323267 -0.373938 -0.442239 -1.273188 -1.546684 0.341449 0.758529 -1.131777 0.582139 
-0.075753 0.030544 0.102465 0.410670 0.507286 -0.361672 0.063782 0.170113 -0.060274 0.204528 -1.067709 -0.341563 -1.820811 -0.171735 0.137385 0.162851 
0.159217 0.160807 0.277488 -0.588581 0.037143 -4.334446 -2.169668 0.305799 0.267005 0.188859 0.106520 0.401265 0.162430 -3.166249 -0.532126 0.159787 
0.177228 0.095761 0.218309 0.437484 0.322150 -2.074638 -0.752359 0.267468 -0.310065 0.207259 -0.137956 0.559262 -0.523775 -0.761426 0.504473 0.038582 
-0.034023 -0.130973 0.002642 0.675341 1.095073 -0.186387 0.185041 -0.070101 -0.663420 0.480812 -0.591005 -0.594120 0.002462 0.093397 0.341730 0.584374 
-0.262796 0.405578 -0.099517 -2.220016 -0.509720 0.339911 0.558056 -0.282530 -2.409135 -1.348846 0.101214 1.115405 -0.891842 0.094170 -1.387559 -1.369698 
0.101229 -0.188075 -0.055221 0.252132 0.251880 0.613399 0.648576 0.026866 -0.883099 -0.406309 0.248308 -0.221502 -0.503032 0.364577 -2.379970 -0.827098 
0.021381 0.175266 0.268270 -0.360832 -1.249978 0.317629 0.300027 0.168490 -1.563098 -2.015309 0.423671 0.213242 -1.519300 0.312193 0.518720 -0.662262 
0.132072 0.066480 0.332349 -0.206988 -0.177599 0.106761 -0.872902 0.380633 -0.490256 -0.314856 -2.209241 -0.916826 0.068799 0.354277 -0.589046 -1.428004 
0.090039 0.150914 0.101917 -0.946414 -0.898065 0.310723 -0.485274 -0.124382 0.077374 0.240779 -0.132329 0.325423 0.301522 -0.107398 -2.047842 -0.034385 
0.019711 -0.155772 0.193030 0.578155 0.372163 -0.013552 -0.821356 0.088271 -1.628957 0.530132 0.276799 -0.113397 -2.607308 0.350208 0.602965 -1.043011 
-0.063490 -0.608492 -0.438033 -0.277960 -0.150001 0.274022 0.767780 -0.234742 -0.332011 -0.210460 0.230612 -0.018130 -0.074086 0.116215 0.225487 -0.543967 
-0.207198 -0.057769 -0.112575 0.413413 0.123281 0.418439 -1.247855 0.261457 0.071253 0.395565 0.097997 0.439438 -0.012374 -0.320211 0.736752 0.586090 
0.080350 -0.212788 0.102698 0.376500 0.017842 0.130901 0.607274 0.179831 -1.259114 -0.431546 0.369556 0.174694 0.406643 -0.071832 -0.265827 -0.690213 
0.303457 -1.977506 0.206913 0.130104 0.529825 -0.884402 -0.647770 0.187496 -0.297388 -0.037610 0.250603 -0.133369 0.828855 0.150760 0.875270 -0.249694 
-0.223243 -0.005093 -0.089882 -0.230879 0.054387 0.273154 0.081516 -0.168027 0.619557 0.093088 0.556932 -0.029055 0.112889 0.517328 0.023902 -0.141446 
0.020071 -0.001821 0.001745 -0.714326 -0.838607 0.058745 0.130292 -0.021968 0.145811 0.029912 -0.002894 0.134284 0.010139 -0.007454 0.845344 0.074663 
-0.385788 0.182680 0.102250 -0.760620 0.601830 -0.317771 -0.411325 0.135134 -0.909832 0.307702 -0.097142 -0.012015 -0.679413 0.080371 -0.160748 -0.052491 
0.424990 0.282952 -0.683673 -0.242350 -0.027278 0.083322 -0.905996 -0.132736 -0.668169 -0.415874 -0.348365 0.256706 0.305639 -0.315444 -1.139354 0.701228 
0.018981 0.366121 0.195614 -0.718607 0.083643 -0.089393 -0.274571 0.232239 -0.426425 -1.236199 0.532628 -0.539096 -1.265274 -0.133166 -2.276060 0.386264 
0.059050 0.133332 -0.317239 -0.112199 -0.143705 0.133372 0.502511 -1.525019 0.617279 -0.136387 0.646162 -0.478988 0.290767 -0.144350 0.159143 -0.299076 
-0.113421 0.298921 0.055326 -0.435684 -2.556568 0.124537 -0.037480 0.052069 -0.943884 -0.003729 -0.992066 0.271209 -1.401855 -0.211581 -0.235668 0.229439 
-0.498720 0.197291 0.143158 0.062897 -0.182759 0.229249 0.078545 0.125501 -0.003710 -0.739453 0.382579 -2.848697 0.348426 -0.267311 -1.304501 0.166514 
-0.241998 -0.087505 0.075613 -0.232232 -0.350034 0.246392 0.195146 -0.625610 -0.305254 -0.214761 0.324977 -0.329436 0.772794 0.211393 0.090395 -0.066085 
0.130202 -0.305516 -0.030802 -0.676758 -1.808989 0.462895 -0.008006 0.028872 -0.379672 0.158896 -0.057397 -0.898899 0.432229 0.205036 0.792514 -2.437712 
0.232065 -0.317101 0.121513 -1.488405 -1.356778 0.245117 0.371219 0.207163 0.614102 0.239122 -1.976673 0.549860 0.021736 -0.083717 -0.673487 -0.580894 
-0.005260 -0.050963 0.030312 0.604197 0.154790 0.703076 0.050579 -0.111304 0.078691 -0.357465 -0.083508 -0.202644 -2.917199 0.161609 0.401492 -0.595489 
0.361143 0.080211 -0.239268 0.205853 0.580977 -0.214487 -0.527849 -0.253214 0.508079 0.017452 0.057476 1.088094 -1.344870 -0.054111 -0.834884 0.332816 
-0.881504 -0.309349 0.150355 0.195251 -0.112479 -0.772191 -0.183702 0.360947 -0.230339 0.503077 0.104939 -0.750846 -0.527161 0.154561 0.413041 -0.870125 
-0.195559 0.050170 -0.126734 0.362590 0.459390 -0.166120 0.240082 -0.061815 0.462229 0.259661 -2.079990 0.248480 0.840899 -0.787978 0.291440 -0.543488 
0.038921 0.182644 -1.009934 -0.205825 -0.223545 -0.199571 -0.130973 0.234627 0.246250 0.074742 0.040883 0.868877 0.420406 -1.455469 -0.448600 -0.200840 
0.268712 0.086357 0.077425 0.022933 0.712724 0.057689 0.388452 -0.121381 1.044087 0.175939 0.249831 -0.987884 -1.237862 0.188879 -0.096570 -4.258495 
0.085176 -0.370415 0.167730 0.440123 -0.149970 0.384230 -0.504036 -0.069239 0.301647 -0.574318 0.052367 0.109446 0.149484 0.393387 -1.054425 -0.117219 
0.129746 -0.090033 -0.488411 0.899117 0.051388 0.045230 -0.214091 0.133792 0.885484 -0.698983 0.165895 -0.065396 0.108360 -0.653384 0.876509 -0.015679 
-0.177356 0.284894 -0.584528 0.665417 1.082037 0.219236 -0.596777 -0.207320 -0.372458 0.047177 -0.877979 0.722307 -0.580271 0.242157 0.397655 0.795403 
-0.623826 0.200731 -0.499236 0.697307 0.478770 0.090923 -0.398104 -0.585277 0.576404 -1.322793 -0.370176 -0.466643 0.420607 0.245991 -2.026021 0.377312 
0.217773 -0.784901 0.127032 0.022025 0.652467 -1.650855 -1.186386 0.132760 0.074724 0.366237 -0.784911 -0.217930 -0.554017 0.082927 -0.200200 -0.308508 
0.091714 0.248366 0.201954 -0.560220 0.003384 -0.025391 -0.091648 0.001774 0.092977 0.380408 -1.035950 0.442671 0.268954 -0.176103 0.563629 0.031406 
-0.125486 -0.021595 -0.035721 0.172994 0.446828 0.117993 -0.000927 -0.047585 0.433314 1.048499 -0.247097 -0.080246 0.154658 -0.628675 -0.369144 -0.964847 
0.199789 0.171950 -0.114600 0.336829 0.343179 -0.412066 -1.175743 -0.385246 0.502009 0.422007 -0.077269 0.497501 0.438888 -0.126998 -2.127250 -0.669888 
-0.815258 0.358641 0.054038 0.450886 -0.028997 -0.079851 -1.497512 -0.543548 -1.466105 -0.055839 -1.045362 -0.311613 0.546030 0.176790 -0.101562 0.412687 
0.047327 -0.022036 -0.082547 -0.573892 -0.245736 0.075397 -0.094599 -0.036284 0.291032 0.016275 0.633578 0.164202 0.207131 0.227842 0.592410 -1.566343 
0.301114 0.124793 0.036531 -0.927604 0.237543 -3.177171 -0.981604 0.107463 0.141642 0.013619 -0.159829 0.213595 0.381403 -0.497505 -0.224392 0.181284 
