0.231832 0.339829 -0.024338 -0.864378 -0.573260 -0.199960 -0.667268 0.350146 0.098043 -0.894765 -1.023591 0.104924 0.528757 -0.103483 -1.010937 0.256708 
0.235345 0.171345 0.272492 -0.393393 -0.504556 0.474962 -0.035724 0.205439 0.198279 -0.548313 0.437769 -2.139682 -1.897764 0.423650 -1.797439 -1.069479 
-1.072112 0.304990 0.137749 0.409841 -0.655803 0.112973 -0.086700 -0.084813 -1.526468 -0.361921 0.258437 0.495984 -0.630001 0.262451 -0.365822 -1.353121 
-0.127391 0.136298 -0.347622 -0.706348 -0.524220 0.326995 0.093337 -0.643272 -0.022657 -1.005200 0.229170 -0.107258 0.707651 0.200324 -1.432826 -0.237464 
0.101933 0.161815 -0.233847 0.477217 0.437091 0.127419 -0.102560 0.245649 -2.039694 -0.321231 0.061698 -1.490626 -0.598962 -0.340934 -3.365309 0.847068 
0.054199 -0.238095 0.290058 0.237225 0.032930 0.366897 -1.147583 -0.140873 0.339037 0.172118 -0.477949 0.385468 0.472199 -0.880521 0.386477 0.289364 
-0.396251 -0.005155 0.086598 -0.059189 0.463220 -0.592985 -0.800698 0.230312 -0.073382 0.419943 -1.024106 -0.726943 -1.458898 -0.124267 0.744724 0.202024 
-0.274136 0.361613 0.152252 -0.005715 -1.227752 0.012243 0.236392 -0.270819 -0.895465 -0.459724 0.092284 -1.163319 0.457815 0.232230 0.040864 0.428002 
0.156979 0.259947 0.152654 0.043143 0.284625 0.370481 0.311291 0.237388 0.225471 0.350547 0.034026 -0.915834 0.002832 -1.809930 0.843463 -0.683252 
-0.069382 -0.733173 -0.058691 -0.116787 0.514224 0.260453 0.462405 -1.071668 0.678028 -0.312213 0.297209 -0.217038 0.333702 -0.079069 0.144162 0.258421 
0.117201 0.572657 -0.395824 0.575650 -0.521675 0.055927 -0.161626 -0.094745 -1.581325 0.602870 -1.270586 -0.084546 0.249206 0.007146 1.045314 1.199052 
-0.157231 -0.657010 0.203180 0.603524 -0.453619 0.370602 -0.251003 0.238127 0.155880 0.254896 -0.603676 -0.161909 -0.174168 0.103990 -0.118485 -0.784841 
0.029399 -0.672179 0.050740 -0.836790 -0.931963 0.461606 0.238591 0.015971 -0.881219 0.249592 0.162405 -0.947212 0.241468 0.268685 0.970916 -2.828812 
-0.075153 -0.387832 -0.451517 -0.745087 -0.416090 0.112699 0.780133 0.026986 -0.433752 -0.104455 0.535555 0.507726 -0.113967 0.351586 -0.288200 -0.144858 
-0.266297 -1.265988 0.041963 0.415413 0.462854 0.246516 -0.324809 -0.658344 -0.869812 -0.250247 -0.220245 -0.880295 -3.147305 0.184644 0.938424 -3.146052 
0.217855 -0.955647 -0.051938 -0.959342 -0.065867 0.448833 0.117882 0.155319 0.838201 0.031456 0.286477 -1.053758 -0.310222 0.036336 -0.403989 0.183407 
0.186454 -0.250793 0.053683 0.103329 0.504524 -0.573752 -0.560540 -0.077395 -1.644878 0.663150 0.700055 0.009863 -2.220865 -0.215278 0.223997 0.115920 
-0.128512 -0.593430 0.018779 1.225131 0.209820 -0.719458 -0.161525 0.167624 -0.126348 -0.761507 -0.151775 -2.257796 -0.456303 0.062477 -0.021535 0.427663 
0.159809 0.054264 0.189008 -0.354221 0.131775 0.104869 0.444310 -0.087204 0.163310 0.180394 -2.497302 0.507649 0.191132 -0.472292 -1.538370 -0.203755 
0.012609 0.636163 0.235862 0.162512 -0.308486 0.109678 0.067955 0.241042 -0.382838 0.496375 0.411441 0.313604 -1.039468 -0.110407 0.168965 -2.175915 
0.119033 -0.597635 0.149636 0.198422 -1.036410 0.131757 -2.134237 0.145284 -0.932919 -0.807838 -0.355211 -1.162536 -1.251900 0.673079 0.476414 -0.382888 
0.063442 0.065343 0.120652 0.343687 -2.329568 0.029852 0.253914 0.246820 -0.521646 0.073872 -0.116785 0.082748 0.520109 0.084227 -0.234963 0.064064 
0.352846 0.152520 -0.433671 0.024711 -0.247852 -1.973195 -0.557996 0.473470 0.412351 -0.445595 -0.662946 0.463016 -0.415636 -2.295686 -0.097192 -0.208851 
0.342639 0.236461 -0.172382 -0.015262 0.736003 -0.345677 -0.420304 0.048998 0.635628 0.241968 -0.049843 0.526168 -2.921813 -0.578703 -1.227501 0.179686 
0.241986 0.336849 0.252883 -1.193354 -0.334008 -2.291750 -1.136544 0.212095 -0.637008 -0.253800 0.772185 0.140521 -0.561219 -2.890145 -0.907793 0.372111 
-0.806351 -0.380976 0.161228 0.082795 0.397750 -0.193064 0.208464 0.199742 -0.641913 0.140523 0.250530 -0.068525 -0.035711 0.282157 1.030165 -0.634176 
-0.074978 -0.045006 0.277026 -0.231296 0.765665 -0.852336 -1.275056 0.013348 -0.479502 0.194117 -0.637260 0.255099 0.127017 -0.160037 0.451717 0.297176 
-0.133887 -0.343224 0.183251 -0.164502 -0.116407 0.027661 0.963043 -0.343850 0.603294 0.113145 -0.127548 -1.474785 -0.264906 0.229897 -0.556089 0.016067 
0.466571 -0.361693 -0.091544 -0.796567 -0.606228 0.512984 -0.090247 -0.104146 -0.251383 0.416789 0.038406 -0.355853 0.118676 -0.296638 -1.330126 -1.858925 
0.162337 0.232556 -0.012403 -0.436505 0.824005 -0.244989 0.304213 -0.140526 -1.523144 -0.672611 0.233108 0.190649 0.218299 -0.163491 -0.997512 -0.280839 
0.142095 0.114979 0.107546 -2.412901 -1.390950 0.343451 0.245577 -0.265048 -1.345327 -1.726011 0.377540 -1.182654 0.467536 0.178188 -0.967073 -3.358638 
-0.136978 0.381050 0.142555 -0.435578 -0.341503 0.024333 -0.053863 0.034767 -0.231180 -0.024363 0.138786 0.596404 -2.307646 0.127824 -0.651235 0.398765 
0.268524 0.246632 0.036016 -0.433500 -0.342754 0.041549 0.072611 0.240589 0.011073 0.430628 0.117059 -1.335660 -0.409192 -0.222452 -1.739177 -0.397787 
0.312474 0.182810 0.195795 0.665379 -0.359963 -0.108866 -1.089996 0.229396 0.570033 -0.320780 -1.980579 0.023701 0.479413 -1.026549 -0.061839 0.454349 
0.159423 -0.847150 0.424540 0.186176 0.100308 -0.482138 -0.023806 0.280832 0.252022 -1.560399 0.537944 -1.057567 -0.219786 0.429795 0.604657 -0.232590 
-0.108261 -0.013231 -0.197887 0.238547 0.631300 0.188888 0.198606 -0.637274 0.269858 -0.351671 -0.531763 0.311536 0.469838 -0.539006 -1.385714 0.838027 
-0.231312 -0.234280 -0.244506 0.077162 0.476022 -0.034166 -0.080532 -0.520184 0.518478 -0.232190 0.046316 -1.361993 -0.156489 0.313927 -0.346501 -0.206922 
0.461594 0.191315 -0.476260 -0.498881 -0.024669 0.190208 0.479383 -0.791071 0.505053 0.606014 0.054168 -0.448757 0.407515 -0.117427 0.267818 0.079721 
-0.158218 -0.024599 -0.333325 -0.598216 0.625182 0.168497 0.218746 -0.270685 0.655656 -0.138817 0.007603 -1.011615 0.060125 0.056607 0.162456 -0.364540 
0.062156 0.208050 0.036313 0.247486 0.208010 0.007669 0.096500 -0.086063 -0.033451 0.024208 0.449250 0.474782 -0.810923 0.126367 -0.566117 -0.523179 
0.097737 -0.047009 -0.211236 -0.335222 -0.245547 0.040907 0.252977 -0.324294 0.330279 0.282486 0.714565 0.073185 0.020406 0.075053 0.642859 -2.811485 
0.088092 0.191629 0.040404 0.167493 -0.056399 -0.082564 -0.681318 0.003965 0.550215 0.052829 -3.937847 0.745250 0.143788 -0.113537 0.167782 -0.589977 
-0.092336 -0.460782 0.201222 -0.461629 0.146030 -0.216271 -1.529175 0.339728 0.149293 -0.112075 -0.113542 -0.000879 0.489094 0.425864 0.280602 0.458634 
-0.166315 -0.460774 -0.228220 -0.009244 0.656636 0.144680 -0.191587 -0.222626 -1.608118 -0.341532 0.092984 -0.700567 0.741439 0.350003 0.037190 -1.664929 
-0.128571 -0.107226 0.043230 0.589330 0.300972 -0.145306 -0.119163 0.296745 -0.782616 -0.446900 0.000928 -0.327828 -0.019489 -0.093587 -2.602793 -1.840230 
0.034289 0.360778 0.036923 0.015554 -1.267906 0.406342 0.270421 0.092980 -0.430548 -0.233316 0.047767 -0.416820 -1.884704 0.224950 -0.567896 -1.978692 
0.133169 0.156934 -0.071541 -0.453064 0.138370 0.104396 0.240835 0.449346 -0.476127 0.233691 -0.593939 1.236539 0.499445 -0.747053 -2.389204 1.224103 
-0.176690 0.057777 0.137388 -1.434947 -1.575489 0.534233 -0.700800 0.197175 -0.084765 -0.190013 -0.890990 0.503996 -1.347937 0.113042 -0.368019 0.352663 
-0.015709 0.154266 -0.121800 0.539246 -0.167561 0.338305 0.195455 0.013696 0.056510 -0.094282 -0.210919 0.361768 -2.668649 0.130811 0.523973 -1.039851 
-0.055236 0.256233 0.136529 -0.304771 -1.647597 0.027765 -0.439012 -0.068914 0.479080 0.138488 -1.666385 0.440154 -0.229238 0.165667 0.052691 -0.351975 
-0.221510 -0.481134 0.032636 -0.680195 1.108604 -1.069362 -1.035672 -0.042223 0.486524 1.096770 0.246926 -1.256657 -0.361343 -0.270469 -0.338844 -2.412918 
0.024536 0.098405 0.218378 0.390969 -0.960860 0.023145 -0.151603 0.145866 -3.802615 0.289455 0.109579 -0.415117 -1.959294 0.159439 0.412671 -1.366919 
0.210704 0.255813 0.215266 -0.059458 -1.230546 0.084650 -0.823184 0.309390 -0.241377 0.232525 0.169453 -0.046227 -0.123875 -0.732078 0.724578 0.231513 
0.047139 0.021706 0.132568 -0.435562 0.270775 -0.737950 -1.180105 0.113655 -0.606056 0.278457 -0.630249 0.159651 -0.176573 -0.641611 -0.002670 0.109876 
0.079569 -0.285457 0.038336 -0.760867 0.455230 0.132779 -0.712209 -0.501682 0.644554 0.107124 0.210277 -0.067959 -0.098232 -0.005725 0.217877 -0.113447 
-0.042196 0.156377 -0.070564 -0.337924 -2.050292 0.015560 0.112658 -0.014587 -1.143365 0.189562 -0.413697 0.653534 0.211400 0.112340 0.170323 -0.571549 
0.021031 -0.002449 0.169307 -0.866514 -0.956243 0.014597 0.585510 -0.975304 -2.796137 -0.146454 0.179228 -1.842382 -0.198092 0.259006 -0.308993 -1.245761 
0.167590 -0.915186 0.063368 0.112463 -0.329159 0.242336 0.038998 -0.745129 0.285994 -0.030608 -2.790443 0.392775 0.224200 -0.107030 -1.284340 -0.502581 
-0.067931 -0.703834 -0.036801 0.643118 -0.266898 -0.257551 0.590679 0.040308 0.685224 0.318510 -0.002467 -1.928188 0.055932 -0.120604 -1.176341 0.542511 
0.050901 -0.420834 -0.039124 0.776215 -0.402535 -0.434846 0.062359 0.005170 -0.580677 0.091721 0.696562 -0.110967 -2.708698 0.201974 -0.454341 0.100627 
-0.064998 0.078009 0.174669 -0.208308 0.303110 0.022693 -0.447917 0.215557 -0.172276 -0.496419 -1.068248 -1.401968 -0.704170 0.202327 -1.413003 0.746961 
0.067210 0.299456 -0.270160 -0.691678 0.083128 0.146705 -0.967558 -0.121046 0.129407 0.459749 -1.451781 0.048138 0.437867 0.834346 -0.492163 -0.620887 
-0.319155 -0.862122 0.099330 0.663671 0.116190 -0.120821 -0.528227 0.115299 -0.468402 -1.172274 0.415879 -0.944559 -0.002894 0.083580 -0.376059 -0.570745 
0.355617 -0.727703 0.181260 0.059053 0.086519 -0.113775 0.179052 0.177173 -1.737753 0.149685 -0.057920 0.100006 -1.677514 -0.010237 0.382940 -0.641726 
-0.122967 0.069440 0.048780 0.173404 0.315229 -0.236846 -1.260819 -0.157047 -1.393527 -0.003505 -1.293356 -0.683901 -0.009437 0.258008 1.122775 -0.100489 
-0.185482 0.026421 -0.148746 0.579024 0.509668 0.615753 0.206178 -0.188502 0.105630 -1.315480 -1.003492 -0.201206 -0.629113 0.126819 -0.668003 0.167527 
0.166066 -1.425133 0.065463 0.156918 -0.011023 0.221694 0.116840 0.057767 -0.099255 0.076152 -0.467773 0.115466 0.778866 -0.081370 0.270682 -0.564791 
-0.308443 0.608298 0.122319 -0.614687 0.994537 0.832223 0.688072 -0.723276 -1.025076 -1.372195 0.213122 0.392019 0.307711 -0.320372 -2.086749 -0.156069 
0.405420 0.209648 -0.010776 0.070315 -0.936996 -1.187754 -2.256619 -0.025542 -0.324645 -0.308734 -0.768719 -0.930152 0.188447 0.272827 -0.317123 0.376134 
0.102274 0.074649 0.176645 -0.604509 -0.220859 0.099253 -1.262283 -0.337544 0.358670 0.339066 0.100534 0.166673 0.246290 0.064861 -0.227734 -1.108006 
-0.890297 0.257564 0.006019 0.029372 0.150475 0.003621 -0.200304 -0.577778 -0.436649 -0.219893 -0.540443 -0.545549 0.999281 0.028799 0.112961 0.284355 
0.224525 0.243515 -0.049381 -2.115425 -0.464935 -3.197479 -2.598443 0.162197 0.412473 -0.717031 0.065459 0.255600 0.651240 -1.373097 0.136945 -0.198510 
0.096657 0.070372 -0.490061 0.545341 0.315649 0.251327 -1.175290 -0.330417 0.407042 0.060092 -0.338970 0.758424 0.511999 -0.005906 0.235690 0.417862 
0.139534 0.120414 -0.458642 0.578525 0.666978 -0.156722 -0.536205 -0.151656 -0.851310 1.342860 0.132072 -1.046393 -1.420628 0.148043 -0.687115 -0.131246 
0.220481 -0.045629 -0.192658 0.451197 -0.752104 0.165653 0.332389 0.267394 -0.446739 -0.043017 -0.181190 -0.224498 0.563173 -0.802403 0.686375 0.600452 
-1.281316 0.152718 0.050409 0.226750 0.455380 0.003759 -0.999389 -1.208953 1.053270 0.257290 0.562694 -1.489648 0.189252 0.119473 -1.859949 -1.650348 
0.379683 0.004223 0.145452 -0.701608 0.498016 0.341078 -0.630413 0.171748 -0.149602 -0.712811 0.302681 -0.259923 -0.630952 -0.028553 0.118971 -1.024054 
-0.197176 -0.217515 0.365022 -0.084300 -0.363088 0.309502 0.059385 0.295144 -0.736209 -0.175629 0.415734 -1.237176 0.443603 -0.079165 0.952627 -0.350290 
-0.544280 0.536121 0.262811 0.356511 0.024586 0.014340 -0.051870 -1.060319 0.422552 -0.346272 0.534985 -1.441056 0.130086 0.267987 -0.573279 -0.292529 
0.097347 0.058012 0.028734 0.119426 -0.158918 -0.068713 -0.351581 -0.852855 -0.106065 0.615860 -0.072415 0.253114 0.393456 -0.112238 -1.401194 0.250823 
-0.455324 0.037638 0.063165 0.488072 -0.228371 0.074564 -0.369336 0.044119 -1.478682 0.164453 -2.026677 0.647275 -0.556528 0.164109 0.417404 -0.508506 
-0.270767 -0.008871 -0.439940 0.400440 0.646820 -0.134862 0.568112 0.075294 -0.099735 -0.606454 -0.677114 0.959661 -0.629033 0.176747 0.021074 -0.182278 
-0.058280 -0.127438 0.093473 -0.062226 -0.122845 0.060254 0.198726 -0.214320 -3.010474 0.616045 0.244588 0.511815 -2.370719 0.241270 -2.765626 -0.875707 
-0.128437 -0.009967 0.141773 -1.391964 -0.030905 0.471126 -0.247453 -0.450012 -0.455306 0.230006 0.317825 -0.761173 0.121348 0.155242 -0.706943 0.103579 
-0.055426 -0.187548 0.113297 0.454483 0.822170 -0.924682 -0.692071 0.152359 -0.675018 0.367416 -0.800671 -0.524692 -1.140611 0.107054 0.076059 -0.063163 
0.012284 -0.087164 -0.128806 0.546904 0.072167 0.132479 0.385857 -0.584757 0.437212 -0.107217 0.693928 0.112736 -0.273070 0.076694 -1.081329 0.188302 
0.070443 -0.576223 0.070352 -0.367280 -0.394373 -0.017554 0.440367 0.175630 0.213217 -0.174997 0.044135 -1.008628 -2.002699 0.169584 0.070372 0.082378 
0.163752 -0.881575 0.123979 -1.196264 -0.610209 0.024469 0.526785 0.219315 -0.193683 0.121342 -0.943911 -0.370768 0.124157 -0.207877 -0.070090 -0.711789 
-0.090009 0.152490 -0.247014 0.881263 0.766593 -0.426715 0.380396 -0.169848 0.136084 -0.908904 -1.179219 -0.124461 0.808183 -0.170194 -1.068577 0.852708 
-0.161566 0.268052 0.165108 -0.505742 0.160783 0.379228 0.197410 0.118759 -0.397661 -0.248671 0.527007 1.399488 -1.901955 0.104292 0.418031 0.226889 
0.109250 0.102555 -0.595542 -0.081862 0.087903 0.379015 0.078262 0.184552 0.146458 -0.489901 0.768295 -0.290928 -0.520040 -0.079328 -0.914722 -2.656857 
0.277540 0.231127 -0.734934 0.114913 -0.039376 -1.248473 -0.069300 0.311869 0.118313 0.602040 0.184416 0.427008 0.457490 -0.933808 -1.590767 0.555947 
-0.126844 0.009224 -0.197162 0.402379 0.305992 -0.425177 -0.529229 -0.157205 0.033582 0.802062 0.051662 0.496453 0.469712 -1.124678 -0.323713 -0.631001 
0.142459 0.370055 0.076118 -0.487798 -3.315467 0.124753 0.102580 0.042101 0.361268 0.073322 0.357427 -0.437048 0.160364 -0.050508 -0.725910 -2.660269 
0.069204 -0.146949 0.044970 -0.626121 0.011832 -5.087446 -0.674240 0.164667 0.258807 0.248221 -0.527693 0.319733 0.432398 -1.344727 -0.515626 0.129490 
-0.555488 0.160315 -0.015415 0.537242 0.099086 -1.327657 -0.302083 0.202155 0.332894 -0.472420 -0.218885 0.169698 0.149427 0.312650 -0.042875 0.059106 
-0.080069 -0.077151 -0.309007 0.615464 0.409620 0.023832 0.322902 -0.014882 0.743441 0.321882 0.417187 1.104033 0.493985 -0.139142 0.777317 -1.532215 
0.441838 0.037429 0.011636 -0.690595 0.565023 -0.285489 0.438727 0.111269 0.555314 0.063175 -0.261576 -0.992485 0.064431 0.182408 0.360935 -2.616184 
