2 0.722587968299121
4 0.8693530078643297
6 0.8926220203366101
8 0.915777525430911
10 0.9325766173854183
12 0.9433598184423198
14 0.9519863790199246
16 0.9535754824334187
18 0.9564131667611276
20 0.9575482405273923
22 0.9592508513459282
24 0.9603859251121928
26 0.9637911463027374
28 0.9635641316956207
30 0.9641316685855186
32 0.9657207717419212
34 0.9633371169396616
36 0.9658342792552121
38 0.9667423382790487
40 0.9654937571212734
42 0.967877411923533
44 0.9674233823980836
46 0.9674233825469261
48 0.9678774119100019
50 0.9674233823980836
52 0.9683314415707626
54 0.9681044268148035
56 0.9670828604129873
58 0.9692395005945992
60 0.9679909192879814
62 0.969693529957675
64 0.9702610669964152
66 0.968217934192783
68 0.9698070373356545
70 0.9683314414219202
72 0.9687854710826809
74 0.9691259932166196
76 0.9694665153505583
78 0.9694665152017158
80 0.9693530078237362
82 0.9690124856897976
84 0.9693530078237362
86 0.9691259932166196
88 0.9687854709338384
90 0.9692395004457567
92 0.9688989784606604
94 0.970488081603532
96 0.9699205447136341
98 0.9683314414219202
100 0.9691259932166196
