-0.028246 0.622964 -0.402841 0.091426 -0.054556 -0.506875 0.284047 -0.074125 -0.326835 0.049893 0.171326 0.938071 0.735092 0.088310 -0.291666 -3.269042 
-0.620919 0.372885 -0.114738 -0.289489 1.486124 0.122147 -0.148987 -0.316438 0.759585 0.297288 0.162916 -1.342458 -0.257950 -0.101093 0.622082 -1.306241 
0.227284 -0.839166 -0.253063 0.345113 -0.308278 0.355025 0.811690 -0.494601 0.023891 -0.034064 0.483137 -2.216164 -0.880895 0.443028 0.389342 -2.608433 
-0.065203 -0.014442 0.299370 0.583632 -0.376180 -0.639981 -0.781384 0.230081 -0.988288 0.003772 -3.201097 0.186976 -0.046785 -1.629319 -0.326515 -0.129836 
-0.117764 0.234040 -0.000466 -1.382135 -0.857982 0.328738 -0.064469 -0.378548 0.097498 -0.333747 -0.026042 0.150949 0.504311 0.302315 -1.714468 0.187459 
-0.077661 0.200047 -0.149901 -1.237184 -2.764217 0.226068 -0.575368 -0.232677 0.502403 -0.892326 -0.092091 0.847628 1.133428 0.091299 1.861638 -5.977695 
-0.327863 -0.221084 0.303897 1.300472 1.276038 -0.491235 -0.522771 0.343606 0.139076 -0.621336 -0.624839 -0.300168 0.150875 0.295661 0.139100 0.045470 
0.254375 -1.293555 0.199519 0.339603 0.375200 -0.293113 -0.008001 0.014245 1.129898 -0.029761 -0.058394 0.636028 0.041223 -1.342732 0.822718 -0.452923 
0.255404 -0.045448 0.000164 -0.674224 0.547635 0.842717 -0.449232 -0.591453 0.144968 0.468352 -0.970972 -0.477191 -0.369753 0.487784 -0.743370 0.121252 
-0.533794 -0.471851 0.118359 -0.750235 -3.271369 0.610140 -1.065875 -0.171333 -2.008435 0.724904 -0.671983 0.335220 -1.236067 0.246977 -7.285846 -1.525812 
-0.091062 -0.129509 -0.005143 -1.270852 1.066032 0.243776 -0.230311 0.049983 0.565010 0.156546 -0.115866 -1.241759 -0.389638 -0.432990 0.384251 -1.357990 
-0.201001 0.400093 0.443564 0.150342 -1.168640 -1.344379 -0.203799 0.183614 -1.597797 -0.085372 0.419939 0.339190 -1.642864 -0.481230 0.300957 -0.143244 
0.094984 0.133755 -1.379109 0.333223 0.307982 0.279067 -0.054294 -0.197007 0.202387 0.179848 -0.251061 1.447099 -0.029243 0.830815 0.557501 0.211474 
0.334531 -0.096754 -0.043182 -1.414962 0.053768 -0.720856 0.565157 0.100851 0.428821 0.265277 0.482968 -0.936022 -1.716165 0.755814 -0.234711 0.712994 
-0.491289 1.221539 0.067709 0.005923 -1.528025 0.094690 1.128394 -0.137257 -2.139666 -1.752220 0.308802 -0.866652 -1.444328 0.126936 -1.929047 -4.994648 
0.747829 1.402645 -0.549603 -1.385423 -2.009559 -1.544927 0.169555 0.165881 -1.573255 0.210516 -3.078636 1.126742 0.603423 -0.811604 -0.230569 -1.809942 
0.531971 -1.778838 -0.183592 0.143760 0.707194 -1.350769 -0.363567 0.142108 -0.199248 -0.147186 0.545470 -0.887028 0.617339 -1.004205 -1.069937 -0.546180 
-0.102303 -0.674973 0.253721 -1.419631 1.876504 0.127613 0.241112 0.339622 0.278537 0.224507 -0.495899 -0.391723 -0.593045 0.098852 -1.094066 -0.601518 
0.545376 -0.477980 -0.223090 0.477457 -2.398870 0.746662 -0.382270 -0.596070 0.683796 0.372751 0.180989 -2.011691 -0.547715 0.611363 -0.154394 -3.450753 
0.370579 -0.144638 -0.172472 -0.299696 0.172872 0.659515 0.551106 0.070856 0.034184 -0.255615 -1.941629 1.093216 -0.178002 -1.184590 -1.648748 -0.605588 
0.245471 0.149877 -0.131993 0.553293 -0.827638 -0.012222 0.024709 -0.317798 0.384081 0.068875 -1.077428 0.087336 0.085313 -0.526913 -1.230765 0.005283 
-0.851631 -0.248316 0.179070 0.211917 -0.060473 -0.430562 0.010002 -0.152826 -0.223624 1.356019 0.381071 -0.532035 -0.353739 1.289211 1.167815 -0.930073 
0.088006 -0.001942 -0.033522 -1.118618 0.113868 -5.020037 -1.985520 0.053860 0.277531 0.147370 0.033455 0.129818 -0.007379 -2.050665 -0.042008 0.251636 
-0.004246 -0.115423 0.156400 0.440468 0.112125 -0.640766 0.136910 0.196354 0.493662 -0.507151 -0.197781 -1.010010 -1.392559 -0.035626 -1.278396 -0.835002 
0.203579 0.295714 -0.012224 -0.561836 -0.036970 -3.002772 -1.598976 0.020957 0.367417 -0.021989 0.246035 0.404954 0.196975 -1.649809 -0.359482 0.066328 
-0.245829 -0.116566 0.226765 0.597961 0.455784 0.890939 -0.332334 0.167565 0.097168 0.413007 0.328657 -0.210617 -0.019973 -0.170983 -1.984902 -0.194710 
0.124014 0.593219 0.186332 -0.238869 1.433155 0.145487 -2.272242 -0.018357 -1.000762 0.198741 -1.879651 -1.012928 -0.268379 0.646552 -0.830204 -0.851053 
0.146677 0.371278 -0.287418 0.297264 0.614684 -0.269506 0.142531 -0.496241 0.622447 0.607345 -1.132862 -0.791436 -0.313371 0.319396 0.107213 -0.039835 
-0.493043 0.466582 -0.330155 0.638951 1.386619 0.881011 -0.522540 -0.576394 0.437048 0.272439 0.020477 -0.540867 -3.901287 0.221115 -0.489408 -1.826756 
-0.360341 0.558071 -0.532834 0.440759 -0.681095 0.288283 0.344858 -1.352078 -0.705481 -0.531632 0.724517 -8.222212 1.199672 0.199451 -3.426322 -0.509151 
0.046788 -0.370330 -0.223928 -0.327992 0.446771 0.384066 0.045011 0.091780 0.233302 1.195269 -1.198411 -0.204657 -0.203575 -0.680539 -0.651741 -2.750752 
-0.037891 -1.306897 0.241833 0.785476 0.150221 -1.060924 -0.882108 0.052181 -0.519132 0.208128 0.215780 -0.561333 -1.437862 0.340995 0.291429 -2.675463 
-0.635016 0.991111 0.568353 1.285560 0.015254 -0.027559 -0.659534 -0.008628 -0.396208 -1.463054 -0.266698 0.135685 -4.207786 -0.177869 -1.056526 -4.589778 
-0.199260 1.384784 -0.405202 0.324782 0.454173 -0.300123 -0.500835 -0.094976 0.846589 0.359630 -0.374861 -3.194178 -0.297714 0.532846 0.717261 -0.067987 
-1.033145 0.423914 0.268497 0.691637 0.427412 0.059468 0.205588 0.242919 -0.123546 -0.425106 -0.371512 -0.663746 -0.530194 0.368310 0.336806 -0.046515 
0.318063 -0.704039 -0.044817 -1.797236 0.937109 1.472300 -0.834617 0.034865 0.787285 0.617752 -0.884256 -0.597729 -0.389059 -1.030106 0.127270 -0.147853 
0.189938 0.274241 0.183172 -0.341050 0.270865 0.549651 -1.491437 -0.331943 0.651194 -0.041527 -0.240375 0.241821 -0.292588 -1.354402 -1.742635 0.243538 
-0.846989 -0.127377 0.438125 0.248781 -0.864733 0.253242 -0.452875 0.105147 0.330051 -0.389202 0.040112 -0.343762 0.219239 0.501136 -0.196947 -0.207555 
-0.327970 0.848527 0.087547 0.097617 0.325652 -0.948589 0.126044 -0.692905 -2.076626 -0.626455 -0.272081 -3.124524 0.963041 0.106189 0.937883 -1.407793 
0.268933 0.424041 -0.057279 -0.871332 0.238095 0.162689 0.639274 -0.684368 -0.037857 0.091860 0.672040 0.022417 -0.089572 -0.061591 -0.574536 0.238475 
0.499266 0.626344 0.016337 -0.856076 -0.193931 0.515802 0.133809 0.006880 -0.322657 -0.763712 0.211140 -0.335113 -1.121477 -0.407599 1.048467 -1.084776 
0.102061 0.082224 -0.406564 -0.595608 -0.012524 -0.417166 1.021944 -0.415240 0.446005 0.244850 0.170644 -0.156744 0.160285 -0.985515 -0.192272 -1.759338 
-1.163694 0.594403 -0.161345 0.205189 -0.227284 0.578634 0.422202 -0.249371 -1.039495 0.490357 0.110988 0.240571 -0.801185 0.050465 -0.720684 -3.170902 
0.279448 0.195226 -0.091033 -0.569138 -0.120176 0.330012 0.786686 0.036940 -1.378953 1.112687 0.623533 -0.991050 -2.378456 0.102217 -0.642139 0.108471 
0.798178 -0.557316 0.354174 -0.019801 -1.618827 0.272333 0.347278 -0.520914 -0.321353 -1.162058 0.478498 -0.645851 -0.951944 0.091954 -0.873281 -1.878422 
-0.076863 -1.348191 0.462432 0.321170 -0.108709 0.241861 -0.081508 0.227014 -1.017063 -0.061771 0.187272 0.287976 1.386842 0.395294 -0.383857 -1.496729 
0.119348 -0.427236 -0.024317 -0.019849 -2.737808 -0.180248 0.494497 -0.082288 -3.185607 0.428952 0.248638 -0.244432 -0.483261 0.106943 0.114884 -2.096192 
-0.267391 0.089482 0.231204 0.235063 0.444960 0.125606 0.259394 -0.712513 0.203921 -0.131521 0.588456 -1.109432 -1.741258 0.479794 0.357556 -0.433455 
-0.677288 0.748401 0.321332 -0.988507 -1.228161 0.448914 -0.571020 0.092313 -2.224664 -0.018471 -0.151130 -0.124240 -0.444800 -1.077010 -0.018762 -0.079471 
1.143412 0.501704 0.256260 -0.269772 -1.763753 -3.415536 -1.066243 0.254351 -1.948737 -0.124911 0.455198 1.094933 -0.793407 -0.375539 0.416774 -0.353710 
0.241233 -0.127811 -0.887783 -0.177953 0.103045 -0.158832 -0.294462 0.437433 -0.569849 0.363096 -0.242201 0.329603 0.549062 -0.241473 1.166630 -0.337817 
-0.031687 -0.574731 0.286076 0.827726 -1.288938 -0.325867 -0.150916 -0.024147 -1.069300 0.108101 0.304383 -2.345231 -0.494428 0.774593 -0.842262 -2.813856 
-0.308104 0.114930 -0.409877 -0.105335 -0.055420 -0.239312 0.142533 -0.226044 0.241767 0.194866 0.172938 0.042304 0.472376 0.686882 0.121171 -0.614843 
-0.836044 0.244945 0.246441 0.250028 1.294322 0.706520 1.074709 0.059884 -0.809400 -0.536527 -0.248366 -5.610123 0.303679 -0.172123 -0.532831 -4.146143 
-0.782415 -0.015622 0.045796 0.164236 2.780566 -0.546259 -1.879839 0.475357 -1.323731 -0.673414 -0.018996 0.831407 -0.134976 0.420166 0.807132 -1.487453 
-0.179433 0.441610 -0.259007 -1.579764 0.379893 0.004213 0.256228 -0.704421 0.249127 0.152061 0.312532 0.414424 0.314322 0.071126 -0.463139 0.293488 
0.296658 -0.107444 -0.131923 -1.670354 0.285387 0.680205 0.233390 -0.642380 -0.951988 -0.601777 0.435114 -0.210423 0.051030 0.903117 -0.168728 -0.240794 
-0.238778 -0.270549 0.386945 0.527227 -0.365862 -0.125295 -0.029263 -0.217829 -0.154135 -0.371631 0.480554 0.207828 -0.230008 0.252685 -1.281030 0.214647 
-0.352683 -0.115181 -0.096701 -0.249212 -0.971494 0.114613 0.393204 -0.486287 -1.622267 1.996951 0.088894 1.348690 -4.581857 -0.264070 -0.373967 -1.111416 
-0.030363 -0.061063 0.218353 -0.846662 -0.698099 0.288710 -0.232590 0.731543 0.221669 0.350729 -0.337753 -0.023479 -0.310863 -0.220322 -0.710948 -0.067829 
-0.048910 -1.204484 0.467454 -0.920096 0.282495 -0.012311 0.360612 0.502934 -1.802580 -0.949922 0.698087 -0.752402 -1.034635 -0.315249 0.566844 -0.474019 
0.323684 -0.249855 0.378650 -0.394678 -2.196722 0.339117 0.146761 0.461071 -2.183248 -0.847938 -0.566435 0.425328 -0.240235 -0.186983 -1.133503 0.041909 
0.465670 0.078544 -0.063993 -0.797668 -2.742031 0.484802 -0.553943 -0.744402 -0.114098 -0.559840 0.080974 -0.971802 0.438935 0.599644 -3.437081 -1.045612 
-0.429275 -0.534846 0.343196 -0.656710 0.065167 -0.204990 -0.256422 0.131483 -0.125241 -0.103240 -1.384458 0.396407 0.557806 -0.983304 0.411472 0.141581 
0.126986 -1.367502 -0.361348 0.364771 0.202029 0.834435 0.625033 0.239784 -0.851049 0.295468 0.101187 -1.765138 -0.536059 -0.423908 -1.045316 -0.607508 
0.138080 -2.794741 0.313367 0.261046 0.875376 -0.099391 -0.779371 0.021069 -0.638101 0.194192 -1.488799 -3.203547 0.266361 -0.759937 -2.292401 -0.121811 
0.787846 -0.838163 -0.630602 -0.706143 0.099968 -0.006687 0.289658 -0.080685 0.233812 0.002902 0.115498 -0.767027 0.776895 0.261460 0.880284 -0.631161 
0.238007 0.117282 0.019954 -0.536643 -3.041471 -0.079604 -0.151890 0.269310 0.389646 0.372345 -0.010056 0.170865 0.358434 -0.376179 0.217591 -0.986130 
0.656710 -0.743992 -0.417210 0.537129 0.666027 0.890544 -0.399698 -0.746899 -1.641554 0.305415 -0.236423 -2.295136 -0.719775 -0.251389 -3.108119 -1.944167 
0.087921 -0.058671 -0.314462 -0.238618 0.171485 0.727802 0.936411 -0.698768 0.090399 -0.762471 0.483980 0.069733 0.522129 0.339586 0.384644 0.339575 
0.191661 -0.707982 0.453829 -0.130425 -1.110208 0.049336 0.065297 0.216054 -0.267668 0.250699 -1.457378 -0.842610 0.715331 -0.229401 -0.068353 -0.884605 
0.437377 -0.760262 -0.101693 0.354125 -0.009571 0.702206 0.502365 -0.372234 -0.400011 -0.200804 -1.780558 -0.083784 0.648749 -0.699019 -0.269274 0.393517 
-0.273305 -1.892356 0.236120 -0.293426 -0.666789 -0.136874 -0.958977 0.123904 -0.519336 0.285233 0.533388 -1.190943 0.236206 -0.330648 0.672343 -0.638627 
0.361854 -0.743600 0.253934 0.900300 -0.768402 0.041864 0.916762 0.091410 -1.395826 -0.954399 0.305237 -0.680179 0.364643 -0.476574 -0.303605 -2.247105 
-0.660122 0.157593 0.141604 0.617156 0.921410 0.255522 0.103636 -0.317031 -2.708913 0.473906 0.733468 -1.053052 -3.561759 0.089472 -1.567388 -0.491342 
-0.113252 -0.541208 0.005198 0.995213 0.388961 -0.314723 -0.358730 0.214926 0.151091 -0.301002 1.536401 -0.363026 -0.805254 0.402614 -4.144588 -0.994509 
0.051923 -0.082927 0.007732 -0.904596 0.394780 -0.481894 -2.185179 0.729933 -0.259860 0.128825 -0.528108 -0.343599 -0.011622 -0.188655 0.669192 0.181397 
0.462564 0.153156 -0.030044 -0.183608 -1.029191 -0.601777 0.893262 0.370194 -0.991279 -0.934546 -0.359305 0.031675 0.105746 0.226888 0.189960 0.190838 
-0.038281 0.255168 -0.241555 0.029091 -0.735917 0.763522 -0.464945 0.411663 0.013542 -0.115503 -0.848130 0.108506 0.181254 0.530594 -0.999386 -1.332251 
-0.093267 0.255435 0.095387 0.280273 -0.259537 -0.604321 -1.890185 0.107626 0.521778 0.107423 -0.164481 0.184810 0.181862 0.485850 -0.216468 -0.110548 
0.042469 -0.490436 0.200271 0.251163 0.341502 0.324955 0.003105 0.177531 0.029735 0.069247 0.469107 -0.331970 -1.042779 0.536331 -0.570376 -0.005850 
-0.469411 0.745165 0.167913 0.287718 -1.025460 -0.280821 -0.770210 0.284076 0.056671 -0.118271 -1.900773 0.565901 0.618761 1.160597 -0.305968 -0.976941 
0.506333 -0.557241 0.005056 0.219566 -0.357587 0.063532 0.736330 0.181954 -0.895520 -0.773446 -0.712941 0.309405 -0.163819 1.096445 0.192084 -0.887286 
-0.494070 -1.033833 0.112940 0.260694 0.681065 -1.371169 -0.472056 0.743966 0.726504 1.112731 -0.096020 -1.522100 -2.230793 -0.079319 -0.496536 -1.144323 
0.055548 -0.492440 0.363449 -0.444572 0.082965 0.386856 -0.484874 -0.429419 0.147578 -0.751401 0.519725 -0.061368 -0.470474 0.911941 1.056159 0.096075 
0.796107 0.387261 -0.196059 0.774285 -2.602731 0.605073 0.624804 -0.235755 -0.442069 -0.738460 -0.828651 -2.709331 -1.863665 0.198470 -0.909172 -2.643536 
-0.001722 -0.054462 -0.067545 0.264052 1.299098 0.350056 0.437548 0.581874 -0.017833 -0.134410 -1.376662 -0.232650 -0.670090 -0.516399 1.369894 0.142951 
0.247138 0.617498 -0.222045 -0.354980 -0.267282 0.297878 0.099902 -0.508616 -0.174215 -0.239397 -0.233805 0.095976 -0.609663 0.075338 0.043395 0.696416 
0.396444 0.258964 -0.990304 0.847705 -0.300034 -2.083487 -2.034099 0.081471 0.600693 -0.037559 -0.926744 0.435457 0.235925 -2.009908 -1.660740 -0.183665 
-0.031359 -0.001950 -0.074245 0.534100 -0.150862 -0.035944 -0.357134 -1.097574 0.471422 0.082039 -0.901028 0.169703 0.327128 0.141648 -1.969614 -0.346024 
0.772209 -0.195121 -0.137531 0.180354 -0.903233 -0.082846 0.307652 -0.070692 0.670474 0.451281 -0.171733 0.594714 -2.058933 -0.936159 -0.809292 -3.564400 
-0.675115 0.261152 -0.265240 1.303386 -0.314142 -1.690442 0.617170 0.035199 -1.720368 1.101309 0.433450 1.908056 -0.852017 0.074660 -0.886548 -0.258752 
0.042019 0.180618 0.452867 -0.529755 -0.670621 -0.707425 -0.353287 0.110239 0.386531 -0.455202 0.823680 -0.057302 0.123244 -0.038011 -0.681190 -0.070829 
0.082359 0.152404 -0.103694 0.531192 0.699645 -0.240948 -1.155835 0.190837 -1.014169 0.142617 -1.684138 -3.195913 -0.412539 0.698665 0.143575 0.179855 
-0.236422 0.506572 -0.106726 -0.062065 0.121586 0.391953 -1.182961 0.436557 -0.626093 0.216420 -2.802693 0.352888 0.140909 -0.872949 -0.586293 -0.218038 
-0.546204 0.367582 0.222527 0.299365 -0.993876 0.029993 0.443753 0.272605 -2.861817 -0.451153 0.124721 -1.146865 -0.366733 0.487277 -1.422997 -0.151978 
0.047316 -1.178051 0.306483 -0.291869 -4.697922 -0.348373 -1.018703 0.924255 -4.547329 0.122470 -0.640027 1.032859 -1.623159 -0.467553 0.401982 -0.807755 
-0.363308 -0.769259 -0.038738 -0.450264 0.417277 -0.366827 -0.131579 0.770182 -3.345974 -1.056101 1.430256 -0.667259 -0.404693 0.218066 -0.017180 -1.108340 
-0.498684 1.344579 0.379530 -0.255450 -2.236701 0.264121 0.385064 0.050065 -0.003033 -0.858975 0.787209 0.742385 -1.066841 0.088526 0.058071 0.834584 
0.513235 -0.447077 0.554958 -1.135203 0.621025 0.159851 0.107235 -0.119409 0.081117 -2.124802 -1.086103 -0.575701 -0.217339 0.527994 0.442921 -0.702147 
