-0.204690 -0.097673 0.717384 -1.223379 -0.394063 0.107651 -0.556113 0.246703 -0.116498 -0.291316 
-0.051579 -0.030052 0.432709 -0.840429 0.035052 -0.301607 -0.224448 -0.182455 -0.312653 -0.544547 
0.237972 -0.196178 0.103885 -0.825549 0.016861 -0.028071 -0.228236 -0.097603 -0.271958 -0.596351 
0.014496 0.024672 0.221599 -0.930355 -0.099034 -0.208449 -0.131771 -0.555332 -0.242300 -0.346119 
0.173246 -0.110761 0.226376 -0.645721 0.035542 0.009099 0.063773 -0.281687 -0.125477 -0.464334 
-0.028987 -0.082072 -0.190252 -0.342389 0.084835 0.015842 -0.380797 -0.342429 0.039637 -0.516652 
0.035929 -0.043132 0.121728 -0.354051 0.022320 0.468377 -0.545190 -0.240155 -0.014572 -0.527489 
-0.093379 -0.032914 -0.015073 -0.171556 0.153873 0.356236 -0.150538 -0.081249 -0.095595 -0.499536 
-0.308650 -0.186738 0.045775 -0.376704 0.119955 0.267854 -0.316637 -0.098039 -0.187526 -0.417363 
-0.201187 0.005617 -0.058943 -0.074366 -0.116843 -0.182056 -0.007165 -0.218350 -0.074812 -0.209508 
-0.310662 -0.124602 -0.142350 -0.006345 -0.164323 -0.453021 -0.129961 -0.313813 0.090906 0.028787 
-0.187865 -0.242876 -0.365460 0.222428 -0.063285 -0.213018 -0.141159 -0.474594 0.220486 0.005421 
-0.118704 -0.035670 -0.201513 0.219548 -0.131224 -0.060219 -0.261925 -0.366293 0.297728 -0.187892 
0.040452 -0.185020 -0.107605 0.287948 -0.161750 -0.158480 -0.357164 -0.208117 0.185119 -0.134526 
0.107299 -0.180847 -0.101949 0.214383 -0.169961 -0.059422 -0.218649 -0.470055 -0.028719 -0.090928 
0.069563 0.137918 0.012578 0.295809 -0.331829 0.227458 -0.198373 -0.503152 -0.175718 -0.146743 
-0.080104 0.330351 -0.070732 0.310905 -0.445370 0.451427 -0.221997 -0.336661 -0.101631 0.323579 
0.057583 0.155408 -0.226784 0.199318 -0.245435 -0.078433 -0.193591 -0.545551 -0.043689 0.246647 
0.096162 0.371074 -0.450489 0.554141 0.022527 0.004410 -0.088818 -0.252651 0.098512 0.143007 
-0.165535 0.340650 -0.819722 0.365389 -0.097670 -0.073243 -0.095718 -0.360267 -0.227811 0.201670 
-0.191292 0.344765 -0.865412 0.692623 -0.085257 0.142326 -0.636144 -0.300648 -0.153540 0.255701 
-0.076265 0.107361 -0.921322 0.653006 -0.120653 0.097138 -0.682527 -0.407758 0.061485 0.183261 
-0.125017 0.077875 -0.848953 0.436123 -0.368667 0.082063 -0.745339 -0.163571 0.079124 0.580662 
0.018597 0.081197 -0.518531 0.389344 -0.055546 -0.031882 -0.919151 -0.403968 -0.129599 0.638314 
-0.229917 -0.094586 -0.319596 0.232293 0.018840 -0.075155 -0.619426 -0.337247 -0.156286 0.272954 
-0.052810 -0.038738 -0.541921 0.159499 -0.103219 0.179470 -0.286615 -0.184541 -0.487274 -0.159600 
-0.436150 -0.321571 -0.613430 0.665538 0.278481 0.070357 -0.045142 -0.120086 -0.341957 0.045617 
-0.153567 -0.279516 -0.689817 0.477081 0.392784 0.180650 -0.008059 -0.194320 -0.124565 -0.061199 
-0.025359 -0.359323 -0.426710 0.298801 0.119772 -0.064685 -0.223737 -0.235737 -0.008164 -0.188439 
0.114556 -0.182169 -0.646338 0.614798 -0.066041 -0.301830 -0.071761 0.067243 -0.218952 -0.078008 
-0.010187 -0.189365 -0.471057 0.269335 -0.061077 -0.183943 0.127560 -0.280866 -0.010890 -0.153386 
0.205554 0.008355 -0.501265 0.400861 0.008136 -0.329149 0.229079 -0.058085 0.363133 -0.099432 
0.140694 0.204176 -0.754356 0.194716 0.060375 -0.176238 0.012947 0.075401 0.032655 -0.054403 
0.064486 0.163483 -0.744818 0.574232 0.154306 -0.386064 -0.011542 0.200527 0.002549 -0.162800 
0.254939 0.309516 -0.556352 0.524609 0.022712 -0.045523 -0.116983 -0.004027 0.410499 0.024447 
0.077685 0.520972 -0.719088 0.607727 -0.019440 -0.436532 -0.052716 0.003065 0.213533 0.152383 
0.207405 0.517637 -0.642146 0.973911 -0.012858 -0.391215 -0.321433 -0.023401 0.445558 0.523126 
0.025800 0.612130 -0.962326 0.607570 0.226937 -0.233709 -0.069710 0.001566 0.671469 0.709247 
0.279489 0.423846 -0.855521 0.990733 0.311143 -0.202686 -0.136333 0.284474 0.508322 0.793396 
0.623922 0.012443 -0.908657 0.767528 0.279314 -0.316512 0.032811 0.015632 0.589553 0.948359 
0.614501 0.221300 -0.638033 0.783839 0.229522 -0.304440 -0.048036 0.323909 0.305784 1.035240 
0.508912 0.266741 -0.577694 0.830303 0.344587 -0.602643 0.094211 0.326311 0.323700 1.160369 
0.316040 0.125662 -0.498070 0.715177 -0.000084 -0.296937 0.088372 0.323169 0.307495 1.342239 
0.189067 0.180076 -0.572672 0.985197 0.033060 0.117584 0.087296 0.352876 0.338284 1.462511 
0.068945 -0.036571 -0.242823 0.878717 0.173188 0.350316 0.377539 0.268971 0.728593 1.031139 
0.258795 -0.029701 -0.044510 0.751718 0.161792 0.397048 0.738348 0.331939 0.617202 0.777842 
0.042729 0.045710 0.398964 0.518433 0.023264 0.378372 0.602849 0.270472 0.724487 0.880179 
0.139878 0.558290 0.508951 0.131476 0.212864 0.145298 0.879102 0.114654 0.701084 0.582511 
-0.138218 0.693895 0.752855 0.108708 0.369441 0.154199 0.735420 0.319813 0.577386 0.451610 
0.286449 0.387305 1.000084 0.287255 0.266364 0.010276 0.594242 0.506532 0.445743 0.024051 
0.306874 0.316113 1.339719 0.092100 0.353094 -0.128880 0.750081 0.486215 0.042774 0.158580 
0.086498 0.074321 1.718853 0.046767 0.223611 -0.155100 0.362122 0.586663 -0.095693 0.040529 
-0.321764 0.112623 2.049497 -0.155572 0.144104 -0.046013 0.606040 0.693618 -0.082040 0.047095 
-0.377499 0.147754 1.899920 -0.110867 0.027587 0.271523 0.303374 0.651815 -0.391218 -0.173813 
-0.565608 0.082506 1.944409 -0.324957 -0.241022 0.187061 0.439375 0.637269 -0.599204 -0.297406 
-0.470244 0.163595 1.427760 -0.430864 -0.132554 0.258287 0.540820 0.341139 -0.467832 -0.312745 
0.092601 -0.019542 1.134564 -0.184928 0.048424 0.069392 0.627626 -0.242170 -0.501475 -0.328407 
0.717599 -0.139552 0.592677 -0.563325 0.319142 -0.055291 -0.188373 -0.496725 -0.752451 -0.085321 
1.270146 -0.503403 0.076720 -0.423957 0.245162 -0.568553 -1.256444 0.103867 -0.789566 0.002703 
1.436319 -0.344210 -0.316977 -0.519588 0.101750 -0.891596 -1.847572 0.021222 -0.819125 0.091752 
1.148276 -0.446955 -0.110698 -0.598686 -0.051481 -0.899051 -1.087114 -0.175113 -0.640244 0.243691 
0.873975 -0.274613 0.282321 -0.493922 -0.115582 -0.799087 -0.283214 -0.746816 -0.479452 -0.089333 
0.765433 -0.125128 0.197190 -0.379834 -0.139944 -0.897495 0.347090 -1.144320 -0.207107 -0.160294 
0.405072 -0.473532 0.064715 -0.455239 0.036291 -0.521582 0.125235 -0.845901 -0.295148 -0.257022 
0.386369 -0.270111 -0.124726 -0.481206 -0.282687 -0.148594 -0.175287 -0.586057 -0.397920 -0.109397 
0.503762 -0.319580 -0.216671 -0.683132 -0.262874 0.034389 0.309008 -0.003730 -0.305889 -0.336940 
0.163512 -0.324412 -0.392059 -1.047271 -0.184159 -0.149319 0.386143 0.357783 -0.610526 -0.223967 
-0.038619 -0.548052 -0.368916 -1.451709 -0.348813 0.017369 0.482553 0.759714 -0.502281 -0.100337 
-0.165020 -0.688622 -0.034543 -1.156943 0.004138 0.273279 0.236785 1.017648 -0.929776 -0.176235 
-0.197032 -0.438850 0.105847 -1.349744 0.083328 0.574938 -0.145233 1.415117 -1.056013 0.107247 
-0.090328 -0.200781 0.205363 -1.227826 0.135388 0.543822 -0.270859 1.015526 -0.504350 0.158593 
0.031224 0.187636 0.315032 -1.266871 -0.411977 0.998817 -0.100095 0.604805 0.011445 0.296567 
0.040379 0.595654 0.197393 -0.955577 -0.533132 1.101648 0.352935 0.202955 0.433430 0.197679 
0.057605 0.521415 0.293309 -0.881609 -0.646812 0.635225 0.491690 -0.078415 0.664106 0.258154 
0.205288 0.412718 0.240375 -0.415771 -0.613964 0.313184 0.627113 -0.305890 0.406615 -0.037762 
0.406249 0.375338 0.291236 -0.117277 -0.727278 -0.063069 0.930073 -0.310717 0.450323 0.121109 
0.435693 0.741864 -0.068710 -0.054297 -0.716485 -0.635504 1.052727 -0.009953 0.553245 -0.848332 
0.089092 0.732652 0.234514 0.039348 -0.578721 -0.515889 1.025573 0.153138 0.652636 -1.603089 
0.035100 1.021101 0.247517 -0.007277 -0.965021 -0.404622 0.207298 0.000040 0.356076 -1.986200 
-0.289925 1.058280 0.591927 0.140271 -1.233918 -0.414651 -0.881141 -0.704665 0.120011 -1.405748 
-0.186769 0.785870 0.605802 0.048171 -1.105437 0.193791 -1.478688 -1.528389 -0.233865 -0.332206 
-0.393973 0.213754 0.474645 -0.128844 -0.779418 0.672795 -1.856983 -1.552147 -0.971270 0.052874 
-0.511667 -0.082137 -0.245994 -0.239503 -0.460063 0.995413 -1.651039 -1.345636 -0.743059 -0.114055 
-0.451604 -0.032116 -1.475043 0.037120 0.082932 0.546694 -1.322268 -0.729004 -0.957135 -0.035056 
-0.694984 -0.111581 -1.878551 0.261317 0.627659 0.166958 -0.218348 -0.446285 -0.821196 0.070048 
-0.466316 0.099124 -0.907540 -0.224149 1.045047 0.006581 0.516522 -0.490524 -0.249424 0.049649 
0.092029 0.226093 0.266113 -0.330683 1.344599 0.021772 0.078975 -0.415204 0.346573 -0.205225 
0.814831 -0.097183 0.753936 0.042768 1.365588 0.473918 -0.652200 0.532062 0.064624 0.194965 
0.634170 -0.485302 0.045585 0.238024 1.451208 0.595096 -0.619290 0.946454 -0.014235 0.349915 
0.329845 -1.126407 -0.160860 0.042391 1.531968 0.781608 -0.316407 0.911931 0.297463 0.311908 
-0.539217 -0.938244 0.179696 -0.135479 1.526915 0.821127 -0.245391 0.338405 0.755172 0.613408 
-0.588131 -0.468788 0.251411 -0.140837 1.328110 -0.097439 -0.182829 -0.579201 1.132910 0.895077 
-0.258781 -0.025932 0.328359 -0.030646 1.279944 -0.480131 0.418215 -0.865157 1.353036 1.019554 
0.428186 0.171144 0.253045 -0.211800 1.099961 -0.240781 0.046967 -0.407192 1.673125 0.577063 
0.554551 0.364309 0.007707 -0.532202 1.183898 0.407520 0.037837 0.472351 0.694302 0.298176 
0.428902 0.793092 0.307137 -0.252774 1.209915 0.749266 0.203281 0.634773 -0.712744 0.203061 
0.134970 0.943376 -0.099556 -0.075657 -0.106972 0.766312 0.231607 -0.177356 -0.787539 -0.247918 
-0.610412 0.040795 -0.115426 0.255604 -1.337434 0.822682 -0.265588 0.644861 -0.193388 -0.819063 
-1.291725 0.009205 0.444625 0.574808 -1.265011 0.371786 -0.451457 1.648087 0.074987 -0.837481 
-0.536384 0.230212 -0.268732 0.562794 -1.449310 0.099811 -0.588738 1.161590 0.734372 -0.833588 
0.605717 0.684427 -0.781084 0.781634 -1.144815 -0.199235 -0.559821 0.187899 1.026819 -0.639246 
0.998195 0.661735 -0.668396 0.819218 -0.632045 -0.148882 -0.466136 -0.434153 0.679633 -0.530498 
0.794632 0.249465 -0.109920 0.555450 -0.279316 -0.221598 -0.704049 -0.452330 0.449019 -0.277126 
-0.017535 -0.154419 0.315558 0.008968 0.221576 0.036325 -0.779435 -0.325816 0.174708 -0.315364 
-0.466442 -0.358039 0.548934 -0.510585 0.163824 -0.597300 -0.910101 -0.067894 -0.005191 0.039801 
-1.385404 0.332596 0.707447 -0.683525 0.478817 -0.792504 -0.576485 -0.262900 -0.397572 -0.136063 
-2.135666 0.491162 0.408115 -0.749436 0.309048 -0.894539 -0.151893 0.390913 -0.456841 -0.490919 
-2.285589 0.048487 0.359599 -0.502275 0.411852 -0.543495 0.056472 0.636778 -0.854436 -1.253094 
-1.862799 0.080559 -0.110574 -0.098163 0.003416 0.065172 0.353322 0.727171 -0.709961 -1.685371 
-1.818396 -0.580372 -0.004997 0.290090 0.072059 0.666852 0.696344 0.846581 -0.681413 -2.089190 
-1.682587 -0.260691 -0.226385 0.714141 -0.077387 0.810728 0.642284 0.596699 -0.569153 -1.948792 
-1.546521 -0.324072 -0.470386 0.475105 -0.000424 0.608893 0.389240 0.058972 -0.570541 -1.787887 
-1.114058 -0.212476 -0.667281 0.626729 -0.400188 0.925439 0.137649 -0.391131 -0.487301 -1.129517 
-0.985105 -0.234601 -0.655259 0.447059 -0.795567 0.893342 0.116638 -0.431111 -0.222496 -0.485172 
-0.737096 -0.498052 -0.524031 0.676088 -0.756678 1.017595 0.025338 -0.574302 -0.537331 -0.059244 
-0.363752 -0.436926 -0.246953 0.435625 -0.712496 1.107430 0.014387 -0.368497 -0.380338 0.229240 
-0.340390 -0.445085 -0.120295 0.286266 -0.424445 1.004017 0.203907 -0.066096 -0.399315 -0.207978 
-0.456141 -0.569243 0.078635 0.311187 -0.161257 0.719680 0.519284 0.203654 -0.368877 -0.243985 
-0.592910 -0.275341 0.323837 -0.205056 0.058982 0.421160 0.407421 0.356182 -0.027876 -0.551705 
-0.335020 0.177043 0.660585 -0.327567 0.311559 -0.153010 0.105214 0.415379 0.023541 -0.647881 
-0.450471 0.186203 0.458624 -0.470179 0.456964 0.212098 0.120237 0.214046 0.337660 -0.246344 
-0.311372 0.225889 0.056946 -0.634250 0.090876 0.323391 0.055943 0.076317 0.064418 -0.103304 
-0.393970 0.163210 -0.246758 -0.407523 -0.136902 0.439488 -0.018979 -0.023016 0.365267 0.216881 
-0.265706 0.290313 -0.080523 -0.459832 -0.189988 0.139452 0.069242 -0.000605 0.313159 0.639903 
-0.255509 0.214517 -0.341728 -0.453046 -0.100558 -0.073186 -0.397071 -0.079419 0.066031 0.480025 
0.124016 0.224142 -0.279274 -0.193207 0.046742 -0.194664 -0.101583 -0.105826 0.317982 0.625897 
0.157858 0.276791 -0.016783 -0.221693 -0.126975 -0.361125 -0.131378 -0.070933 0.296238 0.370477 
0.512600 -0.059790 -0.267617 0.075590 -0.140693 -0.124529 -0.000299 -0.323458 0.593575 0.310506 
0.330356 0.244714 -0.068674 0.010892 -0.149942 0.172870 -0.220225 -0.658469 0.540135 0.002011 
0.529971 0.179798 0.071588 0.140269 -0.116912 0.075976 -0.204794 -1.090829 0.532336 0.000512 
0.724454 0.189962 0.133720 0.025743 -0.026701 0.206944 -0.031654 -0.978414 0.655850 -0.278143 
0.556100 0.141927 0.496579 0.140706 0.226858 -0.079190 -0.216781 -0.757108 0.390206 -0.282320 
0.308226 -0.013398 0.637019 0.371855 0.126311 -0.052088 -0.365411 -0.645236 0.473666 -0.368753 
0.096554 -0.148643 0.247912 0.163353 0.403690 -0.440683 -0.662952 -0.455593 0.181706 -0.014586 
-0.054206 -0.433301 -0.095292 0.021679 0.442332 -0.379346 -0.277578 -0.161907 0.287959 0.067984 
-0.250272 -0.323935 -0.026061 0.217286 0.199189 0.035828 -0.074820 -0.151858 0.392915 0.193035 
0.119197 -0.483276 0.058627 0.091083 -0.009434 0.006543 -0.126886 -0.394913 0.381640 0.403191 
-0.148253 -0.397123 0.014077 0.403529 0.019078 -0.053427 0.004230 -0.368253 0.246738 0.205428 
-0.065163 -0.469936 -0.087442 0.420555 0.085775 -0.142390 0.105626 -0.523207 0.315230 0.290691 
-0.032249 -0.581410 0.402709 0.052532 -0.062140 -0.036382 -0.223893 -0.297365 -0.030741 0.311227 
0.162723 -0.604826 0.379225 0.060337 0.005646 0.075704 -0.205344 -0.371684 -0.020260 0.047619 
0.315348 -0.548102 0.681702 0.104816 0.272905 -0.106127 -0.168197 -0.302767 -0.069109 0.013036 
0.314076 -0.686062 0.415406 0.127340 0.039533 -0.143489 -0.307337 -0.541167 -0.045366 -0.071373 
0.277596 -0.607211 0.371740 0.316895 0.044128 -0.162272 -0.145960 -0.581708 -0.190361 -0.192761 
0.341165 -0.954152 0.254472 0.168080 -0.189019 0.096316 -0.229058 -0.690424 -0.265895 -0.012646 
-0.030062 -0.930839 0.218014 0.614472 0.002818 -0.136210 0.084879 -0.527118 -0.294484 -0.132244 
0.136421 -0.857440 0.133232 0.296624 -0.068023 0.026907 -0.252209 -0.489297 -0.410945 0.230661 
0.373234 -0.591977 -0.011756 0.118756 0.235586 -0.199688 0.080808 -0.437065 -0.321565 0.229314 
0.201981 -0.685718 -0.078263 0.240586 0.077126 -0.309027 -0.044591 -0.663468 -0.471975 0.559521 
0.177070 -0.821683 0.144196 0.151186 0.160480 -0.260164 -0.192751 -0.640548 -0.519077 0.689802 
-0.112442 -0.849224 0.123965 0.250489 -0.210612 -0.487516 -0.397664 -0.393368 -0.667348 0.624671 
0.048666 -0.604356 0.288052 0.250984 -0.215792 -0.290670 -0.148627 -0.454781 -0.774055 0.546041 
-0.059244 -0.532119 0.151677 0.111099 0.197349 -0.311416 0.303559 -0.319021 -0.710866 0.289007 
-0.193319 -0.498393 0.206958 -0.091065 -0.013917 -0.481308 0.495051 -0.455849 -0.859193 0.272210 
-0.174020 -0.522156 0.097776 0.048378 -0.067316 -0.429508 0.254287 -0.448327 -0.483924 0.195276 
0.103067 -0.661282 0.243173 -0.076573 -0.195977 -0.646584 0.050846 -0.114210 -0.442507 0.302368 
0.012527 -0.327411 0.239665 -0.006148 -0.233941 -0.466926 0.100534 0.125811 -0.462825 0.302088 
0.186851 -0.562475 0.173840 -0.036513 -0.048099 -0.391729 0.132511 0.240195 -0.452826 0.270484 
0.230039 -0.614875 0.136678 0.077658 -0.061069 -0.353203 0.467675 0.028183 -0.196774 0.320012 
0.254625 -0.120301 0.372616 -0.224295 0.021533 -0.626479 0.525634 -0.096603 -0.246255 0.357121 
0.019348 -0.146867 0.512552 -0.324326 -0.051453 -0.530821 0.195489 0.086611 -0.067463 0.583347 
0.219345 0.095322 0.327030 -0.436789 0.026079 -0.296633 0.355253 0.275355 0.176119 0.470175 
0.495907 0.070778 0.355591 -0.183345 0.144659 -0.368237 0.524118 0.342545 -0.008743 0.326176 
0.515124 -0.114930 0.284125 -0.529105 -0.015807 -0.363433 0.691370 0.438048 0.202400 0.111038 
0.657381 -0.148715 0.232889 -0.281517 0.083287 -0.106938 0.945498 0.557811 0.265068 0.082898 
0.518543 -0.009935 0.078020 -0.649335 -0.226385 -0.303462 0.797784 0.595079 0.117803 0.022380 
0.512315 0.191583 0.010794 -0.666771 -0.095530 -0.316985 0.939254 0.567513 0.400836 0.135961 
0.292553 0.547366 0.082350 -0.835570 0.018196 -0.310241 0.414893 0.582456 0.333830 0.578676 
0.097807 0.503586 0.071548 -0.658680 0.241904 -0.628069 0.483844 0.592031 0.069697 0.722058 
0.096326 0.438341 -0.081150 -0.519008 0.063613 -0.244837 0.704262 0.623210 0.072678 0.565955 
0.086742 0.403342 -0.044487 -0.697986 0.047140 -0.241373 0.474468 0.773979 0.071321 0.374978 
0.042326 0.173140 -0.230708 -0.701182 0.235107 -0.075051 0.260713 0.780544 0.328424 0.084868 
0.225098 0.228233 -0.343674 -0.643557 -0.277816 0.161541 0.196201 0.667042 0.200048 0.391343 
0.126780 0.755813 -0.543105 -0.414602 -0.123502 0.165012 0.361769 0.923886 0.528426 0.241460 
0.131411 0.873352 -0.640208 -0.263610 -0.043726 0.257162 0.321479 0.984599 0.201086 0.216961 
0.164555 0.987692 -0.722808 0.236879 0.070649 0.164248 0.456519 0.705282 0.244296 0.219245 
0.138071 1.058841 -0.843811 0.416789 0.226769 -0.273928 0.486570 0.907318 0.329853 0.131666 
0.288183 1.251925 -0.533375 0.517404 0.132270 -0.231400 0.601086 1.156480 0.323832 -0.258880 
0.739933 1.001482 -0.505222 0.892536 -0.179490 0.015203 0.450270 1.190984 0.460726 -0.603728 
1.335021 0.958445 -0.721102 1.085021 -0.330177 0.240915 0.340751 1.414833 0.527461 -1.298343 
