-1.515686 -0.160097 0.508789 1.743210 0.900889 -0.150104 -0.608182 -1.129357 -1.705984 1.665353 -0.676163 -4.310844 -0.850793 0.158732 -0.245320 -18.804062 
0.768110 -0.911221 0.608088 -0.984448 -1.577862 -0.525158 0.311901 0.693563 -1.705580 -1.093795 0.446105 -2.906573 -2.316707 -0.265924 -0.062675 -0.604707 
0.265904 -0.377339 0.233473 -0.880087 -0.061947 0.906624 1.069421 0.477947 -0.030961 -2.126360 0.096643 -0.832159 -3.702030 0.837771 -1.786700 0.110654 
0.226268 -0.731657 0.681733 0.485004 -2.220915 0.565104 0.642525 -0.515265 -3.437495 -1.061414 -0.027422 -2.665725 -2.437932 0.358331 -6.520421 -22.060728 
0.680248 0.378142 0.312126 -0.221225 -0.162826 -6.433546 -1.976640 0.081498 -0.256748 0.319843 -0.439183 -0.417896 -1.290971 -2.317302 -0.911890 0.307408 
-1.131424 -1.165319 0.545187 0.162907 0.537422 0.024278 -1.150563 -0.139402 -1.212849 -0.330477 -1.108818 0.004499 1.085739 0.421914 0.682126 -0.210620 
0.427296 0.692212 0.577174 -2.538207 -0.892461 -0.900233 -0.845198 0.086616 -0.159225 0.958597 -0.679308 -2.045820 -0.389153 -1.013813 -0.122317 -0.540696 
-0.329990 -1.917714 -0.297707 2.036899 0.485398 1.095545 0.733558 -0.108989 -0.543277 -0.230860 0.472699 0.166956 -0.809242 1.128528 -0.609030 -10.425459 
-0.743819 0.399682 -1.043674 -1.662169 0.313104 1.336276 0.186454 0.138118 0.966339 1.110394 -0.046003 1.051106 1.407335 0.167753 0.199342 -0.274650 
0.188592 -0.632424 -0.263906 -1.036005 -1.254746 0.402282 0.589853 0.362149 -0.221269 -2.902330 0.425545 0.518241 1.397828 0.617727 0.165559 -0.252279 
