-0.183479 -1.129668 1.239483 0.592760 0.163019 0.007857 -0.737008 -0.535828 -0.450698 0.615578 0.224160 -0.352234 
-0.174787 -0.680780 0.945363 0.377099 0.250764 0.099493 -0.593700 -0.399992 -0.252907 0.444918 0.353678 -0.088964 
-0.220993 -0.765061 0.646953 0.228346 0.115984 0.073946 -0.453993 -0.598998 0.164474 0.033292 -0.064430 0.256723 
-0.339217 -0.403022 0.519670 -0.127530 -0.092143 -0.092903 -0.306832 -0.710815 -0.004054 -0.073524 -0.088774 0.018668 
-0.181950 -0.770796 0.255584 0.050205 -0.259707 -0.155960 -0.203323 -0.606320 0.089754 -0.040735 -0.304356 0.068530 
-0.500375 -0.556227 0.170657 -0.055374 -0.591913 -0.125502 0.099559 -0.590636 -0.102535 -0.116707 -0.178505 -0.151290 
-0.373235 -0.260654 0.144020 0.142169 -0.612728 0.008461 0.028017 -0.229207 0.132349 -0.086384 -0.156202 -0.252897 
-0.373757 -0.293208 0.000553 0.064534 -0.685385 -0.151366 -0.001554 -0.024413 0.143945 -0.215992 -0.045708 0.011870 
-0.330404 -0.206159 -0.256340 0.180505 -0.456625 -0.152283 -0.145587 -0.093777 0.050382 0.161126 0.057664 0.235081 
-0.113563 -0.171614 -0.040572 0.100651 -0.389840 0.103604 0.157065 -0.057353 -0.138561 -0.177101 0.172966 -0.125524 
-0.164756 -0.015483 -0.212278 0.232877 -0.257806 -0.214048 0.212779 -0.099330 0.109167 -0.313706 -0.078532 -0.031672 
-0.138908 -0.201824 -0.217536 0.268152 -0.368000 -0.258174 0.167454 0.069646 0.205924 -0.039162 0.036722 -0.064834 
-0.333454 0.125409 -0.088895 0.032510 -0.219913 -0.329131 0.130978 -0.165077 -0.011998 0.131909 0.152758 -0.156770 
0.043536 0.131213 -0.422010 0.047771 -0.317227 -0.337061 0.132005 0.103468 -0.053637 0.175257 0.056836 -0.068375 
0.045537 -0.001128 -0.470444 -0.036053 -0.369578 -0.255567 0.143293 0.118074 -0.157999 0.226243 0.175596 -0.065709 
0.346574 0.089909 -0.539249 -0.303978 -0.120289 -0.133051 0.002852 0.260074 -0.042821 0.391346 -0.117574 0.089212 
-0.008733 0.172058 -0.661481 -0.445942 0.005275 0.185460 0.159687 0.514134 0.052726 0.235197 -0.007363 0.137970 
-0.301810 0.544110 -0.679359 -0.387096 0.214410 0.177018 0.177346 0.455207 0.020100 -0.133614 0.055486 0.210629 
-0.142557 0.488463 -0.866480 -0.595408 0.527439 0.192773 0.197462 0.405767 0.040002 -0.012288 -0.129786 0.106752 
0.024217 0.538958 -1.072476 -0.395808 0.419820 -0.113486 0.302650 0.164150 0.039147 -0.120459 -0.085941 0.223786 
0.229959 0.687962 -1.208843 -0.397558 0.848380 -0.164210 -0.084235 -0.054420 -0.113409 0.043659 -0.006452 0.264524 
0.051404 0.646216 -0.995182 -0.747713 0.746190 -0.016081 0.296871 -0.028157 0.088180 0.222461 -0.263539 0.000211 
0.286998 0.402073 -0.812674 -0.493726 0.495404 -0.103779 0.230593 -0.070290 -0.188130 0.199898 -0.197851 -0.178363 
0.490482 0.476626 -0.752853 -0.737094 0.415998 0.028678 0.643541 0.005849 -0.140387 0.226589 -0.088894 -0.228160 
0.798903 0.487057 -0.603660 -0.696232 0.260858 -0.213845 0.178670 0.002974 0.059731 0.295189 0.056175 -0.314116 
0.805390 0.365597 -0.684236 -0.586379 0.318603 -0.078751 -0.013052 0.082212 -0.096015 -0.034069 0.024341 -0.625367 
0.623326 0.477658 -0.602052 -0.288035 0.235135 -0.129916 0.124230 0.024539 0.146704 -0.028895 0.044945 -0.325465 
0.428619 0.392174 -0.614208 -0.546632 0.725413 -0.096800 0.281038 0.043649 0.140149 -0.184447 0.054457 -0.583203 
0.244561 0.356336 -0.669869 -0.361322 0.753400 -0.071954 0.267963 0.203845 0.069607 0.195251 -0.010301 -0.650776 
0.037080 0.586692 -0.309207 -0.280711 0.632872 -0.184382 0.540045 0.172816 -0.020895 -0.040068 -0.156659 -0.710180 
0.292164 0.464601 -0.524068 -0.210379 0.547949 0.013328 0.318344 0.191378 -0.279705 -0.080217 -0.527412 -0.714508 
0.103378 0.166585 -0.338963 -0.288692 0.308670 0.117222 0.365212 0.323847 -0.274214 -0.086461 -0.349104 -0.455689 
0.048875 0.166308 -0.512893 -0.276621 0.440069 -0.046622 -0.006340 0.306128 -0.141906 -0.236290 -0.382472 -0.429113 
-0.201975 0.352046 -0.322504 -0.458441 0.224709 0.129772 0.033160 0.244547 -0.141108 -0.225979 0.171167 -0.342103 
-0.194605 0.533363 -0.227852 -0.687698 0.502620 0.124072 0.075310 0.220678 -0.036634 -0.250379 0.230734 -0.440573 
0.053318 0.601664 0.012818 -0.585941 0.478378 -0.044592 0.391966 0.157571 -0.046392 -0.331190 0.412699 -0.284482 
-0.306570 0.404447 -0.106307 -0.793570 0.304530 -0.283097 0.447323 0.283786 -0.171448 -0.600596 0.245121 -0.063235 
-0.387799 0.771048 -0.244186 -0.808056 0.365117 -0.222879 0.562155 0.309561 0.089054 -0.615397 0.426224 -0.238888 
-0.348384 0.515190 0.159753 -0.905258 0.173293 -0.329279 0.430805 0.584264 0.102802 -0.860700 0.327391 -0.294880 
-0.570417 0.494945 0.347458 -0.822431 0.293866 -0.143358 0.378823 0.534960 0.240451 -0.758075 0.170327 -0.400846 
-0.531340 0.774594 0.370514 -0.593131 0.371615 -0.223033 0.277531 0.586291 0.024960 -0.935491 0.181433 -0.476733 
-0.544181 1.010651 0.746420 -0.402604 0.324590 -0.411169 0.385463 0.476268 0.035445 -0.640113 0.048968 -0.441404 
-0.635221 0.838839 0.878986 -0.660455 0.851630 -0.374137 0.739489 0.428706 0.078133 -0.714917 -0.089476 -0.494112 
-0.616589 0.633776 0.809522 -0.759188 0.493518 -0.242935 0.923889 0.360772 0.010671 -0.297794 -0.158685 -0.236027 
-0.606177 0.589594 1.000548 -0.479526 0.509650 -0.185347 0.769931 0.208381 0.191872 0.066542 -0.031480 -0.292503 
-0.491913 0.313924 0.874500 -0.152221 0.442032 -0.074506 0.456572 0.198321 -0.173251 0.091237 -0.186996 -0.509484 
-0.054216 0.271737 0.596760 0.123206 0.754072 0.116636 0.306401 0.062483 0.202309 -0.053560 -0.127650 -0.517559 
-0.351920 -0.003582 0.200854 0.161926 0.780053 0.091568 0.291378 0.224693 0.110709 0.093245 0.275945 -0.132959 
-0.131444 0.047321 0.477514 0.011646 0.193108 0.066885 0.038266 0.200526 0.353115 -0.135668 0.086397 0.195168 
-0.177863 0.210953 0.139595 0.106989 0.398178 0.159287 -0.168606 0.380643 0.192382 -0.138377 0.029890 0.161981 
-0.264195 0.247351 -0.052537 -0.034929 0.078833 0.044553 -0.181862 0.506994 0.067151 -0.245201 0.001127 0.056091 
-0.187534 0.364094 0.229410 0.250964 0.061974 0.322363 -0.475617 0.972718 -0.136072 0.023579 0.200443 0.152347 
-0.087494 0.080033 0.267198 0.248264 -0.165672 0.133019 -0.413938 0.556263 -0.177773 -0.109300 0.362305 0.120667 
0.283234 0.164357 0.188577 0.147657 -0.217904 0.130576 -0.433177 0.746800 -0.229386 0.205569 0.223431 0.236169 
0.173962 -0.049984 0.204322 0.023975 -0.366873 -0.112454 -0.167923 0.653502 -0.016082 0.360610 0.260468 0.230389 
0.504179 0.193634 0.001150 0.509477 -0.708024 -0.069041 -0.117308 0.759121 0.000667 0.315550 0.310465 0.051688 
0.382288 0.127900 -0.101841 0.266914 -0.742885 0.491610 -0.135612 0.479156 -0.027932 0.268808 0.664287 -0.018207 
0.221518 0.455516 -0.410517 -0.436037 -0.707443 0.605572 0.011621 0.543477 0.318830 0.203874 0.527591 0.198074 
0.248855 0.163837 -0.730578 -1.309034 -0.380729 1.108644 0.148340 0.436455 0.181118 0.066691 0.562911 0.205011 
0.137904 0.151094 -0.744288 -1.479936 -0.254325 1.208883 0.402478 0.491861 0.137328 -0.272711 0.633054 0.470132 
0.298179 0.162691 -0.759061 -0.956793 0.217405 1.260960 0.417173 0.130094 -0.141024 -0.299902 0.516104 0.149198 
0.657669 0.327940 -0.656463 0.262335 0.480086 0.672327 0.334197 -0.255574 0.141816 -0.614885 0.421654 -0.072864 
0.815756 0.547306 -0.549832 0.654746 0.886546 0.645428 0.074296 -0.063082 0.130971 -0.646991 0.265091 -0.287878 
0.763455 0.118445 -0.323365 0.335892 0.997975 0.194226 -0.289374 -0.059847 -0.104464 -0.869132 0.165937 -0.108527 
0.753607 0.345592 0.024801 0.195866 0.873737 0.146687 -0.464331 -0.047174 0.005593 -0.882931 -0.042645 -0.019965 
0.289968 0.106248 0.406060 0.246425 0.687338 0.458908 -0.816689 -0.247205 -0.321488 -1.188067 -0.266345 -0.353254 
0.085734 0.109255 0.582753 0.069260 0.546303 0.642169 -0.827030 -0.340779 -0.018162 -0.875939 -0.357669 -0.048094 
-0.146575 -0.199692 0.902803 0.183121 0.362859 0.710961 -0.606327 -0.185794 0.245438 -0.150141 -0.741917 0.144600 
-0.340896 0.135726 0.808859 -0.224096 -0.345473 0.584710 -0.340094 -0.255815 0.180311 0.072067 -1.062195 0.488095 
-0.314904 0.047414 0.842124 -0.020021 -0.659757 0.622434 -0.379123 -0.441395 0.006101 0.569400 -1.356075 0.703438 
-0.052306 0.165821 0.749548 -0.141372 -0.751918 0.251532 -0.287238 -0.535688 -0.213491 0.711975 -1.970872 0.590715 
0.088444 0.227236 0.740889 0.144066 -0.926618 0.265919 -0.160603 -0.353854 0.004901 0.623541 -2.215278 0.263823 
0.182742 0.317123 0.629045 0.674430 -0.934959 -0.044498 -0.110793 -0.562192 0.584459 0.547788 -2.128515 -0.252178 
0.398836 0.101383 0.465445 0.669469 -0.948180 -0.248653 0.152345 -0.798763 0.473890 0.551637 -1.968985 -0.429607 
0.541896 0.155644 0.301924 0.682468 -0.888841 0.238266 -0.123668 -0.775110 0.236877 0.615568 -1.502648 -0.521950 
0.222725 0.290017 0.190301 0.665429 -1.025817 0.348083 -0.170933 -0.879756 -0.033086 0.249898 -0.768127 -0.412839 
0.066302 0.375206 -0.425903 0.792111 -1.073837 0.435618 -0.935713 -0.994590 0.099659 0.176638 0.210803 -0.198567 
0.006746 0.268842 -1.041670 0.796049 -0.662663 0.065911 -1.453570 -1.201974 -0.443809 0.338213 0.769415 0.333778 
-0.346025 0.093964 -1.446273 0.386178 -0.899794 0.094926 -1.823892 -1.330858 -0.566892 0.345888 1.224814 0.345697 
-0.611525 -0.203085 -1.621907 -0.216559 -1.061876 0.086217 -1.433721 -1.421404 -0.997755 0.149116 1.162067 1.105878 
-0.822094 -0.315321 -1.426875 -0.915892 -0.796543 -0.233170 -0.528011 -1.530358 -1.258214 0.091832 0.655432 1.458233 
-0.717366 0.082925 -1.006803 -1.397070 -0.579598 -0.509969 -0.293266 -1.269089 -1.629557 0.054076 0.130190 1.376996 
-0.475066 -0.090387 -0.493308 -0.909916 -0.120986 -0.380724 -0.578538 -1.009485 -1.237296 -0.153034 -0.063888 0.811851 
-0.496464 0.044849 0.468203 -0.324413 0.602325 -0.275789 -0.721407 -0.588841 -1.180055 -0.131735 0.085285 0.382812 
-0.347824 0.304534 1.041825 0.516448 0.740119 -0.697809 -0.205346 -0.364071 -0.804364 -0.175707 0.262628 -0.010849 
0.307126 0.265462 0.715963 0.539389 0.618490 -0.352520 -0.066625 -0.296092 -0.552186 -0.124355 0.249263 0.389729 
0.620556 -0.034314 -0.354351 0.262042 0.103141 0.465076 0.163754 0.039930 0.381006 -0.188031 0.590099 0.369325 
0.551093 0.244244 0.123760 -0.500269 -0.298053 1.348170 0.399020 0.704412 0.490291 0.103756 0.528413 0.285902 
0.362222 0.117388 0.467641 -0.341379 -1.020253 1.479785 0.649357 1.131343 1.206991 0.427307 0.049777 0.036972 
1.350310 -0.489615 0.549854 0.004028 -0.936847 0.516835 0.383114 0.556809 1.646854 0.639214 -0.495392 -0.490867 
1.569318 -0.436160 0.243062 0.372999 -0.468348 -0.351892 0.448063 0.236532 1.615076 0.762679 -0.097101 -0.520372 
0.543013 -0.447267 0.342222 0.361617 -0.262890 -1.109902 0.643971 -0.180219 1.655958 0.108514 0.590582 -0.516216 
-0.022886 -0.309965 0.338583 0.262526 0.669682 -1.155266 0.872611 -0.423065 1.721585 -0.601489 0.988442 -0.228332 
-0.464284 -0.645886 0.161813 0.015769 0.632841 -0.511432 0.458866 -0.451735 1.792492 -0.907629 0.796026 -0.058618 
0.012136 -0.326365 0.116118 -0.233048 -0.040321 -0.148019 0.210436 0.299625 1.498751 -0.388247 0.480277 0.321983 
0.405463 0.502035 0.390485 -0.015586 -0.800485 0.292773 0.199610 0.564254 0.859297 -0.013763 0.220951 0.588411 
0.229955 0.758384 0.422212 0.104551 -0.769381 0.581392 -0.355733 0.167827 0.502745 0.297149 -0.243659 0.430221 
0.019728 0.303074 1.189299 -0.040057 -1.039946 0.632385 -1.031184 0.026705 0.099140 0.509301 -0.494439 -0.527822 
0.499609 0.394859 1.704435 -0.298542 -1.475613 0.355176 -1.560215 0.396785 -0.510957 0.694928 -0.093514 -1.221260 
0.100994 0.587034 0.894802 -0.278172 -0.741739 0.145482 -0.813191 -0.375557 -0.184754 0.687530 -0.486900 -1.914220 
-0.579500 0.376175 0.431624 -0.501418 -0.179259 0.060994 -0.024374 -0.728281 -0.191665 0.080896 -0.724455 -1.799013 
-0.927142 0.139036 -0.221471 -0.596693 0.251477 0.096543 -0.020445 -0.580606 -0.352238 -0.557824 -0.436853 -1.336827 
-1.253781 -0.773972 -0.269945 -0.594099 0.368546 -0.054343 0.204170 -0.179301 -0.493486 -0.332558 0.113709 -0.564339 
-0.670837 -1.150161 -0.541948 -1.273016 -0.178422 -0.216403 0.063081 0.384386 -0.388875 -0.292525 0.308154 -0.085444 
-0.462379 -0.810023 -0.753280 -1.458638 -0.164725 -0.624893 0.125459 0.760724 -0.405640 -0.025933 0.658669 0.741609 
-0.324144 -0.352763 -0.650759 -1.215976 -0.206276 -1.359568 -0.215269 1.014346 -0.874548 0.017349 0.726991 1.239916 
-0.023620 -0.222176 -0.605073 -0.657279 -0.083978 -1.817521 -0.699928 1.224034 -0.975380 0.304291 0.974470 1.099968 
0.064474 -0.060237 -0.265640 0.025996 0.443520 -2.005589 -1.285585 1.325431 -0.800385 0.646939 0.967529 0.589947 
0.048423 -0.435609 0.023987 0.298685 1.095780 -1.916050 -1.331317 0.909674 -0.373294 1.249750 0.775212 -0.123608 
0.159845 -0.522432 0.112083 0.889471 1.398622 -1.769772 -1.547130 0.806582 -0.107620 1.410767 0.506466 -0.476791 
0.142820 -0.377443 -0.059085 0.521556 1.391030 -1.641323 -1.335852 0.679972 -0.004996 1.259311 0.453573 -0.652660 
-0.115246 -0.603796 -0.054407 0.446066 1.081447 -1.502690 -1.420001 0.490705 0.327453 1.279761 0.138488 -0.737424 
-0.094103 -0.180823 0.095324 0.331499 0.858902 -1.288304 -0.940942 -0.092761 0.290873 1.028352 0.004527 -0.736399 
-0.313791 -0.012069 0.050968 0.016203 0.702401 -0.793892 -0.512418 -0.183473 0.320965 0.979897 -0.133735 -0.757702 
-0.549692 0.286305 0.173393 0.121602 0.068676 -0.514534 -0.070051 -0.136546 0.231559 0.928744 -0.387331 -0.497578 
-0.575730 0.393974 0.275177 0.330902 -0.093627 -0.444949 0.061502 -0.284011 0.051665 0.659425 -0.560125 -0.436327 
-0.513688 0.100358 -0.027144 0.458790 -0.258328 -0.181364 -0.145508 -0.156198 0.070728 0.661128 -0.305936 -0.270063 
-0.340366 -0.022712 0.117912 0.499647 -0.385493 0.035213 -0.364401 -0.046911 -0.031898 0.478094 -0.017522 0.124249 
0.226287 -0.249704 0.272345 0.657407 -0.331334 -0.048139 -0.271965 0.023838 -0.290547 0.276123 0.067341 0.314543 
0.143909 -0.256517 0.357618 0.630504 -0.067542 -0.119939 -0.064353 0.004202 -0.369095 0.111692 0.420924 0.381845 
0.429508 -0.397319 0.043430 0.408655 -0.094472 -0.039373 0.116340 -0.048948 -0.279172 0.084659 0.560752 0.787948 
0.331900 -0.283517 -0.126414 0.643486 -0.102015 -0.221701 0.235273 -0.229164 -0.239166 0.175282 0.438271 0.481730 
0.083469 -0.189993 -0.149307 0.115463 0.124600 -0.307694 0.701807 -0.082503 -0.163173 0.076884 0.264509 0.607890 
0.033462 -0.020519 -0.085376 0.103037 0.345088 -0.077748 0.855285 -0.014939 -0.257809 -0.029456 0.264591 0.466912 
0.021122 0.098094 0.174426 0.126008 -0.017643 -0.103193 0.850615 -0.219257 -0.225565 -0.157993 0.086531 0.125231 
-0.005250 0.148774 0.149870 0.202608 -0.245392 0.001582 0.712772 0.012197 -0.249139 -0.203262 0.210941 0.125530 
0.046850 0.125924 -0.084187 0.063231 -0.259669 0.062027 0.325822 -0.098425 -0.164472 -0.414313 0.146711 -0.342695 
-0.032638 0.058525 -0.268579 -0.244043 -0.572953 0.332471 0.465003 -0.382102 0.020794 -0.407462 0.068672 -0.110338 
-0.000354 -0.199368 -0.633760 -0.264965 -0.434823 0.295110 0.348792 -0.317171 0.107378 -0.068598 0.260079 -0.506745 
0.087205 -0.218030 -0.945190 -0.254358 -0.338961 0.330113 0.488447 -0.701604 0.194056 -0.084531 0.133387 -0.409786 
-0.223952 -0.447170 -0.767403 -0.247656 -0.141207 0.649108 0.179696 -0.687579 0.167246 -0.220462 0.035004 -0.505959 
-0.335304 -0.348535 -0.681344 -0.105735 0.013796 0.326364 0.312850 -0.322912 0.035598 -0.181896 0.447273 -0.304555 
-0.368364 -0.378731 -0.412157 -0.034809 0.146825 0.171107 0.273077 -0.161087 0.126597 -0.331655 0.514420 0.070512 
-0.164923 -0.618543 -0.148038 -0.222917 -0.116104 0.220116 0.274222 -0.247366 -0.151581 -0.288565 0.383043 0.102865 
0.120494 -0.770036 -0.247588 -0.081774 -0.354627 0.137196 0.761997 -0.097215 -0.065787 -0.501716 0.180490 0.261379 
0.110875 -0.960806 -0.309510 -0.113686 -0.348069 0.109845 0.875517 -0.240192 0.068670 -0.295634 -0.126767 0.145937 
0.238800 -1.070062 -0.238061 0.334172 -0.081435 0.127237 0.618834 -0.218795 -0.078542 -0.202080 -0.062995 0.254678 
0.136666 -0.816482 -0.196206 0.465627 0.072942 0.013607 0.923576 -0.159935 0.028647 -0.250840 -0.083454 -0.052333 
0.378319 -1.005351 -0.282839 0.428333 0.197571 0.138223 0.987011 -0.261066 -0.301440 -0.235292 -0.119746 0.037122 
0.274184 -0.878927 0.032597 0.336602 -0.119706 0.047334 0.782771 0.095597 -0.271516 -0.187164 -0.067990 0.281091 
0.146828 -1.021157 -0.294217 0.113782 -0.038629 0.348556 0.497468 -0.142848 0.112850 -0.032908 -0.070753 0.159885 
0.206432 -0.993569 -0.037895 0.032994 0.029176 0.379704 0.623343 0.036548 0.248699 -0.049011 -0.253703 0.099203 
-0.015303 -0.943623 -0.340113 -0.008761 0.160046 0.111682 0.433785 0.005733 0.307504 0.017701 -0.267472 0.137206 
0.244013 -0.913978 -0.177195 0.195088 0.025941 0.406890 0.623676 0.352590 0.127238 -0.143628 0.058123 -0.114601 
0.117784 -0.932407 -0.289626 0.075554 0.023601 0.172129 0.257316 0.098295 0.062968 -0.040937 0.039136 -0.116713 
0.082921 -0.819790 -0.394478 0.144650 -0.024865 0.176949 0.225083 -0.049095 -0.294896 -0.394784 0.056244 0.190955 
-0.028681 -0.499458 -0.327508 0.187441 0.177542 0.306879 0.292385 0.151995 -0.117440 -0.200871 0.237758 0.180605 
0.026376 -0.412123 -0.178996 -0.107736 -0.029302 0.145991 0.302661 0.122670 -0.122126 -0.226040 0.445996 0.213388 
0.055996 -0.387219 0.070900 -0.168656 0.013783 0.234213 0.517296 0.180883 0.139142 -0.114469 0.388424 0.547993 
-0.137800 -0.479132 -0.037700 -0.429011 -0.040030 0.224124 0.745107 0.123551 0.041745 -0.274742 0.273559 0.622512 
0.194219 -0.239006 0.188089 -0.067995 0.273281 0.246708 0.269445 0.278707 0.163642 -0.050878 0.088195 0.472404 
-0.012639 -0.007480 0.057132 -0.032815 0.243801 -0.025260 0.019965 0.496253 0.034207 -0.187686 0.208982 0.347695 
0.172564 0.106292 0.016696 0.038743 0.246019 -0.153035 -0.064867 0.561829 -0.004442 -0.097696 -0.049251 0.118912 
0.377086 0.029086 0.168532 0.323094 0.739664 -0.065922 -0.028453 0.422736 -0.119848 0.118715 0.103292 0.226401 
0.314276 0.316835 0.382329 0.440724 0.434752 -0.056811 0.180453 0.436846 -0.212523 0.097461 -0.169864 0.039122 
0.281436 0.238501 0.261952 0.373057 0.425268 0.085128 0.193241 0.350491 0.033716 -0.209047 -0.100368 0.242602 
0.062789 0.007736 0.265037 0.392466 0.217883 0.096287 0.085093 0.668324 -0.119107 -0.039861 0.146775 0.258467 
-0.068974 0.004594 0.176444 0.334890 0.183263 0.269167 0.064929 0.323104 0.049227 -0.064863 0.140727 0.423990 
0.065972 0.056657 0.157058 0.298521 0.126703 0.138304 0.066001 0.128753 0.080050 0.070726 0.044027 0.339963 
0.142604 0.157901 0.327208 0.274938 0.064465 0.112921 0.277006 0.087687 0.101945 0.166137 -0.058071 0.608512 
0.144093 0.296011 0.129271 0.051351 0.058747 0.065458 0.359684 -0.137035 -0.023999 0.152967 -0.072378 0.430628 
0.298051 0.232403 0.085391 0.329878 -0.029721 0.148163 0.133839 -0.001374 0.054072 0.075004 -0.162001 0.303201 
0.278714 0.515072 0.406557 0.471723 0.048185 0.319239 0.337915 -0.060198 -0.135801 0.093072 -0.394726 0.287907 
0.367823 0.239270 0.157511 0.598868 0.281985 0.547706 0.052786 0.128424 -0.069738 -0.190339 -0.353682 0.238315 
0.332426 0.380917 0.046533 0.177822 0.299620 0.567255 0.174520 -0.025166 -0.227094 -0.092077 -0.611364 0.351377 
0.337431 0.284594 -0.004145 0.311621 0.182241 0.439224 0.125378 -0.345537 -0.009835 -0.205303 -0.739521 -0.001696 
0.463148 0.345053 0.152917 0.384267 0.089693 0.409255 0.068396 -0.155201 0.165014 -0.115845 -0.824638 0.264985 
0.440838 0.254663 0.186377 0.063598 -0.044961 0.376424 0.236313 -0.319678 0.377156 -0.389640 -0.518446 0.378479 
0.181520 0.420019 0.109389 0.270180 0.156703 0.196916 0.181319 -0.480279 0.346463 -0.234128 -0.404164 0.263133 
0.377147 0.447512 0.252232 0.225528 0.154673 -0.067824 0.034328 -0.209280 -0.158693 -0.446983 -0.080373 0.355014 
0.319616 0.092936 0.099354 0.152738 -0.039108 0.018555 0.081936 -0.458678 -0.045003 -0.120011 -0.181605 0.482537 
0.026878 0.188143 0.373801 -0.000417 0.077566 0.060581 -0.210590 -0.595812 -0.101815 -0.034854 -0.148202 0.224526 
0.161304 -0.066066 0.272574 -0.077945 -0.228917 0.260557 -0.398848 -0.506538 0.025523 -0.133487 -0.195854 0.023215 
-0.043601 -0.044807 0.321505 0.266937 -0.227432 0.403635 -0.305996 -0.326162 0.033905 -0.286196 -0.223904 -0.208738 
-0.025904 -0.130507 0.935052 0.590897 -0.507871 0.217722 -0.640997 -0.500165 -0.104346 -0.293065 -0.213837 -0.071773 
-0.409720 0.111437 0.691147 0.466562 -0.688291 0.005928 -0.266232 -0.515338 0.017693 -0.282172 -0.107940 0.183046 
-0.507738 0.139585 0.735389 0.577427 -0.725931 -0.262067 -0.463662 -0.012000 -0.285894 -0.202370 -0.106483 0.012084 
-0.856351 0.126526 0.836226 0.602861 -0.764399 -0.265754 -0.618320 -0.135490 -0.019801 -0.175115 0.084317 0.082970 
-1.226428 -0.336259 0.342160 1.154012 -0.569508 0.021397 -1.069636 0.050807 -0.087187 -0.143110 0.262795 -0.436949 
-1.782405 -0.568439 0.407628 1.760080 -0.748509 0.458140 -1.329178 0.037658 -0.056084 -0.056279 0.335565 -0.991262 
