0.413852 -0.627315 -0.485180 -0.182890 1.719159 1.892389 1.352036 -1.142964 1.810439 0.460911 -0.166285 -0.019366 -0.000127 0.647353 0.515400 0.267853 
0.424427 -1.125858 0.515268 -0.270485 -1.424398 0.594827 0.513007 0.250214 -1.508617 -1.506568 0.271756 -1.802966 0.133212 0.010650 0.122851 -1.749488 
-0.015676 -1.206104 -0.592078 1.247755 -0.468859 1.567307 1.858225 -0.027666 -1.127197 -1.206903 0.086136 -0.080381 0.287427 1.796183 -0.118379 -0.473123 
0.259027 -0.177773 0.486661 -1.833170 -0.873561 0.817981 -0.053924 -0.125993 0.516227 1.232561 0.111258 -1.477676 -0.797897 -0.188063 -0.388955 -2.217714 
-0.643760 0.594342 0.545025 -4.393085 -0.692244 -1.423043 -0.198588 0.311173 -4.620333 2.068733 -0.545725 -7.094306 -3.936867 -0.134115 -10.593526 -10.910300 
-1.316642 -0.321558 0.378451 0.864894 0.662425 -0.900637 -1.237447 -0.571027 -1.147987 1.624872 -0.068175 -0.971979 -1.424403 0.411910 -0.310303 -4.176756 
0.090661 0.334581 -0.140915 -0.726243 -1.192722 0.649128 -0.748579 -0.191596 -0.638780 -2.548025 0.179901 0.180483 1.810158 0.262195 -0.638105 -0.579547 
0.648506 -0.977416 -0.007131 2.473364 -0.161825 0.746722 0.897063 0.235571 -0.764705 -0.724800 0.493345 -0.809531 -2.775903 0.390874 -3.978785 -0.417735 
-0.134237 0.742812 0.329519 -1.017312 -0.587276 -6.351969 -3.986354 0.664679 -0.140670 0.258559 -0.361681 0.606120 0.100320 -2.991654 -0.857446 0.340626 
-1.814985 0.442634 0.586571 0.846294 0.225526 0.363486 0.508245 -0.121209 -2.054025 -0.585967 0.093724 -0.938431 -0.187107 0.947414 0.663871 -1.292051 
0.375621 -0.639207 0.798452 -2.292117 0.794501 0.041730 -3.229025 0.404440 -1.471871 1.622909 0.352845 -1.103115 -2.989751 -0.742818 0.223871 -0.029030 
0.694366 0.299795 0.362403 1.045432 -0.396032 -1.419600 -0.300227 0.675152 -1.202276 -1.947469 -0.083934 -0.586743 -0.251958 -0.586501 -0.755206 1.589376 
