-0.486252 -0.316873 0.170618 1.391815 1.591606 0.127864 0.646627 -1.315009 -0.123485 -0.640977 -0.654964 -0.723191 -0.692456 0.123033 -2.655477 -0.211870 
-1.559582 0.074451 0.069857 0.975052 0.227322 -0.068058 0.567036 0.018460 -0.662467 -1.498689 0.065537 -0.021247 1.185474 0.766634 0.510934 -0.649303 
-0.868464 -0.739326 -1.052026 -1.937046 -2.790199 1.698433 0.542020 -1.015892 -3.413614 1.689340 -0.525578 -2.701935 -2.712594 0.331553 -10.099893 -15.029948 
0.563427 -0.346388 0.715463 -0.602770 -1.188968 0.297861 0.707666 -0.033706 -0.018726 -2.326623 0.374262 0.419684 0.267166 0.638193 -0.031859 -0.646767 
0.276564 0.467077 0.646479 0.362976 -6.657987 -3.339370 -2.061681 0.686140 -6.647094 -0.078321 -0.178544 0.624354 -3.969185 -0.739295 -0.071305 -4.954380 
0.143318 0.342484 -0.440379 -1.102805 0.213753 -6.145536 -3.302028 0.114478 0.700660 0.421599 -0.470259 0.650455 0.611763 -2.586374 -0.807345 0.245013 
-0.649115 -0.569650 0.462837 -2.430692 0.975209 0.097740 -2.667593 -0.352190 -1.072251 1.335384 -1.470172 -0.900733 -1.772399 -1.888182 0.081128 0.042694 
-2.003477 -0.564049 0.312626 0.812047 0.637805 0.592898 -0.465092 -0.119378 -2.521431 1.811363 0.237385 -2.855305 -0.319784 0.708921 0.283419 -3.874351 
0.187302 0.576257 0.333361 -2.358002 -3.608505 0.984830 0.707452 -0.212641 -0.743620 -1.263549 0.374638 -0.019992 0.315559 0.461960 -1.717322 -0.865191 
0.339233 1.128301 -0.031457 0.207136 -0.569641 -0.851236 0.388793 0.253929 -0.731411 -2.358114 -0.314677 0.317013 0.949445 -0.718949 0.071671 0.954496 
0.891910 -0.178917 -0.071698 0.012639 -1.686430 -0.488749 0.837693 0.869343 -0.464340 -0.210223 0.580871 0.186425 -1.146526 1.095026 -0.797223 0.379691 
0.085302 -0.683962 0.199767 1.616425 0.146890 1.075006 0.695794 -0.119037 -1.426987 -0.249229 0.336961 -1.548315 -3.539486 -0.145689 -4.298606 -1.108944 
0.332838 -1.222872 0.045220 -0.864413 -0.173367 0.945506 -0.348701 -0.414783 0.308931 1.273547 -0.185667 -1.005760 -4.758504 0.238644 -0.874323 -0.073093 
0.519426 -0.990802 0.498696 -0.046371 -1.349121 -0.370778 -0.104981 0.254259 -1.321704 0.677702 0.505515 -0.587860 -0.710639 0.034730 -0.115406 -0.894806 
