-0.395238 0.480321 -0.244636 -0.910811 0.145725 -0.471319 -0.484123 -0.364069 0.572682 -0.137045 -0.973855 0.933712 0.372667 -1.054637 -0.998799 0.413385 
-0.184496 -0.012057 -0.193356 -0.224763 0.153216 -0.571974 -0.211393 -0.336579 0.113454 0.219653 -0.941870 1.019265 0.292085 -1.036487 -0.501225 0.313887 
-0.228053 -0.090556 -0.369328 0.285497 0.142982 -0.650715 -0.292503 -0.477521 0.338803 0.194237 -0.964387 0.672138 0.116690 -1.117940 -0.205449 0.013055 
-0.187109 -0.139384 -0.663153 0.049573 0.318461 -0.421844 0.096787 -0.303456 0.228533 0.224470 -0.908982 0.649994 0.096278 -0.855064 -0.046261 0.107967 
-0.178860 -0.149404 -0.528883 0.099581 -0.014572 -0.206507 0.050260 -0.581870 0.431964 0.256151 -0.722541 0.789099 -0.142452 -0.687557 -0.248489 0.054387 
-0.118647 -0.153130 -0.156258 -0.098538 -0.153074 -0.286843 -0.038646 -0.559105 0.325309 0.297372 -0.243885 0.631809 -0.539272 -0.507394 0.020477 -0.162759 
-0.077228 0.027369 -0.071191 0.112169 -0.330003 0.012453 -0.196761 -0.200371 0.393550 0.193568 -0.066209 0.344609 -0.236112 -0.408467 -0.064289 -0.156294 
0.041503 0.111654 -0.039519 0.258968 -0.309533 -0.079976 -0.044131 -0.294426 0.105388 0.073466 -0.184384 0.566534 -0.120281 -0.229547 0.253896 0.005949 
-0.212695 -0.192451 -0.013875 -0.062172 0.091397 -0.144719 -0.362915 -0.336269 -0.146076 0.379883 0.004278 0.490280 -0.318644 -0.121894 0.282815 -0.219662 
-0.139028 -0.320389 -0.085129 -0.117297 0.347374 -0.127912 -0.247461 -0.193473 -0.030791 0.408028 -0.190714 0.391452 -0.232783 0.069332 0.288320 -0.150885 
-0.207823 -0.365759 -0.131800 0.204423 0.457771 -0.069730 -0.093054 -0.152437 0.004612 -0.162162 0.182735 0.600306 -0.048380 -0.060130 0.046673 -0.164841 
-0.329908 -0.422576 0.352592 -0.058187 0.201996 0.089661 0.247380 -0.083465 0.097229 -0.260581 0.121377 0.435144 -0.403832 0.047701 -0.091559 -0.153264 
-0.121551 -0.581080 0.632697 -0.094239 -0.129677 -0.025447 0.199849 -0.139564 0.217117 -0.367438 0.071690 0.072300 -0.248808 -0.007924 -0.154950 -0.282329 
0.027491 -0.445277 0.499133 -0.138626 -0.117767 -0.122040 0.133278 -0.146814 0.054318 -0.127349 0.060507 0.071359 -0.314393 0.021729 0.103201 -0.620547 
-0.114470 -0.380539 0.193778 -0.355241 -0.130924 -0.263912 0.328314 0.092406 -0.098741 -0.105416 0.094124 0.082577 -0.525900 -0.220176 0.076830 -0.489030 
0.097891 -0.292854 -0.161262 -0.054947 -0.287844 -0.209272 0.140236 0.125213 0.097004 0.291161 0.138633 0.027733 -0.718694 -0.034993 -0.001575 -0.720176 
0.170567 -0.362900 -0.182181 0.172650 -0.238329 -0.374475 -0.073851 0.185672 0.257074 0.340703 0.255837 0.284977 -0.761205 -0.160766 -0.197009 -0.824820 
0.277573 -0.565045 -0.051950 0.341884 0.105033 -0.340795 -0.235101 0.382313 0.024227 0.164126 0.274466 0.250998 -0.383064 -0.010107 -0.207671 -0.803098 
-0.204288 -0.623920 0.038736 0.501714 0.268105 -0.207995 -0.121588 0.287704 0.487869 0.232480 0.375548 0.364115 -0.492189 -0.099323 -0.083754 -0.722792 
-0.252620 -0.465440 0.020943 0.182400 0.030974 -0.323490 -0.135135 0.225431 0.196353 -0.268971 0.352346 0.376851 -0.374265 -0.015860 0.138666 -0.889758 
-0.446401 -0.002553 -0.324394 -0.112040 0.231584 -0.144814 -0.422129 0.237901 0.285615 -0.480314 0.539496 0.139648 -0.479488 -0.186426 0.336396 -1.114576 
-0.412341 0.097093 -0.369962 -0.305254 -0.063238 0.008099 -0.306316 0.265554 0.460164 -0.645144 0.534497 -0.031169 -0.486483 -0.672589 0.160572 -1.159506 
-0.308602 0.013098 -0.198172 -0.284359 -0.046642 0.133956 -0.544352 0.210054 0.372139 -0.783266 0.449335 -0.098526 -0.396318 -0.586972 -0.135894 -0.923440 
-0.171734 -0.024414 0.264422 -0.261210 -0.067984 -0.038006 -0.839574 0.435818 0.149692 -0.585518 0.461635 0.052584 -0.483458 -0.571425 -0.063573 -0.646303 
-0.124770 -0.149362 0.357917 -0.138428 -0.442846 0.015408 -0.880018 0.183144 0.061913 -0.646838 0.302454 -0.360049 -0.407285 -0.204436 -0.203798 -0.637331 
-0.228602 -0.157557 0.273901 0.185307 -0.450018 -0.067758 -0.460126 -0.441599 -0.093085 -0.298205 0.215620 -0.046082 -0.615464 -0.164796 -0.127690 -0.704856 
-0.180333 0.018219 0.183688 0.044388 -0.416235 -0.307756 -0.630824 -0.517898 -0.124897 -0.293226 0.079280 0.279114 -0.358373 0.351986 0.171065 -0.760582 
-0.261966 -0.022218 0.077639 0.219804 0.052306 -0.323897 -0.401853 -0.148809 -0.258428 -0.354810 0.295801 0.513602 -0.381813 0.210212 0.135239 -0.647051 
0.080129 -0.250828 0.152378 0.285226 -0.033359 -0.375127 -0.268295 0.049092 -0.152555 -0.428538 0.293646 0.425302 -0.234407 0.104221 -0.269576 -0.611113 
0.122900 -0.432361 -0.207720 0.071090 -0.238893 -0.033444 -0.201785 -0.261707 -0.342071 -0.158433 0.385336 0.082495 -0.234141 0.025318 -0.081056 -0.645713 
0.127504 -0.328818 -0.304151 0.003348 -0.160746 -0.320262 0.176546 -0.105664 -0.366208 -0.524934 0.169850 0.059975 -0.251318 -0.038049 0.006101 -0.588505 
0.208224 -0.172106 -0.276501 -0.233465 -0.023292 -0.240670 0.160571 -0.239724 -0.307556 -0.688689 0.168740 0.199261 0.055434 0.171017 0.074657 -0.973744 
-0.008588 -0.319233 0.140582 -0.127212 -0.052975 0.007424 -0.093615 -0.260803 0.019788 -0.916727 0.053828 -0.245636 0.039921 0.090172 0.145307 -0.736462 
0.213301 -0.649522 0.332152 -0.047748 0.040778 0.111380 0.118172 0.023307 -0.198404 -0.568230 0.130696 -0.138068 -0.133668 0.072072 0.159858 -0.266233 
0.108583 -0.343920 0.361940 0.013522 0.111786 0.267374 0.222452 -0.049491 -0.105971 -0.677209 0.667606 -0.224075 0.059827 0.013975 -0.009337 -0.376604 
0.122721 -0.406408 0.551342 0.202067 0.152910 -0.037420 0.280934 0.754495 -0.055916 -0.419161 0.998966 -0.095410 0.238415 -0.222931 0.054786 -0.389885 
0.098353 -0.509885 0.607507 0.102611 0.200085 -0.073882 0.079195 1.180664 -0.148882 -0.499145 0.976941 -0.185522 0.485729 -0.376899 -0.057590 -0.323113 
0.149090 -0.433716 0.812964 0.099599 0.487842 -0.121399 0.169983 0.988974 0.091134 -0.549509 0.721587 0.011780 0.522691 -0.399337 -0.163672 -0.208559 
0.134834 -0.310590 0.751912 0.102703 0.547437 0.030761 0.209091 0.966317 -0.289546 -0.449744 0.865883 0.074967 0.833255 -0.620076 -0.112115 -0.131575 
0.388155 -0.290254 0.121216 0.210656 0.417828 0.283999 0.401894 0.881983 -0.232191 -0.621144 0.712678 0.025424 0.616445 -0.638205 -0.167708 -0.174119 
0.386859 -0.213287 0.109708 -0.124016 0.264357 0.496857 0.104757 0.593757 -0.498343 -0.450188 0.910006 0.052337 0.645243 -0.742940 -0.300061 -0.034531 
0.289971 -0.385139 -0.133962 -0.382310 0.457146 0.666088 0.259871 0.741013 -0.237770 -0.604240 0.728135 -0.161752 0.677594 -0.587823 -0.272263 0.050242 
0.367946 0.133525 -0.100230 -0.272739 0.056736 0.481924 0.016469 0.713512 -0.151833 -0.767315 0.838881 -0.110382 0.800408 -0.840746 -0.192594 0.058379 
0.254421 0.182534 -0.163247 -0.068253 0.278622 0.396458 0.056201 0.792343 0.274984 -0.742961 0.598425 -0.153732 0.844125 -0.541047 -0.290118 0.186625 
0.427863 0.294707 -0.153953 0.057128 0.071888 0.122296 -0.218459 0.761309 0.469725 -0.615304 0.477058 -0.030824 0.535816 -0.588930 -0.172795 0.340972 
0.547636 0.290278 -0.222329 0.151140 0.157788 0.167131 0.109011 0.526383 0.379130 -0.644473 0.540428 0.069403 0.709222 -0.375473 -0.171422 0.528836 
0.450998 0.291064 -0.307032 0.453264 0.147919 -0.109312 0.110312 0.333008 0.127155 -0.322951 0.389343 0.435421 0.430297 -0.511149 0.043792 0.559391 
0.560233 0.388851 -0.249066 0.564292 0.206337 -0.323192 0.050274 0.255319 0.081278 0.030392 0.192164 0.252801 0.349530 -0.265592 0.041369 0.525396 
0.442953 0.183781 -0.642449 0.375372 0.058920 -0.232830 -0.122426 0.203349 -0.136532 0.431674 0.193762 0.320941 0.543631 -0.626318 0.208911 1.014754 
0.444965 0.144593 -0.316122 0.133051 0.182894 -0.169121 0.045660 -0.014259 -0.337749 0.515982 -0.209686 -0.030190 0.261516 -0.404580 0.052162 0.929830 
0.178953 0.226384 -0.386139 0.100091 -0.088886 0.041169 0.143791 -0.380217 -0.161713 0.529936 -0.643737 -0.161997 0.613820 -0.168554 0.114640 1.241869 
0.226026 0.268056 -0.037590 -0.132256 -0.294387 0.069574 -0.166961 -0.376086 -0.158184 0.920391 -0.723932 -0.119578 0.508298 0.142778 0.031232 1.511972 
-0.158619 0.532597 0.083631 0.127497 -0.332233 -0.134217 -0.286140 -0.033040 -0.145254 0.896361 -0.726797 -0.192389 0.438161 0.563512 -0.217216 1.425494 
-0.232936 0.279414 0.062491 0.129153 -0.300840 0.193922 -0.636384 -0.099497 -0.217776 1.100175 -0.777536 -0.169445 0.489968 0.278666 -0.154968 1.550695 
-0.056719 0.298543 0.308113 -0.122614 -0.504313 -0.241792 -0.442008 -0.050430 -0.348318 1.180049 -0.766494 -0.101905 0.230824 0.246662 -0.018634 1.504846 
-0.099053 0.267029 0.633246 -0.075129 -0.421394 -0.400806 -0.209540 -0.144129 -0.414761 0.754409 -0.872788 -0.382710 0.106970 0.006790 0.003319 1.483960 
0.027489 -0.079984 0.687246 0.155563 -0.199997 -0.734438 -0.290264 -0.327819 -0.183700 0.839999 -1.060939 -0.097785 -0.002923 -0.015606 0.132109 1.340723 
0.244297 -0.191638 0.688802 0.098928 -0.244774 -0.742932 0.042222 -0.196990 -0.503656 0.621549 -0.656533 -0.554693 -0.025760 -0.219398 -0.000659 0.866963 
0.619824 -0.392699 0.699198 0.035861 -0.348035 -0.475542 -0.136341 -0.236998 -0.732469 0.916102 -0.529231 -1.313397 -0.106851 -0.719984 0.263427 0.517788 
0.765587 -0.630426 0.915862 -0.096561 -0.593862 -0.431894 -0.312167 -0.089098 -0.868045 0.838613 -0.644727 -1.343735 -0.228517 -0.735664 0.292765 0.075995 
0.856868 -0.415102 0.997455 -0.363422 -0.466218 -0.190285 -0.198812 0.141728 -0.976902 0.596544 -0.705445 -0.622737 -0.440911 -0.465441 0.345435 0.406839 
0.437914 -0.438480 1.070900 -0.141467 -0.001703 -0.174022 0.054503 0.363672 -1.282704 0.237596 -0.613579 -0.027159 -0.381380 -0.496782 0.193053 0.579221 
0.381067 -0.110103 0.816139 0.165261 0.450107 -0.306970 0.109104 0.203389 -1.218481 0.053105 -0.964164 0.089483 -0.237237 -0.469758 0.172941 0.871617 
0.209465 -0.151456 0.703157 -0.075138 0.878887 -0.042946 0.032486 -0.229141 -0.942976 0.238025 -0.729521 -0.102419 -0.230606 -0.245939 0.093741 0.671133 
0.337230 -0.032415 0.621056 -0.300951 1.058847 0.273352 0.052746 -0.560282 -0.954604 -0.036683 -0.605341 -0.294858 0.030763 -0.436333 0.158405 0.459356 
0.419767 -0.151458 0.520937 -0.489671 0.668881 0.316250 -0.232252 -0.883788 -0.875552 0.097590 -0.789444 -0.220071 -0.046809 -0.404946 0.103136 0.016192 
0.324936 -0.121368 0.054115 -0.393631 0.892476 0.663102 -0.475941 -0.641038 -0.206236 -0.104898 -0.806257 -0.285660 -0.038266 -0.118418 0.407096 -0.417350 
0.053691 -0.198677 -0.169390 -0.483078 0.840887 0.458633 -0.371361 -1.058682 0.096773 -0.134149 -0.862757 -0.120530 -0.501706 -0.053702 0.692666 -0.445413 
-0.310046 -0.061264 -0.363736 -0.590632 0.307976 0.189955 -0.881308 -0.751335 0.497770 -0.029586 -0.496848 0.028164 -0.328263 0.157109 0.682240 -0.431208 
-0.162265 0.447426 -1.207351 -0.685774 -0.003482 0.170376 -1.016721 -0.615057 0.838768 0.121524 -0.492334 0.434414 -0.188351 -0.080020 0.570477 -0.826875 
0.076843 0.422162 -1.853898 -0.550868 -0.372960 0.014315 -0.862430 -0.329694 0.959346 0.433906 0.029972 0.431072 -0.074512 0.097106 0.281551 -0.782836 
0.219662 0.702475 -2.209849 -0.317387 -0.730534 -0.246870 -0.592588 -0.022831 1.073806 0.348162 0.031622 0.399312 -0.114230 -0.087251 -0.232053 -0.784272 
-0.048547 0.436184 -2.754431 0.253596 -0.858813 -0.153727 -0.488624 0.046974 0.512752 -0.233300 0.364414 0.138011 0.157454 0.470397 -0.443151 -0.654554 
-0.038900 0.539865 -2.428619 0.923602 -0.417862 -0.290913 -0.067104 0.218344 0.338371 -0.301436 0.528592 0.083188 0.303664 0.416014 -0.988463 -0.253813 
0.190705 0.439736 -1.944395 1.014510 -0.237784 -0.170947 0.279055 0.058252 -0.080755 -0.383472 0.656351 -0.177375 0.254750 0.120244 -1.123103 -0.178770 
0.504675 0.312305 -1.106022 0.820955 0.353065 -0.098563 0.411671 0.111327 -0.018220 -0.467199 0.763740 0.122388 0.272464 0.052791 -1.170181 -0.127403 
0.346321 -0.415437 -0.201314 0.590390 0.573797 0.111266 0.980270 -0.625509 0.193726 -0.180727 0.758566 0.004872 0.036047 -0.033828 -1.467693 0.062116 
0.509914 -0.754555 0.356793 0.137084 0.649035 -0.005618 1.022591 -1.386868 0.145345 0.764649 0.554016 -0.195767 -0.526492 0.357680 -1.213859 0.372595 
0.126606 -0.955464 0.558918 -0.403451 0.371794 -0.519643 0.764565 -1.839630 0.663116 1.335524 0.661533 -0.633925 -1.222659 0.054472 -0.860214 0.472993 
-0.020216 -1.226760 0.985081 -0.900555 0.056349 -0.608191 0.430009 -0.686906 0.811388 1.259887 0.878260 -0.970484 -1.840140 -0.445184 -0.342352 0.287177 
-0.150730 -1.143411 0.684642 -1.162667 0.348005 -0.223614 0.395335 0.405902 0.602375 0.552737 1.053051 -1.541612 -1.922698 -0.702397 0.179910 0.010161 
-0.386770 -0.322096 0.448444 -1.400208 0.648788 0.160033 0.018915 1.095701 -0.317740 0.038338 1.083243 -1.319136 -1.714371 -0.344910 0.532097 -0.197260 
-0.748676 0.279608 0.291514 -1.190621 1.059446 0.364351 -0.174863 0.454980 -0.238422 -1.468795 0.704749 -1.117590 -1.103195 0.076124 0.693093 -0.051077 
-0.925082 0.897377 0.159195 -1.166624 0.967853 0.356741 -0.038902 0.140135 -0.830389 -1.564564 0.341180 -0.283967 -0.184627 0.243836 1.050498 0.411741 
-0.959275 0.860890 0.091633 -0.591546 0.799751 0.403385 -0.038002 0.086351 -0.896478 -0.823936 0.224270 0.050522 0.271683 0.585865 1.334824 0.452042 
-0.656411 0.621504 0.116805 -0.125067 0.242065 0.164313 0.272387 -0.232559 -0.841523 -0.177442 -0.185116 0.041772 0.333954 0.254031 0.963692 0.717451 
0.228275 0.483742 0.414112 0.698209 -0.558409 0.117252 0.351014 0.018932 -0.403828 0.575478 -0.332823 0.476502 0.080311 -0.065967 0.613244 0.947999 
1.292659 0.480409 0.453633 0.379066 -1.293476 0.488206 -0.077522 -0.002434 0.302667 0.678647 -0.252698 0.665782 0.817953 0.059028 0.978914 0.858557 
1.199174 0.328602 0.020724 0.209757 -1.651247 0.842113 -0.054562 0.209995 0.475131 0.816724 -0.089816 0.151672 0.896900 0.240244 1.352527 0.371059 
0.474921 0.345418 0.444150 1.254537 -2.063383 0.756080 0.298019 -0.184914 0.538274 0.359614 -0.171105 -0.623698 0.438009 0.000497 1.013114 -0.266694 
-0.710618 0.118596 0.446876 1.950818 -2.066987 0.775415 0.486346 0.101844 0.435984 0.381409 -0.020560 -0.568120 0.464452 0.107851 0.580358 -0.022877 
-0.842910 0.102001 0.051841 1.872816 -1.953420 0.592512 0.603565 0.630764 0.456653 -0.157114 -0.363058 -0.015625 1.186499 0.334305 0.486585 0.270327 
-0.317630 -0.070228 -0.012434 1.385189 -1.737227 0.309145 0.963883 0.824811 0.483006 -0.384778 -0.682836 0.415545 0.965200 0.142110 0.388863 0.479469 
0.121633 -0.130712 0.443253 1.243893 -1.548898 -0.048997 1.306021 0.704047 -0.044147 -0.521246 -0.529818 0.321123 0.449022 -0.233623 -0.266873 0.611902 
0.563203 -0.193400 0.587672 1.439180 -0.809270 -0.507181 0.534450 0.519909 -0.021444 -0.133882 -0.534725 0.192472 0.466115 0.103273 -0.299749 0.992716 
0.581041 -0.189006 0.166359 1.275652 -0.227064 -1.058453 -0.275466 0.413917 -0.266320 0.148428 -0.022130 -0.032922 0.453882 0.570237 0.086938 0.948503 
0.616440 0.074600 -0.611834 0.516592 0.072795 -0.751644 -0.554254 -0.116692 -0.278736 0.301932 0.618835 -0.594053 -0.041032 0.357556 0.154460 0.205799 
-0.362156 0.830624 -1.011944 -0.066474 0.172741 0.459481 -0.604298 -1.076375 0.131112 0.037819 0.913029 -1.490501 0.038387 -0.047928 -0.679274 -0.746856 
-1.098178 1.643138 -0.257846 -1.024940 0.342476 1.805108 -0.953977 -1.606806 0.633622 0.011676 0.980512 -1.228310 0.683385 0.526251 -1.105956 -0.259748 
-0.331287 1.089002 0.225801 -1.313939 0.132352 1.591472 -0.491428 -0.917403 0.791479 -0.435986 0.742604 -0.777167 0.055118 -0.219939 -0.925475 -0.412066 
0.487529 0.284879 0.187052 -1.240429 -0.077518 0.583459 0.408571 -0.209995 0.703321 -0.737687 0.794664 -0.591334 -0.384429 -0.912039 0.002299 -0.722806 
0.839895 -0.624904 0.664665 -1.311801 -0.248725 -0.206739 1.024733 0.201423 0.494012 -0.533307 0.653074 -0.547930 -0.089355 -1.187944 0.538070 -0.626482 
0.316574 -0.875703 0.831840 -1.036661 -0.391047 -0.598807 1.093989 0.280622 0.661453 -0.410329 0.301799 -0.845308 0.252789 -0.894179 0.465005 -0.516641 
-0.051605 -1.207225 1.060416 -0.466912 -0.687503 -0.690927 0.813761 0.179784 1.115937 0.149484 0.156350 -0.940482 0.386225 -0.500012 -0.214447 -0.399363 
-0.357399 -0.772675 0.803979 0.127793 -0.714002 -0.936364 0.766693 0.460644 0.766220 0.587026 -0.292244 -0.638907 0.364505 -0.584413 -0.136167 -0.032611 
-0.872768 -0.803500 0.445492 0.140121 -0.481759 -1.164520 0.453742 0.137545 0.784385 1.516085 -0.342464 -0.206724 0.313593 -0.423728 -0.426824 0.478597 
-1.391944 -0.658120 0.234619 0.283420 0.095943 -0.743449 0.218128 -0.104748 0.490830 1.734304 -0.416979 -0.073495 0.389473 -0.336034 -0.360929 0.582375 
-1.634111 -0.323394 0.170080 -0.035677 0.323578 -0.570145 -0.291436 -0.471142 0.736081 1.470267 -0.336119 0.438210 0.551848 0.358015 -0.528874 0.670251 
-1.672246 0.420234 -0.127204 0.146252 0.338044 -0.181028 -0.420595 -0.967509 1.123191 1.062151 -0.253718 0.617195 0.351428 0.572312 -0.399132 0.554508 
-1.649191 0.615245 -0.017248 0.042018 0.863328 0.085989 -0.547493 -1.370547 1.012225 0.576133 -0.283738 0.786143 0.209005 0.799851 -0.151347 0.272730 
-1.630288 0.806800 0.193680 0.120023 0.922255 0.032118 -0.371414 -1.494019 0.648365 0.190507 -0.241990 0.641626 0.009221 0.699240 -0.079207 0.199393 
-1.338525 0.763616 0.339065 0.062368 0.826816 -0.013766 -0.320262 -1.490535 0.591696 0.073459 -0.199588 0.300528 -0.112615 0.220880 -0.144623 0.053257 
-1.225726 0.787990 0.708454 0.005993 0.369018 0.076200 -0.410250 -0.849357 0.599585 -0.457708 -0.142283 0.040179 -0.192530 -0.362010 0.029403 -0.112804 
-1.009263 0.727941 0.441566 -0.539290 0.097026 0.249604 -0.545556 -0.524057 0.593932 -0.479547 -0.374232 0.064942 -0.090566 -0.219070 0.092370 -0.239416 
-0.531520 0.874517 0.090404 -0.442946 -0.321533 0.051823 -0.671108 -0.070954 0.796900 -0.747891 -0.407501 -0.070871 -0.134896 -0.491561 0.669194 0.036700 
-0.162236 0.854447 -0.116084 -0.414745 -0.297602 0.212960 -0.631440 -0.105760 0.464341 -0.617794 -0.610416 -0.175518 0.027934 -0.208430 0.506535 -0.007092 
-0.043491 0.833863 -0.109033 -0.226781 -0.079725 -0.116919 -0.722069 -0.143983 0.240870 -0.512132 -0.449790 -0.212878 0.136159 -0.101431 0.225323 -0.154770 
-0.054488 0.768558 -0.271081 -0.394853 0.044154 0.071759 -0.447899 -0.270835 0.042480 0.001418 -0.284539 0.234736 -0.073263 0.304946 -0.172973 0.418811 
-0.047888 0.888301 -0.320961 -0.431682 0.192747 0.224659 -0.296655 -0.358076 -0.056909 0.207026 -0.325361 -0.030916 0.194835 0.530665 -0.294451 0.490934 
-0.025555 0.550574 -0.317528 -0.169056 0.307020 0.259870 0.073820 -0.028509 -0.352693 0.187181 -0.476154 0.065422 -0.001272 0.821301 -0.653018 0.822773 
0.131526 0.837969 -0.363467 -0.197496 0.276914 0.541216 0.133470 0.077338 -0.370795 0.120145 -0.353635 0.253580 0.138957 0.986570 -0.807304 0.851706 
-0.154888 0.966499 -0.483086 0.039208 0.170048 0.302140 0.310486 0.264060 -0.471842 0.143290 -0.362854 0.347672 0.056770 0.942198 -0.901845 0.695614 
-0.384821 0.977512 -0.812802 0.248502 0.267332 0.441354 0.313977 0.428765 -0.517502 -0.162795 -0.196126 0.255461 -0.101800 0.978058 -0.395028 0.439316 
-0.419330 1.237110 -1.262106 0.079645 0.442292 0.227962 0.198837 0.487857 -0.868816 -0.116671 -0.001337 0.062298 0.012717 0.833303 -0.223206 0.209120 
-0.285663 1.126297 -1.358052 -0.035296 0.319462 0.297163 0.194898 0.546699 -0.829624 -0.151033 0.106130 0.017854 0.455656 0.663269 0.344804 -0.236605 
-0.093772 0.911017 -1.401239 0.040515 -0.020050 0.220024 0.030475 0.306624 -0.548987 -0.206540 0.016781 0.470203 0.409573 0.446008 0.236309 -0.311763 
-0.057456 0.475158 -1.164771 0.168690 -0.231534 0.137822 0.080358 0.268504 -0.334125 -0.337532 0.014607 0.286740 0.054274 0.093387 -0.114749 -0.080347 
-0.156667 0.241210 -0.913664 0.091453 -0.487359 -0.164100 0.262951 0.160801 -0.357275 -0.064629 -0.336409 0.388014 -0.032204 -0.164776 -0.006249 -0.154341 
0.246748 0.059160 -0.396807 0.319569 -0.380465 -0.523593 0.600233 0.174997 -0.488802 -0.008210 -0.215065 0.031285 -0.175102 -0.260630 -0.083900 -0.001039 
0.218883 0.174625 -0.251744 0.179597 -0.190247 -0.360437 0.332481 0.266567 0.022254 -0.114072 -0.421116 -0.087811 -0.400474 -0.299708 -0.018512 0.058459 
0.336160 -0.005199 -0.012170 0.072221 -0.021432 -0.557639 0.413510 0.052696 -0.141407 -0.289316 -0.718493 0.346344 -0.477714 -0.170889 -0.234083 0.054354 
0.514841 -0.229156 0.372344 -0.038865 0.026356 -0.460833 0.407649 -0.056562 -0.061022 -0.146819 -0.584429 0.242795 -0.391128 -0.028448 -0.243495 0.283673 
0.151247 -0.243400 0.560946 0.019860 0.124805 -0.174005 0.119606 0.065157 0.111941 -0.406405 -0.382738 0.247993 -0.187778 -0.139648 0.037314 0.222417 
-0.032458 -0.514732 0.550230 0.285812 0.135975 -0.170601 0.177674 -0.085538 -0.113981 -0.181805 -0.608670 0.271195 -0.186448 0.007806 0.020126 0.019935 
-0.212159 -0.628901 0.624281 0.186620 0.143351 -0.093635 -0.017803 0.247814 -0.270564 -0.202136 -0.188637 0.430092 -0.190947 0.013200 0.057882 -0.421106 
-0.354241 -0.424281 0.364307 0.222599 0.195826 0.032259 0.235431 0.355330 -0.370685 -0.239479 -0.287700 0.053379 0.173765 0.020363 0.205052 -0.464352 
-0.112412 -0.207467 0.505442 0.096314 0.069336 -0.024011 0.070729 0.676753 -0.218489 -0.084600 -0.321590 0.431965 0.034142 -0.049465 0.178627 -0.738771 
-0.206653 -0.354490 0.616110 -0.276594 0.142598 0.088603 0.333247 0.559890 -0.574240 0.045898 -0.099976 0.381601 -0.372988 -0.132814 0.292988 -0.738483 
-0.115182 -0.168325 0.798242 -0.061953 -0.077778 -0.058377 -0.053132 0.601465 -0.749840 0.313769 0.020373 0.267351 -0.334592 -0.120067 0.320623 -0.811355 
-0.448024 -0.405970 0.657919 0.237738 0.295852 0.049680 0.025321 0.462996 -0.643935 0.468601 -0.114380 0.310498 -0.361290 -0.263586 0.197835 -0.344144 
-0.031312 -0.341593 0.709457 0.132205 0.433896 -0.110915 -0.200460 0.266377 -0.305279 0.306104 -0.139752 0.256185 -0.584389 -0.013019 -0.031043 -0.196902 
0.045417 -0.416400 0.610498 0.053283 0.640405 0.014660 -0.342773 0.419983 -0.376258 -0.003507 -0.125470 -0.097140 -0.415162 -0.091706 -0.094365 -0.047846 
0.210197 -0.372848 0.565724 0.193042 0.490405 0.105605 -0.087138 0.238880 -0.131802 -0.196519 -0.160010 -0.083525 -0.527637 -0.014613 -0.161696 -0.008454 
0.017551 -0.427517 0.544159 0.010192 0.038451 -0.056541 -0.196429 0.012904 -0.115042 -0.074234 -0.008393 -0.104307 -0.224943 -0.028626 -0.023546 0.006445 
0.112779 -0.070293 0.370000 -0.121832 -0.156230 0.043921 -0.299603 0.237801 -0.151585 -0.067593 -0.173875 -0.335561 -0.351718 -0.090372 -0.022391 -0.081734 
-0.179289 -0.318489 0.247887 0.085780 -0.384021 -0.032915 0.150258 0.126429 -0.075179 -0.105505 -0.256857 -0.467760 -0.372440 -0.091237 -0.232168 -0.148591 
0.051583 0.028457 0.339615 -0.112279 0.024178 -0.209688 -0.212558 0.335289 -0.068294 -0.222398 -0.183902 -0.314059 0.006309 0.277540 -0.052089 -0.179298 
0.267070 -0.177706 0.159697 0.080580 0.162157 -0.240231 -0.074520 0.267348 -0.270849 -0.214350 -0.204530 -0.332667 -0.011034 0.437048 0.280781 -0.049779 
0.155179 -0.169216 -0.125839 0.168204 0.533570 -0.270235 0.054004 0.550572 -0.003603 -0.121593 -0.127947 -0.458915 0.301288 0.214367 0.216558 -0.218049 
0.209636 -0.005066 0.145947 0.108835 0.390584 -0.405894 -0.379323 0.382329 -0.168330 0.047387 -0.131978 -0.355168 0.243686 0.309295 0.200674 -0.057969 
0.125725 -0.176036 0.281545 0.034363 0.544729 -0.050076 -0.146468 0.339623 -0.202095 0.169605 0.089584 -0.237801 0.324490 0.584639 0.031136 -0.104979 
-0.074909 -0.111495 -0.115513 0.191778 0.175737 0.023075 -0.263085 0.379031 -0.189585 0.241039 0.263861 -0.008339 0.475212 0.331981 0.204128 -0.175596 
-0.168581 0.046705 0.137195 -0.053204 0.035466 0.100883 -0.132069 0.248810 -0.228439 0.294314 -0.020633 0.126776 0.355250 0.398954 0.197536 -0.073591 
-0.103703 -0.039266 0.390294 -0.059142 0.043647 0.178431 0.222703 0.313476 -0.428336 0.137861 -0.065288 0.166196 0.530258 0.551554 0.166372 0.197036 
0.039279 -0.004576 0.378774 -0.186252 -0.218748 0.223739 -0.064795 0.103741 -0.125755 0.276364 -0.122453 0.104157 0.305850 0.635566 0.134828 -0.020994 
0.283778 -0.104947 0.516569 -0.419351 -0.241226 0.351880 0.063431 0.210977 -0.001769 0.047188 0.013355 0.068920 0.502327 0.508532 0.003006 0.178638 
0.186158 0.074747 0.382833 -0.234791 -0.254318 0.477664 -0.106317 0.154551 -0.101162 0.086530 0.342933 -0.359579 0.411526 0.515711 0.011880 -0.023134 
0.408051 0.105044 0.370914 -0.132502 0.088271 0.205888 0.244458 0.131056 0.167311 0.060962 0.019258 -0.075440 0.302283 0.452962 -0.089094 -0.070191 
0.400721 0.195139 0.302540 0.181786 0.652654 0.158828 0.511697 0.187614 -0.110562 -0.139450 -0.023227 -0.171316 0.140581 0.105368 0.012545 -0.157798 
0.135668 0.085992 0.417429 0.279112 0.837527 -0.012662 0.295778 0.435839 0.140083 0.022363 0.346802 -0.024694 0.253791 0.383360 -0.036175 -0.137193 
0.040544 0.171079 0.409706 0.108654 0.654605 0.118634 0.331884 0.302426 -0.130296 -0.058180 0.336311 -0.066273 0.353355 0.227249 -0.035077 -0.262234 
0.262758 0.027685 0.252410 0.230310 0.177488 0.119529 0.323707 0.402914 0.016102 0.041476 0.138061 0.005557 0.466436 0.327479 -0.199190 -0.111028 
0.430705 -0.098477 0.127493 0.062836 0.035816 0.083562 -0.012270 0.301385 -0.211917 0.149720 0.395298 0.063860 0.326896 0.275670 -0.127476 -0.329113 
0.276884 0.049914 0.089071 0.060265 -0.014795 0.211912 0.237709 0.334071 0.121046 0.072670 0.222584 0.192526 0.168489 0.497404 -0.120607 -0.120442 
0.507420 0.180671 0.086514 -0.333981 -0.021683 0.151988 0.095039 0.221642 0.184979 0.118304 0.122808 -0.232836 -0.114953 0.714688 0.177968 -0.267102 
0.406523 0.294787 -0.478826 -0.230062 0.053154 0.206731 0.319871 0.302026 0.052699 -0.183693 0.035366 -0.472348 -0.037786 0.666852 0.190132 -0.384422 
0.323883 -0.082819 -0.547028 0.169353 0.091924 0.383544 0.194850 0.413793 0.071312 0.152495 -0.047341 -0.389416 -0.192028 0.416757 -0.071621 -0.225377 
0.389307 -0.119218 -0.369022 0.224891 0.015127 0.175854 0.112683 0.378125 0.007617 0.098829 -0.147246 -0.699018 0.106786 0.384005 0.084282 -0.200971 
0.032625 -0.341941 -0.330098 0.173563 -0.012330 0.122150 0.262130 0.358670 -0.081056 0.131572 0.214731 -0.268927 -0.089649 0.678141 0.066246 0.071508 
0.040668 -0.288779 -0.091505 -0.060409 -0.164321 0.135210 0.193604 0.356132 0.028132 0.182795 0.369810 -0.116748 0.064217 0.848150 0.211582 -0.032977 
0.132985 -0.138091 -0.067314 0.112191 -0.246873 0.338647 0.364860 0.264681 -0.186647 0.236404 0.298347 -0.384560 0.077866 0.229657 -0.175408 -0.103477 
0.315201 -0.139495 -0.279116 -0.107946 -0.241343 0.207576 0.209439 0.287850 0.316385 -0.013788 0.296113 -0.252250 -0.015820 -0.133037 -0.307986 -0.078817 
0.248615 -0.206389 -0.472555 0.137657 -0.053327 0.339786 0.072486 0.116819 0.148871 0.190600 0.231957 0.046533 -0.242469 -0.415996 -0.187346 0.211187 
0.155965 -0.162483 -0.736377 0.105886 -0.024368 0.476173 0.042560 0.089610 -0.118680 0.017047 0.179996 -0.170217 -0.122408 -0.228944 -0.410855 -0.013444 
0.513174 -0.389846 -0.573072 -0.170539 -0.138675 0.321143 -0.081712 -0.096538 -0.085667 0.012712 0.284653 0.061280 -0.176225 -0.020411 -0.235550 0.038520 
0.314505 -0.229705 -0.560271 0.090353 0.098764 0.133617 -0.386677 -0.059467 -0.174634 -0.208429 0.457666 -0.023753 -0.281949 0.225197 -0.054800 0.033518 
0.207254 -0.391347 -0.603973 0.032119 0.202641 -0.099920 -0.243252 -0.447216 -0.147270 0.029762 0.412710 0.358118 0.169120 0.437533 0.354717 0.149471 
0.395116 -0.198824 -0.844747 -0.077713 0.154247 0.200528 -0.181841 -0.778346 -0.028170 -0.380516 0.391437 0.769799 -0.194235 0.547182 0.191039 0.062956 
0.647421 -0.345968 -0.793670 -0.137840 -0.061353 0.282769 0.151142 -1.204248 0.041175 -0.379440 0.116999 1.184268 -0.358586 0.915786 -0.107291 0.071385 
1.109512 -0.215965 -0.242863 0.020685 -0.263909 0.668916 0.305431 -1.419823 0.132385 -0.790754 -0.260214 1.748641 -0.803593 1.136608 -0.543036 0.152623 
