-1.300241 -0.312280 0.584081 1.380007 0.415341 0.444156 0.036409 -0.380543 -1.392741 0.821261 -0.123282 -3.586744 -0.585372 0.672642 -0.242357 -13.683620 
-1.714975 0.144549 0.087713 -0.199997 1.305770 0.320414 -0.484050 -1.152714 -1.185031 -0.298136 -0.895309 -0.595432 1.569502 -0.290799 0.383899 -0.128085 
-0.569229 -0.973990 0.145348 -0.801236 1.154977 1.353729 -0.821517 -0.804011 -1.505999 2.401295 -0.766071 -2.339081 -3.785336 0.162488 -3.240399 -1.193024 
0.047877 0.269035 0.195813 -2.078727 0.641619 -6.545630 -3.233465 0.259827 0.618452 0.497952 -0.148148 0.153462 0.245043 -3.028763 -0.770085 0.404607 
-0.129119 0.531707 0.247109 -0.740090 -3.743007 -2.893305 -2.349101 0.550778 -9.191634 0.601404 -0.441878 1.182383 0.353507 -0.729291 -0.022806 -4.378643 
-0.358636 -0.705104 -0.716627 1.043144 0.257232 1.105127 -0.169596 -0.124604 0.640572 0.305488 0.290034 0.231955 -0.253124 1.582417 0.186760 -0.791838 
-0.458177 1.041278 -0.868640 -1.016597 0.134383 0.363548 0.291467 -0.447084 0.214383 0.953712 -0.658224 0.263970 0.536429 0.576021 0.037106 0.173809 
-0.086480 0.262614 -0.157314 -1.011276 -0.832828 0.921742 0.195820 0.035451 -0.945992 -3.139640 0.274120 0.320416 1.114326 0.787948 0.574719 -0.650349 
-1.100648 0.023457 0.626570 0.911227 -0.829439 -0.670368 -0.409552 0.870941 -2.113489 -0.046863 0.272088 0.337333 -0.445977 0.344973 0.327263 -2.061709 
0.473706 0.228646 0.054667 0.985907 1.166292 0.401369 1.209312 -0.705555 0.690262 -1.777909 0.623317 -1.134766 -3.834980 0.367690 -0.279326 -0.048723 
0.863599 -0.831237 0.555550 0.007565 -0.444608 0.376451 1.075807 0.203712 -0.711009 -0.822827 0.702737 -1.920494 -0.335216 -0.173743 0.240097 -3.899565 
0.272224 0.065728 0.188524 -3.014826 -3.646110 1.286767 0.767491 -0.368768 -0.999291 0.036524 0.228026 -1.383995 -0.448845 0.603449 -1.258885 -0.206442 
0.987068 -0.620470 -0.623966 1.954865 -1.244228 -1.161977 0.946758 0.303128 0.214341 -0.953118 0.232928 0.675363 -0.296654 -1.042304 -1.711860 -1.083769 
0.599445 -0.499518 0.474713 -0.902648 -2.312887 -0.170071 0.072320 0.218436 -0.292054 0.320891 -0.229354 -0.433685 -0.762428 -1.107388 -0.600170 -1.874916 
0.301269 0.236645 0.508044 1.202599 -0.462674 -3.037827 -2.003109 -0.187785 -0.228282 -0.728734 -0.491007 0.430502 0.478585 -1.926031 -0.514532 0.361913 
0.311226 -0.433936 0.500288 -1.900969 -0.838038 0.606501 0.165388 0.872656 -1.049686 -0.179419 0.202043 -0.467546 -1.712365 0.593462 0.603944 1.142715 
