-0.112536 1.388785 -0.002080 -0.566293 -0.184340 -1.058826 0.320870 -0.733159 0.743373 -0.876578 -0.705222 -0.573876 -0.025636 0.084743 1.332449 -0.535616 0.694508 -1.185603 
-0.412649 1.139151 0.357029 -0.547298 -0.155948 -0.684743 0.224086 -0.222007 0.609205 -0.704570 -0.396291 -0.274158 -0.038604 0.216335 1.120705 -0.669730 0.565631 -0.904836 
-0.436800 1.308582 0.173522 -0.147392 -0.213582 -0.694244 0.062577 -0.131889 0.733332 -0.822113 -0.294354 -0.047218 -0.197395 -0.001623 0.881136 -0.652513 0.260129 -0.758242 
-0.224123 0.980913 0.109188 -0.368468 -0.303810 -0.581856 0.062787 -0.145249 0.547987 -0.633617 -0.525872 0.027720 0.030103 -0.226390 0.687796 -0.915706 0.114374 -0.951187 
-0.211529 1.091032 0.193466 -0.038681 -0.233149 -0.470961 0.163575 -0.537694 0.562774 -0.520440 -0.389807 -0.101512 -0.129666 -0.392426 0.806788 -0.962761 -0.000452 -0.795975 
-0.058827 1.150411 0.198313 -0.243505 -0.026163 -0.316265 -0.149754 -0.336594 0.535265 -0.062238 -0.440433 -0.025862 -0.374107 -0.502725 0.977555 -1.074368 0.300412 -1.027658 
-0.205464 0.766200 0.290086 0.012946 0.105131 -0.210136 -0.178962 -0.141718 0.179050 0.082805 -0.507587 0.010692 -0.601461 -0.330353 0.782549 -0.927200 0.410902 -0.840619 
-0.282703 0.963846 0.029464 -0.214493 0.022363 -0.319333 0.025497 0.068031 0.038951 0.068881 -0.399905 0.161084 -0.365709 -0.558302 0.833265 -1.073490 0.378107 -0.870517 
-0.202378 0.681781 0.019264 -0.465215 -0.070227 -0.095264 0.294427 0.113138 -0.043905 0.354222 -0.249042 0.057952 -0.125780 -0.408324 0.622407 -0.861669 -0.009690 -0.646520 
-0.380438 0.452062 0.134834 -0.327867 -0.112961 0.162846 0.409256 -0.287493 -0.055356 0.246481 -0.123223 0.141200 0.281349 -0.310037 0.770691 -0.562681 0.075921 -0.876306 
-0.367980 0.569530 0.353272 -0.315690 -0.206596 0.254813 0.074071 -0.095574 -0.208009 0.256255 -0.017114 0.005809 0.089481 -0.350879 0.735634 -0.638583 0.066147 -0.535470 
-0.280526 0.725838 0.478876 -0.389641 -0.440961 0.056924 -0.010136 -0.321263 -0.035587 -0.037604 -0.248420 -0.033919 0.130376 -0.462797 0.955383 -0.556118 0.040961 -0.642294 
-0.293075 0.763453 0.574623 -0.039190 -0.216407 -0.182083 -0.069336 -0.433748 0.065010 -0.017913 -0.075140 -0.151717 0.215628 -0.387017 0.660954 -0.416750 0.185166 -0.457617 
-0.233523 0.480277 0.582767 -0.024423 -0.188417 -0.257006 -0.379248 -0.278325 0.158807 -0.130614 -0.080620 -0.214807 0.480038 -0.595802 0.265116 -0.426971 -0.238316 -0.589973 
-0.449452 0.520591 0.555562 -0.021662 0.006339 0.057033 -0.287693 -0.408712 0.114264 -0.297823 -0.051735 -0.183673 0.802850 -0.413686 0.171765 -0.249677 -0.267425 -0.314695 
-0.229981 0.505561 0.421150 0.041953 -0.159071 -0.010346 -0.229696 -0.451725 0.120926 -0.346190 0.097423 -0.251339 0.475560 -0.482977 0.106422 -0.208496 -0.211038 -0.340737 
-0.227186 0.151441 0.647770 0.191539 -0.085837 0.379949 -0.415521 -0.313102 0.072962 -0.264713 0.197902 0.115101 0.050793 -0.315506 0.163277 0.043394 -0.020578 -0.252680 
-0.477249 0.212149 0.358417 0.272878 0.060082 0.380605 -0.262312 -0.126701 0.145582 -0.133311 0.087776 0.068244 -0.261463 -0.184867 -0.006518 0.340088 -0.136383 -0.365551 
-0.384435 0.043394 0.464251 -0.014431 -0.071455 0.329993 -0.545735 -0.278104 0.136639 -0.287100 0.149050 -0.068168 -0.194427 -0.093791 -0.020682 0.476254 -0.428805 -0.453380 
-0.059493 0.059910 0.538333 -0.081110 0.115782 -0.006803 -0.625093 -0.143300 0.401177 -0.200178 0.352630 0.252279 -0.271334 -0.390735 -0.269343 0.462561 -0.745505 -0.503428 
-0.145841 -0.026781 0.444795 -0.193392 0.132566 0.158452 -0.535341 -0.208566 0.134567 -0.095209 0.374113 0.092418 -0.103618 -0.537134 -0.133979 0.388032 -0.939928 -0.321891 
-0.274556 0.079930 0.151338 -0.116563 0.126075 -0.096233 -0.569004 0.011300 0.048309 -0.245039 0.160318 -0.018751 -0.010884 -0.822963 -0.555089 0.370466 -0.874888 -0.389560 
-0.081230 0.087924 0.113865 -0.277777 -0.035044 0.066091 -0.761464 -0.229717 0.164782 -0.364437 -0.035099 -0.097660 0.170228 -0.660919 -0.765261 0.349639 -0.970315 -0.381038 
-0.218065 0.558739 -0.147396 -0.029505 -0.252390 0.057236 -0.810352 -0.060019 -0.055697 -0.234300 0.051764 -0.271617 0.479809 -0.594833 -0.910856 0.604330 -0.833455 -0.203438 
-0.365375 0.520512 0.041897 -0.177803 -0.108424 -0.212419 -0.781612 0.027077 -0.158650 -0.201451 -0.042743 0.067581 0.504785 -0.496990 -1.168942 0.389556 -0.987498 -0.553534 
-0.367701 0.502843 -0.012609 -0.230999 -0.103484 -0.359938 -0.489101 -0.124605 -0.366227 -0.149511 0.083858 -0.111626 0.517432 -0.554472 -1.470360 0.429367 -0.825654 -0.579899 
-0.447140 0.477076 -0.236466 -0.138411 -0.068498 -0.243559 -0.330929 0.078531 -0.082328 0.139987 0.235967 0.010948 0.427179 -0.281569 -1.277523 0.399393 -0.748993 -0.544894 
-0.384734 0.541569 -0.055055 -0.046148 -0.166946 -0.089317 -0.217820 -0.280598 -0.375100 0.306402 0.470643 0.017085 0.283611 -0.343773 -1.102678 0.328455 -0.777385 -0.265837 
-0.161114 0.520847 -0.284727 -0.094166 -0.118378 -0.129945 -0.333533 -0.396088 -0.359817 0.128896 0.567600 0.058006 0.440254 -0.043163 -0.817197 0.453566 -0.713526 0.057084 
-0.199463 0.526077 -0.218971 0.321375 -0.387343 0.070853 -0.509540 -0.304652 0.031395 0.055965 0.287740 -0.051234 0.404915 0.219539 -0.755621 0.272641 -0.642049 0.457635 
-0.149923 0.461590 -0.038576 -0.004420 -0.204461 -0.315547 -0.354136 -0.584649 -0.407722 0.185964 0.175417 -0.059338 0.335283 -0.120344 -0.870437 0.341037 -0.459207 0.227626 
-0.071281 0.150381 -0.038640 0.107555 -0.332005 -0.449637 -0.223359 -0.372151 0.026227 0.383716 0.064045 0.027258 0.125762 0.102080 -0.853200 0.196702 -0.261954 0.539320 
-0.149676 0.127616 0.018255 0.093793 -0.400143 -0.418786 -0.245779 -0.555009 -0.167381 0.428963 0.331851 0.054715 0.042699 0.050135 -0.995546 0.177843 0.085664 0.762555 
-0.061055 0.033787 -0.165784 0.066610 -0.192606 -0.066398 -0.441235 -0.178140 -0.273153 0.282932 0.381098 0.012017 -0.100454 0.093692 -0.936526 0.099231 0.229590 0.869744 
0.097156 0.125349 -0.175380 0.277314 0.115897 0.266225 -0.461177 0.123203 -0.379983 -0.168291 0.390069 -0.129732 -0.302562 0.319299 -0.550514 0.138384 0.561532 0.873702 
0.028939 -0.124755 -0.082680 0.142409 -0.164169 0.223240 -0.394739 0.001964 -0.260415 -0.385112 0.244936 -0.087243 -0.656525 0.316598 -0.549042 0.601047 0.178815 0.648409 
-0.163109 -0.093705 0.158081 0.266666 -0.339082 0.371666 -0.365644 -0.008776 -0.011607 -0.550909 0.067174 -0.143535 -0.699700 0.485901 0.031272 0.629358 0.230259 0.931788 
-0.196046 -0.317105 0.250015 0.248878 -0.359806 0.109863 -0.311257 -0.230060 0.002039 -0.684424 0.153912 0.178768 -0.643077 0.732988 -0.108796 0.876987 0.133456 0.723197 
-0.117223 -0.522083 0.425304 0.323808 -0.497751 0.123398 -0.059689 -0.359638 0.299916 -0.667979 0.319504 0.113779 -0.423276 0.783280 0.007540 0.866360 0.578092 0.863998 
0.099484 -0.310031 0.484446 0.580148 -0.420458 -0.002572 -0.132514 -0.365730 0.364877 -0.914178 0.147435 0.032903 -0.382312 0.848474 -0.277568 0.766519 0.464995 0.823716 
0.216968 -0.572402 0.546861 0.623079 -0.550727 0.018671 -0.172188 -0.010861 0.185563 -0.866328 0.209853 0.072847 -0.343575 0.764561 -0.249338 0.856125 0.416921 0.583689 
0.210424 -0.750725 0.261783 0.488474 -0.421613 0.074127 0.016051 -0.110559 0.127098 -0.824280 0.014661 0.197460 -0.566624 0.539926 -0.041709 0.825591 0.379092 0.709238 
0.205323 -0.644399 0.436491 0.431481 -0.108964 0.005917 -0.165223 -0.150560 0.226709 -0.632834 -0.161196 -0.001013 -0.511310 0.239944 -0.051597 0.883539 0.354527 0.459965 
0.314736 -0.596437 0.178769 0.098686 -0.003660 0.053613 0.110041 0.162158 0.039270 -0.720441 -0.147026 0.134939 -1.039948 0.302510 0.362937 0.809791 0.741261 0.761981 
0.131838 -0.526473 -0.095652 0.195350 0.180189 0.161443 0.314670 0.059992 -0.000154 -0.641404 -0.014780 0.167307 -0.922994 0.372801 -0.066570 0.881047 0.849634 0.580575 
0.386313 -0.544507 0.082537 0.003719 0.243789 0.395343 0.239362 0.061277 0.039921 -0.478884 0.115126 0.370758 -0.907653 0.192526 0.214748 0.835343 1.064242 0.423455 
0.554731 -0.824149 -0.119549 0.214019 0.219646 0.305127 0.405433 -0.025222 0.130391 -0.508290 0.092628 0.177161 -0.893782 0.398595 0.330197 0.647219 0.768851 0.461482 
0.572692 -0.952934 -0.640308 0.257907 0.111225 0.253974 0.409759 0.007157 -0.029744 -0.371874 -0.315238 0.292053 -0.776510 0.298022 0.127855 0.456797 0.604078 0.572825 
0.581287 -0.818334 -0.824766 0.113740 0.147171 0.050174 0.652071 0.264240 0.202319 -0.222686 -0.099515 0.182663 -0.512723 0.354671 0.244822 0.590780 0.170820 0.777645 
0.287393 -0.870965 -0.678488 0.148518 0.171800 -0.343994 0.568228 0.337972 0.250075 -0.087329 -0.390862 0.198217 -0.094209 0.509552 0.325214 0.529289 -0.141782 0.697285 
0.445034 -0.705627 -0.753952 0.342901 0.318240 -0.340090 0.603538 0.643046 0.064029 0.235216 -0.186506 0.182860 -0.184568 0.540179 0.065982 0.179075 -0.166942 0.765744 
0.325950 -0.887105 -0.823070 0.354656 0.222970 -0.178475 0.844882 0.834940 0.276526 0.473947 -0.330225 -0.126666 -0.391758 0.853346 0.103933 0.316112 -0.122462 0.728964 
0.385430 -1.233114 -0.891415 -0.071087 0.399894 0.246482 0.561704 0.966367 0.215801 0.664834 -0.198438 -0.019197 -0.074171 0.584814 0.271636 0.384601 -0.299583 0.672043 
0.374235 -1.032751 -0.904587 -0.275398 0.313246 0.340532 0.556971 1.238793 0.313195 0.658336 -0.279973 -0.123592 -0.038494 0.801070 0.487365 0.559170 -0.399799 0.547587 
0.370954 -1.020791 -0.947250 -0.216413 0.321136 0.263406 0.693502 0.907364 0.442730 0.702855 -0.273616 0.058891 0.532595 0.655365 0.761551 0.519160 -0.476368 0.551360 
0.230503 -0.863511 -1.157823 -0.291216 0.214433 0.137972 0.868627 0.878810 0.414564 0.695690 -0.359835 0.012063 0.595678 0.778750 0.279284 0.321131 -0.376443 0.566132 
0.305208 -0.904591 -0.891423 0.137697 0.091846 0.234026 0.797608 0.989773 0.597730 0.433825 -0.412134 0.002825 0.848441 0.690727 -0.036653 0.207254 -0.588388 0.782188 
-0.130647 -0.767947 -0.501752 0.610696 -0.238680 0.490058 0.229065 1.360034 0.129901 0.096623 -0.126831 0.351911 0.642347 0.533792 0.074713 0.187273 -0.557894 0.445331 
-0.276797 -0.496911 -0.168213 0.634489 -0.473566 0.575260 -0.639056 1.974703 0.077198 -0.158603 0.121831 0.284492 0.670372 0.629841 -0.215336 0.170518 -0.481121 0.376126 
-0.451803 -0.501701 0.194600 0.926462 -0.739677 0.641698 -0.720782 2.138741 -0.020636 -0.185072 0.257427 0.034285 0.707813 0.586019 -0.061057 -0.131315 -0.398104 0.370236 
-0.194210 -0.465412 0.058862 0.877661 -0.929643 0.462503 -0.474401 1.965620 0.136717 -0.137972 0.014204 -0.004338 0.528429 0.276592 -0.289006 0.262622 -0.203791 0.469318 
0.325522 -0.722392 -0.612963 0.825406 -0.871089 -0.067396 0.177993 1.355415 0.597848 0.024065 -0.311994 -0.101115 0.302650 0.356051 -0.378339 0.157335 -0.046360 0.206540 
0.604371 -0.839784 -0.828126 0.897151 -0.675821 -0.330314 0.489518 0.768066 0.399832 0.167813 -0.615348 -0.046179 0.615782 0.297206 -0.522143 0.255800 0.077755 0.053116 
0.419756 -0.912614 -0.676343 0.509383 -0.275160 -0.393157 0.760866 0.694789 0.505312 0.149909 -0.689435 0.086356 0.749752 0.370693 -0.670505 0.073422 0.174067 -0.027108 
0.640199 -1.064611 -0.570541 0.357473 -0.139621 -0.733361 0.478444 0.310199 0.416866 -0.028007 -0.526675 -0.146972 0.846976 0.218965 -0.312145 0.071363 0.009277 0.114601 
0.130297 -1.194012 -0.658227 0.525446 0.135552 -0.801263 0.542628 -0.296696 0.019640 0.252823 -0.486953 -0.347311 0.548158 0.107859 -0.516891 -0.122340 -0.099924 0.086909 
-0.447138 -1.299314 -0.424757 0.415044 0.330666 -0.978807 0.113450 -0.417377 -0.203302 -0.089493 -0.219765 -0.390072 0.249454 0.119544 -0.570203 -0.030498 0.075182 0.185158 
-0.783363 -0.883957 -0.354814 0.463147 0.452759 -0.704004 -0.018609 -0.424942 -0.355238 0.082679 -0.125834 -0.157873 0.283406 0.253589 -0.426820 -0.370358 -0.282026 0.107415 
-1.359504 -0.401954 0.245532 0.327309 0.627795 -0.399804 -0.296511 -0.208994 -0.449546 -0.034372 0.221686 -0.430758 0.139962 0.287883 -0.091701 -0.169208 -0.254299 0.019225 
-1.186222 -0.277648 0.398794 0.055763 0.704353 0.202478 -0.283280 -0.179999 -0.466578 0.131036 0.620863 -0.358271 0.018396 -0.016868 0.271176 -0.595343 -0.376771 0.094898 
-0.766930 -0.285668 0.114236 0.007599 0.778201 0.575168 -0.439713 -0.311056 -0.503659 0.249079 0.850338 -0.446183 0.285531 -0.229829 0.145821 -0.561825 -0.638036 -0.035873 
0.063419 -0.297728 0.141079 0.068724 0.921368 0.872349 -0.371563 -0.579261 -0.240139 0.095074 0.628296 -0.213023 -0.084567 -0.671646 -0.024982 -0.140938 -0.372582 -0.209785 
0.448409 -0.289939 -0.152850 -0.148383 0.701684 0.510137 0.075075 -0.446487 0.029183 0.391898 0.429382 0.123477 -0.412444 -0.807536 -0.007337 -0.074916 -0.504759 -0.217864 
0.468316 0.283673 -0.016505 -0.095389 0.566575 0.512758 0.209864 -0.825042 -0.027975 0.402081 0.546290 0.336800 -0.137738 -0.966225 -0.237881 -0.150039 -0.170182 0.098238 
0.506930 0.224943 -0.041996 -0.046072 0.150167 0.231873 0.473716 -1.095912 -0.527431 0.199288 0.643181 0.408792 -0.060712 -1.009228 -0.386422 -0.104098 0.173007 -0.074138 
0.091628 0.496359 -0.208813 0.194973 -0.403720 -0.027968 0.558306 -1.402507 -0.072755 0.324000 0.662639 0.105395 -0.210162 -0.965027 -0.431171 -0.267076 0.916636 -0.012613 
0.313500 0.363608 -0.154085 0.020237 -0.509621 -0.828842 0.395637 -1.316469 -0.164781 0.560536 0.682366 -0.204400 -0.365764 -0.900109 -0.844490 -0.351585 1.265976 0.232837 
0.253377 0.160067 -0.693022 0.053177 -0.384940 -0.751594 0.305543 -1.085264 -0.271389 0.417942 1.103885 -0.573754 -0.200905 -0.645735 -1.023764 -1.010436 1.636466 0.099382 
0.281878 0.569665 -1.102847 -0.090761 -0.451384 -0.515450 0.120122 -1.066343 -0.400684 0.102328 1.318325 -0.676004 -0.142308 -0.280562 -0.954299 -1.444404 1.624557 0.028683 
-0.287129 0.522063 -1.203921 -0.422827 -0.541414 0.167712 -0.382897 -0.234588 -0.530539 -0.233885 1.689258 -1.209728 -0.684883 -0.255911 -0.535361 -1.650746 1.422385 0.194283 
-0.643340 0.279002 -1.010814 -0.304292 -0.236388 1.100125 -0.539165 -0.321953 -0.877964 -0.906004 1.600235 -1.380340 -0.535771 -0.333209 0.070279 -1.184002 0.752956 0.226007 
-0.717983 -0.092218 -0.379344 -0.037704 0.095850 1.126604 -0.698889 -1.042579 -0.781605 -0.890352 1.039122 -1.397655 -0.137215 -0.342109 0.691804 -0.515302 0.160839 0.041161 
-0.956167 -0.464673 -0.385451 -0.023275 0.520580 0.565545 -0.576537 -1.794205 -0.646552 -0.624398 0.519193 -1.322379 0.005140 -0.127485 0.609578 -0.288376 0.057306 -0.105351 
-0.894809 -0.574442 -0.363076 0.140214 0.435007 0.140130 -0.588331 -2.318702 -0.656356 -0.050752 -0.284063 -0.909691 0.204353 0.156627 0.435580 0.101200 -0.169662 -0.203030 
-0.763065 -0.342610 -0.487445 -0.244937 0.183917 -0.253505 -0.202215 -1.326436 -0.234057 0.216287 -0.515611 -0.153878 0.803608 -0.141666 0.304481 0.482194 -0.011434 0.208523 
-0.327305 -0.128186 -0.716787 -0.232995 0.266436 -0.482718 -0.313364 -0.012559 0.075766 0.009198 -0.361266 0.633387 0.836785 -0.295308 -0.285662 0.350200 -0.014929 0.047283 
0.149222 -0.004873 -1.059141 -0.174114 0.483502 -0.391312 -0.609945 0.617016 0.429172 -0.270570 -0.418093 1.309004 0.956495 -0.150931 -0.185807 0.198608 -0.049105 0.276501 
-0.260693 0.577378 -0.285921 0.100530 0.345198 -0.280253 -0.825428 1.012222 0.739363 -0.015178 -0.080787 1.401634 0.500337 0.275976 0.167786 0.385335 0.146524 0.350174 
-0.663237 0.886120 0.310258 0.313256 0.255541 -0.194917 -0.356707 0.966366 0.139114 0.151446 -0.153695 1.743442 0.221713 0.255254 0.361982 0.551800 -0.027681 0.215024 
0.448007 0.254582 -0.156710 -0.115070 0.434387 -0.459253 0.477232 1.006602 -0.367685 0.468163 -0.749940 1.825501 0.093171 0.038628 -0.241619 0.570502 0.211328 -0.652479 
0.977181 -0.173339 -0.520183 -0.317395 0.759205 -0.469104 0.112979 0.389225 -0.503677 0.604889 -0.787097 1.552845 0.197432 0.078985 -0.144638 0.624187 0.182065 -0.896306 
1.053066 0.119587 0.197766 -0.267050 0.495794 0.051317 -1.016448 -1.268977 0.248128 0.435548 -0.706511 1.578905 -0.464776 0.226233 0.452864 0.480898 0.004461 -0.192080 
1.356111 0.300317 0.181906 0.044671 0.422678 0.469681 -1.501041 -1.897575 0.936883 0.026752 -0.595554 1.141312 -0.613331 0.232470 0.657353 -0.009551 0.157189 0.135780 
1.515448 0.264303 0.010357 0.790199 0.744191 0.883310 -1.431149 -0.916470 0.646605 -0.162845 -0.257700 0.618217 -0.671710 0.735012 0.307132 -0.117793 0.299644 0.232484 
0.975029 -0.043191 0.149228 0.493692 1.028261 0.878533 -0.513401 0.706716 0.778054 0.346256 0.440880 0.466553 -0.000417 1.138962 0.231519 0.154954 0.172195 -0.119363 
0.024893 -0.255697 0.298332 0.224527 0.937104 0.616255 0.200800 1.329849 0.855157 0.322380 1.313142 0.286203 0.778759 1.401969 0.106220 0.640938 0.136594 0.407892 
-0.273530 -0.194171 -0.126764 -0.033047 0.298443 -0.164293 0.256570 1.032735 0.699727 -0.200718 1.564648 0.473665 0.521300 0.481106 -0.470325 -0.117483 0.129656 0.892641 
-0.229844 -0.101133 -0.343785 -0.557136 -0.213853 -1.334091 0.036433 0.666505 -0.335573 -0.271376 0.584987 0.107084 -0.154877 -1.497166 -0.811362 -0.259697 0.541461 0.652749 
-0.383585 -0.791765 -0.246386 -1.277809 -0.461702 -2.160095 -0.440239 1.101868 -0.663334 0.083741 -0.357149 -0.449900 -0.451693 -1.843841 -0.855745 -0.182809 0.988060 -0.336323 
-0.183396 -0.297339 -0.213091 -0.643178 -0.665087 -1.980049 -0.570300 0.825948 -0.639625 -0.161228 -0.577135 -0.605096 -0.260493 -1.567471 -0.350036 -0.054217 1.248003 -0.544363 
0.082597 0.401357 -0.308476 0.217827 -0.556809 -0.888837 -0.601146 0.241264 -0.493718 -0.652485 -0.651891 -0.512940 -0.358398 -1.246038 0.316167 -0.291232 1.079637 -0.326482 
-0.297462 0.598636 -0.022047 0.631284 -0.540740 -0.334696 -0.606464 -0.012448 -0.020853 -0.746486 -0.471523 -0.255863 -0.244986 -0.412372 0.923020 -0.236271 1.448337 -0.199308 
-0.280441 0.809682 0.309589 0.608360 -0.137385 0.054901 -0.634369 0.182534 0.030209 -0.746026 -0.560132 -0.056910 0.036152 0.261457 1.077434 -0.424816 1.123529 0.006793 
0.012660 0.354344 0.384066 0.069138 0.230732 -0.120347 -0.883298 0.329720 -0.089265 -0.972521 -0.514557 -0.109989 0.101009 0.555121 1.111822 -0.403119 0.365231 0.173764 
0.219692 0.528304 0.373740 -0.683716 0.250096 0.103433 -0.730465 0.271486 -0.361689 -1.152860 -0.008890 0.194820 0.115980 1.323093 1.031387 -0.672153 -0.279654 0.402018 
0.372136 0.193452 0.123848 -1.255627 -0.043726 0.057919 -0.634196 0.529409 -0.213726 -1.013675 0.158852 0.205250 0.132817 1.388976 0.765419 -0.816713 -0.734674 0.553418 
0.613284 0.241241 -0.249240 -1.767251 -0.005366 -0.050773 -0.356387 0.534743 -0.337311 -0.459367 0.295905 0.177590 0.338899 1.498092 0.572232 -1.043125 -0.835970 0.344102 
0.152457 0.490107 -0.235307 -2.016915 0.328815 -0.763602 -0.019988 0.598039 -0.249562 0.087566 0.089980 0.197882 -0.176593 1.246785 0.109335 -0.914817 -0.559561 0.371263 
-0.005513 0.680260 -0.468194 -2.131361 0.669234 -1.128447 0.060428 0.210895 -0.067230 0.523701 -0.527369 -0.088938 -0.308793 0.755452 -0.239301 -0.991867 -0.293711 0.420570 
-0.112348 0.937973 -0.137790 -1.867022 0.805391 -1.352476 0.287767 0.038204 -0.286708 1.055261 -0.408093 -0.269377 -0.303317 0.650774 -0.594465 -0.918531 -0.228535 0.164329 
-0.111008 0.708738 -0.050980 -1.681846 0.862300 -1.210219 0.064498 0.277912 -0.122570 0.693298 -0.350957 -0.440607 -0.029441 0.519611 -0.194549 -0.993671 0.139381 0.089686 
-0.237546 0.234872 0.259950 -1.503263 0.969912 -0.965557 0.161744 0.115795 -0.373475 0.430019 -0.399805 -0.295235 -0.066505 0.162028 -0.176915 -1.108547 -0.289950 -0.027258 
-0.133188 0.196081 0.342932 -1.014971 0.924456 -0.443652 0.102491 0.016183 -0.391720 -0.050060 -0.343461 -0.352019 -0.213612 0.108018 -0.031145 -0.805465 -0.286602 0.107563 
-0.355021 0.213027 0.649021 -0.666957 0.917977 -0.242819 0.178055 -0.014473 -0.582616 -0.641638 -0.189167 -0.570511 -0.484394 -0.016873 -0.030394 -0.432719 -0.218532 0.138050 
-0.458964 0.112790 0.875414 -0.649393 1.005576 -0.069467 -0.035281 -0.102640 -0.580225 -0.459623 -0.192297 -0.500022 -0.757694 -0.144346 0.081193 -0.393955 -0.575731 0.289113 
-0.671772 0.346738 0.505183 -0.406744 0.908501 0.075060 0.219911 -0.190890 -0.375665 -0.312324 -0.228610 -0.444898 -0.850084 -0.178731 0.071169 -0.352721 -0.155831 0.218929 
-0.570243 0.280577 0.309107 -0.387366 0.849404 0.001351 0.204196 -0.064177 -0.216103 0.094874 -0.163168 -0.261179 -0.298664 -0.044714 -0.122037 -0.310621 -0.321711 0.324139 
-0.324483 0.067843 0.117149 -0.365529 0.671415 -0.053314 0.239950 -0.081808 -0.050318 0.175959 -0.244707 -0.739855 -0.141263 0.228931 0.123374 -0.309530 -0.025056 0.158125 
-0.041924 0.180493 -0.273627 -0.421000 0.283140 -0.125964 0.382541 0.035167 0.211379 0.587507 -0.182184 -0.580208 0.024773 0.098628 -0.017587 -0.292823 0.025764 0.165087 
0.261851 0.194522 -0.793317 -0.742769 0.293877 0.217305 0.387870 0.006044 0.047831 0.823331 -0.087517 -0.507351 0.298002 0.155758 0.257820 -0.058615 0.046199 0.157074 
0.474849 0.177108 -0.962718 -0.501630 0.241917 0.089500 0.329468 0.005653 0.092855 0.565531 -0.177009 -0.062772 0.202459 0.252084 0.225605 -0.139166 -0.292869 -0.223047 
0.596404 -0.036408 -0.625364 -0.419248 0.654083 0.282341 0.262154 -0.313647 0.063580 0.649668 -0.215384 -0.265943 0.064010 -0.048809 0.098382 0.232265 -0.189711 -0.339664 
0.779497 -0.174201 -0.372141 -0.338179 0.550516 0.386286 0.042007 -0.449259 -0.066279 0.434246 -0.445075 -0.009740 -0.100038 -0.116839 0.343845 0.271594 -0.559641 -0.089838 
0.483517 -0.115627 -0.075254 -0.203077 0.251355 0.618952 -0.184088 -0.487742 -0.053835 0.249186 -0.509605 0.242433 -0.180032 -0.313879 0.240891 0.259359 -0.521284 -0.306778 
0.008760 -0.058573 0.198680 -0.040555 0.016046 0.611273 -0.477293 -0.306976 -0.155273 -0.095830 -0.254316 0.250009 -0.316874 -0.281458 0.464432 0.533931 -0.400774 -0.343223 
0.080342 -0.203713 0.572300 0.150003 0.057671 0.533669 -0.497131 -0.298784 0.032134 0.119180 -0.348220 0.107455 -0.605581 -0.132822 0.190744 0.263314 -0.476378 -0.266934 
0.102695 0.101080 0.465601 0.361131 -0.157631 0.616974 -0.277550 -0.112932 0.230691 0.326688 -0.317061 0.132922 -0.627465 -0.220135 0.015890 0.428995 -0.438248 -0.228664 
0.247094 -0.066096 0.400428 0.448389 -0.063090 0.663882 -0.245413 -0.039469 0.178145 0.257264 -0.417716 0.109685 -0.177434 -0.350161 -0.009420 0.123052 -0.655041 -0.162017 
0.459721 -0.196560 0.281746 0.573985 0.043336 0.485545 0.213247 -0.263483 0.236876 0.043005 -0.281489 0.219281 -0.225114 0.017727 -0.306422 0.110814 -0.651731 0.059398 
0.334433 -0.285320 0.113663 0.724539 0.039062 0.398248 0.294868 -0.134393 0.207291 -0.076055 -0.118379 0.022693 -0.411528 -0.256357 -0.307804 -0.095290 -0.304395 -0.166041 
0.369143 0.090421 0.127434 0.974776 -0.022334 0.376658 0.578126 -0.260418 0.277228 0.061691 -0.380581 0.044492 -0.240056 -0.046336 -0.370032 -0.066844 -0.396484 0.058314 
0.205642 -0.094301 0.184499 0.838567 -0.203978 0.476520 0.357607 -0.249100 0.199819 -0.037903 -0.287839 -0.059859 -0.207174 0.191811 -0.559467 -0.199565 -0.060849 -0.018837 
0.295019 -0.231824 0.169471 0.363209 -0.128096 0.441832 0.284285 -0.301329 0.460071 0.210020 -0.243673 0.186146 0.247519 0.062614 -0.471031 0.126902 -0.146479 -0.122333 
0.324108 -0.234251 0.175335 0.296043 -0.358193 0.484552 0.271775 -0.252591 0.302065 0.224554 -0.143000 0.103041 0.114871 0.122629 -0.293659 -0.081688 -0.056336 -0.242078 
0.209945 -0.201365 0.708601 0.115550 -0.306338 0.413166 0.138729 -0.162806 0.191723 0.275045 0.224502 0.108296 0.644648 0.118392 0.098876 0.231214 -0.190989 -0.343093 
0.272703 -0.418413 0.699813 0.219624 -0.281544 0.829463 0.048160 -0.167691 0.204682 0.432064 0.100124 0.192011 0.119247 0.242800 -0.016946 -0.003623 -0.233210 -0.672671 
0.106327 -0.158565 0.934955 0.274998 -0.158872 0.670599 0.099001 -0.050042 0.405917 0.225627 0.143461 0.215847 0.349394 -0.096128 -0.174973 0.099878 -0.074504 -0.478892 
0.063644 -0.128562 0.528827 0.127890 -0.609443 0.562141 0.143459 -0.347093 0.094832 0.189585 0.240927 0.072165 0.325730 -0.002722 -0.394563 -0.109213 -0.056746 -0.610783 
0.084727 -0.254711 0.420885 0.172525 -0.393534 0.676655 0.200789 -0.027939 0.420345 0.136250 -0.020120 -0.080415 0.535005 -0.124271 -0.518184 0.138058 -0.188335 -0.482949 
0.201472 -0.342042 0.144138 0.086817 -0.220374 0.764498 0.341950 0.015379 0.226866 0.208307 0.020850 -0.044590 0.837866 0.177024 -0.567272 0.138451 -0.340398 -0.490774 
0.011153 -0.411047 0.018744 -0.001300 -0.159533 0.888160 0.063073 0.184260 0.396445 0.129447 0.116071 -0.158683 0.626857 0.003688 -0.314526 0.041844 -0.157728 -0.595847 
0.062277 -0.310833 -0.118911 0.252810 0.240418 0.551965 0.035112 0.228140 0.080812 0.064045 0.198923 -0.021480 0.602255 -0.078577 -0.606592 0.009979 -0.046997 -0.849556 
0.166550 -0.372257 0.034777 0.252856 -0.043164 0.590993 0.142182 0.071428 -0.032903 -0.119563 0.194975 0.056630 0.410938 0.024812 -0.390814 -0.000781 -0.184643 -0.890297 
-0.200648 -0.413414 -0.082727 0.189453 0.047479 0.181765 0.179475 -0.403617 0.047243 -0.011823 -0.057535 0.304634 0.335197 0.124239 -0.425767 0.082734 0.067456 -0.849739 
0.030370 -0.265834 0.041347 0.027796 0.091825 0.248568 0.012199 -0.353473 -0.054876 0.144395 -0.044852 0.149720 0.413216 -0.156912 -0.669979 0.095753 -0.280915 -0.699292 
-0.237941 -0.003463 0.026830 0.111066 -0.038911 0.250047 0.137869 -0.278406 0.008301 -0.046692 -0.014148 0.231552 0.274517 -0.094151 -0.609316 0.100525 -0.044381 -0.763207 
-0.041393 0.023648 -0.143297 0.354246 -0.149488 0.213412 0.390357 -0.190996 0.331342 0.215062 -0.285787 -0.083860 0.259011 -0.142884 -0.507094 0.030175 0.038473 -0.521191 
-0.187992 -0.003508 -0.236670 0.095620 -0.014031 0.369580 0.338628 -0.169086 0.184555 0.069901 0.013400 -0.101799 0.242852 -0.095622 -0.296434 0.375430 0.157563 -0.337362 
-0.054389 0.256658 0.080806 0.211467 -0.077393 0.295919 0.292043 -0.199200 0.092494 0.198566 0.048912 -0.272936 0.401403 0.177416 -0.140739 0.491078 -0.082221 -0.285682 
-0.209386 0.151371 0.060150 0.017191 0.041717 0.498366 0.008722 -0.179939 0.001760 0.041587 -0.070140 -0.104940 0.377281 0.010961 0.109031 0.346381 -0.234872 -0.312246 
-0.561578 -0.006156 -0.051628 -0.071129 -0.193148 0.224168 -0.042549 -0.229245 -0.111848 0.275610 0.130567 -0.243609 0.460849 -0.119446 0.344004 0.505292 -0.113214 -0.132579 
-0.424091 -0.053492 -0.283533 0.025675 -0.156080 0.225748 0.055697 -0.046587 -0.082239 0.012030 -0.157613 -0.058337 0.265919 -0.164143 0.099687 0.197771 -0.233953 -0.167655 
-0.487853 -0.072620 -0.237605 -0.100085 -0.033208 -0.005413 0.272336 0.045776 0.042538 0.038775 0.202124 0.212354 0.273302 -0.092471 0.428992 0.206728 -0.379710 -0.044938 
-0.280475 -0.002316 -0.228577 -0.332082 -0.309985 -0.099276 0.100348 -0.060411 0.289790 -0.199937 -0.010820 -0.024293 0.369533 -0.205168 0.394292 0.015443 -0.276144 0.111425 
-0.443930 -0.259519 0.012072 -0.134928 -0.199591 -0.160863 0.114460 0.070672 0.311413 0.050718 -0.173087 -0.060635 0.144743 0.012687 0.272222 0.322721 -0.226814 -0.126688 
-0.588320 0.142093 -0.108747 0.017254 -0.050071 -0.196260 -0.153445 0.096819 0.233362 -0.262662 -0.156524 -0.114583 0.088578 -0.212903 0.183950 0.265939 0.013595 0.004965 
-0.765437 -0.100808 0.022260 0.143833 -0.199873 0.028102 0.175992 0.139758 0.211354 -0.079273 -0.027853 -0.066064 0.129627 -0.107154 0.270851 0.168632 0.204645 -0.164990 
-0.571252 0.061675 -0.236128 0.135543 -0.295547 -0.046212 -0.006819 0.152105 -0.095369 -0.312726 -0.079456 -0.050519 0.094081 -0.187940 0.280618 0.264647 0.317657 -0.110814 
-0.520153 0.073280 -0.138246 0.296866 -0.327577 0.043494 0.233936 0.043601 0.022839 -0.480291 -0.036356 0.000122 0.305701 -0.217550 0.120070 0.076000 0.052575 -0.335093 
-0.002748 -0.016655 -0.094703 0.055177 -0.553393 0.086639 0.398639 -0.135427 -0.141656 -0.168795 0.164266 -0.061600 0.201477 -0.321200 0.265831 0.223546 0.041957 -0.321435 
-0.116919 0.206898 -0.324468 0.162152 -0.504574 -0.263695 0.325751 0.078891 0.026985 -0.314893 0.192150 0.251651 0.122103 -0.177218 0.405953 0.233805 0.129615 -0.199958 
-0.040161 0.271203 -0.026489 -0.146704 -0.391173 -0.428741 0.233555 -0.080720 -0.219289 -0.114176 0.160224 -0.042387 0.162859 0.051309 0.369248 0.203010 0.046164 -0.162619 
-0.063348 0.018716 -0.003040 0.310923 -0.274905 -0.396364 0.232087 0.132331 -0.434682 -0.018407 -0.056198 0.219677 0.119507 -0.016909 0.404499 0.457572 0.090390 -0.443316 
-0.011361 0.207710 -0.175862 0.435558 -0.360129 -0.297381 0.279635 0.251031 -0.533821 -0.088370 -0.226900 0.066325 0.097020 -0.207286 0.370724 0.328580 0.050928 -0.172571 
0.139693 0.323589 -0.303448 0.403344 -0.127307 -0.053986 0.161596 0.302011 -0.723581 -0.397281 -0.010694 0.022310 0.230444 -0.262321 0.401778 0.077431 0.023677 -0.215375 
0.214193 0.393977 -0.157916 0.443837 -0.130532 -0.035869 0.287263 0.016254 -0.961070 -0.141434 -0.104232 -0.056181 -0.170010 -0.360332 0.385844 0.076437 0.130348 -0.166573 
0.437935 0.156780 -0.210815 0.282741 -0.381356 -0.147937 0.233351 -0.282054 -0.568885 -0.313932 -0.056047 -0.128045 -0.064543 -0.266974 0.164327 0.065423 -0.034227 -0.196375 
0.494616 0.285612 0.047047 0.298664 -0.669389 0.027652 0.055549 -0.050316 -0.828545 -0.256148 0.121003 0.075437 -0.204853 -0.469936 0.371832 0.054362 0.024092 -0.102035 
0.129317 0.038284 -0.089937 0.170451 -0.722012 -0.142532 0.027295 -0.174177 -0.650920 0.063203 0.207745 0.034806 -0.220904 -0.302429 0.707112 0.187432 0.031152 -0.106999 
0.245941 -0.247368 -0.099150 -0.165179 -0.607914 0.080378 0.163874 -0.078181 -0.583225 0.157698 0.364147 0.080195 -0.374381 -0.374121 0.854520 0.116236 0.255922 0.364540 
0.433010 0.032411 -0.067437 0.005283 -0.363281 -0.087576 -0.206264 0.128781 -0.785447 0.037466 0.359480 0.086879 0.079898 -0.321194 0.573485 0.299503 0.184519 0.028523 
0.649801 0.102443 -0.193483 0.142502 -0.139949 -0.134766 -0.082848 0.289547 -0.789181 0.075493 0.083682 0.152047 -0.295851 -0.066922 0.371895 -0.151469 0.328401 0.086138 
0.554706 0.124380 -0.257651 0.404496 -0.233855 -0.180981 -0.250615 0.399865 -0.787975 0.093522 -0.051393 -0.035814 -0.325847 -0.086979 0.288627 -0.161488 0.307738 0.164615 
0.411740 0.015122 -0.344294 0.271625 -0.248975 -0.066390 -0.155636 0.335245 -0.682750 -0.023060 0.099699 0.055605 -0.464298 -0.301116 0.184330 0.155255 0.539996 0.305065 
0.059500 -0.146316 -0.062444 0.337766 -0.079052 -0.155175 -0.402417 0.164490 -0.477201 0.523008 0.243007 -0.207603 -0.581685 -0.296068 0.193304 0.165956 0.432749 0.697002 
0.063766 -0.211105 -0.104712 0.138383 -0.270288 0.052346 -0.223197 0.066166 -0.244080 0.884983 0.408408 -0.142516 -0.586910 -0.107557 0.279039 0.255047 0.245686 0.684145 
-0.231900 -0.311918 0.066104 0.311684 -0.532503 -0.191946 -0.152704 0.142905 0.141297 1.190750 0.679833 0.103998 -0.334042 -0.007599 0.456458 0.193751 0.239374 0.934551 
-0.205117 0.046996 0.207538 0.592379 -0.533107 -0.246383 -0.043543 0.023667 0.128261 1.576711 0.609424 0.275674 -0.780889 0.144984 0.585432 -0.123494 0.209760 0.761129 
0.031046 0.294719 0.001724 0.838766 -0.441609 -0.346023 -0.026058 -0.032328 0.267092 1.783851 0.454686 -0.120091 -0.886016 0.246904 0.203498 -0.461643 0.619266 0.679716 
0.311288 0.528538 -0.004080 1.360405 -0.322788 -0.396672 0.075564 -0.055550 0.748158 1.961915 -0.133290 -0.474236 -0.754089 0.260254 -0.291569 -0.677810 0.732094 0.622817 
