-0.434013 0.381052 -0.555234 -1.492911 0.910482 1.815957 1.190264 -0.131071 0.630086 -0.710272 0.274274 0.078972 -0.011355 0.794681 0.636482 0.614045 
-0.422788 0.506384 0.623352 0.274412 -1.043150 0.699372 0.478390 -0.158588 -1.246668 0.005497 1.063468 -0.666390 -3.780744 0.800789 -0.825146 -2.066150 
0.216856 -0.250462 -0.203626 0.555574 -1.511218 0.006004 0.148970 -0.371249 -0.307230 0.158953 -0.482533 0.397256 1.349329 -0.102303 -1.029215 -0.124574 
-1.589168 0.453184 0.133370 0.738297 1.302259 0.058427 -0.790162 -0.621615 -0.864564 1.260456 0.217070 -2.499054 -0.080445 0.481291 0.363561 -11.758073 
-0.990709 -0.667216 0.467253 0.294292 0.701332 -0.580876 -1.246844 0.376500 -1.343731 -0.744893 -0.793919 0.353839 0.827530 -0.392620 0.891476 0.063931 
0.063699 0.711230 0.007370 1.707731 -1.024049 -0.612417 -1.025273 0.400198 -0.884279 -2.888227 -0.867617 -0.928109 0.384786 0.389162 -0.645007 0.889643 
0.151205 0.428520 0.479237 -1.797884 -0.091933 -0.533538 -0.533357 0.539551 -0.002652 0.935972 -0.085400 0.083260 -2.016495 -0.467912 0.285865 -0.398205 
-0.452688 -0.643175 0.277831 2.616707 1.740603 -0.386432 -0.163589 0.225634 -0.500095 -1.235767 0.279236 -0.851383 -2.562169 0.419556 -2.614508 -1.515722 
0.098198 -0.332760 0.247618 -2.273328 -1.066798 0.943757 0.733033 0.236480 -0.404536 -0.702710 -0.495363 -0.696827 -0.126654 0.278692 -1.579063 -0.159982 
0.569039 -1.407205 0.232147 -1.649485 -3.001962 0.803738 0.179870 -0.210978 0.015748 1.532444 -0.495730 -0.149401 -1.228099 -0.022716 -1.515628 -0.918870 
0.752781 -1.085179 0.364305 0.610792 -0.034097 -2.058846 -0.625858 0.471143 -0.603235 -1.742133 -0.098529 0.026681 -0.725898 -1.167114 -0.774893 -1.662112 
0.194426 0.627495 -0.329813 -0.058606 -0.130885 -5.784205 -3.680795 -0.017822 0.856592 0.502395 -0.594047 0.247564 -0.019685 -3.107202 -1.036967 -0.122120 
0.482304 -0.130749 0.090108 0.426985 0.461529 1.728337 1.675099 -1.694399 -0.152774 -0.653541 0.065425 -0.407589 -1.190086 0.892495 -0.856366 -0.153094 
1.058048 -0.074475 -0.075525 -0.757171 -0.331359 -1.027093 -0.018079 -0.112067 -1.480005 2.515177 0.346804 -0.171326 -3.606132 -0.297772 -3.568796 0.389782 
0.576061 0.027403 0.068753 0.013718 -1.557414 0.247804 0.415674 0.607082 -1.281527 -1.982723 -0.190411 0.186635 0.313927 -0.100968 -0.288463 -3.956324 
0.428228 -1.056085 0.424704 -0.442081 -1.325724 0.826442 1.042313 0.360315 -1.288490 -1.717882 0.247494 0.329999 0.904172 0.689578 0.554081 -1.037338 
-0.257672 -1.654290 -0.083059 -0.317865 -0.512199 0.060349 0.476150 -0.082122 -1.179806 0.964765 -0.193514 -0.877047 -0.813241 1.009261 0.040590 -0.400838 
0.112204 1.400905 0.248869 -0.511683 -2.683652 1.299027 0.807770 -0.160260 -1.099169 -1.961955 0.201550 0.073334 -1.421268 0.342920 0.122347 -0.685742 
