-0.260416 -0.754907 -0.422450 -0.581049 1.388664 -0.006640 -0.240447 -1.150088 -0.102199 0.375434 -0.350102 0.036919 0.294947 -0.531204 -0.012810 -0.707450 -0.026418 0.074816 -0.532996 0.280190 
-0.247460 -0.767953 -0.648792 -0.136202 1.262432 -0.062240 -0.424090 -1.064280 -0.036546 0.341724 0.131482 -0.174861 0.363733 -0.123111 0.126675 -0.509079 -0.181583 0.240847 -0.592310 0.227882 
-0.341574 -0.821753 -0.560313 0.026606 0.692013 -0.382740 -0.660729 -1.027180 0.079798 0.540335 0.124297 -0.080295 0.626738 0.167879 0.179818 -0.493810 0.073176 0.120301 -0.390768 0.199914 
-0.113948 -0.962796 -0.432309 0.187581 0.752061 -0.196350 -0.514039 -0.726995 0.090045 0.170960 0.183812 0.053813 0.400846 -0.086675 0.189910 -0.489227 0.100718 0.055634 -0.004958 0.713318 
-0.339281 -0.874852 -0.306137 -0.135511 0.752065 -0.122529 -0.916352 -1.023933 -0.181143 0.365398 -0.102803 0.185502 0.638795 -0.010618 0.071396 -0.110350 0.174050 -0.054973 0.090760 0.445955 
-0.016568 -0.712671 -0.335177 -0.237011 0.426067 -0.295979 -0.861279 -0.796160 -0.093963 -0.004864 0.292490 -0.100814 0.502502 -0.182833 0.241251 -0.151517 -0.088970 0.054220 0.024900 0.818465 
-0.076207 -0.492381 -0.069589 -0.241936 0.365192 -0.066899 -0.887630 -1.006990 -0.174301 0.168542 0.010592 0.161357 0.431010 0.124154 -0.067154 -0.290140 -0.191184 0.134510 -0.019230 0.798103 
0.099585 -0.105820 0.082173 0.218896 0.403121 -0.006621 -1.055749 -0.740429 -0.166373 0.077466 0.095038 -0.102830 0.083136 0.158093 -0.013245 -0.350555 -0.286153 0.108277 0.302717 0.852831 
0.239404 -0.048473 0.074779 0.256435 0.290614 -0.105465 -1.062875 -0.786927 0.010790 0.029647 0.134183 -0.220201 0.102048 0.258593 0.219385 -0.160550 -0.211077 0.220899 0.405918 0.332037 
0.297487 0.108843 -0.010642 0.069453 0.038440 0.044055 -1.162579 -0.537315 0.039935 -0.220030 -0.036466 -0.360137 0.431842 0.046210 0.135170 -0.181922 -0.153224 0.115775 0.323616 0.519392 
0.234708 0.070807 0.071350 -0.122332 -0.038561 -0.087164 -0.761467 -0.610343 0.011300 -0.113142 -0.194741 -0.086077 0.542610 0.021852 0.369702 -0.162704 -0.095648 0.077503 0.187067 0.526466 
0.092002 0.019671 -0.046538 -0.020655 0.163011 -0.519105 -0.989181 -0.548841 -0.042665 -0.246409 -0.075878 0.100991 0.796163 0.187314 0.411422 -0.037505 -0.208695 0.050018 0.005114 0.605805 
0.092493 0.374905 -0.134916 0.047012 0.074115 -0.298787 -0.894848 -0.212695 -0.049764 -0.077484 0.119982 0.226898 0.771163 0.129732 0.537897 0.050039 0.076146 0.180577 0.012433 0.696269 
0.075002 -0.016673 -0.153618 -0.090889 0.169215 -0.545704 -0.828818 -0.339384 -0.068094 -0.246119 0.102237 0.108048 0.447406 -0.186671 0.245946 0.135282 0.208525 0.119315 -0.331701 0.872819 
0.054109 0.155515 -0.289903 0.057222 0.172087 -0.419556 -0.813064 0.054701 0.072337 -0.097444 0.207440 -0.254443 0.291958 -0.209311 0.303329 0.285992 -0.102800 -0.129749 -0.275416 0.696837 
-0.006760 0.047376 -0.128884 0.040499 0.265761 -0.244696 -0.747088 0.203768 0.056294 0.122282 0.292226 -0.480902 0.408974 -0.031551 0.212163 0.392164 -0.240210 -0.381921 0.017104 0.661896 
-0.051968 0.137597 -0.142028 -0.227325 0.009660 -0.425805 -0.659014 0.104286 -0.030230 0.006910 0.440390 -0.422800 0.344207 -0.026056 -0.031876 0.402082 -0.063495 -0.391421 -0.078035 0.742212 
-0.059544 0.276299 -0.280896 0.102403 0.099407 -0.455201 -0.450270 0.119166 0.192564 0.044860 0.243586 -0.228498 0.753528 0.195316 0.016097 0.320317 -0.055904 -0.284514 0.030258 0.942484 
-0.039633 0.170489 -0.107150 -0.001552 -0.078346 -0.422688 -0.229391 0.317404 0.083491 -0.097584 0.070455 -0.116220 0.779859 -0.053610 -0.150515 0.341843 -0.189906 -0.222524 -0.048377 0.886368 
0.105365 0.125839 -0.085433 0.162798 0.050438 -0.264312 -0.129335 0.283913 0.003352 -0.454447 0.095613 -0.018892 0.659658 -0.112116 0.085390 0.411537 -0.443938 -0.295625 -0.122951 0.859054 
0.145710 -0.169434 0.234339 0.207047 -0.108844 -0.518104 -0.228616 0.399446 0.149486 -0.221681 0.117449 0.020600 0.463254 0.121666 0.144125 0.399414 -0.306520 -0.285997 -0.070543 0.627896 
-0.084820 -0.063015 0.139957 -0.021544 -0.238133 -0.377399 -0.190143 0.328554 0.205893 -0.388804 0.223413 0.089639 0.548478 -0.112757 0.431993 0.591074 -0.308953 -0.611743 -0.042018 0.534307 
-0.133964 0.078457 0.164655 -0.107378 -0.667491 -0.170300 -0.364826 0.592668 -0.054579 -0.476129 0.272035 0.263810 0.431964 -0.296058 0.344367 0.295329 -0.173677 -0.371489 -0.017799 0.612642 
-0.306733 0.249848 -0.214001 -0.012471 -0.849352 -0.276250 -0.247902 0.485954 -0.031247 -0.327490 0.247629 -0.098331 0.766143 -0.009130 0.299616 0.555478 -0.129307 -0.567142 -0.023458 0.814458 
-0.195585 0.039459 -0.025605 0.012530 -0.678538 -0.212389 -0.596951 0.772952 0.034693 -0.488629 0.566878 0.027043 0.653571 -0.191015 0.362994 0.365510 -0.387337 -0.418090 -0.093763 0.487822 
-0.285166 -0.239394 0.075328 0.206643 -0.720909 -0.317104 -0.760296 0.512346 -0.117066 -0.403216 0.574536 -0.250768 0.458933 0.001113 0.367371 0.252449 -0.491744 -0.611252 0.181615 0.429899 
0.051131 0.031402 0.191504 0.124599 -0.537035 -0.082833 -0.749627 0.288277 -0.069563 -0.317386 0.552390 -0.287803 0.358913 -0.283851 0.147510 0.215392 -0.368132 -0.584861 0.446801 0.911637 
-0.030207 -0.008334 0.234418 0.300873 -0.721425 -0.131513 -0.742836 0.118979 0.008977 -0.326010 0.168289 -0.388999 0.518684 -0.352653 0.325385 0.250324 -0.386864 -0.671116 0.415162 1.042265 
-0.224172 0.023933 0.308427 0.181178 -0.335240 0.236051 -0.641421 0.624571 0.056254 -0.597745 -0.142141 -0.240621 0.724079 -0.278390 0.026653 0.251665 -0.109696 -0.499164 0.527192 0.791554 
-0.404870 -0.088902 0.102604 0.153529 -0.286619 0.316772 -0.225432 0.502076 -0.137561 -0.778148 -0.004080 -0.261980 0.480608 -0.100248 -0.039040 0.380779 0.032805 -0.473306 0.267560 0.957206 
-0.424293 0.029803 -0.128397 -0.044446 -0.325943 0.538424 -0.092926 0.569321 0.076047 -0.868875 0.055460 0.056435 0.646677 -0.079400 -0.124697 0.290532 0.056289 -0.746602 0.300977 0.720925 
-0.285444 0.259150 0.034849 0.085658 -0.469983 0.269804 0.045161 0.591451 0.033487 -0.892875 0.021250 0.128155 0.391144 -0.328623 0.355761 0.038051 0.101654 -0.423000 0.264251 0.772865 
-0.156111 0.061855 -0.031960 0.190784 -0.426611 0.704828 0.215692 0.518655 0.032648 -0.722449 0.165130 0.202410 0.164703 -0.272677 0.364770 -0.308860 0.171752 -0.475128 0.189536 0.656057 
-0.381626 0.144809 -0.211961 0.083128 -0.530661 0.611615 0.435910 0.710437 0.256261 -0.682301 -0.105827 0.154559 0.409793 0.071966 0.134609 -0.316204 0.170530 -0.188413 0.120651 0.634190 
-0.419165 0.243285 -0.286407 0.128440 -0.693365 0.502733 0.559344 0.718030 0.193194 -0.322603 -0.154113 0.130392 0.462107 -0.032732 -0.009382 -0.027072 0.171000 -0.490318 -0.125939 0.267539 
-0.718748 0.460769 -0.481752 0.198373 -0.444106 0.558782 0.405068 0.594734 0.131953 -0.301170 -0.312078 0.308440 0.427551 -0.069944 0.062082 -0.107601 -0.042502 -0.275535 0.025450 0.273346 
-0.831393 0.695452 -0.342990 0.026768 -0.576249 0.924604 0.531758 0.249106 0.206850 -0.449270 -0.362990 0.306760 0.661900 0.132280 0.035640 0.303821 0.155247 -0.287862 -0.041401 0.677505 
-0.935868 0.737745 -0.449301 0.053240 -0.710333 0.946759 0.415281 0.198091 -0.011185 -0.407247 -0.648378 0.270228 0.260656 0.196818 0.319747 -0.161777 0.157315 -0.335288 0.193334 0.701416 
-1.150098 0.602836 -0.528094 -0.044188 -1.016298 0.916144 0.622456 0.273805 0.034348 0.057108 -0.846865 0.555188 0.268866 0.281330 0.662950 -0.057558 0.199218 -0.010094 0.063040 0.844345 
-1.231521 0.641438 -0.590997 0.083762 -0.959115 0.882230 0.599347 0.085288 0.043814 -0.284034 -0.953275 0.513241 -0.089511 0.181082 0.968684 0.021256 0.354926 -0.075177 -0.074317 0.694169 
-1.121291 0.671475 -0.778270 -0.058350 -0.880856 0.958129 0.706358 -0.070568 0.108259 -0.460407 -0.876726 0.556915 -0.155571 0.294018 0.874577 -0.155697 0.583066 -0.185390 -0.297242 0.471272 
-1.100141 0.808447 -0.658385 -0.089710 -0.681365 0.907775 0.930496 -0.060985 0.086851 -0.588418 -1.131237 0.246872 -0.277816 0.149046 1.008882 -0.148048 0.389175 -0.103997 -0.465522 0.215089 
-0.940782 0.573093 -0.637949 -0.086936 -0.737394 0.970816 0.910768 -0.151719 0.027806 -0.152317 -0.739022 0.262950 -0.282053 0.158934 0.560122 -0.131859 0.555680 0.001167 -0.376230 -0.205161 
-0.804142 0.397731 -0.244643 -0.120627 -0.879208 0.785779 0.838977 -0.466233 0.206780 0.177966 -0.759429 0.260561 0.114653 0.225681 0.111282 0.080895 0.062050 0.005946 -0.262910 -0.432687 
-0.769416 0.522467 -0.342578 0.022929 -0.869592 0.397477 0.484346 -0.401887 -0.152554 0.229834 -0.748441 0.387145 -0.109444 0.227965 0.136216 0.038936 0.133635 -0.164739 -0.043949 -0.425445 
-0.479028 0.581801 -0.144161 0.081640 -0.752339 0.473025 0.634797 -0.214100 0.049005 0.260054 -0.665616 0.176341 -0.212032 0.163571 -0.123506 0.062719 0.219460 -0.186639 -0.166373 -0.616828 
-0.356910 0.462962 -0.009341 0.237073 -0.851696 0.170040 0.708966 -0.081733 0.197540 -0.025909 -0.565394 0.154497 -0.323557 0.201544 -0.082173 0.018690 0.451614 -0.241301 0.141500 -0.667001 
-0.601630 0.255533 -0.104515 0.143869 -0.372928 0.089647 0.585647 -0.045638 0.115734 -0.082041 -0.640708 0.171431 -0.271801 -0.048243 -0.044845 -0.005988 0.342910 0.053113 0.128352 -1.065064 
-0.460414 0.280423 -0.133024 0.220465 -0.240031 0.266071 0.718821 -0.115371 0.065060 -0.308769 -0.425305 -0.167150 -0.268000 -0.202156 -0.353858 -0.043166 0.237583 0.175140 -0.073458 -1.005258 
0.014133 0.236342 -0.090773 0.059907 -0.088006 0.634227 0.785096 0.079338 0.150233 -0.326049 -0.452041 -0.258417 -0.164030 -0.121804 -0.376394 -0.092256 0.321653 0.140518 0.170510 -1.104958 
0.282207 0.214283 -0.116516 0.000991 -0.267498 0.180643 0.692453 0.262433 -0.111439 -0.211660 -0.766915 -0.303051 -0.338836 -0.062702 -0.561975 -0.437201 0.376816 0.153052 0.241597 -0.934124 
0.529311 0.404753 -0.167041 0.153484 -0.281168 0.320660 0.950133 0.240945 0.146591 -0.171465 -0.532775 -0.478218 -0.338547 -0.263895 -0.300217 -0.463706 0.378523 0.339086 0.403831 -0.871057 
0.408927 0.230405 -0.002874 -0.128803 -0.205700 0.298679 0.914919 0.452491 0.033774 0.467933 -0.697177 -0.480418 -0.521957 0.094979 -0.764202 -0.084867 -0.006938 0.405692 0.331878 -0.969623 
0.147639 0.370658 0.173831 0.000789 -0.037182 0.680081 0.847617 0.402630 0.212543 0.172382 -0.453206 -0.666692 -0.560570 -0.060603 -0.639033 -0.063983 -0.097660 0.609009 0.453596 -1.148986 
0.355671 0.325091 0.110501 -0.106900 -0.289889 0.677057 0.853455 0.274363 -0.019405 -0.135129 -0.317300 -0.879496 -0.780151 0.135727 -0.330887 -0.142374 -0.080535 0.777138 0.350644 -0.987294 
0.048459 0.183698 0.132339 0.031264 -0.152364 0.601918 1.038453 0.271700 0.050349 0.234173 -0.087750 -0.759331 -0.764508 0.265397 -0.263182 -0.096009 0.172978 0.588593 0.543593 -0.615819 
0.281784 0.249705 0.134155 -0.076655 -0.156051 0.434496 0.813185 0.184220 -0.264585 0.389051 -0.066141 -0.804598 -0.254166 0.049782 -0.428807 -0.154534 0.269647 0.782105 0.272114 -0.558941 
0.088707 -0.056882 0.371363 0.083714 -0.281533 0.214156 0.512843 0.369598 -0.287214 0.369117 0.244041 -1.095960 -0.324256 0.183429 -0.232995 -0.162574 0.316917 0.764846 0.132523 -0.501481 
-0.133468 0.038722 0.696790 0.202133 0.043171 -0.081194 0.678343 0.291596 -0.340069 0.044663 0.683976 -0.790616 -0.160462 0.357631 -0.171829 0.082730 0.519651 0.362748 -0.627912 -0.274466 
-0.311206 -0.096414 0.940326 -0.286453 0.173486 -0.157987 0.604506 0.660621 -0.472474 -0.183055 1.084019 -0.784051 -0.244409 0.421818 -0.282368 0.111214 0.436483 0.163279 -0.989493 -0.381511 
-0.441164 -0.004404 0.696164 -0.201087 0.203649 -0.080315 0.232864 0.502567 -0.339467 -0.329127 1.023751 -0.597500 -0.307234 0.247953 -0.228952 0.270865 0.450362 0.079445 -0.882227 -0.301589 
-0.531746 -0.169942 -0.142816 -0.161414 0.267806 -0.115739 -0.142539 0.378858 -0.395245 -0.423589 0.741397 -0.684122 -0.323595 0.036304 -0.403474 0.160005 0.584886 0.475436 0.094158 -0.484393 
-0.414051 -0.389694 -0.230010 -0.072292 0.270311 -0.045945 -0.199089 0.368118 -0.387127 -0.373960 0.643805 -0.590859 -0.364465 0.132847 -0.318506 -0.306156 0.661638 0.862669 0.910161 -0.550538 
-0.248681 -0.539533 -0.191564 -0.236482 0.042369 0.033149 -0.609423 0.468411 -0.255352 -0.309036 0.433454 -0.476510 -0.260162 0.002205 -0.089672 -0.771390 0.544230 0.937429 0.988383 -0.870274 
-0.176178 -0.574179 -0.124165 -0.171555 0.045878 -0.107168 -0.366654 0.240091 -0.130362 -0.087785 0.242315 -0.388471 -0.449989 -0.341326 -0.129964 -0.399526 0.354850 0.543440 0.523012 -0.846638 
-0.057602 -0.559891 0.031593 -0.291671 0.083475 -0.206064 -0.332347 0.080250 0.016796 -0.184962 0.624884 -0.279039 -0.789797 -0.908876 -0.084102 -0.690867 0.284991 0.592833 0.388118 -0.955439 
-0.135166 -0.641528 0.562928 -0.386828 0.067265 -0.136773 -0.146813 -0.161662 -0.091416 -0.244014 0.167677 -0.152138 -0.834466 -0.920166 -0.056989 -0.670981 0.421607 0.361817 -0.111158 -0.764007 
0.139853 -0.679968 0.550463 -0.157404 -0.042838 -0.385890 0.211767 -0.333196 0.158538 0.017270 0.045804 0.030448 -0.969123 -0.940400 0.124354 -0.558373 0.490813 0.356216 -0.079399 -0.373974 
0.154497 -0.508614 0.767541 -0.236700 -0.224166 -0.510034 0.661030 -0.598061 0.111743 -0.198067 0.217908 -0.291399 -1.247834 -0.610295 0.147528 0.040760 0.215186 0.725763 -0.200746 -0.265107 
0.302701 -0.486615 1.332902 -0.244961 -0.090280 -0.799492 0.771607 -0.446884 0.166217 -0.310779 0.300028 -0.391798 -1.585123 -0.402384 0.414798 0.476361 0.165522 0.428811 -0.257597 -0.346729 
0.195443 -0.396472 1.216971 -0.180657 0.159160 -0.672639 0.587884 -0.598278 0.112651 -0.077203 0.491765 -0.308254 -1.517594 0.026794 -0.219133 0.589674 0.193615 0.990020 -0.070242 -0.271560 
0.191804 -0.395940 0.997474 -0.258135 0.191338 -0.649851 0.571809 -1.067606 0.127740 0.202453 0.357283 0.080097 -1.546722 -0.113218 -0.481613 0.897241 0.011812 0.749819 0.306705 0.269907 
0.207385 -0.634323 0.642328 -0.023785 0.228958 -0.661280 0.555498 -1.089432 -0.068672 0.369128 0.339484 0.502734 -1.720250 0.365012 -0.826403 1.298110 -0.298865 0.507002 0.830949 0.184590 
0.196386 -0.581977 0.297066 0.023855 0.218353 -0.507838 0.340556 -1.047576 -0.159957 0.326145 0.384203 0.977087 -1.609019 0.365137 -0.880380 0.909881 -0.408591 0.306778 0.907934 0.065125 
0.057278 -0.451552 0.162515 0.335026 0.738830 -0.690172 -0.085204 -0.680036 0.212696 0.546810 0.650849 0.921133 -1.318080 0.489422 -0.756025 0.452504 -0.446599 0.088538 0.840294 -0.165860 
-0.174143 -0.312814 -0.188595 0.210300 0.565902 -0.565047 -0.267820 -0.587292 0.293539 0.561153 0.806650 0.719798 -0.827153 0.827566 -0.874941 -0.294910 -0.167693 -0.071414 0.926026 0.067417 
-0.160509 -0.213054 -0.682535 -0.143594 0.510267 -0.886563 -0.112026 -0.283575 0.454060 0.611764 0.934686 0.917167 -0.788172 0.602661 -0.866073 -0.918023 -0.130126 -0.143851 0.891814 0.555508 
0.027993 -0.584919 -0.425341 -0.652169 0.839025 -0.954179 0.167948 0.134965 0.822288 1.210433 1.242962 0.214746 -0.357461 0.071395 -0.842697 -1.204284 0.178593 -0.110161 0.734220 0.023319 
-0.048865 -0.812453 -0.555689 -0.551936 0.776005 -0.949694 0.337651 0.438919 0.838221 1.216708 1.212723 -0.338910 0.057814 -0.148314 -0.935981 -0.905204 -0.061752 -0.541874 0.078027 -0.259103 
-0.180902 -0.798028 -0.269376 -0.722359 0.631686 -0.912651 0.741653 0.674228 1.031014 1.194717 1.143111 -0.433404 0.010416 -0.204504 -0.458945 -0.050569 0.069568 -0.837499 -0.552283 -0.220986 
-0.374241 -0.835014 -0.409501 -1.034894 -0.079324 -0.654594 0.591313 0.595599 1.343096 0.435438 0.874384 -0.667070 -0.186878 -0.287775 -0.152815 1.096887 -0.067356 -1.029889 -1.264729 -0.172977 
-0.387600 -0.842022 -0.225769 -1.245724 -0.399229 0.210207 0.344288 0.145765 1.121079 0.240524 0.527251 -0.684939 -0.433976 -0.081531 0.553883 1.382694 -0.099185 -0.678980 -1.281961 0.079646 
0.273512 -1.009324 -0.144059 -1.117140 -0.992463 0.443779 0.067389 -0.212500 0.962747 0.671799 0.128646 -0.720856 -0.326256 -0.348342 0.460431 1.029457 -0.129594 -0.391367 -0.931365 0.097010 
0.260342 -1.126247 0.041274 -0.390418 -0.727741 0.618924 -0.306881 -0.262810 0.320906 0.335107 -0.157902 -0.434306 -0.137402 -0.125093 0.424047 0.469753 -0.305872 -0.312988 -0.511109 0.259207 
0.426232 -0.421957 -0.119316 0.472320 0.097028 0.399213 -0.029269 -0.221245 -0.003707 0.305561 -0.150316 -0.073169 -0.063869 -0.630336 0.378887 -0.025334 -0.146900 -0.290618 0.235100 0.201676 
0.189240 -0.100048 -0.288351 0.761760 0.203689 0.077066 -0.145870 -0.019876 -0.207339 0.340736 0.076059 0.204118 -0.132390 -0.844809 0.284465 -0.494143 -0.125153 -0.415466 0.387033 -0.097932 
-0.094354 0.920221 -0.149643 1.191455 0.724943 0.025880 -0.040185 0.362323 -0.498621 0.761805 0.180896 0.476522 -0.039544 -0.614776 -0.102919 -0.384779 0.026955 -0.188873 -0.253627 -0.092003 
-0.047079 1.019327 0.379319 1.340280 0.432242 0.494232 0.433499 0.422440 -0.419292 0.265753 0.665350 0.922976 0.277758 -0.159902 -0.297321 -0.308285 0.437909 0.104319 -1.113901 -0.321213 
-0.123380 0.949149 0.860842 1.259242 0.188445 0.712147 0.458422 0.315057 -1.173781 0.099436 0.591383 0.975449 0.603778 0.234470 -0.673779 -0.425376 0.495780 0.436196 -0.939948 -0.041000 
-0.124957 0.139916 1.283128 1.470633 -0.049270 0.383093 -0.479752 0.138645 -1.774261 0.355036 0.205380 1.005076 0.209475 0.100501 -0.323277 -0.467315 0.144257 0.687924 0.599156 -0.095697 
0.088933 -0.005682 1.013579 1.479157 -0.327495 0.116206 -0.979252 0.065395 -2.330861 0.943317 -0.315959 0.718001 0.182359 -0.346973 -0.085354 -0.364169 -0.171711 0.933450 0.748711 -0.084024 
0.261297 -0.191393 0.154179 1.494755 -0.095723 -0.314110 -0.496240 -0.227967 -2.257521 0.783438 -0.599640 0.642636 0.153487 -0.595149 -0.176332 0.321718 -0.142234 0.987289 -0.235721 -0.028533 
0.632939 -0.326649 -0.627123 1.212731 0.072708 -0.593811 -0.002727 -0.467554 -1.821934 0.353348 -0.749565 0.678622 0.449967 -0.566292 -0.137338 1.117001 -0.030183 0.789300 -1.483171 -0.197734 
0.225755 -0.303486 -0.800583 0.861275 0.139994 -0.690786 0.174877 -0.228488 -1.313367 0.499497 -0.863685 0.077276 0.264662 -0.562621 -0.144820 1.147651 0.415974 0.437091 -1.218114 -0.199664 
0.252261 0.027183 -0.713362 0.754483 -0.236558 -0.213497 0.189012 0.269872 -0.846916 0.665285 -0.823588 -0.297268 0.242746 -0.429340 -0.113354 0.960317 0.369539 0.333310 0.085442 -0.044874 
0.188193 0.735279 -0.526700 0.763688 -0.775026 0.376260 0.038099 0.737226 0.006019 0.622941 -0.391227 -0.692862 0.210041 -0.364636 0.406536 0.212196 -0.323237 0.127826 1.086578 0.445083 
-0.144276 0.983123 -0.149275 0.437745 -0.363628 0.370387 0.386966 0.584941 0.585360 0.359704 0.367174 -0.518952 0.705572 -0.405691 0.440037 -0.629424 -0.728757 -0.797010 0.984165 0.210958 
-0.371741 0.554910 0.779628 -0.255119 0.398053 0.456843 0.395923 -0.234206 0.613375 0.445683 0.843251 0.348945 0.466583 -0.046259 -0.072835 -1.054830 -0.562791 -1.328175 0.414093 -0.414242 
-0.100717 0.592282 1.205436 -0.780245 0.726567 0.861654 -0.019415 -0.759256 0.224524 1.178619 0.881333 1.310173 -0.445301 0.516834 -0.298760 -1.700856 -0.838501 -0.909496 0.029064 -0.463401 
-0.608458 -0.126291 0.787829 -1.195187 0.538270 0.593207 -0.121565 -1.161733 -0.016178 0.919286 0.809857 1.468437 0.080978 0.781692 -0.243915 -1.076887 0.110282 -0.715127 -0.104530 -0.430405 
-0.841416 -0.669684 -0.027868 -1.138009 0.126301 0.155246 -0.098658 -0.761752 -0.465153 0.427365 0.446435 1.259975 0.222046 1.202648 0.182569 -0.481815 0.822069 -0.620325 -0.322116 0.017621 
-0.916751 -0.581097 -0.346542 -1.084117 -0.335277 -0.159360 0.222463 -0.362795 -0.293367 -0.025711 0.436232 0.761027 0.593141 1.327313 0.684032 -0.026235 0.640959 -0.259293 -0.253683 0.592852 
-0.970014 -0.713491 -0.630201 -0.753810 -0.577882 -0.072451 0.248168 0.046897 -0.230739 0.017117 0.169171 0.453576 0.938561 1.434794 0.928633 0.245132 0.266401 0.256160 -0.301428 0.195964 
-0.886233 -0.308974 -0.535338 -0.624003 -0.289516 -0.188473 0.011224 0.529447 0.006690 0.443971 0.181400 -0.022129 0.738432 1.223488 0.754718 0.519174 -0.159637 0.842040 -0.705246 0.298584 
-0.544398 -0.393324 -0.821859 -0.179719 0.338089 -0.069429 0.130425 0.752288 0.322117 0.362985 0.154186 -0.299005 0.712562 1.261767 0.406383 0.579002 -0.613532 1.097590 -0.506359 0.194722 
-0.505745 -0.285091 -0.626056 -0.140394 0.795042 -0.023942 0.242724 1.295354 0.618745 0.370670 -0.177735 -0.639431 0.668085 1.148687 0.110794 0.482858 -1.214465 1.059471 -0.375323 -0.074079 
-0.080491 -0.333588 -0.724343 0.011571 0.689403 0.262233 0.193861 1.471918 0.516131 -0.028490 -0.489789 -0.518687 0.524111 0.844341 -0.231065 0.040894 -1.472075 0.921577 -0.405614 -0.268285 
0.310152 -0.242233 -0.235086 0.031584 0.408211 0.272949 0.250930 1.250974 0.365167 0.079919 -0.525905 -0.322227 0.695361 0.902367 -0.658895 -0.423435 -1.441433 0.535317 -0.191245 -0.381406 
0.885959 -0.327847 0.112747 -0.182830 0.157336 0.244737 0.298537 0.867672 0.406708 0.188582 -0.766906 -0.004940 0.430234 0.658687 -0.666567 -1.057565 -1.309819 0.228080 -0.297019 -0.480195 
0.882835 -0.557901 0.441473 0.021683 -0.082875 0.052765 0.192350 0.827550 0.242693 0.241379 -0.629409 0.037118 0.393125 0.637048 -0.534730 -1.417175 -1.266438 -0.354341 -0.144365 -0.236063 
0.743046 -0.502960 0.493805 0.129828 -0.074659 -0.073761 -0.107597 0.590824 0.377331 0.432356 -0.650023 -0.033137 0.394017 0.596723 -0.289060 -1.221157 -1.429311 -0.261374 0.022508 -0.174660 
0.368014 -0.436772 0.682615 -0.035247 0.211747 -0.066019 -0.152045 0.618619 0.121326 0.280723 -0.729696 -0.262268 0.292160 0.406703 -0.231698 -1.138046 -1.075039 -0.488185 0.232435 -0.024721 
0.123416 -0.704509 0.898862 -0.125618 0.160321 -0.068231 0.188813 0.229434 0.059696 0.269203 -0.578341 -0.225645 0.348328 0.141226 -0.243008 -0.874367 -1.034245 -0.545810 0.280199 0.101402 
-0.133369 -0.296048 0.844447 -0.133363 0.163583 0.050398 0.187176 -0.000226 0.049015 0.379713 -0.607340 -0.267285 0.026230 0.446730 -0.472265 -0.462206 -0.694713 -0.736392 0.179653 0.203369 
-0.022876 -0.378863 0.776877 -0.111296 0.156475 -0.005190 0.335149 -0.384405 0.080636 -0.021515 -0.720543 -0.396680 0.031102 0.057253 -0.483806 -0.364136 -0.612400 -0.515659 0.288058 0.356340 
-0.119324 -0.238848 0.695525 -0.179194 -0.094258 -0.298253 0.355858 -0.427671 0.014429 -0.021048 -0.559092 -0.264073 0.090502 0.295068 -0.654957 -0.061556 -0.338391 -0.395871 0.138755 0.239847 
0.183315 -0.112018 0.689284 -0.124862 0.054456 -0.490195 0.248879 -0.389438 -0.066680 -0.032114 -0.829783 -0.013389 0.023447 0.041963 -0.613356 -0.185799 -0.380940 -0.228027 0.140375 0.155824 
0.324273 0.203228 0.852273 -0.310844 0.140983 -0.556010 0.124244 -0.294667 0.059805 -0.298045 -0.567820 -0.101788 -0.225392 -0.086667 -0.599239 -0.422627 -0.480947 -0.159905 -0.039849 0.081192 
0.044212 0.556207 0.616786 -0.579962 -0.010569 -0.354010 0.107285 0.033300 0.184575 -0.105759 -0.452683 0.124362 -0.155635 -0.561026 -0.462694 -0.536316 -0.339232 0.248396 0.063900 -0.131593 
0.275966 0.708742 0.280461 -0.415410 0.155941 -0.145289 -0.030631 0.182923 0.361932 -0.188683 -0.469756 -0.417378 -0.169259 -0.572642 -0.894224 -0.298120 -0.593852 0.490547 0.019029 -0.194929 
0.468249 0.581858 0.060512 -0.426901 0.022519 -0.297519 -0.147356 0.264547 0.308299 0.216697 -0.331183 -0.235518 -0.160456 -0.590152 -0.651787 -0.487014 -0.377761 0.716947 -0.282219 -0.468330 
0.545534 0.747958 0.268047 -0.145769 -0.105776 -0.098156 -0.444000 0.426795 0.244756 0.275876 -0.576693 -0.261238 -0.032871 -0.556208 -0.584545 -0.345957 -0.547834 0.589364 -0.372919 -0.375351 
0.386302 0.598175 -0.054224 -0.149257 -0.205959 -0.380706 -0.687899 0.141305 0.545355 -0.150374 -0.435663 -0.264513 -0.085483 -0.749377 -0.337054 -0.205427 -0.322771 0.263671 -0.638228 -0.415188 
0.291171 0.364925 0.055897 -0.406751 -0.183691 -0.370797 -0.394024 0.072436 0.525148 -0.456853 -0.608633 -0.028299 -0.385415 -0.360566 -0.176082 -0.306169 -0.299341 0.103161 -0.833614 -0.175467 
0.215802 0.682680 -0.075864 -0.105959 -0.073430 0.041966 -0.551409 -0.063728 0.318012 -0.766633 -0.449022 0.038793 -0.348737 -0.328683 0.302814 0.136896 -0.389253 0.075528 -0.821410 -0.018898 
-0.066798 0.685114 -0.051994 0.091857 -0.027897 -0.199376 -0.139144 -0.044371 0.179960 -0.863710 -0.337672 0.161770 -0.521564 -0.435532 0.265643 0.022217 -0.253056 0.035250 -0.927248 0.130973 
-0.126110 0.390255 -0.159432 -0.097346 0.226461 -0.154832 -0.333520 -0.019601 -0.092986 -0.200720 -0.464935 -0.134515 -0.252581 -0.301809 0.226445 0.015621 -0.091347 -0.044804 -0.745329 0.082604 
-0.286162 0.567473 -0.132042 -0.032421 0.426049 -0.323968 -0.151287 -0.105991 -0.224103 -0.103449 -0.538123 -0.483969 -0.287814 -0.585897 0.211753 -0.009110 0.129385 -0.097833 -0.408192 -0.037343 
-0.385442 0.277016 -0.048985 0.209926 0.524004 -0.635748 -0.221903 -0.198316 -0.346546 0.092653 -0.122323 -0.337422 -0.266702 -0.453628 0.209809 0.192852 0.093401 -0.052458 -0.327803 -0.029306 
-0.348668 -0.179599 -0.082533 0.215490 0.536164 -0.744422 -0.109563 -0.250066 -0.166296 0.413300 -0.284188 -0.566925 -0.315108 -0.309550 0.407689 0.128843 0.521514 -0.224593 -0.245901 -0.110293 
-0.232992 -0.178989 -0.263194 0.276334 0.471259 -0.666235 -0.164713 -0.279921 -0.199382 0.319204 -0.353816 -0.538391 -0.221871 -0.093525 0.300160 0.054183 0.540886 -0.209375 -0.297490 -0.341454 
-0.170574 -0.010036 -0.376036 0.116030 0.266693 -0.670938 -0.059301 -0.495428 -0.128746 0.295035 -0.141737 -0.690933 0.011788 -0.073991 0.249039 -0.179115 0.253531 0.025212 0.008125 -0.227054 
0.233082 -0.044366 -0.280286 -0.092476 0.265866 -0.708722 -0.184842 -0.549382 -0.143900 0.042949 0.094572 -0.458764 0.244924 -0.172176 0.580781 -0.127716 0.319124 0.214632 -0.198272 -0.120973 
0.018955 0.073728 -0.547052 0.220798 0.209379 -0.525350 -0.521164 -0.392054 -0.282752 0.209855 0.043129 -0.220435 0.005561 -0.099348 0.755118 -0.187078 0.097061 0.180927 0.078853 -0.015340 
0.112668 0.274064 -0.454892 0.243955 0.336441 -0.319114 -0.457847 -0.546150 0.127178 -0.318187 -0.018355 -0.214293 -0.197186 -0.244636 1.064474 0.095206 0.198208 0.233097 -0.007949 0.034212 
0.038314 0.579235 -0.366110 0.217133 0.296417 -0.208312 -0.579687 -0.450805 0.105915 -0.057323 0.025660 -0.114652 -0.147689 -0.023725 0.942971 0.356931 0.173809 0.220917 -0.274594 -0.016954 
-0.022790 0.618246 -0.217754 -0.032886 0.189868 -0.468459 -0.599112 -0.346047 0.033599 -0.176923 0.081011 0.017829 -0.138467 -0.122174 0.839758 0.404433 0.301527 -0.163683 -0.244722 -0.204566 
-0.083282 0.723342 -0.032126 0.067602 0.209042 -0.343336 -0.633693 -0.206418 0.187708 -0.385083 0.022890 0.200050 -0.419642 -0.077119 0.663959 0.464313 0.043264 0.171664 -0.284028 -0.153912 
-0.252457 0.515870 0.180585 -0.110653 0.174561 -0.199104 -0.422103 0.195817 -0.113379 -0.305277 0.325152 0.248260 -0.076699 -0.283735 0.793158 0.166018 -0.014234 0.065872 -0.388731 -0.041130 
-0.042112 0.343046 0.089058 0.099240 0.264816 -0.378923 -0.578154 0.138146 -0.041102 -0.162700 0.053543 0.068165 -0.399139 -0.007702 0.753154 0.009096 -0.041106 -0.025638 -0.297763 -0.042407 
-0.159534 0.224105 0.152589 -0.040093 0.209416 -0.316220 -0.450843 0.068244 -0.033357 0.153974 -0.196370 -0.032633 -0.140331 0.057531 0.628035 -0.031846 0.326922 0.057659 -0.237067 -0.037232 
-0.053112 0.410660 0.197696 0.075973 0.270207 -0.324981 -0.493099 -0.176544 0.391293 0.024276 0.096613 -0.312693 -0.108004 -0.067685 0.453983 0.158095 0.290086 0.097738 -0.208589 -0.388370 
-0.042469 0.409029 -0.033954 0.081472 0.222098 -0.258864 -0.550964 -0.048466 0.068077 0.021782 -0.046460 0.109382 0.033408 0.124398 0.305882 0.211890 0.346950 0.267993 0.022051 -0.196476 
0.296243 0.531776 0.137899 0.154140 0.194353 -0.281616 -0.553515 -0.077337 -0.123291 0.147807 0.145458 0.007573 -0.187241 -0.062461 0.176774 0.146915 0.350524 0.219918 -0.145973 -0.155875 
-0.022083 0.476174 0.180749 0.086596 0.123126 -0.354838 -0.412661 -0.132261 -0.322310 0.224688 -0.070392 -0.162276 0.019886 -0.234925 0.259516 0.281207 0.205159 0.092952 -0.058641 -0.055216 
0.239891 0.282234 0.228147 0.008643 -0.037776 -0.314034 -0.572622 -0.160223 -0.153268 0.048261 0.239485 -0.061866 0.149501 0.121735 0.118727 0.277275 0.222340 -0.088883 0.368512 -0.055695 
0.230584 0.409967 0.173264 0.051582 -0.004096 -0.352793 -0.195236 0.039616 0.080074 0.033023 0.212739 -0.170415 -0.168080 0.019405 -0.144873 0.295214 0.459226 0.216688 0.332361 -0.027923 
0.374194 0.375417 0.110350 0.142433 -0.025736 -0.291482 -0.174886 0.080829 0.045739 0.009385 0.264201 -0.193941 -0.024388 0.095295 -0.169932 0.258320 0.506570 0.280819 0.122918 -0.142663 
0.664190 0.437818 0.259579 0.017514 -0.174613 -0.055540 -0.194775 -0.033531 0.243648 0.022176 0.085391 -0.271151 -0.123903 0.149185 -0.172368 0.116874 0.169793 0.195366 0.028608 -0.210283 
0.427741 0.569093 0.207372 0.075203 -0.122263 -0.143570 -0.111383 -0.314230 0.002040 -0.055890 0.102864 -0.170894 -0.148021 0.009261 -0.067309 0.265537 0.193975 0.034645 -0.130644 -0.081286 
0.468869 0.405038 0.183575 -0.011316 0.025555 -0.002886 -0.120356 -0.177721 0.225270 -0.486626 0.114835 -0.379460 -0.094064 0.124509 -0.261767 0.308685 0.051969 -0.068064 -0.231980 0.159336 
0.390284 0.200364 0.066788 -0.000214 0.147609 0.280948 -0.005662 -0.127555 0.081107 -0.185544 -0.009756 -0.446612 -0.063529 0.138820 -0.367984 0.135816 0.011791 -0.022860 0.093004 0.083253 
0.384043 -0.049644 0.255800 0.253441 0.221615 0.105423 0.054527 -0.016108 -0.047595 -0.312227 0.433239 -0.022548 0.041134 0.277618 -0.349019 0.272291 -0.106368 -0.087486 0.094263 -0.132844 
0.544899 0.009061 0.204882 0.095423 0.394396 0.281169 0.057502 0.305182 -0.213515 -0.548426 0.151619 -0.136289 0.009998 0.003388 -0.231492 -0.063518 -0.302118 0.137049 -0.122911 -0.163708 
0.523432 0.164087 0.118147 -0.154069 -0.081150 0.370214 -0.170925 0.119997 0.014129 -0.668297 0.437422 0.101006 -0.214102 -0.213886 -0.011677 -0.066969 -0.112673 -0.095485 0.183901 -0.073614 
0.598288 0.282538 0.009596 0.007882 -0.116120 0.168822 -0.002828 0.036285 -0.085663 -0.423784 0.165668 0.404625 0.184263 -0.098644 -0.178978 0.161705 0.056718 0.091453 0.243038 -0.025464 
0.610181 0.226649 0.124467 -0.082473 -0.355084 0.292163 -0.014709 0.106168 0.151766 -0.637152 0.138261 0.386813 0.154129 -0.114582 0.002368 0.095705 -0.028404 0.024466 -0.112485 -0.323126 
0.285530 0.089619 0.209056 -0.010825 0.047711 0.184014 -0.338003 0.081431 0.179148 -0.326506 0.118918 0.252100 0.215798 -0.305809 0.051626 0.362165 0.054978 -0.037411 0.113511 -0.286435 
0.163737 0.108781 0.232841 0.037012 -0.046774 0.022376 -0.246849 0.035631 0.033044 -0.588634 -0.068610 0.533109 0.256805 0.035896 0.157368 0.418187 0.157048 -0.017181 -0.097939 -0.076934 
0.161348 0.026902 0.051586 0.006072 0.099700 0.004293 -0.116122 -0.143945 0.394639 -0.403634 0.121486 0.247252 0.141321 0.068733 -0.012030 0.489748 0.276908 0.093380 0.011580 0.006763 
0.076465 0.015296 -0.141434 -0.096567 0.092472 -0.018115 -0.291653 -0.045697 0.024050 -0.387474 0.352854 0.185568 0.128834 0.162061 -0.004771 0.440774 0.176230 0.196529 0.105325 -0.053640 
0.485340 0.068194 -0.208228 0.135192 -0.255289 0.381173 0.040246 0.218261 -0.011540 -0.469813 0.242879 0.119036 0.186883 0.007160 -0.027046 0.243350 0.254999 0.158513 0.403748 0.021498 
0.468821 -0.024042 -0.181096 -0.064556 -0.273308 0.419292 -0.284297 0.055754 0.064345 -0.168495 0.283119 0.243029 0.167232 0.092496 0.273915 0.322764 0.450494 -0.106420 0.527242 0.114664 
0.455812 0.095174 -0.429308 0.247742 -0.099326 0.192254 -0.098416 0.241011 0.136481 -0.305049 0.216118 0.420459 0.196935 -0.100800 0.098812 0.352341 0.339876 0.084199 0.457884 -0.331955 
0.375893 -0.059195 -0.448779 0.120360 -0.020050 0.045824 -0.002878 0.157683 -0.039524 -0.274131 -0.048068 0.388635 0.265712 0.031569 -0.012233 0.194991 0.446581 -0.093382 0.314390 -0.227722 
0.090595 -0.319216 -0.384425 -0.076501 -0.189451 0.183419 0.013496 0.249518 0.117893 -0.205353 0.211617 0.703411 0.234034 -0.085736 0.106789 0.476509 0.345608 -0.261916 0.403527 -0.527854 
0.036226 -0.331221 -0.482650 0.005981 -0.177281 0.157414 -0.093041 -0.003325 0.306475 -0.145349 -0.039503 0.705046 0.076682 -0.351724 -0.158678 0.619177 0.354681 -0.340648 0.171467 -0.033412 
0.037022 -0.192576 -0.457762 -0.019477 0.000235 0.356801 -0.065835 0.005385 -0.104098 -0.272775 0.114222 0.486874 -0.099176 -0.158444 0.100672 0.544683 0.523168 -0.305696 0.280386 -0.173791 
0.283218 0.011972 -0.575803 0.358080 -0.161012 0.445206 0.139909 0.257687 0.015318 -0.452255 0.268652 0.605886 -0.038256 0.005251 -0.134604 0.621980 0.372975 -0.131723 0.218432 -0.089420 
0.237614 0.003499 -0.471215 0.349133 -0.083273 0.480212 0.007699 -0.132904 -0.050095 -0.052725 0.308870 0.481706 0.108992 -0.184317 -0.017974 0.631528 0.208078 -0.059909 0.189858 -0.051659 
0.412761 -0.176917 -0.324529 0.063037 -0.013919 0.490675 0.129716 0.214461 0.204092 -0.023749 0.293521 0.411358 0.280429 -0.039800 -0.224475 0.472197 0.094278 0.084969 -0.004116 0.005857 
0.086315 -0.405499 -0.375602 0.020792 0.077145 0.407059 0.317455 0.137655 0.071649 0.365874 0.048328 0.226266 0.244327 0.089112 0.041239 0.292918 0.230669 0.056480 0.046958 -0.216454 
-0.151867 -0.632378 -0.129644 -0.242969 0.246139 0.345812 0.339947 -0.046909 -0.235814 0.327471 -0.059693 0.438066 -0.032974 0.128990 -0.239675 0.176451 0.488702 0.024519 0.224607 -0.207762 
-0.056086 -0.495039 -0.146542 -0.228258 0.176445 0.154276 0.414269 0.078164 -0.210551 0.749671 0.072257 0.620479 0.037827 -0.051443 -0.370958 0.201859 0.233791 0.114255 0.240275 -0.090639 
0.174404 -0.257572 0.034533 -0.300958 0.125507 0.397265 0.299552 -0.148402 -0.026606 0.581491 0.190022 0.400689 -0.261897 -0.043118 -0.496543 0.264783 0.262810 -0.186301 0.104635 0.043380 
0.602099 -0.486953 -0.112490 0.115779 0.066611 0.653463 0.678197 -0.270883 0.211089 0.178800 0.162894 0.155371 -0.348214 -0.035588 -0.509574 0.307236 0.149840 -0.182863 -0.016153 0.244051 
1.029727 -0.553539 -0.106691 0.281107 0.082864 0.963319 0.468480 -0.139136 0.136756 -0.342016 0.093199 0.341615 -0.408161 -0.198146 -0.509428 0.030093 0.143453 -0.102482 0.119484 0.218923 
1.198286 -0.508027 -0.022049 0.265142 0.038259 0.786956 0.734063 -0.367109 0.107071 -0.199796 0.167747 0.382982 -0.204497 -0.045904 -0.855075 -0.521295 0.260100 -0.314731 0.286397 0.001647 
0.970821 -0.663666 0.218636 0.115642 -0.032972 0.552247 0.427887 -0.728300 0.005891 0.023336 -0.016672 0.810107 -0.188035 -0.132962 -0.778110 -0.547397 0.734572 -0.280553 0.808812 -0.038660 
1.180275 -0.624452 0.499019 -0.365410 0.096151 0.047483 0.398240 -0.549023 -0.491350 0.302411 0.091934 0.941913 0.219371 -0.531693 -0.983763 -0.785755 0.698791 -0.419532 1.129076 0.138532 
