-1.271979 0.679343 0.399283 0.802837 -0.890312 0.133892 0.734754 -0.661805 -1.615888 -0.618921 0.607378 -1.099875 -3.796597 0.681847 -0.662379 -2.594547 
0.896343 0.450823 0.634431 -1.103605 -1.098123 -3.709351 -2.231046 1.021514 -7.467656 -0.616573 -0.130920 1.306136 -3.074627 -1.222774 -0.151925 -1.159090 
-1.241444 -1.200812 -0.169057 0.772834 1.459584 0.852054 0.307435 -0.641109 0.173892 -0.051717 0.428080 -1.464580 -3.994331 0.187604 0.423580 -5.001614 
-0.816801 -0.438259 0.615010 -0.493072 0.346989 -0.295315 -3.649991 0.876943 -1.264685 -0.093485 -0.661623 -0.632189 -0.443736 -0.552390 1.459200 0.228950 
0.666774 -1.472265 0.006491 -0.317639 -0.511371 0.514681 0.342197 0.108881 -0.358723 -0.018726 -0.396968 -1.888589 -0.239158 -0.440431 -0.013432 -1.507136 
0.695823 0.169718 0.307806 -1.610813 -1.736230 1.080274 -0.729231 0.373043 -0.271221 -1.517421 -0.121604 -0.655409 0.061074 0.507729 -0.525651 -0.029390 
0.359480 -0.116491 -0.441384 -3.011198 -1.654108 0.709711 0.039143 -0.724614 -1.725639 1.783552 -0.518570 1.444772 -1.172667 -0.325299 -0.858497 -6.374897 
-0.244484 -0.277883 -0.204083 1.081674 1.410373 0.461677 1.010938 -1.231749 0.046725 -1.719803 -1.391211 0.175225 0.883104 0.402399 -1.559408 -0.877047 
0.007960 -0.163243 0.362307 1.134968 -2.367915 0.737714 0.040346 0.525448 -1.822196 -1.104761 0.248652 -1.509271 0.060948 0.939002 0.343801 -1.460641 
0.406953 -0.344781 -1.407159 -0.013591 -0.070922 0.643941 1.095270 0.041154 0.462132 -0.933662 -0.208014 1.184127 0.893349 0.921234 -0.161570 -1.431358 
0.672460 -0.632076 -0.195342 1.015475 0.443461 -0.456070 0.463748 0.427745 -0.490294 0.633692 -0.134310 -0.330119 -0.292527 -0.679706 -0.172282 -2.613191 
0.142299 0.527463 0.053006 -4.256696 -2.549293 0.809746 0.463707 -0.898620 -2.844152 -0.265935 0.393695 -0.421049 -0.849118 0.357793 -1.868430 -0.486201 
-1.410463 0.587011 -0.193256 1.161969 1.168857 -0.127460 -0.001865 -0.866165 -3.964666 -1.997142 0.067950 -12.095745 1.081338 0.199085 0.177912 -6.189977 
-0.841749 -0.815078 0.232987 0.960153 0.457764 0.326300 -0.515338 -0.258892 -0.518758 2.109105 -0.104572 -3.024855 -0.996313 0.227050 -0.001303 -10.633161 
0.154516 -0.674091 0.461480 1.933208 1.144218 0.540059 0.209333 0.595606 -0.183017 -1.501329 0.317209 -1.211733 -1.186502 -0.442411 -0.411978 -2.641983 
0.325744 0.283234 0.409714 -2.250373 0.778683 -2.530481 -0.178677 0.647636 0.229815 -1.118022 -0.397400 0.503265 0.729114 -0.684623 -0.154816 0.891313 
-1.377718 -0.013540 -0.269718 -0.206871 0.564194 -0.550407 0.461865 -0.447893 -4.959432 1.631994 -1.477707 -0.264084 -3.476315 0.756503 -6.501225 -1.533435 
0.808959 -0.503848 -0.330765 -1.771055 1.765699 -0.416487 -0.199091 -0.569668 0.893141 0.911139 0.263488 -0.615406 -1.496459 -0.637392 -0.322488 0.726278 
0.306679 0.338123 0.402498 -0.213603 -0.751607 -1.478244 -0.737351 -0.033003 -1.266980 -0.297718 -0.358729 -0.000065 -0.801200 0.408564 -0.767084 0.458553 
1.377353 -0.178984 -0.108791 0.049348 -0.057926 -1.019430 -1.375164 0.162144 0.033567 1.308938 -0.084752 -0.451896 -2.993898 -0.590218 -5.769945 0.213057 
-0.088599 0.490998 -0.208309 -0.009177 -0.412881 -5.047765 -3.298904 -0.275752 0.706767 1.088593 0.154540 0.800977 0.584042 -2.199201 -0.949351 0.020732 
0.028206 0.806266 0.237702 0.181943 -3.159307 0.905467 0.715758 0.270527 -1.468304 -0.335591 -0.332138 -1.134192 -2.603720 0.521409 -0.919579 0.019020 
