1.196258 -0.099311 1.377785 -1.694194 -0.003785 -0.010682 -0.171425 -0.109749 0.725172 0.082698 1.572107 -0.358532 -0.118458 -0.433732 -0.090205 0.707725 -0.240910 -0.765471 0.132283 0.342245 -0.624683 0.520955 -0.076251 0.051411 
0.738625 -0.091287 1.154586 -1.417694 -0.050278 0.158335 -0.173802 0.100570 0.419896 -0.123255 1.556100 -0.487642 0.080052 -0.211647 -0.217044 0.721471 -0.204958 -0.660723 -0.086756 0.221586 -0.727542 0.225635 -0.041396 0.455915 
0.653457 0.045000 0.938767 -1.363157 -0.236089 0.042282 0.115956 -0.045645 0.272039 0.031213 1.328857 -0.704921 -0.080832 0.128400 0.033475 0.630202 -0.022220 -0.885012 -0.299918 0.224782 -0.719763 -0.033925 -0.158789 0.399181 
0.677990 0.112573 0.559681 -1.303283 -0.463596 0.041101 0.010797 0.162230 0.363032 0.202072 1.130723 -0.479077 0.026130 0.120903 -0.030573 0.403037 -0.064071 -0.880346 -0.361407 0.190555 -0.592771 0.051498 -0.348331 0.672121 
0.683632 -0.008649 0.435410 -1.203180 -0.289021 0.065965 -0.139899 0.185507 0.304814 0.242687 1.036273 -0.255729 0.033657 0.095666 0.224561 0.596059 -0.208261 -0.914079 -0.448915 0.142119 -0.725915 0.029187 -0.302643 0.385622 
0.658776 -0.097583 -0.004358 -1.111124 -0.159284 -0.033068 -0.185087 0.264011 0.184263 0.138372 0.972775 -0.184205 0.014720 -0.102080 0.097879 0.248257 -0.372003 -0.557740 -0.229416 -0.030170 -0.689796 0.067619 -0.160021 0.475714 
0.564897 -0.370476 -0.454267 -0.908400 -0.048213 0.167851 -0.157463 0.275830 0.143955 0.342624 0.995577 -0.201619 0.065682 -0.065008 -0.186124 0.332433 -0.153631 -0.371384 -0.005569 -0.133107 -0.306332 0.045513 -0.299342 0.589813 
0.243144 -0.537213 -0.374462 -0.919811 -0.048316 0.310932 -0.208314 0.243244 -0.084962 0.160977 0.853448 -0.097490 0.018012 -0.011523 -0.170277 0.226355 -0.174148 -0.451882 0.009882 0.081781 -0.490100 0.260362 -0.334086 0.676157 
0.376252 -0.282345 -0.686198 -0.524211 -0.085939 -0.021130 -0.316611 0.342754 -0.073363 0.285326 0.774462 -0.080711 0.202799 -0.084366 -0.225360 0.033348 -0.161272 -0.424894 0.202279 -0.358624 -0.502564 0.287026 -0.124879 0.690536 
0.156348 -0.501115 -0.471659 -0.725337 0.261078 0.202191 -0.370934 0.386846 -0.304264 0.354125 0.758709 -0.062988 0.136687 0.030394 -0.099160 0.007126 0.069794 -0.017782 0.079855 -0.498023 -0.380946 0.126825 -0.049712 0.450402 
0.252812 -0.498076 -0.516950 -0.629480 -0.055858 -0.061834 -0.323231 0.381514 -0.240393 0.221903 0.927877 0.073282 0.193438 0.025484 0.211363 0.295493 -0.256199 -0.314183 0.026923 -0.480045 -0.016501 -0.038665 -0.142350 0.396965 
0.393437 -0.431913 -0.487904 -0.585159 -0.043067 -0.201445 -0.082836 0.071154 -0.163964 0.676482 0.723890 -0.072248 -0.042581 0.070187 0.078098 0.010934 -0.013394 -0.366519 -0.209167 -0.417963 0.278409 -0.069142 -0.102131 0.421402 
0.218260 -0.560974 -0.617468 -0.368760 -0.038450 -0.144175 -0.093632 0.037305 -0.454115 0.481317 0.660376 0.029696 -0.236942 0.053171 0.190969 0.033502 -0.201831 -0.285205 -0.363241 -0.180076 0.267859 0.119440 0.078469 0.329410 
-0.046787 -0.378811 -0.707361 -0.072307 -0.316506 -0.200636 -0.018136 0.400272 -0.520468 0.529214 0.821589 -0.100447 0.011159 -0.029111 -0.095680 0.091489 -0.100536 -0.175080 -0.248614 -0.206205 0.172138 0.226230 0.279390 0.293880 
0.038366 -0.193821 -0.907832 0.146893 -0.204333 -0.119442 -0.126166 0.357727 -0.633736 0.209261 0.656118 0.170884 -0.061983 0.100010 -0.316360 0.179356 -0.104498 -0.315003 -0.483695 -0.117633 0.166318 0.090381 -0.081147 0.334461 
0.128709 -0.225451 -0.829401 0.082548 0.028657 0.118347 -0.105241 0.485125 -0.629259 -0.033415 0.692676 0.061183 0.024729 -0.231749 -0.037343 0.135099 -0.417044 -0.383964 -0.198742 0.173979 -0.162371 0.024612 0.156415 0.099450 
-0.039537 -0.438655 -0.639329 0.064791 -0.236327 0.129490 0.018713 0.860210 -0.489565 -0.138309 0.543654 0.333377 0.303366 0.107162 0.126365 0.229515 -0.413014 -0.003612 -0.130823 0.017147 -0.083572 0.010579 0.250539 0.087339 
0.113547 -0.374032 -0.454683 0.051348 -0.035821 -0.005212 0.094398 0.521471 -0.419502 0.002450 0.472244 0.195098 -0.104645 0.062241 0.249362 0.283996 -0.590744 0.270883 -0.227343 0.001499 0.039428 -0.069376 0.246994 0.076868 
-0.329917 -0.337511 -0.024050 0.280344 0.097094 -0.264377 0.010344 0.349223 -0.160346 -0.037877 0.452691 0.280663 -0.061763 0.477418 0.230243 -0.124865 -0.566226 0.364801 -0.066233 -0.198454 -0.142245 -0.374750 0.068963 -0.024733 
-0.207267 -0.446543 -0.006633 0.295852 -0.007094 -0.452441 -0.034799 0.624414 -0.217331 -0.211849 0.575053 0.514877 0.008009 0.137255 0.169443 -0.329754 -0.418682 0.377384 0.147862 -0.127816 0.104867 -0.325672 0.102238 0.055739 
-0.028679 -0.491060 0.022321 0.493360 -0.047743 -0.488576 0.170050 0.662748 0.069211 -0.254275 0.484322 0.721724 -0.085408 0.090620 -0.309498 -0.271423 -0.558038 0.432496 -0.034852 0.358986 -0.070927 -0.463831 -0.224824 0.221142 
-0.130980 -0.681669 0.124668 0.350654 -0.141336 -0.563377 0.177205 0.355907 0.215246 -0.218954 0.339495 0.587242 0.067355 -0.082437 -0.349172 -0.554573 -0.405987 0.133871 -0.126554 0.250023 0.429938 -0.584944 -0.270020 0.170389 
-0.388833 -0.715156 0.192403 0.495848 0.154895 -0.303440 0.155411 0.255607 0.105894 0.000626 0.348912 0.630061 -0.058222 -0.233061 -0.195592 -1.110633 -0.145015 0.359549 -0.233057 0.259727 0.533660 -0.543203 -0.137670 0.322947 
-0.517038 -0.737593 0.108374 0.429749 0.511241 -0.618881 0.027360 0.123700 0.245661 -0.172038 0.238459 0.421449 -0.203699 -0.087163 -0.437334 -1.103379 -0.203690 0.399575 -0.159985 0.077586 0.643527 -0.764163 -0.389450 0.272555 
-0.613934 -0.741304 0.124018 0.564622 0.185303 -0.722375 0.114642 0.195308 0.432263 -0.360406 0.079377 0.319127 -0.191773 -0.044504 -0.406599 -1.406594 -0.355924 0.239940 -0.265373 -0.050291 0.561430 -0.489052 -0.328825 0.468929 
-0.455670 -1.134738 0.058830 0.566670 -0.103998 -0.569334 -0.024873 0.210338 0.338255 -0.325093 -0.252493 -0.050203 -0.211646 -0.153012 -0.117023 -1.209865 -0.252386 0.184783 -0.135940 -0.234984 0.450529 -0.309503 -0.231305 0.678081 
-0.634445 -1.092081 0.132535 0.552612 -0.144128 -0.466067 -0.385261 0.305032 0.498148 -0.402745 -0.121632 -0.199199 0.151860 0.052941 0.198079 -1.283946 -0.358056 0.293482 0.035975 -0.181781 0.517457 -0.127019 -0.340099 0.528976 
-0.262670 -0.991210 0.588182 0.571774 0.046588 -0.354385 -0.152607 -0.015104 0.630795 -0.215293 0.204388 0.053126 -0.014796 0.114533 0.123735 -1.027333 -0.369710 0.206365 0.193220 -0.277020 0.726646 -0.107275 -0.265678 0.090911 
-0.218691 -0.789567 0.300011 0.718898 0.131254 -0.273394 -0.372428 -0.075548 0.490997 0.105380 0.271136 0.082446 0.094933 0.244224 0.026543 -0.752966 -0.479708 0.607329 -0.126351 -0.245314 0.569680 -0.082239 -0.511829 0.036515 
-0.156996 -0.542090 0.120269 0.889413 0.031010 -0.096010 0.085345 -0.056245 0.359159 0.013160 0.275627 0.108401 -0.016967 0.014384 -0.235458 -0.626896 -0.359638 0.741013 -0.188169 -0.133183 0.492169 -0.057327 -0.388515 0.222077 
-0.384742 -0.513744 0.143744 0.781037 0.051437 0.110071 0.075835 -0.392640 0.440595 -0.086644 0.195975 0.273414 -0.130112 0.006920 -0.206876 -0.666847 -0.492038 0.532692 0.003485 0.054770 0.526701 -0.103557 -0.438251 0.353191 
-0.402882 -0.662766 -0.183661 0.922495 0.299868 0.129902 0.124894 -0.715488 0.210185 0.041007 -0.222333 -0.142442 -0.035105 0.023572 -0.268117 -0.424466 -0.321090 0.333795 0.090347 -0.056233 0.285146 -0.215226 -0.343461 0.119834 
-0.354150 -0.757546 -0.288738 0.942103 0.135100 0.099091 -0.191165 -0.486326 0.152582 0.150167 -0.362348 -0.288855 0.251361 0.025376 -0.283287 -0.274962 -0.254917 0.655307 0.044743 0.161555 0.388775 -0.350535 -0.307670 0.149008 
-0.449966 -0.494894 -0.126262 1.064085 0.136561 0.029521 -0.047811 -0.729060 0.121481 -0.053606 -0.182817 0.083050 0.166388 0.066099 0.035005 -0.166930 -0.266511 0.517885 0.094640 -0.065700 0.130127 -0.310041 -0.393735 0.061917 
-0.395131 -0.676538 0.000387 1.043035 0.393406 -0.003043 -0.204097 -0.672940 0.183520 -0.023409 -0.363746 0.414386 0.300446 -0.008709 -0.098169 0.089679 -0.068854 0.565339 0.046365 -0.066118 0.179733 -0.430649 -0.343862 -0.342994 
-0.440728 -0.283727 0.380564 1.090286 0.232436 -0.105335 -0.137719 -0.828382 -0.101013 -0.022613 -0.197431 0.336251 0.306310 0.006367 -0.232353 -0.022418 -0.012558 0.590697 -0.300402 -0.279400 0.372671 -0.639699 -0.154472 -0.412486 
-0.416908 -0.426901 0.322446 0.945465 0.442189 0.096167 -0.151175 -0.673057 0.046654 0.066575 -0.365429 0.664221 -0.020542 -0.029739 0.006577 0.433635 -0.040935 0.707407 -0.636351 -0.855953 0.618982 -0.350182 0.042238 -0.440803 
-0.283414 -0.348297 0.461555 0.814541 0.401464 -0.025353 -0.112803 -0.782100 0.016555 -0.114553 -0.430045 0.722706 0.233667 0.042527 -0.273025 0.704980 0.102939 0.659024 -0.731847 -0.677463 1.136276 -0.248466 0.088654 -0.293782 
-0.557862 -0.392157 0.426094 0.666681 0.258112 0.148045 0.061065 -0.750568 -0.256635 0.004764 -0.522655 0.621346 0.126669 0.013182 -0.300558 0.907986 0.141566 0.425926 -0.602978 -0.695339 1.399830 -0.127179 0.135988 -0.226682 
-0.106453 -0.329311 0.646387 0.538147 0.441139 -0.131399 0.293476 -1.070535 0.065499 0.138731 -0.722184 0.880625 0.110185 0.119713 -0.352631 1.065018 0.237508 0.428335 -0.698207 -0.749334 1.324227 0.062192 0.010258 -0.407733 
-0.144618 -0.130266 0.195107 0.399432 0.299265 -0.163119 0.171558 -1.073444 0.181957 0.395077 -0.860743 0.542064 0.419614 0.195664 -0.326251 1.112052 0.192159 0.367917 -0.713436 -0.663669 1.478219 -0.113813 -0.182668 -0.201961 
-0.114698 0.033831 0.076999 0.298030 0.599921 -0.286846 0.064452 -1.138767 0.528233 0.371777 -0.980115 0.597963 0.126299 0.247697 -0.323693 0.947716 0.240885 0.438431 -0.759147 -0.613813 1.305866 -0.179701 -0.364639 -0.167630 
-0.214439 -0.024469 0.151026 -0.024944 0.740411 -0.232308 0.033241 -1.124155 0.460962 0.568623 -0.941646 0.418127 0.056413 -0.044605 -0.399097 1.189341 -0.021294 0.541794 -0.658444 -0.358682 1.310161 -0.178617 -0.183849 -0.355746 
-0.215699 -0.101598 0.311177 0.058911 0.730006 0.065043 -0.053129 -1.141411 0.164971 0.270313 -0.994400 0.510681 -0.032888 0.180970 -0.258881 1.064698 -0.021224 0.408515 -0.610963 -0.219662 1.045533 -0.176658 0.039747 -0.574932 
-0.261179 -0.002456 0.113849 0.135524 0.666050 -0.128229 -0.246298 -0.849055 0.256749 0.282720 -0.777402 0.473230 -0.117139 0.025143 -0.304036 1.005819 -0.210449 0.414240 -0.723332 -0.222786 0.761106 -0.258258 0.082137 -0.743153 
-0.111747 0.118784 0.141500 -0.054797 0.425245 -0.237352 -0.314781 -0.770948 0.315023 0.445207 -0.976669 0.600217 0.110952 0.295488 -0.341145 0.766901 -0.207132 0.235558 -0.463197 -0.221085 0.595434 -0.236494 -0.036946 -0.580499 
-0.308717 -0.036748 0.208459 0.181309 0.141975 -0.255275 -0.148991 -0.467110 0.381876 0.387984 -0.951182 0.203686 0.388284 0.440324 0.012014 0.347085 0.076981 0.148385 -0.063603 -0.098918 0.350855 -0.301079 0.185766 -0.753478 
-0.449174 0.465659 -0.168579 0.369425 0.151471 -0.284192 -0.128908 -0.383929 0.493046 0.579927 -0.961130 0.260837 0.163046 0.511979 -0.306142 0.245813 0.080468 0.156857 -0.042757 0.130854 0.426828 -0.255348 -0.276081 -0.679928 
-0.281574 0.658051 -0.226831 0.346037 0.166419 -0.164813 -0.131167 -0.330699 0.439920 0.506715 -1.033543 0.109942 -0.025296 0.268855 -0.355310 0.107879 0.136452 -0.018756 -0.020488 0.058526 0.130963 -0.019551 -0.348848 -0.933601 
-0.317613 1.283359 -0.200902 0.326642 0.005368 0.207203 -0.077093 -0.528183 0.722187 0.638278 -0.710784 0.026529 0.110456 0.238439 -0.483144 -0.117141 0.287617 0.053697 0.121741 0.196640 -0.131712 0.333753 -0.092814 -0.758597 
-0.444505 1.422579 -0.125676 0.352398 -0.133750 0.043941 -0.101427 -0.452348 0.794624 0.686696 -0.889555 -0.253399 0.125245 0.067988 -0.218499 -0.543580 0.422839 -0.206826 0.310600 0.122170 -0.194975 0.595788 -0.447360 -0.791534 
-0.560399 1.404319 0.150373 0.135527 0.248572 0.230846 -0.356823 -0.070443 0.660308 0.681901 -0.884905 -0.106342 0.085706 0.062433 -0.073135 -0.491655 0.546893 -0.095500 0.487813 0.258971 -0.104943 0.731472 -0.289725 -0.917599 
-0.544387 1.374580 0.052599 -0.025312 0.731962 0.041307 -0.414334 0.155398 0.599053 0.459893 -0.943620 -0.413841 0.126061 0.022862 -0.112954 -0.691250 0.634372 -0.005735 0.378187 0.438089 -0.206734 0.773447 -0.204336 -1.146432 
-0.666461 1.494722 0.023735 0.009551 0.765787 0.096295 -0.366099 0.357585 0.350705 0.140414 -0.832094 -0.105195 0.124965 0.051268 -0.485796 -0.695337 0.578309 0.012898 0.591815 0.082209 -0.401713 0.665553 -0.027074 -1.001612 
-0.653067 1.441745 -0.240869 0.100442 0.564095 -0.099491 -0.474457 0.409045 0.321380 0.158892 -0.626784 -0.069628 0.236830 -0.008221 -0.202297 -0.463494 0.699922 0.237376 0.376540 0.174232 -0.239993 0.947537 -0.122523 -0.817451 
-0.399482 1.102181 0.047368 -0.063154 0.639069 0.216284 -0.281890 0.442921 0.323138 0.409457 -0.408840 -0.102208 0.082432 0.000686 -0.425919 -0.749878 0.805032 -0.027894 0.554641 0.242488 -0.290461 0.741236 0.013781 -1.095769 
-0.405704 1.156798 0.230533 0.051903 0.432566 0.350165 -0.100612 0.413704 0.170873 0.604255 0.015628 0.035823 0.012251 -0.012556 -0.253256 -0.781706 0.649645 0.124116 0.539871 0.217098 -0.406685 0.726302 0.080708 -1.267026 
-0.292531 1.238235 0.017231 0.291086 0.430208 0.426253 0.048939 0.114194 0.370639 0.278109 -0.107267 0.248753 0.050971 0.149446 0.039146 -0.886213 0.788106 0.069701 0.360795 -0.122834 -0.342289 0.652438 -0.271810 -1.198752 
-0.266895 1.299591 -0.415238 0.442688 0.233402 0.709383 0.283806 -0.351108 0.098645 -0.200025 -0.103061 0.515398 -0.202444 -0.114015 -0.310005 -0.993209 0.836338 0.260658 -0.456320 -0.203861 -0.471615 0.680524 -0.306822 -1.091949 
-0.404431 1.437084 -0.784551 0.778479 0.200486 1.061653 0.368592 -0.510551 0.311817 -0.379570 -0.300202 0.510190 -0.259110 -0.088155 -0.563919 -0.914608 0.667098 0.065995 -0.494962 -0.183119 -0.310089 0.723514 -0.523806 -0.612547 
-0.316011 1.388105 -0.596390 0.408164 0.193474 1.153682 0.647554 -0.202823 -0.015913 -0.065992 -0.286398 0.131041 -0.652867 -0.469067 -0.392887 -0.901437 0.853170 0.300759 -0.282662 -0.361716 -0.400984 0.366292 -0.272871 -0.682810 
-0.314153 1.037848 -0.545439 0.540641 -0.170759 0.670097 0.815835 0.190875 0.124836 0.081617 -0.334361 -0.131964 -0.791632 -0.100945 -0.177137 -0.706263 1.012357 0.273264 0.251060 -0.487208 -0.272660 0.085018 -0.205957 -0.581974 
-0.002081 0.591994 -0.580832 0.549956 -0.323576 0.472125 1.327968 0.234326 0.133342 0.302179 -0.317583 -0.404587 -0.465775 -0.135565 -0.301547 -0.730673 1.134761 0.246782 0.567892 -0.446620 -0.012955 -0.063021 -0.228905 -0.728300 
0.076200 0.333769 -0.919393 0.495385 -0.495249 0.249110 1.214036 0.539772 0.331425 0.021485 -0.528924 -0.478448 -0.091438 -0.099886 0.016212 -0.590252 1.056082 0.243940 0.590469 -0.532427 -0.201247 -0.275231 -0.252069 -0.590831 
-0.099999 0.316010 -1.372214 0.257996 -0.890735 0.473540 0.836523 0.383033 0.289540 -0.047010 -0.510944 -0.312974 0.007584 -0.261498 0.018263 -0.437773 0.719171 0.249363 0.623160 -0.376184 -0.239843 -0.039736 0.172284 -0.458353 
0.113551 0.119463 -1.419140 0.107518 -1.084863 0.675594 0.953969 0.325713 0.357265 -0.301827 -0.919681 -0.092760 0.083747 -0.462072 0.081839 0.148684 0.579700 0.144866 0.461782 -0.431919 -0.049748 -0.062963 0.070947 -0.295258 
-0.044755 0.312321 -1.441864 -0.200428 -1.280328 0.730825 0.626156 0.208334 0.305800 -0.407209 -0.837892 -0.248618 0.043131 -0.414821 -0.041373 0.496508 0.249691 0.357508 0.349854 -0.234649 -0.288529 -0.115059 0.223020 0.171313 
-0.086501 0.182194 -0.853753 -0.433213 -1.363232 0.573595 0.320411 -0.073023 0.095607 -0.194292 -0.558557 -0.275674 0.068479 -0.362533 -0.350314 0.629551 0.068574 0.005820 0.293818 0.076495 -0.588576 -0.095149 0.198489 0.180839 
-0.237229 0.469974 -0.424408 -0.645804 -1.112947 0.641742 -0.005138 -0.279028 -0.454445 -0.177270 -0.365155 -0.313410 0.217168 -0.475556 0.081728 0.706919 0.006453 0.241681 0.220477 0.495794 -0.480106 0.329402 0.205556 0.665489 
-0.350390 0.735452 0.046348 -0.693084 -0.963057 0.686753 -0.003712 -0.120922 -0.571692 -0.198342 -0.164202 0.053999 0.309347 -0.420164 0.042313 0.676582 -0.092487 -0.014687 0.282969 0.852359 -0.251712 0.144969 -0.013023 0.657724 
-0.299534 0.841773 0.688556 -0.766005 -0.950024 0.290625 -0.582240 0.212817 -1.155639 0.036705 -0.142335 -0.016228 0.592594 -0.306834 -0.144577 0.419852 -0.261921 -0.090868 0.327307 0.808845 -0.152391 0.147395 0.002229 0.390362 
-0.117635 0.238992 0.735500 -0.871134 -0.890475 0.446020 -0.339532 0.760032 -1.103927 -0.330056 -0.076685 0.315245 0.361221 0.331487 0.013221 0.495269 -0.681209 0.186197 0.372407 0.895321 -0.022970 -0.254562 0.069488 -0.232567 
0.359003 0.066642 0.696270 -1.115940 -1.007908 0.334734 -0.371996 0.787084 -1.141317 -0.290081 0.092171 0.141067 0.290802 0.288966 0.617166 -0.070123 -0.468341 0.362994 0.532356 0.905787 0.173687 -0.396957 0.318268 -0.723476 
0.250393 0.055623 0.517059 -1.072401 -1.227562 0.659497 -0.163262 0.828004 -1.103470 -0.300246 0.159208 0.073806 0.127690 0.550528 0.555660 0.287521 -0.158485 0.054661 0.655866 0.810371 0.127521 -0.740992 0.030076 -0.613154 
0.174975 -0.329182 0.958976 -0.933375 -1.191794 0.603355 -0.179065 0.362979 -1.075027 -0.068023 0.576625 -0.104823 0.175481 0.544174 0.087406 0.403568 0.304662 -0.044085 0.679628 0.322670 0.112050 -0.932891 -0.047367 -0.263855 
-0.319672 -0.107161 1.099852 -0.907700 -1.042286 0.642637 -0.094832 0.243538 -0.814261 0.037699 0.485281 -0.299808 0.489786 0.461581 -0.156046 0.467669 0.566277 -0.409281 0.934343 0.166988 -0.082689 -1.065666 0.178008 -0.363205 
-0.367924 -0.150153 1.089553 -0.564256 -0.854062 0.596850 -0.104881 0.187105 -0.825953 0.006359 0.150197 -0.828414 0.659757 0.137027 -0.154034 0.432656 0.534407 -0.995349 0.844072 -0.202276 0.059702 -1.291545 0.239192 -0.237294 
-0.369069 -0.158126 0.814102 -0.134839 -0.547936 0.292252 -0.047805 0.273736 -0.624847 -0.355410 0.116555 -0.780265 0.892301 -0.196073 -0.497162 -0.037721 0.243033 -1.855995 1.114595 -0.328634 -0.119247 -1.288852 0.636759 -0.320766 
-0.114781 -0.223994 0.566953 0.176083 -0.706971 -0.320959 -0.063819 0.391374 -1.095197 -0.444897 0.043393 -0.450474 1.046145 -0.436956 -0.626593 -0.316056 -0.401615 -2.066629 0.547440 -0.140282 -0.046047 -1.408777 0.352791 -0.438355 
-0.000057 0.327860 0.696048 0.591047 -0.472159 -0.461694 -0.117413 0.225432 -1.320577 -0.088706 0.003704 -0.266318 0.933803 -0.635178 -0.694289 -0.706200 -0.979991 -1.747363 -0.261494 -0.491686 -0.051967 -1.099921 0.435657 -0.233877 
-0.024208 0.622401 1.130381 0.437583 -0.363464 -0.252159 -0.289478 0.295483 -1.547826 -0.312142 0.065624 0.206731 1.207872 -0.958477 -1.059550 -0.680565 -0.987221 -0.567278 -1.159602 -0.370758 -0.372678 -0.670166 0.235080 -0.232320 
-0.246416 0.445377 0.687090 0.226936 -0.376520 -0.004200 -0.210542 0.797752 -0.627945 -0.179561 0.070940 0.373514 1.025465 -1.196900 -1.208134 -0.254897 -1.047586 0.415027 -1.389210 -0.725159 -0.244685 -0.348775 0.558719 -0.002692 
-0.188178 0.203247 -0.099491 -0.445083 -0.367967 0.277959 -0.552528 0.897669 0.211052 -0.145194 0.207342 -0.059907 0.380897 -1.202825 -0.794233 -0.001294 -0.469942 0.592813 -1.077031 -0.366069 -0.562149 -0.365035 0.724009 0.215015 
-0.117444 -0.169224 -1.108082 -0.475497 -0.481432 0.788996 -0.803789 0.738532 0.662297 -0.001812 0.139080 -0.556574 -0.105082 -1.215640 -0.220982 0.285611 0.077438 0.820343 -0.300719 -0.086172 -0.357018 -0.367566 0.460031 0.278564 
0.618226 -0.354626 -1.214335 -0.180529 -0.226602 0.459593 -0.913311 0.469013 1.073130 0.213864 -0.055830 -0.868588 -0.597639 -0.555974 0.244254 0.448049 0.117831 1.062333 0.160439 -0.199094 -0.039643 -0.691288 0.039460 0.457551 
1.057622 -0.158081 -1.027792 0.109204 0.141921 0.096433 -0.473300 0.336325 0.572085 0.010824 0.089362 -0.760234 -1.104625 0.133375 0.277415 0.188514 0.272760 0.725176 0.225489 -0.036668 0.352463 -0.788155 0.044998 0.704105 
0.823293 0.302232 -0.488377 0.615934 0.370696 -0.097704 -0.369075 -0.199265 -0.207002 -0.059555 0.080647 -0.469958 -1.009670 0.233970 -0.229320 -0.436753 0.206726 0.448730 -0.075516 0.181268 0.435049 -0.242934 0.038429 0.824794 
0.293494 0.733584 0.057511 0.441680 0.572952 0.135821 -0.243215 -0.930822 -0.882259 -0.111425 0.177986 -0.231082 -1.427933 0.205359 -0.260143 -0.141658 0.159751 0.333701 -0.246705 0.454398 0.388869 0.408164 0.301604 0.889062 
-0.546913 0.240965 0.343432 0.456813 0.389632 0.075337 -0.030907 -0.933506 -1.095827 0.044717 0.414800 -0.311537 -1.978524 0.177641 0.212388 -0.079130 0.096551 0.376883 -0.472867 0.887157 0.200987 0.769126 0.420547 1.129056 
-1.378473 -0.457032 0.029493 0.071642 -0.041693 -0.254348 0.795899 0.157787 -0.701620 -0.145142 0.177886 0.028728 -2.425771 0.905990 -0.203226 -0.344262 0.443274 -0.006534 -0.438708 0.726044 -0.085242 0.765184 0.698308 0.646048 
-1.127781 -0.707109 -0.343408 -0.327776 -0.240257 -0.549204 0.724012 0.844774 -0.215250 -0.133295 0.146964 0.255931 -2.427952 1.672127 -0.066268 -0.565213 0.557008 0.163500 0.138783 0.196723 -0.530627 0.564864 0.847917 0.269494 
-0.125675 -0.278171 -0.650608 -0.376874 -0.203784 -0.780990 -0.099510 0.214437 0.023013 0.100326 0.099418 0.571050 -2.510431 2.155644 0.722108 0.135111 0.210587 -0.053779 0.383120 -0.358582 -0.640511 0.011073 0.507452 -0.535294 
1.156081 0.007903 -0.537834 -0.388338 0.112771 -0.452539 -0.554629 -0.323285 -0.114471 0.008140 0.142018 1.033452 -1.895616 2.067078 0.859332 0.533415 -0.018857 -0.303193 0.417963 -1.111030 -0.691003 -0.098626 0.358763 -0.679020 
1.461447 0.471719 -0.513372 -0.347342 -0.023480 -0.222454 -0.208779 -0.639942 -0.024395 0.333889 -0.277958 0.964002 -0.972913 1.545916 0.509434 0.489754 0.062347 -0.000368 0.267786 -0.821815 -0.943641 -0.219392 0.505113 -0.593760 
0.695196 0.396278 -0.718484 -0.318987 0.268408 -0.007895 0.294571 -0.267115 -0.079173 0.582424 0.176801 0.129266 0.113286 0.878624 -0.123002 0.162234 0.287907 0.501997 0.513560 -0.555953 -0.598722 0.415133 0.792271 -0.364058 
-0.687199 0.613842 -0.741271 0.006006 0.182043 0.109346 0.333406 0.679297 -0.360652 0.437026 0.263938 -0.820306 0.508866 0.536656 -0.484940 -0.452102 0.586449 0.879221 0.341833 -0.055491 0.230746 0.634198 0.704042 0.027411 
-0.576785 0.022959 -0.530383 0.360063 0.199047 -0.010141 0.094889 0.596010 -0.414371 0.248919 0.578522 -1.269928 0.844716 0.339138 -0.730401 -0.188990 -0.082969 0.497846 -0.252846 0.267637 0.781453 -0.542782 0.120728 0.473853 
-0.486406 -0.427342 -0.705419 0.507584 0.524708 -0.214278 -0.293831 0.291253 -0.633969 -0.193099 -0.101631 -1.365237 0.803953 0.178269 -0.813000 0.549061 -0.582694 -0.105420 -0.782357 1.212432 0.480371 -1.343205 -0.421643 0.453069 
-0.760772 -1.143855 -0.201463 0.234468 1.382028 -0.263471 -0.463635 0.223540 -0.395641 -0.582668 -0.495063 -1.160119 0.298074 -0.456628 -0.599889 0.933441 -0.261991 -0.495509 -0.256971 1.182073 0.034589 -0.885028 0.014049 0.676778 
-0.396981 -1.261825 0.235996 -0.212577 1.027032 -0.186510 0.353067 -0.320946 -0.212239 -0.606854 -0.384835 -0.888707 -0.324735 -0.857945 -0.170191 1.027385 -0.439582 -1.059233 -0.704716 1.010729 -0.119059 -0.735994 0.544374 0.547225 
0.491619 -0.984893 0.301630 -0.217335 0.236408 0.117282 0.962966 -0.916276 -0.400240 -0.772686 -0.062085 -0.016298 -0.731092 -0.895298 0.229181 1.103902 -0.156156 -1.017586 -0.905464 0.308609 0.141277 -0.571130 0.678973 0.137730 
0.744590 -0.353378 0.659538 -0.181244 -0.292457 0.057816 1.227500 -1.279096 -0.293484 -0.866934 0.068041 -0.141619 -0.787896 -0.974271 0.104622 1.014896 0.132346 -0.685423 -1.158449 -0.111981 0.223137 -0.341556 0.784930 0.171719 
0.814132 -0.203028 0.626605 -0.054996 -0.407030 -0.040670 0.506706 -1.282734 -0.269963 -1.232587 0.171240 -0.259689 -0.448432 -0.581504 0.179993 1.051485 0.295520 -0.457703 -1.169496 -0.403393 0.049799 0.277481 1.193594 -0.232112 
0.251809 0.294572 0.656952 0.015310 -0.597949 -0.688821 -0.082888 -0.931310 -0.449027 -1.235752 0.152584 -0.113889 -0.162859 -0.691239 0.176085 1.082885 0.942975 -0.470119 -1.008189 -0.359225 -0.127674 0.760382 1.085004 -0.313086 
0.263484 0.370558 0.941088 0.392857 -0.515836 -1.303958 -0.327991 -0.710295 -0.637340 -1.276214 0.216239 -0.426604 0.165025 -0.087578 -0.118482 0.693029 1.020442 -0.564065 -0.383926 -0.371171 -0.528648 0.729562 0.633759 -0.299676 
0.133130 0.722595 0.683828 0.708154 -0.378082 -1.938697 -0.462821 -0.297429 -0.568641 -1.409364 0.151032 -0.512744 0.494659 0.171757 -0.268860 0.228509 1.048952 -0.774791 -0.115849 -0.382461 -0.609547 0.527855 0.019727 -0.412462 
0.142838 0.796855 0.560844 0.967186 -0.574268 -2.202413 -0.718077 -0.124420 -0.020908 -0.987333 -0.053827 -0.448343 0.819462 0.198786 -0.639142 0.068284 0.926242 -0.672909 0.224954 -0.230584 -0.560111 0.398987 -0.472078 -0.425642 
-0.179757 0.589969 0.634029 0.741939 -0.111487 -1.964853 -1.020356 -0.336481 0.193072 -0.590642 0.001181 -1.058013 0.831815 0.192170 -0.767515 -0.185629 0.636711 -0.920666 0.937530 0.005053 -0.298163 0.112314 -0.520593 -0.198962 
-0.233903 0.252752 0.219319 0.731283 0.095113 -2.179463 -0.938680 -0.147140 0.572406 0.096929 0.211316 -1.220739 0.747860 0.292865 -0.649974 -0.010412 0.383942 -0.829310 1.324332 0.185757 -0.412268 0.074233 -0.245393 -0.100757 
-0.317071 -0.176573 -0.115869 0.582131 0.240056 -1.535556 -0.838509 -0.113212 0.863291 0.388171 0.230895 -1.405355 0.467629 0.090191 -0.656155 -0.254118 -0.034581 -1.082345 1.365322 0.630712 -0.285493 0.331014 0.179345 0.081598 
-0.103135 -0.271560 -0.203138 0.650593 -0.142581 -1.589751 -0.577482 -0.083431 0.990883 0.580609 0.218270 -1.429525 0.523980 -0.072192 -0.603104 -0.402519 -0.383184 -0.935028 0.916787 0.719984 -0.006214 0.263271 0.569884 0.162960 
0.155334 -0.066527 -0.382999 0.498711 -0.248616 -1.214015 -0.517581 0.111395 0.929740 0.213831 0.038425 -1.234234 0.335202 -0.062758 -0.509441 -0.416716 -0.436969 -0.715690 0.573717 0.661077 -0.351252 0.287481 0.428105 0.170689 
0.336066 -0.135790 -0.546085 0.190918 -0.303127 -0.927188 -0.279036 0.027008 0.947668 -0.012699 0.234247 -1.202593 0.350322 -0.004179 -0.437311 -0.285542 -0.616534 -0.540626 0.377982 0.739706 0.081461 0.369644 0.516467 0.213449 
0.259417 -0.112597 -0.403197 0.044489 -0.063635 -0.701213 0.038354 0.205016 0.879426 0.044137 0.188941 -0.847467 0.383957 -0.257234 -0.008406 0.107125 -0.905236 -0.126225 0.047669 0.680684 0.202215 0.476856 0.119295 0.201289 
0.100142 -0.174175 -0.582049 -0.103304 -0.090343 -0.462764 0.212144 0.125056 0.709615 0.147696 0.105519 -0.825149 0.028564 -0.081747 -0.182127 0.336693 -0.885959 -0.072378 0.206125 1.000072 0.154373 0.348686 0.246037 -0.079967 
0.034419 -0.149098 -0.508959 -0.488713 -0.054210 -0.374543 0.241176 0.067274 0.663270 0.422986 0.099731 -0.835359 0.132731 0.216452 -0.310027 0.152615 -1.081465 -0.020277 0.345930 1.027828 0.086332 0.483345 -0.037346 -0.057093 
-0.251129 -0.207607 -0.109876 -0.361877 -0.213128 -0.443710 -0.122419 0.000665 0.080714 0.280174 0.210910 -0.608413 0.173415 0.034956 -0.050364 0.190346 -0.818652 0.141466 0.623422 0.884436 -0.025154 0.451869 -0.112692 0.034327 
-0.188794 -0.053286 0.055463 -0.266793 -0.272820 0.057392 -0.183749 0.166687 -0.071133 0.056117 0.232863 -0.551548 0.197789 -0.085164 -0.168812 0.036833 -0.388425 0.092872 0.917776 0.824971 0.168173 0.491363 -0.104036 0.044193 
-0.236787 -0.337161 0.166004 -0.143311 -0.331119 0.108457 -0.435073 0.236386 -0.297761 0.116591 0.220195 -0.174192 0.092834 -0.068175 -0.350107 -0.254721 -0.237658 -0.020065 0.846821 0.743825 0.055862 0.319267 -0.121668 -0.133801 
-0.312159 -0.206678 0.275308 -0.028898 -0.356361 0.198167 -0.655464 0.277978 -0.497384 0.150030 -0.002732 -0.197266 0.416703 0.037407 -0.330995 -0.216916 0.147400 -0.211207 0.603615 0.426943 0.150351 0.324097 -0.061372 -0.230356 
0.049864 -0.124416 0.257017 0.120805 -0.346110 0.020834 -1.180465 0.148912 -0.245783 -0.008183 -0.188294 0.213987 0.265292 0.058837 0.022337 -0.317690 0.233601 -0.081048 0.554325 0.458238 -0.054138 0.268231 -0.002809 -0.465958 
-0.042733 -0.470594 0.250970 -0.123026 -0.256506 0.261067 -1.179731 0.214620 -0.181330 0.055225 -0.142011 0.751828 0.056679 0.215198 -0.092763 -0.128854 0.149822 0.115331 0.474037 0.425100 -0.087835 0.101088 -0.075047 -0.726567 
-0.155709 -0.313264 0.175838 -0.022305 -0.079196 0.236354 -1.112237 -0.013813 -0.381471 -0.157338 -0.033069 0.778597 0.448117 -0.124876 0.001298 -0.448418 0.269916 0.009026 0.454002 0.450022 -0.061213 -0.027470 0.039590 -0.580683 
0.229094 -0.487602 0.256189 -0.362749 -0.266524 0.200055 -0.954612 0.298039 -0.241217 -0.046321 -0.102869 1.006685 0.521977 -0.198398 0.115494 -0.137448 0.096771 0.296378 0.355198 0.427413 0.085174 -0.104754 -0.208416 -0.363910 
0.034066 -0.756020 0.335413 -0.411621 0.125737 0.274439 -0.868951 0.160178 -0.367721 -0.431461 -0.310979 1.080687 0.491255 -0.192877 -0.004516 -0.085415 0.211052 0.291886 -0.128876 0.339397 0.246074 0.041772 -0.188625 -0.327269 
0.180837 -0.429008 0.176933 -0.339891 0.402715 0.207157 -0.789938 0.105832 -0.524147 0.038297 -0.318836 0.903757 0.173280 -0.101736 0.134177 0.010333 0.121172 0.149732 -0.073749 0.269141 0.116821 0.024866 -0.368581 -0.207075 
0.382348 -0.293398 0.330585 -0.306643 0.322542 0.352000 -0.374965 -0.044476 -0.222662 -0.110246 -0.378565 0.979647 0.000671 0.076327 0.306396 -0.085517 0.227459 0.250845 -0.219516 0.244320 0.374781 -0.073649 -0.204494 -0.482291 
0.647825 -0.194950 0.297594 -0.307111 0.417195 0.584990 -0.250169 -0.068889 -0.375127 0.029818 -0.455046 1.056252 -0.020433 0.038119 0.132686 -0.408500 0.346852 0.240780 -0.374551 0.092610 -0.005872 0.078223 0.027166 -0.574206 
0.626557 -0.133704 0.040611 -0.190573 0.358845 0.829081 0.336414 -0.040456 0.054575 -0.069180 -0.396007 0.871372 -0.348292 0.064027 0.000359 -0.521170 0.427340 0.021563 -0.213765 0.035135 -0.045182 0.213619 0.133635 -0.515287 
0.624983 -0.033614 -0.184647 -0.473933 0.069757 0.978388 0.523726 -0.264108 0.045238 0.188936 -0.433659 0.645577 -0.134980 0.009223 0.053505 -0.386978 0.198693 -0.322912 -0.389872 0.070370 -0.177288 0.248111 0.205232 -0.459209 
0.633911 0.027017 -0.230741 -0.363911 0.087058 0.972909 0.637806 -0.408952 0.076708 0.079417 -0.226696 0.771523 -0.066004 0.086084 0.446954 -0.435993 0.251277 -0.291716 -0.202184 -0.076407 -0.084518 0.311952 0.200007 -0.465982 
0.424536 0.159458 -0.094453 -0.288387 0.277043 0.725614 0.202031 -0.276134 0.182744 0.135990 -0.221335 0.828093 -0.068762 -0.227886 0.272996 -0.280677 0.031713 -0.446846 -0.004644 -0.120389 -0.022628 0.424188 0.200347 -0.513536 
0.280053 0.297460 -0.431967 -0.299694 0.327689 0.808297 0.132725 -0.558627 0.393169 0.174274 -0.130522 0.634154 -0.111777 -0.118571 0.344721 -0.216075 0.446301 -0.232409 -0.105524 -0.105122 0.097526 0.389545 -0.010650 -0.354693 
0.319780 0.062818 -0.530038 -0.298986 0.585838 0.316407 -0.182948 -0.161106 0.566798 0.035795 -0.212006 0.543791 0.004149 0.088791 0.342999 -0.256113 0.447335 -0.215901 -0.016385 -0.207223 0.091062 0.591585 -0.064555 -0.254846 
0.400374 0.177089 -0.143877 -0.177615 0.529939 0.419761 -0.282357 -0.108135 0.480489 -0.146552 -0.163694 0.566202 0.134629 0.219367 0.643278 -0.370351 0.605415 -0.006496 0.103581 -0.245582 0.099640 0.341669 -0.381017 -0.186384 
0.520949 -0.103302 -0.310745 -0.546168 0.446587 0.264743 -0.128014 -0.010881 0.175024 -0.305014 -0.073294 0.674090 0.152253 -0.045561 0.644056 -0.259163 0.532940 0.036307 -0.436675 -0.060738 0.226872 0.414086 -0.182699 0.238480 
0.493429 -0.220159 -0.141419 -0.472679 0.401313 0.330381 -0.158196 -0.038561 0.027316 -0.241657 -0.397896 0.477274 0.163766 0.017336 0.712820 -0.419102 0.321474 0.005619 -0.530913 -0.007197 0.559971 0.239912 -0.259826 0.034295 
0.479646 -0.088582 0.129980 -0.387523 0.235429 0.494039 -0.224478 -0.354851 -0.123870 -0.073779 -0.104841 0.529567 0.145029 0.070558 0.539775 -0.299980 0.689889 0.073393 -0.265565 0.096125 0.508553 0.193914 -0.335899 0.209699 
0.382070 -0.107287 -0.349045 -0.010890 0.235307 0.476111 0.025343 0.083999 0.033733 -0.369400 -0.260054 0.472469 -0.084852 0.143690 0.383000 -0.361351 0.542485 0.195636 -0.366731 0.127414 0.579094 0.195805 -0.197854 0.240858 
0.306287 0.007610 -0.218825 0.023140 0.434534 0.314364 -0.317081 -0.128178 0.248680 -0.450120 -0.440589 0.186309 0.052817 -0.068315 0.238700 -0.562328 0.489542 -0.005325 -0.504296 -0.091230 0.435843 0.347886 -0.173663 0.211882 
0.404116 0.172437 0.092652 0.259546 0.295994 0.208166 0.077279 0.109323 0.262284 -0.272482 -0.168620 0.112656 0.285990 0.011334 0.160443 -0.383750 0.344872 0.172211 -0.855909 0.031936 0.102184 0.336975 0.011700 0.216973 
0.354904 -0.012082 0.207114 -0.025729 0.448752 0.134895 0.354227 -0.115765 0.223764 -0.219837 -0.305699 0.151916 0.379806 0.046459 0.110455 -0.680300 0.133915 0.082316 -0.769964 0.125035 0.179438 0.167874 0.468873 0.348659 
0.165601 -0.071057 0.115865 -0.093501 0.255824 0.120500 0.298573 -0.033987 0.273873 -0.339056 -0.228521 -0.044428 0.113879 0.091438 0.234184 -0.344245 0.122874 0.046049 -0.711343 -0.121192 0.126704 0.289013 0.354136 0.251810 
0.140447 -0.146089 0.036194 0.023839 0.555116 -0.031687 0.157465 -0.233081 0.523049 -0.176791 -0.146173 0.063543 -0.286795 -0.034109 0.418091 -0.194534 0.247218 -0.100232 -0.494710 -0.312899 -0.037315 0.520512 0.499441 0.357053 
0.102195 0.009868 -0.258070 -0.312685 0.473799 0.015129 0.044778 -0.111149 0.453010 -0.299351 -0.192530 0.191813 -0.295628 0.052549 0.454592 -0.518693 -0.008342 -0.009005 -0.542198 -0.046596 0.240849 0.438088 0.152775 0.068949 
0.299526 -0.122225 0.064337 -0.235437 0.359073 0.129624 0.080072 0.045098 0.648368 0.091021 0.232811 0.095660 -0.224419 -0.199283 0.344927 -0.347428 0.125246 0.019881 -0.417625 -0.060815 0.277030 0.553559 0.081643 -0.164266 
0.131955 0.034723 0.245060 -0.021832 0.355359 -0.080851 0.264686 -0.116390 0.577240 -0.197319 0.271111 0.078223 -0.207861 -0.248325 0.636432 -0.425355 -0.045506 0.273397 -0.467312 -0.342067 -0.003377 0.367157 0.320258 0.005384 
0.161615 0.067403 0.055415 0.011691 0.180835 0.040783 0.010978 -0.011960 0.557347 -0.363736 0.224560 -0.015278 -0.140589 -0.184058 0.533310 -0.192419 -0.125495 0.396518 -0.360445 -0.338283 0.231681 0.431347 0.129302 0.028812 
0.130821 0.071856 -0.172753 0.093162 0.031478 0.197446 0.242342 -0.199595 0.710384 -0.275848 0.163855 -0.308206 0.285931 -0.150757 0.367822 -0.227070 0.037686 0.529467 -0.375625 -0.309679 -0.049260 0.545163 -0.029617 -0.020782 
0.260283 0.143692 -0.270087 0.229877 0.123863 0.048717 0.088138 0.097937 0.346921 -0.318346 0.108354 -0.314002 0.137134 -0.077955 0.438596 -0.133982 -0.146900 0.551170 -0.516347 -0.210846 -0.021296 0.243657 0.021378 0.065376 
0.236465 -0.178121 -0.237497 0.163931 0.280708 0.006122 -0.118765 0.029655 0.144610 -0.744588 0.009880 -0.387393 0.200523 -0.154964 0.516507 0.138089 -0.133883 0.505390 -0.633747 0.062279 0.125629 0.443665 0.037533 0.171124 
-0.034604 -0.116304 -0.097617 0.272207 0.421093 -0.029929 -0.142931 0.215986 0.352681 -0.739580 0.220146 -0.493107 0.244650 -0.253246 0.356723 -0.120325 -0.071966 0.475994 -0.586194 0.022956 0.043245 0.241701 -0.170874 0.193468 
0.303514 0.059462 0.011969 0.289203 0.022410 -0.359581 -0.296983 0.109833 0.448530 -0.526646 0.205994 -0.446635 -0.138066 -0.157491 0.454171 0.053725 -0.217890 0.344909 -0.271760 0.018001 -0.118823 0.258839 -0.197714 0.150454 
0.128127 -0.068503 0.017077 0.173615 -0.303119 -0.371728 -0.115575 0.219000 0.373630 -0.315950 0.217974 -0.558726 -0.312290 -0.072741 0.614243 0.029849 0.123836 -0.013057 -0.138472 -0.116253 0.098387 0.241613 -0.227135 0.412619 
0.201371 -0.409043 0.041549 0.478039 -0.223168 -0.190387 0.203154 0.159279 0.214620 -0.378327 0.157724 -0.693364 -0.315227 -0.051151 0.236155 0.039519 -0.035445 -0.030063 0.073115 -0.179827 0.203724 0.351493 -0.167205 0.450889 
-0.326666 -0.261559 -0.212469 0.248535 0.106747 -0.156788 0.293177 -0.284323 0.124951 -0.171684 0.151737 -0.592582 -0.164914 -0.347167 0.606259 0.282811 -0.116971 -0.065612 0.011433 -0.349248 0.377791 0.420612 0.084840 0.409841 
-0.351003 -0.396158 -0.031967 0.009168 0.240874 -0.177060 0.409292 -0.201108 -0.268586 -0.213164 -0.184892 -0.600725 -0.144140 0.024835 0.671474 0.291331 -0.120891 0.165041 -0.011743 -0.405582 0.283327 0.348652 -0.084245 0.456991 
-0.141759 -0.208260 0.125648 -0.005291 0.217027 -0.014295 0.475414 -0.137937 -0.070797 -0.221763 0.018285 -0.286076 0.092198 0.097141 0.467427 0.086885 -0.083176 0.111212 -0.229728 -0.160204 0.026965 0.087686 -0.376858 0.470869 
-0.032656 -0.291237 0.267685 0.055374 0.185727 -0.006337 0.424342 -0.246663 0.110595 -0.428272 0.211314 -0.384427 0.322955 0.001688 0.546988 -0.045264 -0.224055 0.253114 -0.289597 0.052789 -0.171701 0.054123 -0.350414 0.457400 
0.218912 -0.043489 0.565053 0.134285 0.083962 -0.163797 0.309724 0.133451 -0.098691 -0.323857 0.092516 -0.279440 0.413522 -0.002308 0.426812 -0.045049 -0.198853 0.418988 -0.185732 -0.079847 -0.112183 0.082341 -0.229414 -0.071829 
0.109952 0.209245 0.392919 -0.091278 0.063168 -0.167701 0.341550 0.279284 0.021901 -0.201164 0.047077 -0.136667 0.272252 0.111869 0.502156 0.273273 -0.064618 0.272392 0.064499 -0.032921 -0.273261 -0.123356 -0.506403 0.286909 
-0.217233 -0.110724 0.504002 0.076712 -0.035978 -0.073006 0.444974 0.198185 -0.268752 -0.025508 0.090078 0.043624 -0.237108 0.102976 0.664197 0.256480 -0.286845 0.150558 0.441199 -0.266897 -0.100643 -0.029287 -0.407610 0.265249 
-0.291218 -0.374200 0.477526 0.107182 0.195874 -0.076499 0.733481 0.231878 -0.187203 0.310324 0.097410 0.170693 -0.109602 0.165480 0.421090 0.114105 -0.233893 0.134973 0.615492 -0.331337 0.079790 -0.033440 -0.082308 0.362500 
-0.261232 -0.380157 0.537089 0.085802 0.106665 -0.076269 0.570061 -0.007706 -0.245018 0.305992 0.316691 0.319633 -0.169150 -0.180246 0.568175 0.101359 -0.352277 -0.111537 0.648595 -0.213339 -0.304177 0.107968 -0.259198 0.514554 
-0.021483 -0.502686 0.545249 0.063724 -0.093157 -0.226658 0.839898 0.011738 -0.366620 0.102463 0.003838 0.383316 -0.032839 0.111627 0.395920 -0.103940 -0.392107 -0.126956 0.526289 0.104960 -0.552701 -0.066540 -0.374414 0.583440 
-0.135915 -0.392075 0.499972 -0.109262 -0.226525 -0.098117 0.661270 -0.194979 -0.460547 -0.111688 -0.094747 0.433315 0.088363 0.086697 0.384640 0.193371 -0.626661 -0.196651 0.520080 -0.192086 -0.648006 -0.362305 -0.319920 0.643171 
-0.115699 -0.238750 0.445670 -0.248961 -0.307756 0.281840 0.629850 -0.175607 -0.435350 0.019555 -0.105091 0.535883 0.236869 0.046089 0.541196 0.366055 -0.428247 -0.177145 0.411657 -0.153068 -0.601068 -0.398491 -0.254481 0.530742 
-0.088792 0.045084 0.323446 -0.346119 0.184481 -0.188660 0.546246 -0.184082 -0.494625 -0.131113 -0.076061 0.482795 0.056152 0.060739 0.665935 0.098839 -0.361770 0.205091 0.287336 -0.488455 -0.624721 -0.331266 -0.419919 0.450730 
-0.143117 0.191287 0.478327 -0.263666 0.242298 -0.123501 0.353402 0.099773 -0.466261 0.138901 0.056547 0.440530 -0.220559 0.037573 0.749206 0.210963 -0.240098 0.271801 0.240129 -0.508906 -0.378135 -0.220261 -0.513547 0.294813 
0.082312 0.176468 0.588105 -0.098122 0.393911 -0.505655 0.136838 0.081522 -0.607922 0.139916 0.057347 0.698072 0.088720 -0.078107 0.408575 0.319527 -0.467643 0.039520 0.124675 -0.295291 -0.448315 -0.370158 -0.469727 0.102448 
0.028347 0.104367 0.302964 -0.438028 0.014536 -0.154831 0.275164 0.060246 -0.242609 0.371826 0.119056 0.590838 -0.099369 -0.001881 0.000239 0.073766 -0.135455 0.040004 0.095306 -0.316935 -0.810607 -0.278560 -0.514158 0.255302 
-0.111776 0.030617 0.049840 -0.373635 -0.002529 0.101159 0.543154 0.005349 -0.400807 0.458117 0.303619 0.701983 0.031548 0.004634 -0.080586 0.366347 -0.199013 -0.150226 0.077692 -0.282794 -0.658018 -0.194907 -0.370027 -0.074021 
0.064377 -0.157817 0.167757 -0.309375 -0.041260 0.092624 0.750605 0.258639 -0.012582 0.573116 -0.033511 0.361850 -0.119821 -0.068557 -0.427327 0.295045 -0.348176 -0.026978 -0.025839 -0.040180 -0.846637 -0.394174 -0.164079 0.050206 
-0.090006 -0.070578 0.032849 -0.447673 0.411631 0.269498 0.590670 0.379616 -0.087244 0.476287 0.069824 0.280410 -0.165382 -0.162840 -0.300114 0.318013 -0.248392 0.122352 -0.019004 -0.308813 -0.568508 -0.514052 -0.020044 -0.320263 
-0.434349 0.198929 -0.030548 -0.160107 0.571554 0.275218 0.738943 0.370359 -0.050577 0.811471 0.148482 0.051043 0.163506 -0.176892 -0.443941 0.316909 -0.078632 0.209097 0.184714 -0.441013 -0.773644 -0.518321 0.037530 -0.121951 
-0.357708 0.409068 -0.209617 -0.147048 0.382709 0.294871 0.321673 0.617176 -0.408606 0.781023 0.324259 0.329946 0.170821 -0.036271 0.102216 0.161784 -0.090767 0.321095 0.134371 -0.262193 -0.659132 -0.635180 -0.182731 -0.247006 
-0.217731 0.636552 -0.536102 0.069730 0.146835 0.068601 -0.006709 0.624592 -0.308738 0.935577 0.215989 0.427674 0.349370 0.026102 -0.125859 0.461317 0.284493 0.417721 0.591420 -0.336700 -0.572428 -0.747801 -0.274046 0.004427 
-0.244098 0.529800 -0.511381 -0.049842 -0.026451 0.373182 0.270412 0.504236 0.216745 0.998506 -0.075461 0.112522 -0.019436 0.062435 -0.247026 0.506813 -0.164207 0.179466 1.215830 -0.285570 -0.522103 -0.597621 -0.621410 0.131516 
-0.300359 0.618454 -0.537615 0.135170 -0.485214 0.712023 0.347092 -0.007837 0.534492 1.691254 0.034648 0.272056 0.012981 0.003765 0.026275 0.581794 -0.213204 -0.127779 1.828029 -0.313452 -0.634943 -0.779561 -0.077060 -0.018602 
0.083325 0.701476 -0.974223 0.408034 -0.460423 1.146484 0.738987 -0.301579 0.518177 2.328875 0.042446 0.130377 -0.260695 -0.225055 -0.216362 0.574893 -0.316575 -0.320249 2.172228 -0.220889 -0.598588 -0.818722 0.219174 -0.175397 
