-0.232821 0.926840 -0.666691 -3.968646 0.654602 0.908488 0.468491 -1.203890 -0.439747 -0.528452 -0.266864 -0.520975 0.036605 0.451948 -2.284343 0.880354 
0.366316 0.915290 0.657286 0.352844 -2.283019 0.547596 1.032419 0.435573 0.154983 -1.797304 0.741695 -0.120336 -2.219850 0.756660 -0.913677 1.282525 
-0.683033 0.083177 1.157108 -0.455868 -3.573227 1.108325 0.960678 0.744790 -3.665643 -0.896029 0.531657 -1.514848 -2.922153 -0.895437 -0.223167 -0.309219 
-0.223080 0.704061 0.233703 0.480439 0.041701 0.811678 0.684816 -0.615281 -1.506402 0.288417 0.825827 -0.877736 -5.447758 -0.031645 -0.792698 -2.278527 
0.395872 -1.178680 0.475842 -0.269502 1.174119 0.047430 0.622019 0.836732 0.079471 -1.830798 0.679658 -2.212331 -0.759486 0.139697 -3.574828 -12.171210 
-1.506771 -0.259309 0.290174 1.325784 0.415750 -0.709946 -1.012635 0.279938 -1.011737 2.182836 -0.107024 -0.522180 -1.310676 -0.165880 -1.441852 -3.236088 
-0.795380 -0.064531 0.039301 0.081793 3.023555 -0.194458 -0.005009 -0.789242 0.087063 0.561127 -0.452263 -4.744042 -0.387085 0.404126 1.193892 -13.063923 
0.618149 -0.244646 -0.187064 -1.081934 1.402932 -0.310937 0.700806 -0.521529 0.618998 -1.163981 -0.128641 -1.009726 -0.185564 -0.170030 0.844495 0.674232 
-1.706328 0.574413 -0.470024 0.254477 -1.867342 -0.234199 -0.390717 -0.282962 -3.000343 2.200167 -1.763507 1.279841 -4.943825 0.210100 -4.412218 -1.055426 
-0.131620 -0.040731 0.578094 -1.320225 -5.301068 1.204240 0.330895 0.760067 -2.254734 0.642926 -0.368690 -1.813560 -0.281657 -0.366775 -0.150187 -0.094205 
-0.705708 0.155446 0.749166 -0.565694 -2.272880 0.699198 0.400574 -0.196449 -3.625233 -0.487012 0.508855 -0.956023 -2.437663 0.710379 -2.415456 -1.987900 
-0.315362 0.243982 -0.606218 1.417548 0.447043 1.078077 -0.295540 -1.161293 -0.561212 -2.480725 0.559603 -4.322308 0.921818 0.557845 -5.356820 -8.610995 
1.034743 0.328505 0.236106 -0.326416 -4.851906 -3.568092 -2.249552 0.582342 -8.053587 -0.060271 -0.340826 1.570126 -4.779170 -0.874328 0.207229 -3.272548 
-0.002789 0.479609 -0.455909 -1.104230 0.018865 -5.681408 -2.715010 0.161445 0.897138 0.312995 -0.349722 0.409868 0.294971 -2.582411 -0.677947 0.072993 
0.161360 0.004629 0.133056 -1.622377 -2.702158 0.453021 -0.364835 0.691594 -0.206688 -0.187113 -0.376713 1.088940 0.117998 -0.311787 0.012142 -0.781695 
0.511721 -0.785722 -0.306430 0.817745 -1.140611 0.056373 1.089371 0.278904 -1.586727 -0.754286 0.482387 0.376351 0.144721 0.997596 -0.106217 -3.245220 
1.086937 -0.286718 -0.684647 -0.622247 0.632209 0.161338 0.201637 -0.321579 0.360117 0.180199 -0.539748 0.097986 -1.211385 -0.406927 -1.413774 -0.063954 
0.253207 -0.177262 0.440674 -0.393985 -0.442687 -1.565792 0.749891 -0.168177 -1.223200 -2.356503 0.092198 0.630928 1.157655 0.492669 0.796694 0.239463 
0.456947 -0.913516 -0.415562 0.049506 -0.381826 1.082173 -1.337732 -0.556251 0.075621 1.441960 0.160605 0.056245 -3.448328 0.544620 -1.460226 -2.677987 
-1.575096 0.139737 -0.070400 0.411785 0.742668 0.089672 1.189674 -0.418186 0.045309 -1.087065 0.148588 -0.120525 0.535255 0.372144 0.820799 -0.083569 
0.578081 -0.494286 0.023076 -2.800057 -1.880172 1.135168 0.233579 -0.204831 -0.594586 -1.172701 -0.893746 -0.729724 0.755540 0.459837 -2.444972 -1.333134 
0.694156 -0.300072 0.660718 1.747951 0.113986 -0.195038 -0.092728 -0.306480 -1.203626 -0.787114 -0.465416 -1.093432 -2.644412 0.132693 -9.117598 -0.882769 
-0.438388 -0.718772 0.892650 -0.476729 -0.041999 -0.167263 -2.410293 0.599822 -1.582866 0.645701 -1.082785 -0.207649 -0.396451 -0.481200 0.632692 -0.092048 
0.418433 -0.072667 -0.355924 1.776680 0.096286 -0.850943 -0.713354 -0.326514 0.672470 0.893430 -0.045873 0.078260 -0.031749 -0.641154 -1.838745 -0.044106 
