-0.030683 0.240015 -0.085929 -0.716832 0.436321 0.455748 0.340288 0.495937 -0.194956 -1.049909 -0.081954 -0.697914 1.001307 -0.299110 -0.239532 -0.355063 -0.050877 0.767086 -1.033030 1.096029 0.476222 0.266633 1.132061 -2.091970 -0.870265 0.184856 
-0.200127 0.468932 -0.016687 -0.291991 0.400622 0.372721 0.338759 0.193695 -0.186937 -0.747820 -0.245045 -0.924350 0.434398 -0.158900 -0.185440 -0.178286 -0.103606 0.593030 -1.002096 0.268220 0.527647 0.079674 1.016268 -1.631403 -0.468068 -0.008620 
-0.394120 0.144039 0.042738 -0.080762 0.379494 -0.001440 0.332302 0.235522 -0.136645 -0.771086 -0.324595 -0.522148 0.488836 -0.415818 -0.226448 0.232783 -0.201997 0.306628 -0.988592 0.194946 0.568762 0.437921 0.730086 -1.541049 -0.532147 0.015753 
-0.598384 0.361359 0.211802 -0.028798 0.302094 0.112625 0.148337 0.068805 -0.187876 -0.450628 -0.527785 -0.509184 0.377007 -0.430385 -0.299763 0.017636 -0.138606 0.257271 -0.790381 0.042421 0.391089 0.553836 0.705981 -1.490473 -0.137343 0.079439 
-0.429045 0.325096 -0.032108 -0.019469 0.151478 -0.014207 0.226145 0.140444 -0.265318 -0.215176 -0.613635 -0.193443 0.582651 -0.200753 -0.369828 -0.036498 -0.123461 0.303316 -0.668570 -0.038596 0.543178 0.372452 0.462394 -1.306301 -0.246082 -0.193325 
-0.473720 -0.003559 -0.017788 0.060225 0.200514 0.231468 0.105466 0.147239 -0.271141 -0.300349 -0.729736 -0.438100 0.320512 -0.022078 -0.176727 -0.011645 -0.092777 0.350904 -0.910712 -0.200684 0.375142 0.496732 0.616305 -1.318789 0.099134 -0.247408 
-0.578024 0.053418 0.070168 -0.194433 0.052795 0.355464 0.125950 -0.023893 -0.311372 -0.236013 -0.564299 -0.484483 0.281080 -0.140850 -0.244457 0.072213 0.004133 0.538638 -0.597525 -0.217704 0.316019 0.342285 0.463867 -1.172162 0.029859 -0.221430 
-0.413903 -0.235298 0.183161 -0.133131 0.244803 0.285289 0.120158 -0.123752 -0.115801 0.098962 -0.243791 -0.220858 0.361780 0.221475 -0.145084 0.192398 -0.081349 0.458533 -0.580172 0.023027 0.140129 0.208112 0.407418 -1.346334 0.170628 -0.496258 
-0.471102 -0.084573 0.003362 -0.202650 0.033467 0.418851 -0.017095 -0.053022 -0.147215 0.000581 -0.294225 -0.241415 0.364507 0.018217 -0.080289 0.077871 0.117292 0.292447 -0.557278 -0.106258 -0.046677 -0.142603 0.436727 -0.953892 0.101734 -0.689162 
-0.428456 0.152934 -0.097878 -0.147313 0.304261 0.224656 0.146660 -0.049003 0.014890 -0.138334 -0.300783 -0.033194 0.391051 0.237863 0.115767 0.169809 -0.054841 0.288488 -0.933969 0.117801 -0.269118 -0.002447 0.348905 -1.017121 0.119770 -0.473008 
-0.308764 0.028869 -0.168071 -0.090930 0.216743 0.259804 0.293608 -0.189880 -0.177573 0.048928 -0.528339 -0.273245 0.451802 0.119383 0.396883 0.016612 0.242921 0.336370 -0.725113 -0.012872 -0.340011 -0.002008 0.235443 -0.947349 -0.002725 -0.456424 
-0.336759 -0.012573 0.085642 0.140405 0.414166 0.159937 0.388102 -0.093056 -0.069317 0.081913 -0.603649 -0.157654 0.361047 0.219786 0.153373 0.055471 -0.073790 0.273201 -0.820071 0.182350 -0.311032 -0.212207 0.317956 -0.647483 -0.103322 -0.732566 
-0.400249 -0.079372 -0.131229 0.160616 0.629687 0.302957 0.317357 -0.210900 -0.208313 0.383967 -0.408719 0.045797 0.179211 0.112167 -0.202367 -0.233540 -0.152166 0.372887 -0.737484 0.079511 -0.047077 -0.046804 0.129740 -0.706699 -0.133746 -0.785223 
-0.522064 -0.245032 -0.155276 0.047538 0.379816 0.083340 -0.063071 -0.277492 -0.199426 0.203821 -0.336893 0.215588 0.703859 0.084215 -0.483935 -0.126854 -0.155419 0.090443 -0.715836 0.032137 -0.119103 -0.031851 0.342593 -0.660616 0.192475 -0.803644 
-0.386285 -0.430956 -0.425359 -0.078641 0.313757 0.238377 0.217193 -0.401350 -0.220003 0.596904 -0.121334 -0.014711 0.625659 -0.075428 -0.371228 -0.033664 -0.091865 0.096247 -0.439264 -0.049677 0.101275 -0.077331 0.048815 -0.277191 0.074175 -0.537780 
-0.128254 -0.178692 -0.206290 -0.175261 0.316571 0.367782 -0.073360 -0.235509 -0.453918 0.396902 -0.209537 -0.259769 0.640091 0.021086 -0.338871 -0.118400 -0.136684 0.308020 -0.142936 -0.040581 0.226015 -0.140573 -0.122151 -0.067224 0.074418 -0.717989 
-0.461539 -0.200430 -0.292966 -0.193505 0.438756 0.311335 0.105822 -0.098298 -0.395920 0.681324 -0.361144 0.180273 0.396952 0.150955 -0.093073 0.137355 -0.043802 0.178389 -0.118933 -0.135252 0.295303 0.024554 -0.190303 0.186646 -0.123093 -0.655368 
-0.335955 -0.215778 -0.213752 -0.003236 0.768612 0.450994 0.082234 -0.159480 -0.521347 0.494472 -0.418109 0.412923 0.352686 0.060616 0.226101 -0.058784 -0.138772 0.319471 -0.054050 -0.094153 -0.016685 0.034986 -0.434218 0.247273 -0.102498 -0.701867 
-0.368056 -0.629391 0.058374 -0.135608 0.614096 0.543843 -0.000356 -0.055385 -0.260661 0.679527 -0.308751 0.389577 0.177605 0.316668 0.309639 0.016429 -0.230666 -0.064158 0.208017 0.211258 -0.204366 -0.163750 -0.476637 0.423418 -0.263390 -0.443232 
0.096223 -0.311847 -0.103285 -0.330939 0.604971 0.305630 -0.224576 -0.212549 -0.522776 0.885545 -0.248710 0.532182 0.278145 -0.033878 0.056710 -0.007008 -0.086285 0.100215 0.134005 0.339823 -0.294232 -0.383596 -0.609514 0.230147 -0.013622 -0.086569 
0.202991 -0.360599 0.010898 -0.303621 0.278195 0.212177 -0.041964 -0.448745 -0.431398 0.904222 -0.240410 0.537257 0.439756 -0.066555 0.024981 -0.034684 -0.209718 -0.173145 0.533566 0.080449 -0.393630 -0.258116 -0.803424 0.301258 0.159355 -0.257305 
0.010041 -0.335009 0.074154 -0.241170 0.350700 0.468060 0.023950 -0.402099 -0.688709 1.064475 -0.133077 0.500969 0.515464 -0.034488 0.264992 -0.198541 -0.588973 -0.257317 0.317244 -0.030168 -0.304030 -0.373902 -1.200817 0.253998 0.249186 0.070882 
0.156432 -0.296738 0.023216 0.000863 0.474901 -0.013157 -0.186114 -0.310815 -0.158562 1.018645 -0.140014 0.329924 0.188424 0.290169 0.097765 -0.145972 -0.433417 -0.221392 0.140468 0.011350 -0.402835 -0.187208 -1.329166 0.370251 0.245595 0.063665 
-0.158832 -0.183581 -0.128870 -0.274433 0.309365 0.070268 -0.376015 -0.537362 -0.176937 1.080025 0.165754 0.341537 0.062888 0.266605 0.136871 0.024404 -0.186351 -0.107535 0.226353 -0.149651 -0.446991 -0.285079 -1.254127 0.201115 0.518427 0.306016 
-0.256457 0.070172 -0.187280 -0.286891 0.719768 -0.131661 -0.479061 -0.532368 -0.119817 0.995800 0.109845 0.412056 0.085748 0.218547 -0.048557 -0.255926 -0.547223 -0.301543 0.315617 -0.337178 -0.715451 -0.154195 -1.011253 -0.108239 0.461024 0.348456 
-0.072321 0.493863 -0.159589 -0.159006 0.613814 -0.412668 -0.538280 -0.408146 -0.320952 0.866992 0.270296 0.231823 0.108738 0.196329 -0.353933 0.098671 -0.487789 -0.217122 0.201517 -0.214003 -0.630868 -0.076905 -0.855067 -0.204209 0.753793 0.091509 
-0.162128 0.602996 -0.085122 -0.135290 0.662073 -0.257020 -0.584526 -0.195505 -0.395521 0.694338 0.138176 0.228044 0.034741 0.498517 -0.311380 -0.087637 -0.440356 -0.145212 0.505871 -0.521340 -0.273624 -0.446589 -0.588964 0.244396 0.363046 0.098348 
-0.136166 0.569634 0.121338 -0.136533 0.519551 -0.325213 -0.635310 -0.169443 -0.179918 0.645919 0.134495 0.302220 0.074098 0.560894 -0.119509 0.171346 -0.222829 0.034930 0.236726 -0.554000 -0.680899 -0.127612 -0.774098 0.078514 0.464561 -0.007354 
-0.222255 0.439514 0.270268 -0.101161 0.557371 -0.216117 -0.639971 0.138531 -0.484686 0.815388 0.210460 0.327375 0.154879 0.803657 0.060580 0.229742 -0.029678 0.225901 0.338616 -0.651649 -0.775309 -0.072834 -0.627409 0.262584 -0.032520 0.106269 
-0.250796 0.236653 0.096755 -0.138249 0.533128 -0.000777 -0.423505 0.248714 -0.187649 0.671063 0.122379 0.076313 -0.288404 0.558703 0.000262 0.153697 0.086518 -0.306611 0.481252 -0.891775 -0.812759 0.110320 -0.681682 0.804824 -0.004628 -0.186214 
-0.322430 0.275823 -0.166958 0.149422 0.384792 -0.104096 -0.558376 0.118874 -0.381817 0.415265 0.243521 0.102482 -0.075809 0.495900 0.048430 0.058273 -0.232644 -0.180489 0.651490 -0.541401 -0.785263 0.352668 -0.638168 0.807064 -0.011591 0.199777 
-0.513058 0.611029 -0.456780 -0.085171 -0.033824 -0.019286 -0.814229 0.311814 -0.115031 0.509412 -0.014886 0.140490 -0.278456 0.199950 -0.082852 0.181199 -0.046250 -0.163957 0.700948 -0.579417 -0.885341 0.167796 -0.892742 0.790509 0.173202 0.469829 
-0.600004 0.815048 -0.361431 0.072313 0.067848 -0.173412 -0.876456 0.365360 -0.061082 0.575959 0.051937 -0.034358 -0.526070 -0.053345 -0.162678 -0.006101 -0.287024 -0.103685 0.826847 -0.421592 -0.741430 0.122104 -0.665369 0.742795 0.331749 0.294560 
-0.625707 0.579855 0.008299 0.172051 0.129462 -0.114091 -0.794263 0.459829 0.068345 0.339117 0.044722 -0.072173 -0.674366 0.221967 -0.050482 0.065391 -0.169149 0.206719 0.697927 -0.488153 -0.880080 0.090031 -0.741693 0.899434 0.184143 0.338397 
-0.676698 0.198376 0.014966 0.148662 0.427838 0.054433 -0.671920 0.411162 -0.119313 0.299157 0.191674 0.151694 -0.777873 0.201432 0.132974 -0.115885 0.052570 0.010139 0.720131 -0.249488 -1.026631 -0.114102 -0.792592 0.694029 0.252791 0.198525 
-0.811421 0.277321 0.198580 0.006308 0.445499 0.127372 -0.573815 0.554957 0.089281 0.209237 0.047083 0.038668 -0.586117 0.459453 0.316865 -0.232750 0.022280 0.307080 0.663864 0.017033 -0.934232 -0.001147 -0.972885 0.930963 0.076429 0.206572 
-0.591175 0.307110 0.104049 -0.070888 0.584349 0.032825 -0.588598 0.442622 0.049661 0.527970 0.048973 -0.167396 -0.939504 0.622606 0.262150 0.050746 0.114995 0.353253 0.252152 -0.301692 -0.547003 0.101212 -1.022401 1.031061 -0.148054 0.251766 
-0.894388 0.326300 -0.079736 -0.357547 -0.050466 0.272392 -0.567512 0.538577 0.222511 0.601027 -0.105615 -0.458776 -0.945378 0.863851 0.636914 0.142230 0.381988 0.313563 0.199372 -0.293090 -0.028193 0.022582 -1.163721 0.901666 -0.408012 0.143724 
-0.819700 0.279873 -0.177203 -0.224871 -0.367372 0.095826 -0.574947 0.715739 0.048516 0.819840 -0.074905 -0.839427 -0.719657 0.844855 0.480051 0.146616 0.348324 0.013909 0.306208 -0.248636 0.070011 0.007641 -1.178446 0.846134 -0.684377 0.241139 
-0.760562 0.278315 -0.180206 0.167394 -0.136522 0.187849 -0.257293 0.514028 0.305956 0.555138 -0.214043 -0.915183 -0.616577 1.058449 0.417047 -0.102670 0.507295 0.075899 0.589389 -0.269685 -0.089148 0.399213 -1.356930 0.796354 -0.944400 0.598106 
-0.709891 0.196206 -0.029825 0.037935 -0.375606 0.073075 0.020107 0.437257 0.310643 0.393126 -0.205020 -0.946336 -0.531900 0.683497 0.585346 -0.026609 0.191682 -0.170202 0.619318 -0.209103 -0.185723 0.467680 -0.973397 0.674200 -1.281436 0.618290 
-0.872542 0.223582 0.061665 0.050198 -0.557479 -0.122164 0.190398 0.377819 0.444709 0.222193 -0.263180 -0.849985 -0.676181 0.401683 0.313656 0.028349 0.248413 -0.189962 0.674732 -0.185339 -0.236586 0.133689 -0.802826 0.705687 -1.187768 0.760660 
-0.275851 0.104596 0.077593 -0.048360 -0.519114 -0.076524 0.188916 0.316044 0.607033 0.304962 -0.374455 -1.059206 -0.806976 0.275849 0.180741 -0.313188 0.035963 0.101838 0.603624 -0.013963 0.237660 0.229688 -0.822115 0.536556 -0.967965 0.522137 
-0.242706 0.078254 0.011529 -0.033214 -0.154818 -0.088034 0.030416 0.191222 0.772134 0.085077 -0.570257 -0.951781 -0.841826 0.412404 0.339504 -0.196959 0.062452 -0.111797 0.580729 -0.225028 0.585464 -0.032525 -0.744022 0.626806 -0.862163 0.591515 
-0.059484 0.136649 -0.266347 -0.184199 -0.137134 -0.056707 0.132442 0.053884 0.455903 0.169939 -0.427893 -0.623037 -0.830779 0.468864 0.664953 0.017962 0.107429 -0.206772 0.605349 -0.132999 0.572552 0.091067 -0.632541 0.705991 -0.915064 0.437025 
0.072722 0.504688 -0.349370 -0.276038 0.044999 -0.040861 -0.230319 0.172857 0.403701 0.115567 -0.430798 -0.199204 -1.017913 0.679346 0.812714 0.220758 0.050507 -0.007582 0.642653 0.093724 0.397754 -0.096296 -0.726695 0.878750 -0.654212 0.305951 
-0.237609 0.518628 -0.243214 -0.376064 0.047984 -0.272090 -0.127606 0.217096 0.106252 -0.409670 -0.351645 -0.080944 -0.759836 0.618984 0.660168 0.154664 0.069878 0.201433 0.792351 0.416407 0.210188 0.151692 -0.442193 1.102742 -0.768902 0.494221 
-0.144717 0.673009 -0.253526 -0.202192 -0.056491 -0.308300 0.010971 0.087688 0.332452 -0.643447 -0.485018 0.285363 -0.713449 0.316024 0.260713 0.080541 0.393509 0.052928 0.923325 0.513330 -0.035272 0.246164 -0.324204 0.672425 -0.672492 0.190143 
0.181009 0.455765 0.200215 -0.637271 -0.186647 -0.285671 0.539700 0.306810 0.253241 -0.669436 -0.210955 0.176345 -0.522100 -0.154264 0.306927 0.167416 0.413666 -0.105322 0.829284 0.454167 0.009098 -0.043519 -0.100771 0.822131 -0.455949 -0.049392 
0.290098 0.352264 0.289656 -0.493468 -0.295860 -0.591611 0.537767 -0.048709 0.375466 -0.932580 -0.015109 0.547238 -0.791092 -0.120847 -0.300325 0.113062 0.388085 -0.121567 0.784243 0.789420 -0.163195 0.130755 -0.049698 0.491624 -0.523560 -0.240365 
0.197857 0.559126 0.263965 -0.386145 -0.529271 -0.605826 0.736782 -0.068600 0.573049 -0.876521 0.089669 0.468506 -0.659271 -0.158505 -0.143081 -0.069892 0.394640 -0.033252 0.646950 0.421506 -0.354055 0.055134 0.162768 0.639594 -0.618743 -0.443855 
0.260907 0.634172 0.368220 -0.340834 -0.788236 -0.668901 0.797823 -0.020275 0.779409 -0.833026 0.519922 0.230523 -0.582357 -0.180837 -0.163038 0.000340 0.444030 0.010137 0.437114 0.499164 -0.077702 0.091726 0.260593 0.502040 -0.578979 -0.483126 
0.544255 0.388826 0.226674 -0.464833 -0.656232 -0.703636 0.732849 -0.006768 0.842649 -1.148697 0.448041 0.246676 -0.509305 -0.133259 -0.210110 0.039060 0.470671 0.108542 0.164038 0.432363 -0.086193 -0.452842 0.230618 0.782881 -0.681768 -0.686577 
0.603514 0.297687 0.203061 -0.534339 -0.649379 -0.554863 0.749259 0.082097 1.028944 -1.061445 0.785415 0.470649 -0.182186 0.037074 -0.074302 0.080435 0.284069 0.384697 -0.052493 0.398173 -0.066674 -0.730931 0.083630 0.614721 -0.463443 -0.420483 
0.740330 0.154685 0.433621 -0.578004 -0.630244 -0.477378 0.655075 0.256031 0.933227 -0.881365 0.871736 0.169252 -0.188339 -0.103026 -0.200068 0.157638 0.006328 0.384246 -0.027886 0.426854 -0.164482 -0.363726 0.487912 0.634117 -0.305425 -0.563280 
0.779060 0.373090 0.281688 -0.404610 -0.636039 -0.486127 0.678052 0.325504 0.799849 -0.921433 0.918651 0.138726 -0.042043 -0.003806 0.011675 0.253913 -0.153075 0.394513 -0.211416 0.419545 -0.085276 -0.308765 0.306215 0.585436 -0.221685 -0.466547 
0.424774 0.045727 0.420470 -0.566827 -0.386678 -0.516717 0.744934 0.276695 0.621187 -0.682502 1.175978 0.035505 -0.296739 -0.027347 -0.048106 0.084051 -0.144453 0.568314 -0.121729 0.101079 -0.173289 -0.150610 0.154597 0.549088 -0.056752 -0.518017 
0.216135 -0.390243 0.576380 -0.337435 -0.412441 -0.687230 0.955681 0.196821 0.606407 -0.779534 0.991746 0.105573 -0.100038 -0.371124 0.348145 0.144821 0.187224 0.793269 0.443836 0.005810 -0.202934 0.175936 -0.039901 0.267365 0.361061 -0.105204 
0.030542 -0.881890 0.446986 -0.122843 -0.146692 -0.629152 1.059414 0.266503 0.437589 -0.793126 0.913498 0.176172 -0.125293 -0.675095 0.416909 -0.085628 0.574642 0.550178 0.730889 -0.561288 -0.515569 0.266583 -0.463051 -0.043931 0.898995 0.175979 
-0.073072 -0.931488 0.419278 -0.330055 -0.237544 -0.588286 0.969419 0.129911 0.441466 -0.745837 0.778110 0.313249 -0.309880 -0.638119 0.773941 -0.049513 0.365927 0.422961 0.994383 -0.496621 -0.605601 0.458287 -0.698760 -0.199842 1.463579 0.136264 
-0.139371 -0.433849 0.273796 -0.127527 -0.472093 -0.527904 0.712094 0.090716 -0.000653 -0.580732 0.830901 0.117503 -0.384686 -0.670196 0.661764 -0.238813 0.266917 0.465532 0.913806 -0.474923 -0.601701 0.764627 -0.321344 -0.120421 1.175869 -0.075082 
-0.154810 -0.243310 0.486166 -0.268116 -0.301245 -0.382200 0.510719 0.202096 0.018405 -0.708873 0.967861 0.198812 -0.539068 -0.375672 0.177476 0.225945 0.224038 0.482253 0.577888 -0.249877 -0.698452 0.632409 -0.088653 0.034694 0.785299 0.291494 
0.057185 -0.126498 0.516077 -0.048394 -0.293407 -0.401561 0.220267 -0.188621 -0.142841 -0.557524 1.028220 -0.006342 -0.135478 -0.451605 0.084653 0.159683 0.484370 0.867785 0.686410 -0.017613 -0.602577 0.364415 0.006708 0.204137 0.434524 0.241213 
0.014384 0.002474 0.662677 0.006870 -0.441296 -0.220407 0.026355 -0.113333 -0.421598 -0.451605 0.876191 -0.256988 -0.110015 -0.347298 -0.001732 0.127805 0.503893 1.062306 0.862926 -0.058941 -0.374515 0.274413 0.151733 -0.173635 0.310041 0.310740 
-0.211038 -0.091555 0.347289 -0.069455 -0.387466 -0.160090 -0.106796 -0.304813 -0.582248 -0.464057 0.800832 -0.254556 -0.019207 -0.306341 -0.083621 0.142769 0.318397 0.585711 0.956282 0.030402 -0.265801 -0.065560 0.047341 -0.071536 0.188074 0.095477 
0.017361 -0.125596 -0.165028 -0.100013 -0.653056 -0.158377 -0.116812 -0.214515 -0.615728 -0.668757 0.445601 -0.422377 0.303993 -0.538772 -0.296150 -0.227748 0.249662 -0.166134 1.011558 0.144877 0.007148 0.093974 0.371066 0.021626 0.081500 -0.264662 
-0.176477 -0.025116 0.020866 0.066794 -0.954360 -0.040410 -0.171381 -0.723333 -0.603617 -0.532211 0.217700 -0.591571 -0.059725 -0.268171 -0.259567 -0.080734 0.173578 -0.712858 0.932584 0.061560 0.534439 -0.126116 0.168797 0.036286 0.130810 -0.346128 
0.035254 -0.013906 -0.044665 -0.050505 -0.856895 -0.315607 -0.277827 -0.597990 -0.674463 -0.466060 -0.260301 -0.471570 0.081465 -0.466246 -0.284085 -0.062999 0.074122 -1.205527 0.679244 -0.197837 0.754166 -0.046168 0.239143 0.003572 -0.009868 -0.379564 
0.385280 0.132265 0.030678 -0.320272 -1.084662 -0.169507 -0.207741 -0.477182 -0.612659 -0.325468 -0.295543 -0.318613 0.258308 -0.343543 -0.324217 -0.013262 0.077964 -0.823315 0.387305 -0.230458 1.224015 -0.357089 0.185785 0.165214 -0.052012 -0.654287 
0.757163 -0.103800 -0.037118 -0.483158 -0.807399 0.027038 -0.058927 -0.627539 -0.656862 -0.492418 -0.333780 -0.193622 0.410092 -0.108557 -0.112162 -0.138149 0.116337 -0.972598 -0.019403 -0.446916 0.994207 -0.245025 0.273305 -0.241611 0.106595 -0.416736 
0.939554 -0.114706 -0.248204 -0.737171 -1.009202 0.217609 0.218263 -0.812026 -0.712102 -0.450444 -0.385323 -0.023577 0.771898 0.017702 -0.031927 -0.043827 0.397992 -0.587967 -0.359934 -0.349413 0.974510 -0.547826 0.033804 0.089111 0.509169 -0.526462 
0.976090 -0.178330 -0.240163 -0.753231 -1.122053 0.467702 0.002340 -1.145357 -1.033854 -0.450724 -0.728282 0.340535 0.620343 0.381078 -0.075830 -0.121054 0.519420 -0.597795 -0.451363 0.031442 1.006123 -0.094857 -0.055827 -0.006380 0.229094 0.037830 
0.906120 -0.106249 -0.319331 -0.409821 -1.178436 0.370673 -0.087919 -1.050845 -1.016212 -0.276654 -0.607893 0.497360 0.476389 -0.012115 0.072880 0.042654 0.755149 -0.656581 -0.581558 0.231824 0.943258 0.160045 0.097760 0.187163 0.462000 0.236392 
0.818184 -0.016024 -0.272621 -0.191872 -0.953888 0.494101 -0.105773 -1.032457 -1.366626 -0.093681 -0.729043 0.885069 0.506272 -0.076036 0.152700 0.100083 0.924567 -0.430212 -0.645164 0.543013 0.619825 0.416654 0.231895 0.308454 0.581641 0.542405 
0.820927 -0.076608 -0.285636 0.595513 -1.155629 0.664542 -0.313130 -0.873746 -1.318734 -0.169900 -0.277932 0.829135 0.214334 -0.280397 0.045968 -0.067420 0.978070 -0.423019 -0.780358 0.462243 0.026186 0.610166 -0.130257 -0.003137 1.154102 0.342817 
0.376565 0.195170 -0.166577 0.990903 -0.901553 0.939813 -0.432950 -0.838013 -1.302693 -0.308379 -0.351543 0.606553 -0.326358 -0.055299 0.100367 -0.011965 0.895930 -0.094295 -0.692942 0.500209 -0.000442 0.474851 -0.202993 0.120139 1.359939 0.092277 
0.235948 0.288443 -0.531754 1.038333 -0.665493 0.923851 -0.937250 -0.681949 -1.369526 -0.162930 -0.098669 0.658790 -0.748315 0.083260 0.096031 -0.419678 0.455461 0.533300 -0.502664 0.757370 -0.077444 0.179361 -0.050161 0.172709 1.331125 0.297218 
0.120697 0.007604 -0.447427 0.908441 -0.133147 1.055867 -0.863243 -0.671276 -1.006549 -0.498073 0.205779 0.313574 -0.844688 -0.141387 0.113372 -0.734415 -0.095039 1.082108 -0.562833 0.578863 -0.301284 0.012430 0.077563 -0.015373 1.246920 -0.165435 
0.160287 -0.206055 -0.679303 1.204487 0.430930 1.183484 -0.601058 -0.665101 -1.039352 -0.548113 0.108655 -0.171280 -0.569845 -0.616195 0.278725 -0.974067 -0.950433 1.269984 -0.893478 0.199469 -0.082726 -0.171805 0.399724 -0.107477 1.312178 -0.841572 
-0.023393 -0.213030 -0.622521 1.216719 0.383877 1.025353 -0.255288 -0.589871 -0.880312 -0.807727 0.041201 -0.535953 -0.313207 -1.043024 0.816695 -1.113241 -1.197327 1.418242 -1.135222 -0.822553 -0.429630 -0.344586 0.484707 0.025107 1.029378 -1.204987 
-0.259858 -0.517539 -0.936363 1.054289 0.400389 0.662508 0.569649 -0.670547 -0.460607 -0.650267 -0.163445 -0.501075 0.192341 -0.722245 1.177440 -0.938721 -1.604522 1.125747 -1.112527 -1.459407 -0.292594 -0.488847 0.023669 0.036582 0.664804 -1.178145 
-0.139784 -0.362020 -1.316449 0.284434 0.284296 0.403805 0.962917 -1.066959 -0.369221 0.015651 -0.221417 -0.541901 0.481793 -0.674407 0.852130 -0.823684 -1.504197 1.108851 -1.100689 -1.270192 0.038258 -0.122950 -0.386577 -0.030853 0.135956 -0.921044 
-0.171222 -0.034737 -1.815638 -0.482890 0.514312 0.576975 0.833252 -1.033261 -0.062320 0.500848 -0.329069 -0.634185 0.649661 -0.959224 -0.089815 -0.438090 -1.198198 0.947564 -0.656770 -0.790565 0.270842 -0.113788 -0.460019 -0.328967 -0.352704 -0.668795 
-0.266029 0.008029 -1.603568 -0.432386 0.380617 0.140762 0.558262 -0.789001 -0.360229 1.003497 -0.108408 -0.714844 0.581504 -1.160783 -0.942633 -0.391391 -0.647686 0.658476 0.061653 0.283050 0.128961 0.227782 -0.161589 -0.459253 -0.416475 -0.604673 
-0.345844 0.329977 -0.964806 -0.315349 0.094821 -0.090586 0.446278 -0.249126 -0.127819 1.402541 0.111260 -0.750747 0.668912 -0.752030 -1.153865 -0.188942 -0.496720 0.239585 0.645932 0.890606 0.313348 0.104813 0.017593 -0.200987 -0.301907 -0.237274 
0.001725 0.019636 -0.256993 0.134969 -0.259383 -0.362063 0.299156 -0.442900 -0.309872 0.782653 0.530853 0.036238 0.988484 -0.196574 -0.968430 0.260706 -0.532801 0.118572 0.364784 0.913372 -0.038578 -0.224750 0.175600 0.091396 -0.243675 0.128074 
0.290446 -0.377765 0.708050 0.441686 -0.188307 -0.392982 0.428108 -0.116513 0.069537 -0.043241 0.545887 0.551066 0.685455 -0.101886 -0.019546 0.676997 -0.153194 0.078591 -0.132553 0.064642 -0.181526 0.041684 0.083525 0.027520 0.106989 0.469353 
0.243904 -0.463331 0.864226 0.940605 -0.065498 -0.084683 0.514915 0.521356 0.516746 -0.385659 0.621342 0.232787 -0.226796 0.140709 0.391530 0.611830 0.199303 0.141736 -0.196577 -1.078347 -0.011106 0.264246 0.218801 0.085472 0.406993 -0.062781 
0.242815 -0.658535 1.148799 1.013281 -0.069013 -0.212759 0.330543 0.820534 0.682003 -0.204372 0.464598 -0.236975 -0.626060 0.209983 -0.000821 0.837473 0.288567 -0.291098 -0.338775 -0.817356 0.336726 0.222905 -0.050374 0.214311 0.591972 0.007521 
0.182867 -1.346459 0.873089 0.385919 0.301028 -0.763109 -0.213770 0.597138 0.864589 0.126039 0.444216 0.387336 -0.616348 -0.328028 -0.572245 1.651554 0.590387 -1.186277 0.191384 0.246533 0.508970 0.138867 -0.332231 -0.221543 0.211577 0.316163 
0.095694 -1.554848 0.210236 0.213453 0.225732 -0.462771 -0.163593 0.453014 0.407849 0.429095 0.147268 0.574939 -0.400560 0.038779 -0.958023 1.910825 0.874015 -1.084989 0.060559 1.125169 0.306056 -0.022132 -0.049490 -0.305012 -0.109218 0.757948 
0.002667 -1.069094 -0.714127 0.182223 0.442402 -0.101625 0.045619 0.679650 0.123931 0.323663 -0.430379 0.685439 -0.087447 0.383320 -0.758235 1.652771 0.957335 -0.039529 -0.479186 0.313492 0.278914 -0.295533 0.449794 0.026127 -0.547110 0.913718 
-0.065441 -0.677581 -0.857031 0.154125 0.560582 0.134006 0.421679 0.382768 -0.524696 -0.076988 -0.881583 0.977965 0.313592 0.620370 0.132788 0.947244 0.994542 0.687979 -0.710934 -0.464613 0.297312 0.247278 0.899779 0.172580 -0.580391 1.116356 
0.124332 -0.679286 -0.747447 0.157045 0.533710 0.109355 0.606903 0.306619 -0.635769 -0.049143 -0.676070 1.066325 0.229746 0.446786 0.546358 0.393063 0.902501 0.928114 -0.038490 -0.432616 0.585950 0.371885 0.557186 -0.111975 -0.734173 0.804807 
-0.082124 -0.174419 -0.148825 0.047776 0.605566 -0.037837 0.557138 0.089378 0.241485 0.295701 -0.464242 0.871076 0.180638 0.279887 0.109636 0.566179 0.528027 0.599171 0.124222 0.011126 0.850204 0.423095 -0.182765 -0.046180 -0.738919 0.237347 
-0.179965 -0.031764 0.398338 -0.144069 0.034975 0.096683 0.555767 0.480601 1.076497 0.321186 0.826639 0.528830 -0.036873 0.406065 -0.618092 1.020780 0.140043 0.437110 0.170214 -0.196633 0.662922 -0.142459 -0.298394 0.004733 0.082275 -0.232794 
-0.160201 -0.191412 0.559377 0.530123 -0.173167 0.364162 -0.144552 1.018319 0.468072 -0.023975 1.234947 0.428174 -0.221253 0.116687 -1.118180 0.837258 -0.396004 0.045891 0.148485 -0.136000 0.668885 -0.270713 -0.399337 0.363688 1.021347 -0.275538 
0.515606 -0.768124 0.691026 0.770180 -0.237009 0.384301 -1.433805 0.658809 -0.006994 -0.435788 -0.084231 0.300855 0.422939 -0.194372 -1.150891 0.140310 -0.835194 -0.142057 -0.181328 -0.115342 0.254662 -0.397928 -0.351900 0.009701 1.253104 0.265339 
0.936203 -0.861004 1.083148 0.433837 -0.801024 0.481750 -1.738781 -0.054951 0.451028 -0.313989 -0.391495 -0.698206 0.312690 -0.263168 -1.662713 -0.003853 -0.981307 -0.318689 -0.889428 0.698032 0.749536 -0.813656 -0.312001 -0.170824 0.895882 0.761919 
0.860644 -1.044354 0.857231 0.602755 -0.447924 0.547909 -1.691246 -0.360917 0.416067 -0.231474 -0.661671 -0.638481 -0.189380 -0.621524 -1.483965 -0.398792 -0.969210 0.123283 -0.728866 1.116341 0.703412 -0.192090 -0.229420 -0.067778 0.214583 0.614500 
0.489226 -0.839814 0.389668 0.740974 0.121967 0.734720 -1.250399 0.313184 -0.058178 -0.133675 -0.729382 -0.245328 -0.440663 -0.569243 -0.763288 -0.841126 -0.598647 0.343046 -0.425799 1.007267 0.704707 0.566076 -0.307044 0.261450 -0.206802 0.554826 
-0.058578 -0.767200 -0.140287 0.787484 0.115364 0.820118 -0.802835 0.983826 0.148259 0.380066 -0.205672 0.022243 -0.319810 -0.397599 -0.235792 -1.196898 -0.283094 0.683992 -0.430443 0.475338 1.024005 0.814815 -0.301741 0.051312 -0.052454 0.377286 
-0.331838 -0.850094 0.031628 0.347762 0.311192 0.918988 -0.285472 1.500436 0.036499 0.402472 0.115288 0.103701 -0.132710 -0.465034 0.135364 -1.199627 0.476846 0.798849 -0.370502 -0.179432 1.322094 0.579907 -0.244209 -0.039464 -0.165732 0.270594 
-0.623118 -0.906584 0.423362 0.272144 0.463611 0.626310 0.098864 1.536465 0.189541 0.498921 0.355487 -0.048072 0.378494 -0.038709 0.309545 -0.921050 0.941410 0.902439 -0.522999 -0.920818 1.004104 -0.277776 -0.592854 -0.265578 -0.050455 0.252710 
-0.646730 -0.975815 0.501371 0.053688 0.825393 0.491471 0.266799 1.705549 -0.101014 0.315741 0.565025 -0.383123 0.458892 -0.263485 0.213230 -0.692774 1.417254 1.075558 -0.073894 -0.899720 0.634324 -0.872530 -0.360883 -0.358416 -0.158647 0.725547 
-0.668875 -0.550244 0.990339 0.034357 1.094210 0.451296 0.399481 1.576756 -0.259596 -0.126131 0.708715 -0.172838 0.445664 -0.041016 -0.177263 -0.289208 1.441667 1.001625 0.267455 -0.712499 0.270949 -1.476460 -0.264475 -0.206802 -0.190674 0.794510 
-0.549277 -0.427855 1.326249 0.001309 1.289428 0.612420 0.281921 1.403776 -0.184698 -0.286879 0.932498 -0.348609 0.536800 -0.091670 -0.589679 -0.165255 1.325556 1.106599 0.341996 -0.234768 -0.131254 -1.986511 0.003205 -0.284598 -0.089563 0.706793 
-0.210242 -0.201237 1.134650 -0.057650 1.410931 0.608896 -0.079988 1.296087 -0.252659 -0.240511 0.582063 -0.277837 -0.011830 -0.607075 -1.092136 0.010954 0.807092 0.811622 0.377899 0.278858 0.077052 -1.727374 0.123057 -0.055578 -0.341719 0.489338 
-0.017798 0.050003 0.981315 -0.428948 1.406834 0.378098 -0.253390 0.908917 0.110822 -0.061340 0.573220 -0.255274 -0.628791 -0.738594 -1.359764 0.068933 0.565990 0.598262 0.646010 0.736030 0.395733 -1.687678 0.293134 -0.307973 -0.238915 0.396610 
0.065604 0.366596 0.612995 -0.282331 1.330724 0.056417 -0.708720 0.774548 0.354915 0.224571 0.461226 -0.137095 -0.591223 -0.725592 -1.826624 0.037475 0.057797 0.470551 0.764907 0.902695 0.451317 -1.347055 0.243095 -0.545782 -0.392064 0.098996 
0.155511 0.374625 0.548949 -0.622841 1.007468 -0.390353 -0.500727 0.542796 0.125223 0.346223 0.568890 -0.061585 -0.696208 -0.760950 -1.621129 0.326885 -0.087500 0.278699 0.633906 0.612883 0.576287 -1.136183 0.159960 -0.758880 -0.519173 -0.034114 
0.309575 0.473741 0.389508 -0.329757 0.575969 -0.353833 -0.337527 0.333120 0.090408 0.474247 0.493007 -0.011309 -0.214676 -0.898090 -1.283271 0.165150 -0.244062 0.156436 0.653000 0.099875 0.299158 -1.168144 0.112625 -0.889426 -0.710554 -0.448977 
0.277907 0.123644 0.349789 -0.477911 0.531107 -0.219515 -0.176228 0.050528 -0.180085 0.633812 0.146171 -0.037763 -0.244316 -0.564348 -1.247298 0.045871 -0.427833 -0.053345 0.525150 -0.297513 0.733198 -0.806239 0.121908 -0.585527 -0.806280 -0.211903 
-0.027793 -0.108356 0.161190 -0.324087 0.359216 -0.085376 -0.108716 -0.324946 -0.450354 0.561049 -0.073203 0.054549 -0.140436 -0.372219 -0.744759 -0.169858 -0.048515 -0.532751 0.579630 -0.362468 0.549464 -0.574635 -0.160983 -0.313014 -0.718950 -0.105258 
0.020931 0.016941 0.020804 -0.225167 0.169830 -0.131428 -0.162287 -0.145579 -0.635005 0.688552 -0.320157 0.153835 -0.130267 -0.277022 -0.714551 -0.232462 -0.237483 -0.757119 0.485136 -0.022495 0.858559 -0.509469 0.018493 -0.109737 -0.783284 -0.019132 
0.168534 0.064896 0.003787 -0.292083 0.313440 -0.509819 -0.416085 -0.611054 -0.293515 0.594394 -0.599914 0.119063 -0.008728 -0.395431 -0.810247 0.058157 -0.071420 -1.192282 0.534600 0.125886 0.785434 -0.404329 -0.245525 0.099866 -0.922776 -0.272631 
0.275639 0.278725 -0.054491 -0.496777 -0.070013 -0.546812 -0.299405 -0.398903 -0.389434 0.499183 -0.213349 -0.008232 0.024198 -0.216155 -0.689042 -0.074128 -0.221290 -1.081977 0.276433 0.291103 0.611562 -0.185399 0.209819 0.018043 -0.896071 0.026560 
0.414687 0.134617 -0.087972 -0.422882 -0.204083 -0.436137 -0.446207 -0.236179 0.064651 0.262647 -0.042763 0.053205 -0.013087 -0.386373 -0.847259 -0.317536 -0.116340 -0.863246 -0.060211 0.428187 0.278078 -0.349261 0.221733 0.094999 -0.582610 -0.290746 
0.343098 -0.217325 -0.084430 -0.231184 0.101027 -0.514134 -0.410842 0.020097 0.104656 -0.168245 -0.245470 -0.092422 0.046875 -0.002698 -1.090599 -0.395088 0.087181 -0.796931 -0.217946 0.040683 -0.073844 -0.317850 0.483623 -0.087461 -0.460580 -0.145239 
0.456030 -0.072792 -0.040080 -0.336928 0.188326 -0.128808 -0.101785 0.232362 0.215659 -0.438141 0.112441 -0.163725 0.090784 0.223260 -0.969115 -0.355646 0.205073 -0.299081 -0.541256 0.031692 -0.264671 -0.595019 0.656397 -0.080491 -0.439810 -0.164417 
0.412718 -0.228619 -0.244740 -0.168939 0.223050 -0.202706 0.093763 -0.040752 0.078901 -0.718190 -0.179772 -0.510854 0.038739 0.218884 -0.483400 -0.257048 0.186278 -0.080680 -0.474497 -0.164954 -0.293074 -0.283881 0.689484 0.220836 -0.566377 -0.130525 
0.839726 -0.490146 -0.572479 -0.404419 0.159628 -0.187710 0.109811 -0.262490 0.063076 -0.710247 -0.053305 -0.179625 -0.068494 0.408616 -0.582866 -0.212938 0.121456 -0.057746 -0.676387 0.049518 -0.369978 -0.174185 0.654174 0.186705 -0.603700 0.025438 
0.672101 -0.432981 -0.533756 -0.267935 0.015504 -0.053798 0.120497 -0.300762 0.048952 -0.705234 -0.248155 -0.244219 0.006135 0.538136 -0.119752 -0.090990 0.025575 0.052966 -0.500403 -0.149837 -0.337452 -0.003205 0.379120 0.218733 -0.586461 0.195827 
0.605413 -0.411578 -0.410077 -0.291849 -0.157032 -0.142976 0.007549 -0.312483 0.223093 -0.121945 -0.302317 -0.637679 0.014880 0.360944 0.053948 -0.066848 0.174824 0.071324 -0.461577 -0.388554 -0.400236 0.008648 0.134360 -0.015750 -0.345975 0.074262 
0.648312 -0.373416 -0.377856 -0.295152 -0.145350 -0.077709 -0.262521 -0.388473 0.229917 -0.171063 -0.314287 -0.609536 0.002712 0.523578 0.294302 0.030144 0.263009 0.316600 -0.577534 -0.398624 -0.311317 -0.056611 0.077595 -0.295778 -0.379572 0.026563 
0.564529 -0.224949 -0.452421 -0.301721 -0.357093 0.149662 -0.019561 -0.329987 0.275271 0.143362 -0.141573 -0.382990 -0.054306 0.661380 0.463991 0.055138 0.167798 0.516542 -0.481325 -0.767661 -0.391433 0.000263 -0.191414 -0.167007 -0.140192 -0.004950 
0.616710 -0.531696 -0.257550 -0.339996 -0.272449 0.005262 -0.301418 -0.364569 0.296646 -0.206984 0.146806 -0.331042 -0.255986 0.530747 0.506977 0.153827 0.255383 0.741798 -0.565759 -0.669439 -0.478565 -0.032369 0.034608 -0.146647 -0.193386 -0.244871 
0.778968 -0.425803 -0.239639 -0.227716 -0.131059 0.102394 -0.318087 -0.563700 -0.172112 -0.357898 0.016620 0.222681 -0.032191 0.368086 0.501751 -0.020228 -0.188065 0.790342 -0.446818 -0.733500 -0.336575 0.340800 -0.194978 -0.175542 -0.093896 -0.244871 
0.838368 -0.503272 -0.249720 -0.056999 -0.076666 -0.118269 -0.533674 -0.415243 -0.016684 -0.562271 0.159848 -0.024727 -0.006473 0.273428 0.506507 -0.020809 -0.227280 0.918748 -0.182409 -0.455239 -0.284518 0.504494 0.140986 -0.218636 0.072661 -0.033625 
0.726490 -0.321003 -0.079311 -0.003297 -0.044836 -0.419443 -0.537971 -0.405469 -0.425049 -0.503969 0.146281 0.345812 -0.018833 0.070723 0.226282 0.095435 -0.303885 0.970476 -0.429094 -0.407382 -0.071192 0.561329 0.032803 -0.015619 -0.150214 -0.282608 
0.768860 -0.017836 -0.553851 0.097541 -0.052059 -0.311094 -0.307889 -0.284312 -0.431971 -0.707220 -0.145461 0.085544 -0.121373 0.384970 0.392181 0.064755 -0.236714 0.793359 -0.625099 -0.386337 0.084379 0.465245 0.132083 0.027457 -0.480978 -0.346056 
0.594796 -0.177301 -0.443272 0.167221 -0.143097 -0.534580 -0.376384 -0.213612 -0.346525 -0.773938 -0.177155 0.103147 -0.071258 0.486613 0.534423 0.173260 0.059284 0.682242 -0.426096 -0.353004 -0.200608 0.475948 0.165898 -0.024113 -0.189894 -0.167594 
0.392625 -0.141197 -0.674684 0.215223 -0.138496 -0.423046 -0.201130 -0.031177 -0.037183 -0.563740 -0.198200 0.135140 -0.074487 0.414364 0.573500 0.122509 0.112971 0.327568 -0.202497 -0.237621 -0.126089 0.238490 0.154253 -0.365733 0.081082 -0.030706 
0.431733 -0.364016 -0.575521 0.035533 0.058149 -0.345882 -0.002344 -0.012516 0.329413 -0.449480 -0.068280 0.296451 0.370289 0.425005 0.235380 0.368174 0.505087 0.333488 -0.436627 -0.256171 -0.130100 0.265795 0.322493 -0.348792 0.264589 -0.231377 
0.226161 -0.359021 -0.517481 -0.169459 -0.142355 -0.602095 -0.058237 -0.051493 0.388819 -0.312350 -0.056304 0.376076 0.606835 0.814329 0.463728 0.175289 0.351320 0.137213 -0.296320 -0.400976 -0.204085 0.058531 0.445322 -0.317421 0.064557 -0.227562 
0.348867 -0.224446 -0.127287 0.030871 -0.116668 -0.624211 -0.317163 0.094764 0.323030 -0.150543 0.275379 0.219332 0.514112 0.620562 0.521824 -0.013511 0.076215 -0.180026 -0.529312 -0.479151 -0.264426 0.178681 0.404788 -0.401107 0.118336 -0.396474 
0.221653 -0.171125 -0.122391 0.067081 -0.158578 -0.438518 -0.349316 -0.038681 0.367659 -0.258191 0.194503 0.488476 0.802070 0.723013 0.460622 -0.149509 -0.096365 -0.207065 -0.793983 -0.478550 -0.064125 0.189111 0.156503 -0.300540 0.379370 -0.398949 
0.322497 -0.082934 -0.293513 0.111067 -0.030667 -0.533851 -0.343484 -0.302893 0.355603 -0.415497 0.462021 0.307262 0.785137 0.701022 0.370121 -0.246871 -0.128300 -0.182013 -0.298800 -0.094590 -0.085490 0.233270 0.132369 -0.273437 0.463532 -0.102301 
0.196732 -0.329472 -0.326927 -0.008482 -0.227491 -0.411312 -0.516032 -0.312133 0.428269 -0.101464 0.272600 0.013665 0.576973 0.644477 0.399785 -0.118738 -0.448123 -0.483777 -0.173465 0.007806 -0.367889 0.298884 0.183037 -0.176104 0.273370 0.048134 
0.265816 -0.317323 -0.218122 0.120238 -0.059593 -0.713501 -0.135574 -0.147609 0.506434 -0.236139 0.369465 0.149485 0.368486 0.715571 0.427972 0.076819 -0.425105 -0.265765 -0.174890 0.020802 -0.199352 0.000579 0.215040 -0.362196 0.374106 -0.134807 
0.161137 -0.342228 -0.199060 0.022656 0.157335 -0.762022 0.108871 -0.266493 0.398238 -0.160606 0.354208 0.075881 0.256038 0.616653 0.663926 0.026289 -0.284704 -0.449283 0.056173 0.073280 -0.249056 0.032046 0.228421 -0.433782 0.189623 -0.240252 
0.215113 -0.102507 -0.074639 -0.213684 0.066918 -0.758797 0.285356 0.132090 0.382556 -0.005113 0.083161 0.463221 0.160150 0.733473 0.542349 0.154827 -0.042459 -0.266692 0.197609 -0.040544 -0.196456 0.139680 0.162941 -0.437277 -0.018441 -0.281356 
0.114211 -0.074391 -0.093308 -0.112540 0.030529 -0.596016 -0.066163 0.099594 0.415585 0.055416 0.232983 0.319233 0.334403 0.492837 0.546191 0.118830 -0.010890 -0.505330 0.257916 -0.176537 -0.039614 0.233732 0.179382 -0.548910 0.011697 -0.248392 
-0.047956 -0.174733 -0.366433 -0.261418 0.123119 -0.596023 -0.144475 0.059401 0.144170 0.010389 0.255972 0.505178 -0.096727 0.509414 0.560864 0.104404 -0.102848 -0.546560 0.175420 -0.064819 0.111058 0.020172 0.199480 -0.468372 0.140592 -0.309535 
0.018024 -0.065945 -0.459490 -0.265346 0.030558 -0.803248 0.047998 -0.194571 0.357290 -0.127809 0.268760 0.307429 0.043887 0.454353 0.336428 0.012483 0.015210 -0.423410 0.228450 -0.125914 0.042010 0.146502 0.105672 -0.243818 -0.055433 -0.236152 
0.237507 0.131760 -0.490344 0.193330 0.039975 -0.661126 -0.041847 -0.109460 0.143900 -0.061859 0.310916 0.271505 -0.131376 -0.003534 0.374151 0.111603 -0.196698 -0.475343 0.233927 -0.223459 -0.048244 0.460801 0.230813 -0.265750 0.082169 -0.321693 
0.043159 0.313581 -0.100810 -0.105808 -0.064911 -0.510142 -0.065571 -0.046273 0.207459 -0.050747 0.217585 0.152835 -0.077756 0.277260 0.528623 -0.032916 0.024250 -0.408798 -0.132806 -0.301792 -0.156120 0.197223 0.364541 -0.110396 0.348631 -0.175219 
0.109199 0.383053 -0.296742 -0.048176 -0.206369 -0.689321 -0.080257 0.013561 -0.064764 0.074115 0.022305 0.044773 -0.239414 0.672339 0.479406 0.113217 -0.084627 -0.128589 -0.033815 -0.189299 0.074534 0.315376 0.219443 -0.223756 0.209283 -0.229238 
0.084976 0.468271 -0.148415 -0.245508 -0.074288 -0.477332 0.052792 0.042397 0.233721 0.133264 0.092594 -0.002175 -0.084872 0.436696 0.419588 0.117604 0.017520 -0.282621 0.007643 -0.192378 -0.020497 0.279402 0.024648 -0.157727 -0.004646 -0.044675 
0.116573 0.185085 -0.188735 -0.462419 -0.135687 -0.356340 0.049644 -0.101709 0.069913 -0.072027 0.087017 0.265798 -0.043402 0.271921 0.468967 0.032169 0.064473 -0.186369 -0.009945 -0.289801 -0.073850 0.410407 0.040759 -0.306600 0.329049 -0.075256 
-0.095428 -0.008390 0.172382 -0.528134 -0.292385 -0.198884 0.347586 0.158783 0.067724 0.161376 0.138350 0.151232 -0.055041 0.335442 0.480511 0.006929 -0.044874 -0.248623 -0.047468 -0.311910 -0.120978 0.177847 0.104463 -0.143165 0.313635 -0.071223 
0.039601 0.154684 0.348309 -0.468788 0.003297 -0.222175 0.317818 0.146070 0.167110 0.210843 0.003477 0.044490 0.357101 -0.128658 0.143982 0.208933 -0.104335 -0.143217 0.056328 -0.446584 -0.073000 0.071722 0.130472 -0.127934 0.223295 0.210655 
0.128076 0.393532 0.404759 -0.353679 -0.245259 -0.030637 0.373818 0.130420 -0.230140 0.457518 0.266131 0.002260 0.398911 -0.187499 0.300476 0.295672 -0.041817 -0.295980 0.098611 -0.533887 -0.429072 0.232556 0.215878 -0.118301 0.362936 0.191855 
-0.088901 0.407212 0.381007 -0.391159 -0.136569 -0.024049 0.222042 0.154061 0.110050 0.333337 0.246238 -0.188809 0.266480 -0.026136 0.076417 -0.019311 0.033334 -0.066426 0.231684 -0.613510 -0.497099 0.230440 0.231939 -0.239724 0.047605 0.116322 
-0.175141 0.574792 0.354129 -0.129952 -0.484009 0.001523 0.245599 0.152191 -0.010213 0.511076 0.176169 -0.188244 0.098525 0.306833 0.028453 -0.305475 0.211252 -0.174082 0.158339 -0.224229 -0.582350 0.153614 0.058358 0.006864 0.089303 0.322626 
-0.633823 0.388957 0.129274 -0.039413 -0.425343 -0.058920 0.152971 0.229361 0.092977 0.579738 -0.075137 -0.305647 -0.156718 0.286856 -0.171989 -0.302937 0.233765 -0.558113 0.334953 -0.481071 -0.234840 0.303702 -0.000934 -0.012254 0.128482 0.261825 
-0.494862 0.705842 0.194853 -0.068209 -0.324120 -0.177361 0.215810 0.374115 -0.012238 0.544985 -0.092219 -0.260814 0.070406 0.296908 0.094909 -0.209058 0.091474 -0.296988 0.056223 -0.305614 -0.391033 0.241627 -0.051251 0.102822 0.216036 0.411887 
-0.199679 0.439793 0.361702 0.159838 -0.283323 -0.249156 0.105242 -0.021088 0.008815 0.131097 -0.284094 -0.183385 0.450823 0.148811 0.372040 -0.193102 -0.288498 -0.128110 0.002428 -0.470465 -0.270012 0.128636 -0.213630 0.162161 0.029938 0.233203 
-0.295244 0.367396 0.629312 0.358242 -0.106466 -0.485968 0.207206 0.041136 -0.067613 0.149946 -0.456683 -0.246734 0.404135 0.182336 0.584064 -0.152569 -0.039867 -0.083430 -0.221286 -0.242749 -0.240641 0.258109 -0.228567 -0.058113 0.094107 0.373262 
-0.154663 0.290419 0.692512 0.280248 0.015167 -0.176631 0.330726 -0.037003 -0.023212 -0.000572 -0.170022 -0.293728 0.272988 0.057242 0.713297 -0.086046 0.243943 0.059662 -0.314262 0.004588 -0.310711 0.154595 0.187479 0.007917 0.291799 0.315011 
-0.415286 0.366655 0.602711 -0.072090 0.074580 0.111275 0.571214 -0.343809 0.052129 0.226445 -0.355548 -0.298218 0.279938 -0.210811 0.266129 0.093694 0.234901 0.046836 -0.163586 0.363022 -0.164378 -0.161329 0.256328 0.392474 0.330798 0.356654 
-0.192079 0.743623 0.454008 -0.044566 -0.077503 0.173462 0.633623 0.030516 0.225147 0.262925 -0.343838 -0.263074 0.042490 -0.108418 0.189815 0.029917 0.123154 0.107055 -0.154348 0.495487 -0.194794 0.328557 0.248455 0.509299 0.303535 0.372763 
-0.265550 0.999518 0.233243 -0.103066 -0.042465 0.109933 0.370494 -0.225868 0.097666 0.370143 -0.373941 -0.224320 0.319854 -0.103276 0.264928 -0.031422 0.071545 0.008156 -0.051746 0.445206 -0.395718 0.358708 0.489344 0.499113 0.257124 0.298909 
-0.715838 0.862609 0.354420 0.042392 -0.134841 0.044457 0.242777 -0.053715 0.172763 0.229377 -0.306321 -0.294639 0.135854 -0.086838 0.243440 0.066495 -0.204686 -0.195736 0.109906 0.405690 -0.161085 0.636940 0.278676 0.118854 0.371541 0.211122 
-0.527313 0.949246 0.469419 0.482276 0.163146 -0.060891 0.130363 -0.104974 -0.217737 0.383207 -0.379178 -0.223145 0.351361 -0.116184 0.272787 -0.117942 -0.141796 -0.294500 0.279087 0.635746 -0.084350 0.534060 0.430466 0.168982 0.265468 0.410340 
-0.553505 1.000701 0.440243 0.323869 0.182189 -0.188177 0.149585 0.021775 -0.125869 0.192780 -0.638007 -0.344210 0.257166 -0.283425 0.324856 -0.033813 -0.046355 -0.274981 -0.057517 0.529562 -0.360081 0.539188 -0.021352 0.151817 0.398921 0.417072 
-0.621543 1.021777 0.668933 0.551978 -0.000848 0.018769 0.183010 0.120534 -0.343698 0.068113 -0.390975 -0.213030 0.402583 -0.344421 0.413227 0.214104 -0.099261 -0.376957 0.137910 0.777473 -0.315146 0.367681 0.166332 0.560653 0.434053 0.553755 
-0.484795 0.925107 0.542740 0.299677 0.097102 0.169906 0.649743 -0.058531 0.010341 0.096004 -0.472084 -0.410662 0.401771 -0.425713 0.598973 0.055796 -0.174965 -0.483434 -0.320696 0.621909 -0.237197 0.332804 0.035064 0.370872 0.420401 0.560740 
-0.638557 0.977534 0.696381 0.078031 -0.036617 0.291088 0.783460 -0.162904 0.121643 0.248920 -0.253132 -0.611080 0.304056 -0.436305 0.166444 0.127772 0.048263 -0.585192 -0.438907 0.436108 -0.393809 -0.070251 0.041049 0.564886 0.509170 0.519341 
-0.565407 0.957989 0.614243 0.088297 0.158542 0.297064 0.883105 -0.176248 0.293672 0.077538 -0.422193 -0.182890 0.507034 -0.497879 0.008917 0.122713 -0.155450 -0.441968 -0.150354 0.497629 -0.124434 -0.080097 -0.000038 0.466348 0.331102 0.213447 
-0.476140 0.576756 0.369989 0.252511 0.236305 0.451212 0.830929 -0.187318 0.144032 -0.150306 -0.211778 -0.053636 0.513583 -0.680053 -0.124228 -0.029604 -0.171829 -0.525279 -0.078646 0.841811 0.067512 -0.065199 0.086905 0.307842 0.350642 0.341284 
-0.207441 0.212158 0.310117 0.295361 0.214343 0.470253 0.567721 -0.048646 0.164884 -0.221515 -0.378787 0.017822 0.354247 -0.756273 -0.003440 -0.135282 -0.008058 -0.521129 -0.095534 0.806718 0.147092 -0.020920 -0.018232 0.267832 0.095032 0.504016 
-0.074253 0.247828 0.262767 0.297979 0.121742 0.454106 0.487926 -0.044536 0.120123 -0.148057 -0.516519 0.167285 0.073719 -0.750512 0.202616 0.036594 0.108905 -0.362122 0.121840 0.631367 0.223828 0.383346 0.188444 0.077518 -0.373242 0.437538 
0.192982 0.217050 -0.029357 0.370990 0.264381 0.419749 0.402306 -0.171285 0.230561 -0.322184 -0.455164 0.242361 -0.211122 -0.717990 0.218395 -0.012330 0.001082 -0.338288 -0.036408 0.892162 0.327049 -0.020994 0.184239 0.224986 -0.273543 0.241962 
0.012671 0.160260 0.076154 0.279874 -0.171727 0.557939 0.541235 -0.455406 0.440857 -0.298579 -0.017142 0.052245 -0.521812 -0.979561 0.313251 -0.139577 -0.182495 -0.650219 -0.153750 0.728407 0.444149 0.223186 0.352188 0.308758 -0.166518 0.134703 
-0.242584 -0.061177 -0.275572 -0.036189 -0.284518 0.913318 0.402481 -0.365142 0.570625 -0.284446 -0.071451 0.179772 -0.547610 -0.757398 0.445189 0.200872 -0.064935 -0.884353 -0.016664 0.376820 0.231037 0.147843 0.505920 0.272775 -0.101930 0.096564 
-0.018084 -0.100246 -0.311367 0.153844 -0.649399 1.159063 0.449056 -0.267063 0.605255 0.017729 -0.018709 0.285681 -0.572075 -0.596188 0.665731 0.128679 0.150041 -0.931769 -0.038860 0.425603 -0.004634 -0.087359 0.808187 0.166829 -0.036419 0.001333 
0.062389 -0.219110 -0.466069 0.079592 -0.832677 0.933445 0.288401 -0.077580 0.665976 0.030635 0.066461 0.389296 -0.448619 -0.568445 0.486475 0.088341 -0.000851 -0.896355 0.334481 0.535173 -0.283695 -0.050872 0.947501 -0.045257 0.184602 -0.114167 
0.239352 -0.414983 -1.206022 0.160243 -0.707920 0.986345 0.100996 -0.026349 0.262897 -0.015214 -0.271489 0.346421 -0.901437 -0.096445 0.166885 -0.190090 -0.138821 -0.759372 0.558595 1.036659 -0.032521 0.557271 1.412987 -0.175402 -0.031216 -0.460133 
0.319816 -0.753646 -1.734821 0.485136 -0.385114 0.981697 -0.144111 -0.158435 0.306288 -0.222771 -0.128907 0.338636 -1.173307 0.151396 0.086348 -0.156468 -0.071449 -0.654912 0.800943 1.857753 0.051068 0.960490 1.761999 -0.676614 -0.028454 -0.545182 
