-0.913275 0.438390 0.330121 -0.292069 0.850640 0.287669 -0.475351 0.636580 -0.821137 -0.749812 -0.600727 -0.483038 0.026224 0.138657 0.455799 -0.175833 
0.342709 -0.397614 0.430305 -0.646713 -3.760246 -0.513242 -0.490947 1.009015 -0.092770 0.943040 -0.755181 1.206679 -1.193427 -0.881230 0.191550 -3.544651 
-0.643328 0.116598 0.531969 1.727813 0.619231 -0.235743 -1.524041 0.327335 0.341954 -1.671602 0.439641 -2.899509 -6.934293 0.289936 -1.286039 -8.757510 
-0.028184 0.565752 -0.278834 0.076438 0.046990 -0.086994 -1.152974 0.010307 0.916762 0.997055 -0.349907 -0.222113 -0.413179 0.755597 0.133549 -0.002370 
-1.360728 0.021640 -0.023710 -0.409208 0.977561 0.060234 -0.782240 -0.486372 -0.248574 0.353914 0.528760 -1.887111 -4.892950 0.750052 0.400951 -1.527670 
0.433726 -0.229883 0.514375 0.200009 -1.132851 0.054903 0.360119 0.168443 -1.152650 -0.922844 0.540373 -3.651597 -1.545440 -0.044672 0.387627 -2.914516 
0.333677 0.189636 0.292212 1.021173 -2.347215 0.468107 1.365146 0.661234 -2.058665 -1.940055 -0.219804 -1.843989 -0.761845 1.219258 0.466669 1.582985 
0.121173 1.087078 0.003234 0.797212 -0.702002 -1.034836 -0.479736 0.601965 -1.336365 0.707441 -0.477997 0.043406 -1.848113 -1.128149 -1.510467 0.037145 
0.303055 -1.568649 0.489950 0.798557 0.585237 -0.092047 1.092879 0.378890 -0.691285 -1.220080 -0.054281 -0.282900 -0.853637 0.112287 -1.364031 -1.229975 
0.603193 -0.487048 -0.145532 0.564320 -1.169226 0.178195 0.789502 -0.402659 -2.289171 -0.452563 -0.311967 0.562494 1.544256 -0.471017 -1.702130 -0.427825 
0.879094 -0.194168 0.296499 -0.623223 0.296191 1.056972 0.667661 -1.415300 0.697414 -0.396535 0.170558 -1.084478 -1.800675 0.457137 0.012305 0.670876 
-0.294540 0.135701 0.135919 -1.330470 0.144726 -0.042742 0.462719 0.212151 0.657924 0.080211 -0.202656 0.113651 0.040743 -3.114461 -1.060779 0.496911 
0.163878 0.776244 -0.476050 -0.602372 0.330777 0.315775 0.777346 -1.528434 0.398002 -0.951473 0.198037 0.627188 0.507785 -0.197740 -1.749521 0.258624 
0.590693 -0.018540 0.084746 -1.061508 -1.182273 1.170444 -0.339369 0.071479 -0.742580 -1.638981 -0.032660 -1.155701 0.566102 1.450415 -0.738396 -0.180596 
-0.340822 0.974627 0.016152 0.622860 2.325181 -1.628924 -2.577130 -0.257655 -1.360523 -1.280538 0.158007 -0.107686 1.941590 -0.150445 0.269899 -2.648508 
0.205198 0.039451 0.308025 -0.481358 0.376411 -5.878209 -3.442609 0.365461 0.328477 -0.001609 -0.373963 0.253288 -0.060469 -2.403826 -0.228606 0.160916 
0.760125 0.244499 -0.747355 -0.486356 -0.334325 -1.814061 -2.269105 -0.026195 0.549217 0.914767 -0.386689 1.724720 -0.374956 -1.176148 -1.617648 0.132157 
-0.003378 -0.692003 0.171721 -3.142622 0.029226 -0.314595 -0.312721 0.318409 -0.908391 0.253858 -1.076114 -2.270437 0.902250 -1.218752 0.124275 -0.238291 
-0.669223 -0.010371 -0.550485 0.355438 0.290143 0.036376 0.382444 -1.586736 -1.242392 1.840580 0.378809 -0.558998 -3.145864 0.315743 0.053489 -4.214306 
-0.169645 -0.204584 -0.501964 -1.183211 1.967894 0.947494 -0.797706 -0.539513 -0.520416 0.552593 -0.003692 -8.285885 2.117743 0.389693 -0.841880 -9.925194 
-0.395805 -1.203786 0.054944 1.195891 -0.560398 0.005271 0.806525 0.056835 -1.614943 -0.634801 0.089808 0.509147 0.863628 0.969939 0.122069 0.252986 
-1.406134 -0.336958 0.082654 0.031537 -0.229298 1.893161 0.295967 -0.625543 -0.715094 1.788681 0.438219 -2.551365 -0.369148 0.811687 0.274293 -8.659311 
0.521919 0.229084 0.048343 -1.067397 -3.520689 0.237250 0.184203 -0.389502 -0.408732 0.677369 -0.005060 -0.629509 -1.525065 -0.210636 -0.636663 -1.808080 
0.212679 0.499009 0.639358 -0.497617 -2.485964 0.682347 0.937975 0.519780 -1.736568 -2.604123 0.489730 -0.023485 0.096001 0.370048 -1.159677 -0.501743 
0.506559 -2.167442 0.247651 1.193146 1.048022 -0.914159 -0.660898 -0.068811 -1.380900 0.596651 -0.036380 -0.105644 -2.262382 -0.156748 -0.278627 -2.921355 
-0.157205 -0.161564 -0.766883 -1.245935 0.476014 0.883028 1.412168 -0.583830 1.159397 -0.148263 0.302590 0.510588 1.028768 0.248594 1.134067 -1.186530 
