-0.187687 -1.509856 0.516019 -0.386272 -0.491101 -0.453828 0.192019 0.024004 -0.038107 0.014554 1.404252 -0.916829 0.451625 -0.538139 -0.598645 0.477341 0.264974 0.766217 0.499616 -0.625221 0.622310 -0.552372 0.044185 0.651528 0.161534 0.438036 0.415042 0.742193 
-0.148391 -1.374668 0.050170 -0.199227 -0.134354 -0.405445 0.390223 0.314133 -0.168496 0.251392 1.231895 -0.952418 0.528446 -0.078426 -0.645866 0.430571 0.212891 0.611629 0.382834 -0.518471 0.437595 -0.135383 0.058756 1.073707 0.014678 0.209639 0.056156 0.151789 
-0.255073 -1.425026 0.040172 -0.066966 -0.126465 -0.196295 0.381672 0.170613 -0.473414 -0.184447 0.788680 -0.945770 0.392250 0.039300 -0.469362 0.053137 0.034541 0.542274 0.377236 -0.422864 0.312897 0.180549 -0.090181 0.668733 -0.089538 0.287579 -0.056513 0.049728 
0.046400 -0.942753 -0.349502 -0.069830 0.083351 0.002635 0.130217 0.121030 -0.117647 0.006772 0.727870 -0.751215 0.153646 0.149727 -0.494680 -0.284043 -0.060746 0.901653 0.195770 -0.337333 0.092164 0.032828 0.014567 0.512759 -0.135051 0.192583 -0.012963 0.197251 
-0.013464 -1.031071 -0.276426 -0.005615 0.109533 0.088020 0.209570 -0.175037 -0.147853 0.091880 0.769118 -0.675188 0.138364 0.091161 -0.563491 -0.368680 -0.147456 1.029176 0.228587 -0.188620 0.090408 0.145546 -0.162169 0.366263 -0.087151 0.078208 0.196089 0.025485 
0.102767 -0.906344 -0.045214 -0.064498 0.297425 -0.250014 0.055952 -0.091317 -0.036799 0.262412 0.705208 -0.478863 0.326976 -0.149922 -0.821088 -0.426316 0.054909 1.013166 0.138506 -0.249055 0.113912 0.002741 -0.261616 0.111545 -0.300025 0.080995 0.290892 0.071265 
0.043341 -0.907390 0.074863 -0.134874 0.282680 -0.108698 0.234163 -0.437195 0.153254 0.070200 0.668804 -0.186327 0.408889 0.022061 -0.618887 -0.264632 -0.120218 1.077449 0.027022 -0.256958 0.447126 0.258207 -0.118806 0.414769 -0.184107 -0.016795 0.347802 -0.067171 
-0.109475 -0.640101 0.208121 -0.340837 0.245230 -0.094309 0.095599 -0.343671 0.250817 0.347605 0.439394 -0.114637 0.205414 0.202380 -0.621726 -0.061475 -0.048501 0.732082 0.139007 -0.152943 0.529500 -0.081262 -0.411015 0.025128 -0.107716 -0.102876 0.656725 -0.195107 
-0.090038 -0.685143 -0.033548 -0.291521 0.093671 -0.189760 0.150009 -0.041268 0.285464 0.327687 0.398371 -0.019439 0.161606 -0.039664 -0.563937 -0.304815 0.017476 0.812838 0.409552 -0.107267 0.355491 -0.261495 -0.311535 0.163669 -0.184131 0.124031 0.554649 -0.227786 
-0.052251 -0.751898 -0.057919 -0.388762 0.457995 -0.087298 0.180515 0.076432 0.122537 0.262702 0.300390 0.026275 0.277170 0.124635 -0.679793 -0.270058 0.174997 0.742100 0.362027 -0.114099 0.180777 -0.185975 0.216399 -0.193478 -0.210807 0.105138 0.438773 -0.110023 
-0.193165 -0.753097 0.021394 -0.152058 0.382599 -0.297319 0.063467 0.171317 0.171903 0.277928 0.154102 0.148640 0.009624 0.038257 -0.750006 -0.381583 0.072580 0.799919 0.380498 0.069521 0.481887 -0.275437 -0.035184 -0.064961 -0.367342 -0.100615 0.405480 -0.071993 
0.002859 -0.612863 -0.048533 -0.215880 0.297986 -0.011662 0.325855 -0.119083 0.141143 0.413640 0.038297 0.192730 0.095810 0.067273 -0.884059 -0.143951 0.035632 0.808499 0.168444 0.111380 0.421344 -0.057842 -0.098579 -0.138961 -0.328795 -0.269574 0.195774 -0.020655 
-0.036007 -0.546548 0.129425 -0.395541 0.380206 -0.260288 0.220503 -0.016965 0.083489 0.263768 0.061526 0.144154 0.097538 -0.016116 -0.694378 -0.183552 -0.008888 0.897484 0.344654 0.008634 0.549114 0.121410 0.007846 -0.354534 -0.534548 -0.199110 -0.019642 -0.131284 
-0.302812 -0.522055 0.021390 -0.143633 0.695644 -0.280604 0.127175 -0.186331 0.151319 0.070871 -0.270404 -0.035927 0.048248 -0.104649 -0.684983 -0.097451 -0.138824 1.011096 0.598185 0.584792 0.461390 0.032406 -0.085929 0.043086 -0.299943 -0.338783 -0.143702 -0.018470 
-0.517282 -0.514969 0.277943 0.035890 0.381956 -0.190002 0.297158 -0.147430 0.352347 0.381246 -0.065624 -0.182621 0.103676 -0.160203 -0.436476 0.216875 0.116487 0.877545 0.430886 0.599532 0.367096 -0.043790 -0.018091 -0.236378 -0.306616 -0.479103 -0.003736 -0.180159 
-0.616910 -0.270748 -0.016915 -0.010431 0.147673 -0.139015 0.272374 -0.029324 0.144298 0.222403 -0.315876 0.016834 0.053263 -0.084903 -0.406844 -0.118651 0.130272 0.896124 0.300879 0.597614 0.418209 0.316240 0.048733 -0.086501 -0.507590 -0.602150 0.016250 -0.004180 
-0.779840 -0.283038 0.251452 0.139398 0.536382 0.023915 0.252110 0.048105 0.348596 0.327928 -0.463018 0.083324 -0.169750 -0.124167 -0.481489 -0.262418 0.076434 1.017344 0.098068 0.686609 0.312568 0.217688 0.096445 -0.110024 -0.267947 -0.459374 -0.001868 -0.121150 
-0.613973 -0.028581 0.299598 0.493881 0.301881 0.153945 0.128315 0.322720 0.281232 0.244124 -0.640434 -0.155392 -0.090936 0.017386 -0.521312 0.027857 0.278369 0.899290 0.049194 0.711998 0.353295 0.183645 -0.026982 0.108141 -0.180391 -0.710316 -0.053104 -0.203140 
-0.372418 -0.107329 0.262978 0.460337 0.197677 0.128839 -0.020261 0.004975 -0.148833 0.180503 -0.873674 -0.208401 -0.068673 0.194077 -0.395635 0.268704 0.575622 1.200359 -0.179791 0.693512 0.440670 0.338374 -0.146301 0.056331 -0.379561 -0.607592 -0.028326 -0.062658 
-0.270592 0.000932 -0.072075 0.478784 0.290552 -0.219454 -0.117224 -0.111586 -0.171081 0.101637 -0.568289 -0.051115 -0.133484 0.053192 -0.094093 0.340753 0.601312 1.107778 0.133468 0.540283 0.360538 0.143104 -0.300011 0.014336 -0.160890 -0.625129 -0.146703 -0.007972 
-0.213407 0.239169 0.119775 0.393937 0.393640 -0.090264 -0.195593 -0.126069 -0.389244 0.090789 -0.756993 -0.308444 -0.437582 0.069159 -0.082339 0.645224 0.283218 0.829624 -0.195146 0.776295 0.356359 0.112230 -0.228628 0.031612 -0.223417 -0.727328 -0.039970 0.117770 
-0.373965 -0.002155 -0.022867 0.471237 0.224270 -0.155934 -0.491423 -0.095289 -0.812152 0.276830 -1.026349 -0.110863 -0.562505 -0.238003 0.118190 0.491145 0.048218 0.674124 -0.036903 0.702438 0.131946 0.387534 -0.224392 -0.020086 -0.086462 -0.779604 -0.029636 0.420573 
-0.338436 0.216260 -0.277326 0.696061 0.232802 -0.455889 -0.566938 -0.176649 -0.889171 -0.099522 -0.935997 0.194990 -0.241098 -0.033030 0.199568 0.382076 -0.122501 0.659159 -0.235236 0.672570 0.185232 0.111158 -0.078341 -0.092353 -0.147819 -0.690781 -0.150660 0.079972 
-0.221615 0.327520 -0.475607 0.601247 0.050826 -0.152815 -0.234367 -0.275559 -0.832278 0.094292 -0.864869 0.204641 -0.443652 0.054824 0.492113 0.501930 -0.195861 0.370591 -0.371725 0.964995 0.295381 0.165263 -0.125000 -0.156251 -0.115956 -0.791800 0.127626 0.088693 
-0.151897 0.466951 -0.406143 0.548413 0.000065 -0.380782 -0.465334 -0.339291 -0.822465 -0.097512 -1.135944 0.385180 -0.524438 0.013059 0.430183 0.665561 -0.180438 0.254471 -0.200531 0.791030 0.366209 0.049957 -0.065695 -0.187169 -0.341580 -1.112147 0.081561 -0.250051 
-0.189942 0.507556 -0.555788 0.426494 0.137538 -0.192835 -0.060046 -0.296482 -0.871805 -0.234259 -0.965762 0.346996 -0.553094 0.146711 0.267076 0.639726 -0.457886 -0.132950 -0.054868 0.591611 0.645963 0.131844 -0.118319 -0.509829 -0.269368 -1.039616 0.037884 -0.034879 
-0.430585 0.342225 -0.540214 0.148062 0.065201 -0.350606 -0.003057 -0.298640 -0.570634 -0.239617 -0.836778 0.388613 -0.509541 0.003323 0.301493 0.616772 -0.105819 -0.081849 -0.194089 0.571174 0.650767 0.126622 -0.096983 -0.327765 -0.142821 -0.914953 0.239391 -0.126395 
0.012188 0.354822 -0.401039 -0.014814 0.084688 -0.281325 -0.197486 0.064756 -0.364846 -0.383861 -0.823008 0.503514 -0.554290 0.079245 0.503299 0.308458 -0.301421 0.000274 -0.569648 0.667988 0.750389 0.108893 -0.164378 -0.509701 0.152482 -0.797314 0.179192 -0.207758 
-0.143765 0.591355 -0.336973 -0.004363 0.142977 0.145076 -0.292632 0.053243 -0.383993 -0.472548 -0.528656 0.358607 -0.673095 0.227730 0.821408 0.373279 -0.061955 -0.010935 -0.552176 0.381586 0.778995 0.125299 -0.083835 -0.442133 -0.071931 -0.907681 0.442732 -0.139147 
-0.042925 0.640649 -0.375427 0.057435 0.167215 0.221065 -0.297908 -0.200332 -0.335033 -0.297602 -0.530853 0.503061 -0.413494 -0.159288 0.898623 0.141090 0.122700 -0.162494 -0.410570 0.354141 0.542089 0.311530 -0.157841 -0.481667 -0.305016 -0.666498 0.355888 -0.051801 
-0.173877 0.600922 -0.572284 0.141515 -0.240211 -0.042357 -0.379623 -0.163431 -0.472943 -0.027000 -0.824429 0.562139 -0.386322 -0.113610 0.925080 0.178155 0.028066 -0.293738 -0.550687 0.800879 0.474381 0.429412 -0.189405 -0.467990 -0.420253 -0.848058 0.170841 0.016255 
-0.018740 0.542531 -0.405821 0.205635 -0.095447 -0.190310 -0.453259 -0.088127 -0.348577 0.041070 -0.668417 0.546414 -0.091421 0.030846 1.142961 -0.016341 0.016225 -0.634273 -0.304156 0.618855 0.416597 0.471970 -0.120794 -0.620289 -0.298284 -0.625563 0.086922 0.002288 
-0.079214 0.921800 -0.508168 0.174951 0.006982 -0.147421 -0.498578 -0.103881 -0.703163 0.157272 -0.530510 0.543831 -0.415817 -0.061680 0.855152 -0.162757 -0.252072 -0.843812 -0.561405 0.616749 0.274272 0.566847 0.112758 -0.405390 -0.394023 -0.243708 0.075355 0.148295 
0.128885 0.931536 -0.295925 -0.245385 -0.092617 0.014523 -0.399847 0.005292 -0.761420 0.178676 -0.661298 0.480784 -0.227521 -0.145706 0.903455 -0.306589 -0.084335 -0.779885 -0.586897 0.392678 0.399577 0.481889 -0.006093 -0.383481 -0.151285 -0.252326 -0.189597 -0.029555 
0.081899 0.829133 -0.145688 -0.126133 -0.098239 0.059612 -0.343737 0.164425 -0.751508 0.502252 -0.612294 0.636646 -0.232579 0.016346 0.505754 -0.351858 -0.085192 -0.329932 -0.390121 0.145914 0.668859 0.511330 0.155960 -0.549602 -0.154542 -0.044822 -0.141650 0.053516 
0.461934 0.878425 -0.216546 -0.130253 -0.246278 0.065931 -0.516325 0.303221 -0.968868 0.625770 -0.584863 0.587180 -0.465652 -0.231811 0.688689 -0.267563 -0.019672 -0.421229 -0.389446 0.141252 0.642828 -0.029195 0.118056 -0.467535 -0.232934 -0.003677 -0.285809 0.281812 
0.699097 0.881542 -0.064852 -0.290879 -0.184727 0.447109 -0.364293 0.181769 -0.754660 0.388817 -0.264365 0.468494 -0.342651 -0.076389 0.786988 -0.380917 0.255161 -0.256626 -0.250126 0.090935 0.607788 -0.319998 0.430356 -0.402171 -0.300557 0.078707 -0.416520 0.197153 
0.584512 0.678171 0.019422 -0.381562 0.243198 0.571351 -0.257980 0.360466 -0.708240 0.393690 -0.465365 0.724897 -0.395162 -0.111678 0.912227 -0.517903 0.434609 -0.130839 -0.619854 0.018719 0.320355 0.039701 0.172341 -0.400222 -0.561551 -0.071861 -0.527115 0.327549 
0.884564 0.702351 0.221490 -0.331732 0.337039 0.545056 0.027068 0.381143 -0.578534 0.228949 -0.605855 0.685749 -0.125025 -0.085839 1.000555 -0.637042 0.811555 -0.302260 -0.255349 0.223666 0.214555 -0.216372 0.162241 -0.377328 -0.576922 0.164793 -0.342977 0.174511 
0.806118 0.721216 -0.020699 -0.632626 0.372897 0.599234 0.175609 0.363323 -0.698735 0.037284 -0.491404 0.730276 0.050674 -0.040060 1.322451 -0.633360 0.933596 -0.227787 -0.258289 0.143186 0.021943 0.072467 0.203982 -0.433435 -0.580005 0.067102 -0.565549 0.482537 
0.938920 0.823824 0.023684 -0.454335 0.263563 0.645352 0.278551 0.543160 -0.493102 0.085957 -0.367251 0.579189 0.066937 -0.249606 1.059022 -0.761051 0.928850 -0.666456 0.070374 0.165544 -0.337584 -0.067933 0.189858 -0.485022 -0.757824 0.284066 -0.491709 0.400990 
0.951039 0.533257 0.177598 -0.355975 0.092230 0.461092 0.471033 0.304548 -0.498494 0.076512 -0.286514 0.384883 0.180324 -0.215486 0.962452 -0.817328 0.816470 -0.859250 0.026822 0.034357 -0.385371 -0.116884 0.157859 -0.394068 -0.594310 0.367506 -0.385853 0.709837 
0.914894 0.685114 0.040280 -0.348115 0.112920 0.602297 0.226127 0.424004 -0.192527 -0.011488 -0.456362 0.408919 0.312657 -0.193669 0.804893 -0.913875 0.506874 -0.598742 -0.280898 0.025963 -0.289145 -0.505595 0.311937 -0.465470 -0.317194 0.321860 -0.708695 0.359624 
0.906003 0.647952 0.193174 -0.066754 -0.040722 0.467371 0.308782 0.254080 -0.255155 -0.285787 -0.364795 0.122500 0.275513 -0.087171 1.030072 -0.794527 0.366161 -0.717468 -0.374378 -0.102324 -0.263770 -0.233945 0.307127 -0.287539 -0.219416 0.145610 -0.872016 0.230717 
0.759055 0.718039 0.374337 -0.380915 -0.337285 0.430721 0.167303 0.340164 -0.366511 -0.064586 -0.463213 0.137360 0.025326 -0.058798 0.855212 -0.882053 0.480940 -0.734386 -0.542499 -0.351202 0.012925 -0.268460 0.354522 -0.053205 0.146365 0.268134 -0.798896 0.282967 
0.830843 0.791627 0.313310 -0.208918 -0.488355 0.548963 0.185478 0.556965 -0.348801 -0.113415 -0.379567 0.309669 0.104369 0.305124 0.699886 -0.950701 0.473625 -0.862277 -0.512998 -0.279311 -0.330115 -0.426291 0.066323 -0.110828 0.065697 0.318667 -0.364465 0.336694 
0.444640 0.823993 0.018119 -0.289309 -0.515400 0.490817 0.196242 0.359713 -0.250537 -0.052913 -0.058184 0.147133 0.051028 0.468323 0.687941 -0.852405 0.547544 -0.933654 -0.514343 -0.336252 -0.144341 -0.344341 0.004705 -0.022437 0.274985 -0.018789 -0.471471 0.167368 
0.417008 0.731399 0.094820 -0.242493 -0.336856 0.572315 0.293066 0.092304 0.042977 -0.025086 0.117831 0.107493 0.309648 0.176166 0.316192 -0.886315 0.195911 -1.153026 -0.573391 -0.632092 -0.106621 -0.523806 -0.019458 -0.132972 0.123518 -0.011550 -0.184240 0.261611 
0.316685 0.636196 -0.001682 -0.202900 -0.461487 0.389098 0.271512 0.034718 0.398829 0.034978 0.170941 0.046947 0.295752 0.303519 0.637552 -0.505727 0.445543 -1.068340 -0.470933 -0.776006 -0.394028 -0.852424 0.330906 -0.014713 -0.004653 0.207659 -0.117805 0.551998 
0.016954 0.661913 -0.027571 -0.196805 -0.434377 0.223755 0.164650 0.122128 0.658435 -0.308509 0.251741 0.038979 0.323371 0.260059 0.480019 -0.024277 0.282753 -1.141438 -0.215321 -0.777647 -0.384719 -0.669122 0.469744 0.076265 0.021731 0.152141 -0.020141 0.391347 
0.091115 0.434998 0.010646 -0.197165 -0.412879 0.140878 0.157491 0.105402 0.711995 -0.718440 0.458204 0.226979 0.413295 0.040286 0.334520 -0.090713 0.284148 -1.145041 -0.229354 -0.513541 -0.542726 -0.603943 0.375841 -0.058546 -0.113834 0.198659 -0.065106 0.186756 
0.297069 0.706328 -0.093170 -0.118784 -0.352724 0.096694 0.389311 0.263178 0.857733 -1.004086 0.555350 0.400697 0.608191 0.023436 0.200938 0.190740 0.372716 -1.075289 -0.200883 -0.461773 -0.406594 -0.992517 0.478617 -0.215254 0.185809 0.232539 0.178156 -0.052977 
0.636860 0.415318 -0.000837 0.274788 -0.528569 0.061471 0.144327 0.100254 0.898558 -1.002846 0.389792 0.440367 0.207822 0.029925 0.136405 0.342968 -0.095922 -0.984369 -0.314848 -0.741415 -0.415975 -0.843403 0.932505 -0.030618 0.351000 0.330299 0.148106 -0.188964 
0.941883 0.384355 0.063426 0.116906 -0.496720 -0.195803 0.028926 0.260672 0.827475 -1.018292 0.372465 0.457799 0.084409 0.198601 -0.120454 0.402312 0.221319 -0.794008 -0.201701 -0.575269 -0.206203 -0.990403 1.086358 0.029166 0.246322 0.697143 0.252555 -0.445593 
0.705000 0.255431 -0.012263 -0.060273 -0.515388 -0.057774 -0.119144 0.041616 0.743755 -0.802234 0.180325 0.210673 -0.023653 -0.129614 0.060285 0.562523 0.141579 -0.554275 -0.061413 -0.492460 -0.228554 -0.952528 1.024271 0.277225 0.216074 0.523270 0.132214 -0.347427 
0.738724 0.116839 0.200092 0.063420 -0.459040 -0.063839 -0.187579 -0.045245 0.567293 -1.014382 0.254307 0.388187 0.094326 0.078208 0.040208 0.611174 0.326509 -0.224665 -0.156078 -0.279940 -0.408439 -0.607854 0.837840 0.311840 0.240687 0.363659 -0.059804 -0.429501 
0.346108 0.112913 0.035637 0.235422 -0.211035 0.122146 0.011235 0.195088 0.668070 -1.185895 0.342905 0.241667 0.183854 0.229605 0.180397 0.606112 0.301153 -0.462497 -0.215819 -0.312584 -0.140871 -0.896640 1.041995 0.413408 0.275608 0.550519 -0.004950 -0.535890 
-0.107919 0.073086 -0.145809 0.148582 -0.020724 0.347894 0.356387 -0.103083 0.829779 -0.903158 0.264087 -0.183380 0.392181 0.136200 -0.009959 0.805156 0.440633 -0.389775 -0.201650 -0.279568 -0.101412 -0.432877 0.810021 0.479902 -0.081752 0.291829 -0.362159 -0.375759 
-0.333294 0.042490 -0.166208 0.270224 0.063086 0.658001 0.302811 -0.485008 0.945029 -0.700194 0.006777 -0.764953 0.392367 0.265992 -0.115447 0.532636 0.175006 -0.144669 -0.344230 0.325410 -0.111759 -0.531724 0.746639 0.282807 -0.457039 0.237478 -0.953300 -0.325288 
-0.291338 -0.021895 0.044120 0.617475 0.144591 0.755398 0.160554 -1.081189 1.345689 -0.320766 -0.389880 -0.607218 0.756305 0.080237 -0.179113 0.500245 -0.277875 -0.042254 -0.128088 0.317826 0.272600 -0.507376 1.092997 0.229818 -0.445206 0.224774 -1.124318 -0.435370 
-0.494484 0.120326 0.211075 0.213485 0.154867 0.856306 -0.152318 -0.809161 1.143716 -0.240226 -0.266084 -0.430029 0.695855 0.025151 -0.255506 0.811118 -0.243362 -0.089295 -0.015347 0.364922 0.048731 -0.439204 0.754434 0.134653 -0.554776 -0.033392 -0.825245 -0.151486 
-0.362589 0.151626 0.294640 -0.192770 0.158163 0.946995 0.271573 -0.379957 0.673070 -0.584840 0.209154 -0.343254 0.154165 0.120783 -0.278757 0.846661 -0.108648 -0.438534 -0.137999 0.338212 -0.065382 -0.392500 0.747348 -0.065586 -0.449949 -0.149306 -0.134931 -0.386599 
-0.603430 0.419594 0.349496 -0.328355 0.048779 0.764703 0.199556 -0.033744 0.435924 -0.206805 0.165615 -0.180385 0.084765 0.164692 -0.225011 0.759103 -0.147612 -0.198599 -0.040198 0.110408 -0.187770 -0.494531 0.720094 -0.424328 -0.540944 0.118888 0.183103 -0.334907 
-0.744742 0.395526 0.542507 -0.307796 -0.037377 0.541542 0.381082 -0.202710 0.028694 -0.168407 0.105148 -0.424668 0.071974 -0.108644 -0.017835 0.643073 0.033876 -0.251093 0.247045 0.168043 -0.384856 -0.398700 0.483165 -0.696920 -0.335544 0.098050 0.727632 -0.265208 
-0.602239 0.382913 0.654075 -0.486993 0.140042 0.503055 0.264848 -0.031758 0.065062 -0.009745 -0.047878 -0.631793 0.036060 -0.166233 -0.409953 0.314565 -0.111956 -0.363904 0.399682 0.222406 -0.431684 -0.396012 0.267835 -0.645922 -0.391310 0.142932 0.388165 0.125068 
-0.738122 0.523438 0.318748 -0.414288 -0.002539 0.066974 0.200186 0.056940 0.488958 0.262244 -0.187994 -0.587293 0.460758 -0.233520 -0.603887 0.414209 -0.167154 -0.379055 0.528539 0.292488 -0.753364 -0.389692 -0.227388 -0.537246 0.013051 0.193278 0.163505 -0.018476 
-0.444379 0.415872 0.016908 -0.422708 0.220169 -0.291233 0.262986 -0.110229 0.603137 -0.084526 -0.144509 -0.888828 0.296011 -0.196150 -0.341732 -0.263748 0.069474 -0.303578 0.558832 0.223647 -1.006876 -0.253764 -0.656930 -0.237478 0.054975 0.295969 -0.303564 0.045058 
-0.572634 0.277717 -0.105018 -0.102430 0.597045 -0.321046 0.129620 0.015088 0.991715 -0.211533 -0.379712 -0.871398 0.591870 -0.126074 -0.194752 -0.547238 0.032447 -0.428814 0.280657 0.010930 -1.162321 0.129264 -0.653854 0.413038 0.408340 0.306222 -0.338317 -0.009947 
-0.349223 0.294704 -0.113203 -0.012251 0.625719 -0.404049 0.155945 0.227846 1.096600 -0.061863 -0.161758 -0.591234 0.525190 -0.149039 -0.547087 -1.000069 0.247268 -0.357619 0.167311 0.279939 -1.349645 0.247691 -0.948768 0.909903 0.425069 0.276801 -0.205985 -0.051329 
-0.210917 0.463266 -0.417180 -0.021373 0.811257 -0.179511 -0.109052 0.426590 1.172672 0.173977 0.140604 -0.510190 0.087948 -0.182774 -0.662135 -1.033666 0.217018 -0.106098 0.001933 0.128504 -1.511744 0.101750 -0.807321 0.935605 0.504160 0.129244 -0.125454 -0.032385 
-0.017461 0.004513 -0.383108 0.565623 0.364192 -0.355661 -0.003842 0.515393 1.214157 0.218826 -0.008864 -0.190719 -0.297604 0.051388 -0.469769 -1.201002 0.309044 -0.006736 0.048794 -0.140826 -1.663897 0.293848 -1.088438 0.865892 0.724530 0.117628 0.112024 -0.291976 
0.155908 -0.008978 0.309267 0.870326 -0.237304 -0.212717 -0.027855 0.371320 0.928938 0.274845 0.005704 -0.199666 -0.174886 0.155580 -0.688812 -1.668071 0.147224 0.266148 -0.234638 0.097152 -1.641086 0.514141 -1.099338 0.856060 0.615417 -0.007142 0.478284 -0.086832 
0.199892 -0.453111 0.263879 0.884449 -0.320377 -0.023582 -0.302176 0.509569 0.706267 0.153609 -0.026389 0.029321 -0.288045 0.435433 -0.518984 -1.571317 0.082244 -0.107499 -0.437455 -0.222947 -1.775209 0.599759 -1.090649 0.557277 0.574569 -0.103514 1.088756 0.307753 
0.082857 -0.571353 0.345815 0.729916 -0.253006 0.021780 -0.159786 0.401149 0.517372 0.575136 0.047815 -0.134749 0.031487 0.423382 -0.269792 -0.868944 -0.352580 0.062974 -0.482229 0.012705 -1.614527 0.783997 -1.112162 0.061888 0.443849 -0.069225 1.262186 0.456388 
0.092288 -0.530247 0.278154 0.535063 -0.232624 -0.072927 0.147120 0.560037 0.190906 0.604662 0.419398 -0.157366 0.200783 0.448747 -0.205818 -0.159125 -0.101861 0.113206 -0.488227 -0.316872 -1.232998 1.161884 -1.275395 0.297031 0.236351 -0.178797 1.493341 0.552667 
0.309706 -0.672599 0.223865 0.144439 -0.055976 0.252847 0.334236 0.921271 0.095837 0.855253 0.103122 0.003650 0.302626 0.283525 0.181598 0.444606 -0.147979 0.464154 -0.605118 -0.366804 -0.722783 1.346916 -1.368666 0.574632 0.220882 -0.240257 1.617360 0.657694 
0.665598 -0.758882 0.342629 0.071860 -0.072245 0.108395 0.318415 1.016300 -0.468690 1.220888 -0.075124 0.069929 0.229915 -0.288754 -0.001719 0.618485 -0.360277 0.350499 -0.639845 -0.566141 -0.259200 1.232970 -1.355875 0.509860 -0.013535 -0.013592 1.348562 0.517058 
0.559551 -0.726758 0.637989 0.023933 -0.594279 0.029619 0.215790 0.804011 -0.660524 1.206639 -0.268398 -0.104191 -0.054482 -0.354055 -0.405568 1.076882 -0.944384 -0.108975 -0.173559 -0.968313 0.235153 1.015562 -1.339965 0.461150 -0.014873 -0.460426 0.990679 0.409111 
0.371825 -0.607898 0.761971 -0.248976 -0.669650 0.076497 0.242019 0.807825 -0.487861 1.512447 -0.083629 -0.838253 0.060312 -0.580954 -0.790019 0.935580 -1.524371 -0.389260 0.169269 -0.905607 0.487107 0.794273 -1.060654 0.388114 -0.045783 -0.782488 0.294462 -0.254758 
-0.084713 -0.804100 0.794716 -0.161700 -0.537281 0.293283 -0.124085 0.482897 -0.148752 1.234092 -0.060334 -0.769325 -0.058080 -0.856809 -0.691919 0.803145 -1.829205 -0.434658 0.296423 -1.030893 0.881897 0.942954 -0.769467 0.003074 -0.052005 -1.048577 -0.458320 -0.760462 
-0.330067 -1.023549 0.588449 0.254360 -0.172906 0.427176 -0.592395 0.616166 -0.083377 1.106274 -0.188825 -0.398803 -0.367864 -1.026845 -0.451454 0.485653 -1.439811 -0.236536 0.160005 -0.774265 0.842253 0.798076 -0.620649 0.003846 -0.068128 -1.175515 -1.246236 -1.217762 
-0.832471 -0.902715 0.764204 0.856300 0.278647 0.386040 -1.182501 0.722059 -0.222251 0.835078 0.022607 -0.294068 -0.204904 -1.326346 0.296697 0.230386 -0.826317 0.105399 0.235951 -0.402971 0.684883 0.138266 -1.105865 -0.242647 0.068740 -0.639941 -1.164074 -1.669361 
-1.256073 -0.362236 0.732845 0.719296 0.459828 0.140906 -1.314938 0.431712 -0.709418 0.206997 0.100953 -0.461850 -0.091528 -1.224845 0.151901 -0.004339 -0.304687 0.099903 0.380024 -0.054519 0.487285 -0.448475 -1.342092 -0.135627 0.461913 0.158306 -0.713955 -1.229327 
-1.393681 -0.300542 0.102685 0.819343 0.308947 -0.198746 -1.174239 -0.051713 -1.091333 0.189851 0.137786 -0.541226 -0.027534 -1.344685 0.392564 0.172497 -0.029777 0.014835 0.634819 0.434880 0.357792 -0.571700 -1.012248 -0.130077 0.464787 0.354601 -0.095613 -0.638504 
-1.287134 0.229096 -0.353268 0.185616 0.562440 -0.587826 -0.937728 -0.510037 -1.238046 -0.142420 0.091003 -0.308376 -0.027106 -0.663123 0.493151 0.301994 -0.013563 0.086253 0.821666 0.623527 -0.108000 -0.626333 -0.108102 -0.115003 0.228787 0.545240 0.071120 -0.194607 
-0.762647 0.073052 -0.389583 0.078887 0.155749 -0.534416 -0.446898 -0.934642 -0.641115 -0.340320 -0.148640 0.311906 0.268175 0.101801 0.601284 0.644484 -0.058383 -0.030409 0.949107 0.434006 -0.158113 -0.003950 0.307295 -0.216400 0.041210 0.449734 -0.124125 0.107395 
-0.427212 0.047636 -0.189840 0.127234 -0.031645 -0.110608 -0.130588 -0.879056 -0.073701 -0.000988 -0.168249 0.856899 0.592100 0.719055 0.241624 0.653464 0.018006 0.005142 0.410838 0.422699 -0.078760 0.370746 0.645034 0.042471 0.042526 0.189572 -0.748788 0.018897 
-0.184695 0.200180 0.104115 0.252408 0.035616 -0.089308 0.271214 -1.002759 0.809674 -0.050593 -0.041451 1.199311 0.923264 0.533425 0.272365 0.457893 0.088946 0.043197 -0.386082 0.220625 0.213150 0.767103 0.768564 0.454673 0.174823 -0.052860 -1.270731 -0.077406 
0.085952 -0.022918 -0.335362 0.204290 0.291421 0.002235 0.604499 -1.473981 0.979077 0.095270 -0.092109 0.396708 1.137551 0.760007 0.390278 -0.009542 0.299741 -0.039739 -0.661719 0.404940 -0.001786 0.762195 0.843711 0.320484 0.347078 -0.047943 -0.764823 0.189560 
0.360208 -0.013758 -0.057432 0.223891 0.215486 0.031736 0.984468 -1.886601 0.171914 -0.186123 -0.524745 -0.163089 0.533705 1.283871 -0.058175 -0.096270 0.479151 0.128040 -0.616877 0.609353 0.143823 0.463880 0.904936 -0.174300 0.583118 0.223312 0.596214 0.283769 
0.519323 -0.305183 0.167356 0.258963 -0.422157 -0.278164 1.023900 -2.296036 -0.077499 -0.201827 -0.368453 -0.414460 -0.116834 1.549223 -0.327839 -0.251937 0.581255 -0.161209 -0.154227 0.515462 0.284415 -0.121693 0.345805 -0.725219 0.591243 0.573335 1.164671 0.596520 
0.592945 -0.343449 0.841389 0.482300 -0.677861 -0.134749 0.592514 -2.290890 -0.198377 -0.049773 0.127290 -0.308262 -0.668664 1.930188 -0.104099 -0.195779 0.771653 0.000755 -0.126609 0.266117 0.173674 0.199121 -0.538740 -0.615624 0.148281 0.712678 0.257979 0.462581 
0.204925 0.136036 1.252886 0.239033 -0.857264 0.102873 0.256821 -2.067328 -0.003916 -0.323881 0.539248 -0.374398 -0.659401 1.682159 0.162212 0.044828 0.517399 0.036557 -0.121886 -0.119356 0.376277 0.096639 -0.885508 -0.364094 -0.248692 0.439150 -0.690502 0.456975 
-0.047975 -0.021231 1.100099 0.247900 -0.663165 0.443348 0.077237 -1.465392 0.176575 -0.264427 0.767814 -0.696586 -0.661551 1.230919 0.008951 0.129878 0.155883 0.223426 0.208259 -0.019919 0.407557 0.130619 -0.643890 -0.334736 -0.198301 0.240616 -0.921118 0.020497 
-0.306689 -0.395367 0.915155 -0.133054 0.004425 0.867919 0.022274 -0.746082 0.161452 -0.461189 0.611425 -0.532619 -0.502249 0.866798 0.300101 0.630804 0.185494 0.121588 -0.012281 0.007030 0.488941 -0.246173 0.121977 -0.320907 -0.005348 0.390744 0.134372 -0.474256 
-0.432447 -0.456230 0.422989 0.109740 0.531667 0.420193 0.213727 -0.100343 0.164454 -0.084213 0.539061 0.092135 -0.280123 0.334284 0.660349 0.817024 0.129618 0.446351 0.009649 -0.060323 0.457439 -0.165825 0.874440 -0.029699 0.205362 0.548697 0.932501 -0.749628 
-0.586033 -0.001771 0.154498 0.216519 0.729088 -0.238437 0.099844 0.310082 -0.507178 0.358028 0.139246 0.396485 0.301237 0.042671 0.435523 0.339259 -0.134547 0.408556 -0.046821 -0.320370 0.120751 -0.156915 0.649744 0.283061 0.149388 0.276266 0.323431 -0.292902 
0.229599 -0.193831 -0.096123 0.163469 0.058131 -0.737067 -0.293794 0.360537 -0.968206 0.770858 -0.552775 0.110310 0.163317 0.028690 0.144125 -0.692498 -1.110282 -0.055776 0.231654 -0.271765 -0.157478 0.438393 0.745118 0.388263 0.536264 -0.158919 -0.097841 0.447090 
1.216834 -0.163927 0.258617 -0.041075 -0.462429 -1.361460 -0.213201 -0.267870 -0.412398 0.832016 -1.079956 0.206609 0.425592 -0.505408 -0.362272 -0.682134 -1.063646 -0.724198 0.423632 0.127386 -0.795477 0.933639 1.005548 0.257983 0.868955 0.151298 0.069779 0.250121 
1.212352 0.008282 0.463787 -0.537875 -0.148183 -0.756931 -0.404293 -0.223980 -0.310273 0.634657 -0.988736 -0.183789 0.418732 -0.912357 -0.875732 -0.626990 -1.105578 -0.798461 0.497877 0.087044 -0.708534 0.919801 0.529628 0.047313 0.438352 0.260990 -0.212408 0.601639 
0.651761 -0.013975 1.088707 -1.038082 0.279148 0.242528 0.126134 -0.446623 -0.280286 0.386495 -0.960826 -0.274807 0.138613 -0.954737 -0.821639 -0.748490 -0.444250 -0.167969 0.171305 0.300765 -0.131552 0.835761 0.039179 0.181603 0.169971 0.004832 -0.376599 0.668098 
0.256843 0.029522 1.139975 -1.492581 0.599386 0.559546 0.287539 -0.046143 -0.090154 0.392190 -0.800979 -0.272350 -0.305654 -0.892354 -0.459259 -0.324092 -0.232216 0.224700 -0.040817 0.378962 0.436644 0.816923 -0.033720 0.244517 -0.376520 0.091738 -0.897873 0.443936 
0.152808 -0.022203 1.055175 -1.323441 0.577545 0.364203 0.685196 0.055355 0.387334 0.219278 -0.574530 -0.297923 -0.533828 -0.822786 -0.221762 0.023226 0.295505 0.346362 0.126076 0.367512 0.844556 0.198110 -0.231306 0.738322 -0.505864 0.125973 -0.950196 -0.073213 
-0.158804 -0.246734 0.769527 -1.409991 -0.102973 0.091106 1.037542 -0.085783 0.624054 0.079419 -0.581010 -0.186508 -0.828666 -0.540275 -0.163446 0.473406 0.550466 0.466040 0.284225 0.182985 1.016573 0.032865 -0.459572 1.059593 -0.468002 0.428674 -1.112437 -0.393100 
-0.168794 -0.470381 0.512457 -1.189416 -0.128285 0.170319 1.312128 0.323534 0.893862 -0.134357 -0.407581 0.000018 -1.039599 -0.080842 -0.452053 0.566057 0.736037 0.368436 0.712460 -0.127761 0.853764 0.033353 -0.262546 0.975202 -0.757126 0.184534 -1.309213 -0.509439 
-0.287411 -0.133141 0.163126 -0.950174 -0.507107 -0.122855 1.719952 0.518145 0.739102 0.237959 -0.174983 -0.196982 -1.279822 0.096600 -0.255212 0.778325 0.431384 0.280457 0.978300 -0.283357 0.584123 -0.043444 -0.137623 1.179785 -0.857078 0.052566 -1.054200 -0.373359 
-0.333381 -0.310213 -0.469723 -0.912795 -0.777834 -0.523688 1.271505 0.877918 0.627273 0.272138 0.021868 -0.296350 -1.601989 0.407715 -0.177090 0.740555 0.154746 -0.173669 0.776459 -0.396984 0.625826 -0.264496 -0.002381 1.199187 -0.695892 0.225403 -0.471355 -0.200417 
-0.173970 0.251371 -0.361772 -0.620772 -0.724565 -0.854666 1.132938 0.760540 0.264792 0.225587 0.251009 -0.500733 -1.394895 0.104118 -0.052910 0.412551 0.094145 -0.268511 0.092070 -0.339793 0.772703 -0.172266 0.188062 1.200760 -0.291050 0.182053 0.139174 -0.385114 
-0.055970 0.375524 -0.348600 -0.612893 -0.691106 -0.942450 0.941120 0.577116 0.016373 -0.164421 0.411858 -0.431954 -0.999822 0.052191 0.145621 0.557849 -0.268849 -0.449946 -0.018399 -0.400211 0.996158 -0.242320 -0.050026 1.366495 0.146109 0.206079 0.820228 -0.038220 
-0.123945 0.625495 -0.319222 -0.674465 -0.266332 -1.343433 0.626792 0.762029 -0.145016 -0.201973 0.431821 -0.417895 -0.755824 0.238168 0.349962 0.295550 -0.243729 -0.601890 -0.051623 -0.180724 0.789664 -0.334219 0.232373 1.174327 0.227274 0.297269 1.014511 0.135023 
-0.463465 0.565717 -0.440455 -0.576387 -0.267883 -1.207623 0.328457 0.930200 -0.390292 -0.384109 0.342766 -0.467909 -0.956146 0.230222 0.245134 0.509194 -0.355945 -0.443277 -0.163188 -0.213999 0.788744 -0.265791 0.240245 0.888095 0.784335 0.020631 0.883244 0.348759 
-0.631320 0.548883 -0.332521 -0.491249 0.058238 -1.180693 0.043372 0.657537 -0.463161 -0.319784 0.460998 -0.537118 -0.759769 0.075961 0.020080 0.468404 -0.457056 -0.157715 0.111787 0.262128 0.613812 -0.412498 0.107268 0.667015 0.611211 -0.035362 0.692173 0.229320 
-0.738912 0.544221 -0.184448 -0.232486 0.328301 -0.682995 0.004051 0.686051 -0.218423 -0.454003 0.266020 -0.375562 -0.931940 -0.128931 0.137117 0.059253 -0.523567 -0.000807 -0.154288 0.153915 0.199862 -0.159791 0.106280 0.435611 0.778363 -0.126774 0.101838 0.450173 
-0.697870 0.479436 -0.251911 -0.040926 0.252678 -0.570559 -0.325540 0.444171 -0.122418 -0.542799 0.150375 -0.390307 -0.650469 -0.244601 -0.024052 0.014305 -0.510144 0.182318 -0.283209 0.360158 0.027032 -0.100034 -0.065367 0.105069 0.595640 -0.159799 0.019443 0.626092 
-0.672221 0.440715 -0.138700 0.109806 0.295801 -0.458084 -0.444311 0.143479 0.066710 -0.631440 0.038189 -0.099373 -0.688494 -0.296537 -0.127564 -0.385732 -0.369592 0.552939 -0.385434 0.252095 -0.137025 0.119106 -0.329825 0.126487 0.405591 -0.409511 0.162631 0.701650 
-0.496004 0.543615 -0.073944 0.242918 0.152888 -0.500442 -0.386950 -0.123192 0.251812 -0.823947 0.051501 -0.042460 -0.444889 -0.219172 -0.101797 -0.267698 -0.564944 0.382138 -0.473965 0.261678 -0.077667 0.213291 -0.484312 0.120883 0.790083 -0.248524 0.195681 0.636598 
-0.579592 0.239632 -0.441163 0.095369 0.081119 -0.575761 -0.510358 -0.076057 0.467789 -0.951360 -0.022068 -0.048119 -0.409342 -0.231726 0.160041 -0.299153 -0.500806 0.570679 -0.205000 0.198666 -0.324692 0.120248 -0.454950 0.050853 0.716810 -0.179498 0.544716 0.706481 
-0.385948 0.090802 -0.285732 0.020113 0.061074 -0.715925 -0.211114 -0.058917 0.520876 -0.696883 -0.065743 0.079660 -0.115402 -0.266505 -0.174900 0.008480 -0.256038 0.249511 -0.094583 0.027307 -0.322058 -0.124723 -0.198810 -0.005032 0.892885 -0.072739 0.712724 0.467168 
-0.452984 -0.038754 -0.369536 -0.106930 -0.336270 -0.720139 -0.133325 0.426484 0.528971 -0.327120 0.112418 0.521706 -0.020969 -0.473800 0.128188 -0.118433 -0.107456 0.217235 -0.035950 -0.206215 -0.409034 0.086095 -0.258896 -0.156065 0.813714 -0.028220 0.576698 0.375821 
-0.437320 -0.357366 -0.143606 -0.035071 -0.573225 -0.642734 0.099527 0.259443 0.305153 -0.058167 0.305846 0.620963 -0.067148 -0.304561 -0.032795 0.034744 0.066186 0.008371 0.322260 -0.463987 -0.533882 -0.040507 -0.036943 -0.390398 0.651656 0.084533 0.357565 -0.130445 
-0.181175 -0.548829 -0.193231 -0.019773 -0.767367 -0.900990 0.020286 0.245490 0.039195 -0.140704 0.397211 0.621594 0.127479 -0.109354 0.010672 0.028684 -0.001018 0.065858 -0.031128 -0.625000 -0.144414 -0.151114 -0.145705 -0.332918 0.809455 -0.078347 0.339079 -0.178941 
-0.366160 -0.572837 0.172747 0.272135 -0.934785 -0.953827 -0.088780 0.103182 0.254886 0.027001 0.402713 0.583043 0.031734 -0.108775 -0.017609 -0.261121 0.060525 -0.021782 0.069545 -0.305415 -0.249936 -0.280307 -0.097220 -0.378460 0.686978 -0.296464 0.240915 -0.404539 
-0.248780 -0.492586 0.170652 0.244075 -0.763432 -0.656564 -0.160851 0.060230 0.038477 -0.259897 0.282125 0.433381 0.168336 0.027240 0.042047 -0.473538 0.001686 -0.049281 0.163787 -0.345518 -0.405786 -0.095004 -0.161910 -0.319270 0.572079 -0.102522 0.089255 -0.196437 
-0.065945 -0.462251 0.157098 0.380331 -0.406216 -0.584490 -0.118165 0.416316 -0.276843 -0.241214 0.262502 0.518809 0.098978 -0.023813 0.208627 -0.609279 0.206708 -0.091015 -0.034482 -0.305597 -0.535672 -0.142695 -0.263934 -0.090860 0.456300 -0.144375 0.176933 -0.199947 
0.187359 -0.323234 0.155300 0.185996 -0.027711 -0.508123 -0.473410 0.210121 -0.340757 -0.134352 0.015363 0.305606 -0.075618 -0.141633 0.270967 -0.454387 0.358399 0.019763 -0.202835 -0.057709 -0.791608 -0.096162 -0.078627 -0.312919 0.229648 -0.034834 -0.237265 -0.317008 
0.278574 -0.193346 0.227150 0.198726 0.248888 -0.458980 -0.501642 0.103973 -0.196719 0.037092 0.026005 0.549689 -0.059680 -0.138629 0.116114 -0.459195 0.283822 0.134693 -0.078686 -0.030408 -0.761279 -0.082173 0.005868 -0.422525 0.243267 -0.160649 -0.478667 -0.333880 
0.092323 -0.225216 0.190324 -0.099868 -0.095398 -0.171027 -0.375536 -0.180918 -0.113349 -0.248246 -0.156309 0.659722 -0.024910 -0.089044 -0.063309 -0.195712 0.011556 0.364408 -0.128264 -0.124688 -0.534740 -0.283498 0.070807 -0.456263 0.180120 -0.139567 -0.466111 -0.208155 
0.153010 -0.118642 0.341257 -0.188174 -0.160749 0.010444 -0.699914 -0.269865 -0.400946 -0.084783 -0.161294 0.426316 0.112837 0.042639 -0.548921 -0.352543 -0.087911 0.121496 -0.090696 0.005016 -0.461605 -0.267974 -0.016766 -0.529911 -0.163281 -0.369324 -0.778806 -0.322447 
0.151574 0.032484 0.374434 0.117298 -0.171987 -0.078849 -0.485547 -0.507117 -0.329645 -0.227142 -0.358669 0.300529 0.092468 0.390829 -0.533790 0.042786 -0.484779 0.231980 0.251651 -0.386671 -0.400368 -0.324712 0.022103 -0.601411 0.194635 -0.329218 -0.612202 -0.302371 
0.152606 0.238909 0.444710 -0.107568 -0.227919 0.267658 -0.439488 -0.367508 -0.475073 -0.454017 -0.319058 0.312445 0.377638 0.330490 -0.824985 -0.054619 -0.248038 0.123772 0.370043 -0.358262 -0.418623 -0.138042 -0.147644 -0.684355 0.150191 -0.450143 -0.615986 -0.036859 
0.039552 -0.040851 0.480623 -0.080310 -0.125705 0.343349 -0.244927 -0.002781 -0.577106 -0.483920 -0.145315 0.277929 0.291342 0.038969 -0.507281 -0.392998 -0.139535 -0.123197 -0.012187 -0.565689 -0.135784 -0.220870 -0.260098 -0.336158 -0.025328 -0.363657 -0.701001 -0.212049 
0.208761 -0.017160 0.404008 -0.250950 -0.394364 0.148177 -0.241636 -0.223450 -0.407283 -0.499581 0.013114 0.389762 0.535848 0.090344 -0.646260 -0.162638 -0.020631 -0.166280 -0.073275 -0.559155 -0.061402 -0.108143 -0.015967 -0.637927 0.114627 -0.372507 -0.504396 -0.208972 
0.179854 0.093636 0.236796 -0.156117 -0.165854 0.014204 0.086070 -0.059713 -0.149302 -0.226088 0.203091 0.087279 0.342088 0.053621 -0.536934 -0.070683 0.211503 -0.216077 0.005627 -0.438222 0.239929 -0.264130 -0.035721 -0.389564 0.059073 -0.097219 -0.124362 -0.213740 
0.268355 0.151844 0.123986 -0.058968 -0.182226 -0.078191 -0.092152 -0.011934 -0.060080 -0.222267 0.218625 0.213040 0.069010 0.268038 -0.406235 -0.123450 0.282468 -0.289870 0.184489 -0.304686 0.192038 -0.160473 -0.011776 -0.585293 0.059284 0.077822 -0.157546 -0.206360 
0.028930 -0.139424 -0.077704 0.154533 -0.001353 -0.064537 0.010835 0.080592 -0.082722 -0.299118 0.318034 0.425497 -0.085770 0.109111 -0.374335 -0.026736 0.246639 -0.219769 0.224107 -0.132198 -0.006148 -0.117131 -0.191730 -0.290437 -0.159364 0.275242 -0.242179 -0.174673 
0.131907 -0.136734 -0.155561 0.165933 0.122960 -0.146938 -0.168711 0.412996 -0.137072 -0.242467 0.111494 0.511195 0.075755 0.138517 -0.349318 -0.073166 0.248217 -0.029410 0.342494 0.001948 -0.057192 -0.095842 -0.136955 -0.365422 0.036310 0.071439 -0.291287 -0.212278 
0.205049 -0.204369 -0.192346 0.074539 0.297387 0.202520 -0.333613 -0.056947 -0.148101 -0.119110 0.106408 0.619900 -0.093517 -0.096517 -0.481290 -0.052211 0.029821 0.243100 0.288339 0.228936 -0.109267 0.049338 0.026344 -0.539152 0.142879 0.083054 -0.328907 -0.465068 
0.312634 -0.028113 -0.548250 0.076813 0.055950 0.167350 -0.266356 -0.311773 -0.122617 -0.095633 0.231023 0.271863 0.062815 -0.137381 -0.456425 0.048228 0.144697 0.001660 0.425280 0.427774 -0.107680 0.051761 0.179050 -0.413905 -0.000526 -0.029673 -0.312311 -0.331653 
0.037882 0.041260 -0.589589 -0.054108 -0.100544 0.132801 -0.430120 -0.276615 -0.108525 -0.184639 0.165463 0.557928 0.175620 0.084734 -0.335690 0.064601 0.136437 0.054761 0.564777 0.180808 -0.076817 -0.021102 0.036322 -0.517279 -0.041721 -0.120603 -0.267890 -0.069199 
0.117192 0.217228 -0.573048 -0.046023 -0.049590 0.035786 -0.177039 -0.062692 -0.100722 -0.177923 0.024963 0.352945 0.087415 0.153864 -0.312599 0.460048 0.368332 0.011346 0.485005 0.246037 -0.175323 0.091884 -0.174673 -0.474931 0.062130 0.028109 -0.340113 -0.070726 
-0.034772 0.398911 -0.532643 0.035625 -0.171924 0.145173 -0.177786 0.285325 -0.119297 -0.090351 0.198290 0.610821 0.110282 -0.011735 -0.393377 0.184452 0.319857 0.047683 0.344960 0.347457 -0.077473 0.086659 0.186585 -0.258104 -0.036883 -0.050324 -0.122448 -0.384947 
0.048576 0.155859 -0.484762 0.317333 -0.280688 0.023355 -0.219267 0.367243 -0.301637 -0.225963 -0.028534 0.179984 0.087902 0.183377 -0.385410 0.022428 0.144150 -0.173610 -0.016847 0.277186 0.132890 0.114939 0.122073 0.037047 0.098364 0.212877 -0.043236 -0.231007 
-0.349117 -0.031133 -0.375040 0.194481 -0.082193 0.188671 -0.110465 0.183503 -0.326368 -0.259765 0.179649 0.086329 0.145281 0.251431 -0.624154 -0.024112 0.225159 -0.312271 -0.002207 0.244892 -0.135673 0.039220 0.160954 -0.230809 -0.161634 0.063015 -0.124449 -0.237318 
-0.073733 0.007532 -0.242890 0.027659 -0.040872 0.064817 -0.016650 -0.115934 -0.118950 -0.089769 0.015432 0.287080 0.214158 0.150045 -0.357379 0.197194 0.246552 -0.291286 0.235910 0.033943 -0.139079 -0.106257 0.269786 -0.114158 -0.188997 -0.111167 0.011820 -0.243165 
-0.181375 0.342407 -0.179628 0.074395 0.085498 0.204191 -0.229542 -0.336763 -0.090045 0.049892 0.203651 0.056594 -0.020232 -0.033733 -0.246562 0.286742 0.231699 -0.067693 0.152509 0.405595 0.007925 -0.038104 0.087418 -0.312787 -0.110741 -0.070596 0.061350 -0.297285 
-0.460536 0.363532 0.038855 -0.234912 -0.076323 0.091087 -0.094064 0.111118 -0.192823 -0.225419 0.146350 0.024422 0.043361 0.064085 -0.308846 0.363600 0.105312 -0.010994 0.102921 0.002676 0.068012 -0.180887 -0.162390 -0.424348 0.033585 -0.229740 -0.123127 -0.210042 
-0.525846 0.316729 0.042438 -0.248341 -0.144281 0.382244 -0.011555 0.194787 -0.101313 -0.127664 0.128785 0.010786 0.135169 0.086566 -0.136007 0.135375 0.070977 0.183845 0.033845 0.020346 0.109699 0.001361 -0.043457 -0.068111 0.168234 0.073588 0.020988 -0.362960 
-0.294639 -0.078546 -0.115005 -0.049285 -0.193649 0.256421 -0.031825 0.217736 -0.211509 -0.143079 0.280632 0.164511 -0.024742 0.051187 0.117661 0.399328 0.316600 0.060779 0.056026 0.282691 0.010269 -0.192529 -0.125273 -0.267118 -0.051726 0.130041 -0.046055 -0.120242 
-0.092290 0.023243 -0.089375 0.193428 -0.168726 0.091582 -0.082078 0.120939 -0.193322 -0.199825 0.103571 0.199399 0.138471 0.106302 -0.051272 0.240018 0.262113 0.093661 -0.068343 0.203841 0.019770 -0.248059 0.189811 -0.059443 -0.172782 0.232185 -0.145816 0.035477 
0.090576 -0.007883 0.175603 0.321272 0.039481 0.256396 -0.081829 0.341384 -0.142659 -0.074966 0.255208 0.296007 0.052666 0.039867 0.160369 0.057505 0.063294 0.164493 -0.035026 0.278871 0.061835 -0.233270 0.022665 -0.048019 0.249695 0.015405 -0.203280 -0.170178 
-0.003348 -0.080965 -0.110673 0.220028 -0.058400 0.195377 -0.142143 0.140275 -0.084031 0.156469 0.304139 0.283159 -0.097654 0.089703 0.135379 0.184549 -0.056414 0.214958 -0.175483 0.386108 0.072748 -0.229202 0.043570 0.135534 0.012164 0.146103 -0.206184 -0.164276 
0.128363 0.201050 0.032378 0.236494 -0.137539 0.012313 -0.018087 0.193043 0.002066 0.188463 0.388664 0.034158 -0.112756 -0.090212 0.044316 0.323944 0.030168 0.415717 -0.172136 0.416229 0.108111 -0.279437 0.205465 -0.228256 -0.043417 0.074589 -0.405767 0.120925 
0.016865 0.044574 -0.170787 0.210254 -0.011182 0.036153 0.017640 -0.077656 0.064218 0.217815 0.254639 -0.178243 -0.140711 -0.032740 0.164400 0.311849 -0.050330 0.139155 -0.195772 0.158108 -0.048420 0.039645 0.123475 0.009960 0.050578 0.304520 -0.280730 -0.279181 
-0.282046 0.199119 -0.116388 -0.205081 0.056858 -0.030592 -0.055105 -0.072102 0.037423 0.443531 0.066615 0.253012 -0.234517 -0.261363 0.345195 0.473378 -0.006963 0.273902 0.042537 0.030967 -0.190753 -0.101462 0.115791 -0.271787 0.159544 0.251785 -0.169628 -0.197213 
-0.198263 0.230175 0.195818 -0.168459 0.087467 0.126049 0.054347 -0.109403 -0.185802 0.471021 0.109113 0.205454 -0.217236 -0.199602 0.386083 0.357813 0.211549 0.350965 -0.063478 0.233217 -0.304214 0.004761 0.115362 -0.160687 -0.142969 0.256947 0.314925 0.187574 
-0.032576 0.398736 0.187089 0.160122 0.083800 0.147265 -0.040870 -0.137007 -0.188598 0.220956 -0.052081 -0.064144 0.023916 -0.118647 0.301517 0.288881 0.242085 -0.033672 -0.036998 0.027657 -0.043119 0.123521 0.015130 -0.143136 -0.204992 0.152658 0.210086 0.019109 
-0.057291 0.402511 0.144696 0.087721 -0.085843 0.225135 -0.055489 -0.002836 -0.049468 0.104384 0.141772 0.072146 -0.028992 -0.071622 0.456709 0.314467 0.067035 -0.105852 -0.065574 0.126104 0.088028 0.190534 0.300794 -0.343244 0.081592 0.361751 0.189273 -0.062719 
-0.180611 -0.008739 0.099921 0.054693 -0.043970 0.439952 -0.122808 0.036402 -0.026141 0.124975 0.095334 -0.113410 0.078898 -0.311372 0.169468 0.327232 0.150196 0.005789 0.228846 0.185414 -0.058388 -0.009244 0.391150 0.016550 0.058119 0.347674 -0.087694 -0.052116 
-0.236347 0.033197 -0.212885 -0.033838 -0.302708 0.463122 0.053497 0.268184 -0.214131 0.024417 0.108622 -0.215649 0.121817 0.055295 0.229537 0.294561 0.049818 -0.074966 0.226437 0.123123 0.034921 0.337178 0.317035 -0.085161 0.049031 0.068815 -0.121876 -0.107392 
-0.048296 -0.164539 -0.254638 0.329453 -0.365001 0.458435 0.044888 0.416936 -0.243368 0.181788 0.185485 -0.261996 0.002112 0.012881 0.071829 0.379524 0.053530 0.218979 0.174706 -0.132673 -0.027121 0.150994 0.179456 0.013926 0.173338 0.199409 0.088690 0.014987 
0.267249 -0.135059 -0.204416 0.388896 -0.217371 0.346584 0.269744 0.501920 -0.498203 0.254191 0.081643 -0.355585 -0.014874 0.125406 0.334448 0.277716 0.255361 0.078376 -0.027056 0.140270 0.053463 0.103363 0.295127 -0.134593 -0.062726 0.377869 0.346705 -0.270121 
0.405694 -0.256358 -0.212775 0.112399 -0.019682 0.306536 0.201778 -0.002799 -0.383399 0.372503 0.150201 -0.136888 -0.064688 0.141290 0.228546 0.195910 0.028748 0.112936 0.026333 -0.051121 0.127725 -0.080561 0.095595 -0.110766 -0.290912 0.475400 0.227912 -0.017557 
0.204359 -0.044826 -0.385934 0.078659 0.042812 0.379580 0.054466 -0.073523 -0.274665 0.434577 0.544499 -0.216054 -0.049251 0.062009 0.345733 0.304103 0.074817 0.204054 0.021590 0.088499 0.377439 0.012001 0.304793 -0.185273 -0.282233 0.128154 0.514520 0.064338 
0.146016 -0.258864 -0.178257 0.119589 0.146445 0.444271 0.242885 -0.011871 0.031655 0.144742 0.146367 -0.313658 0.010591 0.050116 0.085651 0.389212 -0.132899 -0.116413 -0.019676 -0.103563 0.034301 0.163226 0.203858 -0.109804 -0.145446 0.370443 0.529176 0.434276 
0.144244 -0.127956 -0.485204 0.141895 0.087280 0.510289 0.047600 -0.130244 0.167205 0.194772 0.321268 -0.347569 0.050305 0.091737 0.026154 0.041964 -0.051428 -0.298693 -0.105018 -0.043261 0.256633 0.312300 0.225122 -0.296629 0.042493 0.039778 0.393670 0.468971 
-0.213873 -0.289948 -0.396885 0.217025 0.065792 0.626612 -0.063641 -0.066567 -0.066503 -0.031200 -0.041127 -0.412314 -0.091662 0.179795 0.135360 -0.191452 -0.209003 -0.362066 -0.123059 -0.121861 0.043697 0.485853 0.129959 -0.213612 -0.244841 0.178955 0.472364 0.683361 
-0.005103 -0.560921 -0.304054 0.246089 -0.201194 0.370396 0.044955 0.059562 -0.119253 0.017610 0.271817 -0.312606 -0.016666 0.028208 -0.028667 -0.042108 -0.231046 -0.227489 0.005904 -0.085185 0.146545 0.265547 0.196466 -0.238149 -0.096301 0.035407 0.147329 0.796034 
0.145431 -0.646515 -0.498995 0.105147 0.039540 0.357750 0.070835 -0.105417 0.022902 0.109824 0.339490 -0.213046 0.001373 0.077235 0.139035 0.149336 -0.161616 -0.283157 -0.080390 -0.142905 -0.101655 0.349533 0.262115 -0.206185 -0.443149 0.074514 0.156999 0.780313 
0.584757 -0.549251 -0.389191 0.334310 -0.124632 0.204864 0.012012 0.140765 -0.012023 0.093465 0.194557 -0.264810 -0.002582 0.116102 0.287368 0.248868 -0.258000 -0.134882 -0.165286 0.043854 0.000468 0.170773 0.303860 -0.198445 -0.605618 0.307801 0.101278 0.310330 
0.461571 -0.475317 -0.341049 0.343942 -0.188066 0.146115 0.019033 0.274039 0.503543 0.154747 0.211462 -0.484374 0.168786 -0.066639 0.303703 0.220378 -0.181275 0.016657 0.078903 0.074624 0.070406 0.076728 0.084994 0.064712 -0.293699 0.335645 0.021198 0.338514 
0.502444 -0.662283 -0.192131 0.310907 -0.236475 0.232234 0.257855 0.046868 0.414158 0.227585 0.199334 -0.210565 0.195153 0.158407 0.124452 -0.015102 -0.260516 -0.105919 0.066693 -0.048813 0.110941 0.041118 -0.066596 -0.287685 -0.089889 0.351772 0.051437 0.324263 
0.576032 -0.477225 -0.095655 0.335370 -0.500845 0.432967 0.334885 -0.041900 0.352865 0.019942 0.169672 -0.441027 0.608489 -0.033664 -0.034970 -0.078537 -0.145689 -0.289214 -0.103240 -0.148424 0.236381 0.284742 -0.130122 0.194706 -0.023741 0.402085 0.272453 0.417530 
0.402592 -0.468903 -0.027933 -0.001178 -0.523134 0.211104 0.247076 -0.051767 0.495118 0.113643 0.164872 -0.112438 0.694113 -0.279878 0.028667 -0.100032 -0.162088 -0.210255 0.083775 -0.130030 0.070154 0.353169 0.149801 -0.075187 -0.178305 0.157072 0.287826 0.557981 
0.607642 -0.662212 0.182226 0.285631 -0.644733 0.165553 0.145370 0.061471 0.274058 0.005137 0.102793 -0.348884 0.647852 -0.042359 -0.162461 -0.093679 -0.219079 -0.249016 -0.113647 -0.050129 0.038807 0.219387 -0.004401 0.034614 -0.232289 0.131422 0.537668 0.433099 
0.765468 -0.457173 0.097183 0.273239 -0.483064 0.139181 0.198578 0.041031 0.203630 0.267392 0.221573 -0.184004 0.576026 -0.003368 0.192199 -0.095574 -0.063591 -0.042912 -0.251491 -0.135568 -0.118790 -0.106685 0.161638 0.065206 -0.245966 0.341004 0.550687 0.248847 
0.900168 -0.253751 -0.062349 0.388965 -0.270245 0.162143 0.092311 0.058261 0.162015 0.308773 0.437871 -0.387528 0.276378 0.138144 0.170267 -0.448133 -0.162095 0.142744 -0.283054 0.023264 -0.168847 -0.130381 0.247271 -0.055231 -0.265613 0.002362 0.398510 0.019355 
0.758218 -0.160368 0.028387 0.384167 -0.091673 0.112851 0.198693 0.063033 0.143206 0.310303 0.439697 -0.328966 0.210042 -0.061950 0.382196 -0.437572 0.144499 0.503631 -0.284042 0.027150 -0.414198 -0.317388 0.052693 0.198890 -0.613024 0.143893 0.475011 -0.151945 
0.281365 0.117826 0.020885 0.156904 0.034604 0.129365 -0.098630 0.186240 0.285854 0.126762 0.655046 -0.533490 0.463422 0.087229 0.344100 -0.718085 0.104217 0.654753 -0.351726 0.087376 -0.620127 -0.327793 0.041778 -0.008847 -0.365246 0.269952 0.987957 0.023170 
-0.125700 0.643562 0.389013 -0.152081 -0.297918 0.217420 -0.069159 -0.026157 0.348640 0.384111 0.880475 -0.830941 0.950496 0.094743 0.265817 -0.923627 0.180974 0.269757 -0.238371 -0.192098 -0.459012 -0.027647 -0.017252 0.166608 -0.558512 0.111040 1.129983 0.485677 
-0.076057 0.873463 0.753208 -0.614152 -0.524176 0.453561 -0.149679 -0.272740 0.474410 -0.003667 1.081389 -0.732564 1.289957 -0.349091 -0.118775 -0.730861 0.145261 0.268010 -0.085873 -0.336956 -0.250481 0.020091 -0.074280 -0.110857 -0.229715 -0.188509 1.575552 0.685121 
