0.610969 -0.862263 0.202891 -0.797235 1.366596 0.630282 1.683012 0.074577 0.498914 -1.146742 0.213587 -13.905754 1.572135 -0.309762 -1.219901 -2.542873 
-0.845860 0.000451 -0.180856 -1.474178 -1.620301 0.834228 0.805815 -1.850065 -2.244642 1.702206 0.387955 -0.889107 -3.231411 0.326761 -4.571999 -12.918683 
-0.255436 -0.485556 0.361462 -1.929456 -0.401271 0.561707 -1.432161 0.639775 -0.588587 -0.172270 -0.881891 0.167117 0.275180 -0.719848 0.095652 0.467269 
-0.110034 -0.179486 0.133866 0.483514 0.791073 -1.651994 0.282366 0.240314 0.404062 -1.682054 0.263134 -0.113489 0.174736 -0.122517 -1.017411 0.395020 
0.438502 0.039970 0.099110 -0.192939 -0.591570 -0.182679 -0.143289 -0.008071 0.212784 0.510941 -2.524724 0.483321 0.608827 -0.817042 -1.786089 0.375995 
-1.564220 0.555963 0.096731 0.265024 0.934076 0.350210 -1.098453 -0.556195 -2.161154 -1.008141 -0.654240 -4.051014 0.476809 0.432930 0.562290 -5.914490 
0.274697 0.328265 -0.407135 0.830003 0.379957 -1.935696 0.029739 0.236326 0.002905 0.158365 -1.110496 0.540977 -2.860010 -0.149363 0.042958 0.358509 
0.131355 0.427600 0.410218 -0.200853 -4.608569 -2.912151 -1.726193 0.775730 -10.659995 0.117309 -0.420807 0.848295 -4.045186 -0.858037 -0.286347 -1.746245 
0.514479 -0.202957 0.073007 0.852532 0.174811 0.727522 0.556815 -0.252260 0.657668 -1.893441 0.549907 -2.287703 -6.747243 0.332605 -0.567145 -0.752584 
0.882905 -1.191409 0.113112 0.286200 -0.474271 -0.288646 0.350855 -0.037017 -1.301780 -0.758793 -0.014700 -2.394921 -1.634124 -0.348080 0.404909 -1.896633 
0.233941 0.281122 0.296670 -0.463985 -5.626581 0.457970 0.785937 -0.055765 -0.572702 0.110832 -0.556197 -0.479499 -0.223869 -0.240333 0.563075 0.489041 
0.579005 -0.160268 0.266335 -2.505163 -0.344829 0.698021 -0.978060 0.358311 0.246089 -2.113633 -0.407810 -0.708491 0.474630 0.793145 -0.419393 -0.028344 
-0.742502 -0.130230 0.145575 0.640209 -1.014377 -0.061858 -0.614631 -0.163590 -1.038064 2.095742 0.054576 -0.700360 -1.136991 0.408672 -0.745016 -2.607529 
0.054885 0.350795 -0.065029 -0.984838 0.265470 -6.069651 -3.383667 0.150250 0.338366 0.262159 -0.147469 0.387769 -0.065681 -2.950799 -0.554045 0.154419 
0.767248 0.193861 0.003218 -0.163234 -2.959214 -0.793444 0.976944 -0.126089 -1.735483 -1.111097 0.172892 -0.224172 0.354988 -0.383981 0.389003 -0.302897 
0.820319 -0.187224 -0.109551 -1.301930 0.919014 0.848029 0.137877 -1.205561 0.382449 0.959796 -0.819827 -2.450565 -2.432367 -0.882010 -0.731481 0.795051 
0.942401 0.138107 -0.489093 -2.594549 -1.653946 0.055728 -0.821934 0.249446 -0.325327 -0.435244 -0.221100 1.170393 0.564870 0.405937 0.783129 0.670961 
-0.146203 0.435890 0.301999 -1.866679 -2.532021 0.342967 0.440861 -0.466093 -2.049499 -1.385031 0.523320 -0.605277 0.541018 0.399580 -3.637570 -1.484246 
0.081418 0.430796 -0.965987 -0.676778 0.799472 0.465573 0.275225 -1.080149 0.156826 0.223769 0.401699 0.033542 -0.206665 0.404913 -0.274212 0.294393 
-0.034139 -0.580856 0.022015 0.238919 0.291564 0.243087 0.582842 -0.838553 0.262425 -0.157412 -0.309325 0.033692 1.149455 -0.197874 -0.147737 -1.189881 
-0.824290 0.121409 0.354227 0.964399 0.170625 0.147306 -0.431435 0.456756 -1.917716 1.014681 0.470895 -1.714540 -3.514531 0.192022 -0.851643 -0.629194 
-0.539525 0.401071 -0.502112 0.832301 -0.625354 -0.604575 -0.150017 -0.291327 0.830649 0.758037 0.240106 0.313052 0.237995 0.894129 -0.052125 -0.762126 
-0.447740 -0.953881 0.451502 2.018172 1.748590 -0.730675 -0.264257 0.405216 -0.440160 -0.985217 0.130841 -1.951077 -1.832661 -0.068052 0.649999 -4.055325 
-0.874251 -0.687421 0.653279 0.229506 -0.860725 -0.051611 0.327672 0.075818 -1.322074 -1.722773 1.036355 -0.217538 -1.311222 0.513701 0.006370 -4.516870 
-1.065688 0.085625 0.590686 0.805916 1.073856 -0.061893 -1.021151 0.104298 -1.081848 0.172165 -1.308665 -0.292766 0.080793 -0.464348 1.197009 -0.181532 
0.738476 -0.529042 -0.239309 -0.335409 -0.564712 0.182254 0.048261 0.209486 -0.492449 -0.469093 0.256949 1.098328 -0.056724 1.246131 -2.904491 0.106115 
0.170440 -0.903869 -0.288514 -1.784070 2.744926 0.322583 -1.375533 -0.596631 0.800734 1.512929 -0.483167 0.734366 -2.027688 -0.065360 -0.097774 -4.584718 
-0.749026 0.311999 -0.809142 -0.041352 -0.969466 1.701412 -0.557454 -0.069309 0.029043 0.265930 -0.039242 0.110836 1.474624 -0.033499 -0.016135 -8.318035 
