0.017870 -0.298186 
-0.370247 -0.088748 
-0.330502 0.174534 
-0.159385 -0.125311 
0.183293 -0.203267 
-0.001404 -0.115450 
-0.287592 0.092474 
0.045933 -0.053608 
-0.234926 -0.053395 
0.110336 -0.071640 
0.025591 -0.081054 
0.024067 -0.205307 
-0.191388 -0.030555 
0.079379 -0.061352 
0.120437 -0.185401 
0.043495 0.162319 
0.145307 0.005249 
0.175646 -0.019376 
-0.048533 0.023377 
0.032912 0.018909 
-0.154236 -0.050432 
-0.161640 -0.154086 
-0.083824 -0.002864 
-0.087258 0.057423 
-0.056193 0.003135 
0.100801 -0.205907 
0.183592 -0.037262 
0.093626 -0.220010 
0.276454 0.143045 
0.350602 0.096335 
-0.012478 0.136840 
-0.054435 0.104419 
-0.368106 -0.146466 
-0.030939 -0.136228 
-0.036728 0.022816 
0.152590 -0.172982 
0.126257 -0.096328 
-0.248702 0.028406 
-0.068677 0.208683 
0.076333 0.223828 
0.378006 0.338179 
0.319643 0.082800 
0.425490 0.135778 
-0.053350 0.087429 
-0.200635 0.260404 
0.071574 0.206613 
0.130205 0.177674 
0.069479 -0.068636 
0.255781 0.070217 
0.015465 0.063870 
0.353796 0.213761 
0.348355 0.182807 
0.032529 0.064294 
0.169403 0.168282 
0.209697 -0.008902 
-0.147042 0.143315 
-0.065445 0.066199 
-0.151830 0.236365 
-0.375462 0.542127 
-0.693705 0.644714 
-0.801972 0.352511 
-0.613334 -0.070545 
-0.506652 -0.349295 
-0.277265 -0.742358 
-0.283290 -1.087243 
-0.147447 -1.216313 
-0.045654 -0.996876 
-0.285263 -0.332931 
-0.533626 0.277125 
-0.083230 0.697663 
0.484466 0.809895 
1.279309 0.937921 
1.305848 1.298730 
1.103218 1.554192 
0.304147 1.221768 
-0.190292 0.741053 
-0.341305 -0.273565 
-0.787324 -0.954100 
-0.885536 -1.222849 
-0.872134 -1.202056 
-0.456842 -0.606302 
-0.641545 -0.332918 
-0.663606 0.512849 
-0.075267 0.738294 
0.674509 0.503333 
0.965690 0.050763 
0.662952 -0.372052 
-0.230347 -0.213611 
-1.225146 0.249129 
-1.361601 -0.260737 
-0.400263 -0.438270 
1.336504 -0.470616 
1.757980 0.032166 
1.331225 0.610848 
0.099655 0.517330 
-0.907767 -0.155406 
-0.970621 -0.679005 
-0.460320 -0.265324 
-0.145100 -0.140685 
0.058405 0.983588 
0.542333 1.366525 
0.526803 0.903175 
0.125175 -0.138112 
-0.097413 -1.152858 
-0.460289 -1.441992 
-0.738585 -1.594454 
-1.016028 -2.000004 
-1.301594 -2.114683 
-1.583683 -2.074940 
-1.667293 -1.932982 
-1.338073 -1.586888 
-0.789470 -1.207984 
-0.057110 -0.284911 
0.248221 0.076650 
0.448271 0.273395 
0.197053 0.662831 
0.352161 0.469350 
0.343997 0.144702 
0.092179 -0.359877 
0.098723 -0.689087 
0.223146 -0.460555 
0.286401 -0.227405 
0.274013 -0.028724 
0.276736 0.186526 
0.608497 0.377484 
0.684722 0.893105 
0.652535 0.933547 
0.708652 0.997885 
0.895866 1.005514 
0.761280 1.004527 
0.739793 0.924659 
0.692080 0.926578 
0.537708 0.670384 
0.366306 0.374539 
0.494933 0.471928 
0.471308 0.299463 
0.316795 0.389505 
0.054387 0.499479 
0.026423 0.353151 
-0.193447 0.253075 
-0.386700 0.221096 
-0.219337 -0.009372 
-0.344875 -0.052290 
-0.171994 -0.062064 
-0.466001 0.154488 
-0.358474 -0.121037 
-0.153747 -0.023555 
-0.000433 -0.248899 
-0.081797 -0.328896 
0.023995 -0.436655 
-0.171546 -0.224873 
-0.246155 -0.254200 
-0.255811 -0.190476 
-0.015443 -0.238800 
0.118056 -0.237443 
0.068950 -0.132318 
0.021566 -0.346855 
-0.165661 -0.076793 
-0.120066 0.064680 
0.015337 0.037541 
0.333337 0.046005 
0.118206 0.136887 
0.074198 0.299599 
-0.079360 0.127440 
0.118162 0.298383 
0.016442 0.250601 
0.010364 0.371333 
0.187633 0.274248 
0.087691 0.143962 
0.140021 -0.102139 
-0.017197 0.071945 
-0.106387 -0.098267 
0.078064 0.099414 
-0.033969 0.167489 
-0.162779 0.141159 
-0.117826 -0.001123 
0.197305 -0.050410 
0.420127 0.182107 
0.076593 0.221498 
-0.023854 0.617491 
