0.354080 0.497294 -0.815906 -1.049198 -0.049713 0.651199 0.398582 -0.609333 -0.320949 -0.390310 -1.086539 -0.559467 -0.289626 -0.175691 -0.150395 -0.251157 0.283688 0.345564 -0.742243 0.177392 -0.145359 2.028266 -0.230768 0.336379 -0.215864 0.114683 -0.210953 -0.104930 0.706667 -0.469645 
0.164765 0.224357 -0.849480 -0.787130 0.138396 0.277050 0.084131 -0.788589 0.000230 -0.447914 -0.942786 -0.590051 -0.338537 -0.248524 0.018514 -0.234468 0.399921 -0.037184 -0.199211 0.157759 0.040497 1.827573 0.076749 0.548316 0.253910 0.472757 -0.285420 -0.130391 0.356523 -0.577688 
0.160640 0.438172 -0.807529 -1.001029 -0.073486 -0.057313 0.116408 -0.520080 0.228282 -0.584630 -0.952823 -0.435261 -0.155867 -0.167890 0.175056 -0.334451 0.295677 0.105384 0.012159 0.072204 -0.039198 1.519440 -0.048183 0.452474 0.144595 0.601559 -0.088940 -0.338732 0.071601 -0.246629 
-0.042563 0.291790 -0.738197 -0.651926 0.142048 -0.170340 -0.182692 -0.237746 0.148726 -0.498067 -0.953547 -0.532271 -0.119479 -0.276899 0.190632 -0.486877 0.329422 0.076159 0.061881 0.054843 -0.108223 1.596215 0.447660 0.295093 0.073136 0.751149 -0.102002 -0.385483 -0.019856 -0.307060 
-0.191297 0.358361 -0.654199 -0.498200 -0.070799 -0.324567 -0.250392 -0.136343 0.078934 -0.618767 -0.872178 -0.415528 -0.145480 -0.300527 0.173185 -0.561659 0.071983 0.065511 0.016795 0.238603 0.071556 1.471955 0.291036 0.213498 0.075854 0.574055 -0.078039 -0.352638 -0.015030 -0.271500 
-0.073545 0.148762 -0.229323 -0.656593 -0.208774 -0.213560 -0.150408 -0.105815 -0.061635 -0.392382 -1.093168 -0.248936 0.021786 -0.108358 -0.097436 -0.369541 -0.014788 0.296496 -0.262786 0.292406 0.241750 1.203071 0.202046 0.125816 -0.004428 0.284126 0.036435 -0.135892 -0.165751 -0.524684 
-0.126822 -0.234759 -0.264563 -0.284158 -0.245751 -0.364418 -0.210231 -0.418810 -0.100130 -0.528495 -0.847647 -0.135598 -0.231296 -0.145462 0.179408 -0.307835 0.133544 0.229155 -0.156591 0.201040 0.048845 0.950325 -0.041441 0.081311 -0.172024 0.580514 -0.104178 -0.218059 0.098646 -0.199897 
-0.019547 -0.073775 -0.007491 -0.241440 -0.152530 -0.139858 -0.103382 -0.438478 0.291915 -0.574779 -0.975098 -0.174584 0.038901 -0.041210 0.230026 -0.228769 0.041439 0.185510 -0.019944 0.262330 0.016634 0.958208 0.011154 -0.095327 -0.024980 0.263061 -0.250164 -0.216091 -0.109307 -0.334172 
-0.091167 0.018192 -0.146862 -0.091566 -0.398562 -0.115101 -0.118411 -0.275356 0.084523 -0.579661 -0.819352 -0.311814 0.194194 0.003147 0.223026 -0.240608 0.129195 -0.029120 -0.126847 0.229855 0.061635 0.928335 -0.064451 -0.093874 0.271923 0.202168 -0.214170 0.019818 0.154555 -0.218441 
-0.173160 0.064832 -0.047220 -0.216810 -0.203440 -0.296393 0.075998 -0.194199 0.043146 -0.825675 -0.733933 -0.073780 0.310636 0.155440 0.240984 -0.209207 0.050745 0.020747 0.064922 0.052998 -0.040536 0.840061 -0.012999 -0.005356 0.070141 0.047316 -0.214385 -0.218043 -0.038222 -0.311161 
-0.248795 -0.239936 -0.079049 -0.248871 -0.447818 -0.092289 -0.156409 -0.124000 0.053774 -0.587310 -0.824390 -0.261128 0.205253 0.309920 0.416604 0.031256 -0.168950 -0.117767 0.014501 0.201796 0.393044 0.632168 0.051559 -0.143107 0.209378 0.250554 -0.347696 -0.202273 0.055651 -0.077772 
-0.266105 -0.229255 -0.367181 -0.113164 -0.470840 -0.127843 -0.148680 -0.009919 0.112264 -0.216329 -0.801771 -0.196571 0.096397 -0.017269 0.257575 0.244909 -0.137998 -0.072603 -0.144101 0.235304 0.256017 0.680921 0.023087 -0.128829 0.385881 0.008585 -0.087951 -0.255787 -0.160601 -0.170917 
-0.176985 -0.397423 -0.198736 -0.121662 -0.256194 -0.042117 -0.156629 -0.027568 -0.213167 -0.557006 -0.509034 -0.309363 0.216351 0.126827 0.230948 0.197003 -0.144469 -0.011702 -0.241986 0.422363 0.213915 0.574310 0.141904 -0.066926 0.140866 -0.081628 -0.191208 -0.331825 -0.231631 -0.179501 
-0.179501 -0.250778 -0.410775 0.026983 -0.075717 -0.124535 -0.280509 -0.009864 -0.001721 -0.149415 -0.528882 -0.173800 0.104277 0.039048 -0.120577 0.195687 -0.057959 0.068851 0.028055 0.481304 0.213520 0.781744 -0.110919 -0.152069 0.309345 -0.030142 -0.132022 -0.288780 -0.224988 -0.269799 
0.167159 -0.292148 -0.443265 -0.122561 -0.320111 -0.101052 -0.322209 0.095688 -0.077851 -0.049075 -0.277325 -0.016849 0.082550 0.118524 0.062601 0.273604 -0.058665 0.083028 -0.029669 0.518055 0.196899 0.566723 0.019357 -0.484843 0.176596 0.301821 -0.140882 -0.334857 -0.336606 -0.020597 
-0.162822 -0.092486 -0.581581 0.324399 -0.277702 -0.198582 -0.367256 0.264799 -0.084641 0.014297 -0.288492 0.012414 -0.043565 -0.019096 -0.237879 -0.224735 0.093321 -0.110354 -0.085061 0.774450 0.513841 0.477817 -0.140128 -0.229747 0.209501 0.229795 -0.391482 -0.300653 -0.314229 -0.060435 
0.051674 -0.191849 -0.356591 0.294907 -0.282352 0.189834 -0.598146 0.345609 -0.008976 0.187790 -0.365221 0.166954 0.006396 0.241454 -0.181974 -0.190665 0.106366 -0.152230 0.031388 0.674466 0.349683 0.608187 0.378430 -0.361530 0.207004 0.365230 -0.333696 -0.226157 -0.245290 -0.063772 
-0.037329 -0.270181 -0.363493 0.463315 -0.238257 0.101870 -0.460439 0.530762 0.145093 0.438048 -0.488133 0.430987 -0.077133 0.157819 0.057329 -0.030119 0.189760 -0.289848 0.006004 0.492676 0.570011 0.412691 0.421801 -0.224755 0.081307 0.166260 -0.488388 -0.172848 -0.242316 -0.112829 
-0.224706 -0.124020 -0.202226 0.523690 -0.222107 0.201753 -0.705915 0.860197 0.306776 0.368638 -0.477062 0.137993 -0.043798 -0.052297 -0.187963 0.099476 -0.382717 -0.216491 0.067819 0.313908 0.435387 0.574883 0.036177 -0.414808 -0.153564 0.116803 -0.053590 -0.180745 -0.420106 0.003451 
-0.384429 -0.260865 -0.348364 0.583731 -0.112269 0.102109 -0.720044 0.814217 0.306748 0.672963 -0.538905 0.383746 0.015044 0.108137 0.104319 0.014720 -0.419732 0.058584 0.285161 0.560188 0.368970 0.271271 0.296664 -0.013067 0.001878 -0.010700 0.095306 -0.469436 -0.234741 0.038892 
0.069986 0.203253 -0.400316 0.583293 -0.099651 -0.307428 -1.036030 0.768209 0.083663 0.685611 -0.531064 0.131124 0.019706 -0.075805 0.190013 -0.002606 -0.758068 0.190705 0.293802 0.336153 0.465906 0.260026 0.072198 0.069113 -0.034993 0.007445 0.038953 -0.249118 -0.400021 -0.109151 
0.055797 0.288327 -0.359840 0.828172 -0.020549 -0.094042 -1.184649 0.352144 0.265815 0.867422 -0.415876 0.389048 -0.041081 -0.151871 0.225835 0.024866 -0.581058 0.248665 0.362164 0.347495 0.326466 -0.047698 0.240680 0.148034 -0.032419 -0.125353 -0.304809 -0.279640 -0.583720 -0.039235 
-0.026911 0.281918 -0.252033 0.674382 -0.264765 -0.012468 -1.191599 0.374324 -0.118865 0.627220 -0.517025 0.609869 0.208978 -0.072601 0.182880 0.361302 -0.413062 0.026372 0.040555 0.010280 0.131965 -0.100152 0.391106 0.313167 -0.001101 0.024433 0.097927 -0.289276 -0.520391 0.004235 
-0.087992 0.507995 0.129003 0.732579 -0.070662 -0.171499 -1.061398 0.411112 -0.220754 0.511728 -0.219484 0.806112 0.547953 0.135276 0.197331 0.411441 -0.631464 -0.077810 -0.030017 -0.039253 0.381852 -0.224349 0.134836 0.103671 0.062709 -0.196859 -0.249612 -0.204187 -0.517785 -0.154716 
-0.148828 0.322056 -0.029380 0.795881 -0.055574 -0.369287 -1.044578 0.338519 -0.166090 0.570354 -0.525218 0.364209 0.411596 -0.082319 0.421460 0.355952 -0.652271 -0.053197 0.172961 0.096130 0.475235 -0.499494 0.231373 -0.037889 0.269563 -0.168611 -0.216413 -0.109227 -0.530675 -0.032055 
0.055311 0.128302 -0.079668 0.666084 -0.193585 -0.255179 -1.060649 0.087307 0.067439 0.585053 -0.409547 0.146572 0.203370 -0.179124 0.254957 0.221954 -0.611949 -0.241098 -0.055977 0.318878 0.281147 -0.635249 0.252773 0.000601 0.492440 0.108142 -0.198943 -0.410463 -0.424442 -0.239634 
-0.137016 0.199054 -0.120534 0.572772 0.074409 -0.120138 -1.129001 -0.337093 0.137476 0.621750 -0.254461 0.178973 0.421314 -0.313672 0.140739 0.355491 -0.555223 -0.065605 0.204074 0.231466 0.375878 -0.403120 0.385541 0.297915 0.407465 -0.063333 -0.222098 -0.444686 -0.021640 -0.258312 
-0.247673 0.336837 -0.110103 0.516847 0.069806 -0.080827 -0.923920 0.040354 0.317096 0.917716 -0.318503 0.182148 0.519163 -0.322189 0.280728 0.242657 -0.466169 -0.013291 0.041857 0.396014 0.221738 -0.171763 0.251341 0.104977 0.283645 -0.184204 -0.080494 -0.190550 -0.130330 -0.043196 
0.023477 0.312116 -0.033177 0.505738 0.035532 -0.069558 -0.729599 0.220388 0.094314 0.944582 -0.426345 0.184236 0.192034 -0.437052 0.213413 0.225925 -0.348529 -0.204887 0.020847 0.168930 0.417202 0.061719 0.298012 0.173448 0.297525 -0.375999 -0.281234 -0.134541 -0.141138 -0.085573 
-0.055243 0.322058 -0.142342 0.712848 0.034012 -0.531389 -0.744107 0.341437 0.012247 0.907584 -0.243716 0.186941 0.436005 -0.346408 0.186398 0.101373 -0.192622 -0.237073 -0.052017 -0.095876 0.514460 0.124285 0.062212 -0.028031 0.091538 -0.550981 -0.308816 0.209226 0.029387 0.089720 
-0.112464 0.142715 0.120660 0.856848 -0.282592 -0.146342 -0.714859 0.362133 -0.252702 0.913235 -0.187062 0.021284 0.276518 -0.260702 0.429433 0.009694 -0.116302 -0.370161 0.033538 -0.042580 0.408144 -0.060582 -0.023227 0.086850 0.263223 -0.357102 -0.325531 0.121716 -0.062686 -0.156591 
-0.358417 0.075940 0.353989 0.733753 -0.277127 -0.318295 -0.602569 0.180693 -0.065848 1.415479 -0.179857 0.034604 0.046581 -0.456763 0.174337 -0.346188 -0.195487 -0.372663 0.087998 -0.417957 0.094471 -0.263241 0.202323 0.135244 0.344918 -0.229740 -0.330360 0.065552 0.299137 -0.062665 
-0.263324 -0.202915 0.384980 0.956885 0.089774 -0.324778 -0.319569 0.047626 -0.137456 1.263893 -0.113782 0.202263 -0.073535 -0.379541 0.213215 -0.092208 -0.166665 -0.243052 0.115627 -0.525377 0.156491 -0.592481 0.083124 0.019347 0.574977 -0.134700 -0.313084 0.280682 -0.036114 0.156880 
-0.213132 -0.240154 0.167821 0.822565 0.032469 -0.489131 -0.038781 0.341369 -0.010551 1.102311 0.221531 -0.032437 -0.162878 -0.350268 0.118973 0.083804 -0.294782 -0.332271 -0.116726 -0.632450 0.326171 -0.318382 -0.054431 0.058949 0.577924 0.254592 -0.360136 0.172944 -0.326431 0.177202 
-0.355315 -0.001033 0.153589 0.532343 0.262547 -0.563075 -0.011808 0.327840 -0.062224 1.111581 0.035952 0.253573 -0.254689 -0.507650 0.025739 -0.009858 0.029974 -0.232278 0.042612 -0.927130 0.400768 -0.570050 -0.093338 -0.066220 0.631778 0.293611 -0.898281 0.052005 -0.425628 0.157762 
-0.150008 0.162574 0.156996 0.782556 0.122643 -0.388122 0.493272 0.703487 -0.081172 0.660300 0.289613 0.523913 0.083309 -0.324848 0.356144 0.366845 -0.275037 -0.249716 0.103293 -0.998897 0.730494 -0.425318 -0.151292 -0.002434 0.552910 0.084341 -0.453538 0.161136 -0.210095 -0.027038 
-0.323785 0.296645 -0.039042 0.807636 0.139607 -0.430082 0.693145 0.643407 0.009458 0.847341 -0.004961 0.551816 0.131347 -0.164053 0.377056 0.383669 -0.249431 -0.448333 0.106917 -1.153135 0.752941 -0.430589 0.082172 -0.262146 0.275178 -0.105728 -0.278135 0.259044 -0.049701 -0.063145 
-0.653408 -0.204595 -0.235682 0.488763 0.314055 -0.327108 0.673436 0.514540 0.036998 0.996052 0.142034 0.426400 0.219156 -0.055398 0.362807 0.568026 -0.161278 -0.601250 -0.007420 -1.321328 0.556409 -0.723482 0.072093 -0.252408 0.523457 0.071187 -0.143906 0.578492 0.198916 -0.169461 
-0.430378 -0.523204 -0.331641 0.682113 0.321510 -0.500460 0.743592 0.832500 0.169047 1.151044 -0.068817 0.542575 0.383935 -0.034441 0.243449 0.476334 -0.083155 -0.652328 -0.092489 -1.199630 0.452902 -0.705472 0.169573 -0.455678 0.399808 0.324962 -0.026617 0.551243 0.444137 -0.037934 
-0.474350 -0.380775 -0.670199 0.167203 0.600780 -0.592234 0.888794 0.868792 0.269050 1.001803 0.126123 0.516161 0.485832 -0.167532 0.538548 0.470288 0.040020 -0.792570 -0.062296 -1.010742 0.011107 -0.444602 0.006001 -0.227254 0.251864 0.347346 0.010940 0.513824 0.005510 0.024029 
-0.436555 -0.532700 -0.555943 0.165006 0.238021 -0.729143 0.702239 0.636036 0.123302 0.881127 0.153731 0.323583 0.486775 -0.226711 0.457009 0.275819 0.281624 -0.793412 0.087745 -1.161902 -0.285637 -0.674736 0.238818 -0.190833 -0.063657 0.389337 0.050318 0.547114 0.275091 0.209188 
-0.386550 -0.590219 -0.453810 0.082325 0.191486 -0.825379 0.714689 0.516304 -0.116111 0.996350 -0.044131 0.384480 0.334646 -0.210599 0.226098 0.586692 0.225172 -0.681388 0.088367 -1.037186 -0.274114 -0.660151 0.042629 0.052034 -0.002217 0.217825 0.112029 0.418887 0.163830 0.050988 
-0.511944 -0.322624 -0.275849 -0.071696 0.403089 -0.804785 0.824945 0.437345 -0.312621 0.635314 0.032653 0.440969 0.131860 -0.345402 0.397645 0.683222 0.203805 -0.508360 -0.098391 -1.095183 -0.437862 -0.457702 -0.021870 0.067863 0.040321 0.210363 0.335059 0.373964 0.216595 -0.109744 
-0.577093 -0.192375 -0.344209 -0.018088 0.271415 -0.453612 0.935273 0.364556 -0.304043 0.660974 0.111801 0.579340 0.160913 -0.117768 -0.039718 0.546067 0.374038 -0.234710 0.068966 -1.171614 -0.318822 -0.423860 -0.156445 -0.011454 0.192938 0.501230 -0.006620 0.316391 -0.034676 -0.271056 
-0.281144 -0.251607 -0.212143 -0.119634 0.195151 -0.357277 0.847712 0.297767 -0.149809 0.348906 0.316275 0.575630 0.017169 -0.252868 0.179185 0.490622 0.419570 -0.062545 0.117827 -0.935286 -0.311170 -0.585402 -0.484197 0.081132 -0.097063 0.280715 -0.151106 0.019753 -0.086048 -0.334243 
-0.613819 -0.487437 -0.146299 -0.165720 0.361890 -0.107939 0.809979 0.188845 -0.121966 0.417623 0.508255 0.364533 0.055037 -0.177341 0.156080 0.254307 0.167699 -0.231941 0.248098 -0.810646 -0.470243 -0.602250 -0.603383 0.286668 -0.233141 0.319831 0.063015 0.284900 -0.102591 -0.185164 
-0.272007 -0.372162 0.009616 -0.216735 0.243544 0.252527 0.850256 0.388594 0.089641 0.159941 0.520122 0.544363 -0.290744 -0.535045 0.176740 0.008509 -0.055635 -0.059777 0.230740 -0.289951 -0.363524 -0.425096 -0.712019 0.518248 -0.083479 0.079562 -0.137895 -0.071948 -0.061622 -0.248450 
-0.243964 0.112026 -0.246570 -0.057913 0.081277 -0.118728 0.700234 0.203390 0.009431 0.165890 0.424449 0.304755 -0.260560 -0.229996 0.045976 -0.059439 0.366980 -0.372901 0.399296 -0.254515 -0.226605 -0.641979 -0.736717 0.419935 -0.286688 -0.042256 0.026131 0.415946 0.406361 -0.322394 
-0.114893 0.263919 -0.372065 0.026258 0.115743 -0.069799 0.710239 -0.047860 -0.016833 -0.515644 0.638404 0.232128 -0.012963 -0.480951 -0.113949 -0.353385 0.144306 -0.341520 0.261498 -0.185410 -0.091129 -0.599429 -0.682439 0.264877 -0.300522 -0.343996 0.239021 0.630841 0.219114 -0.367065 
0.251343 0.083764 -0.255937 0.182060 0.152749 -0.055650 0.855169 -0.260230 0.265755 -0.551425 0.734581 0.291165 -0.176890 -0.198912 -0.090578 -0.341788 0.392991 -0.203740 0.306198 -0.064268 0.028443 -0.642684 -0.544045 0.501928 -0.314004 -0.319958 0.462177 0.650857 -0.040511 -0.158340 
0.429314 0.037809 0.092596 0.348043 -0.113999 0.256320 0.747541 -0.134062 -0.042278 -0.649840 0.911831 0.088252 -0.003554 0.003205 -0.033477 -0.439163 0.213776 -0.177296 0.062643 -0.169066 -0.286149 -0.545323 -0.307534 0.487860 -0.248874 -0.645345 0.653317 0.626942 -0.081717 0.036379 
0.151605 -0.010343 0.367416 0.008026 -0.143837 0.408376 0.951679 -0.373504 0.077516 -0.525751 0.914254 0.127859 0.308676 0.243443 0.186283 -0.531493 0.522657 -0.173252 -0.012625 0.029769 -0.221726 -0.666822 -0.149331 0.409472 -0.258057 -0.567408 1.078127 0.930962 -0.047506 0.268155 
0.076303 -0.142724 0.549434 0.231223 -0.226642 0.319251 1.004844 -0.359458 -0.151761 -0.649697 0.954266 0.199087 0.296513 0.296705 -0.024166 -0.518347 0.256085 0.135764 -0.073197 0.272986 -0.326059 -0.836952 -0.171307 0.302805 -0.234792 -0.577777 1.315229 0.944659 -0.263938 0.090421 
0.127568 -0.002054 0.700812 0.194020 -0.315480 0.298396 0.681259 -0.350615 0.070217 -0.825248 1.096071 0.188976 0.247048 0.353251 -0.108454 -0.254174 0.083697 0.328460 0.037986 0.473690 -0.144998 -0.721820 -0.285991 0.314610 -0.096686 -0.216787 1.312864 0.921987 -0.048235 0.339486 
0.231818 -0.030877 0.532049 0.165778 -0.304487 0.051014 0.634078 -0.241513 0.066820 -0.631703 1.098777 0.227336 0.358284 0.456441 -0.131878 -0.554187 0.028983 0.173432 0.086848 0.283865 -0.081663 -0.664429 -0.273427 0.103625 -0.294815 -0.365694 1.065154 0.862250 -0.065124 -0.000732 
0.063692 -0.214024 0.261315 -0.011876 -0.010748 0.128748 0.496639 -0.523641 0.224870 -0.867099 1.201136 -0.112197 0.365394 0.207369 -0.119566 -0.277114 0.174073 0.186898 -0.052789 0.613624 -0.063624 -0.336506 -0.238013 0.365321 -0.132649 -0.341645 1.268131 0.808192 -0.096632 0.081463 
0.179615 -0.407007 0.291829 -0.212247 0.130544 0.185517 0.252597 -0.383281 0.230030 -0.935016 1.047117 0.018597 0.227953 0.311064 -0.071550 -0.129661 0.403974 0.192767 -0.248959 0.339510 0.051379 -0.452889 0.111648 0.240631 -0.115829 -0.508876 1.274677 0.952377 -0.300520 0.031682 
0.276205 -0.005570 0.030685 -0.464893 0.048357 0.213235 0.139283 -0.003433 0.240775 -0.608284 0.709076 0.031266 -0.048760 0.404912 -0.371096 0.006597 0.528270 0.077569 -0.102799 0.349614 -0.059360 -0.397897 0.644828 0.243266 -0.111940 -0.640926 0.924378 1.036262 -0.269418 0.230750 
0.639270 -0.013032 -0.172692 -0.470503 0.245070 0.001474 0.022434 0.284268 0.340708 -0.516689 0.776286 -0.179753 -0.147595 0.194164 -0.524279 0.363441 0.927733 -0.263829 -0.167817 0.099450 0.173072 -0.604527 0.989196 0.571943 0.134911 -0.577320 0.725555 0.738243 -0.938035 0.161171 
0.512811 0.189905 -0.116745 -0.565959 0.152455 -0.139579 -0.193004 0.570439 0.087640 -0.602891 0.734690 -0.037420 -0.313191 0.273633 -0.429832 0.425046 0.812388 -0.377077 -0.314346 0.170965 0.055437 -0.573018 1.192407 0.402191 -0.081714 -0.690718 0.443215 0.570405 -0.782710 0.269290 
0.253232 0.335676 -0.108575 -0.587898 0.271122 -0.032546 0.090346 0.605298 -0.052278 -0.685851 0.678166 0.112002 -0.132163 0.386424 -0.221696 0.638461 0.785785 -0.472323 -0.280796 0.182341 -0.066705 -0.360357 0.621311 0.453054 -0.083560 -0.698231 0.214732 0.343034 -0.803005 0.125263 
0.143883 0.411792 -0.215738 -0.432299 0.100454 -0.027440 0.124663 0.629783 0.197562 -0.763221 0.773344 -0.011642 0.036457 0.343788 0.181732 0.713777 0.780405 -0.592308 -0.135114 0.358032 -0.104070 -0.054618 0.217574 0.445018 -0.432700 -0.616100 0.475744 0.366985 -0.837284 0.061647 
0.362556 0.169284 -0.339086 -0.271260 0.058555 0.070967 0.179326 0.347042 0.113355 -0.815206 0.754958 -0.096490 -0.002487 0.510575 0.486055 0.716008 0.699842 -0.586505 -0.234472 0.705578 -0.268335 -0.042463 0.013342 0.482974 -0.480319 -0.686921 0.367186 0.145936 -0.993824 0.111333 
0.255046 0.277207 -0.462500 -0.241196 -0.047472 0.329267 0.394000 0.261968 0.116163 -0.620245 0.390714 -0.464485 -0.262129 0.179317 0.627379 0.610594 0.468381 -0.666602 -0.264393 0.660278 -0.398553 0.041040 0.175529 1.047977 -0.613031 -0.662339 0.414349 -0.089806 -0.944771 -0.041574 
0.169906 0.313518 -0.603717 -0.183835 -0.401464 0.350074 0.035071 0.144245 -0.198644 -0.749933 0.189901 -0.558803 -0.630729 0.264591 0.345779 0.407973 0.530503 -0.713935 -0.367146 0.518702 -0.414789 -0.012735 0.159789 1.169909 -0.335530 -0.570198 0.201289 -0.390893 -0.721274 0.029965 
0.481876 0.273230 -0.451817 -0.124095 -0.283321 0.523958 0.142050 -0.336543 -0.378238 -0.602703 0.225662 -0.670949 -0.630869 0.536386 -0.232931 0.395487 0.789147 -0.679083 -0.463368 0.343256 -0.383859 -0.136894 0.213010 1.437810 -0.320719 -0.434562 0.302231 -0.333639 -0.501497 -0.075562 
0.458987 0.270613 -0.171802 -0.098407 -0.345973 0.741684 -0.016572 -0.160886 -0.172767 -0.471368 0.005069 -0.763242 -0.266274 0.462689 -0.422753 0.203236 0.488366 -0.486861 -0.194561 0.065290 -0.758732 0.096165 0.110846 1.263253 -0.057087 0.135280 0.509059 -0.389489 -0.310758 0.098452 
0.415757 0.193223 -0.470197 -0.024515 -0.387816 0.551356 -0.210105 -0.394205 -0.390642 -0.368808 0.197985 -1.018734 -0.095298 0.192902 -0.287207 -0.201784 0.285392 0.011542 -0.024649 -0.189559 -1.136992 0.039072 0.280973 1.074788 0.010877 0.436315 0.344914 -0.360095 -0.348997 0.256688 
0.335123 -0.141596 -0.396324 -0.147993 -0.352738 0.397383 -0.235811 -0.637296 -0.119351 -0.030296 0.349279 -0.891811 0.013755 0.477552 -0.438016 -0.487851 0.102796 0.218222 -0.060438 -0.158563 -1.223433 0.307674 0.427774 0.750985 0.106199 0.575447 0.324476 -0.222143 -0.108000 -0.002266 
0.550399 -0.081472 -0.470365 -0.123480 -0.621914 -0.092146 -0.238086 -0.515214 -0.078346 0.275907 0.605441 -0.583464 0.185782 0.454239 -0.695843 -0.824342 -0.125431 0.436161 0.201717 -0.185449 -1.331737 0.131034 0.455080 0.261547 -0.076758 0.838886 0.166155 -0.380109 -0.229361 0.172954 
0.265019 -0.069931 -0.374451 -0.319814 -0.495262 0.159143 -0.388415 -0.376981 0.011426 0.040832 0.636301 -0.604258 0.102892 0.490478 -0.426003 -1.287926 -0.527991 0.503697 0.045503 -0.005220 -1.834834 -0.059942 0.095259 0.025835 0.233399 0.704167 0.440959 -0.260575 -0.157062 0.137351 
0.020690 -0.286663 -0.184875 -0.154677 -0.500273 0.486411 -0.281721 -0.110602 -0.075249 0.185627 0.550312 -0.478127 -0.111100 0.270715 -0.167367 -1.439795 -0.447115 0.363479 0.152935 -0.083326 -1.985489 0.109236 -0.613103 -0.653486 0.415853 0.632630 0.110164 -0.246839 -0.213869 -0.137335 
-0.290019 -0.169936 -0.047607 -0.214333 -0.203542 0.711301 -0.186857 0.008306 0.135745 0.187322 0.307357 -0.458672 0.164801 0.313429 0.381509 -1.625020 -0.456232 0.520614 0.123360 0.124017 -1.894373 -0.068633 -0.783918 -0.921982 0.217870 0.581171 0.362758 -0.312957 -0.425281 0.340842 
-0.456908 -0.047937 -0.068352 -0.012002 -0.004568 0.795815 -0.043013 0.040490 0.856534 -0.091742 -0.049872 -0.484025 -0.041463 0.023113 1.120056 -1.551735 0.090143 0.433764 0.271018 0.278491 -1.840343 -0.339240 -0.429088 -0.873676 0.603563 0.240765 0.233214 -0.279022 -0.448424 0.374783 
-0.617275 0.156507 0.032898 0.164606 0.454023 0.370630 0.344285 0.059831 0.614646 -0.364567 -0.345983 -0.489040 -0.147746 -0.478041 1.424619 -1.282099 0.276386 0.491675 -0.048529 0.386563 -1.745937 -0.080051 0.013236 -0.974684 0.634427 0.227158 0.478049 -0.358936 -0.653943 0.351653 
-0.525941 -0.105742 0.288925 0.375240 0.774051 0.515580 0.440476 0.017585 0.467911 -0.263040 -0.671508 -0.984259 0.036355 -0.524482 1.457459 -0.654831 0.387150 0.279878 -0.443327 0.495319 -1.227664 0.463464 0.026403 -0.825877 0.598749 0.438414 0.361278 -0.178288 -0.618793 0.383576 
-0.162877 -0.370977 0.440725 0.465160 0.546894 0.412364 0.839555 -0.271808 0.336757 -0.638125 -0.703249 -1.196464 -0.063642 -0.986350 1.637385 0.209026 0.170393 0.351179 -0.658651 0.587684 -0.786972 0.649233 0.139025 -1.077051 0.462060 0.207432 0.252563 -0.453260 -0.695107 0.128836 
0.180455 -0.511997 0.348131 0.546093 0.582413 0.737161 0.611665 -0.127655 -0.136928 -0.919920 -0.265918 -1.536457 0.092602 -1.186069 0.901408 0.743067 0.405536 0.309085 -1.014149 0.566776 0.018182 0.264737 -0.139677 -1.078159 0.667667 0.070980 -0.397766 -0.738499 -0.216995 -0.050120 
0.827878 -0.973387 0.148979 0.564967 0.150204 0.523896 0.507101 0.005872 -0.867480 -1.178579 0.012371 -1.445161 0.019468 -1.444621 0.398900 1.072700 0.220640 0.240705 -1.425037 0.496109 0.419468 -0.367797 0.084143 -0.971679 1.068428 -0.485378 -1.074142 -0.792134 -0.120604 -0.120259 
0.843471 -1.114460 -0.336185 0.400862 0.032401 0.388029 0.061686 0.263794 -1.037140 -1.014590 0.245821 -1.346971 0.391260 -1.311753 -0.319447 0.796076 0.113797 0.077263 -1.129053 0.268852 0.909897 -0.234615 -0.009055 -1.430101 1.209667 -0.297554 -1.260660 -0.665881 -0.144391 -0.017520 
0.835405 -1.479133 -0.979718 0.543752 -0.071951 0.121057 -0.421241 0.509807 -1.471087 -0.636335 0.582913 -0.675412 0.473499 -1.061541 -0.994011 0.730408 0.073571 0.052302 -0.769712 -0.354853 0.583299 -0.307908 0.306521 -1.313619 1.156806 0.034880 -1.272372 -0.088056 -0.540675 -0.513957 
0.556469 -2.116069 -1.095129 0.185410 -0.392984 0.085604 -0.625707 -0.008335 -1.466460 -0.154842 0.148193 -0.129847 0.457349 -0.509647 -1.347699 0.297471 -0.141583 -0.538523 -0.292828 -0.231100 0.206566 -0.679274 0.166489 -0.654998 1.048292 0.114769 -0.733026 0.225171 -0.614426 -0.793515 
-0.002638 -2.195045 -0.447265 -0.086680 -0.535538 0.236138 -0.725839 -0.286919 -1.358823 -0.360662 -0.311016 0.054482 -0.364558 -0.239104 -1.144545 -0.058970 -0.161413 -0.329005 0.035087 -0.135225 0.079189 -0.454980 0.109649 0.135118 0.245311 0.112150 -0.220722 0.398882 -0.331693 -0.935771 
-0.472911 -1.766258 0.196373 -0.060688 -0.770695 0.021954 -0.648083 -0.873671 -1.184774 -0.095243 -0.751331 0.026150 -0.760875 -0.146836 -0.674985 0.073265 -0.048968 -0.363143 0.292688 0.308188 0.250067 -0.111829 0.106091 0.978067 -0.521102 0.258885 0.180698 0.586579 -0.093265 -0.788271 
-0.390953 -0.701055 0.446230 0.059261 -0.945750 -0.058932 -0.393072 -0.901512 -0.881801 0.055099 -0.701873 -0.220948 -0.577455 -0.315903 -0.513547 0.281676 0.069681 0.267341 0.606281 0.533759 -0.047842 0.265065 -0.053420 1.056403 -0.846091 0.178486 -0.230896 0.879719 0.168596 -0.134657 
-0.433155 -0.079469 0.332877 -0.297434 -0.981446 -0.150128 -0.318909 -0.519428 -0.026086 0.221670 -0.398581 -0.007890 -0.458103 0.065802 -0.339898 0.529867 0.178472 0.307941 1.131897 0.492492 -0.051652 -0.018682 -0.036219 0.520265 -0.745959 -0.293969 -0.311985 0.603502 0.222055 0.095048 
-0.397386 0.450477 0.001677 0.069113 -0.680502 0.013079 -0.268141 -0.153819 0.654005 -0.155280 0.362109 0.054899 0.148256 0.369486 -0.579183 0.622608 0.094851 0.533416 1.279971 0.059551 0.000211 -0.129093 -0.382562 -0.219324 -0.618878 -0.507822 -0.128299 0.377135 0.448509 0.681445 
-0.400698 0.936156 0.060385 0.229066 -0.560592 0.486644 -0.459368 -0.015075 0.852462 -0.260444 0.764836 0.246827 0.582493 0.669570 -0.675837 0.355630 0.711561 0.408744 1.132821 -0.337977 0.077266 -0.054622 0.025855 -0.939407 -0.422300 0.086167 0.244810 0.479001 0.231268 0.782692 
-0.165106 1.349577 0.165737 0.314194 -0.266375 0.683574 -0.387720 -0.070450 0.900697 -0.125563 0.808515 0.339074 0.696172 0.419082 -0.441874 -0.025816 0.744753 0.194279 1.359284 -0.475649 0.191345 0.341390 0.431919 -1.018407 -0.657248 0.831666 0.430205 0.550776 -0.216197 0.863620 
0.152347 1.135578 0.296996 -0.067108 -0.383283 0.422729 -0.147089 -0.317299 1.249146 -0.055866 0.001427 0.317412 0.539094 0.304032 0.847207 -0.244575 0.439170 0.444295 1.563789 -0.339187 -0.057963 -0.043871 0.355058 -0.795935 -1.139263 0.561924 0.628059 0.385183 -0.565707 0.576566 
0.537770 0.500323 0.649527 -0.324857 -0.844998 0.449288 0.374660 -0.000659 1.386588 0.106721 -0.289252 0.260119 -0.011809 -0.215948 1.198013 -0.186071 0.187823 0.049588 1.491824 0.293731 0.153363 -0.438311 -0.003316 -0.449093 -1.612675 0.560313 0.737754 -0.105118 -0.295552 0.430263 
0.408953 -0.221761 0.293353 -0.498583 -0.934797 0.462199 0.786163 0.016594 1.437469 0.383755 -0.478564 0.232439 -0.476195 -0.325963 0.226372 -0.344402 -0.446836 0.240298 0.946583 0.155999 0.556801 -0.102834 -0.506090 -0.428446 -1.763523 0.456387 0.614197 -0.195747 0.651667 0.465679 
0.501944 -0.638621 0.012058 -0.480235 -0.976747 0.596615 0.786981 0.650396 1.318009 0.296219 -0.288585 0.025383 -0.719528 -0.487975 -0.977584 -0.389476 -0.352175 -0.295825 0.641074 0.147930 0.665481 0.135594 -0.634379 -0.240037 -1.528831 0.380353 0.209152 0.014109 0.730907 0.061164 
0.342473 -0.523497 -0.397009 -0.577640 -1.170699 0.635381 0.754780 0.948546 0.927465 -0.020805 -0.260703 0.156827 -0.506176 -0.197954 -1.306426 -0.407683 0.143067 -0.249868 0.406507 -0.008446 0.767411 0.113635 -0.311165 -0.142775 -0.716325 -0.257986 -0.272152 0.143825 0.151473 0.078551 
0.139854 -0.065412 0.059095 -0.163205 -1.367233 0.725367 0.442360 0.135789 0.407937 0.004291 -0.063874 0.261134 -0.039908 0.085267 -0.669034 -0.184257 0.065007 -0.836692 -0.032927 0.154372 0.696314 0.367649 -0.097810 -0.032308 0.041023 -0.582337 -0.004377 0.450414 -0.791968 0.131665 
-0.303119 0.432269 0.072331 0.192617 -1.315225 0.527675 0.262397 -0.966488 0.292033 0.134366 -0.021748 0.303802 0.590529 0.400431 -0.264901 0.092268 0.175418 -0.753903 0.154329 0.442489 0.311934 0.104562 0.463363 -0.261692 0.905465 -0.835783 -0.023242 0.527746 -1.077001 0.227130 
-0.380659 0.246101 0.020683 0.842881 -1.510954 0.089658 -0.123641 -0.936826 -0.025943 0.068495 0.208253 0.445036 0.249382 0.272414 0.074706 0.511126 -0.079549 -0.396243 0.240484 0.332056 0.032485 -0.400766 0.288419 -0.310742 1.127868 -0.564685 -0.508239 0.209544 -1.294933 -0.123793 
-0.370538 0.159574 -0.038127 0.772469 -1.032553 -0.517580 0.058104 -0.883918 -0.773444 -0.373514 0.330502 0.653722 -0.340595 -0.434624 0.573375 0.404231 -0.589570 0.405105 0.408008 -0.432174 -0.062647 -0.695853 -0.649943 -0.070213 1.007676 0.500417 -0.637435 -1.032390 -0.841968 -0.632400 
-0.647838 0.355548 0.332967 0.115509 -0.314180 -0.618357 0.293070 -1.244202 -0.760699 -0.793726 -0.051716 0.810993 -0.239960 -0.374673 1.081297 0.358525 -0.884588 0.752754 -0.121313 -0.381864 -0.361019 -0.701085 -0.595419 -0.137430 0.033876 1.211817 -0.205169 -1.642871 -0.364583 -0.893488 
-0.382735 0.820098 -0.086420 -0.022249 0.017960 -0.653756 0.285219 -0.308081 -0.673647 -0.611552 -0.211523 0.636999 -0.547572 -0.250294 0.972719 0.569295 -0.567598 0.783351 -0.262360 -0.319192 0.014428 -0.344261 -0.566352 -0.387881 -0.843095 1.404699 -0.074608 -1.681077 -0.206227 -0.933833 
-0.546869 1.071657 -0.458469 -0.057131 0.248627 -0.574936 0.147341 -0.016532 -0.437864 -0.428787 -0.233122 -0.123214 -0.984609 0.028458 0.425015 0.331157 -0.368648 0.120657 -0.669640 -0.016914 0.406260 0.005104 0.165469 -0.630984 -1.254072 1.029805 -0.378854 -1.202144 0.235492 -0.954701 
-0.528735 1.057189 -0.534454 -0.081725 0.454392 -0.239856 -0.100775 0.160612 -0.207340 0.033745 -0.073169 -0.454832 -1.099890 0.466655 -0.330896 0.525570 -0.382923 -0.269884 -0.495483 -0.268134 0.831111 0.035446 0.823190 -0.651625 -1.512552 0.914736 0.024154 -0.880038 0.556412 -0.540455 
-0.550924 1.049540 -0.471145 0.223417 0.594753 0.164721 -0.107324 0.434429 0.058412 0.215243 -0.146772 -0.595859 -1.159253 0.826001 -0.627926 0.501455 -0.314391 -0.455391 -0.556166 -0.323773 1.097797 -0.312064 0.929019 -0.668863 -1.199741 0.613710 0.231601 -0.261067 0.682857 -0.163563 
-0.187804 0.975740 -0.481738 0.234470 0.793232 0.002794 -0.019052 0.296980 0.025870 0.295304 0.101547 -0.627892 -0.828622 1.023597 -1.115589 0.539706 -0.622808 -0.440817 -0.483287 -0.120094 1.107328 -0.449658 0.404865 -0.907540 -0.886288 0.248290 0.745884 -0.156520 0.770311 0.100731 
0.334535 1.136803 -0.666559 0.489136 1.115850 0.150998 0.338208 0.496379 0.236924 0.218950 0.006162 -0.822152 -0.695355 1.401799 -1.332213 0.413674 -0.890466 -0.349771 -0.457757 -0.153645 0.854078 -0.288956 -0.002311 -0.739209 -0.409134 -0.217108 0.828313 0.172832 0.551398 0.957117 
0.437599 1.072088 -0.424422 0.467623 0.857434 0.059807 0.505801 0.075451 0.513800 0.123799 0.134450 -0.764964 -0.085913 1.218981 -1.330171 0.009820 -1.352339 -0.047700 -0.504145 0.271071 1.067411 -0.279034 -0.538640 -0.745815 -0.212424 -0.531171 0.311735 0.201874 0.436705 1.344021 
0.522774 1.129722 -0.043589 0.474355 0.901083 -0.161231 0.332406 -0.197694 0.317323 -0.065834 0.323055 -0.800694 -0.139322 0.976627 -0.995708 0.103881 -1.627795 0.349244 -0.522457 0.446276 0.798263 -0.257312 -0.751971 -0.403294 -0.006563 -0.420171 0.313457 0.084788 0.251129 1.427556 
0.190571 1.064237 0.374026 0.534860 0.475042 0.115205 0.173315 -0.399447 0.077869 -0.171981 -0.042504 -0.598521 -0.072159 0.357161 -0.497130 0.019096 -1.517952 0.703246 -0.620840 0.310089 0.846573 -0.145150 -0.809801 -0.064083 0.052739 -0.137727 0.036862 -0.210029 -0.153569 1.297481 
-0.036493 0.614125 0.838848 0.287963 0.610624 0.488422 0.128459 -0.991426 0.107061 0.004701 -0.135115 -0.515753 -0.162217 0.120109 0.169901 -0.209477 -1.358620 1.061245 -0.671725 0.315704 0.601906 0.046915 -0.509388 0.379268 -0.209480 -0.082340 0.069423 -0.233637 -0.226955 1.021498 
-0.092739 0.710533 1.249533 0.251483 0.435430 0.700688 -0.191048 -1.085327 -0.024712 -0.137328 -0.324798 -0.456226 -0.178515 0.094836 0.107719 -0.254696 -1.169097 1.216127 -0.598399 0.396508 0.439377 0.103439 -0.347523 0.777278 -0.318372 -0.100392 -0.107391 -0.547864 -0.187869 0.997770 
-0.043872 0.443290 0.944951 0.201569 0.189514 0.640269 -0.288562 -1.175027 0.019106 0.156554 -0.258409 -0.315793 0.046817 -0.134725 0.229283 0.067476 -1.099064 1.420961 -0.596796 0.541350 0.422725 0.009602 -0.246298 0.982802 -0.148610 -0.242810 -0.341408 -0.499261 -0.319761 0.728415 
-0.001682 0.312933 0.501477 0.071637 -0.042487 0.983349 -0.390542 -1.230802 0.069475 -0.128445 -0.022238 -0.459409 -0.064014 0.096080 -0.020641 -0.039661 -0.933145 1.271290 -0.336137 0.544470 0.127506 -0.116780 -0.023289 0.811226 -0.109321 -0.494055 -0.567840 -0.511281 -0.095563 0.560621 
0.226890 0.220382 -0.005914 -0.170435 -0.271387 0.609294 -0.301125 -1.153000 -0.281664 -0.087400 -0.176738 -0.328901 -0.223809 -0.213782 -0.264096 -0.123060 -0.717198 0.968496 -0.127212 0.273263 -0.089031 0.065261 0.106782 0.904141 -0.050913 -0.123257 -0.635067 -0.462411 0.136264 0.436644 
0.146049 0.258010 -0.663612 -0.152109 -0.269573 0.544838 -0.534592 -0.866309 -0.338090 -0.223921 -0.141980 -0.100649 -0.135222 -0.210094 -0.426708 -0.347590 -0.658532 0.743910 -0.052612 0.076797 -0.209620 0.022200 0.425991 0.852916 -0.162913 0.328347 -0.592813 -0.301616 0.189429 0.449561 
-0.020544 -0.035385 -0.478713 0.041162 0.005618 0.425269 -0.602177 -0.773223 -0.246048 -0.120622 0.041756 0.137150 -0.249462 -0.218207 -0.360345 -0.398861 -0.712765 0.767155 0.045907 -0.070372 -0.133490 0.138932 0.136543 0.622594 -0.255493 0.417132 -0.571134 -0.441927 0.263100 0.179816 
-0.270582 -0.400464 -0.205992 -0.148506 0.118446 0.389635 -0.690065 -1.006456 -0.262256 -0.076813 0.146780 0.398209 -0.106018 -0.088026 -0.121447 -0.915733 -0.471869 0.735392 0.235985 -0.210868 -0.203508 0.107098 0.378192 0.416177 -0.232612 0.306611 -0.501993 -0.208577 0.379868 0.233083 
0.006191 -0.396576 -0.211567 -0.387513 0.076148 0.306422 -0.492864 -0.854784 -0.251820 -0.033037 -0.124494 0.232721 0.166085 -0.154520 0.000928 -0.851918 -0.455756 0.755455 -0.154101 0.110021 -0.624848 0.119074 0.313440 0.064090 -0.212211 0.193106 -0.114277 -0.384316 0.258647 0.208462 
0.076011 -0.114204 0.215843 -0.402838 0.311262 0.132978 -0.618705 -1.025628 -0.325658 0.149001 -0.253856 0.215085 0.255716 0.038646 0.326561 -0.786765 -0.216306 0.518648 -0.187451 0.218474 -0.474479 -0.010102 0.249509 -0.083328 -0.158386 -0.146843 -0.172568 -0.355266 0.305643 0.377587 
0.380914 -0.215855 0.337747 -0.587867 0.384610 0.187315 -0.319857 -1.039589 -0.323947 0.129345 -0.256096 0.324003 0.287504 0.099555 0.283377 -0.610156 -0.386117 0.588273 -0.442667 0.179259 -0.427024 0.188794 0.046417 -0.155318 -0.423271 -0.196591 -0.168645 -0.247824 0.167865 0.390374 
0.455175 -0.128294 0.255479 -0.509148 0.493166 -0.179280 0.019574 -0.951751 -0.093356 0.140798 -0.068025 0.272132 0.535498 0.188573 -0.003449 -0.529091 -0.259445 0.410011 -0.464981 0.028898 0.014593 0.069591 -0.454596 -0.412055 -0.496031 -0.233842 -0.111108 -0.127778 0.316193 0.242355 
0.689834 -0.049505 0.548913 -0.083965 0.384305 0.255393 0.086826 -0.810994 -0.074409 -0.118562 -0.386749 0.307797 0.652389 0.303421 -0.228089 -0.599905 -0.084805 0.689000 -0.221161 0.093236 0.080733 0.115823 -0.813473 -0.431764 -0.159109 -0.108955 -0.004002 0.179672 0.548831 0.274478 
0.653659 -0.369265 0.417616 -0.268825 0.291704 0.483711 0.099623 -0.664846 -0.381488 -0.067832 -0.466979 0.240038 0.588328 0.290422 -0.311535 -0.744502 -0.325369 0.356095 -0.094621 0.093445 -0.092829 0.314574 -1.106327 -0.454503 -0.330218 0.048743 0.174237 0.182270 0.405806 -0.116465 
0.691931 -0.598934 0.535905 -0.436623 0.395776 0.466478 0.044266 -0.259001 -0.050451 0.046819 -0.561929 0.201768 0.512972 0.121906 -0.317235 -0.709010 -0.111049 0.743240 0.170592 -0.233287 -0.094547 0.180282 -1.151495 -0.035449 -0.331603 -0.142468 0.289638 0.127841 0.401890 -0.118849 
0.341958 -0.398642 0.650334 -0.228463 0.372669 0.432591 -0.224313 0.176769 -0.232228 0.364341 -0.663617 0.113441 0.245304 0.216382 -0.370890 -0.924455 -0.309950 0.548564 0.141163 -0.427141 -0.472553 0.076988 -0.757371 0.058779 -0.145491 -0.188917 0.306434 0.069661 0.068661 0.023828 
0.486108 -0.244500 0.398012 -0.628420 0.493198 0.223632 -0.149240 0.340379 -0.000164 0.193211 -0.653727 0.179815 0.431460 0.327929 -0.390989 -0.469798 -0.166797 0.423065 0.157664 -0.385406 -0.495314 0.280609 -0.557979 -0.184380 -0.218006 -0.001336 0.282590 0.007887 -0.153093 0.005533 
0.600084 -0.276726 0.507292 -0.567796 0.230871 0.282439 -0.068531 0.425281 -0.163166 0.436924 -0.403925 0.535383 0.351437 0.443383 -0.435415 -0.565612 -0.209115 0.574451 0.261064 -0.410798 -0.595384 0.268809 -0.325429 -0.219177 -0.203738 -0.380048 0.344132 0.055895 -0.167545 -0.080784 
0.785932 -0.325257 0.292413 -0.418834 0.160651 0.497985 0.044207 0.850539 -0.098851 0.094037 -0.063869 0.498173 0.428799 0.222166 -0.412138 -0.182764 -0.227247 0.328101 0.178420 -0.615537 -0.124537 0.284236 -0.508275 -0.195676 -0.310915 -0.605775 0.461351 -0.247351 -0.143282 -0.188834 
0.615263 -0.435536 -0.015233 -0.568800 -0.119845 0.649182 0.152415 0.944461 0.188118 -0.050055 0.116974 0.428112 0.410309 0.235009 -0.220041 -0.162723 -0.084408 0.583699 0.121351 -0.759244 -0.429926 0.213454 -0.319703 -0.237702 -0.197442 -0.666393 0.032003 -0.187524 -0.196349 -0.281638 
0.958463 -0.549815 -0.040053 -0.355282 0.120238 0.573904 0.166774 0.980292 0.105374 -0.183527 0.302628 0.164107 0.506389 0.281818 -0.337591 -0.036752 0.162382 0.593453 0.068419 -0.808458 0.028418 -0.076797 -0.523229 0.013691 -0.193773 -0.669875 0.062965 -0.466746 -0.168983 -0.402261 
0.999793 -0.594156 -0.082214 -0.577987 0.097861 0.572262 0.147171 0.770620 0.289748 -0.173060 0.399264 0.042162 0.342399 0.255063 -0.454538 0.031814 0.269027 0.509789 0.288011 -0.651761 -0.083836 -0.011385 -0.458041 0.091485 0.058503 -0.547763 -0.155027 -0.542727 0.060559 -0.603802 
0.931339 -0.469688 -0.132441 -0.690499 0.044555 0.336855 0.196484 0.882944 0.250171 -0.057084 0.416424 0.135026 0.254422 0.148942 -0.483949 0.320885 0.248373 0.456367 0.021095 -0.742909 0.232856 -0.169337 -0.481383 0.082946 -0.054753 -0.452982 -0.345212 -0.695856 0.079247 -0.635556 
0.786153 -0.354540 -0.139495 -0.517623 0.045852 0.234397 0.403542 0.668370 0.004148 -0.006287 0.355435 0.072919 0.269244 0.200987 -0.405488 0.354895 0.295173 0.225898 -0.003296 -0.743398 0.210759 -0.081924 -0.114444 0.194252 0.028270 -0.513128 0.056191 -0.673383 0.343515 -0.631711 
0.786871 -0.625650 -0.056216 -0.489508 0.165106 0.009821 0.467433 0.587918 -0.147667 -0.043099 0.367777 -0.143619 0.154395 0.217903 -0.308668 0.424869 0.401976 0.005771 0.046805 -0.737511 0.244483 0.177287 -0.205132 0.430836 0.294304 -0.540661 0.192126 -0.382437 0.406482 -0.547965 
0.688162 -0.605781 0.004207 -0.725876 0.357702 -0.057228 0.223200 0.324601 0.170001 0.318398 0.053838 -0.135749 0.239060 0.032664 -0.403450 0.561682 0.168611 0.030830 0.207531 -0.677990 0.030647 -0.192709 -0.064010 0.422331 0.215146 -0.732232 0.438925 -0.254964 0.433842 -0.393361 
0.634731 -0.625325 0.030873 -0.589901 0.502534 -0.031116 0.156919 0.428053 0.192589 0.358792 0.280738 0.009709 0.073172 0.498623 -0.357283 0.523360 0.171011 -0.007867 0.205622 -0.602114 -0.027442 0.061065 0.174295 0.482380 0.127366 -0.643886 0.501773 -0.134887 0.606218 -0.278210 
0.578301 -0.396100 0.141210 -0.893543 0.502304 -0.203279 0.137834 0.348059 0.196755 0.210244 -0.002001 0.292240 0.317875 0.416809 -0.556053 0.360861 0.136876 -0.089584 0.158997 -0.522829 0.144250 0.119785 0.176413 0.290126 0.046263 -0.344640 0.142016 -0.165708 0.687603 -0.140884 
0.563228 -0.325967 0.175358 -0.864320 0.199211 -0.137872 -0.012295 0.445189 0.084118 0.050388 0.053093 0.204580 0.499005 0.483071 -0.576613 0.376859 0.200888 0.182447 0.275612 -0.507959 0.023845 0.000016 0.171101 -0.052711 -0.069912 -0.188103 0.035270 -0.274018 0.747422 -0.448459 
0.375741 -0.167562 0.193890 -0.997575 0.259600 -0.187858 -0.071317 0.495849 0.110938 0.170883 0.136755 0.421405 0.390539 0.178981 -0.215436 0.474292 -0.112289 0.134497 0.161812 -0.494102 -0.181233 -0.050461 0.274829 -0.070530 -0.072496 -0.370062 -0.028386 -0.185244 0.701274 -0.465159 
0.470244 -0.395598 0.065807 -0.645644 0.257021 -0.194344 -0.155044 0.101329 0.106463 0.088132 0.188498 0.125418 0.281057 0.224856 -0.482938 0.545103 0.052971 0.125230 -0.171403 -0.357584 -0.045324 -0.133409 -0.046119 0.199393 -0.156979 -0.110402 0.239921 -0.083983 0.455766 -0.365988 
0.378916 -0.453324 0.202793 -0.800397 0.027784 -0.424207 -0.069444 0.136943 0.014790 0.105921 0.300181 0.227495 0.583692 0.146163 -0.338715 0.575867 -0.122840 -0.048447 0.092050 -0.119633 0.311808 0.178660 -0.030949 0.410211 0.086154 -0.226611 0.175686 -0.258534 0.375720 -0.426803 
0.144299 -0.336703 0.089311 -0.519859 0.153552 -0.372303 0.111667 0.103219 -0.036379 0.205625 0.250632 0.185593 0.359200 0.007934 -0.361142 0.252644 0.139810 0.212265 -0.028012 -0.184861 0.340777 0.107656 -0.077232 0.247496 0.283401 -0.226640 -0.007845 -0.068155 0.377016 -0.512867 
0.117155 -0.200694 0.216235 -0.787068 0.377703 -0.234349 -0.105319 0.310088 0.048441 0.174862 0.452315 0.007352 0.129934 -0.114246 0.034203 0.222474 0.292150 -0.006360 -0.166076 -0.270716 0.285203 0.075604 0.071446 0.568371 0.268599 -0.200954 0.065128 -0.112217 0.527504 -0.281644 
0.152052 -0.038962 0.054108 -0.548122 0.325438 -0.378827 -0.134841 0.334547 0.099779 0.071138 0.364377 0.143877 0.352285 -0.023383 0.101510 0.392879 0.233704 0.080301 -0.080815 -0.505297 0.233866 -0.033604 -0.002343 0.559509 0.146984 -0.079033 0.034087 -0.155815 0.284992 -0.248684 
0.168879 -0.149193 0.187700 -0.464533 0.056361 -0.036684 -0.097677 0.332328 0.070633 -0.114441 0.453093 0.167534 0.418152 0.212688 0.273753 0.397146 0.378508 0.028032 0.150042 -0.388753 0.280667 -0.190607 0.030030 0.592841 -0.203512 -0.365996 0.235201 -0.105473 0.191762 -0.097536 
0.142541 -0.333163 0.451995 -0.527037 0.013468 -0.037897 -0.005873 0.219817 -0.034015 -0.156027 0.468092 0.008258 0.278719 -0.090493 0.217662 0.413273 0.271375 -0.182514 0.166527 -0.150345 0.299189 -0.060230 -0.016365 0.410592 -0.266547 -0.148882 0.339757 -0.209714 0.369538 -0.252587 
0.002765 -0.292691 0.223822 -0.426132 0.255515 -0.123084 0.062329 0.208064 0.083613 0.053196 0.171156 -0.011330 0.235465 0.001829 -0.062841 0.429554 0.282037 0.067131 0.161169 0.124020 0.320235 -0.147800 0.008590 0.377195 -0.125730 -0.324940 0.216741 -0.260826 0.255212 -0.117054 
-0.065693 -0.301328 0.291678 -0.150165 0.414641 -0.195816 -0.070036 0.182635 0.167023 0.095341 0.287961 0.144582 0.442912 -0.051331 -0.172548 0.029101 0.175655 -0.135874 0.221058 0.065096 0.192869 -0.241152 -0.069332 0.129845 0.125541 -0.102210 0.195585 0.283712 0.136493 -0.271141 
-0.200534 -0.366587 0.084986 -0.227465 0.230195 -0.052261 -0.012534 0.303910 0.031145 -0.014873 0.294854 0.141554 0.388373 -0.068800 -0.319570 0.055268 0.194357 -0.069729 -0.142793 0.280722 0.280637 -0.206067 -0.000875 0.234099 0.126478 -0.107991 0.353446 0.034533 -0.143541 0.012739 
-0.252881 -0.094337 0.484843 -0.260051 0.127514 -0.029689 -0.117071 0.208057 0.004163 0.114066 0.180598 0.329332 0.348612 -0.112110 -0.265932 -0.214639 0.161803 -0.132267 0.136486 0.301351 0.258227 -0.083638 -0.000510 0.273443 0.219544 0.080606 0.483450 0.302056 0.099241 -0.115151 
-0.359136 0.108493 0.287681 -0.281778 0.423846 -0.152757 -0.185040 -0.171309 -0.092423 -0.010721 0.126377 0.439038 0.341426 -0.105447 -0.498551 -0.006551 0.099458 -0.101883 0.018106 0.343809 0.144618 -0.023783 -0.145470 0.275243 0.148539 -0.324803 0.365039 0.406221 0.030220 -0.244775 
-0.333115 0.296378 -0.023657 -0.021352 0.080419 -0.133931 -0.351446 0.150645 -0.188330 -0.084139 0.372320 0.351093 0.232672 -0.253952 -0.546483 -0.057388 0.056537 -0.302069 0.055257 0.190163 0.266949 0.103720 -0.108276 0.248027 0.135971 -0.249810 0.595958 0.338950 -0.001660 -0.079273 
-0.427607 0.673615 -0.037170 -0.012315 0.198429 -0.174361 -0.305423 -0.016886 0.008234 -0.099543 0.422991 0.454379 0.338691 -0.229899 -0.584687 -0.042691 0.000013 -0.160838 -0.011949 0.216053 0.162937 0.191798 -0.175537 0.184980 0.199221 -0.387071 0.483273 0.308837 0.029497 0.035788 
-0.463276 0.510114 -0.127771 0.134300 0.236859 -0.188454 -0.277158 0.073623 -0.053948 -0.141949 0.239435 0.110715 0.332738 -0.334481 -0.576265 0.150740 -0.150894 -0.385310 0.228113 0.390666 -0.010979 0.006008 -0.096794 0.185659 -0.134108 -0.133336 0.364912 0.054124 0.102197 0.165992 
-0.268694 0.663838 0.041656 -0.040869 0.002142 -0.248671 -0.256984 -0.056640 -0.132490 0.060326 0.059214 0.102494 0.161207 -0.448935 -0.380800 0.074177 -0.183449 -0.229035 0.239662 0.496020 -0.047777 -0.045456 -0.037526 0.024065 -0.164151 -0.454785 0.515611 0.193263 0.205106 0.169552 
-0.302450 0.626412 0.205068 0.016371 -0.134724 -0.026198 -0.113731 -0.335602 -0.072431 0.389705 0.084080 -0.038417 0.311690 -0.309487 -0.320776 0.107140 0.089247 -0.454752 -0.126076 0.632822 -0.040106 -0.168987 -0.017336 -0.026742 -0.267697 -0.345085 0.718164 0.164735 0.084489 0.275493 
-0.366010 0.768753 0.138429 -0.120690 -0.122411 -0.187415 -0.075563 -0.189476 -0.165213 0.222851 -0.001515 0.200473 0.271957 -0.207063 -0.086914 0.387187 0.184361 -0.621638 -0.345865 0.261011 0.052023 -0.074458 -0.114062 -0.040694 -0.399737 -0.023466 0.392502 0.226900 -0.047193 0.252218 
-0.602133 0.616206 -0.014790 -0.046637 -0.182963 -0.313213 -0.146504 -0.306804 -0.083625 0.231757 0.136472 0.135101 0.298013 -0.342344 -0.273103 0.466643 0.173373 -0.762170 -0.093091 0.131053 0.054262 -0.190916 0.014755 -0.044114 0.070553 0.188449 0.474104 0.219298 -0.027417 0.079662 
-0.428018 0.598304 -0.084691 0.003098 0.192785 -0.333350 -0.249827 -0.130022 0.121414 0.315715 -0.006940 0.301041 -0.038645 -0.482022 -0.310927 0.349758 0.150574 -0.502159 0.047066 0.219880 0.265877 -0.146079 -0.023760 -0.222050 0.264004 -0.043018 0.533553 0.412334 0.090159 -0.033855 
-0.210300 0.400252 -0.101306 -0.030869 0.359027 -0.365804 -0.426122 -0.047638 0.024761 0.087713 -0.010556 0.062663 0.075370 -0.582461 -0.143162 0.417810 0.339757 -0.191437 0.009045 0.167424 -0.089692 -0.054188 -0.119363 -0.045736 0.169486 0.334244 0.233294 0.072846 0.010529 -0.082491 
-0.365478 0.503561 -0.086336 -0.065878 0.336748 -0.693795 0.078964 -0.314100 -0.074798 0.216014 0.035632 0.218980 0.164255 -0.591193 -0.048422 0.256910 0.030661 -0.380965 0.029727 0.485741 -0.004433 -0.117128 -0.310641 0.047259 0.353953 0.012465 0.067573 0.595200 -0.015652 0.061185 
-0.341302 0.651091 0.019980 -0.212719 0.211947 -0.637963 0.072411 -0.153519 0.017106 -0.030696 -0.197522 0.370725 -0.166766 -0.699210 0.095130 0.384204 0.173141 -0.276070 -0.167977 0.545044 -0.132650 0.048074 -0.047508 0.078291 0.212441 -0.009057 -0.108912 0.387803 0.086511 -0.108705 
-0.553870 0.711523 -0.090991 0.029207 -0.184455 -0.365382 0.257794 -0.259965 0.051958 -0.174447 -0.092004 0.213605 -0.150110 -0.575967 0.302320 0.246415 0.112330 -0.304774 0.110293 0.564558 0.119666 -0.044686 -0.102538 -0.098745 0.140698 0.242817 0.064314 0.574383 -0.063629 0.007729 
-0.457682 0.567986 0.003184 -0.153636 0.099776 -0.537191 0.111401 0.113718 -0.010677 -0.039146 -0.144775 0.338555 -0.105108 -0.374161 0.571802 0.448753 0.121112 -0.307506 0.141994 0.651214 -0.015497 0.035060 -0.002882 0.184290 0.096179 -0.067298 -0.061126 0.462635 0.078048 0.191107 
-0.573033 0.809872 -0.022023 -0.207864 0.050802 -0.575535 -0.000913 0.055118 -0.054245 -0.116517 -0.184039 0.320521 0.154628 -0.567585 0.702533 0.265866 0.426919 -0.438596 0.286401 0.559821 -0.076873 -0.091658 0.086229 -0.166429 0.104840 0.123835 -0.111516 0.287764 -0.037658 0.068300 
-0.722584 0.915649 -0.051109 -0.117137 0.041872 -0.542304 -0.230222 0.114380 0.135836 -0.251368 -0.192295 0.026677 -0.084518 -0.481735 0.609420 0.189983 0.273572 -0.556395 -0.033246 0.350602 0.004798 -0.255650 0.168644 -0.173403 0.192110 0.171361 -0.344104 0.269800 0.144191 0.134826 
-0.797201 0.697195 -0.263743 -0.129276 0.259865 -0.809215 -0.006793 0.459959 0.021752 0.002952 -0.319676 0.016127 -0.336948 -0.317150 0.652791 -0.106010 0.459840 -0.344842 0.123252 0.172705 0.032172 -0.045443 -0.023215 -0.215969 0.378616 0.431992 -0.434573 0.016914 0.164275 0.247261 
-0.579187 0.832698 -0.205259 -0.077555 0.170935 -0.572814 -0.224424 0.617589 0.174354 -0.209237 -0.309095 0.224686 -0.231900 -0.296064 0.439008 -0.116239 0.336398 -0.392029 -0.081685 0.312716 0.008871 -0.052194 -0.078766 -0.256184 0.489650 0.273850 -0.343432 0.108961 0.345850 0.281403 
-0.516341 0.722345 -0.090460 -0.001525 0.049020 -0.675491 0.026013 0.451104 0.205559 -0.253998 -0.310597 0.253294 -0.341616 -0.118535 0.590844 -0.073965 0.232845 -0.388854 -0.092625 0.242511 -0.239821 0.101470 -0.018976 -0.315224 0.766771 0.242029 -0.450389 0.317665 0.425583 0.448423 
-0.575106 0.666444 0.176521 0.226142 0.246879 -0.811481 -0.095083 0.470849 -0.020421 -0.262717 -0.425023 0.335170 -0.100714 -0.158289 0.328090 0.075753 0.234084 -0.473722 0.152916 0.030365 -0.333382 0.130957 -0.098672 -0.336832 0.713883 0.426813 -0.174317 0.638838 0.419693 0.373164 
-0.323610 0.302107 0.262698 0.367272 0.080161 -0.843714 -0.086859 0.081873 0.104801 -0.134497 -0.242912 0.339682 -0.218434 -0.096914 0.326689 0.024816 0.101886 -0.512320 0.018257 0.204033 -0.125507 0.263522 -0.050352 -0.158703 0.685158 0.172519 -0.309054 0.600277 0.621664 0.129209 
-0.180687 0.141658 0.368193 0.376339 0.233687 -0.773484 -0.021064 0.285298 -0.063027 -0.140929 -0.313580 0.166629 -0.358396 -0.191894 0.258894 -0.238390 0.254595 -0.201878 0.219224 0.348156 -0.082669 0.589509 -0.333074 -0.127405 0.263357 0.183960 -0.249809 0.295773 0.424323 0.145005 
-0.028549 0.147599 0.316337 0.465500 0.102841 -0.548862 0.000135 0.032949 0.112494 -0.391602 -0.523728 0.151123 -0.572852 -0.306250 0.545352 -0.383739 0.449669 -0.250914 -0.051806 0.337497 -0.096758 0.452939 -0.190819 -0.244253 0.012387 0.292456 -0.529540 -0.023979 0.108431 0.270023 
-0.096322 0.180307 -0.050706 0.437204 0.175100 -0.216307 0.229418 0.199000 -0.042533 -0.164228 -0.381996 -0.203809 -0.463749 0.016668 0.367537 -0.281383 0.479855 -0.485113 0.052397 0.276187 -0.014241 0.322382 -0.572404 -0.081768 -0.273618 0.541689 -0.650437 0.055262 0.115372 0.168428 
-0.350617 0.001749 0.320325 0.674824 -0.009410 -0.035927 0.031399 0.135087 0.195499 -0.295411 -0.113403 0.124680 -0.794594 0.088024 0.625554 -0.387536 0.332307 -0.299417 -0.100950 0.210302 -0.249736 0.515531 -0.379240 -0.173339 0.037759 0.440958 -0.586254 0.045707 0.007349 0.096268 
-0.251760 -0.014882 0.672823 0.823448 -0.042981 0.282894 0.035912 0.044221 -0.254251 -0.488571 -0.262649 0.155961 -0.841321 -0.000401 0.588380 -0.373500 0.458320 -0.334123 -0.050982 0.162298 -0.352880 0.198885 -0.187083 -0.267468 0.195519 0.429922 -0.424799 0.231713 -0.118675 0.218886 
-0.316741 -0.180418 0.876124 1.015096 -0.128163 0.047394 0.260950 0.008533 -0.202046 -0.358035 0.066561 0.085716 -0.915166 0.375790 0.366376 -0.238581 0.412206 -0.514544 0.258508 0.225492 -0.307750 0.414222 0.001389 -0.478531 0.650896 0.280783 -0.196803 0.365061 0.132655 0.216072 
-0.342379 -0.615874 1.027821 0.978054 0.037857 0.184925 0.067291 0.047332 0.033145 0.129252 0.010143 0.011204 -1.290893 0.545469 0.446481 -0.241248 0.366892 -0.276982 0.247299 0.124265 -0.210329 0.130311 0.019084 -0.131199 0.735520 0.376898 -0.287247 0.555631 0.311795 0.143072 
-0.103850 -1.030019 1.317933 0.688722 0.008152 0.306666 0.239256 -0.199691 0.210210 0.213465 0.344304 -0.327425 -1.269712 0.476943 0.694246 -0.682604 0.458307 -0.321409 0.278875 0.373259 -0.302469 0.254296 0.062208 -0.069108 0.679852 0.301496 -0.530410 0.190207 0.427989 0.317085 
-0.080327 -1.280185 1.262095 0.572055 -0.147480 0.478309 0.233197 -0.244930 0.019451 0.635183 0.641207 -0.565615 -1.604472 0.766309 1.042386 -0.694497 0.777409 -0.167725 -0.283926 0.060460 0.020587 0.531944 0.162411 -0.025352 0.493139 0.296656 -0.628995 -0.136891 0.729879 0.453624 
-0.050440 -1.560522 0.922245 0.316620 -0.394128 0.733779 0.171660 0.235456 -0.067834 0.799395 0.731888 -0.942050 -1.468351 0.733331 1.238988 -0.586088 1.293042 -0.055129 -0.452809 0.278295 -0.007232 0.648274 -0.093831 0.197073 0.444634 0.533707 -0.740985 -0.022130 0.776402 0.361436 
