-0.104198 0.156498 -1.035243 1.870288 0.624281 0.663570 1.075479 -0.560940 0.532566 -0.604283 -1.282643 -0.596739 -1.160225 -0.001614 0.148367 0.537633 
-0.566745 0.440499 0.109907 2.254559 0.652377 0.329215 0.185861 0.501947 -0.792352 -1.033582 -0.398545 -0.683450 -4.708238 -0.184722 -2.148471 -5.652635 
0.179096 -1.195177 0.123778 -0.197954 -1.319128 0.589809 0.666632 -0.040022 0.138182 0.436206 -0.542258 -0.225849 0.804582 -0.292904 -0.980365 -2.817074 
0.034587 0.775685 0.565009 0.114147 -1.038908 0.285115 1.440099 0.358070 -1.420578 -0.899128 0.024097 -2.344288 -1.827475 0.276413 0.681493 -3.617971 
-0.116488 0.112464 0.737301 -0.068980 -2.240180 -1.950589 -0.670630 0.588054 -1.969511 -0.130765 1.543765 0.228510 -1.561726 -0.577657 0.617509 -0.173260 
-0.310286 -0.752085 0.850232 -1.154575 0.138911 0.079924 -3.182988 0.437919 -1.055887 0.327589 -0.952681 0.448825 -0.061346 -0.701264 0.425142 0.570296 
0.607149 0.032272 -0.409935 -2.175293 -1.053821 -0.635624 0.616873 0.859869 -1.151976 -0.743752 -0.178608 -0.320113 -0.767840 -0.145546 -0.288413 0.399420 
-1.340407 0.220902 -0.640082 0.339324 1.567701 0.619552 -0.033617 -1.380120 -2.429880 -2.135984 0.398447 -10.197396 1.834216 0.193304 -0.450073 -3.163216 
0.172989 0.268408 -0.079960 -1.176291 0.128078 -4.465935 -5.408553 0.019147 0.941457 0.360416 -0.621031 0.288821 0.105114 -2.598927 -1.269147 0.053170 
0.429123 -0.038545 -0.334058 -2.513932 -3.652887 0.511127 0.771007 -0.282032 -1.288884 0.474280 -0.194614 0.946307 0.608979 0.493520 -0.581708 -2.004661 
-0.918600 0.597414 0.691843 0.235623 -0.309207 0.797667 0.299373 -0.519986 -0.588774 -1.312861 0.926000 -0.095075 -1.939000 0.742799 -0.973328 -0.423378 
-0.076948 -0.580446 0.452852 -1.010791 0.516567 0.528618 0.923389 0.233323 -0.149220 -2.512915 1.095152 -0.146238 0.452576 0.292659 -0.752092 -0.774800 
0.572468 -0.058090 0.673285 -2.822377 0.081529 0.933912 -1.265698 0.587426 0.132165 -1.181759 -0.852815 -1.692052 -0.093313 0.719382 -1.544820 0.078942 
1.067966 -1.031491 0.142256 -0.602357 0.354217 0.601409 -0.332283 -0.761590 -0.223442 -0.591795 0.837876 0.669661 -0.686150 0.466430 -0.927779 -0.463970 
0.046732 -0.869255 -0.132814 -1.124858 2.277364 1.105600 -1.050571 -0.368345 1.061216 1.594774 0.294606 -2.536791 -1.047390 -0.346574 -0.074373 -4.484518 
0.599141 -1.300375 -0.217692 -0.365847 0.649069 0.720447 0.062041 -0.988612 -0.072923 1.521549 -0.915866 -2.080961 -0.775806 -0.196690 -0.368108 -0.671965 
-1.270271 -0.433134 0.114615 0.804190 -0.416106 0.214731 -0.033444 0.035923 -0.856435 1.300286 -0.510243 -2.107604 -1.324884 0.765580 -0.283279 -1.668632 
-1.180210 0.535140 0.635650 -0.024728 0.038576 -0.569093 0.726688 0.116416 -1.185806 -0.170661 0.491691 -1.653513 -1.022677 0.315788 0.468464 -0.905446 
0.061771 0.266291 -0.201289 -0.160546 0.211204 -4.515969 -0.858936 -0.263835 0.242607 -0.354560 -0.261827 0.349331 0.650976 -1.659666 -0.160419 -0.015992 
0.903600 0.022308 -0.173039 -1.168745 0.527315 0.301496 0.924654 -0.642441 -0.709664 -0.460053 0.499300 -4.067376 -0.569308 0.614108 -0.345003 -0.607283 
-0.423782 0.436582 0.456318 -0.452333 -0.232383 -0.057002 -0.524135 0.674044 -1.476439 0.948266 0.514966 -1.173141 -3.706014 0.203191 -0.679818 -0.571967 
0.014360 0.451620 0.431217 -1.359766 -5.061947 0.802969 0.712862 -0.096087 -0.677842 -0.510773 0.289537 0.456351 -0.143444 0.240485 -0.597153 -1.907564 
0.233219 0.066634 0.214861 0.340590 -0.801825 -0.292557 -0.419733 -0.221614 -0.151683 0.293179 -1.760895 0.263345 0.269756 -0.503704 -2.358797 0.153815 
-0.817891 0.260569 -0.631719 1.026385 1.779968 -1.253077 -0.227676 -0.551626 -3.624156 1.835155 -3.113877 0.251611 -1.825055 0.136272 -8.046803 -1.297194 
0.755248 0.539528 0.421877 0.599979 -5.859800 -1.877322 -0.844433 0.912239 -9.013920 -0.107790 -1.050923 2.674589 -1.877901 -0.820410 0.527399 -1.332585 
-0.286672 -0.885919 -0.243822 1.376397 -0.358631 -0.481210 -0.146072 0.167824 -0.439780 -0.486995 0.126306 0.407586 0.855094 1.046654 -0.257447 -0.850043 
0.960146 -0.349117 -0.443940 -1.870043 -0.949290 -0.504239 0.109216 0.117369 0.178878 0.120949 -0.696417 1.351747 0.646361 -1.045206 -6.263731 -2.825245 
0.665930 0.042709 0.400949 0.308844 -1.600899 -0.108260 -0.090001 0.458281 -1.899200 -1.911431 0.006366 -0.704845 -0.493190 0.251881 1.169951 0.938397 
0.358307 0.315744 -0.494773 -2.265933 -1.602838 0.673507 -0.670543 -0.073474 -0.064944 0.183624 -1.514078 -1.660563 -0.518443 0.011547 -0.623305 -2.170872 
-0.025519 0.161162 -0.869330 0.394068 -0.009791 0.785311 -0.549474 -0.588168 0.843527 1.291877 0.466509 0.302111 -1.210976 0.377388 0.306225 -0.557723 
