0.196314 -0.800942 -0.095174 0.552745 0.171219 0.616850 -0.516716 0.424020 -0.586445 -0.443969 -0.490373 0.134303 -2.133521 0.076177 0.287193 0.403505 
-0.173899 0.167675 -0.724541 0.045213 0.257772 0.421354 0.757708 -1.325011 0.288868 -1.451718 0.671697 0.280856 1.168783 0.876892 0.480801 -0.047351 
-1.625519 -0.506802 0.489261 -0.044987 -0.286825 -0.978522 -0.475844 0.244306 -1.619041 0.940052 -0.324545 -4.683985 -3.895498 0.806364 0.141889 -0.711829 
0.897574 -0.365475 -0.455680 -0.553286 -1.292531 -0.220433 0.189347 0.115585 0.001124 -1.342906 -0.806426 -0.299833 -0.683623 0.603065 -0.752147 0.460516 
-0.721514 -0.146201 0.364769 0.199630 -0.031252 -0.851709 -2.249721 0.643696 0.385604 0.373578 -1.715260 0.323319 0.700914 -1.460176 0.129206 -0.206820 
0.187801 -0.205390 0.227042 -0.505119 -2.331444 0.327902 -0.504530 0.001204 0.315314 0.004202 0.829279 -0.017471 0.579857 0.235057 0.748344 -1.457562 
-0.189304 -0.478737 -0.635980 0.250301 1.053805 -0.130087 -0.574299 -0.459825 -2.117164 1.373987 0.211129 -1.312292 -0.955410 0.111255 -4.900186 -4.428202 
0.415194 0.383791 -0.684819 0.015844 -0.321737 -0.590857 -0.469488 -0.295774 0.230301 0.159153 -0.884086 0.672052 0.843483 -0.831590 -1.862145 0.630284 
0.595030 -1.589207 0.256162 0.562536 0.632331 -0.299806 -0.863287 0.190765 -2.157129 0.591053 0.139235 -0.520373 -2.937715 0.269800 -0.176933 -3.179776 
0.160631 -0.402743 0.563570 -0.181754 -1.067383 0.441098 0.301178 0.103383 -0.364854 -0.589492 -0.911917 -0.310650 0.593877 -0.326391 -1.354360 -1.768172 
0.090561 -0.388159 -0.763838 0.361200 0.222022 -0.230621 -0.644703 0.625263 0.033633 -0.338246 -0.028953 0.808686 1.206604 0.508521 -1.778985 -1.963803 
0.188903 0.599592 -0.221810 1.018528 0.146918 -0.301692 0.666206 -1.152200 1.568138 -0.441415 -0.391143 -1.325066 0.318252 -0.736801 -0.259444 -0.905150 
0.459156 -0.545422 -0.215262 -1.178338 -1.826691 0.009747 0.099826 0.032754 0.312508 0.375992 -0.802485 -1.207192 -0.328141 -0.383695 0.349591 -2.461985 
-0.897723 0.550058 -0.201695 0.229939 0.882460 -0.202681 -0.283399 -0.482236 -0.901444 1.354074 -0.386298 0.375121 0.255821 -0.303366 -0.083002 -1.397967 
-0.209704 -0.955263 0.887608 1.173183 2.097109 0.236263 0.100057 0.167324 -1.041908 -1.180284 0.420612 -1.628746 -1.599140 0.579301 1.695937 -0.752489 
-0.846623 0.640505 0.419482 0.085618 -2.424863 1.015641 0.614526 0.083584 -2.773539 -1.248583 0.532511 0.671356 -1.810097 0.378969 -0.924156 -1.525013 
0.638377 0.179818 0.146049 0.053319 -2.368685 0.080062 1.554812 -0.161594 -2.194299 -1.584855 0.589649 -0.418168 -0.480476 0.096603 -0.314812 -0.832838 
-0.485375 0.191394 0.451152 0.787407 -1.431942 -0.103870 0.665374 0.674299 -0.792011 -1.561832 0.010587 -0.247064 0.274038 0.484661 -0.732943 0.280701 
0.373131 -1.073188 0.425858 -1.250685 -0.704567 -0.319008 1.001269 0.658109 -3.324051 -1.616004 0.971151 -0.430999 -0.570956 -0.504523 0.336163 -0.936415 
0.141551 -0.111505 0.246275 -0.365996 0.195857 -4.728946 -1.958056 0.061619 0.392538 0.471003 -0.163059 -0.142842 0.456940 -1.874823 -0.439287 0.461816 
0.317618 0.750383 0.401889 0.008797 -1.726346 -3.903084 -1.352814 0.604998 -7.372144 0.019828 -0.300473 1.650370 -3.108903 -1.162461 -0.026754 -0.291272 
-1.472228 0.517462 0.048655 0.368108 1.970814 0.057409 -0.224476 -0.679585 -3.013022 -1.400203 -0.015424 -2.785993 1.357718 0.332865 0.372050 -6.757070 
0.495702 -1.519841 0.132709 -0.164434 -1.000566 0.458978 0.435806 0.237998 -1.019031 0.895988 -0.427131 -2.610241 -1.228017 0.990437 0.043538 -2.134691 
0.482865 0.594069 -1.217096 1.646600 0.131673 -0.862711 -0.098476 0.021642 0.172024 0.168181 -0.388139 0.306870 -0.328433 -1.458535 -2.377315 -0.376353 
-0.433537 0.392204 0.049621 -2.043858 -0.150113 0.847008 -0.373861 -0.518912 0.934125 0.613457 0.007577 -1.389913 0.670923 -0.488176 0.601019 -4.384868 
0.191651 0.480616 0.164590 -2.319111 0.496237 -1.284334 -1.082900 0.054893 0.366817 0.194892 0.293539 0.247423 -0.020352 -0.250002 -0.077826 0.473979 
-0.048320 0.503502 0.556624 0.424326 -1.192316 0.061587 -0.836859 -0.094332 -0.918150 1.045103 -0.054799 1.241697 -0.501776 -1.810428 -0.951140 -0.771068 
0.248570 -1.170367 0.327637 -1.811797 -5.121840 0.358934 -0.630259 0.514118 -0.958152 -0.027517 -0.629618 0.274871 -1.124309 0.582691 -1.893877 -5.524429 
-0.206649 -0.579525 -0.561706 0.330768 1.277382 0.703161 -1.131625 -0.535143 -0.406402 1.017426 -0.251823 0.263281 -6.326766 0.461921 -0.199761 -4.766050 
0.176256 0.354625 -0.430039 0.483024 1.485602 0.780962 0.066236 -0.011292 -0.442516 -1.306037 -1.870470 -0.640825 0.062435 0.630107 0.711316 0.337235 
-0.074828 0.103340 0.630953 -2.274356 1.783331 0.194721 -0.120214 -0.209684 -0.450945 0.381876 0.917004 -1.658827 -3.207366 0.351140 -0.197944 -0.543675 
-0.117961 0.284983 0.805517 -0.014133 -1.202190 0.611964 0.815650 0.411702 -0.233893 -0.732948 0.287710 -0.472588 -2.389368 0.021685 -1.375620 0.212144 
