-0.316294 0.578239 0.294990 -0.786376 -1.453443 0.230185 0.380418 -0.099281 0.052774 -0.170975 0.585530 -0.099096 0.162115 -0.406021 -0.146663 0.175909 0.436028 0.522235 -0.319937 0.838936 0.438218 -0.579639 -0.064167 -0.224547 -0.417479 -0.650212 0.058976 1.205003 -0.476991 -0.059792 1.866842 -0.611435 0.584546 -1.144691 
-0.152030 0.640757 0.341618 -0.798107 -1.440455 0.561493 0.486649 0.082687 -0.418864 0.136233 0.392170 0.088659 0.271674 -0.431839 -0.151518 0.140983 0.799700 0.278998 -0.317423 0.914293 0.422060 -0.022644 -0.371441 -0.243457 -0.242427 -0.825257 -0.092472 0.436022 -0.344763 -0.254387 1.578134 -0.780166 0.413645 -0.780320 
-0.296039 0.399674 0.206231 -0.508008 -1.317373 0.580808 0.180973 0.409172 -0.219889 0.147298 0.016809 0.056984 0.037418 -0.481652 0.095131 0.031706 0.251273 0.275179 -0.630746 0.977402 0.271881 0.467067 -0.386757 -0.355527 -0.405045 -0.847072 -0.278104 0.010035 -0.293286 0.039484 1.579692 -0.645298 0.163954 -0.820567 
-0.063000 0.447056 0.048993 -0.257190 -1.336910 0.285238 0.093968 0.241611 -0.180371 0.085452 0.006558 0.042135 0.111733 -0.342142 0.292900 -0.226133 0.192786 0.216513 -0.527053 0.773512 0.166839 -0.017932 -0.548379 -0.182182 -0.113365 -0.804178 -0.422960 0.323130 -0.380825 0.161852 1.377560 -0.780925 0.253844 -0.290102 
0.115234 0.474457 0.017814 -0.150914 -1.392565 0.137881 -0.260977 0.060674 -0.257653 -0.127605 -0.082380 0.442193 -0.131642 -0.103387 0.324909 -0.021302 0.037769 0.399343 -0.416901 0.608844 0.029468 0.049065 -0.300067 0.137497 -0.205389 -0.770916 -0.513199 0.027136 0.009618 0.365062 1.477552 -0.763177 0.414237 -0.282311 
0.135580 0.258366 0.242655 -0.186585 -1.064096 0.114543 0.012455 0.075568 -0.124704 0.164115 -0.018796 0.220218 -0.090271 -0.116658 0.161826 0.078042 0.124783 0.288266 -0.217564 0.599496 0.167824 -0.078475 -0.166358 0.126480 0.336655 -0.706338 -0.173171 -0.003126 -0.055296 0.447736 1.487438 -0.490727 0.001867 -0.158546 
0.229322 0.152421 0.408162 -0.200874 -0.884392 0.267904 -0.021574 0.037209 0.095805 0.214382 -0.091019 0.048562 -0.217225 0.186543 -0.096182 -0.068526 -0.016426 0.255345 -0.061992 0.673423 0.391118 -0.018346 -0.378595 -0.043937 0.294005 -0.541692 -0.015852 0.346046 -0.229419 0.129897 1.113414 -0.504649 0.155219 -0.293618 
0.579782 0.063091 0.270555 -0.515291 -0.691263 0.560936 -0.038182 0.176660 -0.071640 0.096962 -0.013255 0.196310 0.081764 0.274195 -0.158953 -0.026656 0.009721 0.245868 0.027449 0.435102 0.416308 0.148636 -0.310628 -0.026262 0.189811 -0.587301 -0.035352 0.369208 0.052849 0.337061 0.953680 -0.619533 0.027641 -0.135442 
0.490736 -0.194480 0.324755 -0.614053 -0.861505 -0.007982 -0.173417 -0.104089 -0.054068 0.410231 0.026009 -0.018726 0.112923 0.107209 -0.316286 -0.197218 -0.169658 0.303352 -0.064326 0.514539 0.317280 0.185648 -0.296346 -0.060522 0.169549 -0.366386 -0.015544 0.310650 -0.049683 0.229742 0.793779 -0.411188 0.079107 -0.240202 
0.484286 0.068148 0.430104 -0.374475 -0.816053 0.241483 0.139796 -0.022300 0.003023 0.446290 0.114699 -0.012098 0.097514 0.435798 -0.116222 -0.268314 0.091894 0.111177 -0.102832 0.547492 0.498727 0.163078 -0.287486 0.034428 0.502079 -0.219714 0.082723 0.154835 -0.093418 0.106505 0.672477 -0.535046 0.136556 -0.038033 
0.383426 0.307633 0.279641 -0.078664 -0.972860 0.097927 0.020953 -0.302445 -0.320457 0.099464 -0.139413 -0.056140 0.186905 0.387446 -0.173360 -0.135909 -0.016941 0.116723 -0.079037 0.490147 0.390259 -0.161118 -0.172008 -0.183498 0.694977 -0.126554 -0.112229 -0.025822 0.266187 0.396187 0.619242 -0.608864 0.070158 0.007171 
0.135035 0.201321 0.526021 0.052565 -0.735839 0.094654 0.139268 -0.310661 -0.332230 -0.186341 -0.103074 -0.127986 -0.171578 0.298909 0.012560 -0.011166 -0.003680 0.229132 -0.010668 0.477707 0.186239 -0.090981 -0.177210 -0.114062 0.763665 -0.391676 0.129201 0.143244 0.175389 0.530253 0.774994 -0.228449 -0.058066 0.040923 
-0.001179 0.283421 0.309894 0.150264 -0.646008 0.275816 0.112148 -0.306638 -0.336776 0.090762 -0.039179 -0.145189 0.029151 0.720981 -0.064401 0.031363 0.028902 0.211538 0.215352 0.519419 0.283778 0.162107 -0.203367 -0.177794 0.697561 -0.251680 0.180302 -0.191539 0.023588 0.330004 0.392073 -0.424017 -0.159589 0.100369 
0.113514 0.233787 0.612468 0.262829 -0.487064 0.248479 0.214295 -0.087112 -0.271572 -0.076359 -0.179334 -0.218712 -0.077567 0.633719 -0.018056 0.075825 -0.033794 0.258416 0.220672 0.490764 -0.010918 0.150426 -0.299577 -0.277768 0.577977 -0.167929 0.225269 -0.013159 0.230432 0.330581 0.350396 -0.295537 0.193970 0.115987 
0.014863 0.366513 0.666539 0.290371 -0.240470 0.305976 0.113529 0.395139 -0.366145 -0.138733 -0.139336 -0.069363 0.055873 0.597522 0.214019 0.151597 -0.019419 0.294371 -0.008461 0.297284 -0.015665 0.096521 -0.062849 -0.539971 0.129327 -0.106087 0.122388 -0.278555 0.016480 0.359797 0.240503 -0.307008 -0.057408 0.220464 
0.052113 0.456633 0.539498 0.564731 -0.264150 0.201617 0.033857 0.044018 -0.160196 -0.050578 -0.458605 -0.391302 0.213248 0.428341 0.070609 0.349576 -0.065872 0.344035 -0.148933 0.198450 0.119655 0.030333 -0.053333 -0.511035 0.330998 0.110533 0.134542 0.053362 -0.325435 0.159858 0.373266 -0.318305 0.434232 0.284476 
0.268597 0.397129 0.757613 0.647514 -0.152243 0.211733 0.260289 0.214953 -0.371948 -0.160227 -0.260904 -0.238226 0.145253 0.632309 0.315350 0.461146 -0.066539 0.627176 0.042637 0.006776 0.122870 -0.033679 0.136420 -0.368607 0.104316 -0.052267 0.040962 0.149148 -0.551443 0.335996 0.145963 -0.309528 0.243005 0.344514 
0.063709 0.323455 0.706084 0.630264 -0.121414 0.325094 0.238234 0.104117 -0.500928 -0.052662 -0.560424 -0.190013 -0.032527 0.709141 0.140763 0.308971 -0.095406 0.396565 -0.056839 0.027249 -0.068147 -0.161980 0.153063 -0.325778 0.243628 -0.016742 0.078004 0.103637 -0.584467 0.043092 0.335096 -0.089516 0.272786 0.475327 
0.236924 0.305475 0.975968 0.582607 -0.214692 -0.188945 0.366434 -0.028328 -0.474562 -0.204673 -0.612857 -0.199380 -0.279691 0.544001 -0.102887 0.344894 -0.196160 0.285545 0.154922 -0.057764 -0.181800 -0.255692 0.062854 -0.454154 0.466398 -0.215448 0.189349 0.378112 -0.646535 -0.166228 0.352076 -0.070964 -0.071641 0.588067 
0.456048 0.235145 1.037763 0.504438 0.193303 -0.168002 0.514305 -0.031998 -0.185448 -0.471897 -0.785372 -0.286521 -0.142375 0.581042 -0.180140 0.330637 -0.374136 0.487192 0.112937 0.151599 -0.200527 0.234324 0.192456 -0.635485 0.408026 -0.297000 0.180792 -0.025178 -0.451216 -0.256354 0.438471 0.308291 -0.254567 0.602044 
0.226667 0.458374 0.904076 0.495182 0.331205 -0.040591 0.329627 0.099897 -0.256486 -0.421438 -0.825691 -0.527534 0.036499 0.702864 -0.293208 0.420161 -0.396229 -0.022022 -0.096168 -0.108894 -0.340262 0.132228 -0.236090 -0.749009 0.310560 -0.524104 -0.030901 -0.042383 -0.159549 -0.197718 0.308851 0.627816 -0.299571 0.375720 
0.126586 0.514202 0.783378 0.330364 0.419153 0.007713 0.190847 0.074905 -0.069539 -0.121366 -0.878591 -0.617021 -0.117953 0.337773 -0.084002 0.296946 -0.881556 0.169612 0.009636 0.050498 -0.325812 -0.131669 -0.179306 -0.628841 0.232000 -0.356791 -0.098277 -0.086684 -0.010371 -0.096262 0.560415 0.464374 -0.066942 0.491558 
0.109502 0.337946 0.397785 0.114340 0.477013 -0.053516 0.217769 -0.079009 0.023112 -0.054857 -1.009136 -0.398107 0.024995 0.322475 -0.334393 0.363729 -0.600657 0.059909 0.120156 -0.061005 -0.520615 -0.166301 -0.251319 -0.658002 0.312679 -0.291834 0.011215 -0.384667 0.109297 -0.033149 0.335508 0.494410 -0.132587 0.468473 
0.030821 0.060382 -0.126825 -0.043693 0.420161 -0.093440 0.364916 -0.258673 0.161500 0.113193 -0.935954 -0.439865 -0.254168 0.421727 -0.486308 0.376654 -0.576942 0.076239 0.112123 -0.243290 -0.333272 -0.071215 -0.117710 -0.713316 0.666411 -0.228249 -0.033478 -0.287761 -0.045734 0.037693 0.162527 0.590796 -0.278971 0.411146 
-0.202953 0.017193 0.156060 0.333799 0.339745 0.109482 0.478855 -0.231292 0.279612 0.287462 -0.936644 -0.457019 0.043665 0.447241 -0.432983 0.432975 -0.629792 -0.089459 0.077322 -0.268782 -0.389919 -0.024786 -0.240436 -0.591894 0.586831 -0.048525 -0.028876 -0.415110 -0.017680 -0.005255 0.025080 0.649222 -0.351472 0.179053 
-0.260643 0.211134 0.121812 0.104420 0.423096 0.277909 0.401676 -0.084449 0.373698 0.218345 -1.166672 -0.621976 -0.132104 0.045523 -0.127726 0.267596 -0.932455 0.130883 0.107445 -0.254247 -0.389975 0.189704 -0.069733 -0.241816 0.518431 -0.199396 0.110953 -0.439303 0.086307 0.067504 0.205097 0.339558 -0.244020 0.130289 
-0.193424 0.084996 0.115733 0.147211 0.399160 0.027372 0.480815 -0.282948 0.041356 0.223891 -1.213815 -0.601777 -0.003453 0.053218 -0.459917 0.291210 -0.759863 0.277147 0.107866 -0.325042 -0.275891 0.215373 0.029009 0.045385 0.347630 -0.016948 0.209074 -0.586698 0.244684 0.434626 0.267881 0.268113 -0.485533 0.145783 
-0.175429 0.027233 -0.242179 0.118112 0.594690 0.117974 0.243688 -0.429145 -0.103819 0.150761 -1.151667 -0.393493 0.044023 0.024334 -0.421685 0.044815 -0.457855 -0.127304 0.143740 -0.126728 -0.374208 0.144831 0.087613 0.138515 0.282352 -0.000468 0.205321 -0.446844 0.168108 0.696831 0.229231 0.182847 -0.349764 0.196614 
-0.161521 -0.035805 -0.191954 0.277682 0.937163 0.037217 0.083365 -0.555502 -0.052716 -0.056218 -1.108836 -0.147587 0.117606 0.299778 -0.591340 -0.179291 -0.571212 0.189056 -0.018472 -0.398464 -0.200853 0.215271 0.480643 0.150529 0.426361 -0.053492 0.192009 -0.457430 0.183874 0.300708 0.511786 0.355804 -0.407569 0.360584 
-0.286562 0.214102 -0.114372 0.442543 0.887000 0.166306 0.170611 -0.378968 0.009282 0.174989 -0.774468 -0.234423 -0.004369 0.166889 -0.444118 0.205998 -0.317838 -0.309014 -0.010921 -0.275364 0.022012 0.094315 -0.027579 0.021716 0.411262 -0.077490 0.206049 -0.527852 0.235964 0.328048 0.264196 0.041331 -0.196312 0.463292 
-0.526181 -0.134807 -0.550134 0.473353 0.965272 0.258249 0.172944 -0.243358 0.171432 -0.257732 -0.957856 -0.319565 0.153742 -0.260520 -0.248968 0.156930 -0.707974 -0.540596 0.080125 -0.334227 -0.140742 -0.082287 0.011392 -0.085995 0.351449 -0.260426 0.263676 -0.451365 0.236290 0.024046 0.109059 0.031621 -0.262149 0.196779 
-0.568541 -0.219637 -0.507629 0.361943 1.163337 0.066703 0.272373 -0.445449 0.061573 0.048721 -0.966830 0.011617 0.085937 0.120962 -0.300630 -0.021448 -0.645846 -0.451276 0.009950 -0.253898 0.077884 0.154721 -0.158459 -0.169986 -0.004982 -0.156935 -0.026679 -0.374658 0.255985 -0.185136 -0.101243 0.319151 -0.129952 0.140638 
-0.309059 -0.272436 -0.306193 0.156489 1.204474 0.009140 0.024396 -0.292244 0.276923 0.202482 -0.847709 -0.316951 0.209196 -0.078326 -0.198223 -0.106402 -0.472050 -0.477737 -0.195773 -0.493531 0.072836 0.025633 -0.033646 -0.132956 -0.106211 -0.352562 0.218818 -0.462794 0.441970 0.134770 -0.269697 0.248796 -0.360994 0.264233 
-0.165605 -0.286731 -0.632797 0.304329 1.052081 -0.039328 -0.010747 -0.510148 -0.069737 0.295689 -0.879475 0.148333 0.020410 -0.207722 -0.225342 0.062257 -0.231278 -0.572781 -0.104809 -0.526448 0.115923 0.367088 -0.342537 -0.213186 0.262152 -0.114004 0.408792 -0.667329 0.581592 0.140148 -0.175859 -0.011194 -0.338347 0.115839 
-0.056027 -0.379898 -0.481919 0.530968 0.959045 0.104811 -0.186087 -0.727505 0.183237 0.328579 -0.605396 0.262561 0.125355 -0.139768 -0.240805 0.161598 -0.239286 -0.498798 -0.310995 -0.619819 0.236935 0.056323 -0.266474 0.009652 0.387009 -0.206485 0.627766 -0.485156 0.386840 0.026595 -0.030534 -0.225638 -0.477055 0.106672 
-0.100715 -0.146982 -0.586177 0.711586 0.870320 -0.122191 -0.175592 -0.987809 -0.188105 -0.001084 -0.635834 0.022357 0.055668 -0.029480 -0.305723 0.019473 0.059847 -0.136755 -0.129432 -0.587878 0.596295 0.071366 -0.162689 -0.052139 0.737150 -0.307623 0.837115 -0.349790 0.386030 0.000114 -0.048599 0.076711 -0.440349 0.194918 
0.068561 0.105114 -0.871071 0.879694 0.986416 -0.011298 -0.386848 -0.875665 -0.117726 0.073916 -0.223502 0.057290 -0.119919 -0.079321 -0.361825 -0.092315 0.381640 -0.161463 0.046425 -0.573853 0.648719 -0.042191 -0.010682 -0.222027 0.941518 -0.218409 0.930345 -0.110046 0.714828 -0.165452 -0.214665 -0.093356 -0.416781 0.090970 
0.282228 0.223924 -0.768072 0.556299 1.252226 -0.267378 -0.193804 -0.888850 -0.054593 -0.368327 -0.475752 0.207015 0.145585 -0.013243 -0.465935 -0.174377 0.248076 0.026664 -0.023760 -0.479784 0.923854 0.115620 0.373899 -0.071874 0.947124 -0.051761 0.695241 -0.201253 0.428676 -0.056176 -0.414240 0.035374 -0.360008 0.050722 
0.419104 0.509479 -0.701831 0.745783 1.131486 -0.306654 -0.268189 -0.851942 -0.066466 -0.434315 -0.234590 0.446387 0.054089 0.160086 -0.232738 -0.590942 0.451989 0.352553 -0.141360 -0.384440 0.787736 0.148064 0.315034 -0.301516 0.923653 -0.013850 0.635096 -0.402262 0.652776 0.252993 -0.727390 -0.023861 -0.348656 -0.012423 
0.389741 0.156134 -0.817688 0.740705 1.323579 -0.619904 -0.217065 -0.988432 -0.057459 -0.893148 -0.354445 0.287243 0.103102 -0.121946 -0.130926 -0.655326 0.301681 0.275094 -0.242099 -0.384144 0.734018 -0.098402 0.322312 -0.103738 0.687661 -0.124328 0.435039 -0.715306 0.957292 0.273720 -0.601575 0.008410 -0.125080 0.100300 
0.469680 0.227926 -0.681548 0.697263 1.140695 -0.491334 0.085289 -0.726973 0.279952 -0.888418 -0.074534 0.303191 0.187927 -0.205615 -0.252417 -0.867324 0.415737 0.421117 -0.457499 -0.104052 0.823909 -0.343406 0.167068 -0.210800 0.500130 -0.297538 0.261494 -0.618795 0.568235 0.197012 -0.595348 0.203899 -0.105826 0.095923 
0.538900 0.072918 -0.356448 0.495891 1.242882 -0.782936 0.029997 -0.778918 -0.080156 -0.594887 0.224959 0.338932 0.080751 -0.190373 -0.508743 -0.988354 0.632182 0.263108 -0.275516 -0.280261 0.945886 -0.345266 0.163489 -0.122213 0.510524 -0.390292 0.028835 -0.732729 0.849507 0.164670 -0.893903 0.018804 -0.036912 -0.120630 
0.433581 0.016311 -0.565258 0.699791 0.968139 -0.395614 0.016738 -0.575246 -0.019049 -0.489501 0.156950 0.138300 -0.069024 -0.462810 -0.470634 -0.763827 0.748665 0.174014 -0.219727 -0.208914 0.931980 -0.509409 0.329712 -0.144139 0.510132 -0.392331 -0.097020 -0.574031 0.544235 -0.297677 -0.699306 0.101304 0.094359 -0.035597 
0.720046 -0.339007 -0.606342 0.498800 0.979904 -0.689165 -0.132529 -0.839437 0.224697 -0.426223 0.147180 -0.059185 -0.038799 -0.450973 -0.308247 -0.538847 0.704269 -0.189753 -0.126750 -0.259544 0.790983 -0.432379 0.224353 0.015804 0.550156 -0.222245 0.249080 -0.448025 0.383477 -0.224466 -0.691745 -0.194778 -0.052617 -0.056788 
0.662533 -0.323694 -0.666409 0.317500 0.913765 -0.773329 -0.285088 -0.660908 -0.053204 -0.133201 0.315234 0.112036 -0.079468 -0.594962 -0.133546 -0.395346 0.680902 -0.199292 -0.111748 -0.307286 0.529099 -0.390282 0.371108 -0.069490 0.529633 -0.189983 0.149928 -0.549138 0.239722 -0.413882 -0.538264 -0.141354 0.039663 -0.057794 
0.468902 -0.391005 -0.492524 0.459316 0.835803 -0.664112 -0.380837 -0.610570 0.210882 -0.275601 0.237673 0.281794 -0.078969 -0.381654 0.068553 -0.408300 0.804198 -0.020218 -0.022799 -0.217555 0.361233 -0.023415 0.265442 0.208573 0.330224 -0.506178 0.051306 -0.511026 0.315754 -0.310632 -0.541056 -0.021650 -0.269804 -0.134041 
0.450879 -0.270810 -0.188563 0.471526 0.589478 -0.745128 -0.524098 -0.630711 0.191278 -0.377868 0.320674 0.348360 -0.146594 -0.461424 0.064567 -0.220224 0.724408 0.066512 -0.183692 -0.186356 0.257507 0.051287 0.762149 0.372200 0.389936 -0.382336 0.164527 -0.773961 0.231238 -0.128999 -0.792951 0.026098 -0.273034 -0.204459 
0.293948 -0.367607 -0.036755 0.507105 0.372086 -0.898326 -0.634190 -0.491939 0.373104 -0.378716 0.406112 0.463313 0.155959 -0.412613 -0.041381 -0.402036 0.934926 0.026616 -0.151446 -0.047464 0.347495 -0.033707 0.664196 0.244684 0.064683 -0.248655 0.104242 -0.806556 0.030726 -0.242675 -0.500518 -0.108695 -0.286075 -0.128655 
0.102509 -0.259809 0.035818 0.018153 0.183471 -0.695774 -0.487626 -0.524657 0.254079 -0.180854 0.895740 0.422878 -0.141742 -0.575690 0.092756 -0.315580 1.011179 -0.040983 -0.094176 -0.239235 0.245041 0.222433 0.456292 0.243798 -0.125886 -0.203604 0.185864 -0.493440 0.193590 -0.663042 -0.535376 0.067520 -0.318687 0.136439 
0.244154 -0.318457 0.078004 -0.208494 0.206371 -0.668362 -0.604621 -0.123562 0.327124 -0.405417 0.651327 0.287384 0.093931 -0.727759 0.116110 -0.242856 0.561805 -0.350677 -0.185583 -0.089133 0.258422 0.221252 0.356375 0.448813 -0.335490 0.313262 0.103562 -0.571194 0.177569 -0.636258 -0.369748 0.036148 -0.012709 -0.061681 
0.070909 -0.204840 0.175227 -0.676174 0.130580 -0.497677 -0.522863 -0.245092 0.241027 -0.478651 0.880888 0.447643 0.057335 -0.903792 -0.162685 -0.110083 0.395122 -0.365982 -0.119080 -0.132926 0.148190 0.187202 0.126627 0.258833 -0.275114 0.308446 -0.012409 -0.325013 -0.192128 -0.665302 -0.719960 -0.066632 0.222265 -0.317374 
0.102444 -0.278974 0.396333 -0.633453 0.175311 -0.668103 -0.365855 -0.208719 0.206481 -0.323758 1.296164 0.566769 -0.045386 -1.072621 -0.264284 -0.007822 0.416512 -0.160204 -0.107707 -0.191920 0.074587 0.138629 0.152276 0.405102 -0.308121 0.666017 0.196261 -0.135371 -0.330492 -0.421759 -0.674941 -0.191963 0.584326 -0.129355 
0.196612 -0.251994 0.351306 -0.594125 -0.229932 -0.625982 -0.473279 -0.020862 0.121557 -0.214174 1.171247 0.323713 -0.257991 -1.028453 -0.234397 0.169964 0.559814 -0.037244 -0.123563 -0.414559 0.161778 -0.013320 0.218174 0.602671 -0.104498 1.080044 0.027084 0.082725 -0.455900 -0.560233 -0.714310 -0.220955 0.461630 0.033762 
0.186467 -0.239498 0.010600 -0.642619 -0.141159 -0.519010 -0.148042 0.082810 0.204212 -0.067613 1.149333 0.319481 -0.227260 -0.815526 -0.158919 0.041766 0.702092 0.017011 -0.233449 -0.410998 0.378716 0.075520 0.108787 0.395188 -0.156987 0.946502 -0.085959 0.376429 -0.613212 -0.355876 -0.910766 -0.268738 0.229096 0.107040 
0.173920 -0.477374 0.145535 -0.477988 -0.276214 -0.153289 0.002179 0.100527 -0.042062 -0.192915 1.077219 0.188460 -0.258106 -1.048982 -0.083659 0.114254 0.788826 -0.175682 -0.176460 -0.515733 0.267625 0.209525 -0.301335 0.280864 -0.305464 0.815583 0.049275 0.472089 -0.523266 -0.495987 -0.663664 -0.256278 0.140222 -0.157155 
0.296494 -0.280687 -0.019985 -0.759685 -0.316835 -0.082494 0.015773 0.067604 0.306516 -0.268272 1.195554 0.086095 -0.026154 -1.098891 -0.017362 0.130116 0.484214 -0.393960 -0.132693 -0.396089 0.246642 0.294067 -0.010639 0.457086 -0.033345 0.996096 0.210583 0.708552 -0.435348 -0.216799 -0.852484 -0.481168 0.348835 -0.036370 
0.369096 -0.197982 0.149246 -0.541902 0.078230 0.268432 0.173123 0.237653 0.158736 0.026384 0.842735 -0.078072 -0.068692 -0.824102 -0.148410 0.017963 0.430091 -0.346856 -0.189251 -0.192907 0.309257 0.147191 -0.273258 0.145565 0.078375 0.834674 0.069067 0.482591 -0.330998 -0.082533 -0.645313 -0.346136 0.168310 0.040369 
0.746699 -0.142998 0.058124 -0.118565 -0.261895 0.202406 0.313342 0.428495 -0.246862 0.272241 0.661293 0.105688 -0.194252 -0.673945 -0.053661 -0.023755 -0.206504 -0.467851 -0.299225 -0.172942 -0.022182 0.345302 -0.359548 0.261890 -0.249291 0.913890 0.236173 0.408473 0.018632 -0.154210 -0.712526 -0.512580 0.343359 -0.011812 
0.820889 -0.191999 -0.212854 0.409148 -0.313211 0.216190 0.422201 0.607591 -0.754316 0.593212 0.373374 0.077963 -0.424528 -0.785880 -0.102612 -0.134538 -0.237425 -0.517071 -0.496351 -0.262188 -0.214567 0.266256 -0.671692 -0.086257 -0.389845 0.997730 0.149104 -0.120227 0.254138 -0.460856 -0.798359 -0.505739 0.669923 0.072406 
0.807927 0.130660 -0.126687 0.817552 -0.158381 0.426179 0.331451 0.827731 -0.727552 0.949980 0.405949 -0.213453 -0.386207 -0.738216 -0.115527 -0.147610 -0.244559 -0.747298 -0.452706 -0.373094 -0.223273 0.064559 -0.274309 -0.096969 -0.559005 0.949356 0.148778 0.013997 0.087358 -0.277959 -0.659717 -0.362700 0.776140 -0.157344 
0.637039 0.086092 -0.152963 0.969508 -0.234487 0.501627 0.521449 0.267702 -0.219291 0.362121 0.524131 -0.161377 -0.328400 -0.670773 -0.243329 -0.258817 0.168408 -0.954410 -0.261150 -0.048778 -0.499298 0.109688 -0.380591 -0.097585 -0.275670 0.972982 0.176615 0.159668 0.050855 -0.095066 -0.753889 -0.357096 0.271076 0.211576 
0.597085 0.293566 -0.138153 0.798162 -0.029659 0.666215 0.545681 -0.085371 0.508178 0.098802 0.507459 0.030420 0.127185 -0.509218 -0.107123 -0.248543 0.307289 -0.811983 -0.598332 0.296125 -0.626695 0.149342 -0.472733 -0.019507 -0.653394 0.710903 0.134426 0.127009 -0.022819 0.190912 -0.532145 -0.376630 -0.231402 0.236818 
0.202408 0.341034 0.113172 0.815333 -0.205779 0.679249 0.653918 -0.142377 1.171301 0.104693 0.603977 0.022818 0.174128 -0.424398 -0.246728 -0.332194 0.406843 -0.647960 -0.571625 0.221534 -0.593122 0.342778 -0.289358 -0.124119 -0.745842 0.975684 0.002589 0.254761 0.085147 0.460555 -0.644900 -0.208989 -0.549233 0.264942 
0.092150 0.306347 -0.144317 0.607341 -0.201522 0.600557 0.651498 -0.309333 1.064229 0.086484 0.370142 -0.065465 0.495494 -0.562953 -0.238465 -0.257910 0.551780 -0.535746 -0.414573 0.392126 -0.630342 0.050911 -0.192514 -0.315523 -0.971626 0.687985 -0.048115 0.234186 0.104796 0.644671 -0.686632 -0.243658 -0.474435 0.003380 
-0.084901 0.497142 -0.007902 0.833200 -0.468147 0.294476 0.284901 -0.252516 0.905074 -0.003204 0.239940 0.042635 0.806366 -0.320319 -0.125772 -0.380694 0.281413 -0.410417 -0.318916 0.091721 -0.643303 -0.148746 -0.184859 -0.323231 -0.885489 0.846815 -0.211310 0.059782 0.167031 0.416252 -0.448218 -0.424679 -0.222063 -0.312716 
0.172846 0.423422 -0.161147 0.639881 -0.611509 0.004817 0.094386 0.066506 0.671021 0.212133 0.246324 -0.085572 0.714066 -0.162907 -0.248103 -0.527379 0.295383 -0.144709 0.518546 0.174448 -0.863903 -0.194460 -0.311198 -0.285444 -1.107757 0.919597 -0.269317 0.319030 0.207557 0.160996 -0.549814 -0.379768 -0.009626 -0.385410 
-0.127053 0.343169 -0.003319 0.605835 -0.489599 -0.073054 -0.221274 0.224965 0.441182 0.365093 0.168350 -0.199928 1.042753 -0.001644 -0.338428 -0.508507 0.424867 -0.062076 0.925597 0.202113 -0.974803 -0.300215 -0.573120 -0.545628 -1.094431 0.783241 -0.631854 0.141151 0.341778 0.137444 -0.676452 -0.459119 0.498984 -0.415087 
-0.067286 0.304307 0.160298 0.177212 -0.411838 -0.223957 -0.156164 0.638107 0.485721 0.175151 0.259788 0.021223 1.072557 -0.077248 -0.265965 -0.220193 0.393422 0.303445 0.975077 -0.024446 -1.049705 -0.253301 -0.525742 -0.484052 -0.887866 0.795590 -0.732567 0.257461 0.689159 0.167919 -0.656952 -0.653655 0.531880 -0.475100 
0.094215 0.442573 -0.022341 -0.046888 -0.541817 -0.575128 -0.419001 0.865064 0.170180 0.503727 0.391928 -0.310512 0.708217 0.223537 0.095636 -0.050931 0.458811 -0.092349 1.018232 -0.386247 -1.018496 -0.218509 -0.340484 -0.305354 -0.625711 0.846755 -1.072461 0.359398 0.796797 0.076831 -0.971498 -0.377365 0.857262 -0.710100 
0.205760 0.936902 0.118356 -0.219741 -0.667705 -1.028713 -0.384005 1.349729 0.012485 0.725759 0.292413 -0.303199 0.537142 0.607270 0.152927 0.192797 0.405943 -0.205690 0.731125 -0.655227 -0.969553 -0.059797 -0.418001 -0.061047 -0.591248 1.063818 -1.273638 0.135185 1.050583 -0.021725 -0.825303 -0.238047 0.861447 -0.655549 
0.287010 1.259822 0.277535 -0.471537 -0.668237 -1.077675 -0.486904 1.232695 -0.110921 0.918978 0.552728 0.040681 0.262738 0.543713 0.383648 0.214416 0.309250 -0.450920 0.759583 -1.104644 -1.011762 -0.145095 0.244434 0.301728 -0.283257 0.702676 -1.397783 -0.081430 0.993661 0.061537 -1.068043 0.004963 0.718114 -0.351646 
0.572614 1.471303 0.188423 -0.289063 -0.547077 -1.166147 -0.474493 0.836601 0.372380 0.782215 0.134331 0.337879 -0.174735 0.754841 0.738634 0.161327 0.246554 -0.764384 0.290975 -1.042145 -1.149080 -0.159377 0.746034 0.046221 -0.204326 0.467339 -1.938987 -0.253806 0.943634 -0.325056 -0.607791 0.208545 0.484268 -0.120061 
0.609777 1.509041 0.240368 -0.504172 -0.596354 -1.025936 -0.521266 1.033555 0.926610 0.810442 0.167314 0.645317 -0.144204 0.716470 1.002148 0.350392 0.353532 -1.173396 0.032348 -1.001756 -1.229398 -0.189252 1.185515 0.101199 0.067670 0.271077 -2.106175 -0.386768 0.596275 -0.460941 -0.676502 0.204375 0.621521 0.047976 
0.675987 1.620573 0.168459 -0.382896 -0.209628 -0.358667 -0.414243 0.841643 1.394086 0.647618 0.030775 0.752459 -0.013365 0.684691 0.855985 0.268118 -0.030218 -1.512552 0.146666 -0.758587 -1.097855 0.181113 1.347192 -0.041810 -0.045934 -0.240506 -1.971145 -0.477932 0.448642 -0.559630 -0.075277 0.075666 0.626658 -0.140276 
0.592125 1.386150 0.403677 -0.212943 0.125701 0.389809 0.057502 0.696878 1.794415 0.877877 0.225969 0.964220 -0.066725 0.685080 0.570478 0.369737 -0.291009 -1.670286 -0.282502 -0.253489 -0.733679 0.313703 0.868379 0.357599 0.098474 -0.712232 -1.968046 -0.247609 -0.134603 -0.528857 0.035626 0.115015 0.766342 -0.440262 
0.391610 1.015741 0.159983 -0.318529 0.213920 0.760729 0.251439 0.512941 1.572222 1.216171 0.347371 1.137472 -0.077348 0.231495 0.582222 0.508534 -0.696948 -1.323399 -0.125166 -0.025979 -0.689423 -0.009611 0.657336 0.165004 -0.177640 -0.928079 -1.422413 -0.016322 -0.531414 -0.282391 0.218687 -0.054907 0.363815 -0.645092 
0.429455 0.918004 0.421714 -0.123862 -0.021775 1.137169 0.574119 0.345906 1.398775 1.355479 0.305825 0.799082 0.054104 -0.313277 0.535641 0.541167 -1.171337 -0.696347 0.038574 0.189573 -0.567958 -0.053162 0.515773 0.416848 -0.213864 -1.084773 -1.101235 0.161739 -0.858187 -0.357761 -0.245303 0.114132 0.279898 -0.631189 
0.314540 0.568916 0.580769 -0.135106 -0.582802 1.125636 0.760715 0.084860 1.092707 1.273182 0.463669 0.088839 0.384439 -0.473313 0.268904 0.675510 -1.342605 -0.402189 -0.255346 0.366575 -0.150396 -0.129466 0.943984 0.471988 -0.195814 -0.697323 -0.330556 0.168699 -0.928553 -0.400682 -0.224306 0.004980 -0.157899 -0.666145 
0.047626 0.411430 0.296205 -0.157414 -0.602798 1.203483 0.230376 -0.459035 0.300973 1.346747 0.648136 -0.534554 0.565290 -0.727223 0.642561 0.927473 -1.875283 0.076513 -0.019010 0.143343 -0.515830 -0.571660 0.636797 0.249927 -0.195200 -0.478558 0.428654 0.145108 -1.127613 -0.525899 -0.102701 0.120055 -0.596123 -0.355897 
0.058767 0.530987 -0.304388 0.005384 -0.549184 1.138741 -0.485185 -0.742106 -0.765742 1.170604 0.625149 -1.224275 0.561327 -0.651197 0.369242 0.253103 -1.721722 -0.119034 -0.189293 0.228744 -0.720062 -0.494851 0.171146 0.096064 -0.320495 -0.108015 0.807767 -0.011154 -0.599428 -0.174046 -0.074073 0.016701 -0.857209 0.021004 
0.133236 0.209723 -0.443660 0.244429 -0.401349 0.824971 -0.427680 -0.591703 -1.459327 0.956164 0.388684 -1.635512 0.709274 -0.290487 0.418152 -0.195420 -1.320076 0.001118 -0.409141 -0.404775 -0.637015 -0.759338 -0.445684 0.427400 -0.336874 -0.275979 0.830122 0.078065 -0.130005 -0.023951 0.013962 0.170441 -0.671516 0.499573 
-0.206332 0.278853 -1.070605 -0.150080 0.095485 0.329040 -0.388585 -0.185846 -1.778697 0.657270 0.135630 -1.787189 0.770330 0.537775 -0.104369 -0.551109 -0.976121 0.262120 -0.189382 -0.335462 -0.136707 -0.876369 -0.389684 0.078060 -0.281767 -0.474932 0.560567 0.732909 0.009722 0.194188 -0.088735 0.187386 -0.044580 1.004619 
-0.491114 0.102727 -1.071027 -0.512271 0.282098 0.109390 0.054459 0.069591 -1.225999 -0.159196 -0.283558 -1.462285 1.084767 0.565279 -0.071742 -0.686490 -0.446635 0.650096 0.103185 0.005263 0.135216 -1.018309 -0.281111 -0.363265 -0.606461 -0.854953 0.574071 0.815302 -0.144184 -0.124933 -0.167102 0.212963 0.946143 0.526402 
-1.145299 -0.108305 -0.876012 -0.820698 0.649138 0.161936 0.647137 0.373979 -0.594078 -0.049551 -0.463802 -1.143373 0.893825 0.854364 -0.169459 -0.602863 -0.412693 0.694690 0.293728 0.124889 0.491792 -0.788224 -0.503015 -0.595304 -0.630886 -1.130157 0.623072 0.563932 -0.390113 -0.100227 -0.146204 0.031529 1.309144 0.277352 
-1.331766 -0.230104 -0.431782 -0.819145 0.661323 0.020489 0.632395 0.318591 -0.031917 -0.084705 -0.199526 -0.920789 0.494149 0.695747 -0.253364 -0.033760 -0.145859 0.797109 0.216453 0.378844 0.642893 -0.159953 -0.777793 -0.808300 -0.419829 -0.747101 0.374166 0.425859 -0.005529 0.229744 0.327605 0.104095 1.025616 -0.024946 
-1.226791 -0.451801 -0.319580 -0.623487 0.477924 0.191107 0.824930 0.248565 0.243651 -0.200874 -0.184454 -0.586917 -0.237127 0.248228 0.055362 -0.046125 0.038824 0.528200 -0.169597 0.559529 0.491517 0.461478 -0.551338 -0.411881 -0.641884 0.187208 0.130187 0.309493 0.055900 0.729947 0.170158 0.137134 0.599174 0.095879 
-0.700473 -0.334609 -0.051096 0.069177 0.037624 0.290393 0.657317 0.293928 -0.351741 0.290188 -0.182682 -0.159236 -0.686992 -0.360664 0.265474 0.179747 0.016576 0.101830 -0.037426 0.347766 0.029081 1.009394 0.150406 0.039843 -0.793818 0.947154 0.042427 0.073799 0.083121 0.532622 0.095158 0.261084 -0.155364 0.237824 
-0.105998 -0.289864 -0.086337 -0.018508 0.063250 0.502482 0.411312 0.616441 -0.922565 0.437881 0.080569 0.323810 -1.357164 -0.699127 0.073874 -0.004311 0.054675 -0.285353 0.452521 0.064253 -0.212399 1.060342 0.557647 0.470515 -0.665724 0.923694 -0.048638 0.298232 -0.132429 0.082083 0.339109 0.061898 0.042530 0.400451 
0.123760 -0.389424 0.010973 0.228354 0.104785 0.431199 -0.090328 0.661351 -0.603683 0.570109 0.002873 0.828720 -1.981221 -0.527492 -0.199005 0.353909 0.353686 -0.733884 1.197612 0.065092 -0.177808 1.442772 0.624996 0.267183 -0.620785 0.824819 -0.061120 -0.025826 -0.033473 -0.168512 0.449099 -0.287743 -0.055571 0.098219 
-0.211947 -0.474671 -0.152260 0.078245 -0.231016 0.283793 0.091519 0.357849 0.391345 -0.233869 -0.058610 0.745350 -2.430428 -0.212832 0.122378 0.513569 0.374455 -0.751856 1.192001 -0.000092 0.081065 1.474037 0.116831 -0.679031 -0.489155 0.592926 -0.322052 -0.439558 0.017546 -0.098748 0.126638 0.322849 -0.351075 0.045929 
-0.468478 -0.385321 0.066899 -0.124115 -0.097766 0.234585 -0.075129 -0.509341 1.062227 -0.723025 -0.130680 1.008492 -2.563012 0.439011 0.259210 0.391886 0.626913 -0.143465 0.495161 -0.118543 0.085042 1.723285 0.091232 -1.120480 -0.346394 -0.109609 -0.108973 -0.293212 0.021297 -0.177073 -0.048350 0.484409 -0.307418 -0.268983 
-0.538434 -0.264173 0.515546 -0.155239 0.085075 -0.240126 0.061012 -0.637653 0.200923 -0.822418 0.098433 0.944842 -2.246825 0.130347 0.410106 0.114747 0.767933 -0.008647 0.015361 -0.270007 -0.143519 1.245650 0.421718 -0.874911 -0.170877 -0.995983 0.363633 0.094447 -0.035779 -0.051792 -0.206383 0.633124 -0.554727 0.117134 
-0.204520 -0.056885 0.556907 0.280142 0.137140 -0.264189 -0.346322 -0.548942 -0.547196 -0.654048 0.332504 0.998397 -1.659525 -0.074179 0.794952 -0.201991 0.566211 0.242232 -0.315750 -0.360101 -0.361978 0.898284 0.944148 -0.345480 -0.082544 -0.935914 0.664288 0.510574 0.071942 -0.366049 -0.059132 0.843620 -0.190731 0.583594 
0.219687 0.197732 0.524878 0.366906 0.321432 -0.087988 -0.540407 -0.303571 -0.847091 -0.452772 0.525640 0.719950 -1.297809 -0.333596 1.055079 -0.663139 -0.041624 0.354567 -0.594298 -0.377507 -0.431601 0.468912 1.086567 -0.391313 -0.042441 -0.559198 0.859339 0.424590 0.022676 -0.237420 0.029946 0.657690 0.334107 0.596662 
0.493575 0.177757 0.409282 0.152942 0.309124 0.360711 -0.137870 0.302281 -0.391884 -0.332367 0.370912 0.258369 -0.449515 -0.057882 1.137688 -0.899440 0.530685 0.623085 -0.147803 -0.484706 -0.097964 0.657310 1.010162 -0.472997 -0.216281 0.299048 0.857173 0.570416 -0.063229 0.015578 0.147422 0.125537 0.307559 0.568143 
0.627244 -0.071153 0.331905 -0.346254 0.653012 0.580333 0.413797 0.413905 0.151481 0.336143 0.101330 0.008701 0.310742 0.102085 0.800607 -0.627110 0.613808 0.575328 0.149227 -0.296368 0.523246 0.779689 0.294665 -0.229286 -0.369608 0.789372 0.389283 0.601367 0.100989 0.599500 0.252573 -0.162778 -0.110957 0.414507 
0.705351 -0.199238 -0.245928 -0.863252 0.749445 -0.176382 0.897305 0.778136 0.077652 0.749793 -0.059058 -0.424764 0.798894 0.279612 0.753553 -0.137301 0.483002 0.204170 0.226779 -0.051780 0.569914 0.655480 0.099612 -0.085291 -0.433259 0.445712 -0.563522 0.152181 0.269533 0.479458 0.415758 -0.097352 -0.322784 0.165971 
-0.173533 -0.346159 -0.843617 -0.637346 -0.107654 -0.511370 0.939337 0.118325 0.117983 0.890570 -0.301597 -0.501934 0.786899 0.249063 0.666541 0.609013 -0.206031 -0.621188 0.655825 0.414109 0.487693 -0.270576 0.032444 -0.310055 -0.196999 -0.307208 -0.657244 -0.811423 -0.431662 0.025094 0.257890 0.479037 -0.320461 -0.261800 
-1.281166 -0.162048 -0.500284 -0.855694 -0.626985 -0.441044 0.784816 -0.226138 0.223687 0.557186 -0.447141 -0.224404 0.491896 0.601792 0.202528 1.018430 0.077018 -0.395958 1.009775 0.682035 1.101088 -1.073526 0.369554 -0.321548 0.356647 -0.153762 -0.555429 -0.762021 -0.933963 -0.446127 -0.332654 0.765184 -0.236247 -0.819343 
-1.615423 0.120898 -0.428086 -0.327065 -0.630008 -0.318791 -0.036686 -0.061167 -0.022644 0.015728 -0.363088 -0.236007 0.051563 0.241388 0.236553 0.994531 -0.152183 -0.697812 0.804420 0.897966 1.261035 -1.419936 0.594517 -0.526410 0.332986 -0.094945 -0.366714 -0.645326 -1.028947 -0.599074 -0.378308 0.449917 -0.070234 -0.833400 
-0.879398 0.658986 -1.145821 0.397635 -0.472750 0.133685 -0.118370 0.058949 -0.107543 -0.366092 -0.596092 0.004745 -0.111796 -0.104622 0.488651 0.715677 -0.567080 -0.684764 0.507942 0.739440 0.541776 -1.659389 0.394704 -0.593516 -0.202368 0.098296 0.069255 -0.453237 -0.312065 0.011021 -0.036394 0.083003 -0.231082 -0.686256 
-0.371850 0.622388 -1.178573 0.403717 0.133215 0.349883 0.006244 0.842948 -0.470665 -0.504402 -0.488693 0.287235 -0.102069 -0.080659 0.541710 0.159126 -0.673504 -0.606935 0.403710 0.561914 0.290050 -1.375014 0.391337 -0.813613 -0.217351 0.408953 -0.143080 0.195244 0.201497 0.108848 0.097431 -0.206389 -0.064373 -0.520245 
0.220198 0.499268 -1.056040 0.341384 0.477493 0.122010 -0.263787 0.950363 -1.269191 -0.940395 -0.126048 0.600940 -0.018982 -0.166197 0.506670 0.060639 -0.916407 -0.576304 0.287830 -0.129693 0.259313 -0.960435 0.079810 -0.871348 -0.455549 0.385302 0.438293 0.278434 0.308833 0.208036 -0.012659 -0.174517 -0.205631 -0.555984 
0.181593 0.167752 -0.861257 0.256100 0.473260 0.431630 -0.050198 1.159291 -1.484793 -0.737940 -0.049903 1.013703 -0.142586 -0.027365 0.140035 -0.247596 -0.558443 -0.200183 0.107720 -0.648719 0.207673 -0.611548 -0.025053 -1.100481 -0.300199 0.675618 0.773529 0.354256 0.742519 0.297253 0.085199 -0.379449 -0.545283 -0.746541 
-0.150957 0.381089 -0.452931 0.061438 0.283094 0.208677 -0.119696 0.870581 -1.466323 -0.679423 0.301582 0.931551 0.070570 -0.156032 0.141271 -0.283220 -0.609413 0.298452 -0.246144 -1.143403 0.190855 -0.286760 -0.302236 -0.748863 -0.362359 0.653920 0.946247 0.272242 0.836345 0.361184 0.186102 -0.099070 -0.880548 -0.491147 
-0.014411 0.081830 -0.340333 0.227945 -0.101978 -0.100377 -0.060949 0.548085 -1.258408 -0.646646 0.594952 1.071043 0.194618 -0.345623 0.118667 -0.087749 -0.628037 0.631674 -0.547370 -1.600004 0.204633 -0.143305 -0.382167 -0.642406 -0.513537 0.607688 0.965111 0.074273 0.810867 0.143979 0.233196 0.141930 -1.518237 -0.803428 
-0.091756 -0.076390 0.224523 -0.105723 -0.211034 0.051861 -0.180982 0.204669 -0.703064 -0.261922 0.515713 1.021280 0.233617 -0.379410 -0.200477 0.425249 -0.412550 0.681846 -0.513472 -1.383472 0.302143 0.085142 -0.350537 -0.442752 -0.401134 0.746013 0.995101 -0.092156 0.455736 -0.243565 0.396482 0.129381 -1.752103 -0.837918 
-0.432318 -0.000763 0.225019 -0.533541 -0.086947 -0.101683 -0.076496 0.304691 -0.108477 -0.401693 0.637054 0.579610 0.491543 -0.359765 -0.340883 0.852614 -0.316998 0.402199 -0.151207 -1.286888 0.281076 -0.063991 -0.002129 -0.387230 -0.499451 0.465801 1.208733 -0.232120 0.015707 -0.662729 0.568238 0.033263 -1.570709 -0.818115 
-0.703516 -0.169935 0.368203 -0.636222 0.227078 0.004856 -0.198075 0.206453 0.353166 -0.358273 0.288779 0.492011 0.450829 -0.303779 -0.223541 1.139298 -0.326238 0.259056 -0.238732 -1.120072 0.335241 -0.024918 0.013392 -0.184840 -0.234599 0.302771 0.988808 -0.332952 -0.544982 -0.899637 0.764114 0.026972 -1.332280 -1.015557 
-0.713706 -0.412865 0.355302 -0.755932 0.339722 0.078689 -0.364454 0.323076 0.888159 -0.511254 0.317076 0.185666 0.347800 -0.337955 -0.192921 1.293878 -0.438220 0.194176 0.051400 -0.762136 0.181645 0.394607 0.387688 -0.245843 -0.271543 0.148807 0.805056 -0.222654 -0.705529 -0.598001 0.439263 -0.281543 -0.759351 -1.046954 
-0.505050 -0.315679 0.328515 -0.888390 0.125084 0.410380 -0.267138 0.338300 0.927337 -0.548021 0.237621 0.025744 0.385765 -0.151357 -0.286262 1.270615 -0.592097 0.302332 0.053621 -0.695547 -0.087214 0.220941 0.409031 -0.049909 -0.444571 -0.045291 0.641959 -0.327745 -0.416379 -0.202555 0.458037 -0.355773 -0.574159 -1.338131 
-0.565179 -0.189857 0.237569 -0.918565 -0.000700 0.143960 -0.454673 0.658381 0.653535 -0.294353 0.125946 -0.085893 0.298134 -0.025098 -0.130544 1.275075 -0.352059 0.152729 0.131140 -0.628078 -0.326477 0.391329 0.299141 -0.029094 -0.632368 0.038203 0.657322 -0.127320 -0.520151 -0.118621 0.234825 -0.378753 -0.364465 -1.011711 
-0.368533 -0.161158 -0.054143 -0.744486 -0.131442 -0.098051 -0.351412 0.787177 0.314455 -0.298985 -0.088626 -0.115582 -0.099888 -0.024866 -0.207175 1.167036 -0.472840 0.015185 0.228098 -0.742458 -0.280817 0.141841 0.275654 0.321534 -0.474473 -0.175120 0.050837 -0.057847 -0.333635 0.204720 0.048368 -0.367158 0.003414 -0.501511 
-0.200291 0.016331 -0.193418 -0.581008 -0.295098 -0.378343 -0.482405 0.879607 0.098809 -0.471783 -0.203852 -0.280184 -0.112267 0.123179 -0.157819 0.975608 -0.139235 -0.192677 0.274987 -0.731361 -0.507252 0.113616 0.129258 -0.082385 -0.580958 -0.428476 -0.231714 0.007643 -0.200794 0.237123 -0.213701 -0.139874 0.030948 -0.368249 
-0.099281 -0.377802 -0.193478 -0.594773 0.000883 -0.404749 -0.595911 0.835882 0.173948 -0.556122 -0.445395 -0.134527 -0.263640 0.196751 -0.191047 1.156205 0.055013 -0.205636 0.144210 -0.472967 -0.628097 0.066051 -0.290129 0.304118 -0.570985 -0.674906 -0.259688 0.197561 -0.342612 0.122235 -0.134112 -0.284024 0.171940 -0.203307 
-0.058681 -0.351256 -0.090544 -1.057512 0.159655 -0.360712 -0.749216 0.904137 0.265714 -0.631621 -0.497785 -0.189809 -0.086241 0.159313 -0.237709 0.997273 -0.020147 -0.528604 0.206391 -0.207790 -0.636494 0.234547 -0.744253 0.430104 -0.649946 -0.898658 -0.402962 0.181348 -0.088408 -0.049872 -0.154892 0.008984 0.358370 0.046263 
-0.072410 -0.536502 0.123244 -1.064246 -0.121669 -0.209409 -0.624700 0.968521 0.255948 -0.681229 -0.399452 -0.160055 -0.090374 0.147561 -0.213031 0.823477 -0.115888 0.031175 0.075983 -0.132786 -0.708153 -0.061297 -0.804657 0.345825 -0.714209 -0.575039 -0.468003 0.214003 -0.525907 0.102891 -0.096465 -0.133819 0.150861 0.133602 
-0.303385 -0.262990 0.028749 -0.977833 -0.093212 0.007993 -0.418520 0.755722 0.431708 -0.355023 -0.230208 -0.244691 -0.066186 -0.125993 -0.341469 0.758689 0.065322 0.216259 -0.072354 -0.074907 -0.435392 -0.002964 -0.771196 0.461757 -0.495199 -0.648452 -0.440431 -0.018977 -0.329154 0.218901 -0.096400 -0.095889 0.282148 0.140448 
-0.283291 -0.571145 0.162644 -0.895332 -0.257074 0.109551 -0.404510 0.457115 0.174146 -0.455871 -0.083274 -0.024355 0.116949 -0.239208 -0.310160 0.394724 -0.114924 0.061546 -0.359947 -0.072240 -0.219217 -0.288722 -0.444204 0.476830 -0.518162 -0.323021 -0.382107 0.135500 -0.328364 0.017846 0.016169 0.009556 -0.038784 0.223836 
-0.633323 -0.412676 0.268720 -0.821664 -0.208779 -0.152256 -0.116518 0.045320 0.099731 -0.333476 0.170944 -0.019501 0.057816 -0.283388 -0.274647 0.182799 0.025492 0.367765 -0.248275 -0.489480 -0.231313 -0.399244 -0.288105 0.453516 -0.802406 -0.207954 -0.191834 0.448837 -0.352319 0.295170 -0.042648 0.118120 -0.107936 0.176508 
-0.394357 -0.425646 0.273719 -1.023973 -0.193836 -0.279091 -0.266350 -0.178887 0.017133 -0.341674 0.073708 -0.158205 0.072665 -0.513056 -0.378210 -0.003741 -0.049878 0.579695 -0.338293 -0.034504 -0.075561 -0.337811 0.220369 0.301993 -0.458221 -0.166886 0.037174 0.507844 -0.298689 -0.222540 0.183523 0.130694 0.042620 0.374253 
-0.599484 -0.470670 0.228383 -0.893209 -0.253264 -0.489491 -0.294598 -0.067572 -0.099359 -0.304793 0.285549 -0.003802 0.028453 -0.562324 -0.246028 0.154607 0.104524 0.717690 -0.499689 -0.009959 0.019842 -0.337742 0.403248 0.340961 -0.203882 -0.267649 -0.008481 0.293579 -0.076074 -0.177733 0.161848 0.167596 0.055683 0.560252 
-0.482564 -0.853153 0.323148 -0.899706 -0.312523 -0.418230 -0.376751 0.088922 -0.275250 -0.321305 0.145576 -0.302909 0.209536 -0.513445 -0.143819 0.207184 0.094127 0.522028 -0.547677 0.208925 -0.400608 0.037086 0.552365 -0.145197 -0.013599 -0.410747 -0.163245 0.272495 0.136322 -0.304419 0.016068 0.423045 0.191122 0.559842 
-0.696977 -0.462701 0.194075 -0.813056 -0.197953 -1.002422 -0.393331 -0.187164 -0.358286 -0.290728 -0.072782 -0.261314 0.408962 0.064489 -0.393857 0.294849 0.109880 0.729693 -0.501669 0.553473 -0.006700 -0.247203 0.706633 -0.144313 0.450875 -0.306983 -0.100297 0.132269 0.051131 -0.264863 0.136264 0.458453 0.340940 0.443639 
-0.510654 -0.490107 0.025942 -0.697420 -0.159961 -0.835005 -0.075598 -0.041538 -0.435849 -0.327517 -0.142673 -0.203698 0.379437 0.135420 -0.331763 0.165795 0.085059 0.405487 -0.274827 0.394458 0.017477 -0.040887 0.600394 -0.177595 0.513387 -0.497863 -0.200679 0.086896 -0.105241 -0.302645 0.036192 0.506431 0.201704 0.531004 
-0.295181 -0.283105 0.085239 -0.579165 -0.002688 -0.940258 0.105457 -0.072343 -0.510865 -0.403309 0.063072 -0.144437 0.012588 0.056223 -0.520672 0.152833 0.048153 0.558908 0.015061 0.700417 0.232415 -0.019083 0.579330 -0.027358 0.725317 -0.269589 -0.502012 0.064757 -0.031012 -0.346177 0.047903 0.424683 0.320046 0.518891 
-0.126957 -0.361537 -0.180889 -0.370218 -0.021038 -0.642192 0.168445 -0.251781 -0.203440 -0.508059 0.338147 -0.328359 -0.148701 -0.028748 -0.399460 0.283999 0.151403 0.043425 0.043296 0.469069 -0.038332 0.077169 0.627562 0.127783 0.700866 0.045334 -0.365650 0.179628 0.045481 -0.340119 0.029318 0.334307 0.507272 0.554467 
0.002366 -0.447131 -0.244955 -0.083041 -0.122158 -0.671195 0.168752 -0.354459 -0.188026 -0.189793 0.494077 -0.299375 -0.304904 -0.094738 -0.051790 0.156722 0.237013 -0.012501 -0.047869 0.651211 0.027616 0.178282 0.837940 0.279458 0.471414 -0.165970 -0.110268 0.042957 0.119324 -0.308082 0.006265 0.229674 0.357954 0.738226 
0.054541 -0.080075 -0.165959 -0.206075 -0.463986 -0.728243 0.280369 -0.246566 -0.108198 -0.379609 0.771059 -0.115814 -0.169214 -0.168157 -0.007699 0.100199 0.091959 -0.078770 -0.182687 0.551422 -0.160341 0.000719 0.509712 0.403583 0.216427 -0.175587 -0.302156 -0.070176 0.214868 0.079707 -0.215169 0.216068 0.705312 0.754019 
0.233776 -0.402922 0.038265 0.069467 -0.560342 -0.587572 0.177863 -0.752097 -0.140098 -0.265976 0.549823 -0.148020 0.064751 -0.308490 0.076937 0.106261 -0.074684 -0.032704 -0.010474 0.707808 -0.341116 -0.011097 0.742207 0.373685 0.040785 0.015144 -0.030046 -0.421819 0.317837 -0.090374 -0.441343 -0.010089 0.782882 0.378337 
0.142979 -0.357576 -0.036198 0.097941 -0.623864 -0.620252 0.112641 -0.691819 -0.174831 -0.382748 0.648171 -0.101172 0.147133 -0.288887 0.035931 -0.053555 0.033621 -0.119461 -0.140597 0.568685 -0.044266 -0.010302 0.580156 0.633268 0.177989 -0.064097 0.139401 -0.311690 0.301500 -0.039524 -0.238636 -0.129858 0.730982 0.532517 
0.117979 -0.321851 0.079039 -0.000003 -0.395145 -0.472531 0.030322 -0.695902 -0.255525 -0.132611 0.655371 -0.064305 -0.086316 -0.298816 0.100977 0.036312 0.157563 -0.026633 -0.227781 0.304381 0.053194 0.210107 0.760995 0.493530 0.061210 0.013162 0.358818 -0.181855 0.464435 0.043979 -0.244177 0.007680 0.444022 0.462084 
0.008185 -0.313986 0.063447 -0.224748 -0.256878 -0.259915 0.006062 -0.709172 -0.340016 -0.049948 0.695322 -0.085936 -0.045756 -0.565331 0.111953 0.109195 0.249301 0.044227 -0.194478 0.285393 -0.152070 0.095919 0.578093 0.794275 -0.072983 -0.282734 0.220024 -0.136711 0.587210 0.386761 -0.128651 0.059202 0.270179 0.501544 
-0.030816 -0.278973 0.239808 -0.200972 -0.201065 -0.234776 0.195125 -0.428584 -0.189883 -0.115496 0.407341 0.005775 -0.166567 -0.374775 -0.030441 -0.355181 0.344183 0.151391 -0.125755 0.137510 0.009997 0.213376 0.454016 0.543174 0.003955 -0.255994 0.080940 -0.363749 0.598370 0.502339 -0.165356 0.086748 0.170696 0.148525 
-0.070830 -0.103603 0.270794 -0.027282 -0.315703 0.077725 0.196591 -0.492304 -0.300392 -0.094244 0.164857 0.001329 -0.188983 -0.131191 -0.299736 -0.177021 0.181721 0.321184 -0.069571 0.120581 -0.034703 0.071032 0.378226 0.421689 -0.053656 -0.087796 0.126458 -0.249196 0.601753 0.688140 -0.181168 0.298547 0.176724 0.096341 
0.046933 -0.269110 0.130740 0.170478 -0.252727 0.214534 0.059599 -0.519219 -0.241697 0.009802 0.120481 0.130595 -0.030068 -0.027864 -0.252529 -0.095433 0.267938 0.286693 -0.150877 0.168460 -0.128936 -0.183432 0.430432 0.692855 -0.169832 0.115093 0.067796 -0.237428 0.759681 0.836563 -0.092445 0.434934 0.198853 0.191997 
-0.212205 0.028585 -0.027875 0.064645 -0.002652 0.100637 0.082035 -0.450171 -0.425042 -0.038201 0.007810 -0.262444 0.054360 0.103266 -0.227603 -0.180556 0.117503 0.268618 0.038291 0.074184 -0.028905 0.205590 0.543105 0.780710 0.184131 -0.025648 0.149112 -0.320229 0.793200 0.719329 -0.201536 0.314030 0.328107 0.400593 
-0.044082 -0.090419 -0.234617 0.182479 -0.249881 -0.021122 0.033736 -0.154127 -0.466559 -0.068295 0.033251 -0.352455 -0.012662 -0.004859 -0.150998 0.043279 0.176315 0.245588 0.152772 0.158102 -0.170943 0.035575 0.375108 0.879503 0.269538 0.255079 0.113753 -0.352911 0.715942 0.645107 -0.027365 0.353066 0.362074 0.379264 
0.018050 -0.346534 -0.178308 0.114844 -0.200382 0.034134 0.408047 0.090261 -0.139249 0.204411 0.030509 -0.421380 -0.020777 0.248694 -0.386425 0.046525 0.000030 0.052536 0.192598 0.235617 -0.231967 0.112773 0.110506 0.600164 0.401393 0.280673 0.074990 -0.266976 0.760767 0.566386 0.016726 0.196134 0.100936 0.383379 
-0.101644 -0.090058 0.041896 0.104146 -0.342207 0.085026 0.412700 -0.000527 -0.308199 0.391838 0.210451 -0.214498 0.150042 0.309807 -0.267159 -0.016284 0.269065 0.219343 0.088340 0.109591 -0.034007 0.053236 0.043139 0.496166 0.155701 0.260986 0.245112 -0.206193 0.803679 0.746579 -0.226304 0.267819 0.251669 0.505854 
-0.032376 -0.233223 0.005711 0.253884 -0.164432 0.016736 0.282559 -0.016732 -0.443022 0.204149 0.053453 -0.463502 0.080707 0.213193 -0.188984 -0.130743 0.249792 0.343030 -0.067847 -0.100999 -0.096968 0.016250 -0.135562 0.482451 0.222641 0.320341 0.166106 -0.256812 0.776809 0.428697 0.206661 0.152154 0.275965 0.572955 
-0.013753 0.041628 -0.120389 0.269501 -0.445866 0.198727 0.315246 0.016078 -0.176145 0.264855 -0.244206 -0.339059 0.381469 0.149175 -0.213840 0.028268 0.342074 0.183829 0.124086 0.061793 -0.231383 0.050888 0.054012 0.360246 0.255760 0.350500 0.181837 -0.523012 0.510645 0.296442 0.091257 -0.304500 0.213344 0.726290 
-0.114983 0.024810 -0.027254 0.456342 -0.377722 0.306418 0.287981 -0.028970 -0.355716 0.151910 0.012693 -0.195735 0.058278 -0.017178 -0.111084 -0.139200 0.111718 0.131469 -0.015183 0.047536 -0.186148 -0.079903 -0.022713 0.243995 0.405494 0.359118 0.229929 -0.510811 0.556857 0.428496 -0.070674 -0.147336 0.251919 0.187223 
-0.280473 -0.059048 0.264223 0.228816 -0.370683 0.156829 0.389646 -0.150025 -0.030605 -0.047846 0.053535 -0.090371 -0.156473 0.015580 -0.216575 -0.107285 0.363433 -0.091300 0.321039 0.081069 -0.117905 0.112134 -0.254360 0.348570 0.261095 0.189342 0.224428 -0.578503 0.406989 0.295875 -0.188957 -0.040869 0.313933 0.100169 
-0.291849 -0.097919 0.096534 0.213219 -0.099443 0.138612 0.495838 0.069450 0.038764 -0.161896 -0.130170 -0.047550 -0.306659 -0.005447 -0.139554 -0.226622 -0.004419 0.118941 0.234285 0.132124 -0.001746 0.128058 0.203264 0.436158 0.368218 0.159604 0.088163 -0.558722 0.344777 0.267100 -0.104559 -0.050582 0.219421 0.032598 
-0.172059 -0.068893 -0.017949 0.104986 -0.165723 0.211471 0.717666 -0.043309 -0.099554 -0.296809 -0.133947 -0.216124 -0.028221 -0.030555 -0.067352 -0.109479 -0.162623 -0.006147 0.184361 0.076105 -0.251883 0.041711 -0.048081 0.291633 0.303188 -0.052628 0.273592 -0.620315 0.275013 0.425543 0.209040 -0.013961 0.129518 0.067183 
0.139139 -0.007171 0.178331 0.205679 0.085183 0.277419 0.577162 0.035455 -0.147732 -0.084896 -0.075105 -0.243938 0.129296 -0.045965 -0.100337 -0.131464 0.027844 -0.027882 0.149690 0.203673 -0.043262 0.077647 0.044438 0.272755 -0.033866 0.238037 0.046285 -0.243910 0.158783 0.381819 0.032991 -0.261627 0.255993 0.146764 
0.109041 -0.073412 0.041593 0.359514 0.293514 0.178355 0.271914 -0.062398 0.061227 0.002603 -0.294727 -0.170478 0.197335 -0.097849 -0.121777 -0.095055 0.262299 -0.051545 0.076110 0.062293 -0.203058 -0.021924 0.028478 0.338907 0.107602 0.270949 -0.032416 -0.298650 0.101230 0.254963 0.410947 -0.175340 0.120727 0.382646 
-0.083112 -0.130484 0.221644 0.139956 0.205245 0.459366 0.271217 -0.052376 -0.094844 -0.025129 -0.021343 -0.168137 0.180629 0.036303 -0.329693 -0.160066 0.340169 0.032901 -0.194916 -0.089212 -0.241548 0.022803 0.117540 0.427472 0.154340 0.059216 -0.025500 -0.450345 -0.111058 0.334433 0.154192 -0.185099 0.107996 0.361092 
-0.337629 0.020539 0.438167 0.289288 0.039765 0.470816 0.339250 0.023838 -0.059592 -0.183943 -0.067487 -0.112991 0.383972 -0.083887 -0.174782 -0.153347 0.327794 -0.126889 0.192479 -0.152370 -0.221799 0.238392 0.305212 0.354454 0.277901 0.199338 0.053723 -0.308160 -0.164598 0.085999 0.222617 -0.375118 0.012152 0.438001 
-0.356459 -0.059804 0.328256 0.374841 -0.121748 0.164928 0.294884 0.157678 -0.311717 -0.429180 -0.309548 -0.060201 0.313568 0.291736 -0.478708 -0.063241 0.134810 -0.052264 -0.041435 0.006413 -0.093044 0.151231 0.011975 0.231863 0.389034 0.230179 0.231833 -0.203272 -0.137830 0.108339 0.232901 -0.001423 0.170272 0.398879 
-0.202161 0.062418 0.276912 0.084534 -0.081798 0.320120 0.425158 0.225154 -0.149508 -0.249822 -0.261035 0.001918 0.152663 0.204454 -0.361017 -0.062699 0.020287 -0.045834 0.185129 -0.071272 -0.157745 -0.033070 -0.145964 0.129256 0.436600 0.088340 0.038805 -0.148479 -0.084363 -0.152389 0.330853 -0.108495 -0.191735 0.278882 
0.003477 0.205766 0.430422 0.235250 -0.116610 0.474050 0.550712 0.195082 -0.443340 -0.158938 -0.435692 0.124497 0.117783 0.158748 -0.412035 -0.250139 0.050473 -0.152916 0.068398 -0.163839 -0.083507 0.121243 0.015647 0.371270 0.007478 0.119860 0.040393 -0.012652 -0.069177 0.098515 0.492289 -0.164177 -0.119570 0.190798 
-0.083681 0.166661 0.459894 0.098053 -0.013191 0.390422 0.354528 -0.034249 -0.199138 -0.207266 -0.517850 0.206996 -0.103946 0.139106 -0.512220 -0.192373 -0.271097 0.045695 0.024536 0.042462 0.028878 0.068515 0.069289 0.040925 0.096480 -0.024379 -0.121674 -0.156861 -0.001880 0.046205 0.294257 -0.109011 -0.320577 0.072836 
-0.513718 0.107166 0.429353 0.077349 0.290514 0.502881 0.466534 -0.174618 0.220333 -0.252460 -0.599214 0.231075 -0.246445 0.064597 -0.370610 -0.180348 -0.117741 0.181198 0.003452 -0.016928 -0.003452 -0.091175 -0.029122 0.102427 -0.137685 0.215949 -0.026055 0.092145 -0.245733 0.065243 0.275907 -0.015306 -0.284746 -0.104065 
-0.498498 0.055486 0.217953 0.134105 0.377660 0.484445 0.544850 -0.053047 0.097485 -0.397739 -0.513339 0.176750 -0.213126 -0.075253 -0.379507 -0.314397 -0.225142 0.135508 0.106879 0.043877 0.144242 -0.083703 -0.007548 -0.137681 -0.008898 0.040631 0.008308 0.197231 -0.301487 -0.000563 0.234978 -0.217221 -0.110680 0.072695 
-0.554195 -0.062430 0.243204 0.231867 0.365914 0.806359 0.682846 -0.094997 -0.016677 -0.312394 -0.405206 0.175766 0.145115 0.195782 -0.119756 -0.697162 -0.056359 0.048320 -0.078041 -0.024232 0.123244 -0.227662 0.036608 0.007634 0.210732 -0.064642 -0.029925 -0.069316 -0.269839 0.177805 0.080192 -0.097684 -0.133522 -0.003491 
-0.429626 -0.059466 0.304262 0.652782 0.289132 0.475019 0.474126 0.020626 -0.157310 -0.328549 -0.570363 0.080507 0.093759 0.156997 -0.137397 -0.438700 -0.064889 0.100782 0.024085 0.016610 -0.090250 0.067989 0.015093 -0.001079 0.127209 -0.008855 0.362555 -0.117301 -0.268858 0.150414 0.344712 -0.069386 -0.380818 0.210063 
-0.335451 -0.403967 0.275994 0.325054 0.104355 0.703396 0.466912 0.018508 -0.406467 -0.405987 -0.623634 -0.006353 0.429097 -0.034546 0.221855 -0.284662 -0.292061 0.282511 -0.083130 0.051735 -0.183190 0.090826 0.170822 -0.169105 0.301872 0.036578 0.072636 -0.066099 -0.452739 0.016018 0.313258 0.019054 -0.209853 0.159247 
-0.307607 -0.156950 0.317385 0.658951 -0.014755 0.184045 0.199369 -0.098117 -0.445746 -0.025811 -0.276690 0.179407 0.290406 -0.064853 -0.078722 -0.197552 -0.086265 0.175980 -0.346726 0.016392 0.288652 0.152694 -0.055758 0.203726 0.333083 0.033933 0.011070 0.098243 -0.463018 -0.078072 0.649374 -0.092203 -0.348102 0.469007 
-0.500136 -0.077410 0.030702 0.400960 0.121962 0.247814 0.269059 0.060748 -0.435767 0.098385 -0.324153 0.296143 0.066246 0.210423 0.149691 -0.149846 0.195478 0.217926 -0.277688 -0.165913 0.152833 0.142266 -0.006479 0.168388 0.327103 -0.261951 0.018723 0.095682 -0.744077 -0.176939 0.311347 -0.041336 -0.543060 0.305785 
-0.466144 -0.064886 0.213876 0.191234 0.150799 0.322365 0.375319 -0.224832 -0.128584 0.045880 -0.391477 0.278486 -0.128268 -0.056451 -0.012184 -0.211842 0.075884 -0.037043 -0.085173 0.035241 0.227720 0.109083 -0.127923 0.094053 0.533931 -0.008951 -0.157684 -0.020959 -0.696175 -0.267496 0.520469 -0.195496 -0.264788 0.157276 
-0.100822 -0.060442 0.239713 0.218536 -0.038876 0.512855 0.404707 -0.268260 0.001552 -0.021781 -0.404745 0.156619 -0.141419 -0.038697 -0.023532 -0.453641 0.171036 0.201875 0.048955 0.482640 0.385865 0.173601 -0.046117 -0.003643 0.685205 -0.186194 -0.302390 0.151879 -0.546871 -0.162774 0.236997 0.012666 -0.316772 0.177325 
0.071701 0.066920 0.493469 0.436729 0.092305 0.268800 0.675946 -0.121910 0.375512 -0.024456 -0.578193 0.256093 -0.121312 0.297733 0.037063 -0.322776 0.010220 0.082582 0.058573 0.282499 -0.058622 -0.132652 -0.117681 -0.148757 0.667439 -0.069159 -0.019220 -0.006666 -0.653838 -0.183295 0.205230 0.067802 -0.398802 -0.070445 
-0.139543 -0.114226 0.224963 0.563565 -0.163943 0.249217 0.477286 -0.392386 0.195649 -0.069917 -0.377483 0.041068 0.130619 0.232764 0.172362 -0.452082 -0.035193 -0.037585 0.082576 0.173210 0.101665 -0.064818 -0.256539 -0.080388 0.543691 -0.055957 -0.051192 0.058007 -0.450817 -0.133589 0.515088 0.194981 -0.437724 0.035363 
0.108194 -0.381171 0.013899 0.605196 -0.059551 -0.225853 0.262045 -0.132216 0.084442 0.044212 -0.336253 0.039671 0.135458 0.092160 0.315924 -0.416043 -0.199138 0.018384 -0.093959 0.242579 -0.191828 -0.174606 -0.142801 -0.191272 0.539799 -0.284715 -0.132362 0.071778 -0.531720 -0.044252 0.200773 0.377307 -0.615769 -0.117667 
-0.019138 -0.298177 0.025945 0.816538 -0.031955 -0.106475 -0.002275 -0.413128 0.220599 0.061196 -0.491400 0.215865 0.340843 -0.016020 0.444041 -0.416607 -0.249012 0.138125 -0.065785 0.019333 0.073958 0.076100 -0.002395 0.090280 0.609513 -0.278659 -0.054495 0.444527 -0.559415 -0.280937 0.161787 0.210777 -0.530817 -0.021429 
0.161072 -0.245581 -0.167575 0.782442 -0.192182 -0.358250 -0.150918 -0.254286 0.117443 0.250235 -0.405998 0.038179 -0.098807 0.185649 0.297074 -0.405020 -0.083018 -0.389070 -0.139858 -0.261659 0.247113 0.156747 -0.386435 -0.036374 0.664257 -0.254686 -0.206376 0.526893 -0.624187 -0.264074 0.314491 0.563716 -0.439032 0.202286 
0.235804 -0.117415 -0.032043 0.615035 -0.229786 -0.221009 -0.016419 -0.323321 0.217628 0.353094 -0.138025 0.310414 -0.104346 0.317806 0.229480 -0.559029 -0.194419 -0.159829 -0.212414 -0.251161 0.209191 0.240280 -0.479917 0.029624 0.609019 -0.286726 -0.162103 0.991223 -0.497959 -0.472481 0.288456 0.458039 -0.592703 0.169709 
0.419915 -0.008893 0.153684 0.235173 -0.077109 0.061331 0.037767 -0.063869 0.164967 0.345521 -0.076384 0.252797 -0.234482 0.432477 0.293462 -0.312192 0.062968 -0.007012 -0.134254 -0.209050 0.410007 0.070259 -0.450652 -0.085726 0.591388 -0.220498 -0.024578 0.959371 -0.481849 -0.458321 0.031997 0.499015 -0.443516 -0.059701 
0.130375 -0.344332 0.075993 0.431025 0.016608 0.122991 -0.467821 -0.187505 -0.013648 0.284351 0.053977 0.124047 -0.109105 0.089356 0.518220 -0.352243 -0.144164 0.156604 -0.265171 -0.010214 0.313524 0.233279 -0.447413 -0.043263 0.269716 -0.164056 -0.249968 0.919531 -0.369092 -0.404510 0.151602 0.496194 -0.281827 -0.119306 
0.379417 -0.219989 -0.134068 0.317475 -0.112319 0.151508 -0.666554 -0.024129 0.369573 0.421366 0.023581 0.209093 0.083644 0.123437 0.311859 -0.360949 -0.106754 0.127140 -0.526607 -0.025835 0.167282 -0.220849 -0.290829 -0.422882 0.058572 -0.130170 -0.219732 0.413855 -0.455301 -0.577373 -0.001288 0.393693 0.055418 -0.231218 
0.409265 -0.341531 -0.048729 0.539337 -0.193074 0.272870 -0.715570 -0.120650 0.568317 0.164763 0.259234 0.148137 0.007184 0.199774 0.439926 -0.339651 -0.274809 -0.089443 -0.262643 0.135470 0.401266 -0.184691 -0.235653 -0.373649 -0.093165 -0.168010 -0.201166 0.516545 -0.362513 -0.818329 -0.041528 0.468606 -0.123256 -0.204477 
0.289870 -0.319289 -0.204135 0.352788 0.063250 0.183812 -0.561934 -0.101665 0.562512 0.338611 0.165555 -0.042870 0.033908 -0.026623 0.697676 -0.340584 0.080264 -0.086475 -0.260469 0.092991 0.247710 -0.287528 -0.333385 -0.251843 -0.121394 0.062006 -0.331359 0.567155 -0.293359 -0.938667 -0.011674 0.310771 -0.046835 -0.264875 
0.363813 -0.218768 -0.242502 0.197785 0.148532 0.193628 -0.851043 -0.015244 0.601383 0.488117 0.000332 -0.027845 0.005958 0.198820 0.449849 -0.671138 0.300631 -0.309836 0.019968 0.206094 0.607768 -0.148882 -0.535185 -0.396004 -0.022531 0.082811 -0.296423 1.022645 -0.457789 -1.184515 -0.195314 0.273256 0.318694 -0.320648 
0.373115 -0.101281 0.082776 -0.032622 0.286670 0.070358 -0.701391 0.168198 0.214748 0.598208 0.283619 -0.195848 0.126252 0.367434 0.511207 -0.402472 0.443518 -0.315628 -0.321418 0.408376 0.362557 -0.020623 -0.683596 -0.268051 -0.106792 0.071994 -0.392960 0.751457 -0.154085 -1.341347 -0.129854 0.249773 0.095760 -0.170576 
0.514314 -0.155149 0.196689 -0.124173 0.423391 -0.194124 -1.107725 -0.093100 0.416886 0.858846 0.119788 0.099416 0.088054 0.446190 0.351373 -0.554653 0.409009 -0.051043 -0.079840 0.119194 0.602420 0.341052 -1.089097 -0.155364 -0.241293 0.246054 -0.391021 1.251892 0.018526 -0.995447 -0.680496 0.382590 0.245609 -0.390943 
1.030813 -0.181986 0.470738 -0.351386 0.509771 -0.087301 -1.208888 -0.216501 0.338129 1.052223 0.498265 -0.184441 0.138340 0.583341 0.192323 -0.592189 0.175417 -0.056391 -0.086420 0.470895 0.287943 0.261808 -1.221596 -0.349431 -0.359140 0.186193 -0.520070 1.580024 0.214300 -1.085687 -0.707981 0.550524 0.656646 -0.727464 
1.155396 -0.261164 0.171049 -0.286575 0.417988 -0.207249 -1.827449 -0.295550 0.928115 0.995826 0.483439 -0.123086 -0.104174 0.064463 0.361174 -0.498501 0.314144 0.072031 0.060277 0.897880 0.047035 0.133750 -1.084442 -0.225192 -0.239983 0.371192 -0.477556 1.666165 0.654561 -1.091794 -0.839356 0.360261 1.035357 -0.990264 
1.296745 -0.617722 0.368857 -0.305436 0.061420 0.231485 -1.895615 -0.694308 1.332929 0.909702 0.740446 -0.313022 -0.147373 -0.131683 0.485140 -0.336578 0.076908 0.234775 0.332395 1.077525 -0.013271 -0.167469 -1.027897 -0.362571 -0.476363 0.494346 0.041370 1.638353 0.752192 -1.143882 -1.080370 0.011788 1.385200 -1.231770 
