-0.106411 1.095665 0.115698 0.505502 -1.632247 0.286743 -1.058650 -0.303287 -0.996855 -0.711921 -0.635861 1.563276 0.128851 -0.496129 -0.332999 -4.385796 
0.295046 -1.276779 0.184209 -0.838519 -0.825342 -0.251223 0.654042 0.344444 0.358151 -0.337398 -0.568011 -1.457475 0.338428 -0.442333 0.254723 -1.972779 
0.609029 -0.015582 -0.263776 -0.546071 -5.318633 -0.187595 0.441783 -0.035718 0.489330 0.399704 0.049910 0.933794 -0.442484 -0.082182 0.619801 -0.628158 
-1.428911 0.503132 -0.466093 0.291760 1.100288 -0.414492 0.667267 -0.600499 -1.992104 -0.482064 0.059336 -12.911446 0.519890 0.339709 1.258901 -9.601283 
0.599195 0.265737 0.362978 -0.262367 -2.633086 0.191685 1.253188 0.025336 -1.844513 -0.967925 0.487108 -0.109969 0.066940 -0.024265 -0.361892 -0.829230 
0.068618 -0.726663 0.024022 0.039380 0.040981 0.386252 0.630541 -0.239327 -1.134990 0.993890 -0.439400 -1.422958 -1.172823 0.580298 -0.324358 -0.180622 
0.911326 -0.209339 -0.385054 -0.452630 0.540252 0.889113 -0.284935 -0.646979 0.036279 0.306727 -0.660396 -0.287532 -0.336520 -0.734807 -1.242672 0.141566 
-0.210338 -0.323583 -0.440057 0.689993 -0.238677 0.333235 0.609712 -1.262282 -0.173391 -1.375899 0.756068 0.374842 0.492609 0.328098 0.300331 0.358247 
-0.442515 -0.946798 -0.331393 -1.434943 1.788227 0.989559 -0.068381 -0.368562 0.505156 1.665383 0.191428 -1.850629 -0.932129 0.221653 -0.420142 -7.603796 
0.465277 -0.728838 0.346003 1.547289 0.144860 -1.150483 -0.838674 0.167571 -0.780094 -0.751833 0.604218 -0.970954 -1.843583 0.172971 0.256357 -3.335679 
0.252188 0.501381 -0.150563 -0.689028 -0.367992 0.401540 1.128771 0.122863 -1.049355 -0.693108 0.114441 -0.853793 -2.624588 -0.086172 0.586140 0.923691 
0.731322 0.421179 -1.146270 1.134964 -0.459453 -1.773752 -1.617143 0.316399 0.356264 -0.055297 -0.955084 0.725133 0.104454 -1.112936 -2.690677 -0.417875 
0.444658 0.984692 0.090507 -0.971528 0.363989 -4.672672 -1.519384 0.308270 -8.913816 0.816286 0.153019 1.836366 -2.727384 -1.161224 0.096668 -1.014764 
0.417575 -0.028625 -0.181880 0.301602 0.401111 -0.688893 -0.263885 -0.114625 -0.295737 -0.675370 -0.094171 0.119793 0.587810 -0.874836 -0.940897 -0.402798 
-0.771304 -0.055638 0.011413 -1.368668 -0.137195 -0.450441 -0.668658 0.177238 -0.003691 0.306957 -0.089612 0.402916 0.059693 0.732633 0.050455 0.365669 
-1.154874 -0.044932 0.955093 0.651416 0.536966 0.125792 -0.285989 0.616689 -1.244583 0.007321 0.076474 -2.438872 -0.990312 0.348478 0.433563 -1.511923 
0.147405 -0.725203 0.634514 -1.617792 -0.774486 -0.803617 1.147025 0.319317 -1.085541 -1.384307 0.436912 0.396249 0.047875 0.862616 -0.824266 0.227020 
0.529059 0.026493 -0.701547 -1.846343 0.375911 0.285378 0.410148 -0.188968 -0.369307 0.430274 -0.554941 -0.331321 0.347918 0.486512 0.113746 0.281185 
-0.186476 0.233309 0.547134 1.480982 -0.000015 -0.462162 -1.117422 0.639216 -1.160513 0.177934 -2.579508 0.338198 -0.073744 -1.635196 -1.099719 -0.337946 
-0.260527 -0.126786 -0.337285 -0.857096 -0.735010 -0.378731 -0.061761 -0.579081 0.486974 1.877481 0.231171 0.276287 0.202900 -0.705011 -0.298119 -0.904470 
0.466561 -0.735622 0.175826 1.088535 0.675513 -0.014635 0.301290 0.696030 -0.376766 -0.535958 -0.102082 -1.022209 -0.797995 0.076883 0.565205 -1.572159 
0.259842 0.225994 0.182722 -0.400120 0.370017 -5.618620 -3.225529 0.081217 0.642580 0.333603 -0.197378 0.147876 0.114569 -2.924486 0.002049 0.299100 
-0.337335 -0.418004 0.265604 -2.941904 0.486633 -0.596078 -2.079123 0.735487 -0.401884 0.467438 -4.006691 -0.058585 1.044396 -0.810867 0.457972 -0.018785 
-0.124302 0.272275 0.696288 0.505770 -2.989088 0.268134 -0.398749 0.662736 -0.454032 -0.883468 -0.871003 -0.403789 -1.106848 0.054140 -0.099593 -0.065809 
0.234052 -1.293684 0.516254 -0.455141 -0.534091 1.004789 -0.932495 0.166646 -0.152866 -0.261807 -0.255948 0.144045 0.262309 0.034148 -0.726057 -3.968656 
-0.212140 -0.751896 0.687334 0.592551 0.636271 0.784629 0.078885 -0.491845 0.222214 0.038195 0.544725 -0.965741 -2.748654 0.705291 -1.391630 -1.912940 
-0.624978 -0.332754 0.355465 -0.550132 0.636228 -0.895588 -0.883929 0.109255 -1.038373 1.559084 0.892358 -0.995618 -3.674704 0.135357 -0.108839 -0.491311 
0.132788 -0.372903 0.212299 -0.344925 -3.402562 1.250695 0.013708 0.105248 -1.404353 -0.966464 -0.943439 -2.402302 -0.179601 0.503095 -0.749854 -1.698159 
0.270905 0.303815 -0.949132 -0.013121 -0.344562 1.113399 0.058638 -1.691747 -0.403904 -0.271497 -1.079261 1.164616 0.442621 0.683327 -2.321774 -0.469735 
0.444767 0.066650 -0.079808 -1.142741 -0.120846 0.402047 -0.055899 -0.038698 0.720398 0.265582 -2.014642 -0.113430 0.358280 0.212053 -2.201265 0.489869 
-0.946203 1.054658 0.301012 0.455192 -1.884906 0.497254 0.278146 -0.287882 -1.487180 -1.228713 0.960870 -0.207748 -3.167763 0.293993 -6.124566 -2.106809 
-0.036838 -0.025631 -0.721262 -0.676856 0.535808 0.034749 0.339226 -0.505271 0.537351 0.436546 -0.025180 0.171270 0.254632 -0.623016 0.197056 -0.513814 
-1.795957 0.246884 -0.290355 1.705124 -0.291977 0.992707 -0.623928 0.010603 -2.987129 0.734952 -0.649588 -0.422200 -0.354529 0.427445 -2.689846 -0.147806 
-0.122755 0.120176 0.597287 0.031912 0.375840 -0.269469 -0.073909 0.119520 0.416081 -2.330515 0.418604 -0.248071 0.497782 0.969519 -0.162651 0.304718 
