0.785188 -0.264538 -0.048833 0.816629 -0.709359 -0.847557 1.394858 0.042085 -0.688574 -0.319345 -0.406933 -1.277108 -0.042764 0.113825 -0.328171 0.112251 -0.088373 0.162490 -0.234494 -0.008454 -0.224773 -0.099339 -0.184480 -1.145111 0.023703 1.601072 -0.793915 0.007998 -0.802145 0.243847 -0.443693 -0.387267 -0.036460 1.170578 -0.773963 -0.231263 
0.550597 0.117941 0.148094 0.701270 -0.487344 -0.769075 1.295872 -0.020232 -0.667904 -0.719508 -0.558597 -1.055635 0.025701 -0.010669 -0.398206 0.497289 -0.351398 -0.247156 0.120026 0.004882 -0.376895 -0.337622 -0.219546 -1.302428 0.191611 1.408838 -0.535540 0.101723 -0.846569 -0.023939 -0.316604 -0.300156 -0.227197 1.017027 0.114361 -0.081300 
0.201841 0.025535 -0.061095 0.677515 -0.526109 -0.735804 0.894060 -0.036993 -0.333847 -0.684066 -0.359442 -1.123133 0.158884 0.145510 -0.285740 0.528746 -0.652031 -0.422350 -0.052812 0.192947 -0.365170 -0.096020 0.020521 -1.364463 0.014198 1.422698 -0.453560 0.277450 -0.793140 -0.052565 -0.355090 -0.187861 0.005530 0.709669 0.287275 -0.145208 
0.207617 0.040507 -0.170214 0.504033 -0.267335 -0.876167 0.780146 0.036432 -0.379863 -0.532827 -0.538183 -1.032737 0.088546 0.200128 -0.323370 0.413743 -0.417324 -0.612154 0.158253 0.181045 -0.541378 -0.118752 -0.070425 -1.123033 0.008908 1.472900 -0.307266 0.170661 -0.756727 -0.281127 -0.458733 -0.360800 0.243806 0.657833 0.277931 -0.105649 
0.080369 0.095971 -0.417434 0.682285 -0.135184 -0.785592 0.672598 0.069492 -0.059148 -0.295320 -0.563843 -1.121771 -0.068108 0.404877 -0.084196 0.330250 -0.405645 -0.275843 -0.082698 0.063992 -0.552280 0.025044 -0.095662 -1.288794 -0.215566 1.374137 -0.405719 0.064577 -0.848439 -0.366269 -0.384920 -0.103471 0.330251 0.311068 0.012063 -0.001934 
0.249947 -0.111107 -0.323969 0.513770 0.123106 -0.964102 0.665471 0.131893 0.011056 -0.159820 -0.180475 -0.724386 -0.302339 0.336924 -0.282403 0.414281 -0.182775 -0.332107 0.024141 -0.024672 -0.170100 0.059218 -0.298542 -1.005187 -0.189619 1.275008 -0.190317 0.073446 -0.737629 -0.269396 -0.396089 -0.175544 0.316125 0.273497 0.030345 0.131115 
0.265388 -0.033653 -0.181329 0.365018 0.433717 -0.910624 0.504731 -0.055522 0.149819 -0.211407 -0.118522 -0.934239 -0.130017 0.186257 0.152636 0.594291 -0.161363 -0.279894 -0.020586 -0.235400 -0.049157 0.133497 -0.210031 -0.996782 0.066007 1.161900 0.029038 0.020042 -0.547798 -0.242040 -0.503636 -0.216721 0.110068 0.483353 -0.041228 0.143054 
0.361510 0.132721 -0.145720 0.266760 0.283072 -0.574663 0.655442 0.215074 0.198059 0.005955 -0.022003 -0.496400 -0.213431 -0.129711 -0.036112 0.706180 -0.097818 -0.328334 -0.006657 -0.059536 -0.121529 0.061016 -0.280831 -0.805001 -0.044950 0.715210 -0.197835 0.155729 -0.882666 -0.133268 -0.260963 -0.136953 -0.088826 0.419288 -0.006954 -0.120020 
0.389310 0.296769 -0.016000 0.397955 0.176815 -0.798431 0.562707 0.025118 0.299399 0.008944 -0.013813 -0.683712 -0.070600 -0.145738 0.064607 0.363673 -0.135591 -0.368592 -0.077129 0.033957 -0.149160 -0.003460 -0.370033 -0.838930 -0.000499 0.804364 0.007008 0.088780 -0.762648 -0.095258 -0.427499 -0.155298 -0.007727 0.200469 0.078494 0.093204 
0.421223 0.326673 0.105719 0.309646 0.461927 -0.808796 0.547252 0.084117 0.239170 0.270181 0.037017 -0.590311 -0.275593 0.098078 0.206847 0.502422 -0.255419 -0.459312 0.098640 0.155555 -0.063654 0.063570 -0.379688 -0.822207 0.149055 0.679600 -0.353995 0.235957 -0.447347 -0.328978 -0.139115 -0.293031 -0.036183 0.094053 0.003509 0.090575 
0.190113 0.124264 0.123869 0.309408 0.710305 -0.508316 0.252933 0.101888 0.229017 0.158803 -0.132528 -0.647560 -0.279075 -0.003172 0.418905 0.244134 0.126588 -0.246090 0.125800 0.229243 -0.017752 -0.040943 -0.408042 -0.562298 0.066889 0.702946 -0.361170 0.094358 -0.665578 -0.146961 -0.219299 -0.141466 -0.141968 0.222562 -0.052346 0.086165 
0.050658 0.383279 -0.038549 0.220860 0.551335 -0.558114 0.159138 0.237676 0.447514 0.186909 0.006559 -0.595639 -0.182192 0.055455 0.214222 0.084662 0.095848 -0.259358 -0.241307 0.110060 -0.018186 -0.069091 -0.514559 -0.532591 0.019646 0.735644 -0.326858 0.047492 -0.628955 -0.467381 -0.028883 -0.088605 -0.036588 0.035926 -0.000027 0.165432 
0.003468 0.402075 -0.057959 0.135446 0.730298 -0.445384 0.099608 0.259248 0.154212 0.190737 0.203013 -0.550159 -0.131568 0.130327 -0.022512 -0.009832 0.026068 -0.274496 -0.220404 0.122231 0.093256 0.205692 -0.506695 -0.459979 0.029413 0.530005 -0.087668 -0.191897 -0.697054 -0.381636 0.031852 -0.047018 0.041197 0.330060 0.102325 0.066975 
0.017188 0.462321 -0.108514 0.046726 0.650015 -0.369035 0.140263 0.021892 0.110581 -0.015640 0.032384 -0.512482 -0.122080 0.378942 0.027549 -0.047299 -0.127245 -0.246594 0.042229 -0.042569 0.044541 -0.147214 -0.441303 -0.567337 0.102731 0.488108 -0.253942 -0.222745 -0.675685 -0.230334 0.147378 -0.233158 -0.088914 0.404347 -0.018655 0.145283 
-0.002071 0.436633 -0.236248 0.209092 0.951027 -0.439834 0.095512 -0.015539 0.022352 -0.133090 0.140801 -0.111880 -0.028124 0.383341 0.150612 -0.357821 0.120695 -0.368776 -0.021232 0.072389 0.079917 -0.156200 -0.334070 -0.600230 -0.109091 0.276251 -0.009804 -0.254379 -0.500155 -0.106168 0.050212 -0.377631 0.137990 0.113075 -0.139272 0.072108 
-0.027259 0.363352 -0.017923 0.154661 1.119522 -0.253264 0.087302 0.084642 -0.205471 -0.206818 -0.046880 -0.091543 0.214295 0.305588 0.176310 -0.125948 0.122477 -0.154111 0.156648 -0.072153 0.135672 -0.412450 -0.454773 -0.581206 -0.008391 0.195233 -0.218924 -0.056762 -0.189985 -0.196794 0.130202 -0.540553 0.168824 0.306753 -0.055005 0.104579 
-0.299071 0.170452 -0.107272 0.097655 0.977738 -0.379727 -0.109204 0.069702 0.121720 -0.367519 0.103139 -0.192499 0.168564 0.640620 0.244167 -0.225824 0.273290 0.059549 0.240592 0.060296 0.148254 -0.443747 -0.097901 -0.487131 -0.085172 0.062526 0.102256 -0.307690 -0.127912 -0.135891 -0.003513 -0.344783 0.007935 0.179189 -0.091953 0.019988 
-0.222229 0.125390 0.054650 -0.015610 1.140167 -0.450474 -0.098148 0.162098 -0.007980 -0.227376 -0.048957 -0.094266 0.008233 0.598629 0.001214 -0.217119 0.441992 0.004277 0.117577 0.007190 0.103793 -0.206961 -0.258376 -0.403941 0.041989 -0.057558 0.147274 -0.236575 -0.065944 -0.052634 0.214047 -0.208124 0.114381 0.427645 0.094207 0.213608 
-0.003160 0.142134 -0.050012 -0.242312 0.887381 -0.246569 -0.626626 0.069047 -0.085222 -0.344978 -0.271718 -0.111373 -0.028289 0.482050 0.260205 -0.330170 0.361822 -0.224497 -0.039793 -0.035063 0.242515 -0.161258 -0.036130 -0.534676 -0.047255 0.085012 0.327515 -0.095018 0.104392 -0.224689 0.431175 -0.089433 -0.039674 0.348819 -0.077134 -0.064272 
-0.120564 0.184122 -0.105748 -0.322731 0.995458 -0.234475 -0.564335 -0.024546 -0.030476 -0.527355 -0.022654 0.001024 -0.070166 0.380995 0.100760 -0.324822 0.398353 -0.296416 -0.000241 0.088425 0.080715 0.081676 0.023676 -0.177425 -0.277383 0.078065 0.312326 0.038375 0.259256 -0.266419 0.556850 -0.199285 0.400041 0.432810 0.068222 0.080185 
-0.284625 0.308853 -0.363070 -0.415135 0.818407 -0.320314 -0.849670 -0.309907 -0.068439 -0.443671 -0.016086 -0.130238 -0.156716 0.157585 -0.097217 -0.321704 0.136621 -0.117568 0.045560 0.095909 0.191976 -0.093130 -0.003022 -0.385490 -0.104068 0.041248 0.437927 0.000515 0.121502 -0.228876 0.653885 -0.350947 0.382292 0.253330 -0.051140 0.088599 
-0.622994 0.305216 -0.330989 -0.320388 0.797271 -0.091545 -0.758007 -0.047422 0.165634 -0.351474 -0.008572 -0.260874 -0.226659 0.152836 -0.010413 -0.247186 0.144840 -0.145996 0.130113 -0.034240 0.285192 0.010161 0.189744 -0.363859 -0.180227 -0.096874 0.621315 -0.156902 0.106745 -0.248024 0.476726 -0.205382 0.708473 0.207268 0.050869 0.069105 
-0.574232 -0.108786 -0.215499 -0.439449 0.575879 -0.156097 -1.010389 -0.130688 0.180293 0.040970 0.300679 -0.477066 -0.214266 0.122335 0.154780 -0.183863 -0.075972 0.022038 0.078605 -0.044661 0.177222 -0.087581 0.082797 -0.160813 -0.199496 -0.211833 0.427212 -0.338088 0.260733 -0.189264 0.322002 -0.249732 0.366047 0.122954 -0.405876 0.139757 
-0.261440 -0.057336 0.038948 -0.593791 0.483379 0.043737 -1.180909 -0.096385 0.250221 0.211928 0.349054 -0.346674 -0.113978 0.133045 0.165900 0.066748 0.007839 -0.100349 -0.089290 -0.183573 0.224423 0.098864 0.090907 0.067747 -0.239844 -0.329625 0.612049 -0.436227 0.295012 -0.072163 0.607073 -0.303861 0.525638 0.117176 -0.133192 0.423341 
-0.446194 0.061276 -0.004026 -0.652721 0.655557 0.149270 -0.990888 -0.161474 0.273165 0.325936 0.442128 -0.225652 -0.122429 -0.230863 0.161045 0.078876 0.278714 -0.063155 -0.178026 -0.253378 0.011148 0.171673 0.028295 0.023133 -0.345314 -0.394023 0.474313 -0.428267 0.403302 -0.043617 0.461690 -0.374705 0.356403 -0.042526 -0.014103 0.580628 
-0.142717 0.033016 -0.112570 -0.516383 0.319123 0.170709 -1.135905 -0.291465 0.250312 0.296360 0.566162 -0.568327 -0.116362 -0.060716 0.114687 0.035308 0.554179 0.018395 -0.277565 -0.305227 -0.008328 0.018347 -0.096722 -0.159091 -0.496483 -0.292382 0.541632 -0.477072 0.264675 0.121406 0.555154 -0.313067 0.342323 0.121437 0.005074 0.153126 
-0.139175 0.451897 -0.015863 -0.424411 0.170031 0.175932 -1.103544 0.225909 0.350415 0.292415 0.132827 -0.404318 -0.133259 -0.176805 0.517654 -0.018887 0.282792 0.021930 -0.192307 -0.183688 0.113232 -0.251579 0.053658 -0.171338 -0.353355 -0.323642 0.438591 -0.311275 0.292858 0.143427 0.729640 -0.048012 0.286585 0.145080 -0.175057 0.326210 
-0.182170 0.193989 -0.108310 -0.525613 0.109299 0.126747 -0.970824 -0.136782 0.293453 0.308602 0.345021 -0.250019 -0.358840 0.025834 0.488545 0.027856 0.223087 0.210391 -0.040483 0.023071 0.049233 -0.286732 0.190235 -0.161393 -0.242420 -0.489662 0.287038 -0.282348 0.445033 0.293253 0.536079 -0.118715 0.019272 0.077529 0.061435 0.298409 
0.039921 0.066506 -0.243148 -0.405115 0.117302 0.066865 -1.037527 -0.205141 0.075386 0.323820 0.171767 -0.161008 -0.342415 -0.017614 0.406836 -0.130654 0.331162 0.133093 0.052245 0.020762 0.155802 -0.282914 0.368119 0.066081 -0.324924 -0.502468 0.360072 -0.216105 0.337591 0.253621 0.679422 -0.203139 -0.079894 0.157695 0.215249 0.127677 
-0.354703 -0.236808 -0.125076 -0.415769 -0.014217 -0.017819 -0.932383 0.150131 -0.060537 0.109928 0.233999 -0.281930 -0.332954 0.166878 0.413798 -0.050888 -0.034556 -0.230428 -0.005459 -0.010279 0.207976 -0.130785 0.404836 -0.058426 -0.039526 -0.274264 0.788963 0.056045 0.397077 0.552617 0.660219 -0.082860 0.234283 -0.111240 0.187368 0.208012 
-0.206552 -0.345040 -0.352197 -0.508843 -0.314778 -0.149402 -1.157262 -0.042443 0.212342 0.040759 0.176839 -0.031171 -0.370186 0.255505 0.319881 -0.407583 0.008932 -0.253700 0.369690 -0.001593 0.193779 -0.135721 0.387028 0.071176 -0.093948 -0.143068 0.803846 0.032648 0.593347 0.334563 0.673483 -0.089597 0.296997 -0.045280 0.063697 -0.207020 
-0.082696 -0.261744 -0.476942 -0.413642 -0.202883 0.237606 -0.893643 -0.176743 0.064888 0.117932 0.014478 0.034175 -0.432109 0.224898 0.216910 -0.180806 -0.125406 -0.285941 0.101547 -0.098278 0.264047 0.057656 0.201795 0.057790 -0.256155 -0.406816 0.766674 0.306385 0.706727 0.344840 0.563747 -0.000037 0.152535 -0.251528 -0.077686 -0.089362 
-0.274177 -0.211217 -0.501881 -0.233835 -0.246195 0.197027 -1.081346 0.091871 0.025952 0.027297 -0.156639 -0.176061 -0.498797 -0.072282 0.414362 -0.138430 0.026160 -0.010388 0.060309 0.050316 0.372343 -0.182994 0.027738 -0.025887 -0.310826 -0.688264 0.761052 -0.028824 0.711593 0.423782 0.517840 -0.077084 0.072720 -0.118418 0.071769 -0.118939 
-0.437634 -0.174886 -0.298456 -0.320140 -0.193122 0.060402 -1.011368 0.141933 -0.006496 0.176323 0.046390 0.118889 -0.158052 0.263602 0.468417 -0.158516 -0.395153 -0.131219 -0.026030 0.022793 0.467178 -0.473951 0.183474 0.087756 -0.267273 -0.712812 0.577516 0.265968 0.529421 0.244469 0.857472 0.086572 -0.312986 -0.271426 0.201925 -0.191940 
-0.460858 -0.248785 -0.293523 -0.077932 -0.306429 0.291901 -0.966478 0.125018 -0.057288 0.291774 -0.055867 -0.004121 -0.309913 0.051925 0.231142 -0.194067 -0.340812 -0.016783 -0.185762 0.199083 0.409274 -0.521885 0.020120 0.083297 -0.266439 -0.793276 0.422644 -0.050546 0.489591 0.275541 0.847112 0.098655 -0.349881 -0.358360 0.258355 -0.401197 
-0.596877 -0.119074 -0.286305 -0.068538 -0.095506 0.254486 -0.804332 0.104318 -0.052982 0.494859 -0.202318 0.127113 -0.397990 0.603854 0.440819 -0.300655 -0.393831 -0.137841 -0.112456 0.194330 0.391290 -0.197589 0.165060 0.142893 -0.063028 -0.811776 0.531625 0.125376 0.531865 0.269662 0.881899 0.300586 -0.357629 -0.210500 0.132589 -0.312732 
-0.684316 -0.281041 -0.522656 0.107369 -0.187279 0.251129 -0.702570 -0.071840 -0.142093 0.470601 -0.239961 0.119527 -0.306399 0.812382 0.361116 -0.433885 -0.540796 -0.291875 -0.047728 0.126309 0.479327 0.031782 0.103563 0.210661 0.029444 -0.750715 0.405539 0.242039 0.935401 0.519525 0.911889 0.232183 -0.776851 -0.276446 0.042908 -0.353959 
-0.713555 -0.428682 -0.348932 0.215374 -0.286267 0.304444 -0.807972 -0.246496 -0.014909 0.828124 -0.329826 0.033640 -0.136587 0.634479 0.509083 -0.800191 -0.637411 0.043357 -0.071047 0.210139 0.441996 0.581744 -0.006505 0.054101 -0.072511 -1.037515 0.381515 0.355193 0.842946 0.806748 0.679030 0.207724 -0.765869 -0.231953 0.254938 -0.191620 
-0.912416 -0.315609 -0.389365 0.362776 -0.142225 0.293146 -0.937591 -0.156485 -0.277595 0.698568 -0.361893 0.392179 -0.233400 0.533426 0.720077 -0.858377 -0.754873 0.001501 -0.142315 0.132311 0.493373 0.662119 0.211410 0.062134 -0.007690 -0.952095 0.308617 0.464448 0.949952 0.720040 0.256368 0.032561 -0.864236 -0.118067 0.282669 -0.271756 
-0.799243 -0.490870 -0.329243 0.515889 -0.343941 0.583264 -0.532298 -0.110170 -0.520104 0.669098 -0.628238 0.232239 -0.401212 0.911789 0.792907 -0.882178 -0.979499 -0.082063 0.143344 -0.011291 0.089430 0.618839 0.451505 -0.019102 -0.303094 -0.580915 0.149421 0.568426 1.082871 0.545373 0.212226 0.479845 -0.927710 -0.319668 0.468829 -0.212235 
-0.771296 -0.371034 -0.239124 0.497093 -0.455591 0.507226 -0.275511 0.047024 -0.267788 0.957957 -0.549118 0.484461 -0.384713 0.489480 0.411476 -1.201442 -0.916290 -0.025214 0.030292 0.142327 0.104955 0.518597 0.535534 -0.227258 -0.130599 -0.441702 0.201067 0.521089 0.989851 0.545475 0.030742 0.318138 -1.147834 -0.406803 0.378533 -0.295083 
-0.680506 -0.469358 0.147038 0.653622 -0.487739 0.435981 -0.312662 0.100932 -0.570803 1.246703 -0.436965 0.483150 -0.543889 0.407704 0.262391 -1.033215 -0.601313 0.160537 -0.102360 0.172742 -0.083603 1.022338 0.331103 0.041728 -0.043697 -0.550089 -0.075564 0.617254 1.077991 0.616729 -0.019494 0.402691 -0.882952 -0.253509 0.487427 -0.288418 
-0.848797 -0.818827 0.196318 0.587403 -0.278902 0.062494 -0.201544 0.301741 -0.439011 0.798486 -0.423902 0.354130 -0.294993 0.421910 0.100713 -0.646120 -0.681348 0.076719 -0.148757 0.126033 -0.116634 0.905883 0.037559 -0.059084 -0.015557 -0.613775 -0.035316 0.407019 0.855265 0.527931 -0.282691 0.179649 -0.722167 -0.270307 0.362290 -0.563286 
-1.036110 -0.395226 0.013725 0.587598 -0.483679 0.249025 -0.044165 0.394268 -0.299519 0.526568 -0.329892 0.480727 -0.305717 0.207797 0.040849 -0.807459 -0.467401 0.367464 -0.132387 -0.115022 -0.029283 0.855991 0.062304 0.044158 0.087123 -0.577110 0.008241 0.304050 0.757141 0.664310 0.004468 0.379154 -0.582850 -0.179944 0.203812 -0.581595 
-0.826741 -0.446994 -0.024717 0.674626 -0.321594 0.039163 -0.145303 0.314599 -0.252618 0.619670 -0.584884 0.532773 -0.202815 0.102365 -0.245264 -0.849720 -0.393381 0.449745 -0.077109 -0.115404 0.021701 0.691196 0.289118 0.237021 0.090024 -0.389515 -0.261887 -0.103635 0.784154 0.591067 0.042488 0.459364 -0.723607 -0.367715 0.130588 -0.850080 
-0.575617 -0.233396 -0.094415 0.484619 -0.372052 0.035630 0.049964 0.360564 -0.145515 0.564698 -0.718600 0.366332 -0.381094 0.139831 0.047181 -0.634254 -0.169995 0.479978 -0.101645 0.138538 -0.012932 0.445652 0.378655 0.319454 0.237405 -0.771908 -0.186191 0.100136 0.663358 0.350727 -0.178136 0.356853 -0.745392 -0.323008 0.172060 -0.584722 
-0.634399 0.028745 -0.205348 0.383936 -0.246790 0.082762 -0.033530 0.345166 -0.039336 0.604398 -0.545471 0.386955 -0.425054 0.093022 0.220542 -0.440395 -0.101085 0.393503 -0.248498 0.005913 -0.110299 0.218031 0.606187 0.420705 0.059443 -0.737670 -0.479831 0.276732 0.636041 0.151706 0.117166 0.418658 -0.555359 -0.120154 0.119685 -0.807843 
-0.274274 -0.108735 0.149661 0.214602 -0.493383 0.065497 0.207970 0.300403 0.128462 0.524242 -0.496518 0.779343 -0.420791 0.208553 0.022422 -0.217698 0.213935 0.286153 -0.074542 -0.065635 -0.399488 0.493929 0.522929 0.545421 -0.048773 -0.794634 -0.478294 0.109839 0.378745 0.273982 -0.049086 0.646123 -0.380546 -0.034524 0.142169 -0.662089 
-0.204347 0.157591 0.352009 0.284224 -0.449366 0.066929 0.449747 0.367273 0.354440 0.375582 -0.300252 0.650672 -0.584840 0.163793 -0.034419 -0.054348 0.340109 0.110633 -0.228293 -0.183774 -0.413866 0.465750 0.378111 0.524183 0.159177 -0.789242 -0.325854 0.183959 0.408293 0.360972 0.065026 0.329708 -0.364360 0.179934 0.025554 -0.453118 
-0.159925 -0.019579 0.580318 -0.109052 -0.754529 -0.053932 0.384116 0.224242 0.141223 0.373874 -0.001442 1.089253 -0.394723 -0.220051 -0.145767 -0.172297 0.283001 -0.210382 0.029663 0.030006 -0.642443 0.620903 0.169854 0.474899 0.144709 -0.402797 -0.158195 0.225310 0.354675 0.674510 -0.046679 0.127715 -0.465270 0.040610 0.131325 -0.299700 
-0.022856 -0.099741 0.715609 -0.182612 -0.624718 0.079011 0.575832 0.278063 0.248023 0.129947 -0.043093 1.075187 -0.263057 -0.410210 -0.142871 -0.094833 0.190824 -0.133645 0.087680 0.032822 -0.787004 0.306389 0.260397 0.775167 0.181345 -0.410856 -0.279756 0.244167 0.238604 0.555814 -0.204180 0.215595 -0.493466 0.197361 -0.021792 0.271138 
0.134977 -0.207192 0.926775 -0.289385 -0.650763 -0.051651 0.509442 0.455719 0.310772 0.370570 0.034958 0.956636 -0.268436 -0.534845 -0.071605 0.040560 0.500543 0.098367 0.215641 0.117263 -0.801579 0.361705 0.189044 0.927259 0.320748 -0.330520 -0.219840 0.345283 0.282209 0.565938 -0.358915 -0.068231 -0.428045 0.154073 -0.060916 0.310181 
0.060200 -0.194843 1.042835 -0.438797 -0.338949 0.112291 0.878153 0.096205 0.325380 0.304976 0.258377 1.078059 -0.115480 -0.647722 -0.103219 -0.191024 0.097179 0.086953 0.099795 0.160405 -0.802207 0.429775 -0.157365 0.771015 0.409432 -0.400734 -0.261488 0.057472 0.042199 0.474749 -0.365512 -0.059659 -0.220538 0.112953 0.021631 0.148204 
-0.023245 -0.067494 1.356525 -0.227125 -0.266202 0.043698 0.751192 0.128454 0.385397 0.387893 0.224384 0.914156 0.063482 -0.767165 -0.265066 -0.318144 0.471324 0.093321 0.061203 0.016723 -0.702478 0.839717 -0.305794 0.683341 0.323808 -0.460525 -0.354967 -0.102787 0.207204 0.626869 -0.453063 -0.126755 0.076094 0.172905 -0.315868 0.368588 
0.158941 0.117462 1.162945 -0.339630 -0.266642 0.125001 0.626954 0.053246 0.212865 0.000744 0.320050 0.833695 -0.092443 -0.579728 -0.172168 -0.079071 0.252732 -0.382339 0.164011 0.027747 -0.723143 0.674703 -0.221040 0.804330 0.438781 -0.391863 -0.035012 -0.037568 0.279728 0.704272 -0.370490 -0.039740 -0.131799 0.418689 -0.213807 0.036808 
-0.082085 0.128763 1.037031 -0.604897 -0.366202 -0.120463 0.710526 -0.049085 0.199828 -0.163876 0.299733 0.761980 -0.016391 -0.585276 -0.391780 -0.183172 0.593179 -0.364227 0.125799 0.145287 -0.728070 0.532838 -0.222540 0.889469 0.454427 -0.574146 -0.305532 -0.039669 0.248339 0.544628 -0.244229 -0.164176 -0.242155 0.508380 -0.032458 0.347257 
-0.235173 0.340298 1.173604 -0.630139 -0.389214 -0.253453 0.530112 0.209397 0.141726 -0.147448 0.442998 0.892365 0.198980 -0.275343 -0.094195 0.203690 0.270915 -0.400404 0.140166 0.174114 -0.772037 0.454650 -0.170229 1.048059 0.512553 -0.440266 -0.006668 0.096667 0.177925 0.682207 -0.044776 -0.299782 -0.369380 0.632370 0.038034 0.099015 
-0.593346 0.094357 0.919283 -0.583034 -0.200692 -0.127591 0.617870 -0.281085 -0.031742 -0.099940 0.708715 0.836370 0.134707 -0.057539 -0.102208 0.393727 0.191362 -0.454408 0.302078 -0.166728 -0.557979 0.122919 -0.072407 0.480979 0.455747 -0.130670 0.026382 0.065211 0.105056 0.466260 0.150991 -0.156979 -0.298393 0.664915 0.041675 0.276450 
-0.832359 -0.069997 0.814078 -0.369294 0.025022 -0.050152 0.287211 -0.418115 -0.182664 -0.131573 0.858985 0.752027 -0.134445 -0.069709 -0.567960 0.907783 0.112954 -0.806760 0.341139 -0.431250 -0.427629 0.021098 -0.108357 0.126493 0.472807 0.101394 0.071970 0.054663 0.003438 0.073596 0.072801 -0.176951 -0.273420 0.510112 0.220749 0.324426 
-0.984832 -0.195913 0.617487 -0.325315 -0.397234 -0.259902 0.180924 -0.495550 -0.122741 -0.072652 1.489627 0.682626 -0.111206 -0.136069 -0.578414 0.997393 -0.009378 -0.925865 0.493114 -0.415846 -0.442341 -0.083089 -0.157157 0.389691 0.832977 0.176693 0.199828 -0.265030 0.083109 -0.092074 0.127735 -0.219938 -0.559736 0.620220 -0.288492 0.618644 
-0.868721 -0.203336 0.878988 -0.312269 -0.370008 -0.159858 0.399436 -0.285650 -0.131157 -0.056388 1.367132 0.800406 -0.340893 0.192279 -0.742169 1.015348 -0.119687 -0.877739 0.435997 -0.440040 -0.076117 -0.046029 0.196866 0.095828 0.514432 0.082098 0.042659 -0.227859 0.029091 -0.098125 0.183015 -0.360735 -0.738402 0.457213 -0.233883 0.278570 
-0.583829 0.331511 0.722896 -0.695417 -0.587144 0.008977 0.318022 -0.117727 -0.204689 -0.273193 1.049307 0.626101 -0.267389 0.402085 -0.653627 0.819199 -0.032415 -0.829240 0.159696 -0.336532 0.019520 -0.332901 0.492050 0.548412 0.201774 0.317612 0.080980 -0.131829 -0.055306 -0.147759 0.178368 -0.286691 -0.542790 0.263184 -0.242568 0.360588 
-0.221915 0.807045 0.789145 -0.708856 -0.506558 0.030874 0.339417 -0.084623 -0.270555 -0.317312 0.718408 0.391877 -0.489366 0.132973 -0.405088 0.588451 0.025880 -0.674795 0.048542 -0.396414 0.009590 -0.344391 0.432482 0.580616 0.171633 0.168528 -0.106162 0.061861 -0.018634 0.025235 0.067938 -0.450181 -0.253313 0.582987 -0.225343 0.269376 
0.044321 0.566220 0.848790 -0.595355 -0.480276 0.064403 0.265835 -0.455473 -0.175230 0.059792 0.736722 0.485725 -0.212872 0.182920 -0.321643 0.681722 0.132980 -0.442660 -0.251853 -0.249220 -0.038005 -0.256954 0.182956 0.406871 -0.010236 0.397641 -0.256591 -0.014410 -0.063084 -0.150268 -0.104854 -0.418886 -0.406712 0.360850 -0.377904 0.300090 
0.093238 0.617319 0.674750 -0.511805 -0.543642 0.095937 0.024681 -0.598522 -0.244539 -0.016747 0.528425 0.275288 -0.083819 0.066725 -0.418041 0.722834 0.125618 -0.296717 -0.113261 -0.042304 0.008790 -0.308143 0.109610 0.291517 0.065763 0.336486 -0.407586 -0.154164 -0.032820 -0.398374 -0.142260 -0.477527 -0.268925 0.153701 -0.233967 0.240097 
0.420129 0.192782 0.422095 -0.332763 -0.689741 -0.117468 -0.071250 -0.672516 -0.217571 0.488923 0.715124 0.117977 0.033514 0.053451 -0.379904 0.695761 0.311907 -0.157061 0.085407 -0.179166 0.114783 -0.361289 -0.032826 0.139636 -0.118608 0.439831 -0.375503 -0.196845 -0.152393 -0.665649 -0.401676 -0.439081 -0.449081 -0.135532 -0.559929 0.260852 
0.176416 0.004971 -0.104645 0.360999 -0.554679 -0.312319 -0.002691 -0.646116 -0.261332 0.257750 0.587365 -0.006669 0.067833 -0.050433 -0.346808 0.467655 0.258292 -0.501293 0.347424 0.065411 -0.177305 -0.067740 -0.195240 -0.038449 -0.007710 0.211761 -0.445820 -0.131263 0.048251 -0.816318 -0.594225 -0.606545 -0.332186 -0.210521 -0.343366 0.366233 
0.241110 -0.363553 -0.315655 0.528890 -0.333070 -0.502763 0.074161 -0.767985 0.038162 0.285249 0.134315 0.210662 0.235660 -0.481784 -0.213082 0.696427 -0.006273 -0.123256 0.465583 0.247519 -0.159175 0.017764 -0.167560 -0.086896 0.106418 0.260435 -0.257334 -0.160342 -0.333235 -0.834950 -0.782535 -0.522103 -0.282010 -0.637569 -0.434350 0.428099 
0.178163 -0.441060 -0.793876 1.006871 -0.013919 -0.894675 0.191924 -0.468610 0.032455 0.305561 -0.327761 0.508949 0.172704 -0.470905 -0.274890 0.633014 -0.089489 -0.456470 0.414647 0.281000 0.007219 -0.338676 -0.448458 0.295249 -0.042142 0.436652 -0.539059 0.013591 -0.456088 -0.972825 -1.052385 -0.412494 0.221738 -0.794574 -0.340725 0.339781 
0.004118 -0.424455 -1.021036 1.198277 0.448251 -0.715134 0.439816 -0.312814 0.271465 0.063870 -0.713753 0.454685 -0.019285 -0.756467 0.155414 0.726378 -0.253310 -0.231850 0.372263 0.405479 0.134293 -0.138609 -0.370686 0.267516 -0.117041 0.259963 -0.363420 -0.153757 -0.325790 -1.288826 -1.298255 -0.575015 0.243629 -1.166546 -0.208884 0.507524 
-0.011058 -0.314983 -1.234000 0.873584 1.249587 -0.484791 0.508356 0.030618 0.154652 -0.013055 -1.202359 0.698623 -0.052939 -0.684092 -0.022722 0.866895 -0.156885 -0.035130 0.131956 0.256444 0.047407 -0.179323 -0.172881 0.215003 0.000461 -0.090762 -0.412301 0.236504 -0.382784 -1.333314 -1.495788 -0.336821 0.571977 -0.774984 -0.113543 0.480186 
-0.298874 0.154831 -1.811303 0.693912 1.179601 -0.409711 0.447694 0.299653 0.307166 -0.251745 -1.342502 0.396159 -0.196513 -0.367656 0.256911 0.897523 -0.246563 0.647372 0.195803 0.509615 0.135257 0.162154 -0.088067 0.125406 0.173723 0.030865 -0.742683 0.277329 -0.137461 -1.399716 -1.774401 -0.108277 0.671817 -0.243041 -0.438607 0.085278 
-0.033046 0.446288 -1.671353 0.408268 0.956192 -0.051421 0.484832 0.230987 0.506897 -0.538610 -1.413045 0.283030 -0.140402 -0.082838 -0.159592 0.898147 -0.401808 1.053818 0.369743 0.451809 0.362164 0.497849 0.383132 0.052794 0.081021 0.029344 -0.706451 0.411818 -0.046174 -1.379581 -1.906354 0.055767 0.647383 -0.375637 -0.293515 0.103531 
-0.151739 0.395132 -1.289622 0.214595 0.614373 -0.097666 0.198908 0.081883 0.408358 -0.543796 -1.063113 0.267305 -0.157773 -0.004125 -0.222861 1.020862 -0.096146 0.802504 0.296196 0.448953 0.554084 0.421151 0.570203 -0.164118 -0.182845 0.171526 -0.418773 0.698913 -0.169003 -1.454291 -1.906554 0.275583 0.583828 0.038710 -0.158265 0.017364 
0.087787 0.219888 -0.565422 -0.077851 0.130766 -0.011969 0.305966 0.306989 0.481230 -0.454373 -0.325823 -0.123061 -0.128463 0.027414 -0.524075 1.416155 0.220863 0.684651 0.393305 0.532239 0.565201 0.647619 0.786437 -0.182065 -0.396697 0.295584 -0.235647 0.794297 -0.063508 -1.345067 -1.797703 0.137382 0.379639 0.126088 -0.199111 -0.230596 
0.120855 -0.139246 -0.060610 -0.363715 -0.223447 -0.256518 0.043125 0.481664 0.178438 -0.699315 -0.058843 -0.008773 0.256085 0.068965 -0.382166 1.456493 0.172347 0.461322 -0.102262 0.597559 0.991954 0.568307 0.981236 -0.408431 -0.441203 0.501852 -0.108871 0.950991 0.137932 -1.180763 -1.371257 0.482169 0.301321 0.196271 -0.218120 -0.455990 
0.292335 -0.322011 0.638066 -1.001420 -0.505628 -0.144191 -0.290284 0.244414 0.087246 -0.762532 0.014988 0.239247 0.249773 0.105406 -0.604591 1.252431 0.159129 0.446339 -0.357419 0.665502 1.121384 0.600388 1.038186 -0.577067 -0.335971 0.216565 -0.111310 0.536627 -0.243170 -1.272757 -0.956227 0.549211 -0.107291 0.499393 -0.323495 -0.323187 
0.390324 -0.235896 0.980918 -1.253195 -0.464501 -0.151900 -0.223360 0.202039 0.033413 -0.586320 0.411671 0.330398 0.843512 0.027314 -1.145055 1.069893 0.255689 0.429610 -0.756284 0.693286 1.192195 0.711179 0.768299 -0.260867 -0.386987 0.166921 -0.129326 0.186536 -0.724466 -1.148116 -0.400829 0.077547 -0.265431 0.541380 -0.424638 -0.390858 
0.402879 -0.516631 0.714617 -1.410087 -0.300924 -0.023713 -0.053810 -0.293856 -0.149405 -0.841745 0.497803 0.393750 1.139394 0.139001 -1.249102 0.504733 0.471998 0.360157 -0.949651 0.921817 1.190831 0.163133 0.495779 -0.319339 -0.477396 0.136608 -0.038013 -0.571534 -1.155773 -0.996607 0.261789 0.035246 -0.423662 0.415354 -0.080226 -0.370573 
0.105045 -0.504620 0.445107 -1.554990 0.184253 0.100837 0.006207 -0.823473 -0.288536 -0.979608 0.201293 0.573627 1.170617 0.033284 -1.153076 0.099293 0.263070 0.302767 -0.790290 0.712036 0.769707 -0.644834 0.208043 -0.175035 0.098540 -0.088592 -0.064199 -1.140026 -1.368217 -0.774645 0.370552 -0.488118 -0.336861 0.120757 -0.076398 -0.218372 
-0.599222 -0.139096 0.088349 -1.172370 0.676250 0.039051 0.422553 -0.935838 -0.313661 -1.241273 0.401441 0.687255 0.519114 0.075068 -0.847766 -0.549669 -0.277100 -0.010662 -0.793080 1.068299 0.513512 -1.170317 -0.327804 -0.050218 0.356322 -0.282847 -0.066276 -1.189496 -0.943600 -0.549188 0.307697 -0.677589 -0.273106 0.499933 0.059090 0.116974 
-0.637103 -0.182917 -0.412291 -0.752252 0.554412 0.299409 0.286591 -1.187884 -0.797895 -0.876455 0.297338 0.275568 0.489711 -0.340512 -0.588485 -0.804990 -0.050409 -0.386445 -0.310870 0.934612 0.261856 -1.124040 -0.809801 -0.234290 0.695574 -0.374366 0.301178 -1.169978 -0.336071 0.037529 -0.251885 -0.867115 0.037092 0.579491 0.205518 0.540546 
-0.330802 0.035447 -0.437284 -0.555368 -0.132595 0.396185 -0.114175 -1.161261 -0.671572 -0.376684 0.040407 -0.441260 0.469225 -0.543713 -0.871501 -0.840163 -0.015265 -0.312116 0.292919 0.586932 0.320357 -0.840586 -1.220203 -0.292695 0.623545 -0.267426 0.645393 -1.102036 -0.044568 0.156478 -0.680801 -0.950523 -0.146263 0.788837 0.397343 0.613537 
0.281088 -0.329509 -0.074007 -0.299121 -0.553313 0.679365 -0.888519 -0.432034 -0.993571 0.337437 0.201143 -0.700361 0.177460 -0.639314 -0.839050 -0.710050 0.214551 -0.550817 1.151922 0.265016 0.425298 -0.415982 -1.386499 -0.297785 0.522957 -0.244533 0.792444 -0.461408 0.176192 0.410214 -0.427091 -0.631122 0.018900 0.925577 0.378689 0.427149 
0.542858 -0.033951 -0.170543 -0.251618 -1.014013 0.490812 -0.876667 0.179499 -0.663570 0.321885 0.542525 -0.704521 0.006417 -0.287618 -0.243981 -0.640640 0.085898 -0.466305 1.121063 -0.473468 0.399944 -0.201936 -0.997571 -0.154254 0.302277 0.157560 0.929965 -0.270011 0.312066 0.294849 -0.143038 -0.360606 -0.028176 0.869918 0.636216 0.176965 
0.631500 -0.146125 -0.033182 -0.649891 -0.914032 0.502853 -0.387020 0.372697 -0.048274 0.159984 0.382090 -0.526260 -0.153535 -0.072251 0.298400 -0.240823 0.310640 -0.392693 0.950964 -0.705017 -0.141723 -0.285324 -0.354155 -0.097370 0.092891 0.240609 0.640358 -0.193777 0.283259 0.076476 -0.138811 0.214576 0.238215 0.665696 0.853771 0.014184 
0.351608 -0.077703 0.261197 -0.509990 -0.293837 0.437202 0.021900 0.471221 0.435108 -0.372131 0.873770 -0.256294 0.122647 0.182720 0.515406 0.077778 -0.141158 0.370602 0.272657 -0.823416 -0.164547 -0.137455 0.015640 0.187268 -0.203584 -0.089371 0.168336 0.027656 0.381140 0.032104 0.278602 -0.093580 0.392186 0.536162 0.658240 -0.100290 
0.029075 -0.497602 -0.155916 -0.078772 0.128553 -0.030591 0.549452 0.615019 0.750115 -0.729091 0.753315 0.418679 0.456258 0.169288 0.277964 0.543133 -0.276541 0.521274 -0.177706 -1.218330 -0.400831 -0.508676 0.383707 0.267320 0.479261 0.082774 0.153572 0.290803 0.492651 0.615903 0.691222 0.042184 0.218942 0.380040 0.748818 -0.262559 
-0.216161 -0.418607 -0.001503 0.700497 0.425287 -0.262319 0.488307 0.461786 0.849838 -0.448096 0.619330 0.245666 0.456372 -0.043537 -0.011555 0.613334 -0.393960 0.491908 -0.415354 -1.436568 -0.194518 -0.025032 0.383799 0.363227 0.364188 0.291298 0.068968 0.642286 0.396312 0.712398 0.689605 0.036680 0.445618 -0.328968 0.980451 0.033884 
-0.479096 0.611665 0.498991 0.598379 0.199207 0.080171 0.318039 -0.397662 0.830107 -0.020810 0.199015 -0.225532 0.545991 -0.043284 -0.391297 0.546675 -0.224096 0.465040 -0.413196 -1.993204 -0.504064 0.142324 0.640909 0.299631 0.241972 -0.008772 -0.221792 0.930172 0.550490 0.523897 0.431187 0.209481 0.453522 -1.002884 0.957470 0.177218 
-0.159385 1.219985 0.800385 0.256891 -0.409174 0.534767 -0.197389 -0.545269 1.275935 -0.063802 -0.183891 -0.543939 0.432356 -0.003008 -0.187454 0.239918 0.178996 0.304018 -0.588372 -2.344668 -0.492953 0.740723 0.464602 0.069664 -0.214773 -0.131196 -0.701055 0.813047 0.353517 0.193837 0.044003 0.425864 0.310866 -0.785178 0.957816 0.300005 
0.403119 1.089569 0.262305 -0.031300 -0.364077 0.524050 0.195399 -0.695538 1.034726 -0.191405 -0.716428 -0.247943 0.365996 0.101321 0.095440 -0.545999 0.241675 0.569416 -0.629031 -2.231094 -0.300214 0.696723 -0.182079 -0.032525 0.064049 -0.152638 -0.587363 0.976409 0.186840 -0.198664 0.172259 1.053649 -0.067572 -0.151445 0.831582 -0.011309 
0.734499 0.691067 -0.288592 -0.078600 -0.370738 0.409262 0.417345 -0.242349 0.823474 -0.106370 -0.623868 0.054722 0.074848 0.490337 0.490454 -0.927249 0.203488 0.581407 0.128597 -1.809743 0.063418 0.744390 -0.254941 -0.020408 0.372873 0.055312 -0.505957 0.582501 -0.027914 -0.265403 0.381762 1.081998 -0.161458 0.130963 0.634339 -0.613637 
0.390861 0.530835 -0.399343 0.168166 -0.214881 0.521870 0.412760 -0.246697 0.077626 -0.268134 -0.074217 0.341686 0.215777 0.542215 0.610326 -0.946146 0.409032 0.824119 0.460187 -1.651431 0.149958 0.095585 -0.419867 0.088356 0.586370 -0.016386 -0.315773 0.428694 -0.371847 -0.504083 0.425687 1.005409 -0.690810 0.376572 0.315892 -0.445106 
0.124466 1.187627 -0.109131 0.349925 0.039225 0.315810 0.182527 -0.196371 0.001931 -0.363873 0.480635 0.280575 0.326654 0.374205 0.412043 -0.213361 0.421176 0.505908 0.530790 -0.798613 -0.485064 -0.253404 -0.411409 0.135735 0.792324 -0.136090 0.503255 0.295743 -0.252766 -0.009492 0.234865 0.209267 -0.523359 0.495447 0.094893 -0.095823 
-0.502580 1.449101 0.345307 0.475335 0.274718 0.336889 -0.182660 0.232440 0.346393 -0.131014 0.672180 -0.031015 0.599612 -0.070140 0.611319 0.469331 0.836311 0.010136 -0.128629 -0.349432 -0.464775 -0.675096 -0.238762 0.380406 0.641488 -0.309378 1.299178 0.090822 0.258756 0.519203 0.186581 -0.100920 -0.307854 0.525768 -0.277971 0.702263 
-0.838671 1.010386 -0.056871 0.570603 0.544583 0.328974 -0.496750 0.098950 0.489119 -0.244716 0.526633 -0.203599 0.657432 -0.650091 0.261024 0.628339 0.430951 -0.122427 -0.354982 0.057409 0.172423 -0.777456 0.067126 0.201183 0.125596 -0.012616 1.813878 -0.435230 0.265041 0.653820 0.195959 -0.292776 0.112504 0.211364 -0.373236 0.425825 
-1.028208 0.562707 -0.131538 0.945306 0.691869 0.449282 -0.686112 -0.069579 0.778964 0.022870 -0.150105 -0.052646 0.644122 -0.635182 -0.278889 0.413663 -0.506368 0.146729 -0.204089 0.281454 0.450615 -0.035710 0.256761 -0.064794 -0.624714 0.263370 1.119306 -1.271076 -0.354219 0.291517 0.279728 0.006496 1.032141 -0.655215 -0.257974 -0.194106 
-0.331579 -0.263039 0.371894 1.311258 0.585883 0.230691 -0.649977 -0.377515 0.570309 0.147395 -0.554128 -0.607836 0.912464 -0.948396 -0.722107 0.502412 -0.390768 0.610902 0.124703 0.026654 0.734324 0.774542 -0.166189 0.018204 -1.339569 0.001472 -0.452466 -1.201116 0.071841 0.466281 -0.181854 -0.204142 1.294052 -0.987370 -0.578714 -0.193741 
-0.107306 -0.940982 0.099063 1.133846 0.192041 0.046154 -0.632628 -0.802871 0.172944 0.355257 -0.655677 -0.743858 0.846018 -0.441773 -0.747133 0.220060 -0.534119 0.645043 0.620243 -0.384107 0.939189 0.813928 0.174236 0.015124 -1.449092 0.172423 -1.002672 -1.119167 -0.152554 0.244526 -0.063722 0.010087 0.808292 -0.773459 -0.678126 -0.274697 
-0.137818 -1.343691 -0.308769 0.864029 -0.471221 -0.190615 -0.274751 -1.017228 -0.342205 0.486663 -0.272182 -0.251298 0.621750 0.048581 -0.608517 0.077827 -0.831959 0.117364 0.317603 -0.478322 0.961005 0.410597 0.461039 -0.104856 -1.228419 0.434621 -0.610106 -0.623908 -0.276515 -0.534480 0.197489 0.515371 0.131997 -0.273553 -0.061902 -0.635597 
-0.283737 -1.466194 -0.616605 0.741279 -0.600096 -0.442716 0.043593 -1.218717 -0.455581 0.227497 0.161365 -0.072761 0.631351 0.363080 -0.411796 -0.170258 -1.141044 0.020574 0.212681 -0.265408 0.614452 -0.123762 0.076182 0.008775 -0.737967 0.285380 -0.417552 0.223533 -0.222124 -0.449016 0.228964 0.761592 -0.474566 0.275326 -0.083709 -0.685737 
-0.423378 -1.275357 -0.941050 0.699147 -0.575212 -0.414337 0.016628 -1.352416 -0.658284 -0.040681 0.610444 0.235777 0.550535 0.421952 -0.190429 -0.054618 -1.337608 -0.360256 -0.387656 -0.296004 0.662219 -0.544216 -0.407723 0.009003 -0.469656 0.125525 -0.007102 0.717847 -0.281207 -0.554197 0.243469 0.896788 -0.298568 0.382158 -0.093751 -0.679552 
-0.228411 -1.228099 -0.452020 0.684038 -0.717107 -0.277129 0.098811 -1.170610 -0.695365 -0.271242 0.676740 0.385384 0.621240 0.223460 0.222137 -0.296840 -0.957299 -0.307398 -0.535503 -0.074066 0.297106 -0.858263 -1.015939 -0.056983 -0.275042 -0.448796 -0.149428 0.837838 -0.188571 -0.348332 0.459080 0.558605 -0.238633 0.722391 0.056267 -0.292374 
-0.313455 -0.738102 -0.080766 0.392906 -0.525708 0.182761 0.283856 -0.931343 -0.974311 -0.689462 0.683111 0.358555 0.342909 0.303289 0.107061 -0.284951 -0.741292 -0.389139 -1.071835 0.209457 0.138060 -1.444514 -1.074710 -0.090693 -0.073345 -0.390947 0.100720 1.138179 -0.357244 -0.260229 0.791127 0.483602 -0.122960 1.008780 0.098071 -0.075980 
-0.140973 -0.771443 0.288376 0.032249 -0.473115 0.297832 0.414085 -0.553079 -0.977091 -0.502968 0.681025 0.233346 0.077377 0.247004 0.325080 -0.512161 -0.183273 -0.495217 -1.356778 0.264294 0.131018 -1.188319 -0.978634 -0.005002 -0.241695 -0.470362 0.264252 1.276911 -0.658386 -0.078449 1.043094 0.345696 -0.045737 1.185364 0.056843 -0.108910 
-0.106211 -0.608035 0.629455 -0.416735 -0.488331 0.487432 0.321120 -0.311647 -0.803092 -0.333917 0.325492 0.114987 -0.026609 -0.024827 0.167670 -0.451031 0.449056 -0.412663 -1.348535 0.454332 -0.006304 -0.810354 -0.685350 0.130881 -0.388478 -0.658101 0.279929 0.782099 -0.283729 -0.082961 1.298610 -0.165751 0.043855 1.069042 -0.197477 -0.193121 
0.143976 -0.187601 0.411645 -0.430797 -0.751739 0.421136 0.045124 0.078464 -0.242754 -0.114833 0.045930 -0.056372 0.138176 -0.313164 -0.075007 -0.366253 0.627855 0.092381 -1.527754 0.488811 -0.061085 -0.306554 -0.466886 0.307051 -0.281168 -0.554442 0.216797 0.878750 -0.453554 0.229685 1.260280 -0.256881 0.395856 1.135746 -0.317426 -0.527881 
0.538138 -0.009407 0.374235 -0.183514 -0.921712 0.062539 0.014342 0.350712 -0.073297 0.205917 -0.439907 -0.327617 0.265644 -0.681416 -0.266971 -0.468363 0.652235 -0.037135 -1.339343 0.366009 -0.138885 0.336860 -0.313445 0.243274 -0.346257 -0.603693 0.427855 0.466542 -0.524697 0.509127 1.033074 -0.285291 0.492753 1.242160 -0.812444 -0.338494 
0.690208 0.133423 0.228440 -0.307295 -1.067637 -0.163176 0.003650 0.542223 -0.107678 0.479031 -0.437287 -0.521599 0.392940 -0.795683 -0.387746 -0.283988 0.623460 0.032612 -1.144347 0.305631 -0.279907 0.308021 0.009047 0.146835 -0.277818 -0.617441 0.350565 0.270337 -0.582260 0.575781 1.037690 -0.459286 0.841526 1.008202 -0.698575 -0.219290 
0.807957 0.044798 0.141621 -0.130179 -0.900637 0.061959 -0.027538 0.469767 0.056337 0.670035 -0.108398 -0.440974 0.138414 -0.812648 -0.481106 -0.302487 0.717769 0.493694 -0.879887 0.241379 -0.552909 0.328185 0.045175 0.144364 -0.499933 -0.569629 0.545665 0.031505 -0.641816 0.414836 0.685031 -0.426040 1.032438 0.652050 -0.661356 0.017163 
0.761137 0.161188 0.082458 -0.038521 -0.369260 -0.097210 0.003798 0.377852 0.026850 0.598557 -0.164208 -0.396346 0.210576 -1.006554 -0.433307 -0.371362 0.905901 0.407703 -0.567950 0.257975 -0.667847 -0.005394 0.014138 0.043874 -0.293014 -0.479135 0.355603 -0.072513 -0.564702 0.093871 0.712322 -0.345975 0.820435 0.286672 -0.364345 0.131638 
0.423301 0.048950 0.016515 0.268191 -0.145758 -0.009209 -0.005795 0.356678 0.006205 0.753472 -0.022378 -0.027885 0.078328 -0.803694 -0.547189 -0.416484 0.474540 0.529078 -0.222931 0.075543 -0.514565 -0.022808 0.033606 -0.107237 -0.308290 -0.521032 0.196893 -0.083842 -0.685550 -0.022489 0.381656 -0.225654 0.919560 0.035972 -0.245615 0.222091 
0.010154 0.103136 -0.248086 0.385073 -0.041827 -0.248050 -0.076371 0.346425 0.011546 0.501973 -0.191837 -0.175536 -0.072599 -0.566546 -0.225761 -0.536574 0.406362 0.366279 -0.193856 -0.055500 -0.502789 -0.096038 -0.001120 -0.157369 -0.185013 -0.602761 0.291062 -0.372674 -0.440950 0.029574 0.150631 -0.172870 0.873880 -0.200799 -0.265837 0.128502 
0.162861 0.020255 -0.467288 0.177510 -0.064310 -0.435674 -0.208201 0.190889 -0.064467 0.644139 -0.301995 0.012242 -0.070986 -0.558299 -0.397617 -0.626230 0.622262 0.385899 0.093973 -0.185189 -0.812733 0.204528 0.172671 -0.243610 0.073608 -0.448577 0.216735 -0.244979 -0.403168 0.093139 0.161902 -0.118212 0.698185 -0.671123 -0.277552 0.140058 
0.154190 0.212763 -0.571840 0.202618 0.053013 -0.470799 -0.212702 0.159687 -0.004684 0.437684 -0.425252 0.005393 -0.077091 -0.622691 -0.450305 -0.410380 0.551023 0.268016 0.136056 0.022188 -0.846271 0.316710 0.352008 -0.331340 0.007308 -0.458886 0.337754 -0.161451 -0.299406 -0.121556 -0.255692 -0.287854 0.922865 -0.568345 -0.334682 -0.031439 
0.268892 0.276748 -0.539938 0.155964 -0.133415 -0.191451 -0.208346 -0.023794 -0.022599 0.265241 -0.353235 0.132817 -0.275597 -0.691433 -0.280504 -0.572001 0.328224 0.048837 -0.003132 -0.052511 -0.735230 0.154885 0.397486 -0.075599 -0.128897 -0.189234 0.208939 -0.085153 -0.099984 -0.134616 -0.324761 0.034392 0.850782 -0.681212 -0.438478 0.112991 
0.590189 0.132623 -0.214744 0.200630 0.057560 -0.219929 -0.070650 0.137767 -0.068959 0.179528 -0.367817 -0.182906 -0.090280 -0.731032 -0.168048 -0.302674 0.527034 0.028123 -0.145279 -0.140057 -0.552292 -0.068437 0.310130 -0.048441 0.164834 -0.272207 -0.024034 0.121823 -0.240902 -0.008625 -0.324023 -0.158190 0.798003 -0.758749 -0.358105 0.031745 
0.419719 -0.050244 -0.255557 -0.043000 0.133957 0.057812 0.195117 0.043372 -0.274117 0.099812 -0.275689 -0.073761 -0.073392 -0.685257 0.036357 -0.225330 0.051238 0.272259 -0.142139 0.117412 -0.150803 -0.081493 0.197957 0.003680 0.237768 -0.223210 -0.242028 0.105137 -0.245740 -0.108033 -0.041189 -0.120156 0.459738 -0.651693 -0.364189 -0.034912 
0.491462 -0.098279 0.293919 -0.260707 0.241852 0.320056 0.410384 0.136913 -0.046924 0.132294 -0.525001 -0.149971 0.166025 -0.750834 0.200943 -0.336990 0.146299 0.271921 -0.202977 0.232986 -0.092639 -0.095387 -0.054388 0.166244 0.152247 -0.302377 -0.255085 0.257574 -0.036273 0.036589 -0.159478 -0.227969 0.384165 -0.452105 -0.357278 0.011105 
0.531152 0.119395 0.116789 -0.411907 0.139838 0.148225 0.366014 0.026233 -0.270244 0.082411 -0.401420 -0.111387 -0.080974 -0.660060 0.198700 -0.497584 0.218927 0.231984 -0.101799 0.158567 0.097237 -0.018025 -0.139513 -0.107894 0.272559 -0.259139 -0.237005 0.065151 -0.019518 0.171828 -0.230955 -0.019181 0.595044 0.080695 -0.323947 -0.480063 
0.590547 -0.143589 0.110663 -0.353014 0.184079 0.284230 0.349097 -0.081025 -0.502294 -0.185151 -0.569102 0.013607 0.205720 -0.443081 0.264322 -0.535678 0.166927 0.441796 -0.251021 0.155524 0.206731 -0.007977 -0.082226 -0.083444 0.454161 -0.236670 -0.238856 0.128689 0.073751 0.136461 -0.058089 -0.124764 0.558118 -0.154760 -0.441013 -0.573431 
0.404389 -0.014553 0.080119 -0.392545 0.237140 0.438469 0.149316 -0.060289 -0.153900 0.042557 -0.525330 -0.085766 0.053548 -0.257455 0.403252 -0.487508 0.226706 0.317228 0.181672 0.494793 0.183127 0.129620 -0.139004 -0.106170 0.327069 -0.123955 -0.272753 0.041856 0.253232 0.021534 -0.252330 0.207640 0.531858 0.289639 -0.153884 -0.458944 
0.249553 -0.021734 -0.050069 -0.227107 0.068397 0.336647 0.124282 0.323530 -0.418610 0.046517 -0.466501 -0.353823 -0.149962 -0.261357 0.512528 -0.551964 0.067955 0.399599 0.310366 0.464106 0.163187 0.128809 -0.248293 -0.258249 0.271806 -0.155357 -0.194058 -0.066710 0.385715 0.248163 -0.202261 0.115624 0.575609 0.038386 0.035834 -0.214591 
0.134445 0.059821 -0.140755 -0.109629 0.262125 0.418576 0.244573 0.075735 -0.230983 0.124002 -0.332278 -0.455821 -0.377953 0.136875 0.441906 -0.747115 0.152583 0.396810 0.380332 0.236589 0.112692 0.059341 -0.331330 -0.278386 0.009668 0.121543 -0.221318 0.071493 0.314002 0.224842 -0.506873 0.015109 0.584034 0.045445 -0.032368 0.011424 
0.139794 -0.093463 -0.349735 -0.058857 0.575612 0.237006 0.018139 0.115054 -0.088208 0.023216 -0.282721 -0.418667 -0.366752 0.182821 0.579322 -0.389889 0.365247 0.560268 0.339587 0.362587 0.296250 -0.018428 -0.288810 -0.365570 -0.051832 0.077399 -0.179965 0.223775 0.160473 0.263822 -0.512043 0.386224 0.466747 0.134396 -0.023390 -0.038862 
-0.050544 -0.123817 -0.304211 -0.105163 0.576584 0.139424 0.065447 0.045327 0.140145 0.049261 -0.291011 -0.204291 -0.455318 0.512676 0.516940 -0.451282 0.113043 0.623544 0.331009 0.152858 0.254703 -0.229057 -0.093345 -0.094492 -0.125175 0.146194 -0.146724 0.182775 0.173930 0.269174 -0.413137 0.275233 0.172716 0.083798 -0.290636 0.172425 
0.252448 0.128874 -0.096133 -0.238693 0.440000 0.168218 0.373200 0.286500 0.339556 0.220158 -0.242753 -0.020899 -0.024404 0.933466 0.581407 -0.602393 0.034556 0.655702 0.528152 0.114762 0.150281 -0.178642 0.231955 -0.150603 -0.379668 0.169994 -0.158802 0.020246 0.027094 0.184436 -0.129792 0.283660 0.339857 0.281870 -0.107673 -0.040745 
-0.007969 0.183863 -0.150190 -0.104457 0.336323 0.117254 0.622730 0.329949 0.048765 0.363326 -0.037898 0.167060 -0.000831 0.796335 0.351955 -0.117885 -0.081456 0.444071 0.711260 0.152989 -0.031868 -0.133595 0.248087 0.015363 -0.634171 0.284848 -0.409422 -0.110584 -0.057738 -0.089331 -0.177842 0.188793 0.152651 0.258411 -0.070202 0.093682 
0.117404 0.368319 -0.243008 -0.136668 0.155854 0.070458 0.706612 0.416200 0.192412 0.256829 0.061158 0.362490 0.300801 0.693077 0.474722 -0.359888 -0.238442 0.364612 0.812809 -0.004267 -0.219901 0.028597 0.089931 -0.141417 -0.476323 0.330310 -0.621830 -0.160646 -0.390894 -0.103822 -0.216463 0.535049 0.218119 0.059609 0.024518 0.044833 
0.156325 0.024360 -0.169030 -0.297585 0.180328 -0.115781 0.372172 0.545980 0.198128 0.348060 -0.029081 0.496662 0.170236 0.649193 0.207662 -0.227275 -0.390743 0.505252 0.866978 0.051523 -0.150131 -0.151923 -0.014517 0.109970 -0.535051 0.194841 -0.463514 -0.151421 -0.371250 -0.283960 -0.214491 0.350238 0.127165 -0.113486 0.180817 -0.176952 
0.040626 -0.049380 -0.190186 -0.196906 0.120290 -0.002454 0.497525 0.883077 0.245980 0.462841 0.004336 0.502276 0.349144 0.638114 0.237302 -0.078561 -0.047804 0.398928 0.563330 -0.138723 -0.218129 0.061697 -0.275845 -0.011608 -0.479032 -0.011062 -0.511084 -0.032442 -0.311740 -0.028737 -0.226957 0.160773 -0.220588 0.086135 0.197382 -0.124934 
0.026781 -0.092159 -0.013768 -0.408536 0.315999 0.008964 0.524260 0.845832 0.036086 0.623224 -0.108647 0.213762 0.280172 0.358041 0.544745 -0.073964 0.001171 0.452075 0.489825 -0.038135 -0.158716 0.126240 -0.097350 -0.095766 -0.455909 0.098502 -0.206498 -0.078600 -0.190705 -0.060009 -0.047764 0.277082 -0.120516 0.232642 0.067850 -0.160819 
-0.028165 -0.152436 0.104711 -0.291340 0.241053 0.150637 0.403297 0.436312 0.192223 0.227846 -0.049808 0.023303 0.111871 0.293732 0.542886 -0.077220 -0.254101 0.397454 0.257964 -0.134036 -0.127771 0.266713 -0.348687 -0.046340 -0.500381 0.289540 -0.513379 -0.061321 0.149354 0.246425 -0.103962 0.124270 -0.240190 0.091645 0.139442 0.133633 
0.052393 0.054989 -0.034837 -0.168560 0.568958 0.237146 0.260663 0.300302 0.226545 0.197110 0.059691 0.144899 0.171396 0.101639 0.617384 -0.132739 -0.105819 0.424855 0.375373 0.226708 0.127705 0.329286 -0.549650 0.016255 -0.229253 0.283813 -0.577072 -0.166569 0.139346 -0.073183 -0.164102 0.153204 -0.230137 -0.065749 0.244894 0.358245 
0.113049 0.186946 0.082939 0.029744 0.426557 0.202258 0.353140 0.286092 0.299450 0.198178 0.202719 0.042831 0.073316 0.369339 0.523419 -0.146903 -0.558556 0.259860 0.334168 0.171446 -0.095238 0.062923 -0.551489 -0.144415 -0.504478 0.268180 -0.579386 -0.151815 0.142015 0.022621 -0.187491 0.146436 -0.037912 -0.045424 0.271163 0.486091 
-0.085955 0.125192 -0.108348 0.034431 0.541172 0.103270 0.397293 0.577734 0.380262 0.416020 0.468849 -0.189445 0.084275 0.599856 0.557742 -0.103098 -0.526167 0.417561 0.367963 0.078440 0.159206 0.214904 -0.488325 -0.037970 -0.456438 0.253799 -0.445161 -0.091910 0.060860 0.020984 -0.268087 0.176661 -0.037841 -0.355244 0.053884 0.469062 
0.022110 -0.015724 0.005155 -0.295658 0.614935 0.061137 0.124673 0.715779 0.360726 0.195517 0.754684 -0.173310 -0.176364 0.453444 0.690281 0.038817 -0.429343 0.333203 0.321764 0.038491 -0.122708 0.289065 -0.403110 -0.135387 -0.278090 0.513767 -0.402873 -0.138186 0.151554 -0.218511 -0.096509 0.027186 0.086803 -0.279639 0.100626 0.414432 
-0.224107 0.090284 -0.140012 -0.332118 0.428504 0.163410 0.448950 0.731949 0.269866 0.459135 0.625342 -0.051909 0.024454 0.420765 0.518222 0.025240 -0.236121 -0.090479 0.429332 -0.183884 -0.064412 0.566150 -0.416306 0.106365 -0.415380 0.503466 -0.273581 -0.136663 0.080104 -0.119827 0.188180 -0.203605 0.018422 -0.325380 0.309881 0.366404 
-0.215521 -0.000255 0.057970 -0.282915 0.311397 0.182880 0.300371 0.439580 -0.156782 -0.065017 0.452025 -0.046752 0.032441 0.098828 0.848126 -0.157961 -0.511893 -0.183904 0.332181 0.090872 -0.213351 0.233182 -0.324807 0.194491 -0.377780 0.319934 -0.314365 -0.203431 0.456062 0.033606 -0.159218 -0.057854 0.016054 -0.177556 0.310251 0.215928 
-0.280106 0.114773 -0.020858 -0.183902 0.425741 -0.013780 0.227217 0.388904 -0.163507 -0.078124 0.378267 -0.041973 -0.084637 0.056826 0.622727 -0.168881 -0.446339 -0.105728 0.213408 0.235386 -0.213530 0.107085 -0.218502 0.171214 -0.020436 0.139508 -0.292994 -0.159441 0.141014 -0.111005 0.089587 -0.096227 -0.196022 -0.094848 0.145984 0.258509 
-0.415330 0.374057 0.082751 -0.115932 0.368878 -0.125041 0.300939 0.254324 0.047691 -0.201855 0.289193 -0.153103 0.116937 0.055882 0.590740 -0.042537 -0.286853 -0.148851 0.245220 0.189953 -0.261265 -0.056928 -0.270228 0.022709 -0.244173 0.242565 -0.420789 -0.047241 0.227032 -0.153449 0.125749 -0.235928 -0.080476 0.064815 0.212692 -0.035439 
-0.369555 0.089293 0.105866 -0.199960 0.243425 -0.158250 0.251488 0.230101 0.092432 -0.135663 0.396318 0.001005 0.156909 0.152488 0.299186 -0.242372 -0.225629 0.045456 0.167810 0.041155 -0.329214 -0.029829 -0.228867 0.352278 -0.289863 0.243029 -0.469280 -0.060955 -0.048583 0.095347 0.311458 -0.353946 -0.167188 -0.180646 0.278848 0.145666 
-0.111790 0.188061 -0.001455 -0.227509 0.151011 -0.034050 0.164076 -0.026075 0.045238 -0.191956 0.526753 -0.092528 0.171223 -0.057507 0.117806 0.040901 -0.226829 -0.132867 0.048310 -0.054760 -0.236280 0.141986 -0.118365 0.270148 -0.402285 0.391167 -0.420555 -0.022207 0.131294 -0.143103 0.254236 -0.162509 -0.281234 -0.097850 -0.038993 0.156422 
-0.038692 0.258066 -0.132921 -0.285527 0.061425 0.093505 0.162599 0.158638 0.178288 -0.071530 0.609751 -0.152695 0.111187 0.023133 0.284493 0.068146 -0.423193 -0.219997 -0.046139 -0.215939 -0.318634 0.397108 0.081476 0.107641 -0.406804 0.250048 -0.355512 -0.183729 0.106317 -0.068640 0.286681 -0.123072 -0.242081 -0.129541 -0.118315 0.003937 
-0.248715 0.168988 0.097944 -0.364872 0.260773 0.087228 0.099529 0.169131 -0.065968 -0.392763 0.407199 -0.230471 -0.125112 0.020027 0.171977 -0.055219 -0.467166 -0.075907 0.323664 -0.182389 -0.252074 0.221274 0.239683 0.310819 -0.326934 0.285000 -0.256811 -0.000515 -0.231215 -0.031972 0.188037 0.014687 -0.101851 -0.032568 -0.112293 0.119549 
0.070714 0.218415 -0.032350 -0.178685 0.086718 0.052374 -0.004090 0.259223 -0.109649 -0.402306 0.174641 -0.073924 -0.064432 -0.333889 0.118951 0.211203 -0.221916 -0.266615 0.234277 -0.081283 -0.097428 0.102767 0.204192 0.344292 -0.496319 0.389128 -0.234117 -0.135796 0.212043 -0.050041 0.125637 -0.131701 -0.267163 0.059485 -0.116501 0.050975 
-0.169410 0.111309 -0.022056 -0.209926 -0.007124 -0.233861 0.130324 0.229458 -0.347543 -0.434540 0.045935 -0.011912 -0.148991 -0.292483 0.060228 0.123555 -0.329503 0.142362 0.204429 0.061582 -0.201151 0.198742 0.152978 0.316998 -0.280608 0.223268 -0.315610 0.072571 0.178745 -0.099656 0.291934 -0.243229 -0.251820 -0.002737 -0.112807 0.037453 
-0.052653 0.293159 -0.188652 -0.158204 0.045648 0.041309 0.053060 0.178368 -0.167215 -0.420801 0.122864 -0.109673 -0.326622 -0.285132 0.046009 0.140382 -0.008972 0.263837 0.287547 0.130585 -0.148956 0.408210 -0.169964 0.281367 -0.143629 0.284072 -0.195793 -0.134239 0.241352 -0.305287 -0.003691 -0.048804 -0.335277 -0.067999 0.021688 0.199957 
-0.007796 0.195617 -0.028531 -0.071557 0.181047 -0.013939 0.286596 0.255965 -0.128728 -0.397473 0.127027 -0.228785 -0.302991 -0.407140 -0.077169 0.026162 -0.075407 0.049031 0.462608 0.365728 -0.180571 0.364990 -0.123524 0.465227 -0.115594 0.161722 -0.213504 -0.132400 0.187051 0.098182 0.061543 -0.228869 -0.074028 -0.172597 -0.020465 0.064499 
0.097631 0.011463 -0.146314 0.074189 0.418431 -0.086196 -0.005206 0.334447 -0.088387 -0.414988 0.202983 -0.203851 -0.429699 -0.379260 -0.029774 -0.065900 -0.163616 -0.007120 0.325789 0.235510 -0.151559 0.429070 0.003826 0.364100 -0.134758 -0.044776 -0.116294 0.079758 0.399255 0.074342 0.244457 -0.206977 -0.222834 -0.160583 -0.093507 0.197099 
0.104995 0.235958 0.115169 0.023716 0.286384 -0.129859 0.152440 0.120260 -0.069412 -0.589562 0.464589 -0.204776 -0.398963 -0.383565 0.010117 -0.119480 0.101568 0.024657 -0.070073 -0.110439 -0.004843 0.504565 0.035632 0.332955 -0.002382 0.017033 -0.000686 -0.012588 0.171985 -0.155251 0.389331 -0.000577 -0.220893 0.144525 -0.090374 -0.017973 
-0.142932 0.242617 -0.007420 0.058585 0.361281 -0.061020 -0.018410 0.173791 -0.124966 -0.646183 0.291057 -0.086601 -0.263892 -0.269978 -0.006860 -0.372233 0.084343 -0.100599 -0.074405 0.097246 0.000849 0.315051 0.025130 0.183605 0.029088 -0.030450 0.189898 0.142559 0.088832 0.175294 0.203522 0.155715 -0.225060 -0.100168 0.005771 0.277125 
0.128904 0.070258 0.208104 0.042759 0.595913 -0.011149 0.052339 0.149257 -0.285624 -0.786357 0.530132 -0.313167 -0.403865 -0.329295 -0.095177 -0.160296 -0.098124 -0.033276 0.031230 0.007163 0.050800 0.043968 0.126981 0.286588 -0.109958 0.316094 0.239251 0.158805 0.359595 -0.073366 0.252550 0.088147 -0.078856 0.042163 0.079719 0.067414 
0.139996 0.038507 0.033310 0.193796 0.366782 0.141362 -0.193248 0.034933 -0.286081 -0.329203 0.302606 -0.422643 -0.494025 -0.134761 -0.046678 0.027993 0.074503 0.037879 -0.184431 -0.353486 0.029160 0.282765 0.245772 0.161206 -0.152736 0.064067 0.150190 0.112929 0.193447 0.037368 0.303327 0.116515 -0.178249 -0.290070 0.013075 0.136592 
0.046583 -0.059438 -0.020390 0.045550 0.511275 0.043507 -0.184205 0.168232 -0.094923 -0.135970 0.149091 -0.274820 -0.186598 -0.134274 0.147598 -0.119566 -0.069290 0.064947 -0.093498 -0.159548 0.199400 0.296715 0.282319 0.269836 0.013154 0.027948 -0.052009 0.031547 0.211422 -0.168281 0.389605 0.088146 -0.320394 -0.380427 -0.302263 -0.024993 
0.207330 -0.063507 -0.049044 0.319357 0.304804 -0.056092 -0.166842 0.015250 -0.202718 -0.410747 0.282599 -0.434477 -0.446954 -0.161125 0.092706 -0.162202 -0.076123 -0.096886 -0.017826 0.069853 -0.017519 0.037060 -0.043245 0.064811 0.237223 -0.319747 0.177262 0.232962 0.143610 0.148740 0.184619 0.012144 -0.237204 -0.467463 -0.113602 -0.012050 
0.023479 0.051772 0.215945 0.121880 0.292057 0.174746 0.150837 0.033633 -0.005555 -0.439419 0.331854 -0.374265 -0.243819 -0.130837 -0.176347 -0.385067 -0.380289 0.069723 0.076721 0.091172 0.032053 -0.127533 0.220519 0.247749 0.304442 -0.122055 0.122837 0.026088 0.042561 -0.070560 0.211801 0.096846 -0.331772 -0.302886 0.098803 -0.104052 
-0.065511 0.007419 0.098675 0.274505 0.307644 -0.025411 0.044122 0.136059 -0.337395 -0.716545 0.133821 -0.388625 -0.351675 -0.146064 -0.062690 -0.014400 -0.280559 -0.051386 -0.166387 0.366672 -0.057393 -0.299113 0.165612 0.196820 0.129101 0.141944 0.125321 0.192308 -0.119044 -0.026681 0.347931 0.310832 -0.176814 -0.319585 0.235542 -0.083871 
0.031622 0.356782 0.197002 0.256041 0.248079 0.104333 0.038903 0.077837 -0.271375 -0.773752 0.136593 -0.414281 -0.242699 0.010109 -0.003567 -0.104767 -0.179573 -0.097695 -0.192662 0.307463 0.154180 -0.369694 0.360121 0.047375 -0.027253 0.097016 -0.061539 0.117700 0.072007 0.127018 0.102675 0.077616 -0.149681 -0.296230 0.113548 -0.221151 
-0.014077 0.066685 0.302807 0.156040 0.007229 -0.106249 -0.137133 0.172438 -0.326104 -0.559750 0.001972 -0.499030 -0.308863 0.035007 -0.140728 -0.036481 0.247085 -0.126941 -0.044335 0.114670 0.080304 -0.113224 0.176435 0.239377 -0.002540 -0.024540 -0.037296 0.298700 0.410864 -0.105311 0.020521 -0.070877 -0.023450 -0.238609 0.216847 -0.049492 
0.048441 0.024130 0.129907 0.117592 0.024453 -0.023593 -0.056101 -0.130047 -0.313262 -0.293772 0.172876 -0.614534 -0.259341 0.188275 0.009100 0.139876 0.454622 -0.203089 -0.327820 0.044607 0.160336 -0.211839 0.239581 0.027622 0.474961 0.011434 0.116624 0.225636 0.264649 0.057279 -0.039796 0.096105 0.062347 -0.302274 -0.067072 0.115227 
-0.020687 -0.128412 0.031008 0.055972 -0.193932 -0.148480 -0.211382 -0.130140 -0.169039 -0.211962 -0.241289 -0.615593 -0.240561 0.396278 -0.051051 0.074121 0.624568 -0.318932 -0.065113 0.059875 0.274118 -0.341501 0.509183 0.280814 0.480911 0.006948 0.097723 0.121486 0.255875 0.131345 0.019441 0.036644 -0.261471 -0.359937 0.129288 -0.019151 
0.110772 0.110192 0.060229 -0.039256 -0.022127 0.166047 -0.237934 -0.102192 -0.091177 -0.531571 -0.044197 -0.547432 -0.251032 0.476612 0.005562 0.219099 0.771326 -0.159108 -0.037213 0.020376 0.266520 -0.195736 0.379574 0.201039 0.461430 0.086060 0.078998 0.056907 0.134078 -0.027107 -0.120856 0.017321 -0.127223 -0.601631 0.145716 -0.036341 
0.037621 0.117006 -0.099723 0.066307 0.097536 0.115045 0.013146 -0.009124 0.028990 -0.520715 -0.241833 -0.647052 -0.210580 0.577381 0.010577 0.078095 0.676869 -0.128164 -0.208766 0.051717 0.020232 -0.079921 0.438216 0.043320 0.234979 0.104076 0.162583 -0.008778 -0.235462 0.025696 0.056640 0.196609 -0.165477 -0.534541 0.158495 -0.163206 
-0.124303 -0.046528 -0.195117 0.182758 -0.176299 0.314450 -0.212990 0.049902 0.117566 -0.679706 -0.295096 -0.499445 -0.266244 0.949732 -0.288713 -0.006111 0.452168 0.037796 0.060891 -0.000486 0.123547 -0.315091 0.295829 -0.049193 0.392034 0.148297 0.003515 0.174722 -0.107649 -0.161465 -0.094479 0.096589 -0.146131 -0.582528 0.002368 -0.059241 
0.104308 0.150662 0.070061 -0.038045 -0.140767 0.123962 -0.141217 0.181294 0.074663 -0.589781 -0.146879 -0.479398 -0.201038 0.990642 -0.377205 0.147787 0.343664 0.063974 -0.308558 0.145161 0.342158 -0.219932 0.523767 -0.023852 0.598624 0.073672 0.067736 0.035337 -0.062772 0.037535 -0.027808 0.264979 -0.014991 -0.488546 0.156496 -0.282814 
0.004073 0.129882 0.051078 0.100270 -0.035400 0.241849 -0.462016 -0.038793 0.153500 -0.454740 -0.022493 -0.236149 -0.239640 1.096804 -0.297249 0.069119 0.288485 -0.155673 -0.355762 0.160192 0.140868 -0.204037 0.331811 -0.216202 0.796525 -0.068069 0.035405 0.031521 -0.006878 -0.019348 -0.053448 0.216672 -0.141553 -0.704765 0.276426 -0.456449 
0.308053 0.215972 0.199016 0.228790 -0.071794 0.399792 -0.291910 -0.063898 0.033499 -0.263228 -0.162923 -0.213790 -0.125452 0.931194 -0.330581 0.290611 0.337404 -0.354620 -0.342822 0.296994 0.273896 0.043896 0.324241 0.045540 0.994151 -0.161570 0.151912 0.190218 0.034028 0.002821 -0.184840 0.115924 -0.151994 -0.697577 0.261280 -0.341342 
0.565726 0.300594 0.326876 0.347730 -0.126248 0.205201 -0.122006 -0.400376 0.057279 -0.282104 -0.099336 0.073824 -0.064979 0.711670 -0.210867 0.379643 0.375256 -0.331684 -0.379279 0.070868 0.199786 -0.049514 0.323748 0.095166 1.001226 -0.287069 0.291853 -0.029055 0.181356 0.227268 -0.222816 -0.052805 -0.038199 -0.390244 0.283653 -0.161624 
0.554397 0.012271 0.185366 0.233341 -0.251188 0.268408 -0.006881 -0.474234 0.172927 -0.259427 0.059578 0.129348 -0.264048 0.424959 -0.390545 0.414902 0.215502 -0.120279 -0.257995 0.112467 0.350529 0.279324 0.217561 -0.155853 1.097563 -0.306019 0.190070 -0.058667 0.033157 0.174191 -0.042101 0.036753 0.060434 -0.382562 0.134634 -0.221466 
0.282766 -0.000715 0.009676 0.121578 -0.346568 0.457769 -0.285030 -0.361642 0.009479 0.007374 -0.168067 0.164422 0.044770 0.625117 -0.382826 0.360049 0.316955 -0.217446 -0.150146 0.120844 0.065604 0.248600 0.398160 0.007548 0.916971 -0.026358 0.174257 -0.087947 -0.314345 0.304443 -0.096195 0.000032 0.107048 -0.237982 0.041793 -0.597348 
0.298977 -0.226972 0.154870 0.299302 -0.453199 0.295120 -0.168819 -0.248657 -0.137703 0.058443 -0.337783 0.416363 0.257774 0.694623 -0.215431 0.330953 0.189270 -0.004366 0.134820 -0.085294 -0.074231 0.370098 0.671762 -0.039698 0.900854 -0.109171 -0.081953 -0.055237 -0.085920 0.229812 -0.211694 0.131557 -0.122293 -0.366939 -0.006574 -0.546615 
0.354024 -0.041224 0.170811 0.369159 -0.366548 0.331144 -0.314731 -0.317638 0.065088 0.328648 -0.402143 0.265721 0.234131 0.531668 -0.458659 0.392287 -0.010175 -0.035967 -0.137938 -0.027386 -0.075989 0.427137 0.363943 -0.081936 0.825017 -0.094637 -0.067001 -0.174590 -0.102704 0.206616 -0.208831 -0.267883 0.088589 -0.464165 -0.184657 -0.529591 
0.590369 0.089833 0.188447 0.171390 -0.429201 0.517477 -0.569971 -0.315901 0.267697 0.156221 -0.195075 0.244176 0.320329 0.089773 -0.255104 0.247743 -0.042419 -0.056484 0.096012 -0.038890 0.040534 0.515249 0.256928 -0.059332 0.932604 -0.332498 0.177095 -0.176596 -0.113494 0.436972 -0.399223 -0.275460 0.100272 -0.239607 -0.141071 -0.336630 
0.545530 0.262114 0.078059 0.284415 -0.398407 0.361904 -0.529944 -0.428067 0.248468 0.477926 -0.169822 0.416655 -0.125365 -0.300567 -0.147086 0.476112 0.180071 -0.274748 0.173104 0.270191 0.159270 0.449448 0.205310 0.012949 0.912667 -0.063555 0.462339 0.018752 0.000609 0.520874 -0.318395 -0.142125 0.181307 -0.019798 0.030115 -0.270841 
1.041917 0.075351 -0.132146 0.270072 -0.258274 0.536511 -0.616632 -0.494702 0.123020 0.291634 -0.144477 0.528812 -0.314726 -0.514884 -0.274158 0.269317 0.611492 -0.447586 0.076595 0.357063 0.207524 0.391346 -0.032949 0.028480 0.909266 0.057984 0.587077 0.086732 0.093104 0.500108 -0.619485 -0.013382 0.048407 0.051867 0.222616 -0.239771 
0.960202 0.149191 -0.113906 0.222737 -0.426689 0.399039 -0.452882 -0.351569 0.113645 0.505288 -0.285493 0.737134 -0.174072 -0.666279 -0.415253 0.518268 0.784151 -0.448962 0.148823 0.089917 0.112579 -0.063340 0.104021 0.070003 0.618585 0.014606 0.417365 -0.015557 -0.159630 0.471394 -0.532913 0.064853 -0.284403 -0.230332 0.258743 -0.363266 
1.278287 0.109928 -0.403620 -0.067884 -0.435420 0.231779 -0.301368 -0.241385 0.061551 1.006018 -0.201618 1.130465 -0.080219 -0.356648 -0.338152 0.807790 1.377002 -0.340565 0.508817 -0.028352 0.082862 -0.173993 0.250704 -0.061216 0.661520 0.227544 0.237989 -0.194419 -0.108369 0.250336 -0.433374 -0.019693 0.069463 -0.207353 -0.020262 -0.549723 
1.599460 -0.099998 -0.462050 -0.240798 -0.339163 0.472848 -0.417197 -0.250824 -0.217659 1.352120 -0.316431 1.163775 0.368269 -0.466965 -0.084922 0.968009 1.630176 -0.444745 0.459869 -0.333387 -0.026612 -0.182442 0.139851 -0.079381 0.638490 0.345712 0.182345 -0.416797 -0.491419 0.141952 -0.335410 0.023991 -0.112374 0.062597 -0.128743 -0.809795 
