0.395595 -0.405477 -0.290823 -1.004925 -2.408031 0.451091 -0.253033 -0.317339 0.069522 0.665589 -0.351958 -1.116347 -0.432493 -0.518953 -0.718102 -2.247278 
0.223704 0.135114 0.369346 -2.062345 0.557429 -2.805368 -0.524073 0.419706 0.118647 -0.360086 0.596844 0.277069 0.199590 -1.140352 0.330643 0.759195 
0.230880 -0.622942 -0.483458 0.142808 1.421421 -0.487443 -0.794816 0.104051 0.284892 0.202140 -0.332524 -2.633900 -0.784808 0.522945 0.703940 0.463108 
0.149126 -0.529014 -0.490529 1.062652 0.317598 0.323257 0.313089 0.481321 -0.621294 -1.240079 -0.754029 0.564052 0.414775 0.529229 -0.705452 -4.221852 
0.877844 -0.897367 -0.402358 1.188929 -0.124718 0.866973 1.203470 -1.144227 -1.685199 -1.688192 0.123455 -0.697067 -0.614083 0.188688 -3.666923 -3.974516 
0.153973 0.169911 -0.857161 -0.886350 0.743407 0.467989 0.237131 -0.375437 0.299855 0.487768 0.228956 0.533332 0.280713 -0.155715 0.658414 0.048308 
0.426234 0.438557 0.493271 0.042323 0.288259 1.082362 1.613628 0.252981 -0.330532 -2.121415 0.061514 -0.849925 -2.995105 0.930109 -2.135130 0.674442 
-0.216921 0.122094 0.873351 0.222928 -2.200277 0.086968 -0.749649 1.494961 -0.517617 -0.023040 -0.536365 -0.605686 -0.378923 0.633590 -2.202675 -0.230101 
-0.138793 -0.069740 0.233997 -0.030280 -0.041688 -2.020482 -1.345971 0.292951 0.976503 0.536385 -0.119671 0.022245 0.304433 -3.589299 -1.263056 -0.015747 
0.017178 -1.157595 -0.460593 -0.348927 0.271944 0.728811 -0.026916 -1.056774 -3.490013 1.256066 -0.532547 -1.440883 -1.812067 0.297439 -4.045490 -5.891226 
0.367361 -0.258623 -0.217731 1.401988 0.779087 0.831725 0.387261 -1.472359 0.250337 0.636744 -1.915951 -0.338970 -0.852177 -0.473821 -0.743793 0.155210 
-0.413054 1.623522 0.352310 0.097836 -2.066964 0.594938 0.065381 0.130638 -0.264157 -1.477508 0.469135 0.677907 -1.842048 0.000113 0.512230 0.694940 
-0.215795 -0.547612 0.464406 0.241139 -0.169567 0.124433 -0.359071 0.493001 -0.475008 0.134755 0.465027 -0.100518 -0.710557 1.115224 0.108285 0.016432 
-0.998448 0.499726 0.255524 -0.948911 1.413406 1.621022 -0.036793 -0.102114 -1.589022 -0.721726 -0.026968 -1.239165 0.851095 -0.120999 -0.310877 -8.141838 
0.471242 0.050147 -0.434632 -2.853343 -0.084382 0.659850 -1.557810 -0.646825 0.324621 -0.875949 -0.282316 0.050099 0.403489 0.746194 0.664617 0.334789 
0.254802 -1.381119 0.004544 0.948011 1.675867 -0.276458 -0.296249 0.044597 -1.307064 0.377271 -0.033195 -1.328814 -2.947918 0.643891 -0.263151 -5.232238 
0.776214 0.125551 -0.519023 -0.583366 -0.562965 1.123141 -0.622284 -0.473187 0.275859 0.830841 -1.041634 0.464478 -1.089079 0.458140 0.545291 -2.679466 
-0.645963 -0.551594 0.312673 -1.556578 0.119793 -0.252900 -1.094696 0.693686 -0.571862 0.422502 -4.825803 0.259920 0.701641 -1.462626 0.656145 -0.311091 
-1.868658 0.087166 0.110506 1.345082 0.669641 -0.098365 -1.798617 -0.082046 -1.392568 1.355468 -0.834014 -0.022503 -0.051496 0.425628 -1.764313 -1.204488 
0.226271 0.664680 0.357689 -0.638211 -2.096750 -3.686306 -1.691432 0.509337 -5.182170 0.100238 -0.197971 1.699999 -2.829971 -0.858167 0.060296 -0.489575 
0.475651 -1.604475 0.208657 0.124758 -0.660554 0.479564 0.900012 0.171840 -0.157602 -0.918194 0.168953 -2.449961 -0.868381 0.189866 0.544521 -2.560146 
0.230695 -1.319527 -0.919840 -0.554940 -4.114839 -0.020044 0.139861 -0.272597 0.558461 0.897154 0.137243 0.497873 0.953616 0.018120 -0.579399 -2.914656 
-0.728563 0.265436 0.168389 -0.523315 0.645302 0.508855 -0.191197 -0.510903 0.831041 1.157147 -0.078101 -1.845172 -0.517890 -0.358544 0.084956 -5.704298 
-0.071018 -0.551569 0.716162 -0.660124 -0.502992 0.013567 0.138130 -0.114489 -0.553119 -0.452248 0.626913 -0.091640 -0.833959 0.642243 -2.460543 -0.265851 
-0.481738 -0.200129 0.617558 0.897803 -2.468604 0.365785 0.515273 0.572485 -1.486525 -1.462466 0.247029 -0.910092 -0.268704 0.861157 0.167311 0.124328 
-0.319025 0.784191 -0.053882 -0.477176 -1.951817 0.355152 0.065308 -0.841387 -0.071207 1.094945 0.583085 0.314413 0.152453 -0.136864 -0.522474 -1.531422 
0.518127 1.336078 0.116978 0.031342 -1.405503 -0.175510 0.223864 -0.413946 -1.729537 -0.112262 -0.218480 -0.407496 -0.754980 -0.183842 -1.052747 0.078510 
0.771159 0.419855 -0.689479 0.266050 -0.784177 -2.343441 -1.933870 -0.213939 0.280247 0.754131 -0.373687 1.196063 -0.261372 -2.498734 -1.589542 -0.298438 
0.324753 -0.357369 0.040611 -0.198756 -1.361496 0.115178 1.130712 -0.185081 -0.029352 -2.055408 0.170706 -0.302803 0.504837 0.495764 1.007502 -1.215276 
0.246121 -1.121219 0.623201 0.875219 0.063642 -0.472591 1.143472 0.501151 -1.098118 -1.106080 0.439761 -0.857168 -1.011051 -0.629474 0.738276 -0.366257 
-0.736969 0.269269 0.414846 1.162864 0.050631 0.027845 0.200426 0.401991 -1.214664 1.214284 0.813874 -1.050845 -3.209151 0.159411 -1.461276 -1.508111 
0.144475 0.540450 -0.315145 -0.507086 -0.328953 -1.209592 -0.070494 -0.080365 -0.269137 0.159795 -1.019246 0.459426 0.398879 -2.261806 -1.085603 0.164573 
-0.838345 0.553080 -0.318296 0.496597 0.431877 -0.459442 0.036683 -1.393029 0.294785 -1.337757 0.433249 -0.319184 0.640806 0.335395 0.604646 -0.619775 
-0.078004 -0.508115 0.469907 -3.049401 0.096389 -0.400686 0.039831 0.496394 -2.683810 -0.276848 -0.365431 -1.731428 0.286654 -0.751287 0.596722 0.256139 
0.183621 0.355691 -0.145948 0.087279 0.092664 -3.210145 -1.514913 -0.138690 0.096613 0.141807 -0.354076 0.242045 0.490254 0.330863 -0.184865 0.387753 
0.269562 -0.240697 -0.111792 0.254371 0.529679 0.067004 0.380116 -0.200338 0.176885 -0.382686 -1.299655 0.135901 0.243747 -1.073456 -1.024328 0.379355 
