-0.179290 0.148341 -0.171497 0.613144 1.291566 0.184795 -0.136482 -0.542914 -0.217453 1.205878 -0.033522 0.034399 0.438169 -0.090509 0.197216 -0.136277 -0.387850 0.083789 0.671665 0.054538 -0.168361 0.604228 -0.389542 0.404663 -1.674949 -0.074104 1.048248 -0.338924 0.314817 0.245314 -0.427845 -1.123678 -0.818629 0.266869 -1.517270 -0.080305 1.768870 -0.766390 
0.071854 0.143239 -0.196264 0.308899 1.076601 0.483270 0.054561 -0.524252 -0.634464 1.118940 -0.334474 0.012597 0.549514 -0.398596 0.478809 0.183854 -0.295450 0.233435 0.439729 -0.117718 0.410885 0.357856 -0.284775 0.415411 -1.491539 -0.107232 0.694773 -0.340181 0.314367 0.103045 -0.132907 -1.075075 -0.719727 0.374693 -1.076602 -0.186736 1.565631 -0.531877 
-0.251518 0.339512 -0.001190 0.338425 0.753494 0.797971 0.168417 -0.482475 -0.748488 0.955684 -0.680479 -0.093381 0.595733 -0.273788 -0.041947 0.137380 -0.309884 0.086445 0.259376 0.073402 0.386669 -0.073371 0.218820 0.079973 -1.454405 -0.058306 0.365724 -0.055260 0.355635 0.298116 0.160322 -0.999594 -0.904213 0.110707 -1.130934 -0.144630 1.423233 -0.608987 
-0.025530 0.371470 0.171488 0.203318 0.655463 0.749664 0.142195 -0.424740 -0.608091 0.861328 -0.354397 0.066991 0.369052 -0.292519 -0.118528 -0.063883 -0.424170 0.072650 0.147771 -0.049730 0.153279 -0.090780 -0.043134 0.101883 -1.153227 0.030834 0.681055 -0.160759 0.102489 0.316239 -0.032877 -0.804031 -1.066067 0.312173 -1.142848 -0.427319 1.242189 -0.272165 
-0.096160 0.413140 -0.042748 0.202504 0.651042 0.469818 0.265070 -0.199415 -0.376975 0.583176 -0.300644 -0.095381 0.018965 -0.405358 -0.451416 -0.058675 -0.326511 -0.138912 -0.000319 0.348687 0.008733 -0.262042 0.243566 0.059489 -1.249098 0.002209 0.482789 0.028905 0.114841 0.096308 0.123929 -0.775515 -1.176276 0.244431 -1.050202 -0.448710 1.166403 -0.165399 
-0.218977 0.377018 -0.092321 0.005785 0.327893 0.120123 0.006178 -0.143550 -0.234628 0.534404 0.045074 -0.036544 0.081819 -0.140670 -0.131272 -0.103919 -0.551257 0.271126 0.154656 0.218516 0.009133 -0.271655 0.078236 0.224781 -1.189691 -0.222400 0.568377 -0.013991 0.115608 0.096097 0.025444 -0.711914 -0.840727 0.392847 -1.181593 -0.435530 1.040921 -0.165417 
0.013280 0.276820 0.188733 -0.033419 0.567720 0.288741 0.105742 -0.142152 -0.170721 0.494184 -0.161566 -0.049415 0.325504 -0.060887 0.077204 0.030990 -0.719905 0.205284 0.090584 0.027587 0.072235 -0.270820 0.154355 0.100186 -1.051797 -0.447365 0.248954 -0.130725 0.213033 -0.031168 0.005222 -0.728034 -0.537324 0.621774 -0.803940 -0.387073 0.785182 0.046914 
0.139587 0.375055 0.335641 -0.063392 0.216063 0.043271 0.371833 -0.277057 -0.163812 0.271204 0.208094 -0.001976 0.453399 0.189552 -0.052219 -0.076877 -0.750755 0.325360 0.255466 0.155431 0.353466 -0.058192 0.186235 0.178459 -0.823244 -0.084141 0.405775 -0.203978 0.175137 -0.074856 -0.011600 -0.833142 -0.394444 0.744624 -0.965194 -0.315113 0.825454 0.007834 
-0.013697 0.137499 0.097816 0.088595 -0.051270 -0.201628 0.094813 -0.211250 -0.010632 0.027904 0.204819 -0.021756 0.521625 0.261098 -0.049555 -0.079409 -0.621300 0.128778 0.119537 0.047881 0.018896 -0.317595 -0.213597 0.015648 -0.660550 -0.325322 0.214207 0.009726 0.112661 -0.142012 0.080150 -0.687694 -0.324058 0.835725 -0.776617 -0.210394 0.888517 0.049493 
0.007733 0.193019 0.256324 0.016778 0.078995 -0.018689 0.259779 -0.172091 0.055657 0.279708 0.172679 0.003368 0.361582 0.454342 -0.027500 0.025839 -0.589760 0.165045 0.098910 0.021799 0.118231 -0.239385 -0.150155 0.130270 -0.434451 -0.284202 0.231352 -0.084263 0.189653 -0.267624 -0.023620 -0.649814 -0.124810 0.799410 -0.611537 -0.428433 0.698299 -0.079292 
-0.143158 0.295793 0.415062 0.040243 0.036843 -0.005967 -0.179514 0.112783 0.026076 0.281744 0.365476 -0.050140 0.101083 0.318639 -0.198171 0.144416 -0.462916 0.236848 0.025115 0.021731 0.092503 -0.329274 -0.095521 0.001925 -0.393739 -0.291361 -0.004415 0.195403 0.037226 -0.148043 -0.005317 -0.330921 -0.248616 0.885236 -0.364636 -0.417444 0.678867 0.117775 
-0.174604 0.332315 0.204554 -0.178436 -0.029378 0.181986 -0.238245 0.018212 -0.195498 0.513249 0.311027 -0.175965 0.187275 0.095749 -0.285881 0.091588 -0.421878 -0.043804 0.061911 0.092821 -0.003406 -0.264474 -0.252992 0.085500 -0.240011 -0.341508 0.153246 0.026758 0.085656 -0.330787 0.177221 -0.224032 -0.490673 0.602021 -0.531882 -0.416388 0.649258 0.138185 
0.015509 0.128396 0.231137 -0.282755 -0.055293 0.063326 -0.080427 -0.134892 -0.065399 0.755507 0.088255 -0.212184 0.305541 -0.070668 -0.003739 0.106468 -0.516114 -0.012210 0.042018 -0.094389 0.077393 -0.124930 -0.134022 0.082691 -0.250019 -0.218978 0.187290 0.204207 0.291895 -0.342449 -0.095519 -0.444764 -0.302340 0.577768 -0.368494 -0.330483 0.487659 0.088485 
-0.006422 0.459337 0.004610 -0.532605 -0.315005 0.073003 -0.285016 -0.173235 -0.266275 0.448207 0.277389 -0.160030 0.178662 -0.129467 -0.158161 -0.204698 -0.506635 -0.048508 0.087301 0.193818 0.085175 -0.238547 -0.169561 0.009916 -0.253517 -0.068792 0.040989 0.372594 0.419219 -0.046942 0.103458 -0.274719 -0.213082 0.669258 -0.420194 -0.315753 0.599112 0.402656 
-0.004553 0.347591 0.151446 -0.557281 -0.220076 -0.089463 -0.242213 -0.081226 -0.177446 0.335753 -0.154131 0.291571 0.183046 -0.172501 -0.034290 -0.204044 -0.500737 0.016260 0.342716 0.055604 -0.060921 -0.323950 -0.082896 0.043491 -0.241373 0.119536 -0.080581 0.044956 0.188674 0.141680 -0.033383 -0.273209 -0.006393 0.240591 -0.118898 -0.409275 0.498473 0.426707 
-0.029701 0.507376 0.098007 -0.577058 -0.367072 0.000087 -0.121168 0.079691 -0.057471 0.194023 0.016052 0.294532 0.299270 -0.081803 -0.037212 -0.001645 -0.421266 -0.139507 0.294680 -0.118627 -0.086165 -0.363501 -0.002961 0.408759 -0.079372 0.310819 -0.289996 0.268997 0.030151 -0.035765 -0.053338 -0.318650 -0.154367 0.304754 0.039189 -0.347210 0.548191 0.399915 
0.161092 0.386232 -0.006064 -0.716493 -0.249061 0.106509 -0.093945 -0.024987 0.196774 0.331028 0.193281 0.366257 -0.195735 -0.055478 0.064651 0.115389 -0.339432 -0.039539 0.410403 0.215369 0.070030 -0.663428 0.030577 0.333448 0.015826 0.255990 -0.130149 0.172748 -0.172105 0.043429 0.071760 -0.096885 -0.107385 0.262069 0.046931 -0.167208 0.386817 0.478752 
0.147900 0.077652 -0.038888 -0.306710 -0.265843 0.072069 -0.183351 0.187119 0.170877 -0.006242 0.214775 0.252781 -0.456612 -0.122026 0.322187 0.482609 -0.251344 0.111498 0.482221 0.191106 -0.129149 -0.738635 0.108506 0.133730 0.278467 0.232949 -0.232450 0.260348 0.096807 0.226940 -0.143552 -0.104045 -0.013975 0.156316 -0.042585 0.008374 0.423585 0.467046 
0.122078 0.200414 0.097814 -0.222157 -0.163984 -0.045613 -0.096533 0.252203 0.152497 -0.077838 -0.075274 0.206238 -0.540204 -0.452437 0.106437 0.671065 -0.084742 -0.149906 0.202056 0.226500 0.264750 -0.870722 -0.098200 0.185922 0.139528 0.394852 -0.524154 0.319436 0.110800 0.128362 0.203295 0.267974 -0.105905 0.339281 0.199360 0.194344 0.414936 0.327271 
0.092308 0.117298 0.071788 -0.196710 -0.189522 -0.278192 -0.503304 0.196445 0.040959 -0.129880 -0.284556 0.005941 -0.635696 -0.427925 -0.126435 0.456271 -0.134521 -0.018425 0.282313 0.360566 0.338782 -0.628318 -0.018357 0.280678 0.520057 0.325273 -0.507856 0.066022 0.209582 0.236868 0.027320 -0.070952 -0.009529 0.205160 0.047230 0.021353 0.471075 0.387190 
-0.109008 0.199775 0.224065 -0.150704 0.008087 -0.269676 -0.512684 0.061243 0.122472 -0.179572 -0.300465 -0.216909 -0.623636 -0.463139 0.014322 0.468933 0.055925 0.140952 -0.016144 0.373864 0.072596 -0.764513 0.137717 0.316082 0.706470 0.536063 -0.557296 0.184588 -0.060587 0.263417 0.191007 -0.091165 0.249757 0.122804 -0.011585 0.041421 0.326053 0.669318 
-0.204396 0.125816 0.311975 -0.058642 -0.081440 -0.602477 -0.282063 -0.190902 0.033845 0.035633 -0.296908 -0.158035 -0.760961 -0.447176 -0.187789 0.338057 -0.184793 0.137633 0.176721 0.321743 0.006220 -0.939934 0.220727 0.010606 0.733679 0.808333 -0.562645 0.175456 0.008920 0.210966 0.038733 0.030525 0.156001 -0.128056 0.072928 -0.355825 0.309863 0.481308 
-0.146191 0.042769 0.263116 -0.049121 -0.046535 -0.336775 -0.478352 -0.077931 0.081187 -0.060935 0.098387 -0.124999 -0.931019 -0.100963 0.053182 0.631459 -0.016345 0.213415 0.146836 0.125902 -0.016514 -0.848193 -0.034544 0.327987 0.654830 0.632376 -0.861858 -0.006010 -0.111566 0.167889 -0.366653 0.161948 0.297693 -0.286523 0.202507 -0.135749 0.043108 0.617111 
-0.060701 -0.099105 0.355701 -0.029109 0.086511 -0.355516 -0.575326 0.090748 -0.180551 -0.080288 0.154570 -0.153212 -0.911790 -0.194001 0.353967 0.354470 -0.029426 0.098149 0.144773 -0.061046 -0.111967 -1.049571 0.009739 0.241835 0.620070 0.810574 -0.956780 0.231952 0.107820 0.081610 -0.104753 0.089137 0.209344 -0.329629 -0.023104 -0.138218 0.039905 0.413974 
-0.067143 0.138294 0.178258 -0.150426 -0.074366 -0.493288 -0.556939 -0.075371 -0.209857 -0.031135 0.251484 -0.103299 -0.982883 0.008846 0.283535 0.360628 -0.259807 0.313608 -0.231303 -0.252017 -0.017711 -0.874797 0.100927 0.240181 0.564505 0.969765 -0.998669 -0.073235 0.111637 0.126939 0.133834 0.229085 0.045906 -0.247945 0.029000 0.131036 0.073199 0.502079 
0.168196 0.039530 0.264010 -0.221603 -0.134657 -0.230279 -0.551603 -0.142509 -0.198310 0.188224 0.299108 -0.187641 -0.822002 -0.051624 0.291972 0.128149 -0.351270 0.199876 -0.614833 -0.356110 0.170076 -0.981947 0.231635 0.191391 0.782972 0.551107 -0.691799 -0.036280 0.078577 -0.035585 0.078398 0.160387 0.141522 -0.197599 -0.236342 0.112523 -0.031360 0.531176 
0.102180 0.035265 0.532072 0.377352 0.018571 -0.545135 -0.544041 -0.248006 -0.292156 0.332716 0.370154 -0.029703 -0.782931 0.151159 0.323346 0.098780 -0.490297 0.291860 -0.537244 -0.456250 0.176442 -0.869379 0.264183 0.286535 0.553134 0.452132 -0.255672 0.098973 0.203565 -0.110825 0.105260 0.007095 0.131928 0.040624 0.190468 -0.045518 -0.035939 0.460658 
-0.249221 -0.034714 0.257514 0.576778 0.260151 -0.688759 -0.615549 -0.078746 -0.078231 0.586104 0.327529 0.060441 -0.790027 -0.327571 0.456026 0.371317 -0.404168 0.196455 -0.433896 -0.189630 0.140634 -0.879051 0.259291 0.378651 0.897169 0.116838 -0.256448 0.146776 -0.235270 0.126771 -0.094670 0.329502 0.198601 -0.148312 0.171525 0.183055 0.049533 0.365226 
-0.262350 -0.215950 0.260903 0.577236 0.051187 -0.722932 -0.351923 0.040042 -0.178725 0.352851 0.165409 0.074677 -0.820226 -0.624009 0.180296 0.341958 -0.515704 -0.044257 -0.494685 0.008369 -0.057438 -0.837474 0.109737 0.333012 1.052757 0.415309 -0.138012 0.240028 0.023179 0.193729 0.085459 0.324254 0.388460 -0.076436 0.336011 0.207995 0.093819 0.218620 
-0.148336 -0.206527 0.145442 0.517417 0.224417 -0.584915 -0.149160 -0.228603 -0.297285 0.107488 0.048923 0.176365 -0.598271 -0.491923 0.115426 0.200605 -0.480404 -0.061258 -0.170992 -0.004954 -0.030121 -0.658526 0.204617 0.394933 1.114870 0.341361 -0.246145 0.103432 0.089336 0.245480 0.021421 0.304245 0.448224 -0.182956 0.232946 0.354718 -0.109967 0.347899 
-0.374447 -0.460639 0.168655 0.432325 0.048959 -0.549254 -0.272029 -0.130400 -0.369207 0.202087 -0.142275 0.158800 -0.432840 -0.551157 -0.021831 0.285511 -0.314349 0.108696 -0.411699 -0.243735 -0.110653 -0.668887 0.250099 0.296094 1.133521 0.288155 -0.268520 0.213602 0.239652 0.177295 -0.159015 0.532302 0.620328 -0.230438 0.520375 0.142759 0.059280 0.217908 
-0.301722 -0.438169 0.099754 0.270754 0.127006 -0.641116 -0.160203 -0.188432 -0.212378 0.017254 -0.098716 -0.054826 -0.602675 -0.599318 -0.082661 -0.147949 -0.476388 0.040401 -0.416002 -0.192797 0.090775 -0.438777 0.330227 -0.065266 0.837884 0.061994 -0.302540 0.116506 0.391703 0.190486 0.138057 0.417118 0.787710 -0.162933 0.447815 -0.070333 -0.411134 0.223174 
-0.341729 -0.477298 -0.023100 0.101263 0.074742 -0.396455 -0.129040 -0.216575 -0.452795 -0.089958 -0.171274 -0.094117 -0.494264 -0.504888 -0.109782 0.120660 -0.213133 0.248253 -0.312357 0.078464 0.093920 -0.791721 0.392703 0.109453 0.841301 0.154533 -0.262224 0.098661 0.211209 -0.006395 0.094894 0.558195 0.909759 0.010513 0.516403 0.080222 -0.337223 0.355700 
-0.437532 -0.555896 -0.122929 0.159732 0.305959 -0.315320 -0.271645 -0.123706 -0.218252 0.188748 -0.129203 0.103930 -0.130991 -0.171609 -0.106032 0.108100 -0.265504 0.186585 -0.222851 0.084657 -0.205109 -0.372355 0.478389 0.098369 1.148968 -0.046621 -0.347439 0.073043 0.032391 0.018728 -0.144058 0.505818 0.735655 -0.073405 0.478927 0.382274 -0.290951 0.004454 
-0.586773 -0.412048 0.070827 0.417204 0.335427 -0.181077 -0.335007 -0.337621 -0.121741 0.079418 -0.106760 0.206138 -0.223601 0.025429 -0.276911 0.496372 -0.591614 0.412724 -0.338856 0.161574 -0.264685 -0.438501 0.360013 0.025166 1.019101 -0.158004 -0.740838 0.027099 -0.126051 -0.077364 0.010438 0.532238 0.662495 -0.324407 0.397829 0.338965 -0.135546 0.151823 
-0.428535 -0.610803 0.179765 0.367257 0.147331 -0.310545 -0.246192 -0.079391 -0.406811 0.191057 -0.117029 0.213339 0.092057 -0.181917 -0.244739 0.463789 -0.678263 0.235046 -0.136955 0.252827 -0.385663 -0.253920 0.070696 0.147913 0.877515 -0.339476 -0.506639 0.163619 -0.392606 -0.041527 -0.078677 0.571465 0.734671 -0.141950 0.654131 0.181067 -0.226644 -0.037784 
-0.195805 -0.461650 0.237267 0.541960 0.519924 -0.368252 -0.384008 -0.301523 -0.404908 0.204230 -0.099226 0.246514 0.188435 0.259492 -0.110291 0.558746 -0.581206 0.451145 -0.077068 0.338989 -0.302181 -0.244983 -0.052382 0.044033 0.924655 -0.235048 -0.489658 -0.028236 -0.404405 -0.007534 -0.043786 0.648787 0.951770 -0.304845 0.842904 0.199877 -0.189026 0.020093 
-0.443382 -0.512491 0.286279 0.557803 0.748996 -0.453092 -0.411143 -0.009318 -0.449836 0.875304 -0.067593 0.345230 0.210359 0.295589 -0.064687 0.543524 -0.433912 0.436509 -0.115864 0.079499 -0.024338 -0.677002 -0.241041 0.071140 0.562930 -0.469915 -0.534337 -0.014568 -0.702569 0.080557 0.075446 0.662253 1.018867 -0.062481 0.828644 0.204903 -0.341834 -0.065859 
-0.396798 -0.410527 0.630054 0.441558 0.508056 -0.176897 -0.316627 -0.045216 -0.352141 1.003570 -0.369818 0.724723 0.262594 0.215001 -0.026574 0.506145 -0.382627 0.417504 0.016326 -0.053217 0.063631 -0.360488 0.085549 0.442011 0.355024 -0.440313 -0.625931 -0.063275 -0.650902 0.241832 0.174732 0.917244 0.971132 -0.130074 0.796253 0.017803 -0.589998 -0.071164 
-0.526769 -0.522216 0.775538 0.361783 0.735702 -0.194793 -0.333918 -0.097388 -0.577203 0.806435 -0.392466 0.693696 0.131831 0.216989 -0.197937 0.360922 -0.496898 0.164937 -0.305987 0.105749 -0.158624 -0.347273 0.196044 0.429199 0.520428 -0.581359 -0.525520 -0.097655 -0.646918 0.428101 0.019789 0.975070 0.699809 -0.364874 0.682111 0.275697 -0.620747 -0.291519 
-0.769967 -0.198575 0.791489 0.436041 0.656044 0.025084 -0.332684 -0.091379 -0.309927 1.022612 -0.186467 0.685106 0.322299 0.215658 -0.271087 0.329231 -0.469229 -0.112259 -0.348359 0.171940 -0.210964 -0.352262 -0.027435 0.328627 0.132450 -0.394272 -0.247210 -0.168745 -0.377936 0.426423 0.064098 0.841964 0.700909 -0.206007 0.936705 0.410901 -0.727275 -0.264350 
-0.574164 -0.431237 0.776619 0.635705 0.440918 -0.127057 -0.190986 0.194875 -0.598114 0.753498 -0.321388 0.372857 0.322355 0.420458 -0.099905 0.214198 -0.223346 0.054889 -0.196806 0.223458 -0.329443 -0.273557 -0.397282 0.230507 -0.042176 -0.365151 -0.133303 -0.126083 -0.138153 -0.120465 0.053356 0.842536 1.069468 -0.158239 0.912284 0.348754 -0.733045 -0.188039 
-0.482197 -0.586641 0.340813 0.511840 0.732972 -0.082978 -0.111800 -0.137889 -0.382671 0.508374 -0.198081 0.459051 0.386369 0.545968 -0.067181 0.081276 -0.252370 -0.053054 -0.111339 0.014927 -0.175531 -0.059690 -0.247953 -0.027471 -0.030564 -0.545939 -0.169831 0.046958 -0.287613 -0.013894 -0.108770 0.686772 0.994455 -0.286686 0.750258 0.162332 -0.608447 -0.234321 
-0.622299 -1.157195 0.353650 0.185123 0.156846 0.281331 -0.052529 -0.354784 -0.215531 0.677994 -0.186685 0.560210 0.597327 0.484209 0.298773 0.232317 -0.152415 -0.069430 -0.131387 0.099226 -0.174909 -0.145338 -0.128487 0.026354 0.147985 -0.719373 -0.268657 0.104340 -0.139895 -0.073183 -0.154793 0.861667 0.711726 -0.412207 0.873697 0.291255 -0.542151 -0.556852 
-0.481049 -0.907691 0.124937 0.345239 0.116943 0.594535 -0.062807 -0.319603 0.117999 0.419018 -0.399750 0.502629 0.415207 0.550699 0.392397 0.340895 0.106410 -0.026549 -0.044082 0.030286 -0.378025 -0.511291 -0.352935 -0.091192 0.037876 -0.469564 -0.206369 0.227892 -0.563366 -0.032328 -0.147602 0.994762 0.598554 -0.351447 0.555494 0.301302 -0.539662 -0.354116 
-0.500097 -0.944422 0.054662 0.458794 0.367813 0.448821 0.064629 -0.167270 0.047920 0.503228 -0.560764 0.464000 0.309535 0.427625 0.166388 0.302821 0.296562 -0.262702 0.058352 0.161785 -0.242785 -0.289357 -0.295930 -0.000495 0.190565 -0.743104 -0.340751 0.193663 -0.620366 -0.100575 0.115250 0.740694 0.367119 -0.112669 0.575657 0.261240 -0.655357 -0.199128 
-0.361419 -0.900929 0.087427 0.266164 0.015776 0.460992 -0.194222 -0.262668 0.276934 0.390202 -0.553991 0.358899 0.497719 0.507240 0.250417 0.229214 0.322366 -0.381279 -0.086684 0.383396 -0.298194 -0.220190 -0.324913 -0.157574 0.470877 -0.353461 -0.068016 0.105786 -0.436043 -0.041470 0.083063 0.601839 0.515029 -0.067951 0.284891 0.283561 -0.833319 -0.130929 
-0.180072 -0.985955 -0.372376 0.539583 0.005134 0.247290 -0.009260 -0.018547 0.140616 0.163554 -0.385786 0.545525 0.180357 0.557184 0.264737 0.481734 0.182326 -0.488869 -0.152113 0.643146 -0.218004 -0.106413 -0.431355 -0.220212 0.351792 -0.719027 0.172921 -0.165229 -0.327927 0.143902 0.113650 0.550555 0.213262 0.071527 0.495402 0.649174 -0.612854 -0.079312 
0.211659 -0.918868 -0.335530 0.358005 -0.207176 0.213094 0.073423 -0.012163 0.252208 0.141247 -0.389055 0.211928 0.310744 0.344030 -0.075708 0.172623 0.073841 -0.525447 0.254629 0.611218 -0.173258 0.265932 -0.320697 -0.003464 0.247549 -0.360828 0.311512 0.021219 -0.074995 -0.054633 -0.013427 0.541886 0.520725 0.144520 0.455671 0.504390 -0.645718 -0.066719 
0.343693 -0.883041 -0.527097 0.207411 -0.467798 0.005768 0.507211 0.104036 -0.067867 -0.053096 -0.343023 0.001758 0.071049 0.131099 -0.271393 0.167917 0.219090 -0.548192 0.376496 0.347507 0.043668 0.412811 -0.090816 -0.180234 -0.039131 -0.384494 0.408054 0.243868 -0.026983 -0.211819 -0.165777 0.475325 0.456016 0.108579 0.332089 0.725849 -0.631922 -0.436670 
0.293369 -0.789172 -0.426980 0.363349 -0.307687 0.268345 0.758682 0.138112 -0.152708 0.070307 -0.162188 -0.227444 -0.007151 0.431050 -0.207785 0.173146 0.238383 -0.795828 0.307379 0.063060 0.113120 0.673548 -0.143872 -0.329480 -0.154435 -0.463638 0.629675 0.329662 0.133649 -0.138131 -0.145109 0.409709 0.528796 0.252844 0.339870 0.458363 -0.948928 -0.327551 
0.356991 -0.749535 -0.427663 0.228340 -0.474667 0.209772 0.634564 0.488538 -0.061836 -0.181001 -0.053190 -0.359433 -0.104682 0.302827 -0.059597 -0.092855 0.369059 -0.881531 0.465600 -0.006286 0.214135 0.705778 -0.182426 -0.202766 0.169894 -0.686394 0.648547 0.149929 -0.084193 -0.334183 0.018484 0.282172 0.086010 0.360525 0.462909 0.764417 -0.869731 -0.395636 
0.356811 -0.606635 -0.433793 0.164578 -0.504380 0.263292 0.573015 0.278676 0.257521 -0.397287 -0.353406 -0.198579 0.121366 0.113537 0.188116 0.198857 0.432391 -0.992194 0.397330 0.171923 0.159143 0.830503 -0.167176 -0.392121 0.111498 -0.258963 0.830574 0.366737 -0.180218 -0.440849 -0.034048 0.342739 0.063776 0.449043 0.612596 0.470042 -0.845415 -0.342470 
0.610167 -0.608606 -0.297790 0.171496 -0.598917 0.129175 0.265834 0.103847 0.181321 -0.356160 -0.317812 -0.458866 0.333192 0.220728 0.480779 0.032116 0.623714 -0.885815 0.464715 -0.126941 0.240867 0.843596 0.000564 -0.380251 0.087158 -0.251239 0.601907 0.340971 -0.172972 -0.762973 -0.108803 -0.114644 0.441888 0.322072 0.610143 0.323620 -0.950064 -0.142358 
0.595292 -0.463681 -0.384677 0.129519 -0.701771 0.101101 0.270093 0.335053 0.059765 0.070628 0.071234 -0.289736 0.261150 0.185824 0.265960 0.150733 0.549229 -0.876792 0.487234 -0.012940 0.151115 0.914693 -0.138770 -0.283752 0.059400 -0.523980 0.828349 -0.005561 -0.203451 -0.701813 0.024774 -0.125492 0.304143 0.190903 0.672941 0.317550 -0.655422 -0.099752 
0.523591 -0.433239 -0.172893 0.054239 -0.689189 0.047673 0.465701 0.230346 -0.069901 0.139347 -0.053421 -0.448057 -0.059639 0.190438 0.177845 -0.088770 0.570707 -0.955954 0.434734 -0.306574 0.184229 0.938396 -0.188131 -0.460637 0.051080 -0.413825 0.568382 -0.098975 0.078152 -0.475617 -0.030737 -0.143426 0.389780 0.201042 0.399668 0.141153 -0.589884 -0.313442 
0.244544 -0.365186 -0.344950 0.004897 -0.601229 -0.185172 0.513060 0.340199 -0.046452 0.286594 -0.161659 -0.320627 0.118380 0.271925 -0.034395 0.036087 0.552549 -0.807430 0.423788 -0.381851 0.108761 0.919707 -0.298297 -0.292100 -0.051058 -0.325949 0.272073 0.089289 0.511562 -0.310833 0.259262 0.041126 0.517467 0.228573 0.488099 0.066075 -0.526564 -0.374370 
0.111193 -0.174811 0.172256 0.112157 -0.663664 -0.192905 0.594718 0.605621 0.051251 0.494952 -0.022175 0.169876 0.043506 0.331876 -0.275115 -0.203333 0.342202 -0.472935 0.335305 -0.392719 0.018040 0.647552 -0.259829 -0.535199 0.089123 -0.312127 0.165810 -0.143490 0.512395 -0.360474 0.272257 0.004978 0.184773 -0.206592 0.475103 0.136566 -0.479018 -0.079670 
0.129001 -0.126201 0.386085 -0.371190 -0.957603 -0.359452 0.874474 0.667358 -0.107978 0.413794 0.016906 0.534273 0.371881 0.506619 -0.357144 -0.086731 0.296570 -0.355939 0.335604 -0.289490 0.076035 0.476276 -0.232377 -0.487573 0.028028 0.094318 -0.259959 -0.195088 0.820963 -0.160231 0.131662 -0.058292 -0.052011 -0.419128 0.303987 0.284747 -0.467523 0.227467 
0.246377 -0.071751 0.456487 -0.237872 -0.978638 -0.335930 1.060796 0.414865 -0.079679 0.328632 0.079496 0.668417 0.477467 0.817412 -0.247250 -0.491388 0.224177 -0.086416 0.525120 -0.219566 0.091248 0.367966 -0.402478 -0.675812 0.056075 0.211587 -0.288025 0.137938 0.768496 -0.275035 -0.033259 0.071541 -0.016796 -0.632906 0.168376 0.168593 -0.561298 0.438340 
0.514036 0.044845 0.276614 -0.047656 -0.779049 -0.289948 0.804133 0.417259 -0.043854 0.276740 0.403680 0.555536 0.545355 0.676418 -0.337214 0.024781 0.042502 0.042752 0.340173 -0.155934 -0.145864 0.259529 -0.602871 -0.742398 0.264577 0.210372 0.049434 0.186285 0.765503 0.005544 0.212436 -0.138312 -0.014289 -0.585554 -0.015964 0.174404 -0.649851 -0.060834 
0.530830 -0.027547 -0.060824 0.277589 -1.021289 -0.063836 0.668425 0.289087 0.078587 0.298678 0.175208 0.337662 0.259176 0.620641 -0.161700 0.033989 0.219512 0.126701 0.356940 0.133033 0.296906 0.698063 -0.590493 -0.601529 0.261018 0.146386 -0.082976 0.033964 0.643112 0.508026 0.111993 -0.059172 0.009582 -0.771927 0.126098 0.257243 -0.535680 -0.295294 
0.404073 0.233779 -0.391368 0.727322 -0.997074 -0.063817 0.451435 0.228832 0.062363 0.236368 -0.008245 0.273337 0.430701 0.645518 0.022235 -0.069458 -0.031966 0.266323 -0.051906 0.163064 0.347395 0.987314 -0.734002 -0.534835 0.493413 0.308669 -0.059309 -0.060046 0.577659 0.640401 0.250754 -0.009649 0.072706 -0.640074 0.030342 0.223841 -0.566236 -0.626273 
0.531901 0.588866 -0.286260 0.632748 -0.986137 0.190654 0.151213 0.359017 0.305591 -0.039909 0.139957 -0.017893 0.436940 0.853985 -0.127604 -0.427972 -0.087328 0.221921 -0.093102 0.127463 -0.102986 0.801528 -0.458749 -0.299540 0.371192 0.370846 0.104500 -0.206262 0.538668 0.702320 -0.046147 -0.089430 0.156364 -0.538781 -0.146549 0.205056 -0.611829 -0.450259 
0.582012 0.533733 0.035171 0.455412 -0.962819 -0.147058 0.325342 0.401324 0.529425 0.082151 -0.045837 -0.035339 0.225006 0.896976 0.043916 -0.590417 -0.065007 0.223433 0.059517 0.332213 0.026649 0.616115 -0.322740 -0.435438 0.463476 0.368784 0.152852 -0.343316 0.411112 0.472070 -0.011375 -0.083767 -0.101201 -0.531974 0.002422 0.243386 -0.718018 -0.294061 
0.810137 0.588010 -0.095138 0.335324 -0.861731 -0.029997 0.510910 0.266790 0.528237 0.177042 0.264587 0.127500 0.137539 1.211246 -0.269708 -0.650586 -0.165319 0.020677 -0.007555 0.051037 0.009771 0.739847 -0.133624 -0.566716 0.365143 0.303994 0.367667 -0.243157 0.490549 0.468792 -0.350194 -0.213861 -0.267477 -0.433170 -0.215338 0.147259 -0.492753 0.078676 
0.891971 0.540377 -0.052947 0.274032 -0.555140 0.085543 0.708696 -0.006403 0.459045 0.244591 0.212856 0.033102 0.076360 1.230048 -0.451348 -0.472656 0.334791 -0.099228 -0.012674 0.088037 -0.078214 0.412481 0.245843 -0.494532 0.090586 0.445985 -0.032631 -0.434031 0.307777 0.350769 -0.323702 -0.062657 -0.236492 -0.199280 -0.253929 -0.077904 -0.779175 0.071872 
0.726307 0.093907 0.191880 0.483947 -0.474903 0.086954 0.804806 0.154789 0.383251 0.029436 0.370709 -0.275635 0.299716 1.325259 -0.658526 -0.591431 0.599720 -0.071633 -0.104225 -0.180645 -0.024735 0.171150 0.476553 -0.583112 -0.271413 0.359002 0.020649 -0.503269 0.499751 0.216228 -0.168051 0.004822 -0.500941 -0.263860 -0.252596 0.035387 -0.664084 0.269692 
1.075169 0.134017 0.477557 -0.206771 -0.391246 0.277351 1.042304 -0.097474 0.385244 0.054422 0.403764 -0.244962 0.407899 0.901490 -0.872536 -0.414853 1.139588 -0.282130 0.051196 -0.302549 0.142369 -0.082755 0.889188 -0.560884 -0.285340 0.519150 0.132845 -0.777927 0.424770 0.122041 -0.387760 0.066766 -0.453296 0.117341 -0.213643 0.039784 -0.469235 0.366629 
1.218748 -0.012458 0.877008 -0.767435 -0.276074 0.204779 1.117607 -0.130291 0.461793 0.153475 0.142854 -0.037409 0.338899 0.423865 -0.868344 -0.471180 1.220035 -0.642743 -0.136825 0.092726 0.061988 -0.230749 0.971408 -0.383095 -0.556502 0.763508 0.357725 -0.752811 0.126043 -0.113611 -0.432641 0.010993 -0.689778 0.276712 -0.310878 -0.141959 -0.279562 0.394972 
1.621249 0.225818 0.907376 -1.286902 -0.079661 0.062583 0.866158 0.303006 0.174755 0.036030 0.171025 0.104941 0.440303 0.287209 -0.586738 -0.134298 1.080647 -0.795248 -0.010739 0.122485 -0.100767 -0.248249 0.932288 -0.245602 -0.548971 0.604759 0.148431 -0.668242 0.143455 0.060905 -0.435863 0.171788 -1.128843 0.202739 -0.250142 -0.453752 -0.398215 0.320124 
1.578027 -0.229708 0.599393 -1.240436 0.089721 0.094762 0.664918 0.457828 0.483588 0.075964 -0.038005 -0.008001 0.228789 -0.457411 -0.011051 0.002937 0.993988 -0.821398 -0.170825 0.247980 0.038529 -0.430430 0.680941 -0.180934 -0.716874 0.689579 0.225691 -0.475519 -0.103195 0.202829 -0.206606 0.156643 -1.167572 0.042640 -0.035650 -0.611510 -0.293810 0.223326 
1.514110 -0.041877 0.038288 -1.371171 -0.077195 0.190340 0.818566 0.946809 0.558829 0.100548 -0.133597 0.199743 0.091888 -0.775871 0.252038 -0.088871 0.996812 -0.602290 -0.492062 0.394219 -0.041038 -0.223876 0.230180 -0.348260 -1.009185 0.453948 0.077520 -0.204004 -0.055393 0.344701 0.063374 0.295394 -0.999983 -0.282500 0.085863 -0.562906 -0.265689 0.105625 
1.423594 0.035890 0.087196 -1.460022 -0.062189 -0.148536 0.834105 1.255914 0.240562 -0.068658 0.019155 0.092164 0.346721 -0.704618 0.632179 -0.070856 0.808268 -0.252629 -0.801790 0.386368 -0.263435 -0.208304 -0.008380 -0.500187 -0.898938 0.755339 0.163519 -0.081292 0.259079 0.927454 0.189750 0.044712 -0.795626 -0.302693 0.028279 -0.722363 0.012233 0.083097 
1.093017 0.087702 -0.090414 -1.120464 0.071698 -0.515824 0.781942 1.666796 0.146340 -0.236049 0.034409 0.080888 0.367717 -0.853688 0.543033 0.069434 0.627794 0.292053 -0.613067 0.608588 -0.078459 0.087524 -0.042333 -0.657638 -0.744535 0.787703 0.341140 -0.501638 0.601711 0.919276 0.292123 0.128519 -0.848181 -0.436301 -0.157385 -1.227786 0.238106 -0.004684 
0.734549 0.208416 -0.504851 -1.181338 0.001305 -0.653627 0.550827 1.369415 0.042215 0.150403 0.072724 -0.097877 0.268947 -0.823085 0.701982 0.314906 0.178979 0.643571 -0.397935 0.463822 -0.026145 0.662244 -0.136818 -0.623996 -0.454436 0.432083 0.276726 -0.812311 0.480804 1.003908 0.104104 0.221298 -0.519112 -0.390769 0.066269 -1.127768 0.267434 -0.219399 
0.567774 0.334820 -0.455325 -1.278875 0.065272 -0.350644 0.584436 1.288241 0.027215 0.043110 -0.123712 -0.379985 0.103205 -0.522406 0.953478 0.452951 -0.000940 1.485916 -0.205504 0.308332 0.048991 0.721319 0.167149 -0.814014 -0.216020 0.334578 0.299275 -0.921014 0.692505 0.972646 -0.028593 0.173080 -0.375455 -0.439947 -0.322920 -1.259419 0.187193 -0.027392 
0.513625 0.457703 -0.642228 -1.528928 -0.000829 -0.180285 0.189338 0.478143 0.207356 -0.116031 -0.354366 -0.166762 -0.338237 -0.336696 1.257510 0.417636 -0.206658 1.540930 -0.246848 0.079036 0.044195 1.041445 0.352276 -1.033143 0.172747 -0.014999 0.195477 -0.807252 0.603806 0.679114 -0.484410 0.184901 -0.268390 -0.448750 -0.504868 -0.841631 0.165074 0.388274 
0.244525 0.570025 -0.620112 -1.485068 -0.450778 0.299038 -0.077089 -0.430053 0.211610 -0.163657 -0.536198 -0.195237 -0.516593 -0.503803 1.232716 0.258827 0.007659 1.524650 -0.434073 0.219243 -0.415009 0.926294 0.572399 -1.044653 0.406431 -0.520117 0.244573 -0.744847 0.318643 0.299799 -0.728831 0.323701 -0.380181 -0.363329 -0.526786 -0.312935 0.285927 0.864659 
0.139746 0.209783 -0.736817 -1.505309 -0.847359 0.294795 0.074061 -1.053857 0.175728 -0.244105 -0.890761 0.182592 -0.791186 -0.583379 1.065687 0.317792 0.557241 1.183508 -0.071519 0.006123 -0.463845 0.957985 0.868207 -0.862235 0.432199 -0.368765 -0.044185 -0.583542 0.122511 -0.238287 -1.033478 0.248548 -0.432582 -0.428781 -0.600919 0.238809 0.328796 1.188342 
0.090542 0.183650 -0.029383 -1.095948 -0.979640 0.224311 0.213645 -1.366476 0.147146 -0.235725 -0.795913 0.630655 -1.191291 -0.723946 0.761757 0.348589 0.662331 0.836181 -0.063109 -0.043453 -0.566426 0.503035 0.556870 -0.638902 0.366927 -0.168497 -0.248107 -0.837180 -0.415715 -0.616443 -1.130817 0.424176 -0.758339 -0.620139 -0.104123 -0.057050 0.050063 1.320226 
-0.010611 0.194833 0.321239 -0.553309 -0.653750 -0.400388 0.281416 -1.544624 0.390734 -0.012000 -0.286853 0.504336 -1.384373 -0.696238 0.589346 -0.138412 0.350067 0.193377 0.553120 -0.184796 -0.509977 0.196498 -0.117489 -0.173204 -0.145891 0.129369 -0.533795 -0.478031 -0.607979 -0.974851 -0.736570 0.230141 -0.488282 -0.627129 0.019384 0.020813 -0.162693 1.127630 
0.059872 0.236902 0.532839 0.120567 -0.094689 -0.457936 0.118740 -0.979530 0.601189 -0.084195 0.116677 0.261957 -1.674253 -0.135617 0.413396 -0.410030 0.361966 0.217519 0.412480 -0.191098 -0.601286 -0.204913 -0.520964 -0.251904 -0.031289 0.165616 -0.637878 -0.151441 -0.497108 -1.172453 -0.607503 0.252472 -0.423401 -0.322442 -0.101946 -0.026367 -0.201427 0.860496 
0.081575 0.749214 0.238698 0.562124 0.037649 -0.619540 0.011196 -0.402503 0.399386 -0.186554 0.512924 -0.339207 -1.306112 0.343559 0.092434 -0.772556 -0.203765 0.297942 0.687210 -0.397695 -0.546224 0.378005 -0.920098 -0.466199 -0.201616 -0.015462 -0.947629 0.352016 -0.340948 -0.834106 -0.282106 -0.125849 -0.157812 -0.313601 -0.229721 -0.213046 0.141157 0.447315 
-0.247050 0.706628 0.197193 0.406289 0.016494 -0.571991 0.106867 0.072390 0.169797 -0.368676 0.474099 -0.521199 -0.883177 0.245080 -0.221798 -0.805529 -0.317127 0.113092 0.466777 -0.369603 -0.186219 0.280314 -1.020601 -0.240231 -0.476845 -0.081530 -0.897080 0.306350 0.017256 -0.591517 0.176226 -0.073118 0.145469 -0.470247 0.179199 -0.199578 0.193511 0.211480 
-0.365815 0.678624 -0.064718 0.004585 0.038902 -0.278211 0.269045 0.069949 0.039941 -0.181387 0.243276 -0.454425 -0.380027 -0.302675 -0.296501 -0.719488 -0.333960 -0.395652 0.329768 -0.413597 0.088084 0.379899 -0.694320 0.403818 -0.346830 0.236324 -0.414084 0.105657 0.253528 -0.353181 0.771890 -0.102737 0.280484 -0.712971 0.054357 -0.378658 0.253736 0.092822 
-0.601269 0.458423 -0.263126 -0.257160 0.009803 -0.058644 0.413382 0.105325 0.007439 -0.135362 -0.086559 0.002760 0.133360 -1.018056 0.139081 -0.423337 -0.129434 -0.272977 0.168048 -0.374405 0.384557 0.596280 0.038142 0.720532 0.091237 0.363566 0.516792 0.255037 0.372344 -0.329119 0.977916 -0.298347 0.285428 -0.845660 0.103924 -0.147520 0.143544 -0.108793 
-0.273141 -0.107106 -0.269897 -0.394962 0.115709 0.251039 0.411766 0.410774 0.524987 0.490575 0.156570 0.119130 0.351764 -1.120594 0.546416 -0.092894 0.058820 -0.115173 0.474643 -0.385960 0.333998 0.456959 1.522259 0.663549 0.347737 0.371776 0.911448 0.725496 0.653956 -0.525854 0.966674 -0.363302 0.611985 -0.838723 0.464601 -0.031849 0.326837 -0.627452 
-0.154582 -0.238136 -0.091263 -0.646495 0.195868 0.299124 0.383701 0.434538 0.558274 0.389956 0.554380 -0.117569 0.484911 -1.157923 0.367545 -0.136528 0.014643 0.086737 0.347395 -0.230667 0.202572 0.312476 2.121396 0.539087 0.469422 0.504174 0.410759 0.622058 0.766286 -0.218724 0.809808 -0.421844 0.629456 -0.351175 0.459251 0.228986 0.259889 -0.872719 
-0.139298 -0.128805 0.171378 -0.568978 0.275336 0.423801 -0.261098 0.640520 0.816927 0.021631 0.349328 -0.482689 0.590362 -0.025747 -0.247027 -0.589818 -0.509693 -0.136394 -0.306170 0.425694 0.542686 0.167602 1.482137 0.017316 0.341531 0.612812 -0.460788 0.246082 0.592158 0.335955 1.506611 -0.453205 -0.028477 0.188565 0.310118 0.344252 0.065972 -1.104224 
0.266391 -0.119010 -0.007745 -0.573307 0.433860 0.493567 -0.869640 0.909056 0.850046 -0.367364 0.291314 -0.437969 0.035096 0.448907 0.009145 -0.557205 -0.540672 -0.100015 -0.427102 0.513939 0.754114 -0.198268 0.739757 -0.142282 -0.143191 0.402847 -0.849776 0.123019 0.240966 0.377492 1.820406 -0.290306 -0.298973 0.552233 0.206366 0.288472 0.013980 -1.265592 
0.139338 -0.331746 -0.011227 -0.647969 0.656978 0.292530 -0.864457 0.703203 0.234578 -0.308840 -0.120528 -0.071828 -0.440537 0.292929 0.343803 -0.493608 -0.308779 0.034710 0.050979 1.015399 0.503788 -0.037777 -0.199597 -0.070610 -0.415886 -0.027709 0.230443 -0.094425 -0.383101 -0.030344 1.718472 0.279357 -0.454361 0.318198 -0.057739 0.330987 0.187654 -1.315661 
0.252803 -0.319641 -0.415636 -0.475327 0.789251 0.068928 -0.492002 0.359884 0.154355 -0.275308 -0.073567 0.583701 -0.388067 -0.127696 0.544607 0.078494 0.245391 -0.371488 0.325256 1.234993 0.222583 0.090178 -0.744026 0.269380 -0.330233 -0.620593 0.705343 0.273165 -0.789332 -0.340462 1.074917 0.546207 -0.433921 0.192249 -0.035199 0.508637 0.066628 -0.768048 
-0.131400 0.063186 -0.136070 -0.339791 0.221801 0.164514 -0.353962 0.106726 -0.093508 -0.364682 -0.133068 0.973783 -0.098701 -0.350672 0.639356 0.155825 0.108009 -0.105311 0.546257 1.109468 0.097682 0.215896 -1.601684 0.340303 -0.344826 -0.720546 0.276219 0.298354 -0.808315 -0.320146 1.128053 0.891082 -0.485337 0.116777 -0.168656 0.652542 0.255898 -0.497942 
-0.053856 0.322900 0.110831 -0.521527 0.162065 0.069162 0.060639 -0.214770 0.303998 -0.386394 0.612080 0.686525 0.117255 -0.440344 0.476740 0.096323 -0.073529 -0.153656 0.546590 0.904881 0.459005 0.301181 -1.492051 0.261310 -0.115134 -0.579631 -0.792788 0.149957 -0.574763 -0.188237 0.664951 0.767613 0.081941 0.500815 0.143762 1.006926 0.105178 0.008575 
0.206829 0.752922 0.805238 -0.437330 -0.308463 0.233978 0.047296 -0.439526 0.804549 0.042284 0.976674 -0.035008 0.166300 -0.261854 -0.138659 -0.784986 0.160741 -0.256316 0.446971 -0.013120 1.057927 0.237349 -0.771702 0.333099 0.074910 -0.221690 -1.270656 -0.241190 -0.143903 -0.231906 0.476534 0.436159 0.079114 0.341666 0.438960 0.899186 0.039048 0.639932 
-0.054656 0.322713 0.687587 -0.621199 -0.597010 0.410348 -0.293870 -0.510478 0.746640 0.206063 0.955773 -0.803785 -0.104731 -0.188822 -0.541740 -1.270501 0.396610 0.087642 -0.004606 -0.093205 1.055937 0.003230 -0.002368 0.044662 0.498386 0.114411 -1.023342 -0.184396 0.335207 -0.012519 -0.102088 0.289520 0.264787 -0.459079 0.344648 -0.134996 0.130058 0.966103 
-0.348921 -0.251553 -0.103442 -0.390826 -0.645646 1.033991 -0.232190 -0.787983 -0.062009 -0.153025 0.014613 -1.104913 0.170455 0.102233 -0.848991 -1.066062 0.568263 0.345834 -0.253626 0.184657 0.610916 -0.322766 0.678877 -0.431135 0.455849 0.602545 -0.993702 0.442323 0.675925 -0.117769 -0.546485 -0.254345 0.611238 -0.482426 -0.535012 -1.185004 -0.170123 0.791542 
-0.043441 -0.647651 -1.046841 -0.043842 -0.496456 1.651497 -0.384338 -0.527961 -0.250831 -0.299603 -0.544365 -1.459359 0.232297 0.048046 -0.725211 -1.453524 0.355841 0.638083 -0.748599 0.246964 0.680394 -0.535421 0.928287 -0.598620 -0.166735 0.924683 -0.661484 0.874433 0.808050 -0.502998 -0.997120 -0.939035 1.005146 -0.324456 -0.566031 -1.540719 -0.436818 0.335215 
-0.180367 -0.507675 -1.354863 0.206418 -0.262431 1.235408 -0.738718 -0.310135 -0.149394 0.025187 -0.737411 -0.991860 0.566608 0.150026 -0.414046 -1.409362 0.311603 0.670627 -0.855434 0.268307 0.250815 -0.271790 0.785598 -0.512523 -0.321366 0.933296 -0.653676 0.761628 0.721892 -0.357632 -1.076623 -0.552745 0.601437 -0.342239 -0.884111 -1.263121 -0.237187 -0.305349 
-0.310360 -0.453832 -0.718358 0.155863 -0.184855 1.032802 -0.755424 -0.095011 0.074736 0.394451 -0.482134 -0.066372 0.515322 0.131228 -0.329716 -0.894110 0.238777 0.969852 -0.626051 0.381003 -0.635983 -0.207431 0.710846 -0.482182 -0.215069 0.628904 -0.263168 0.422418 0.442093 0.060472 -0.782625 0.079204 0.145092 -0.882232 -0.771565 -0.728392 0.151904 -0.630551 
-0.281661 -0.216840 -0.331606 0.034590 -0.165085 0.306733 -0.538435 0.185360 0.716366 0.589118 0.070922 0.545427 0.565251 -0.020427 -0.113463 -0.896669 0.231060 1.107734 -0.542841 0.432620 -0.796575 -0.206774 0.256894 -0.317154 -0.183658 0.172747 -0.176901 -0.327660 -0.056008 0.185506 -0.733179 0.691790 -0.196035 -0.906933 -0.683733 -0.256615 0.238490 -0.848200 
-0.343274 0.082433 0.095033 0.190592 0.389459 0.235041 -0.540754 0.092142 0.787500 0.583127 0.518033 0.830301 0.744439 -0.314413 -0.327518 -0.849814 0.012709 1.093722 -0.279100 0.312468 -0.729492 -0.028198 0.243983 -0.185098 -0.121588 0.096285 0.270015 -0.670884 -0.532148 -0.290068 -0.481096 0.747818 -0.575592 -0.792038 -0.259747 0.284800 0.261330 -0.998086 
-0.153641 0.293607 0.456280 -0.017016 0.696585 0.224014 -0.765209 0.386778 0.531643 0.498362 0.373015 0.594009 1.021010 -0.322322 -0.083013 -0.617242 -0.278308 0.872504 -0.278088 0.131717 -0.343467 0.143780 0.333171 0.049169 -0.201124 0.167933 0.115364 -0.813543 -1.080947 -0.672986 -0.364331 0.710202 -0.465267 -0.515768 -0.181967 0.584391 0.180204 -0.834007 
0.024986 0.240998 0.664837 0.123120 0.710827 0.247218 -0.929274 0.646122 0.078818 0.140567 0.095414 0.430289 1.097494 -0.439800 -0.337207 -0.544401 -0.422978 0.488923 -0.399396 0.178901 -0.223276 0.365941 0.040421 0.189807 -0.071885 -0.012824 -0.085718 -0.958581 -1.174076 -0.861619 -0.454178 0.458680 -0.254887 -0.262220 -0.062277 1.140707 0.566789 -0.515261 
0.156561 0.204502 0.553896 0.231145 0.215124 0.288484 -0.923891 0.449042 -0.231039 -0.218060 -0.076680 0.380537 1.219389 -0.226361 -0.092427 -0.308569 -0.284209 -0.018744 -0.580477 0.244679 0.079122 0.528227 -0.050767 0.185646 0.182060 -0.161617 -0.116189 -1.276814 -1.574700 -0.704717 -0.321553 0.077717 -0.271939 0.043257 0.052730 1.426673 0.357414 -0.317367 
0.391072 0.220427 0.039563 0.389298 0.125814 0.250170 -0.988571 0.393177 -0.527435 -0.422957 -0.087038 -0.083163 1.019222 -0.006950 -0.030043 -0.409458 -0.077074 -0.319441 -0.551585 0.160325 0.307910 0.549907 -0.166686 0.321279 0.328424 -0.108400 -0.119965 -1.155084 -1.469044 -0.830677 -0.465201 -0.266069 0.076221 0.350128 -0.106566 1.589181 0.377664 -0.239511 
0.270726 0.027195 -0.412704 0.500167 0.125578 0.095973 -0.942310 0.302735 -0.344037 -0.296286 -0.190796 -0.774437 0.809613 0.091219 0.683689 -0.390317 0.164589 -0.106150 -0.318973 0.062421 0.277146 0.491911 0.075357 0.209991 0.419139 -0.356903 -0.176614 -1.151855 -0.978267 -0.387497 -0.322279 -0.330528 -0.012086 0.348978 -0.396683 1.176806 0.606668 -0.442807 
0.158980 0.226502 -0.904332 0.437046 0.351265 0.020102 -0.820770 0.229323 -0.456805 -0.295342 -0.134891 -1.099906 0.383579 -0.053453 1.112928 -0.378862 0.131262 -0.256660 -0.056890 -0.372019 0.390370 0.230521 -0.206589 -0.181341 0.673909 -0.177556 -0.050966 -0.692601 -0.663303 -0.080577 -0.311704 -0.296847 0.209942 0.728701 -0.590488 1.169033 0.687223 -0.439657 
-0.238762 -0.033305 -0.817951 0.908700 0.586312 -0.187244 -0.790357 0.167165 -0.078865 -0.183973 -0.062384 -1.436439 0.561077 0.104708 1.224578 -0.278049 0.479895 -0.201445 -0.060669 -0.707555 0.435973 0.314297 -0.192214 -0.446702 0.773461 -0.427735 -0.043576 -0.691509 -0.408392 0.229916 -0.221664 -0.205014 0.381764 0.640700 -0.659587 0.832291 0.693081 -0.494797 
-0.081116 0.111530 -0.512069 1.032574 0.536244 -0.113813 -0.626980 0.166114 -0.005446 -0.041326 0.087960 -1.390280 0.361279 0.530775 1.394875 -0.293794 0.419444 -0.231752 -0.031129 -0.932096 0.301442 0.147028 -0.308100 -0.510554 0.782510 -0.215557 0.024814 -0.565338 -0.238476 0.309992 0.019828 -0.106153 0.373384 0.482533 -0.848158 0.412739 0.417583 -0.253555 
-0.102672 0.206166 -0.203720 0.973355 0.435702 -0.334535 -0.357691 -0.133297 0.208216 0.037430 0.131886 -1.205664 0.557944 0.627057 0.870276 -0.465186 0.252030 -0.229103 0.023996 -0.600638 -0.003758 0.175334 -0.047303 -0.448071 0.521683 -0.145190 -0.141052 -0.497789 -0.492898 0.181482 0.076164 -0.326291 0.495413 0.323055 -0.917686 0.249523 0.123624 -0.223346 
-0.091244 0.116853 0.054859 0.664594 0.389837 -0.364911 -0.375886 -0.185683 0.388466 0.333899 0.189835 -0.890834 0.497544 0.292090 0.694409 -0.017009 0.005158 -0.570909 0.111731 -0.430620 -0.047372 -0.168821 0.159970 -0.437422 0.602098 0.093493 0.019703 -0.177153 -0.842323 0.427416 -0.024828 -0.412939 0.240162 0.419529 -0.816446 0.118617 0.056144 0.045707 
-0.317411 0.119369 0.151142 0.665682 0.308551 -0.069645 0.047229 -0.144480 0.585286 0.332292 0.234046 -0.804437 0.328929 0.265216 0.193411 -0.235703 -0.014365 -0.475343 0.132091 -0.488857 -0.414135 -0.225384 0.386758 -0.597845 0.525490 0.374202 -0.158577 0.129136 -0.831860 0.457953 0.072210 -0.086610 0.015954 0.407352 -0.443187 -0.063891 -0.196769 0.076345 
-0.212915 0.156076 -0.041512 0.382114 0.114396 -0.180901 -0.154246 0.059707 0.606503 0.104153 0.074797 -0.664043 0.105363 0.001927 -0.039070 -0.049345 0.039312 -1.046350 0.145229 -0.208226 -0.508910 -0.358191 0.359510 -0.427971 0.182458 0.092043 -0.032783 0.352688 -0.954729 0.518633 -0.103961 0.042508 0.115737 0.515343 -0.277477 0.009753 -0.149961 -0.035697 
-0.294005 -0.122155 -0.171750 0.326806 0.160096 -0.318596 -0.035792 0.043152 0.361601 0.175770 -0.221223 -0.640538 0.013796 -0.297044 -0.633238 -0.085668 0.476792 -1.053151 0.209496 -0.152334 -0.282761 -0.294215 0.280342 -0.305164 0.187017 0.153357 0.101014 0.358239 -0.497242 0.468688 -0.022553 0.359132 -0.202470 0.357332 -0.348149 -0.100829 -0.201252 0.071844 
-0.532837 0.006383 -0.341556 0.111201 0.164832 -0.334854 0.138337 0.030308 0.433227 -0.197571 -0.085734 -0.640823 -0.022444 -0.202807 -0.479695 -0.190135 0.409366 -1.013421 0.252995 -0.318439 -0.520461 -0.314412 0.305344 -0.211275 0.060397 0.360580 0.037713 0.208391 -0.617449 0.342838 -0.077283 0.207788 -0.331806 0.451497 -0.201831 -0.091497 -0.093419 -0.073933 
-0.320946 -0.047081 -0.403913 0.173599 0.105954 -0.475510 0.027366 -0.075343 0.332223 -0.446822 -0.086634 -0.815794 0.019175 -0.024965 -0.436001 -0.317023 0.452352 -0.832571 0.159807 -0.359766 -0.435300 -0.266597 0.048114 -0.134353 -0.045920 0.099109 0.174982 0.214950 -0.293277 0.207128 -0.112564 0.352122 -0.316136 0.529073 -0.202754 0.082817 -0.139860 0.062616 
-0.261510 0.039679 -0.357685 0.124029 0.171318 -0.432885 -0.118486 0.060771 0.247726 -0.651118 -0.375907 -0.857006 -0.064393 -0.270648 -0.251153 -0.538197 0.372283 -0.550519 0.009292 -0.246143 -0.373464 0.037946 0.007047 0.303249 -0.138235 0.193295 0.278963 0.070450 -0.342149 -0.087445 -0.315606 0.115079 -0.040346 0.419187 -0.175426 0.186205 0.068302 -0.140413 
-0.134857 0.218641 -0.401687 -0.001348 0.181756 -0.035903 -0.005818 0.087854 0.136441 -0.426191 -0.525192 -0.618203 -0.334239 -0.383898 0.144866 -0.500349 0.289899 -0.644284 0.253528 -0.326475 -0.326425 -0.032316 0.107432 0.441737 -0.106702 0.041521 0.210278 0.046724 -0.263748 -0.355076 -0.133587 0.025574 0.090932 0.071384 -0.076706 0.201864 0.094367 0.006565 
0.012569 0.053920 -0.420278 0.072237 0.012958 -0.290745 0.102553 -0.043014 -0.167525 -0.938131 -0.604474 -0.594193 -0.504356 -0.391505 0.473421 -0.486736 0.171458 -0.679330 0.424348 0.061337 -0.095111 0.068393 0.035883 0.561636 -0.362660 0.000189 0.309964 0.044414 -0.089121 -0.297044 -0.130381 -0.139271 0.198681 0.111958 0.161364 0.114518 0.316230 0.100132 
-0.057713 -0.044103 -0.442502 0.180199 -0.027279 -0.342411 -0.116292 0.045563 -0.085302 -0.683017 -0.913304 -0.360747 -0.414423 -0.225057 0.836903 -0.103160 0.073850 -0.570185 0.608869 0.078144 -0.182269 0.122591 0.036346 0.702072 -0.315168 -0.162492 0.328953 0.205211 -0.098764 -0.381160 -0.129032 0.047994 0.417835 0.207123 0.126385 0.028886 0.161603 -0.059255 
0.039664 -0.160262 -0.364892 0.191103 0.002111 -0.340256 -0.182135 -0.007482 -0.205445 -0.682800 -0.932774 -0.375355 -0.613155 0.038755 1.173669 -0.147119 0.191870 -0.751761 0.410395 -0.021389 -0.077916 -0.061096 -0.103900 0.772531 -0.291751 -0.127194 0.220936 0.055310 -0.217640 -0.278902 0.076118 -0.171399 -0.005467 0.288261 0.101547 -0.238709 0.084846 -0.170893 
0.011647 0.039811 -0.192607 0.258105 -0.221275 -0.563605 -0.331654 -0.085961 -0.022761 -0.600006 -0.774834 -0.504346 -0.341108 0.223721 0.999978 0.247546 -0.068098 -0.494025 0.209103 0.257954 -0.068812 -0.205965 0.059346 0.535326 -0.338169 -0.135209 -0.022059 0.255823 -0.009036 -0.506893 -0.006341 -0.116703 0.166437 0.108634 0.172704 -0.296884 0.317859 -0.013439 
0.056978 0.288754 -0.098048 -0.087648 0.068618 -0.655408 -0.213593 0.076987 -0.043936 -0.533692 -0.522830 -0.384488 -0.089736 0.393802 0.753899 0.584154 -0.125432 -0.356962 0.138681 0.223981 -0.194207 -0.400797 0.201599 0.799324 -0.404586 0.181153 -0.301321 0.062049 -0.199081 -0.470673 0.182715 -0.338234 0.045735 -0.012860 0.230791 -0.324454 -0.003374 -0.167557 
0.067551 -0.062279 0.012402 -0.019306 -0.051838 -0.600413 -0.230308 0.043228 0.169794 -0.359728 -0.141906 -0.165686 -0.251410 0.177252 0.484542 0.568837 0.047361 -0.494305 -0.026354 0.260053 0.062850 -0.196579 0.211233 0.797956 -0.633656 -0.178039 -0.276102 0.215663 -0.022865 -0.362369 0.085130 -0.197127 0.192469 -0.057098 0.061203 -0.065202 -0.049575 -0.056314 
-0.327726 0.071771 0.147249 0.053150 -0.233478 -0.429702 0.086170 -0.107348 -0.006449 0.089839 0.187137 0.042369 -0.295248 0.400258 0.657787 0.642604 -0.059291 -0.074414 -0.105001 0.399724 -0.038366 -0.093055 -0.119316 0.624594 -0.273022 -0.134954 -0.019835 0.029406 0.038827 -0.185919 0.102620 -0.184731 0.483029 -0.156307 0.066746 -0.080549 -0.041820 -0.221476 
-0.534625 -0.068826 0.271897 -0.311944 -0.569317 -0.403215 0.025738 -0.187374 -0.051439 -0.077379 -0.073308 -0.067382 -0.557008 0.077380 0.612741 0.671424 0.126729 0.031800 -0.073898 0.359500 0.078099 -0.003066 -0.278519 0.712882 -0.200485 -0.456405 0.065082 0.333048 -0.151726 -0.264122 0.273882 -0.138998 0.245894 -0.394149 -0.054343 -0.127763 -0.084897 -0.251892 
-0.379546 -0.092077 0.210456 -0.044181 -0.502286 -0.319453 0.140019 -0.064842 0.124003 0.120762 0.102866 0.212471 -0.564469 0.425934 0.195180 0.250712 0.040138 0.150676 -0.555329 0.400593 0.025091 0.264042 -0.174078 0.535870 -0.331819 -0.244492 0.112154 0.756850 0.065273 -0.162554 0.206636 -0.185684 0.338044 -0.574367 -0.572454 -0.039397 -0.156658 -0.255906 
-0.651894 -0.103158 0.208862 0.209354 -0.447390 0.017871 0.285665 -0.080401 0.060313 -0.000891 -0.092618 0.106705 -0.394269 0.204325 0.439527 0.300875 0.059831 -0.075669 -0.648264 0.379664 -0.159489 0.192827 -0.094738 0.106254 -0.134418 -0.248822 0.284155 0.700138 -0.133330 0.232294 0.128014 0.086360 0.083988 -0.510765 -0.366110 -0.055602 -0.230567 -0.301443 
-0.735642 -0.223306 0.215726 0.108806 -0.312263 0.076096 0.305109 -0.250055 0.198838 -0.050176 0.139028 0.375479 -0.165696 0.140947 0.422995 0.532781 0.158295 0.032847 -0.548485 0.459342 0.047959 0.069225 -0.248648 0.177688 -0.223776 -0.281529 0.500992 0.794866 -0.079694 -0.108082 -0.045539 -0.135064 0.081283 -0.560716 -0.485981 0.132425 -0.147065 -0.447690 
-0.652780 -0.203887 0.242111 0.211355 -0.393111 0.279533 0.190968 0.057453 0.204859 0.184087 0.036724 0.216891 -0.377425 0.146109 0.239619 0.223530 0.199008 -0.053267 -0.520765 0.050151 -0.050508 0.416854 -0.095348 0.304488 -0.116434 -0.460537 0.589125 0.631901 -0.006359 0.064571 0.084898 -0.171942 0.198501 -0.612955 -0.223672 -0.136942 -0.266375 -0.304447 
-0.488491 -0.167738 0.567568 0.157429 -0.505993 0.047034 0.177299 0.078690 0.062974 0.272955 0.197994 0.316533 -0.222751 0.563352 0.338300 0.188565 -0.076036 0.099993 -0.567232 0.218564 0.217136 0.147104 -0.268256 0.275228 -0.344507 -0.235442 0.685084 0.450746 0.199887 -0.042849 0.197576 -0.183693 0.016950 -0.428763 -0.074710 0.046450 -0.117437 -0.013826 
-0.598421 -0.023600 0.504741 0.403301 -0.481409 0.135717 0.205563 0.506521 -0.069307 0.151522 0.077533 0.070019 -0.400733 0.251934 0.250604 0.044850 -0.067545 0.256707 -0.316052 -0.132056 0.366765 0.358975 -0.218680 0.343006 -0.424312 -0.214318 0.330957 0.435442 -0.049253 -0.372240 0.149700 -0.393786 0.051028 -0.193455 -0.038807 0.163672 -0.213830 -0.208059 
-0.475317 0.240209 0.643019 0.311883 -0.357400 0.000846 -0.004028 0.392080 0.004393 -0.046693 0.191537 0.134643 -0.545425 0.117493 0.051408 0.065455 -0.308376 0.170232 -0.686529 0.030024 0.402652 0.360175 -0.387426 0.637171 -0.434617 -0.009293 0.459891 0.313173 0.019007 -0.457233 0.309637 -0.105123 -0.121155 -0.468014 -0.197485 0.132817 -0.204351 -0.004919 
-0.712597 0.039014 0.652974 0.390531 -0.109933 0.161147 0.034265 0.182709 -0.138274 -0.140029 0.103932 0.084207 -0.318155 0.129084 -0.098111 0.320473 -0.146048 -0.006998 -0.403168 0.006250 0.152886 0.461888 -0.162591 0.890056 -0.550868 0.319278 0.415519 0.417416 -0.175888 -0.476857 0.235384 -0.062219 -0.190382 -0.596420 0.063274 -0.115893 -0.280820 -0.079599 
-0.554311 -0.003495 0.893876 0.107074 -0.271623 0.346171 0.120487 -0.056974 0.306275 0.085786 0.267996 0.299179 -0.027572 0.153239 0.040927 0.256346 -0.261395 -0.158477 -0.244245 0.121773 0.255789 0.254075 -0.144118 0.804453 -0.417373 0.127911 0.624740 0.479101 -0.181640 -0.458630 -0.107957 -0.199017 -0.138392 -0.564661 0.137601 -0.156947 -0.174145 -0.003826 
-0.654630 0.128639 0.736356 -0.087739 -0.471317 0.149386 -0.002108 0.100699 0.005821 0.088439 0.030960 0.239306 -0.300140 0.120138 0.052206 0.367298 -0.123299 0.044025 -0.492135 -0.153765 0.118163 0.108603 -0.328123 0.500107 -0.207134 0.418685 0.481653 0.341993 -0.174800 -0.547924 -0.008235 -0.287616 -0.327448 -0.551692 0.149881 0.082960 -0.164943 0.097417 
-0.625695 0.167065 0.519337 0.195091 -0.470381 0.024311 0.012549 0.097367 0.195555 -0.085726 0.178066 0.006256 -0.260038 0.300188 0.130866 0.190790 -0.131427 0.140607 -0.588675 -0.247593 0.033031 0.130205 -0.227669 0.473472 0.001384 0.348548 0.223819 0.451666 -0.134767 -0.852248 -0.067804 -0.355859 -0.184577 -0.191645 0.216508 -0.062232 -0.270942 0.233077 
-0.339063 0.263152 0.762896 0.215766 -0.432106 0.351961 0.214869 0.034314 -0.125004 -0.118874 -0.057077 0.058977 -0.005020 0.044003 -0.214934 0.275362 -0.058119 0.117979 -0.521385 -0.304511 0.337807 0.405903 -0.421450 0.593409 -0.312103 0.412452 0.372020 0.274948 -0.176846 -0.839021 0.234002 -0.427159 -0.224588 0.119639 0.386121 -0.035170 -0.156134 0.024507 
-0.326701 0.083619 0.836873 0.549352 -0.676973 0.037740 0.204710 -0.290344 -0.069230 -0.025336 0.304321 0.061451 -0.075219 -0.183674 -0.071816 0.017896 -0.234396 0.163394 -0.448347 -0.152739 0.210571 0.241508 -0.280526 0.580071 0.013396 0.224538 0.234594 0.209399 -0.167399 -0.447994 0.190812 -0.494320 -0.174072 0.182939 0.308021 -0.124524 -0.023049 0.130535 
-0.296608 -0.054837 0.537482 0.441340 -0.606161 0.179334 0.063853 -0.188658 0.221202 -0.070702 0.225164 0.226575 -0.075796 -0.083916 -0.334996 -0.102484 -0.138488 0.051971 -0.584230 -0.170650 0.188003 0.031486 -0.095704 0.410894 -0.203089 0.390353 0.189311 0.313857 0.118272 -0.337488 0.175461 -0.238361 -0.436906 0.182192 0.134172 -0.292298 -0.025050 0.052615 
-0.251378 0.099658 0.326335 0.443969 -0.242035 -0.013469 -0.064676 -0.155988 0.062180 -0.140202 0.272698 0.164732 0.069567 0.005757 -0.335911 -0.055576 -0.136375 0.082637 -0.539450 -0.011787 -0.056307 0.178288 0.045603 0.346331 -0.107899 0.077381 0.068800 0.263925 -0.030917 -0.223799 0.204998 -0.180868 -0.382513 0.045202 0.015117 0.011602 -0.150301 -0.118162 
-0.327036 -0.022973 0.190670 0.342193 -0.390191 0.123022 0.021702 -0.019816 0.176551 0.018393 0.739233 0.228495 -0.172032 0.205706 -0.135002 -0.067013 -0.318237 0.204483 -0.592090 -0.197457 0.021455 0.356505 -0.063523 0.299588 -0.125392 0.031725 0.323736 0.329910 0.214490 -0.106518 -0.072792 -0.285246 -0.386917 -0.002124 0.045566 -0.021816 -0.100511 0.073128 
-0.289951 -0.062070 0.233854 0.217885 -0.340072 0.217412 0.083925 -0.161641 0.083018 -0.111270 0.467240 0.017932 -0.104121 -0.040985 -0.187762 -0.006739 -0.046843 0.233820 -0.794206 -0.187604 0.324216 0.342666 -0.102185 0.385617 -0.103579 0.258352 0.473625 0.524948 0.412222 -0.311336 -0.011490 0.002460 -0.438110 0.268337 0.104701 0.045379 -0.024281 -0.018148 
-0.321328 -0.187767 0.348465 0.222643 -0.267703 0.234554 0.236487 0.012369 -0.232884 -0.024670 0.225622 0.307461 -0.363830 -0.182717 -0.078192 0.080491 -0.278828 0.240069 -0.904722 -0.149399 0.068543 0.107411 -0.146126 0.013908 -0.100356 0.129579 0.421297 0.496682 0.381455 -0.110397 -0.010015 -0.041184 -0.451329 0.060036 -0.063473 -0.186300 -0.046377 -0.068421 
-0.167700 -0.224625 0.200073 0.454535 -0.238595 0.010650 0.300789 -0.164297 -0.270319 -0.005851 0.430769 0.406974 -0.071168 -0.154846 -0.147225 0.293415 -0.184121 0.309054 -0.788581 -0.315201 0.243930 0.212417 -0.076763 0.238657 -0.068262 -0.149168 0.334918 0.138897 0.368192 -0.042955 0.160296 -0.244596 -0.467326 -0.092685 0.136248 -0.099807 -0.003644 -0.111015 
-0.069059 -0.171893 0.271773 0.474621 -0.020003 0.154184 0.195321 -0.112057 -0.001883 -0.074581 0.275836 0.278140 -0.180819 -0.175532 -0.136413 0.384463 -0.109010 0.391862 -0.696363 -0.218724 -0.000953 0.166567 0.067983 0.258779 -0.010779 0.022765 0.274834 0.193089 0.346627 -0.196684 0.013137 -0.062873 -0.429825 0.096185 0.515570 -0.191518 0.013573 -0.346648 
-0.017239 -0.240341 0.105388 0.280689 0.045601 0.046726 0.252676 0.052601 0.119181 -0.172186 0.326674 0.246018 -0.180792 -0.129853 -0.201214 0.203735 -0.118952 0.102051 -0.729695 -0.070415 0.139604 -0.059009 -0.022217 0.157848 -0.333288 -0.013829 0.161758 0.235351 0.209952 -0.227578 -0.034241 -0.315256 -0.619178 0.117018 0.601285 -0.188223 0.171616 -0.112629 
0.170823 -0.116694 -0.049748 0.398801 0.081820 -0.033862 0.082584 0.015459 -0.050866 -0.138960 0.357387 0.169436 -0.301326 -0.041652 -0.043277 0.105763 -0.198267 -0.043773 -0.569546 0.033719 -0.094760 0.002302 -0.106080 0.190668 -0.205040 0.018846 0.338645 0.417603 0.019231 -0.392693 0.259226 -0.278465 -0.626887 0.078781 0.483531 -0.279663 0.051896 -0.172336 
0.098937 -0.245938 -0.011114 0.393651 0.323822 0.090875 -0.032402 0.130187 0.013485 -0.193703 0.409561 0.351575 0.066358 -0.368649 -0.281878 0.035445 -0.076543 0.152757 -0.257179 -0.201618 0.100917 -0.029265 -0.203183 0.159104 -0.315559 0.038435 -0.023134 0.146225 0.138653 -0.549327 0.109068 -0.384874 -0.374765 0.240161 0.470174 -0.138133 0.111993 -0.007825 
0.109869 -0.202138 0.094521 0.286557 0.315126 -0.077882 0.103989 0.224067 -0.122066 -0.207675 0.320516 0.258592 0.023400 -0.368262 -0.006305 0.037344 -0.184205 -0.112970 -0.405515 -0.113666 -0.086384 0.039577 -0.027626 -0.064368 -0.088941 0.113714 -0.026155 -0.044748 0.299519 -0.493411 0.061181 -0.245913 -0.074179 0.154505 0.376043 -0.017976 -0.060551 -0.042307 
0.030292 -0.149981 -0.047752 0.354698 0.511072 0.018280 0.106565 0.321676 -0.170085 -0.061590 0.423953 0.335952 0.326992 -0.602076 0.010549 0.010363 -0.034983 0.105198 -0.322500 -0.131328 0.046626 0.204037 -0.145014 0.110778 0.046395 0.055097 0.168412 -0.172988 0.214064 -0.402949 0.077153 -0.254927 -0.050617 0.008428 0.173819 -0.293107 0.135474 0.287233 
0.199467 -0.105333 0.001375 0.242444 0.549641 0.017024 -0.255733 -0.018123 -0.040112 -0.063353 0.564009 0.181264 0.302917 -0.420689 -0.077861 0.031812 -0.227006 0.141034 -0.432349 -0.236769 -0.053472 0.083057 -0.119003 0.022949 0.190968 0.119952 0.084892 0.034754 0.363038 -0.269180 -0.134986 -0.334037 0.040122 -0.086528 0.055980 -0.131259 0.081788 0.103322 
0.105817 -0.228310 -0.004942 0.259572 0.601671 -0.139907 -0.276530 -0.116884 0.130707 -0.102819 0.809754 -0.000076 -0.018885 0.023293 -0.330175 -0.003027 -0.348649 0.229281 -0.486187 -0.137901 -0.164001 0.120396 -0.208072 0.117443 0.206874 0.085128 -0.089219 -0.056697 0.398011 -0.084002 -0.175144 -0.127320 -0.209341 0.118002 0.311452 0.016933 0.027516 -0.118936 
0.084765 -0.226652 0.029984 0.275372 0.735392 0.005224 0.046503 0.097267 0.109082 0.081958 0.513153 0.116580 0.079859 -0.219627 -0.200009 0.144895 -0.143087 0.338257 -0.300985 -0.264310 -0.142160 0.065042 -0.131620 0.071934 0.128149 0.092261 -0.149567 -0.077513 0.456324 0.057653 -0.224716 -0.162959 -0.183373 -0.069599 0.355360 -0.204414 0.116890 -0.037475 
0.061823 -0.067979 -0.099721 -0.051128 0.610294 -0.094858 -0.032127 0.086766 0.063331 -0.130229 0.328778 0.150253 0.168740 -0.431993 -0.455134 0.178864 -0.249866 0.325019 -0.227725 -0.299837 0.068672 -0.006814 0.022812 0.002731 0.179631 -0.156626 -0.032974 -0.276949 0.532514 -0.181865 -0.214527 0.020923 -0.029145 0.201773 0.281365 -0.122794 0.006996 0.009862 
0.125001 0.110042 0.150482 -0.144346 0.470381 -0.128079 0.029911 0.015052 -0.267040 -0.286139 0.153846 0.164300 0.371330 -0.344717 -0.436334 0.196469 -0.109683 0.205963 -0.061249 0.002057 -0.147433 -0.015679 -0.001336 -0.028867 0.123225 -0.062543 0.059282 -0.136805 0.321261 -0.058391 0.065659 -0.192523 -0.343085 -0.098121 0.383331 -0.204503 0.314415 0.169278 
0.113095 -0.076031 0.079642 0.168735 0.495985 -0.005231 -0.057247 -0.211807 -0.237666 -0.371515 -0.037307 0.013396 0.421726 -0.634928 -0.322783 0.390292 -0.102473 0.188874 0.149121 -0.253569 -0.002001 -0.027074 -0.155062 0.055097 0.046313 0.079473 -0.001152 -0.069749 0.333185 0.028637 -0.129418 -0.281022 -0.412028 -0.136445 0.203623 -0.207357 0.090707 0.058528 
0.501390 -0.156349 -0.144876 0.323434 0.424114 -0.022619 0.176319 -0.095937 -0.447859 -0.170898 -0.306691 -0.029202 0.323444 -0.730662 -0.412610 0.486465 -0.272645 0.129206 0.121630 0.077548 0.019823 -0.226778 -0.042172 0.229473 0.061745 -0.073432 0.134586 -0.320172 0.228305 0.232400 -0.066778 -0.429023 -0.190716 0.067828 0.175097 -0.113279 0.476908 0.199128 
0.457574 -0.043753 -0.141720 0.051845 0.290921 0.207063 0.214785 -0.057164 -0.387677 -0.387616 -0.108012 0.187443 0.261140 -0.656339 -0.398287 0.318917 -0.309586 0.051459 0.285795 0.045258 0.122692 -0.038898 -0.004710 0.186431 0.254849 -0.173310 -0.031290 -0.299877 0.367215 0.304509 0.089657 -0.221216 -0.366652 -0.065467 0.065394 -0.227816 0.285989 0.211049 
0.217722 -0.051295 -0.039973 -0.094895 0.280366 -0.009349 -0.246698 0.014154 -0.445685 0.118765 -0.158926 -0.112942 0.312026 -0.555059 -0.406451 -0.081782 -0.327284 0.265768 0.488143 -0.000964 0.262948 -0.363363 0.183194 0.056458 0.089378 -0.189983 0.000756 -0.081914 0.428741 0.380717 -0.065677 -0.232728 -0.215884 0.180058 0.419097 -0.078607 0.286384 0.177975 
0.291322 0.145361 -0.171534 -0.178721 0.325607 -0.157225 -0.096167 -0.008631 -0.226186 -0.035524 -0.052560 0.095031 0.137966 -0.365614 -0.333740 -0.087382 -0.174979 0.388808 0.669138 -0.161924 0.131469 -0.369261 0.259171 0.002324 0.141556 -0.122022 0.117887 -0.081965 0.300429 0.518712 0.158218 -0.166856 -0.086348 0.322808 0.220429 -0.145628 0.319626 0.023485 
0.130652 0.017769 -0.131051 0.160006 0.401923 -0.164873 -0.184783 -0.015954 -0.465467 -0.207499 -0.043152 0.063313 0.216722 -0.534912 -0.263759 0.122251 -0.136227 0.479090 0.906636 0.047125 0.377561 -0.508249 -0.086646 0.101853 0.413382 -0.111898 0.015683 0.010487 0.262941 0.512734 -0.086475 -0.185594 -0.363646 0.565559 0.139730 0.086460 0.300387 0.217836 
0.007270 -0.014342 -0.240775 -0.128877 0.343679 -0.213380 -0.228806 0.026490 -0.435252 -0.309938 -0.305079 0.331292 0.176152 -0.432755 -0.471944 0.075374 -0.105287 0.383454 0.777331 0.268162 -0.104028 -0.556996 0.091322 -0.094899 0.626002 -0.085351 0.117777 0.005051 0.266711 0.704490 -0.008825 -0.269924 -0.335230 0.473929 0.261350 0.164438 0.088300 0.184206 
0.186708 0.076238 -0.116451 -0.127550 0.312792 -0.303332 -0.239276 0.123508 -0.478313 -0.424893 -0.427383 0.435773 0.105181 -0.321262 -0.502405 0.373592 -0.411670 0.123255 0.840253 0.294862 -0.252722 -0.511189 0.059585 -0.201509 0.595636 0.162748 -0.066344 0.039334 0.208076 0.672694 -0.039904 0.028329 -0.586320 0.507005 0.024199 0.013823 0.093449 0.139388 
0.276678 0.194254 -0.352011 -0.145766 0.384002 -0.290578 -0.230995 -0.017885 -0.325489 -0.693570 -0.416643 0.502418 0.175637 -0.161039 -0.586568 0.357712 -0.374061 0.153324 1.217092 0.245692 -0.105506 -0.564356 0.152591 -0.166279 0.471398 0.028796 -0.177787 -0.094025 0.050476 0.855249 0.142804 -0.107693 -0.292490 0.187994 0.106642 0.139962 0.222575 0.151599 
0.227557 0.085318 -0.351091 -0.004901 0.079412 -0.291616 -0.354142 -0.072712 -0.506455 -0.543158 -0.436951 0.433427 0.006793 -0.091682 -0.721880 0.432625 -0.360826 0.009139 1.213454 0.345573 -0.156336 -0.483808 0.024164 -0.171991 0.116299 -0.043686 0.088084 0.193799 0.035720 0.593861 0.041477 -0.096212 -0.322813 0.043064 0.096613 -0.019026 0.264956 0.459967 
0.227236 0.034563 -0.348544 -0.000786 0.216986 -0.207508 -0.170550 0.104604 -0.488288 -0.635805 -0.449098 0.347913 -0.086345 -0.201011 -0.752056 0.621262 -0.454085 0.121147 1.056283 -0.125908 0.204529 -0.346149 0.082898 -0.107930 0.169327 -0.198952 0.164360 0.056426 0.143055 0.520059 0.238667 -0.138094 -0.142438 0.281425 0.107486 0.003671 -0.136020 0.378002 
0.556295 0.094211 -0.501941 -0.132773 0.123707 -0.243430 -0.374448 0.106778 -0.646576 -0.589923 -0.555582 0.124066 0.101231 -0.002419 -0.419215 0.045248 -0.207487 -0.022055 1.119925 -0.093732 0.117819 -0.274764 0.002482 -0.187798 0.054247 -0.057622 0.243067 0.097929 0.118246 0.420532 0.082780 -0.139737 0.112742 0.559088 0.130661 -0.204110 -0.086312 0.477035 
0.242199 0.070774 -0.415438 -0.201967 0.269181 -0.131696 -0.339194 -0.109092 -0.476308 -0.895195 -0.691719 0.201090 0.050082 0.306745 -0.125708 0.148998 -0.410133 0.200673 1.169444 -0.210735 0.097232 0.001006 0.322367 -0.259754 0.203708 -0.236248 0.167440 0.222340 0.176350 0.516385 -0.174789 -0.166675 0.190358 0.590002 -0.131424 -0.251870 0.027942 0.156727 
0.075383 0.044002 -0.525435 -0.147813 0.269509 0.152027 -0.221917 0.136848 -0.431513 -0.624320 -0.892914 0.443698 0.047254 0.245760 -0.058080 0.094112 -0.231785 -0.105279 0.992740 -0.001428 -0.011826 0.003508 -0.030074 -0.392336 0.051730 -0.170752 -0.188202 0.225951 0.147577 0.686760 -0.013385 -0.070472 0.108477 0.262877 -0.310926 -0.098587 0.037629 0.247450 
0.204697 -0.049655 -0.612785 -0.058728 0.096368 0.303807 0.086645 -0.135349 -0.295457 -0.601782 -0.650628 0.370196 0.149713 0.244334 -0.027937 0.091942 -0.115950 -0.444217 0.820387 -0.168232 0.199937 0.064149 0.131321 -0.097869 0.081128 -0.341052 -0.101147 0.072120 -0.092114 0.836153 -0.264746 -0.144617 0.280426 0.155609 -0.054490 -0.218627 -0.151100 0.010037 
0.074752 -0.000332 -0.754502 0.053241 -0.021207 0.369854 0.260496 0.157724 -0.148619 -0.522463 -0.491674 0.148519 -0.076249 0.472177 -0.119762 0.208515 -0.205812 -0.319571 0.896271 -0.455302 0.071169 -0.030589 0.028898 -0.353051 -0.460535 -0.311025 -0.281562 0.252214 -0.075977 0.513827 -0.089101 -0.088142 0.264802 0.133495 -0.012157 0.019882 -0.067488 0.096115 
0.273668 0.088483 -0.730705 -0.113307 -0.238020 0.196476 0.167585 0.202215 0.195296 -0.592307 -0.401625 0.068833 -0.168935 0.318431 -0.142628 0.181283 0.126775 -0.168152 0.934302 -0.549139 -0.011583 -0.030275 0.121234 -0.329507 -0.372791 -0.248206 -0.485139 0.255435 0.028887 0.568788 -0.211948 0.075129 0.679173 0.258577 -0.131020 -0.296652 -0.109484 0.147969 
0.045338 0.147058 -0.928576 -0.403378 0.033708 -0.165469 0.340886 0.071678 0.172563 -0.668825 -0.298857 0.159662 -0.004746 0.288514 -0.423681 0.207752 0.237910 -0.197404 0.892928 -0.576063 0.190321 0.250908 -0.005575 -0.278774 -0.392271 -0.374967 -0.415983 0.154816 -0.019248 0.227743 0.057139 0.109847 0.597228 0.535263 -0.013747 -0.360794 -0.090880 0.300727 
-0.152468 0.338342 -0.824934 -0.401873 -0.004214 -0.047762 0.054681 0.416327 0.109112 -0.513293 -0.180015 -0.043642 -0.426244 0.347773 -0.797102 0.545475 0.375343 -0.058670 0.687081 -0.642938 0.318163 0.296535 0.040475 -0.274484 -0.428540 -0.457214 -0.264866 -0.141025 -0.107920 0.286320 -0.059906 0.357496 0.891424 0.767459 -0.084211 -0.089769 -0.232306 0.401238 
-0.211183 0.594603 -0.908475 -0.164128 -0.021549 -0.189162 0.309579 0.098769 0.397608 -0.713858 0.033422 -0.124163 -0.141065 0.346867 -0.877875 0.546942 0.338299 -0.037663 0.657810 -0.718146 0.127453 0.445189 -0.182582 -0.244983 -0.440226 -0.596262 -0.336436 -0.442261 -0.065779 0.518067 0.055972 0.473183 0.892003 0.965527 -0.057398 -0.337721 -0.332443 0.302720 
-0.513773 0.160708 -0.677572 -0.115156 0.162881 0.003388 0.574816 0.122257 0.724999 -0.776298 0.539714 0.097478 -0.273302 0.586627 -1.037476 0.323397 0.543380 0.162636 0.893566 -0.702877 -0.124936 0.622169 -0.164134 -0.377772 -0.596196 -0.899498 -0.355404 -0.279777 0.015532 0.656416 0.028680 0.757561 0.790874 0.703633 -0.526078 0.087266 -0.380809 -0.142549 
-0.805106 0.053145 -0.546143 -0.317120 -0.104309 0.109240 0.696205 0.046140 0.799847 -0.705073 0.818355 0.061323 -0.297065 0.833829 -1.012168 -0.061800 0.721430 0.249977 0.934910 -0.789465 -0.169535 0.914820 -0.416787 -0.256701 -0.378459 -1.084610 -0.193650 0.005187 0.224780 1.112860 -0.262761 0.827853 0.638384 1.033527 -0.690869 0.239425 -0.175376 -0.544502 
