0.738503 -1.223365 0.278938 -0.174823 0.517489 -0.428721 -0.112288 0.105468 -0.283631 -1.298300 0.648923 -1.053880 -1.556550 0.107299 0.657656 0.515202 
0.441193 -0.022598 -0.427287 -0.126796 -0.090703 -0.218264 0.307210 -0.671514 0.331755 0.481792 -0.104329 -0.152680 0.437752 0.073840 -0.776975 0.261431 
0.262002 0.164804 -0.315148 0.992822 0.308441 0.875595 -0.147742 -0.930810 -1.159609 -0.505229 -1.498446 -0.121779 0.636326 0.843418 -2.452712 0.771670 
-0.682377 0.498774 0.361689 -2.018296 -2.089246 -1.761464 -0.936149 0.183924 -4.014207 1.068719 -0.739416 -0.105328 -3.116520 -0.189945 -6.029892 -0.508981 
0.467228 -0.444715 -0.895995 1.031208 -1.792739 0.294076 0.573607 0.644675 -0.419800 0.528378 -0.666566 0.808748 1.372087 -0.994427 -2.049537 -1.354475 
-0.091925 -0.645113 -0.305642 0.020277 0.091625 -0.250606 0.330777 0.152708 -0.017786 0.185280 -0.400595 0.138821 -0.680372 1.449356 -0.375252 -0.202436 
-1.413023 0.482217 0.270467 0.849226 0.357787 -0.893151 -0.679844 0.523859 -0.204071 0.554264 -0.246765 -0.085787 -1.252363 0.217294 -0.865482 -1.139769 
0.450714 0.220292 -0.867419 -0.190243 -0.849293 -0.979850 -0.814756 -0.010351 0.508964 0.813302 -0.931723 1.676660 0.448203 -0.818993 -1.694532 -1.681868 
-0.221288 -0.909637 0.504741 0.123158 -0.232709 1.089977 -1.435780 0.065304 -0.628728 0.276190 -1.569023 0.649465 0.397378 -0.728933 0.169770 0.034606 
0.356192 -0.692560 0.481612 -0.918491 -1.759601 0.244546 0.052079 0.300580 0.466042 0.594709 -0.721163 -0.549136 -0.062617 0.064603 -0.153234 -1.298649 
0.191259 0.347461 0.575367 0.319878 -0.197236 0.426020 -1.318754 0.234753 -1.106393 -0.033531 -1.824573 0.071039 -0.244764 -2.098321 -2.902791 0.280491 
-1.244806 1.024566 -0.343617 0.364986 1.989871 0.387987 -0.025400 -1.100808 -3.120712 -1.548035 -0.252371 -11.067808 0.960915 -0.197111 0.459768 -5.884898 
-0.331432 -0.546589 0.416282 1.253193 0.946375 -0.752913 0.026003 0.380845 -1.879844 -3.045973 0.429794 -5.723267 -0.991123 -0.202163 -1.580148 -4.518928 
0.368363 -0.984054 -0.842500 0.956125 1.203439 0.494991 -0.874059 -0.394460 -1.799347 1.026897 -0.895592 1.021662 -2.883300 -0.129657 -1.286517 -4.323966 
-0.690296 -0.950211 0.356101 -0.796571 1.027230 -0.772998 -3.376868 0.497668 -1.470965 -0.100009 -1.022098 -2.037165 -0.853061 0.220760 0.750545 0.478456 
-0.546438 -0.498966 0.406774 -0.250292 -2.436098 -0.731135 -0.567607 0.835037 -4.938721 -0.677186 0.876666 0.967390 0.933727 0.394005 0.229545 -1.474030 
-0.350885 0.408205 0.572912 -0.347753 -1.273276 0.026063 0.069301 0.517650 -0.263570 -0.911880 0.355739 0.353999 -0.046958 -0.095479 0.439613 -0.127695 
0.365509 -1.496619 0.288808 0.158392 -0.213160 -0.522882 -0.624393 0.238240 -0.805703 0.754258 -0.028005 -2.906252 -1.231544 0.122494 0.252450 -1.097975 
-0.326941 -0.456093 0.338400 0.621439 -3.370047 1.005996 -0.006716 0.194003 -2.288212 -1.156286 -0.528357 -2.821558 -0.227399 1.082695 -0.018248 -0.791345 
-0.175960 0.633156 -0.388532 -0.298258 0.122074 -0.494592 0.186957 0.438746 0.089144 -0.729185 0.094233 0.417270 0.569364 -1.918298 0.115903 0.066140 
0.100918 -0.163001 0.043585 -0.603124 0.144185 -1.916293 -3.813574 0.208720 0.349752 0.004769 0.139627 0.039998 -0.274871 -1.024869 0.129906 0.149971 
0.358066 0.491797 -0.284232 -0.416540 0.013709 1.301549 1.034197 -0.456658 -0.099013 0.192285 0.506144 -0.654342 -1.376969 0.846882 0.376859 0.219991 
-0.620074 0.314414 -0.017137 2.056178 0.054540 -1.878013 -1.967432 -0.266796 -0.141726 0.031608 -1.269974 -0.233858 0.240539 0.259711 0.425687 -1.254528 
0.651557 0.033263 0.049595 -3.009931 -0.063372 0.857843 -1.220051 -0.118678 -0.188546 -1.836979 0.159890 -0.613527 0.142615 0.760845 0.386488 0.115497 
-0.283234 0.849388 0.311053 0.119580 -0.343168 1.027178 0.384046 -0.629280 -1.592116 0.494863 0.471850 -0.863118 -4.428524 0.049992 -1.111934 -4.545288 
-0.693597 -0.422832 -0.908471 0.107801 0.533797 0.495444 1.504268 -1.402780 0.734695 -0.878992 0.408496 -0.208955 0.577005 0.457328 -0.575068 -1.309542 
0.442252 0.513153 0.315292 -0.592324 -3.967166 0.314507 0.084693 -0.092702 0.224866 -0.484498 -1.064952 -0.618337 -1.864641 -0.570999 -0.173859 -1.901949 
-0.984902 -0.728352 0.576731 1.177912 0.805835 1.902505 -2.169894 0.266646 -0.027764 -0.085198 0.600892 -0.419260 0.126148 0.634610 -2.026879 -0.726558 
0.105314 -0.703314 -0.160864 0.325782 0.071336 0.195085 0.359748 -0.387783 -0.954615 1.593278 0.116788 0.229850 -0.918767 0.197598 -0.149933 -5.056770 
-0.522700 0.444170 -0.031720 -0.926359 1.424256 0.239378 -0.738665 -0.559989 0.892259 1.552780 0.198967 -2.207289 -0.011160 -0.236889 0.131894 -9.374519 
0.314881 0.475397 0.036090 -0.940188 0.265490 -5.293142 -2.127362 0.110410 0.809629 0.162170 0.124068 0.274530 0.491085 -1.902768 -0.478982 0.302120 
-0.159847 1.020008 -0.017720 -0.989159 -2.101776 -0.378510 0.697745 0.239098 -5.240501 0.167558 0.502085 1.469633 1.356966 -0.196665 -1.141655 0.160452 
0.568240 -0.559243 0.176612 0.286907 0.365193 0.545005 0.974398 -0.302218 -2.745123 -1.625403 0.370733 -1.432938 -1.233449 0.124887 0.393894 -1.563241 
1.024011 -0.336519 -0.374504 -2.222882 2.844595 0.055157 0.794468 -0.342033 -0.448795 0.388642 -0.500193 0.408796 -1.848325 -0.320823 0.029772 -2.332729 
0.424074 -0.515197 0.428719 -0.171262 -2.562017 0.336318 0.686019 0.373407 -0.032249 -1.301059 -0.011037 -0.304206 0.199082 0.857358 0.351872 -0.212995 
0.067489 -0.067118 -0.220325 -0.398507 0.442262 -0.857457 -0.193899 -0.213516 -0.576012 2.005815 0.783828 0.036264 -3.035450 -0.062258 0.561410 0.049509 
-0.954833 0.952714 0.558511 -0.437806 -1.391991 0.559123 0.500432 -0.467853 -1.774689 -0.587195 1.143863 -0.456240 -3.652615 0.520364 -1.328464 -1.516591 
1.263478 0.387666 -0.103961 -0.106936 -3.275452 -1.584937 0.086287 0.163882 0.492248 -0.515896 -1.113387 1.422260 -0.217101 -1.488258 -0.462410 -3.903707 
