0.378036 -0.289634 0.035678 0.772261 0.527528 0.731521 -0.288488 -0.187455 -0.114391 -1.584149 -0.008994 0.212512 -0.850619 0.791682 -1.056866 -1.020344 
0.251621 -0.043838 -0.428967 -2.049548 0.423454 2.053658 0.655650 -0.230869 0.720028 -0.231348 0.143835 -0.305026 0.243722 -0.066808 1.681447 0.056862 
-1.094127 0.658364 0.199065 0.518971 0.936691 -0.469722 0.578322 -0.614702 -0.418909 -0.633476 -0.031618 -0.793925 -0.374430 0.245885 0.682550 -0.788628 
0.038149 -0.536403 0.351481 -1.240552 1.101055 0.601430 -1.333839 -0.082900 -0.376977 -1.875012 -0.079987 -0.060816 -0.390587 1.390061 0.663585 0.639861 
0.743072 -0.992629 0.117575 0.200235 -0.099123 -1.784040 -0.541738 0.271021 -0.313830 -0.406131 -0.292678 -0.819684 -1.110209 -0.807997 0.542952 -3.606603 
0.572006 -1.433059 -0.321955 -0.417157 -0.537384 0.995898 0.178262 -0.075817 -0.957285 -0.770954 -0.215886 -2.957550 1.599377 0.181287 0.130685 -10.618573 
0.379413 0.009022 -0.430060 -0.781300 -0.371818 -0.403033 -1.089148 -0.160321 0.368459 0.719126 -1.390905 1.334068 1.053400 -0.838826 -0.580020 -1.028238 
-0.281886 -0.570315 0.383153 0.803787 -0.260768 1.360941 0.019993 -0.020875 0.175556 -0.603625 0.625436 -0.787436 -0.295770 -0.021307 1.895733 -0.643062 
0.759750 0.283752 -0.352729 0.122230 -1.477700 -0.341157 -0.089864 0.369173 -0.206588 0.485449 -0.172731 0.440891 0.543589 -0.642330 -0.440483 -2.708503 
0.499531 0.420404 0.120809 -0.484950 -1.053223 -0.427008 1.474836 0.275547 -1.461066 -0.238879 -0.520164 0.867973 0.375535 -1.003962 -0.770459 0.193727 
-0.483500 -0.745094 0.481697 -1.131984 -0.082854 0.777717 -3.102371 0.382934 0.169977 0.589985 -2.008932 -0.771786 -1.304600 -0.786197 0.684526 0.126353 
-0.504176 0.340490 0.328460 0.169784 -2.326593 -1.579287 -1.308074 0.423917 -1.813825 -0.827537 0.413800 0.172161 1.548850 0.132028 1.235819 -3.377232 
0.185411 -0.617500 0.588054 -0.834392 -2.051469 -0.392917 0.892340 -0.340873 -0.619767 -0.111214 0.757257 -0.115761 0.479737 0.293798 -0.660681 -1.014097 
0.233829 0.318967 -0.582348 -0.601359 -0.167464 -0.133364 0.007431 -0.366512 0.262410 0.606041 0.831032 -0.116728 0.286576 0.461298 -0.720921 -0.176948 
-0.130714 -0.489571 0.579107 -1.286759 0.751499 0.101378 -0.440852 0.162850 0.278126 0.649619 0.296532 -0.848073 -0.743307 -0.741075 0.096113 -0.207682 
-0.042734 -0.030839 0.338519 0.313216 -3.282906 -0.657909 0.846555 0.640475 -0.199792 -0.269374 0.196284 -0.447190 -0.153646 0.649551 0.284104 -0.194411 
0.282355 -0.537837 0.129332 0.916495 -0.381816 -1.405476 -0.982021 0.191109 0.470896 0.176451 -1.080667 -0.223305 -0.372886 0.604752 -0.224111 -0.271494 
0.513555 -1.337892 0.285834 1.110578 0.328860 0.039207 1.082292 -0.561723 -0.263616 0.343524 0.149728 -1.212639 -0.686719 -0.111410 0.591899 -0.084994 
0.478974 0.510378 -0.328936 1.437774 -0.262367 0.180011 -0.755790 -0.079269 -0.079862 -1.142347 -2.882606 0.152888 0.188593 0.196583 -0.616847 0.695049 
0.317994 0.203247 -1.693874 1.447124 -0.122084 -0.026791 0.196748 -0.073548 0.383983 0.231595 -0.752547 0.720247 0.370600 -2.587234 -2.258172 -0.107824 
-0.642026 -1.258291 0.727375 -1.195396 -0.745737 -0.785631 0.052543 0.690448 -1.258658 -0.592151 1.367228 -3.872584 0.252695 -0.198263 0.150417 -3.993916 
0.147445 -0.237959 0.114656 0.044048 0.857639 0.199651 0.750602 -0.182265 -1.739849 -1.984807 0.183866 -1.165246 0.030105 0.707713 -2.080033 0.067665 
-0.732201 0.101199 0.391867 1.580057 1.315382 -2.015972 -1.047530 -0.071697 -1.221825 0.592915 0.003235 -4.956343 -3.752231 -0.372209 -3.427540 -1.571530 
0.220825 -0.339719 -0.095411 -1.531112 -1.990529 0.971414 0.697811 -0.816782 -0.368808 -0.248128 -0.067273 -1.304348 0.325903 0.361579 -4.652824 -3.081554 
-0.624423 0.363744 -0.039539 0.093743 0.101775 0.776421 -0.227348 0.344654 0.884727 0.591027 -0.243126 -0.413294 -0.210952 0.703239 -1.784742 -1.124319 
-0.882063 0.163290 0.078291 0.390328 2.304799 1.082158 -0.031432 -0.280159 -1.286133 -0.350413 -0.438253 -5.090756 -0.162513 0.062537 0.340711 -9.672778 
0.805684 0.876201 -0.057501 -2.372828 -2.847444 -0.680518 -0.598868 0.246761 -0.572310 0.601401 -2.042050 2.180423 -0.862855 -1.223797 -0.773346 -3.313979 
0.468741 0.914950 -0.067060 0.465759 -2.026830 0.186785 0.891158 -0.171362 0.871381 -1.759273 -0.447852 -1.489030 -1.469304 -0.025961 -1.817278 -1.754101 
-0.504808 -0.720335 0.290750 0.399987 -0.481895 0.142947 0.010646 0.571345 -1.535402 -0.645995 -0.645333 0.429339 0.453172 0.235370 -0.095435 0.049309 
-0.840306 0.602926 0.313848 0.980813 0.218174 -0.360938 -0.523727 0.439878 -0.871091 1.018419 0.315207 -1.055417 -4.186599 0.324968 -0.455369 -1.277299 
0.575773 -0.443157 0.467401 -3.618970 0.517167 -1.068530 0.519629 0.893162 -0.255617 -0.283287 0.525773 -1.005502 -1.286439 -0.009967 -1.066510 1.266169 
0.007989 0.413928 0.377870 -1.233304 -1.106537 1.161685 0.246480 -0.864903 -2.820510 -0.967300 0.350515 -0.120919 -1.554192 0.287802 -6.407709 -0.975286 
-0.596471 0.237008 -0.220482 -0.646738 1.200624 -0.430298 -0.747291 0.902053 0.160166 -0.296597 -0.280055 -0.438463 0.224517 -0.142295 0.297527 -0.008745 
0.132600 -0.022495 -0.785942 0.201791 0.090490 0.375809 0.263431 -0.770549 0.476815 -0.194024 0.362659 -0.127340 -0.169309 1.038432 -0.555501 -0.077318 
-0.989809 1.683589 0.112431 -0.106182 -0.480136 0.924835 0.533440 0.322032 -0.765086 -1.197610 1.144423 1.032040 -2.203287 0.307586 0.037147 0.520943 
0.142003 -1.871422 -0.258569 0.550199 -0.151339 -0.360069 0.226812 -0.162742 -1.948573 1.459469 -0.490351 0.042402 -4.268989 0.051757 -5.565675 -2.920879 
-1.366296 -0.064142 -0.147706 0.217257 0.200811 0.421404 -0.929374 -0.701323 -1.593004 1.852557 -0.076573 0.067649 -0.303818 0.074324 -1.284560 -4.590189 
0.423281 -0.277615 -0.685108 -1.177394 0.888210 0.876597 -2.039692 -0.540104 0.884126 1.330177 -1.079865 0.606556 -2.924527 0.213814 0.043348 -3.430879 
0.809602 -0.162555 0.143039 -0.949794 0.843250 -0.237628 -0.353632 -0.653848 -0.431232 1.000238 0.393471 -1.839412 -2.927017 -1.099804 0.399598 0.688616 
-0.114567 0.149456 0.119346 -0.826550 -0.069277 -6.731309 -2.562280 -0.151340 0.441757 0.008100 -0.329240 0.467330 0.375467 -2.849303 -0.244772 0.123994 
