-0.437966 0.461178 0.134021 0.058816 0.102378 -0.076467 -0.538367 -1.285672 1.346289 -0.633413 0.548933 -0.672521 -0.462835 -0.368287 -0.557091 0.916512 0.066587 -0.555760 -0.616760 0.192431 1.943368 0.165580 0.109487 0.569880 -0.084357 -0.288434 0.332945 0.059514 -0.224376 -0.164491 0.248569 -0.576803 -0.044379 -0.437580 0.425454 -0.998201 0.114591 0.479094 -0.951040 -0.288728 -0.522690 0.417728 
-0.471247 0.397217 0.016774 -0.254498 0.026120 -0.043822 -0.419916 -1.131874 1.407061 -0.822547 0.354602 -0.770115 -0.553339 -0.266062 -0.164022 0.807155 0.083978 0.034643 -0.794116 -0.092103 1.631891 0.154689 -0.186797 0.505857 0.070281 -0.056464 0.322792 -0.153420 -0.607039 -0.244479 0.403493 -0.534340 -0.107186 -0.278098 0.227193 -1.000886 0.093316 0.066455 -1.021678 0.041486 -0.399106 0.361364 
-0.556797 0.272621 -0.222833 -0.299446 -0.071081 -0.222429 -0.411024 -1.228259 0.957851 -0.577231 0.465523 -0.497664 -0.164468 -0.063599 -0.088105 0.700075 0.183705 0.105688 -0.763388 -0.081376 1.070395 0.282665 -0.175771 0.496434 -0.213101 -0.290451 0.383120 0.186339 -0.428249 -0.427954 0.457018 -0.404319 0.052056 -0.088637 0.336352 -1.048954 0.031477 -0.258335 -0.928523 0.148442 -0.289545 0.129338 
-0.471530 0.138797 -0.479057 -0.162878 0.074963 -0.071711 -0.338799 -0.986535 0.913856 -0.533196 0.561799 -0.547522 -0.162779 -0.181555 0.134383 0.432537 0.125031 0.095163 -0.597181 -0.202090 1.193199 0.150990 -0.189418 0.420187 -0.337739 -0.134401 0.462101 0.158837 -0.637607 -0.136336 0.236759 -0.284199 0.077445 -0.319754 0.262048 -0.976347 0.050126 -0.472628 -0.555150 0.071905 -0.256725 -0.028218 
-0.254246 0.249107 -0.229480 -0.198319 -0.344582 0.090835 -0.000104 -0.934805 0.786718 -0.355078 0.723066 -0.612557 -0.007526 -0.136567 -0.049297 0.195898 -0.223689 -0.089174 -0.656527 -0.151399 0.838625 0.187787 -0.029163 0.247032 -0.594314 -0.059223 0.580336 0.053869 -0.554701 -0.150441 -0.110833 -0.410016 0.109656 -0.051182 -0.106106 -1.106440 -0.072780 -0.347726 -0.372108 0.028226 -0.123585 -0.118411 
-0.330045 0.246679 -0.278607 -0.139273 -0.001129 0.021211 -0.174833 -1.083603 1.024635 -0.171332 0.386493 -0.722153 0.037637 -0.293914 0.253844 0.241744 -0.219876 0.045247 -0.362802 -0.283918 0.622820 0.067927 0.109810 0.065894 -0.411567 -0.366361 0.114676 -0.120480 -0.392418 -0.014214 0.049629 -0.244809 -0.083455 0.077491 -0.097843 -0.901910 -0.137794 -0.355566 -0.463009 0.117881 -0.141770 0.026386 
-0.355979 0.070898 -0.351467 -0.138642 -0.016853 -0.279992 0.035652 -0.925177 0.892857 -0.312445 0.573776 -0.762456 0.053050 -0.173469 0.102107 0.332463 0.053355 0.167898 -0.219042 -0.150175 0.572721 0.082543 0.026851 0.123975 -0.260381 -0.206903 0.060894 -0.090001 -0.383817 -0.061968 0.202750 -0.109204 0.042925 -0.196549 0.080041 -0.897381 -0.137871 -0.202705 -0.320287 0.179034 -0.104712 -0.022292 
-0.004915 -0.051588 -0.300510 -0.212567 0.289677 -0.123663 -0.132602 -1.083521 0.683125 -0.275114 0.539052 -0.481255 0.169452 -0.093017 0.156837 0.089646 0.121197 0.004853 -0.168960 0.052403 0.480682 -0.093258 0.054499 0.001723 -0.216106 -0.480657 0.179256 -0.097814 -0.387360 -0.245700 0.561767 0.030128 0.275197 -0.382837 -0.021311 -0.832228 -0.153698 -0.318572 -0.091523 0.287689 0.056813 -0.202687 
-0.190322 0.033756 -0.407734 -0.316655 0.346531 0.063640 -0.101673 -1.011192 0.429617 -0.334471 0.363883 -0.553816 -0.131036 -0.224065 -0.128369 0.010272 -0.189744 0.269507 -0.015450 -0.112802 0.574337 -0.159554 0.208907 0.268651 -0.131318 -0.269605 0.047074 0.052566 -0.412281 -0.044243 0.249776 -0.043908 0.202843 -0.362506 -0.091489 -0.855438 0.015352 0.015873 0.114494 0.151870 -0.139039 -0.065958 
-0.184454 -0.125125 -0.214698 -0.397213 0.280182 0.235561 -0.135669 -0.863052 0.385167 -0.434133 0.373675 -0.541788 -0.112563 0.115089 -0.075700 0.129239 -0.103282 0.030659 -0.066305 -0.181885 0.477513 0.236258 0.214308 0.191253 -0.351658 -0.390368 -0.191378 0.125851 -0.450240 0.104900 0.319372 0.078125 0.162528 -0.313893 -0.230093 -0.890565 0.314971 0.005983 0.244526 -0.015099 -0.102671 -0.070925 
0.148795 -0.172262 0.003491 -0.430769 0.180975 0.189499 -0.134180 -0.764753 0.592125 -0.283260 -0.033257 -0.615464 0.128646 0.004056 0.098992 0.075171 -0.228457 0.002244 0.174370 0.043772 0.372372 0.131138 0.108816 0.186497 -0.487080 -0.449860 -0.115247 0.168500 -0.416566 -0.129688 0.111998 -0.108416 0.350225 -0.234053 -0.242675 -0.913865 0.128207 0.031344 0.287286 0.255933 0.180056 -0.130376 
-0.071487 -0.379568 0.035107 -0.238448 0.355749 0.191733 0.101426 -0.771547 0.343116 -0.286009 -0.264404 -0.561962 0.033921 0.196718 -0.136730 0.325437 -0.063790 -0.068794 0.098544 -0.138317 0.193860 0.045404 0.126009 0.061865 -0.425222 -0.248877 -0.127112 -0.039148 -0.439555 0.066337 -0.053891 0.123371 0.259431 -0.152478 -0.366404 -0.885519 0.116685 0.190516 0.279603 0.117775 0.318336 -0.217896 
-0.150931 -0.150830 0.243172 -0.353580 0.511307 0.282752 0.365826 -0.603865 0.369556 -0.319989 -0.526608 -0.541017 0.031889 0.314484 0.097236 0.394182 0.066268 0.130514 0.136634 0.012012 -0.127451 -0.008022 0.066643 -0.259567 -0.400404 -0.151563 -0.007569 -0.047461 -0.570263 0.010457 0.035706 0.352581 0.276827 -0.177119 -0.054844 -0.904880 -0.160191 0.083728 0.297429 0.201265 0.141098 -0.416839 
0.128877 -0.317387 0.335121 -0.753294 0.362002 0.511234 0.394995 -0.531572 0.438101 -0.200336 -0.540762 -0.607030 0.211325 0.290229 0.055467 -0.048523 -0.349783 -0.049418 0.281171 0.054217 0.037352 -0.370351 0.031808 0.034943 -0.444471 -0.007003 -0.011358 -0.145499 -0.325410 0.057162 -0.050565 0.518964 0.165203 -0.033679 -0.218020 -0.654968 -0.064105 -0.091151 -0.053318 -0.103769 0.089588 -0.306496 
0.163594 -0.272894 0.209974 -0.764318 0.271435 0.901787 0.114815 -0.257206 0.418142 -0.079546 -0.699329 -0.433551 0.105327 0.219619 -0.090820 -0.000338 -0.195062 -0.157188 0.231969 0.305225 -0.078250 -0.208356 -0.264019 -0.050292 -0.489324 -0.128241 0.004866 -0.099160 -0.375113 -0.018151 0.396663 0.592461 -0.013472 -0.269387 -0.165395 -0.476963 -0.001356 -0.189929 0.150906 0.023827 0.353925 -0.418883 
0.202511 -0.404993 0.080197 -0.923007 -0.033160 0.754605 0.219220 -0.072111 0.597428 -0.320282 -0.703537 -0.754634 -0.131899 0.349277 -0.105972 -0.008917 -0.296976 -0.029930 0.349566 0.212565 -0.224773 -0.137231 -0.099255 -0.255631 -0.491400 0.326796 0.142704 -0.061353 -0.601617 0.066113 0.171736 0.416126 0.038349 -0.010749 -0.125491 -0.310677 0.142820 -0.003092 0.069419 0.084635 0.112003 -0.357466 
0.180570 -0.018096 0.148223 -0.709813 -0.018925 0.438856 0.259337 -0.267223 0.670961 -0.361055 -0.757674 -0.533657 0.240036 0.020592 0.013068 -0.048016 -0.405486 0.083449 0.592925 0.142672 -0.350862 0.023849 -0.092473 0.043208 -0.216771 0.374666 -0.108302 0.236232 -0.711393 0.069079 -0.001048 0.400817 0.004048 0.211872 -0.403965 -0.362718 0.347126 -0.011065 0.162508 0.219227 0.203174 -0.425498 
0.047954 -0.303292 0.083065 -0.760957 -0.104447 0.369544 0.458664 -0.160369 0.734936 -0.333229 -0.409309 -0.604687 0.078895 0.006602 -0.058756 0.194567 -0.404210 -0.034990 0.468921 0.072516 -0.232586 0.045455 0.051160 -0.063400 -0.016633 0.349816 -0.125014 0.243291 -0.717347 0.171068 0.057354 0.340269 0.102415 -0.013885 -0.167096 -0.029346 0.108091 0.058938 0.162936 0.069539 0.279779 -0.678569 
0.111338 -0.199034 0.126893 -0.400165 -0.191442 0.228226 0.228473 -0.133115 0.670767 -0.100697 -0.225593 -0.642202 0.220094 0.137099 0.139887 0.037434 -0.328721 0.120204 0.743575 -0.007051 -0.495031 0.020984 -0.033329 -0.083266 0.168366 0.334920 -0.189339 0.102418 -0.905657 0.372992 0.056667 0.485321 0.187412 0.231333 -0.209105 0.196946 -0.016274 -0.216119 0.152227 -0.038069 0.258495 -0.675630 
0.227429 -0.532759 0.198253 -0.673022 -0.546764 0.327451 0.270352 0.034160 0.254036 -0.097635 -0.113042 -0.362501 -0.027385 0.546793 0.040669 -0.015580 -0.469345 0.190869 0.308888 -0.129334 -0.467799 0.022259 -0.295308 0.289793 -0.003077 0.174785 0.077676 -0.011004 -0.992429 0.347806 0.102138 0.471180 0.508840 0.027821 -0.355878 0.261943 -0.074612 0.073620 -0.189176 -0.127650 0.005133 -0.704121 
0.361213 -0.440912 -0.113954 -0.756482 -0.426933 0.549330 0.278584 -0.016698 0.313286 0.275611 -0.178427 -0.536522 0.049786 0.607576 0.059246 -0.301145 -0.611131 0.057070 0.198254 -0.044480 -0.518951 -0.161317 0.033003 0.330255 0.147440 0.096896 0.148583 0.028020 -0.765588 0.253256 0.150377 0.615160 0.460385 0.287419 -0.187571 0.146302 0.004925 -0.185498 -0.049912 -0.130332 0.164895 -0.729139 
0.205759 -0.428814 -0.037612 -0.901575 -0.494200 0.501827 0.271285 -0.050834 0.245900 0.432875 -0.120693 -0.477726 0.103844 0.525618 0.075880 -0.103065 -0.625742 -0.167570 0.266279 0.093843 -0.678951 -0.061726 0.141250 0.563283 0.010210 0.237394 -0.072004 0.168387 -0.976675 0.299278 0.312387 0.457199 0.228811 -0.001011 -0.493191 0.122992 -0.151687 -0.202987 -0.143101 -0.150745 0.053733 -0.745053 
0.170644 -0.335490 -0.137289 -0.408017 -0.444717 0.311284 -0.009830 -0.246263 0.052107 0.307086 0.208076 -0.347504 -0.011122 0.503907 -0.197203 -0.131262 -0.388426 -0.120542 0.204968 0.071822 -1.038749 -0.015912 0.215804 0.452849 -0.193360 0.179436 -0.207972 0.145555 -0.850806 -0.029217 0.345578 0.481507 0.428318 -0.089164 -0.424951 0.144770 -0.247495 -0.049616 -0.354522 -0.068553 0.371131 -0.643577 
-0.106806 -0.319566 -0.052677 -0.526332 -0.434072 0.224674 0.277799 -0.116735 -0.308016 0.228366 0.037371 -0.242764 0.032962 0.652535 -0.113805 -0.120950 -0.232939 -0.000738 0.131317 0.075200 -1.122636 -0.158854 0.113513 0.416334 -0.150084 0.026285 -0.037270 0.353213 -0.828471 0.101166 0.259230 0.285370 0.541770 0.108163 -0.341159 0.320816 -0.198296 -0.033211 -0.236001 -0.038105 0.089842 -0.636823 
0.117718 -0.216774 -0.254967 -0.243510 -0.589205 0.279898 -0.061330 -0.047923 -0.279074 0.287471 0.189069 -0.020266 0.209301 0.384024 0.036997 0.155114 -0.534979 -0.087174 0.641732 0.272154 -1.261675 -0.179759 0.140461 0.541241 -0.034126 0.205498 -0.120598 -0.018559 -0.787012 0.072884 0.172154 0.266953 0.550198 -0.080348 -0.471713 0.130876 -0.340456 0.023632 -0.261670 -0.276513 0.230610 -0.850257 
-0.044002 -0.337530 -0.310290 -0.455067 -0.584587 0.413923 -0.242686 -0.245123 -0.272009 0.409356 0.262954 0.105609 0.106433 0.356103 -0.008968 0.101188 -0.504274 0.042007 0.602140 0.161521 -1.257245 -0.253664 0.239210 0.476625 -0.018885 0.204944 0.049208 -0.139907 -0.699457 0.217658 0.046104 0.257414 0.775133 -0.072334 -0.232971 0.402108 -0.373378 -0.170426 -0.253900 0.002330 0.125019 -1.057470 
0.098558 -0.073651 -0.327853 -0.630192 -0.412438 0.501581 -0.383040 -0.253084 -0.114908 0.276811 0.303683 0.212239 0.120080 0.398797 -0.074901 0.145538 -0.344361 -0.004406 0.497556 0.257378 -0.873430 -0.292943 0.137998 0.223070 0.216116 0.329244 0.110470 -0.134849 -0.588994 0.292731 -0.155084 0.323898 0.648246 -0.000362 -0.197665 0.349142 -0.019256 0.148740 0.056172 -0.303323 0.242564 -0.950175 
0.020344 0.116591 -0.087234 -0.442024 -0.508705 0.158389 -0.243293 -0.031883 -0.045515 0.160822 0.412739 -0.064092 -0.089389 0.611741 -0.138537 0.166725 -0.344286 -0.274765 0.286367 0.028122 -0.931323 -0.234838 0.206194 -0.032330 0.433120 0.196114 0.101160 0.085311 -0.685247 0.243573 -0.297567 0.323474 0.583538 -0.078160 -0.406706 0.408206 -0.045484 -0.060549 0.059344 -0.409977 0.076942 -0.852493 
-0.032093 0.214741 0.166783 -0.207731 -0.747965 0.133001 -0.038186 0.119691 -0.177033 0.192261 0.348655 0.136336 0.119962 0.478986 0.261644 0.349273 -0.288254 -0.020436 -0.091963 -0.040191 -0.632906 -0.361347 0.226851 -0.231902 0.497605 0.153736 -0.028459 0.045144 -0.375022 0.250784 -0.224208 0.072664 0.654456 0.047771 -0.097737 0.822375 0.095614 -0.032593 0.111649 -0.080968 0.088947 -0.625391 
0.076283 0.117627 -0.109338 -0.291018 -0.529039 0.210937 -0.052273 0.243853 -0.080333 0.499628 0.183567 -0.189315 0.222701 0.161332 -0.017775 0.340946 -0.616112 -0.028200 -0.116663 0.053488 -0.612998 -0.375295 0.395229 -0.186419 0.360383 0.330674 -0.100495 0.159159 -0.139101 0.297990 0.184067 0.069099 0.239599 0.035157 -0.267386 0.865458 -0.186105 -0.135729 -0.163954 -0.101678 0.377129 -0.193204 
-0.276390 -0.072087 -0.271387 -0.230983 -0.643127 0.271680 0.012692 -0.018635 -0.175685 0.311080 0.072655 -0.209463 0.142987 0.372568 0.148625 0.056557 -0.704460 -0.107705 -0.144975 -0.065223 -0.678817 -0.295643 0.595459 0.096494 0.538711 0.260418 0.033970 0.003252 -0.101048 0.347520 0.265845 0.233076 0.475296 0.049071 -0.100953 0.795685 -0.175422 -0.370473 -0.123779 -0.280354 0.162095 -0.085809 
-0.260327 0.003139 -0.245363 -0.263478 -0.566435 0.047609 -0.086574 0.075679 -0.403330 0.538803 0.044954 0.032171 0.306651 0.266365 0.038336 0.241993 -0.488674 -0.018966 0.068097 0.073199 -1.045188 -0.306839 0.298990 0.090806 0.398374 -0.027662 0.044703 0.117344 -0.048428 0.001756 0.052361 0.292438 0.102709 0.195097 0.201175 0.829105 -0.199183 -0.204526 -0.212579 -0.135755 0.151793 0.065167 
-0.200101 0.053834 -0.291015 -0.542537 -0.514931 -0.135583 -0.113578 -0.093421 -0.303614 0.171046 -0.077706 -0.078746 -0.000030 0.287062 0.219268 0.189795 -0.401893 -0.004778 0.041193 -0.261424 -0.919623 -0.005341 0.107574 -0.035039 0.567605 0.038657 -0.062936 0.000674 0.041414 0.028792 0.027401 0.212177 0.107068 0.126168 0.072429 0.703655 -0.233191 -0.324279 -0.284958 0.067104 0.304789 0.301137 
-0.127421 -0.076834 -0.211715 -0.581963 -0.544452 -0.283535 0.101941 -0.109719 -0.185428 0.309893 -0.098642 -0.080769 0.104327 0.087239 0.143141 0.361615 -0.309224 0.064104 0.001064 -0.127511 -1.052732 -0.097621 0.066154 -0.264168 0.624263 -0.135052 -0.243204 0.038830 0.140405 0.087401 0.202188 0.402249 -0.194373 0.444292 0.151621 0.816930 -0.052077 -0.321341 -0.207434 0.178561 0.384888 0.514570 
-0.400039 0.058176 -0.129099 -0.407208 -0.704226 -0.477065 0.167739 0.042516 -0.021821 0.371519 -0.093758 -0.121033 -0.185822 0.360191 0.263607 0.395403 -0.449913 -0.187139 -0.032267 -0.163189 -0.919547 0.122531 -0.055848 -0.092187 0.733129 0.142308 -0.425906 0.092801 0.255302 0.073614 0.030280 0.330850 -0.169283 0.548787 0.085015 0.939400 0.295116 -0.374340 -0.170029 0.321691 0.628602 0.522311 
-0.311182 0.316329 0.084574 -0.237508 -0.601879 -0.303202 0.422892 -0.109635 0.015851 0.337326 -0.006929 0.097238 -0.085957 0.199015 0.028939 0.341027 -0.398018 -0.003494 0.014580 -0.222975 -1.082984 0.317595 0.140199 -0.241655 0.617757 -0.065266 -0.492067 0.100952 0.208141 0.245103 -0.038853 0.075216 -0.167495 0.562569 -0.151845 0.849343 0.068886 -0.359962 -0.028517 0.011415 0.480047 0.850768 
-0.195254 0.492470 0.011684 -0.078432 -0.943157 -0.513413 0.762098 -0.262444 0.154500 0.129249 0.224992 0.049701 -0.206114 0.001284 -0.092121 0.666970 -0.257346 -0.000416 0.142732 -0.518844 -0.821209 0.415481 0.385006 -0.480490 0.782069 0.124449 -0.529468 0.264009 0.125015 0.175797 -0.145296 0.101122 -0.245775 0.816332 -0.084120 1.103195 0.099591 -0.589174 0.296591 -0.258817 0.617067 0.955172 
0.052106 0.522620 -0.076008 0.048401 -0.683271 -0.539120 0.686842 -0.165404 0.288905 0.012738 0.307464 0.181221 -0.104866 -0.309999 -0.168439 0.673867 -0.235184 -0.045912 0.051400 -0.297904 -0.864163 0.242133 0.160067 -0.429527 0.843134 0.093333 -0.339055 0.076799 0.210420 0.269598 -0.338268 -0.042825 -0.278738 0.709635 0.034708 1.285257 0.344462 -0.311470 0.209861 -0.159082 0.971154 0.816854 
-0.053406 0.465014 -0.084053 0.094841 -0.363911 -0.521093 0.618879 -0.186767 0.094056 0.036698 -0.202059 0.154531 0.035758 -0.729539 0.001138 0.476862 -0.201823 0.045249 -0.154233 -0.237465 -0.919053 0.756215 0.014684 -0.393838 0.727767 0.067118 -0.496826 -0.016707 0.401104 0.193147 -0.424536 -0.114650 -0.192395 0.711423 0.060425 1.288061 0.196530 -0.377094 0.254810 -0.193693 1.272798 0.962451 
0.301884 0.550246 0.110369 0.169025 -0.651502 -0.587649 0.658720 -0.100376 0.088710 0.033812 -0.104620 0.131398 -0.003582 -0.612300 0.105877 0.274087 -0.249339 -0.169060 -0.515369 -0.336470 -0.933528 0.851124 0.104436 -0.260278 0.651732 0.176836 -0.327143 0.209296 0.469699 0.222657 -0.448746 -0.467694 -0.147436 0.776775 -0.034122 0.884733 0.105223 -0.389083 -0.001210 -0.175076 1.448319 0.781232 
0.390020 0.691101 -0.023481 0.279842 -0.527856 -0.641124 0.675389 -0.144377 -0.072773 0.070082 -0.352270 0.096248 -0.281936 -0.527658 0.087299 0.354538 -0.242375 -0.086625 -0.583386 -0.239184 -0.587180 0.932151 -0.033311 -0.493506 0.533803 0.076351 -0.249003 -0.236029 0.579344 -0.119824 -0.416962 -0.459771 0.112757 0.763326 0.091840 0.961708 0.014551 -0.661547 0.010159 -0.227851 1.536657 0.688652 
0.156948 0.768498 -0.020859 0.570329 -0.343218 -0.635814 0.720251 -0.369386 -0.091655 0.215479 -0.284600 0.089509 -0.264147 -0.720255 0.077277 0.364703 -0.262778 -0.162670 -0.577355 -0.379139 -0.526792 0.928539 -0.075496 -0.306802 0.429034 0.277228 -0.283849 -0.113452 0.662019 0.169699 -0.615166 -0.239014 -0.144742 0.465549 -0.069817 0.884073 0.228953 -0.452359 -0.041005 -0.125736 1.334004 0.781933 
0.018340 0.650707 0.099934 0.378550 -0.435060 -0.801836 0.709717 -0.232556 -0.345557 0.090098 -0.068803 -0.055043 -0.094423 -0.629991 -0.206930 0.467953 -0.105552 -0.113563 -0.716508 -0.372168 -0.582196 0.882235 0.018201 -0.439458 0.170274 0.459888 -0.349295 -0.021425 0.885525 0.071018 -0.588405 -0.388516 -0.315564 0.597785 0.216464 0.922708 0.110347 -0.155914 0.048118 -0.184460 1.117759 0.604811 
-0.127699 0.553339 -0.008496 0.331543 -0.336385 -0.829138 0.448193 0.022088 -0.295794 0.048645 0.048904 0.071031 -0.146191 -0.531812 -0.166657 0.444243 0.163855 -0.014208 -0.735153 -0.469370 -0.356653 0.779709 0.139422 -0.368910 0.191018 0.440931 -0.212650 -0.161297 0.698381 -0.071509 -0.609655 -0.396113 -0.298376 0.344261 0.088893 0.891158 -0.008844 0.069786 -0.075057 -0.097784 1.093293 0.699873 
-0.336609 0.012219 -0.293791 0.567291 -0.298709 -1.073044 0.095054 0.332102 -0.093356 -0.143382 -0.138033 0.125778 -0.018061 -0.440352 -0.015136 0.354531 0.130156 0.118905 -0.726038 -0.454305 -0.417933 0.594596 -0.019652 -0.584486 0.075859 0.313782 0.013113 -0.210058 0.452748 0.100079 -0.930606 -0.427913 -0.183852 0.437710 0.039842 0.691057 0.028518 0.212916 -0.220971 -0.260746 0.931201 0.615369 
-0.196835 0.265450 -0.386212 0.890240 -0.524725 -0.956220 0.122275 0.388668 -0.220207 0.022886 0.196126 0.272377 -0.372192 -0.063363 -0.053002 0.249007 0.167861 0.129147 -0.378116 -0.496420 -0.421348 0.622792 -0.138582 -0.595721 0.109313 0.263761 -0.063992 0.000618 0.490542 -0.151098 -0.832731 -0.520783 -0.137136 0.279612 0.076275 0.729440 0.209058 0.418645 -0.111032 -0.352133 0.587825 0.653951 
-0.201809 -0.034678 -0.342950 1.018075 -0.279849 -0.949443 0.402290 0.514432 -0.132331 0.146311 0.218567 0.000543 -0.212166 -0.154731 0.015382 0.387497 0.152585 0.232038 -0.477063 -0.535965 -0.276663 0.640642 0.017690 -0.318479 0.155405 0.150771 -0.044706 -0.280361 0.349154 -0.137696 -0.736566 -0.557309 -0.171494 0.331419 -0.204665 0.737598 0.251815 0.334869 -0.231663 -0.405132 0.367812 0.485963 
-0.010943 -0.110463 -0.204267 0.886228 -0.200429 -0.975405 0.241194 0.735319 -0.246011 0.285377 0.286942 0.062885 -0.265284 -0.074547 0.161823 -0.090160 0.526113 0.233750 -0.403431 -0.583262 -0.132327 0.180829 -0.020095 -0.415093 0.231926 -0.080820 -0.252183 -0.368251 0.674041 -0.031794 -0.627344 -0.359342 -0.144283 0.080672 -0.259518 0.456400 0.270727 0.131943 -0.106216 -0.295765 -0.207759 0.422197 
-0.237241 -0.339292 -0.344649 0.886206 0.137492 -0.532006 0.384552 0.455829 -0.301909 0.067150 -0.042240 -0.176754 -0.190157 -0.174174 -0.201104 -0.125723 0.504814 0.043541 -0.229208 -0.384980 -0.231051 0.244827 -0.182072 -0.392024 -0.009627 -0.056210 -0.124154 -0.454541 0.808344 0.062338 -0.502850 -0.310066 -0.053429 0.079753 -0.220707 0.472909 0.014796 0.187641 -0.055777 -0.472855 -0.308409 0.356901 
0.093162 -0.250752 -0.448182 0.403747 0.336921 -0.505964 0.276596 0.514190 -0.673294 0.063252 0.267006 0.010462 -0.137164 -0.088168 0.039725 -0.126098 0.877098 0.102631 -0.565713 -0.637504 0.184245 -0.029993 -0.158219 -0.092859 0.091634 -0.176679 -0.089419 -0.350393 1.036433 0.158996 -0.500550 -0.104607 -0.195211 -0.049365 -0.100317 0.568423 -0.025408 0.077414 -0.200550 -0.261118 -0.440296 0.463881 
0.092981 0.213655 -0.442176 0.410546 0.664406 -0.492688 0.149333 0.628607 -0.622235 -0.141740 0.262821 0.008435 0.152932 -0.180333 0.066775 -0.179343 0.874664 -0.027876 -0.523461 -0.264645 0.168336 -0.093320 -0.505957 -0.296851 0.220657 -0.498543 -0.019713 -0.440030 1.062809 0.144265 -0.635985 -0.143504 -0.086559 -0.258188 -0.001657 0.353890 0.201771 0.106671 0.011388 -0.244110 -0.477666 0.261387 
-0.017438 0.265260 -0.345976 0.337201 0.812859 -0.633547 0.120023 0.650317 -0.569428 -0.080473 0.307377 0.154827 0.399290 -0.074316 -0.003302 -0.320415 1.073923 -0.074829 -0.668134 -0.426794 0.102785 -0.219097 -0.459797 -0.338423 0.361906 -0.624616 0.087768 -0.514673 1.028318 0.190372 -0.890015 -0.135910 -0.175055 -0.252660 0.064929 0.375450 0.008681 -0.006921 0.027529 -0.285348 -0.498152 0.213925 
-0.022171 0.108353 -0.575177 0.380615 0.993788 -0.531728 -0.132039 0.969516 -0.554349 0.033289 0.211868 0.123883 0.416418 -0.038139 -0.145656 -0.466857 0.897596 -0.002625 -0.675525 -0.254890 0.117640 -0.301705 -0.346320 -0.245641 0.270057 -0.388896 0.030252 -0.165833 0.994860 0.319285 -0.876971 -0.420539 -0.170888 -0.274620 0.170495 0.126009 0.122563 0.214351 0.053388 -0.283782 -0.629226 0.175394 
0.021242 -0.066183 -0.545419 0.543079 1.281801 -0.316485 -0.398575 0.751827 -0.520994 -0.082691 -0.262831 0.438515 0.387826 -0.082617 -0.310814 -0.357781 1.282276 0.149559 -0.704547 -0.467814 -0.014834 -0.428527 -0.203432 -0.186061 0.361116 -0.380618 -0.018514 -0.346440 0.828561 0.180180 -0.687129 -0.178761 -0.206735 -0.498186 -0.142999 0.069582 0.021401 -0.065304 0.267221 -0.423146 -0.601654 0.361220 
0.231950 0.125166 -0.550606 0.528832 1.335955 -0.332749 -0.347000 0.574758 -0.410234 -0.025843 -0.046381 0.513610 0.397082 -0.061731 -0.390198 -0.139302 1.191550 0.128478 -0.752875 -0.164752 0.272524 -0.425847 -0.073756 -0.274814 0.110352 -0.207951 0.098389 -0.098444 0.564795 0.074281 -0.738137 -0.449096 -0.337140 -0.425720 -0.053516 0.056244 -0.038093 -0.078820 0.083262 -0.536833 -0.586279 0.433756 
0.151939 0.179524 -0.425428 0.583760 1.252966 -0.232859 -0.220395 0.823492 -0.237047 -0.123328 0.066336 0.264049 0.386688 0.061045 -0.034478 -0.003589 0.993441 -0.024929 -0.779197 -0.338009 0.077513 -0.521569 -0.326103 -0.223608 0.060455 -0.233525 -0.092381 -0.316798 0.691337 0.187775 -0.481530 -0.273436 -0.119827 -0.481190 0.270449 0.108789 -0.089932 0.135651 -0.031202 -0.295606 -0.668577 0.321365 
0.180132 0.235096 -0.643116 0.309016 1.043543 -0.039950 -0.128572 0.921154 -0.245849 -0.184035 0.137941 0.236323 0.583784 0.146942 -0.166373 0.100830 1.081783 -0.002621 -0.651173 -0.269839 0.084978 -0.657849 -0.271328 -0.006845 0.311795 -0.342694 0.073614 -0.246744 0.775166 0.028400 -0.288203 -0.709230 -0.242731 -0.455564 0.262324 0.136986 -0.196292 -0.080301 0.022397 -0.213912 -0.420654 0.019099 
0.340747 0.390325 -0.590241 0.196697 1.080933 0.268566 0.084427 0.625651 -0.389231 -0.238431 0.314414 -0.024024 0.533057 -0.130265 -0.159689 0.340560 0.790521 -0.015119 -0.281934 -0.073661 0.265451 -0.556466 -0.658034 0.453685 0.146758 0.082119 -0.000905 -0.338871 0.707809 0.146351 -0.008427 -0.685063 -0.588296 -0.459880 0.359352 0.056971 -0.255851 -0.262108 -0.382113 -0.013962 -0.400784 -0.088205 
0.220607 0.336502 -0.729847 -0.057936 1.040279 0.217019 0.532947 0.556453 -0.374250 -0.118571 0.626289 -0.147080 0.506723 -0.163041 -0.038670 0.404824 0.559070 0.003439 0.020787 0.401365 0.327887 -0.658901 -1.020272 0.836208 0.152133 0.018128 -0.189374 -0.123286 0.653034 0.105268 0.465759 -0.650673 -1.092654 -0.368580 0.182458 0.014467 -0.424996 -0.547493 -0.553343 0.029493 -0.277829 -0.607664 
0.058842 0.350313 -0.742294 0.237877 1.050154 0.410922 0.847572 0.477380 -0.467883 0.363890 0.833819 -0.287572 0.286724 -0.194576 -0.108670 0.417354 0.345690 0.085030 0.527961 0.578825 0.195833 -0.484250 -0.763821 0.967109 0.104660 0.279335 -0.367607 0.162034 0.780011 -0.017332 0.837181 -0.665082 -0.966851 -0.256285 0.203022 0.028626 -0.703804 -0.612966 -0.718699 -0.280640 -0.436483 -0.541167 
0.097536 0.227024 -0.386541 0.167150 0.830247 0.294770 1.126245 0.606370 -0.381224 0.302741 0.941007 -0.302004 0.253918 -0.275571 -0.058270 0.666394 0.391712 0.128336 0.219157 0.329021 0.083402 -0.576762 -0.109833 0.842417 -0.160334 0.077487 -0.511792 0.456055 0.621306 -0.020220 0.594471 -0.440812 -0.694688 -0.063898 0.130102 0.145532 -0.728627 -0.600267 -0.859784 -0.163622 -0.367076 -0.313042 
-0.096195 0.032153 -0.393981 -0.119291 0.584199 0.330165 1.205678 0.605008 -0.281844 -0.017933 0.758890 0.213470 0.137575 -0.053643 -0.297642 0.443088 0.508841 0.111497 -0.259604 0.373375 -0.001883 -0.551878 0.610128 0.845363 0.083134 -0.128727 -0.261433 0.414749 0.856882 0.074540 0.555717 -0.419118 -0.133478 -0.172453 0.135597 0.030231 -0.258012 -0.557942 -1.010074 -0.277345 -0.343896 -0.197206 
0.084712 -0.271678 -0.537182 -0.104350 0.741977 0.218511 0.770427 0.785736 -0.470657 -0.211165 0.803187 0.551456 0.388557 -0.040298 -0.278982 0.528844 0.853693 0.271269 -0.494288 0.434009 0.116806 -0.501971 0.899013 0.856445 0.239821 -0.396058 -0.425065 0.258882 0.663247 0.021963 0.607658 -0.826746 0.043187 -0.186821 0.223740 0.277423 -0.303650 -0.520423 -0.908791 -0.186707 -0.249809 -0.117366 
0.047151 -0.221429 -0.342711 -0.364418 0.701846 0.288849 0.657542 0.707738 -0.210418 -0.281643 0.610775 0.590427 0.186077 -0.166052 -0.344412 0.636613 0.605926 -0.025509 -0.539864 0.582950 0.309803 -0.459771 0.775758 1.157694 0.038602 -0.459593 -0.166433 0.074527 0.814239 -0.125901 0.571255 -0.901256 0.159121 -0.171855 0.361397 -0.009121 -0.075610 -0.554622 -1.182865 -0.103416 -0.362713 0.009502 
0.210467 -0.180700 -0.091725 -0.322323 0.631720 0.234223 0.401909 0.383653 -0.029927 -0.303945 0.074352 0.465351 0.014450 -0.384607 -0.512244 0.258736 0.544615 0.031400 -0.207914 0.703861 0.201748 -0.610909 0.736261 1.273755 0.081016 -0.510583 -0.039682 0.164560 0.709085 -0.278894 0.354608 -0.757959 0.036323 -0.017817 0.227824 0.054300 0.161084 -0.293700 -1.138323 -0.134141 -0.368640 0.085083 
0.258563 -0.155483 -0.258949 -0.302435 0.744356 0.090582 0.059479 0.492921 0.198195 0.093194 0.088452 0.039676 -0.011702 -0.651459 -0.420059 0.146595 0.305342 0.049965 0.453321 0.860004 0.399882 -0.402480 0.709535 1.097203 0.064156 -0.380017 0.138761 0.191425 0.671045 -0.425595 0.374425 -0.435921 -0.033675 -0.020151 0.320201 -0.294875 0.094653 -0.064330 -1.034111 0.009999 -0.295087 0.047721 
0.168214 -0.282591 -0.187258 -0.244315 0.723094 0.034349 -0.017347 0.178910 0.139567 -0.038511 -0.288699 0.019661 -0.034521 -0.651870 -0.550545 0.006102 0.088482 0.136588 0.624233 0.705443 0.180403 0.004493 0.469981 1.018837 -0.427520 -0.158627 0.285611 -0.069232 0.492939 -0.508757 0.184324 -0.255787 -0.072875 -0.078725 0.406883 -0.233244 0.231839 -0.121698 -0.717173 -0.040131 -0.488384 -0.007804 
0.211081 -0.509631 -0.214655 -0.104267 0.768934 -0.225089 -0.142109 0.202779 -0.189655 -0.032599 -0.224463 -0.265694 -0.348252 -0.637596 -0.320097 -0.482597 0.225170 0.371214 0.716225 0.703184 0.280961 0.085148 0.376183 0.998523 -0.274628 0.005048 0.625799 -0.094067 0.561689 -0.742367 0.203126 0.083364 -0.054322 0.199277 0.185876 -0.322277 0.182631 0.147423 -0.674033 0.203456 -0.478777 -0.270896 
0.250734 -0.322025 -0.371697 -0.106369 0.613353 -0.290661 -0.537800 0.459262 -0.432642 0.042059 -0.364705 -0.397342 -0.065492 -0.541639 -0.217398 -0.838736 0.311363 0.340765 0.873023 0.417913 0.361552 0.162531 0.126293 0.726427 -0.271484 0.187120 0.711636 -0.091407 0.260052 -0.946496 -0.114162 0.265406 -0.182089 0.104208 0.227346 -0.229346 0.426429 0.291388 -0.373390 0.476735 0.012374 -0.277390 
0.382852 -0.435414 -0.615079 -0.262712 0.395790 -0.094926 -0.844567 0.662831 -0.197865 0.139784 -0.444727 -0.477806 -0.299889 -0.629669 -0.072478 -1.050164 0.193223 0.216593 1.387900 0.415930 0.584679 0.371915 -0.359840 0.341684 -0.452318 0.730377 0.696416 -0.007825 0.337972 -0.553851 -0.120674 0.339297 -0.099860 0.101698 -0.224874 -0.503270 0.619326 0.203349 0.102113 0.548659 0.109934 -0.208230 
0.590958 -0.488657 -0.794330 0.074326 0.344232 0.144204 -0.819806 0.805884 -0.245874 0.480967 -0.530566 -0.335194 -0.177635 -0.771779 0.150608 -1.465314 0.156373 0.316749 1.877691 0.060730 0.249794 0.454821 0.020143 -0.231267 -0.748153 0.953760 0.481327 -0.082662 0.230310 -0.337773 -0.129408 -0.001806 -0.403605 0.126851 -0.375602 -0.317477 0.463645 0.488669 0.065740 0.511435 0.087642 0.000310 
0.439063 -0.797578 -0.670865 0.230934 0.111954 -0.266716 -0.982596 0.827135 -0.087790 0.637383 -0.548296 -0.358657 -0.292236 -0.787144 0.344842 -1.765964 -0.192959 0.202582 1.936637 -0.368688 0.393488 0.580081 0.516232 -0.233303 -0.937578 0.891062 0.501156 0.175723 0.061452 -0.245284 -0.310564 -0.205838 -0.285610 0.403915 -0.311654 -0.195672 0.498938 0.958220 0.238126 0.528664 0.343090 0.094388 
-0.033557 -0.766672 -0.595010 0.341004 -0.080032 -0.203004 -0.960676 0.590617 -0.100024 1.205148 0.052832 -0.127946 -0.171623 -0.915453 0.447442 -1.640290 -0.180266 0.390120 1.818358 -0.225148 0.375707 0.628508 0.706974 -0.375212 -1.257472 0.769957 0.300564 0.343276 -0.173974 -0.476881 -0.236272 -0.213021 -0.127016 0.904248 -0.350044 -0.394364 0.290325 0.900434 -0.253727 0.472822 0.389470 0.143872 
-0.028596 -0.496887 -0.167516 -0.068636 -0.297171 -0.301655 -0.928956 0.292134 -0.141161 1.493589 0.165176 -0.540908 0.026443 -0.406590 0.504691 -1.369689 -0.403408 0.301525 1.565187 -0.346007 0.602587 0.451062 1.245893 -0.135354 -1.280155 0.813898 0.054451 0.250145 -0.076492 -0.477878 0.040756 -0.002071 0.238284 0.912739 -0.338836 -0.208871 0.327619 0.880760 -0.252700 0.561834 0.086839 0.388213 
-0.066801 -0.371785 0.132967 -0.157006 -0.324639 -0.357072 -1.122876 0.120622 -0.027809 1.323515 0.469984 -0.544164 -0.012939 -0.410772 0.581405 -1.065901 -0.253464 0.147909 1.026771 -0.135941 0.657125 0.315076 1.368383 -0.243172 -1.375481 0.652518 0.065652 0.010732 -0.203293 -0.165607 0.594547 0.047259 0.337529 0.522531 -0.569541 -0.017404 0.273330 1.005155 -0.216896 0.820374 0.335868 0.183938 
-0.162850 -0.016204 0.371984 -0.260532 -0.552899 -0.435975 -0.901165 -0.282966 -0.179317 1.169135 0.327217 -0.353812 0.080813 -0.317559 0.677432 -0.695135 0.079351 -0.340523 0.921207 -0.414342 0.279129 -0.467751 1.372342 -0.464000 -1.503643 0.724331 -0.330317 -0.100079 -0.150730 -0.128621 0.991343 0.108131 0.296023 0.487585 -0.572184 0.037635 0.603521 0.880938 -0.473379 0.597609 0.113951 0.414839 
0.012163 0.187655 0.234069 0.152615 -0.591314 -0.403075 -0.981439 -0.368208 -0.148615 0.645746 0.187584 0.174765 0.010778 -0.053064 0.472321 0.097662 0.326591 -0.650061 0.789474 -0.299576 0.031725 -0.661130 0.931671 -0.646752 -0.985825 0.898037 -0.691729 -0.297673 -0.133941 -0.276256 0.976881 0.166074 0.838884 0.173389 -0.407943 -0.268988 0.740091 0.829680 -0.422307 0.775520 0.014830 0.423251 
0.419098 0.069299 0.510430 0.064553 -0.676198 -0.362934 -0.813420 -0.348701 -0.570077 0.072696 -0.131173 0.342102 -0.357361 0.249319 0.282601 0.811496 0.636639 -1.009945 1.095270 -0.153823 0.215100 -1.185823 0.561989 -0.688822 -0.888717 1.082378 -0.571674 -0.213577 0.084251 -0.268380 0.997539 -0.009229 0.730919 0.169539 -0.213335 -0.675469 0.964625 0.866794 -0.453550 0.696388 -0.044943 0.501700 
0.359161 -0.032364 0.657548 -0.094000 -0.897020 -0.323362 -0.667502 -0.041414 -1.049407 -0.413205 -0.272557 0.210670 -0.633019 0.639947 -0.138511 0.890904 0.356418 -1.024568 0.994777 0.056258 0.326345 -1.265242 -0.016984 -0.548731 -0.526106 1.071648 -0.716827 -0.433164 -0.059952 -0.115704 1.255747 0.103961 0.289108 -0.020192 0.100145 -1.010589 1.122118 0.774569 -0.794822 0.930087 -0.586101 0.336420 
0.661581 -0.121171 0.825596 -0.087113 -0.655937 -0.400673 -0.226104 0.052042 -0.992641 -0.703605 -0.648337 0.077207 -0.782782 0.645318 0.092055 1.019809 -0.079276 -0.968359 1.182372 0.027508 0.163238 -1.113411 -0.584123 -0.485298 0.058420 1.019588 -0.790512 -0.107435 0.034294 0.476277 0.975542 0.238806 -0.256074 -0.194709 0.393825 -1.177766 1.022716 0.447863 -0.581853 0.987501 -0.524455 0.441277 
0.798214 -0.201858 0.540135 0.096041 -0.745390 0.026820 0.055268 0.106616 -0.852496 -1.253180 -0.721876 0.217993 -0.530209 0.524640 -0.033991 0.992308 -0.457216 -1.116986 0.844233 0.010338 -0.116272 -0.664643 -1.114732 -0.330923 0.054931 0.969743 -0.496054 -0.100975 -0.073020 0.905866 0.188764 0.145725 -0.676650 -0.434457 0.585701 -0.643592 1.001314 -0.064225 -0.283492 0.873593 -0.581901 0.095895 
0.626086 -0.030086 0.335288 0.390786 -0.677312 0.255425 0.141272 -0.099928 -0.268231 -1.451736 -0.588272 0.138631 0.090869 -0.057684 -0.028846 0.668282 -0.539881 -1.121135 0.247219 0.149987 -0.182144 0.025770 -0.991120 0.181799 -0.075663 0.744946 -0.446375 0.094911 -0.256179 1.210843 -0.359292 0.152225 -1.019873 -0.785805 0.744363 -0.179417 1.061600 -0.229307 0.069528 0.159304 -0.333347 -0.225577 
0.080868 -0.106533 0.086958 0.382212 -0.612916 0.345765 0.194990 -0.407224 -0.279818 -1.320346 -0.022105 0.357361 0.487886 -0.217962 -0.287172 0.449893 -0.280570 -1.073944 -0.111289 0.452931 -0.570410 0.388142 -0.870098 0.732234 0.097157 0.021107 -0.166486 0.488885 0.011261 0.899799 -0.336014 0.209264 -0.931973 -0.872489 1.102975 -0.052432 0.734246 -0.228413 0.296436 -0.406698 -0.235802 -0.200783 
-0.819714 -0.081178 0.169950 0.361417 -1.000053 0.569826 0.044291 -0.657911 0.105376 -0.999963 0.112697 0.592292 0.562851 -0.227267 -0.138014 0.465413 -0.553925 -0.818304 -0.248912 0.392262 -0.384558 0.222631 -0.494134 0.889543 0.060716 -0.761392 0.034943 0.718608 0.080637 0.424207 0.141725 0.127523 -0.510748 -0.785397 0.429275 0.188742 0.135540 -0.265818 -0.120519 -0.900397 -0.490626 -0.150434 
-0.972103 -0.221381 0.458819 0.085791 -0.786674 0.722369 -0.239826 -0.532021 0.111676 -0.354785 0.385764 0.622336 0.425263 0.017513 0.255304 0.273782 -0.342259 -0.490883 -0.473254 0.505185 -0.071606 -0.097511 -0.360118 1.031820 -0.149711 -1.030839 0.122207 0.272491 0.183135 0.458588 0.110313 0.297991 -0.006788 -0.725060 0.424442 0.350009 -0.435778 -0.607643 0.076870 -0.861795 -0.313976 -0.094217 
-0.552805 -0.142432 0.401192 -0.209336 -0.281851 0.875639 -0.145731 -0.233181 0.058303 -0.038878 0.240567 0.426755 0.013113 -0.260429 0.455437 0.157200 -0.213509 0.028292 -0.666759 0.064231 0.106652 0.035715 0.244259 0.512396 -0.216407 -0.823097 0.289234 0.234933 0.020559 0.352656 0.216770 0.468218 -0.069867 -0.398886 -0.147275 0.528798 -0.617640 -0.582362 0.207834 -0.291392 -0.173705 -0.085761 
-0.090342 -0.215994 0.505481 -0.353784 0.435824 0.973069 0.137690 0.186600 -0.194627 0.263899 -0.080482 0.549153 -0.378480 0.012516 1.166613 0.411475 0.027970 0.598691 -0.550584 0.039979 0.425537 -0.255584 -0.010938 0.096631 -0.216447 -0.488006 0.104588 0.294960 0.001583 0.312248 0.340552 0.822267 -0.125057 -0.330727 -0.026851 0.177077 -0.984478 -0.282948 0.035793 0.359481 0.066416 -0.019297 
0.006200 0.502844 0.269404 -0.224014 0.690063 0.341617 0.224119 0.495732 0.037062 0.474894 -0.611242 -0.365653 -0.716002 -0.114064 0.835398 0.359904 -0.082397 0.788856 -0.332822 -0.187725 0.332127 -0.057687 -0.531822 -0.782816 0.057625 -0.043614 0.433924 0.068561 -0.198485 0.599642 0.689011 0.881326 -0.493416 -0.359793 0.164391 -0.059712 -1.180852 0.014283 0.016991 0.792117 0.275265 -0.081636 
0.015393 0.841278 0.069838 0.153063 0.562092 -0.013354 0.442169 0.298105 0.055989 0.703554 -0.421600 -0.554995 -0.913743 -0.188229 0.641975 -0.340644 0.170183 1.143849 -0.270842 0.132089 0.216041 -0.172786 -0.371910 -1.457224 0.302467 0.205538 0.659188 0.109343 -0.240495 0.372674 0.511694 0.576249 -0.281791 -0.428432 0.202612 0.198373 -1.698714 -0.052255 0.327275 0.592006 0.611576 -0.248055 
-0.106091 0.355123 0.095748 0.201258 0.384172 -0.005904 -0.007534 -0.290268 0.277238 0.975476 0.058966 0.056112 -0.397880 0.232668 0.289302 -0.728970 0.596213 1.684883 -0.176093 -0.178267 -0.215410 0.229903 0.792440 -1.308291 0.318369 0.048181 0.515250 0.214894 -0.301563 -0.059842 0.090272 0.286542 -0.475485 0.013669 0.307531 0.271259 -1.889474 0.130887 0.112081 0.384540 0.183234 -0.649678 
0.010088 -0.261504 -0.095373 -0.086368 0.348369 -0.109456 -0.211139 -0.462948 0.431135 1.076180 -0.160221 0.493433 -0.268899 0.197907 0.196368 -0.638055 0.936111 1.832262 -0.252044 -0.102009 -0.155128 0.172663 0.956846 -0.889228 0.312798 -0.046705 0.126226 -0.047013 -0.211907 -0.506711 -0.337544 -0.170171 -0.051652 0.397194 0.792941 0.136808 -2.394388 0.136432 0.090726 0.043003 -0.105316 -0.602091 
0.253133 -0.587691 0.234296 0.028512 -0.096934 -0.461599 -0.150449 -0.430936 0.519234 0.793787 -0.772646 0.612955 -0.144526 0.394509 0.452385 -0.022741 0.633215 1.751564 0.093251 -0.280467 0.119524 0.088373 0.464950 -0.646880 0.333257 -0.200816 -0.426132 -0.061553 0.124696 -0.330977 -0.353925 -0.303694 0.517051 0.756795 0.578874 0.193810 -2.297309 0.298111 0.392970 0.126993 -0.172984 -0.000169 
0.445135 -0.704125 0.046512 -0.027335 -0.133996 -0.637716 0.250611 -0.096347 0.537771 0.655375 -1.168996 0.327567 0.280488 0.316135 0.568366 0.448027 0.200014 1.467507 0.062556 -0.067451 0.454509 0.052473 -0.837151 -0.259925 0.241207 0.069357 -0.506072 0.260395 0.210226 0.094926 -0.326372 -0.364007 0.477606 0.981412 0.650179 0.168959 -2.100626 0.377848 0.294272 0.075973 -0.597818 0.422346 
0.430595 -0.789129 0.349280 0.003369 0.014657 -0.415505 0.459474 0.090894 0.581311 0.269496 -0.810170 0.310443 0.749131 0.080633 0.449742 0.269954 -0.213294 0.826352 -0.026910 -0.138913 0.162669 0.278201 -1.056102 0.109622 0.576964 0.145258 -0.429837 0.023625 0.304458 0.431592 -0.351631 -0.074639 0.265721 1.041841 0.437947 0.336202 -1.299967 0.759498 -0.038684 0.082875 -0.602074 0.016948 
0.353652 -0.603440 0.506445 0.164584 0.607592 -0.145414 0.395199 0.190114 0.476081 0.064992 -0.146837 0.497980 1.572827 -0.385443 0.095163 -0.064330 0.223213 0.452468 -0.068498 0.072725 -0.293971 0.232709 -0.543272 0.254295 0.750058 0.190931 -0.076842 0.043627 -0.172196 0.278487 -0.237338 0.125923 -0.326081 0.383315 0.601879 0.325011 -0.597028 0.533008 -0.225306 -0.056581 -0.453532 -0.069778 
-0.020512 -0.702106 0.521800 0.092229 0.332630 0.740851 0.112183 -0.163533 -0.058227 -0.421469 0.169940 0.440020 2.033584 -0.669864 0.334658 -0.209616 0.366581 0.213434 -0.195048 0.473724 -0.435127 0.188954 -0.060121 0.552103 1.257969 0.156901 0.342056 -0.427166 -0.243709 0.279659 0.225204 0.542184 -0.334359 -0.560562 0.593571 0.403147 0.022268 0.694485 -0.253309 0.180779 0.002868 -0.375819 
-0.268293 -0.626004 0.517108 -0.025535 -0.429983 1.321630 -0.242105 -0.044089 -0.460520 -0.516810 0.132086 0.289321 2.133348 -0.709064 0.397122 -0.258371 0.302682 -0.065154 -0.047746 0.497651 -0.250667 0.185277 0.121985 0.950584 0.491185 0.056834 1.124482 -0.378378 -0.486061 0.162777 0.751025 0.391730 -0.450081 -0.623781 0.423704 0.084007 0.486706 0.409880 -0.342957 0.642979 0.487442 0.285523 
-0.364291 -0.195922 0.614955 0.034627 -0.754724 1.138304 -0.168741 0.321819 -0.838571 -0.491300 -0.571555 0.115911 1.176776 -0.078991 -0.168210 0.038517 -0.039495 0.036244 0.491512 -0.168646 0.061203 0.724313 0.029128 0.718980 -0.739380 -0.635015 1.752800 0.109294 -0.581802 -0.138610 0.662182 0.378716 -0.367689 0.096831 -0.063614 -0.166779 0.671279 0.630457 -0.566332 0.491047 0.415287 0.908951 
-0.551145 0.370202 0.672828 0.466614 -0.510518 0.506194 -0.575572 0.419394 -1.120237 -0.546363 -0.586815 0.255537 -0.060084 0.804702 -0.896748 0.373070 0.303136 -0.184961 0.360405 -0.019166 0.133919 1.246392 0.687762 0.354831 -1.184211 -1.219702 1.566302 0.488763 -0.600081 -0.813459 0.693686 0.349206 -0.154695 0.207762 -0.061223 -0.447041 0.770027 0.265861 -0.372380 0.135474 0.229063 0.740129 
-0.411551 0.728576 0.628645 0.624806 0.033957 -0.314432 -0.082890 0.278953 -0.661288 -0.449674 -0.732983 0.276415 -0.864751 1.156436 -1.307173 0.796175 -0.139385 -0.352011 0.153200 0.156259 -0.126849 1.181709 0.686749 0.173888 -1.117217 -0.963780 1.051372 0.474425 -0.607655 -1.150533 0.633574 -0.017816 -0.205500 0.671468 0.405524 -0.884979 0.235148 0.092270 -0.252205 0.252918 0.229277 0.575692 
-0.545598 0.814486 0.712905 0.610172 0.060385 -0.581632 0.181456 -0.023192 -0.044143 -0.127677 -0.536887 -0.098867 -0.670489 0.911168 -0.913895 1.000142 -0.968305 -0.492624 -0.161593 0.667693 -0.009326 1.052068 0.558470 -0.294710 -0.750272 -0.389791 0.157451 0.236912 -0.066503 -1.012390 0.728778 -0.472404 -0.235291 0.880682 0.844190 -0.599553 -0.182320 -0.187938 -0.356821 -0.025995 -0.041433 0.418767 
-0.613692 1.257585 0.528682 0.398186 0.251024 -0.593607 0.440909 -0.254586 0.097870 0.329885 -0.316722 -0.482673 -0.577790 0.536213 -0.819859 1.097889 -1.327286 -0.651696 -0.587922 0.782437 -0.054433 0.863814 0.114186 -0.757425 -0.129142 0.455906 0.223151 0.057181 -0.084776 -0.848994 0.335906 -0.845104 -0.477547 0.888460 1.486694 -0.323095 -0.101326 -0.291126 -0.281980 -0.151107 0.341897 0.433397 
-0.342248 1.150456 0.148804 0.081581 0.448152 -0.145996 0.170532 -0.483036 0.173857 0.377595 -0.588060 -0.507801 -0.490731 0.071256 -0.653233 0.880974 -1.361901 -0.484155 -0.435992 0.977240 -0.058475 0.709880 -0.350298 -0.871999 0.263126 0.824015 0.062515 -0.518357 0.270743 -0.731797 0.132816 -0.950902 -0.908450 0.524703 1.457660 -0.137117 -0.085715 -0.441922 -0.146217 -0.039726 0.009307 0.361348 
-0.248353 0.486676 0.165832 -0.177820 0.728469 0.201061 -0.204111 -0.418198 0.240474 0.555433 -0.770972 -0.305903 -0.520997 -0.184233 -0.645360 0.358425 -0.944197 -0.219044 -0.583656 0.714713 -0.088141 0.494464 -0.694646 -1.050340 0.596098 1.094056 0.091600 -0.891571 0.058138 -0.424644 0.068506 -0.902494 -1.303923 0.254880 1.216777 -0.034684 0.110783 -0.442407 0.351200 -0.143681 0.038377 0.447478 
0.319082 -0.273382 0.383025 -0.958074 0.827879 0.269021 -0.209472 -0.071922 0.542890 0.482541 -0.806987 -0.119580 -0.734458 0.114537 -0.403889 0.144995 -0.530565 -0.169308 -0.422306 0.433915 -0.206281 0.156072 -0.877399 -1.016243 1.001005 1.014227 0.127365 -0.979864 0.125003 -0.059310 -0.365939 -0.625688 -1.253023 0.129920 0.655310 -0.187085 0.388713 -0.394078 0.322069 -0.135630 -0.223061 0.664612 
0.503792 -0.513213 0.213247 -1.100259 0.493264 0.638133 -0.459666 -0.171137 0.086480 0.560106 -0.486657 0.113932 -0.557595 0.257543 -0.090141 0.168993 0.026665 -0.092397 -0.006867 0.369040 0.016581 0.105299 -1.048890 -0.788135 1.329793 0.909450 0.257500 -1.183102 -0.198489 0.167344 -0.290985 -0.460933 -1.296398 -0.235797 0.126832 -0.225037 0.653110 -0.475465 0.042858 0.060498 -0.332037 0.728827 
0.362355 -0.797330 0.259150 -0.657381 0.588080 0.692846 -0.601191 0.271273 -0.046843 0.566010 -0.290505 0.156936 -0.609417 0.863705 -0.221461 0.102403 0.138212 -0.208869 0.260114 0.132801 0.061137 -0.249117 -0.696784 -0.659360 1.340110 0.540131 0.204397 -1.484555 -0.028911 -0.022707 -0.058920 -0.646207 -0.765805 -0.640454 -0.163235 -0.339280 0.492095 -0.133219 0.097575 0.085023 -0.493671 0.784477 
-0.097549 -0.589698 0.328657 -0.347578 0.414310 0.533087 -0.869610 0.164291 -0.426983 0.351152 0.086556 -0.089794 -0.280458 1.318011 -0.215103 0.127610 0.266453 -0.293041 0.271798 -0.027071 -0.177000 -0.381421 -0.673438 -0.693652 1.262941 0.102051 0.677201 -1.331171 -0.188099 -0.103390 -0.015964 -0.342036 -0.186392 -0.607624 -0.069653 -0.149318 0.552463 0.424765 -0.219740 0.059438 -0.681689 0.479999 
-0.319095 -0.396501 0.098603 -0.228610 0.089731 0.224789 -0.660252 0.008308 -0.561875 0.459970 0.483158 -0.046204 0.123206 1.445413 -0.111619 -0.056021 0.429796 -0.235596 0.225317 -0.107524 -0.255665 -0.555282 -0.485033 -0.491543 1.250880 -0.288251 0.971762 -1.260849 -0.067991 -0.234273 -0.127577 -0.238154 0.236522 -0.715101 -0.049254 -0.241334 0.560824 0.620786 -0.087318 -0.050931 -0.654325 0.505642 
-0.484240 -0.198451 -0.171152 -0.022033 0.108630 0.176054 -0.859166 -0.005720 -0.539003 0.240839 0.697011 -0.071390 0.153001 1.313727 0.052225 -0.287912 0.552296 0.114998 -0.037138 -0.170536 -0.421941 -0.720659 -0.286938 -0.195201 0.942120 -0.675236 1.133348 -1.080280 -0.128870 -0.182430 -0.238694 0.031993 0.748053 -0.720805 0.035971 -0.201933 0.337453 0.563929 -0.322611 -0.000377 -0.349945 0.419873 
-0.491833 0.015791 -0.376662 -0.187587 0.049805 0.601304 -0.860186 0.005922 -0.602759 0.218154 0.462984 -0.133089 -0.010048 1.059909 0.077452 -0.271495 0.631125 -0.105129 -0.317357 -0.036256 -0.293128 -0.606149 0.006263 0.009711 0.813207 -0.879612 1.123706 -0.778412 -0.087501 -0.186672 -0.302079 0.244940 0.805856 -0.493350 0.076407 -0.443684 0.317804 0.768995 -0.315019 -0.369326 -0.286040 0.083166 
-0.475100 0.370989 -0.422858 -0.241256 -0.293834 0.657695 -0.780286 -0.239437 -0.571616 0.101866 0.330756 0.012570 0.003269 0.983073 0.138187 -0.206718 0.290350 -0.037806 -0.276800 0.112705 -0.236389 -0.620948 0.119454 0.458308 0.668143 -0.737960 1.118938 -0.528381 -0.068389 0.012609 -0.533820 0.168904 0.556151 -0.754419 0.204707 -0.711376 0.330476 0.739521 -0.270698 -0.300690 -0.104405 -0.083805 
-0.356129 0.381912 -0.556910 -0.268497 -0.051285 0.699024 -0.298741 0.044265 -0.392400 -0.001633 0.211036 -0.086805 0.011178 0.718193 0.032929 -0.234459 0.013071 -0.212229 -0.282909 -0.061691 -0.294361 -0.471784 0.128358 0.491524 0.292585 -0.655500 1.069861 -0.200277 -0.033660 0.124725 -0.811443 0.045100 0.294138 -0.481525 0.095881 -0.501074 0.119865 0.581876 -0.042204 -0.132517 -0.242293 -0.222240 
-0.236786 0.438894 -0.624367 -0.337680 -0.325030 0.569535 -0.576115 0.041577 -0.157923 0.386492 0.020535 -0.139877 0.156396 0.420920 0.229386 -0.379345 0.007464 -0.257229 -0.002492 -0.043509 -0.356161 -0.342502 0.094288 0.390471 -0.171042 -0.673503 0.933719 -0.044908 -0.030538 0.092228 -0.955064 0.154109 0.378077 -0.325057 0.151705 -0.380375 -0.122904 0.270063 0.076960 -0.120399 -0.105376 -0.274014 
-0.115786 0.179850 -0.368765 -0.464045 -0.267261 0.398409 -0.126578 0.008746 0.184356 0.327051 0.020269 -0.193132 0.025966 0.444737 -0.015860 -0.438743 -0.194899 -0.081831 -0.087765 -0.093891 -0.282401 -0.200736 0.092466 0.191510 -0.085123 -0.582832 1.049503 0.010818 0.110609 0.036458 -1.212268 -0.020986 0.344781 -0.197546 0.226896 -0.022203 -0.099520 0.136135 0.082146 0.151111 -0.073873 -0.144867 
-0.537378 0.037136 -0.430939 -0.296790 -0.254814 0.167114 -0.185662 0.100140 0.183548 0.397598 0.189562 -0.446346 0.011338 0.298415 0.202339 -0.773481 -0.215136 0.002512 -0.199359 -0.196125 -0.269844 -0.392295 0.195468 0.246300 -0.249728 -0.337625 1.003345 0.251588 0.114095 0.039415 -1.105088 0.081791 0.290649 -0.457818 0.356737 -0.091712 -0.344368 -0.120561 0.043267 0.308330 0.081569 -0.287613 
-0.369409 -0.086433 -0.297429 -0.266747 -0.219038 0.380003 -0.468959 0.057747 0.226485 0.504783 0.147947 -0.071901 0.051769 0.153138 0.293085 -0.501107 -0.431388 -0.157783 0.010113 -0.032163 -0.245462 -0.337821 0.374234 0.282484 -0.099224 -0.505254 0.839279 0.387789 0.186259 -0.043687 -0.806349 -0.012245 0.393516 -0.503931 0.015322 0.111647 -0.232517 -0.088876 0.040980 0.095854 -0.155975 -0.315421 
-0.216247 -0.316122 -0.285203 -0.120503 0.045932 0.382048 -0.473291 0.024416 0.066551 0.435109 0.125717 -0.105634 -0.265071 -0.089802 -0.010908 -0.481941 -0.076539 -0.220038 -0.152852 0.119412 -0.034288 -0.720657 0.426550 -0.261866 0.074015 -0.557034 0.348943 0.143049 -0.020277 0.067914 -0.602447 -0.046701 0.321998 -0.419060 0.106007 -0.231289 -0.202294 0.054849 -0.104939 0.076443 0.295985 -0.411686 
-0.118293 -0.452615 0.065206 0.097776 -0.146871 0.236138 -0.437628 0.019710 0.201757 0.078867 -0.206513 -0.131547 -0.412845 -0.107184 -0.067924 -0.293475 0.100321 -0.436076 -0.010274 -0.105579 -0.178390 -0.604163 0.379686 -0.200269 0.049945 -0.612608 0.276828 0.201593 0.139433 -0.081678 -0.577967 0.012951 -0.029782 -0.477783 -0.189290 0.029432 -0.283735 0.300323 0.108494 0.043070 0.183641 -0.380098 
-0.156693 -0.607871 0.127891 0.207616 0.113541 0.196932 -0.712623 -0.117058 0.388494 0.323919 -0.408893 0.284222 -0.298587 -0.061836 -0.129641 0.027246 0.086666 -0.516631 0.167538 -0.306128 0.120886 -0.762926 0.283409 -0.307898 0.021714 -0.581846 -0.160567 0.291146 -0.089063 0.098419 -0.372930 -0.104508 0.071971 -0.221184 -0.202837 -0.153771 0.016000 0.536282 0.389600 -0.058000 0.073207 -0.090566 
-0.018598 -0.439047 0.230958 0.034658 0.359232 0.180395 -0.306090 0.052293 0.454988 -0.164702 -0.304344 0.496433 -0.338144 0.049692 -0.194254 0.222106 0.182172 -0.266585 0.055565 -0.398946 0.433388 -0.734908 0.165893 -0.041302 0.187690 -0.709260 -0.098606 0.128206 -0.179615 0.172535 -0.193975 -0.085326 -0.159237 -0.344878 -0.069616 -0.052206 0.078388 0.610250 0.308391 0.091638 0.082700 0.007331 
0.188055 -0.545049 0.012245 0.041959 0.098803 0.041479 -0.515692 -0.049632 0.453668 -0.070334 -0.543547 0.232425 -0.390150 0.024994 0.183844 -0.071955 0.139112 -0.278922 -0.051649 -0.412413 0.396611 -0.663269 0.158318 0.082193 -0.302301 -0.649100 -0.178374 0.345572 -0.532700 0.213491 -0.233649 -0.070663 0.056515 -0.373422 -0.089597 0.244033 0.159452 0.869601 0.602575 0.180106 0.080833 0.142237 
0.463399 -0.450447 -0.184099 0.016069 -0.013928 -0.044863 -0.243986 -0.112900 0.382684 -0.217486 -0.525652 0.205549 -0.537796 0.126337 0.081369 -0.058360 -0.081447 -0.104590 -0.080084 -0.483735 0.252160 -0.696810 -0.089156 0.305778 -0.219374 -0.689630 -0.188566 0.296536 -0.401524 0.040753 -0.114894 -0.226542 -0.077321 -0.194208 -0.080171 0.133578 0.288310 0.651812 0.500976 -0.044158 -0.126893 -0.058197 
0.389038 -0.281916 -0.147365 0.018230 0.118175 -0.028783 -0.251654 -0.063788 0.498184 -0.356725 -0.183829 0.260388 -0.237224 -0.099988 0.002639 -0.198391 -0.050225 0.152821 -0.118241 -0.324855 0.027769 -0.388689 -0.146973 0.439939 -0.402675 -0.736035 -0.328743 0.528413 -0.458467 -0.006703 -0.307999 -0.288112 -0.000143 -0.200242 -0.373946 0.272195 0.323948 0.715596 0.542318 -0.303333 -0.080889 0.050495 
0.382990 0.066568 0.034810 0.568345 -0.016489 0.252216 -0.489795 -0.153453 0.276162 -0.135651 -0.050359 0.255748 -0.254855 -0.044757 -0.022499 -0.255913 -0.244063 0.134547 0.036721 -0.254388 0.044131 0.004369 -0.392734 0.142651 -0.456563 -0.598429 -0.429988 0.528470 -0.417630 -0.013013 -0.044381 -0.372930 -0.259817 0.218009 -0.329477 0.276642 0.359669 0.642263 0.645952 -0.558271 -0.009454 0.220098 
0.548047 0.346011 -0.081194 0.660020 0.155247 -0.073481 -0.197815 -0.192630 0.542774 -0.158146 -0.203089 0.096628 -0.249716 -0.114292 0.072855 -0.308916 -0.081906 0.131857 0.099719 -0.342750 0.139157 0.014543 -0.600790 0.005036 -0.455077 -0.540164 -0.683569 0.425625 -0.423005 -0.004785 -0.319169 -0.209312 -0.254811 0.403382 -0.313497 0.168803 0.327525 0.723049 0.442148 -0.589650 0.058136 0.193499 
0.536528 0.065164 -0.064201 0.952155 0.312549 -0.098781 -0.209175 0.112057 0.520722 -0.303883 -0.121242 -0.042229 -0.076277 -0.181471 0.081596 0.302021 -0.342530 0.161605 -0.208111 -0.516094 0.027618 0.069423 -0.406745 0.034874 -0.283601 -0.265539 -0.745064 0.539860 -0.310657 -0.065159 -0.352742 -0.117529 -0.252217 0.508098 -0.469596 -0.065725 0.549267 0.619898 0.561026 -0.443170 0.227903 0.243049 
0.714215 -0.086056 -0.026522 0.598377 0.079624 -0.142115 -0.096357 0.086032 0.137833 -0.339179 0.045908 0.322682 -0.017932 -0.050573 0.019572 0.280935 -0.166434 0.065013 -0.000710 -0.304995 0.408533 0.126597 -0.407487 0.059037 -0.249195 -0.156172 -0.728010 0.789204 -0.205461 -0.443989 -0.546476 -0.322592 0.033668 0.500176 -0.121207 -0.053223 0.301963 0.623792 0.120401 -0.181101 0.113091 0.133586 
0.801246 -0.124497 -0.121294 0.533630 0.036459 -0.102889 0.042650 0.118164 0.164058 -0.391111 0.011580 0.129247 0.003517 0.029847 0.096816 0.395790 -0.092276 -0.007482 -0.400095 -0.417852 0.259886 -0.057437 -0.118687 0.019396 -0.458840 -0.123478 -0.797260 0.812977 0.352808 -0.593447 -0.601300 -0.009110 0.042621 0.541094 -0.350132 -0.126816 0.207536 0.424877 0.246229 -0.168174 -0.010529 -0.010159 
0.827709 -0.117010 0.136310 0.308757 -0.090020 0.127842 0.211610 0.191379 -0.021542 -0.341566 0.007573 0.220148 0.112976 0.103788 0.337697 0.362037 -0.045315 0.173092 -0.339226 -0.430047 0.372886 0.275358 -0.442148 -0.021755 -0.215334 0.029904 -0.657187 0.977845 0.267918 -0.733595 -0.562117 -0.122477 -0.087328 0.564554 -0.226993 -0.367177 0.169200 0.515898 -0.004590 0.028355 0.001767 -0.086342 
0.774961 -0.172718 0.188020 0.497214 0.135268 -0.268371 -0.075170 0.300164 -0.224264 -0.080491 -0.078321 0.112005 -0.063157 0.055631 0.211120 0.663677 -0.268244 0.026037 -0.013434 -0.541155 0.355990 -0.016548 -0.573950 -0.162864 -0.324909 0.076071 -0.607622 1.054284 0.626377 -0.683668 -0.365283 0.084648 -0.041744 0.728104 -0.268652 -0.303125 0.229692 0.526040 0.267896 0.045230 -0.012383 -0.331374 
0.799938 0.015627 0.131048 0.412072 0.119280 -0.364950 0.155241 0.093527 0.107411 -0.182636 -0.135609 0.041161 0.207174 -0.058420 0.098286 0.606684 0.082433 -0.076694 -0.265791 -0.511953 0.490581 0.136960 -0.199147 -0.156651 -0.352701 -0.132978 -0.618784 0.910595 0.642449 -0.536305 -0.122989 -0.113541 0.043729 0.610950 -0.198866 -0.255392 0.066007 0.340709 0.353934 0.244465 0.240685 -0.198437 
0.615710 0.005423 0.246836 0.224016 0.109937 -0.292437 0.086867 0.131414 -0.233199 -0.188402 -0.198180 -0.080002 0.023207 0.076554 0.270268 0.467574 0.183819 -0.067208 0.288546 -0.260807 0.368432 0.103581 -0.294744 0.040998 -0.024342 -0.070547 -0.571589 0.516499 0.498254 -0.517855 -0.167501 0.055218 0.062730 0.321391 -0.169985 -0.321239 0.125234 0.302947 0.615472 0.138735 0.332359 -0.256396 
0.786809 -0.196738 0.227419 0.382465 0.204456 -0.161010 0.127324 -0.137143 -0.067794 -0.312290 -0.143848 0.028870 0.211898 -0.108719 0.352195 0.592435 0.051092 0.098055 0.079238 -0.212555 0.281051 0.167733 -0.169174 0.282071 -0.107238 -0.040951 -0.426089 0.525946 0.529520 -0.615707 -0.267720 0.128855 0.017245 0.279540 -0.289638 -0.132664 -0.221160 0.129232 0.499759 0.072674 0.531125 -0.259736 
0.871530 -0.084653 0.228956 0.396930 0.351075 0.036571 0.235588 -0.148665 0.114152 -0.064460 -0.383504 0.098878 -0.018807 -0.202005 0.296432 0.361062 -0.032841 0.103883 -0.096886 0.101860 0.385412 0.183064 -0.386972 0.344292 -0.003545 -0.179355 -0.471353 0.364053 0.432615 -0.426533 -0.115764 0.177887 -0.035183 0.165877 -0.081322 -0.056417 0.064913 0.051920 0.683026 -0.189494 0.544421 -0.226705 
1.028841 -0.152188 0.032558 0.554279 0.168662 -0.062737 0.274639 -0.263323 0.081694 -0.187828 -0.268132 0.125497 0.075331 -0.207692 0.089877 0.180844 0.022290 0.124267 -0.083468 -0.111386 0.450096 0.253527 -0.339533 0.256739 -0.168036 -0.011694 -0.425261 0.577543 0.020499 -0.534695 -0.366895 0.236153 -0.104947 0.252090 -0.258839 0.003201 0.023308 -0.129176 0.787577 -0.096089 0.301728 -0.264383 
0.830847 -0.138585 0.218989 0.450808 0.040830 0.034396 0.360275 -0.052275 0.091942 -0.107660 -0.017999 0.105586 -0.084815 -0.243662 -0.005470 0.306929 -0.065570 -0.034643 0.100531 0.159310 0.619373 0.144143 -0.465684 0.067711 -0.047345 0.060851 -0.454750 0.572408 0.267972 -0.263832 -0.196444 0.177121 -0.113377 0.267583 -0.352663 -0.184777 0.028430 0.138751 0.855200 0.157565 0.649110 -0.585303 
0.608446 -0.253107 0.147162 0.875443 0.051049 -0.010323 0.294344 -0.000076 -0.264325 0.165820 0.126445 0.085115 -0.149741 -0.125715 -0.046979 0.422173 0.105041 0.005928 0.200549 0.328257 0.551640 -0.120050 -0.485649 -0.023333 0.158695 -0.012713 -0.320742 0.368448 0.239839 -0.400817 -0.116099 0.145350 -0.080189 0.210487 -0.045207 -0.159466 -0.037015 -0.051254 0.839527 0.112450 0.627920 -0.364782 
0.766208 -0.356607 0.219568 0.468120 -0.115057 0.097800 0.230918 0.095203 -0.268489 -0.154416 0.153280 0.106158 -0.377602 0.103088 0.115774 0.297280 0.246722 -0.079698 0.075035 0.155604 0.564383 0.019990 -0.454124 0.165813 0.089735 -0.236911 -0.231573 0.425179 0.206978 -0.399880 0.137861 0.097778 -0.006333 0.065262 -0.145668 -0.219450 -0.087155 -0.003769 0.847584 -0.000899 0.761214 -0.302932 
0.689962 -0.426091 -0.019944 0.627266 -0.002303 0.218391 0.146244 -0.026897 -0.231117 -0.151273 0.064587 0.147825 -0.324313 -0.103882 0.167668 0.357949 0.341106 0.039420 0.000208 0.194412 0.564806 -0.044890 -0.300872 0.203534 0.285946 -0.310920 -0.279177 0.174940 0.436619 -0.458348 -0.067711 0.226388 -0.003788 -0.276720 -0.018170 -0.133659 0.088153 -0.264220 0.668950 -0.084748 0.705508 -0.474257 
0.526507 -0.441273 0.123447 0.348432 -0.096355 0.121843 0.165087 0.097173 -0.279514 0.051062 0.057336 0.095315 -0.259888 0.131267 0.100836 0.363650 0.217594 -0.016078 0.036096 0.036280 0.480326 0.096202 -0.465852 -0.002264 0.158858 0.101126 -0.159186 0.435185 0.326836 -0.124815 0.071282 0.058103 -0.314456 -0.031186 0.095939 -0.024257 0.088244 -0.262677 0.822478 -0.123494 0.447017 -0.328569 
0.479606 0.174802 0.065345 0.317548 -0.010074 -0.040513 0.317134 0.312673 -0.124023 -0.078083 0.115528 0.192988 -0.106726 0.188584 0.000789 0.144042 0.199260 -0.150100 -0.012141 -0.035234 0.553662 0.190734 -0.283044 -0.001510 0.083635 0.143204 0.021599 0.378518 0.323497 -0.520460 -0.082945 -0.105039 -0.403469 -0.293418 0.206178 -0.057361 0.286860 -0.353829 0.848104 -0.129605 0.509663 -0.510360 
0.322885 0.043293 0.185102 0.179290 -0.157452 0.242043 0.391815 0.107323 -0.105957 -0.024389 0.154161 0.178822 -0.065968 0.178073 0.013614 0.089017 0.065680 0.092204 0.231226 0.058850 0.456367 0.274527 -0.187718 0.131277 0.046121 0.194764 -0.032064 0.251614 0.442846 -0.364090 0.057883 -0.141264 -0.527463 -0.212289 0.140363 -0.052709 0.177912 -0.156945 0.570593 -0.218295 0.290141 -0.608612 
0.507395 0.109566 0.099950 0.506355 -0.096898 0.044545 0.189408 0.215941 -0.212851 0.134679 0.154136 0.201171 -0.133340 0.174688 -0.140746 -0.127120 0.045915 0.072252 0.238816 -0.046393 0.321405 -0.073445 -0.065649 0.137209 -0.057679 -0.038524 -0.195288 0.237321 0.399426 -0.466893 -0.034196 -0.008558 -0.159955 -0.241620 0.376043 -0.266090 -0.090450 -0.113065 0.473870 -0.197293 0.368100 -0.456226 
0.256893 -0.079322 0.015214 0.340031 -0.077127 0.082648 0.088420 0.192053 -0.425971 0.048666 0.149098 0.038307 -0.137408 0.013073 -0.023064 -0.022252 0.007076 0.141798 0.332125 0.087858 0.212443 0.002159 -0.072195 0.188571 0.093179 0.061411 -0.070786 0.324520 0.455903 -0.441626 0.034960 0.034214 0.027797 -0.099189 0.338039 -0.257212 -0.447644 -0.185347 0.463634 -0.232627 0.322358 -0.311283 
0.002392 -0.017439 0.143342 0.266277 -0.139401 0.140907 0.301517 0.161131 -0.083119 -0.130933 0.538468 0.147207 0.155222 0.372415 0.006673 0.081527 0.319319 0.036452 0.052214 -0.026073 0.407137 -0.148116 0.006218 0.146694 0.049091 0.023144 -0.100184 0.201698 0.251933 -0.462458 0.295546 0.074794 -0.091897 -0.074586 0.399045 0.007697 -0.362621 -0.076104 0.103809 -0.092004 0.130584 -0.257689 
0.121638 -0.059209 0.083459 0.234739 -0.370589 0.179790 0.310959 0.202192 -0.158830 0.108697 0.342852 0.153549 0.059380 0.400813 0.012757 -0.135795 0.227026 0.058675 0.169109 -0.111422 0.381663 0.051088 -0.032334 0.405545 0.028219 0.047219 -0.257132 0.218657 0.261687 -0.256583 0.328760 0.223871 -0.068499 -0.203803 0.203444 -0.088477 -0.163075 -0.025667 0.256933 -0.069038 0.214707 -0.249037 
0.079588 -0.163362 0.014788 0.131316 -0.158734 -0.092796 0.051064 0.125977 0.249823 -0.086193 0.280778 -0.044749 -0.007123 0.046490 0.261366 -0.192431 0.234876 -0.114158 -0.090620 0.048440 0.173245 -0.217830 -0.161478 0.402643 0.144477 0.027785 -0.095769 0.020869 0.128551 -0.270441 0.244697 -0.145983 0.070463 -0.143350 0.307957 0.194556 0.013035 -0.244138 0.202979 -0.092145 -0.029035 -0.171020 
0.072831 -0.009735 0.144061 0.362539 -0.214841 0.120182 0.254300 0.137318 0.129585 0.029656 0.037924 0.308375 0.009454 0.048515 0.018059 -0.041205 0.485254 0.008523 -0.125867 -0.053132 0.083954 -0.033850 0.064783 0.497034 0.058761 0.049551 -0.255247 0.237840 -0.022992 -0.164461 0.232579 0.079108 -0.205482 -0.236876 0.022725 0.047634 0.123980 -0.121692 0.478333 -0.180378 -0.079283 -0.522993 
0.125466 0.113336 0.369645 0.366504 -0.110712 0.006935 0.178113 0.152572 0.135091 0.190253 -0.011246 0.161956 -0.075701 0.088610 0.058665 -0.255734 0.256308 0.166988 0.170055 -0.146593 0.386002 -0.048538 -0.317830 0.328019 0.042972 0.077176 -0.195424 0.324545 -0.098992 -0.092857 -0.042743 0.142936 -0.168744 -0.166671 0.003006 0.073993 0.306125 -0.028861 0.411529 -0.255990 0.081326 -0.474994 
-0.228396 0.193221 0.229016 0.577625 -0.104196 0.208965 0.103767 0.065568 0.134543 0.433009 0.068494 -0.008005 -0.137853 0.140593 -0.052348 -0.098551 0.265719 0.248159 0.049216 -0.021342 0.370280 -0.058371 -0.395158 0.335635 -0.007723 0.032260 -0.058407 0.012762 -0.269342 0.021275 0.155621 0.186782 -0.252221 -0.054918 -0.076408 0.050133 -0.015924 -0.075378 0.403652 -0.529413 0.120929 -0.293740 
-0.157611 -0.022365 0.111964 0.459194 -0.205479 0.318934 0.116055 0.305069 0.234458 0.250363 0.090090 -0.072374 0.030745 0.089016 -0.080962 -0.197163 0.286880 0.027653 0.236885 -0.123565 0.320686 -0.107928 -0.558964 0.307818 0.043101 0.080038 -0.234448 0.098668 -0.313083 -0.036762 0.200364 0.065000 -0.197166 -0.176528 0.004791 0.092222 0.041222 -0.105992 0.170271 -0.549326 0.194183 -0.131750 
-0.144493 0.069789 0.150598 0.272723 -0.059113 0.399534 -0.260281 0.088190 0.447527 0.609752 0.216240 0.145567 -0.000533 0.010398 0.068110 -0.322773 0.264234 0.067754 0.363023 -0.148324 0.045350 0.030225 -0.335085 0.373194 0.157120 0.142900 -0.136915 -0.005058 0.062422 0.256231 0.199031 0.161570 -0.087563 -0.110906 0.125995 0.056928 0.069918 -0.192196 0.150023 -0.384215 -0.101008 -0.099315 
-0.265731 -0.081488 0.256089 0.147669 0.074457 0.109985 -0.226953 0.074338 0.374884 0.446115 0.259194 0.197090 -0.071064 0.239853 0.074348 -0.332579 0.074025 -0.041297 0.221902 0.216253 0.171959 0.066276 -0.259505 0.170584 0.009237 -0.069275 -0.364941 -0.029441 0.012129 0.180363 0.234555 0.102472 0.045366 -0.250126 0.002650 0.205304 0.037326 -0.396935 0.043861 -0.533849 0.249171 -0.273248 
-0.109081 0.301202 0.388525 0.257848 -0.190571 0.197072 -0.070668 0.012556 0.188319 0.366598 0.374793 0.239927 0.030341 0.068443 -0.125557 -0.451697 -0.053791 -0.185434 0.409380 0.373754 0.112327 0.070542 -0.343623 0.117880 0.181303 -0.068240 -0.298587 -0.059317 -0.077248 0.054250 0.464574 0.022197 -0.112734 -0.214068 0.063107 -0.165358 -0.259836 -0.087452 0.099280 -0.503022 0.170526 -0.070252 
-0.243275 0.208076 0.455852 0.203723 -0.190064 0.112774 0.160027 0.107809 0.307478 0.403212 0.225550 0.005901 -0.027785 -0.183257 -0.050666 -0.246899 0.101189 -0.261952 0.143129 0.255520 -0.260562 0.216192 -0.244892 0.091156 0.278452 -0.073096 -0.184830 -0.061513 -0.243732 -0.031583 0.460759 0.157125 -0.018533 -0.142809 0.260725 0.009364 -0.310017 -0.146120 0.186886 -0.310970 0.377121 -0.193618 
-0.401159 0.407509 0.531823 0.094558 -0.176322 0.241427 0.043729 0.082107 0.191624 0.370676 0.217243 -0.005098 -0.030933 -0.174797 -0.082903 -0.317254 0.185043 -0.274306 0.286913 0.286014 -0.279338 0.086418 -0.171874 0.219105 0.141550 -0.173824 -0.191944 -0.419174 -0.186874 0.047603 0.467202 0.282801 -0.017922 -0.225811 0.355345 -0.146415 -0.011169 -0.344998 0.393855 -0.252330 0.026793 -0.268211 
-0.357400 0.193986 0.443997 0.103340 -0.378698 0.199903 0.375289 0.051013 0.457735 0.028550 0.079399 0.025803 -0.256085 -0.183865 0.019114 -0.320315 0.029984 0.025527 -0.089757 0.193836 -0.002520 -0.096431 -0.285934 0.136507 -0.071902 0.085545 0.141547 -0.383001 -0.374908 0.204355 0.529089 0.210495 -0.091905 0.062530 0.274859 -0.084135 0.174433 -0.496432 0.278675 0.037313 -0.081415 -0.342070 
-0.076779 0.040467 0.257916 -0.024678 -0.256210 0.298451 0.109236 0.224116 0.437882 -0.233282 0.062266 -0.028180 -0.269161 0.066990 0.052349 -0.274082 0.102685 0.161067 -0.036486 0.176963 -0.104064 0.002455 -0.280458 0.352304 0.033358 -0.138028 0.002876 -0.300994 -0.272035 0.316954 0.318672 0.145356 -0.085966 -0.026350 -0.059115 -0.031839 0.196062 -0.167456 0.160309 -0.036780 0.073398 -0.454939 
-0.147907 -0.068363 0.324596 -0.143633 -0.367428 0.264673 0.139138 0.091967 0.622111 -0.132354 0.138618 0.140521 -0.209207 0.049557 -0.022909 -0.416147 0.217584 0.027653 -0.313937 0.044988 0.183117 0.031713 -0.282852 0.308169 -0.080011 0.242976 -0.081546 -0.135754 -0.345572 0.596678 0.167611 0.176761 0.049032 0.408787 0.019110 -0.016372 0.157754 -0.155978 0.082669 0.008748 -0.229362 -0.364398 
-0.065447 0.132182 0.211684 0.026279 -0.419929 0.166204 -0.262794 0.040670 0.648632 -0.359631 -0.013716 0.128405 -0.191379 0.064763 0.104927 -0.190122 0.164840 0.013707 -0.115211 0.143029 0.064503 0.305627 -0.044328 0.354190 -0.129236 0.057715 0.009280 -0.361490 -0.548404 0.530641 0.368223 -0.051205 0.124435 0.320369 -0.083497 0.061516 0.271191 -0.383703 -0.098309 -0.088835 -0.016623 -0.339769 
-0.474979 -0.093419 0.215051 0.095785 -0.240391 0.222877 -0.112269 -0.058960 0.387004 -0.063842 0.265009 0.020296 -0.008906 -0.057535 0.089217 -0.214031 0.185480 0.171330 0.231568 0.061082 0.254643 0.292643 0.153042 0.229238 -0.018036 0.128536 -0.304055 -0.182938 -0.540433 0.476442 0.470590 0.208978 0.258301 0.450744 -0.141062 0.162336 -0.003464 -0.370324 0.078444 -0.008004 -0.152065 -0.322871 
-0.641997 -0.063086 0.168794 0.132592 -0.269955 0.168970 0.028119 -0.268857 0.351997 -0.396323 0.393122 -0.127344 -0.072943 -0.329454 0.037684 -0.264447 0.025871 0.024062 0.290330 0.051795 -0.059249 0.009063 0.339527 0.118672 0.023755 0.004629 -0.222528 -0.245107 -0.615232 0.584203 0.362851 0.178978 0.425208 0.484412 -0.063484 0.191811 -0.060082 -0.447858 0.051798 -0.087247 -0.205543 -0.124533 
-0.639544 -0.218748 0.182982 0.109876 -0.053770 -0.000773 0.328506 -0.011301 0.145914 -0.163209 0.340620 0.067013 -0.197987 -0.367013 -0.119983 -0.255279 0.016424 0.092522 0.001605 0.030471 0.084821 0.162401 0.462499 0.266517 0.060897 0.035302 -0.093030 -0.079265 -0.818341 0.427524 0.519386 0.174409 0.434564 0.634138 -0.049414 0.055386 -0.123715 -0.405402 0.049761 -0.048705 -0.367547 -0.274910 
-0.619958 -0.323318 0.439892 -0.071700 -0.083747 -0.075289 0.286441 -0.286730 0.323910 -0.220644 0.300140 -0.120810 -0.016599 -0.079934 0.213255 -0.316195 -0.128234 0.027933 0.122472 -0.190448 -0.287027 0.050450 0.154758 -0.030357 -0.016265 0.094002 0.025562 -0.220764 -0.587146 0.295430 0.545697 0.468710 0.035686 0.751806 -0.071337 -0.159688 0.235952 -0.355685 0.004762 -0.101853 -0.536198 -0.133606 
-0.506604 -0.193946 0.509595 0.040972 -0.155135 0.065406 0.208433 -0.321262 0.274828 -0.221542 0.397191 -0.056636 -0.169357 -0.212014 0.029181 -0.553302 -0.136042 -0.098844 -0.146032 -0.156928 -0.192190 0.022254 0.109724 -0.123621 -0.200932 0.022680 -0.151661 -0.070931 -0.631347 0.238609 0.327125 0.166853 0.268813 0.780695 0.103946 -0.113648 0.143636 -0.310488 0.051394 0.251049 -0.632331 -0.014077 
-0.449902 -0.072556 0.426252 0.055613 -0.024944 -0.106462 0.363708 -0.191380 0.450402 0.050722 0.173930 -0.023257 -0.168783 -0.364037 0.210789 -0.504725 -0.173980 -0.071045 -0.141409 -0.103923 -0.238173 -0.006626 0.240309 0.070894 -0.097697 0.265595 -0.135649 0.058855 -0.706441 0.377060 0.184738 -0.026607 0.173816 0.411481 0.015500 -0.030064 0.078832 -0.452029 0.105604 0.284496 -0.689517 0.087293 
-0.263281 -0.143488 0.283179 0.111650 -0.153058 -0.118969 0.405304 -0.095413 0.339059 0.118943 0.344288 0.072811 -0.186491 -0.353723 0.032762 -0.494825 -0.288738 0.112098 -0.336960 -0.137267 -0.331503 0.117975 0.086323 -0.049884 -0.305917 0.198036 -0.449685 0.049134 -0.475467 0.584358 0.068269 0.096378 0.188583 0.562484 -0.151997 0.030606 0.088198 -0.611340 0.121722 0.335099 -0.592057 0.085449 
-0.550202 -0.235620 0.119453 0.108945 0.037480 0.141700 0.435352 -0.217029 0.344455 0.131347 0.371240 0.133582 -0.008817 -0.336274 0.182451 -0.425121 -0.062664 0.160539 -0.148538 -0.260843 -0.224144 0.123042 0.209396 0.007013 -0.163228 0.183475 -0.217930 -0.278577 -0.503882 0.732183 0.231690 0.177034 0.330916 0.188431 -0.222149 0.126447 -0.260874 -0.635480 0.176749 0.096761 -0.649592 0.154008 
-0.386609 -0.156898 0.286240 0.246479 0.175017 -0.075003 0.337589 -0.376463 0.317896 0.110556 0.030518 0.400918 0.109696 -0.200680 -0.109968 -0.136112 0.028527 0.148090 -0.268455 -0.027777 -0.072348 0.018502 0.380205 -0.053476 -0.232080 0.253934 -0.000620 -0.072822 -0.450672 0.815303 0.210751 0.181731 0.256104 0.232631 -0.069633 0.049288 -0.050795 -0.388387 0.128408 -0.066303 -0.599666 0.440417 
-0.235695 -0.270463 0.211977 0.260972 0.212665 -0.195634 0.207575 -0.487127 0.143105 0.102374 -0.062972 0.428441 -0.173918 -0.192466 0.079488 -0.325126 0.017844 0.074402 -0.323622 -0.113530 0.004110 0.089997 0.352226 0.052257 -0.082932 0.200668 -0.124614 -0.273174 -0.171766 0.769658 0.092342 0.488796 0.361966 0.057753 0.098642 -0.015723 -0.113933 -0.083847 -0.158439 0.222988 -0.646179 0.279179 
-0.122490 -0.387945 0.073621 0.149894 0.138361 -0.200334 0.457851 -0.043001 0.256494 0.304695 0.027776 0.319799 -0.364165 0.025626 -0.129433 -0.319756 -0.170839 0.029152 -0.413016 -0.444311 -0.275451 0.130700 0.484793 0.092756 -0.231839 0.309521 -0.060859 0.009787 -0.189731 0.730939 0.024282 0.585666 0.321550 -0.169516 0.118734 -0.106316 -0.016773 -0.183582 -0.321372 0.175094 -0.710380 0.392113 
0.018401 -0.349463 0.200871 0.018612 0.092934 -0.497291 0.574234 -0.004478 0.076126 0.086575 -0.127653 0.447916 -0.170026 -0.129500 -0.203349 -0.107126 -0.137560 -0.196998 -0.423268 -0.409612 -0.367375 0.132940 0.765257 -0.010034 -0.048719 0.133482 0.113177 -0.059807 -0.256687 0.679929 -0.103584 0.324434 0.272056 -0.280016 0.252796 0.091157 -0.043813 -0.248296 -0.506095 0.353761 -0.749934 0.226631 
-0.173688 -0.201703 0.135594 -0.083296 0.177290 -0.501551 0.253757 -0.114163 -0.032648 0.289170 -0.014167 0.341382 -0.128550 -0.243500 -0.005813 -0.360926 0.022394 -0.225573 -0.106771 -0.500609 -0.112163 0.280010 0.715973 0.033352 -0.374798 0.170620 0.075375 0.087320 -0.091000 0.897677 -0.105380 0.275773 0.173539 -0.358304 0.351713 0.068850 -0.059700 -0.283178 -0.550216 0.425960 -0.609520 0.400082 
-0.237693 0.118147 0.019115 0.117148 0.320017 -0.562263 0.346219 -0.157977 -0.433937 0.113447 0.052236 0.473508 -0.084007 -0.424691 -0.133995 -0.344183 0.201998 -0.152062 -0.279616 -0.716328 -0.366222 0.276599 0.734450 -0.090238 -0.135337 0.106684 0.168137 0.010955 0.033564 0.669987 -0.141909 0.426976 0.451945 -0.332419 0.476258 0.137444 -0.009117 -0.191216 -0.211045 0.003703 -0.723569 0.321806 
-0.340848 0.142170 -0.080719 -0.084552 0.279776 -0.332737 0.337804 -0.249442 -0.364571 0.203814 0.039359 0.476635 -0.052799 -0.385709 -0.115499 -0.429232 -0.095017 -0.082778 -0.247533 -0.488745 -0.070569 0.120937 0.432127 -0.162371 -0.351130 0.047078 0.056300 -0.178758 0.070989 0.635141 -0.017069 0.502479 0.486470 -0.575142 0.353720 0.391916 0.200953 -0.450454 -0.260949 -0.006767 -0.679954 0.527983 
-0.412025 0.362962 -0.248641 -0.065407 0.383902 -0.229794 0.020390 -0.124058 -0.364900 0.412109 0.131817 0.273947 0.254204 -0.568264 -0.065291 -0.370423 0.106269 0.325214 0.054262 -0.369140 0.065622 0.212324 0.215250 -0.040272 -0.325837 0.092970 0.082492 -0.305751 0.272920 0.912361 0.093114 0.488043 0.605758 -0.620504 0.313889 0.624949 0.153731 -0.231295 0.112351 -0.026134 -0.454337 0.532745 
-0.401900 0.289053 0.060429 0.019031 0.114905 -0.472609 -0.089997 0.183415 -0.283093 0.388216 0.211447 0.412125 0.448662 -0.768320 -0.137935 -0.432632 -0.186673 0.095886 -0.009608 -0.303632 0.100428 0.218365 0.491860 -0.283747 -0.409602 -0.034994 -0.131099 -0.387579 0.603731 0.692753 0.432440 0.278714 0.852988 -0.716798 0.298576 0.381164 0.036502 -0.193675 -0.205687 -0.113113 -0.580876 0.643097 
-0.629376 0.305124 0.021805 -0.158724 -0.113428 -0.693759 0.240089 0.483092 -0.208670 0.226727 0.220953 0.105378 0.393543 -0.895609 -0.122804 -0.327582 -0.339642 -0.060132 -0.277394 -0.322153 0.467000 0.168845 0.870603 -0.265981 -0.139823 0.056485 0.131048 -0.365280 0.769508 0.489804 0.735756 -0.140397 1.107379 -0.481647 0.088032 0.245001 -0.017071 -0.370894 -0.098835 0.267738 -0.566362 0.590023 
-0.688080 0.360091 0.393618 -0.446277 0.039687 -0.696911 0.350021 0.484539 -0.414360 0.287986 0.370630 0.223747 0.160285 -0.798315 -0.089118 -0.147385 -0.384478 -0.163190 -0.325530 -0.410802 0.524733 -0.024379 1.179813 -0.110507 -0.038928 0.048988 -0.049275 -0.223517 1.268164 0.268986 1.037849 -0.386548 1.633472 -0.466607 0.212392 0.237597 -0.434897 -0.217621 -0.254529 0.368286 -0.487796 0.257898 
