0.177844 0.159635 -0.995666 1.051065 0.527230 0.686411 0.614452 -0.366689 0.500639 -1.765906 -2.326501 -0.315491 0.224833 -0.177787 -0.206701 0.473935 
0.128091 -0.122042 0.237044 1.407446 0.400154 -0.007858 -0.147116 0.241759 -0.471699 0.252458 -1.204000 -0.042595 -0.067015 -0.539566 -3.216531 -1.364397 
-0.237229 0.356026 -0.063834 -0.130945 0.276546 0.918853 0.185969 0.123998 -0.159639 0.634389 0.289639 -0.481991 -0.618399 -0.273760 -0.689164 -0.921690 
0.056535 -1.482287 0.152602 -0.273185 -0.086903 -0.385354 0.327384 -0.363518 -0.685321 -0.112223 -0.381491 -3.973226 1.513165 -0.490355 0.495869 -1.460815 
0.733800 -0.674949 -0.035152 1.163151 1.102229 0.229731 0.059246 0.254456 -0.018538 -1.941360 -0.321527 -1.395861 -2.396433 0.348548 -3.949702 -1.069315 
0.757555 0.190985 -0.405049 -0.827489 0.674332 0.098651 0.676343 -1.416887 0.195635 -1.603117 0.604154 -0.018455 0.137744 -0.355672 0.315788 0.537885 
-1.178047 0.014313 0.160169 0.558147 1.018557 0.303326 -0.730879 -0.464680 -0.935225 -0.105370 0.506079 -4.515568 0.371000 0.262237 0.454949 -3.677573 
-0.994107 0.204503 1.006345 -0.295603 -0.526272 0.334715 0.017492 -0.050996 0.344294 -0.648874 1.248234 -0.152755 -1.260461 -0.029943 -0.562473 -0.641617 
0.184645 0.276559 0.212136 -2.084798 -2.115779 0.928048 0.381981 0.178333 -1.039059 -1.462760 0.014414 0.546002 0.201554 0.340565 -0.554320 -1.334422 
0.058115 0.394224 -0.725617 0.501283 -0.526967 0.102505 -0.384576 -0.518867 0.666584 1.075526 -0.442427 1.622373 0.476447 -1.250974 -0.902269 -0.163316 
-0.507573 -0.837074 0.471997 0.630042 0.088593 0.147339 -0.360520 0.608482 -1.791001 0.461094 -0.905819 0.821971 -1.302765 -0.312599 0.472864 -1.639861 
0.259311 -0.377968 -0.557103 -1.051351 1.094925 0.483141 0.160858 -0.087623 0.468337 0.387576 -0.109220 -0.123840 0.200377 0.459013 1.332875 0.142945 
0.456084 0.769877 0.419496 -1.654775 -0.796674 -0.455920 0.063134 0.376688 -0.851087 -0.178529 -1.355500 0.432739 0.207955 -2.120147 -0.728099 0.643972 
-1.413282 -0.014362 0.358177 0.385849 0.219598 -0.143771 -0.074794 0.581581 -0.857234 0.174076 -0.159117 -2.610916 -3.247722 0.375431 -0.376087 -1.952816 
0.058758 0.265697 0.152293 -0.738599 -0.167504 -2.558366 -1.511874 0.137484 0.526418 0.484615 0.357258 0.005548 0.210033 -0.359373 -0.533823 0.153832 
-0.047719 -0.733468 0.029736 -2.442539 0.469665 -0.467466 0.135750 0.308800 0.069109 1.049351 -0.394432 -1.886810 -0.990925 -0.748978 -0.067902 -0.569620 
0.411709 -1.215427 0.099035 -2.104729 0.884766 -0.673387 -0.291703 0.555431 0.332734 -0.336926 -0.229909 -0.845419 -1.086650 0.558692 0.057691 0.639540 
0.083027 0.248010 -0.035394 -0.174055 0.016967 -5.571262 -2.760865 0.167164 0.097133 -0.010091 -0.184926 0.515791 0.243318 -2.682012 0.300514 0.194830 
0.578595 -2.221554 -0.024106 1.015511 -0.061209 0.080520 0.638449 0.498087 -0.648030 -0.648745 0.191994 -0.365716 -0.775808 -0.461736 0.173586 -1.677596 
0.121551 -0.361457 -0.292463 -0.183114 -0.396413 0.485176 -0.046568 -0.587337 0.261009 0.301297 -0.171687 -0.068653 -0.177247 0.065392 -0.899296 0.205833 
-0.314089 1.139542 0.104858 0.014965 -1.927412 0.822627 1.205564 -0.420716 -0.465648 0.009306 0.496363 -0.108145 -1.599906 0.273939 -0.770454 -1.130115 
0.123594 -1.147735 -0.515558 0.764019 0.657662 -1.131630 -0.012972 0.177004 0.767531 -0.253821 -0.928348 0.817353 0.195130 0.563861 -0.993630 -1.248772 
-0.287506 -0.615961 -0.274776 -0.988986 2.528730 0.912942 -0.472294 -0.193093 0.199996 0.579339 -0.525639 -4.424282 -1.238357 0.118017 -0.528288 -5.789983 
-0.238856 1.183653 -0.626710 1.310903 -0.087087 -1.143859 0.331682 -0.520125 -3.938632 0.350686 -4.899418 0.518276 1.157499 0.170583 -0.386063 -0.651265 
0.141556 0.006022 0.026077 0.550401 0.256347 -0.855992 -0.360479 -0.003940 -1.081969 2.377050 0.461185 -0.704254 -3.489136 -0.736983 -2.106173 -0.190973 
-0.796289 0.784393 0.445543 0.100934 0.949619 -1.054350 -0.005539 -0.346451 -3.138420 -1.464503 -0.427660 -2.214801 1.038128 -0.126111 0.285504 -1.441085 
-0.992592 0.074902 0.110829 0.932744 -0.137036 -0.363693 0.220659 0.018136 -1.337939 -1.319248 0.196359 0.428321 0.929563 0.838295 0.075938 -0.374097 
-1.112415 -0.231656 0.822982 1.305186 0.922775 -0.239817 -1.910479 -0.108278 -0.374235 -0.288677 0.511932 -0.064973 0.552198 0.604216 -0.229532 -0.478973 
-0.256810 1.140166 -0.506652 0.398289 -1.612704 0.592087 -0.062264 -0.471014 -2.100339 1.240621 -0.358759 1.315682 -2.863887 0.489634 -1.085346 0.731423 
0.054987 0.239931 0.174641 0.743743 -2.064821 -0.089129 0.587971 0.288480 -1.402683 -1.407880 -0.096278 -2.216664 -0.418519 0.395682 -0.118080 -0.692294 
0.384872 -0.791434 0.116335 0.827795 -0.347901 0.054971 -0.282281 -0.412584 -1.674521 0.886765 0.222920 -1.368185 -1.773180 0.678848 -0.031985 -0.946376 
0.026498 -0.162902 -0.085918 0.790129 0.635524 -1.090925 0.864217 0.178470 -0.341895 0.012401 0.308049 -0.158623 -0.237404 -1.293132 -1.960515 -0.235984 
0.175575 -0.074426 -0.228251 -2.335204 -2.800690 0.701222 -0.512788 -0.492170 0.888282 0.978650 0.297876 -0.901016 0.016388 -0.095908 -0.011885 -2.214334 
-0.256996 0.521076 -0.865415 -2.540328 0.207200 1.115983 0.214002 0.487291 -0.300806 -0.741290 0.517941 0.875623 0.751226 -1.653375 -2.329438 -1.220768 
-0.126719 -0.138824 0.509775 -0.571177 -0.809953 -0.367103 -2.512356 0.263953 0.309689 -0.218444 -1.040401 0.161275 0.424156 0.117483 0.179359 0.060967 
0.271054 -0.271850 0.281624 0.179175 -2.013723 -0.211370 1.314542 -0.230411 -1.778857 -2.648175 0.079845 -0.140697 0.138577 1.023556 0.433242 -0.695447 
0.624213 0.736620 0.460135 -1.249746 -0.465353 -4.027492 -1.575883 0.587776 -8.244423 0.232040 0.282373 1.419820 -2.112601 -0.673109 0.047173 -0.298800 
-0.706006 -0.566759 0.514664 -0.551085 0.628624 -0.130782 -2.313263 0.604599 -1.552840 0.325305 -1.305341 -0.219983 0.413699 -0.910193 0.743518 0.077314 
0.724259 0.072019 0.266135 -1.910582 -1.042207 0.150231 -0.459769 0.518599 -0.487677 -0.547690 -1.157176 -0.235174 0.262928 0.453048 -1.433709 -0.431809 
-0.233723 0.055735 0.217897 0.047732 -0.454545 -0.410257 -0.326101 0.110512 0.943859 0.874408 -0.278905 -0.108667 -0.294394 1.062330 -0.287243 -0.073821 
0.505919 -0.441450 -0.116157 -1.837846 -1.432261 0.848451 -0.390194 -0.854433 -0.271326 -0.848402 -0.338578 -1.629104 -0.078473 0.854337 -3.718294 -3.052513 
0.732837 0.108796 -0.059270 -0.649696 -1.375134 0.860375 0.839778 0.160998 -0.269435 -1.188597 1.192752 -1.146203 -1.181693 -0.249951 1.210870 -0.950455 
