0.015604 0.521747 0.296170 0.147043 -0.037421 -0.085206 0.586780 -0.463636 -0.289046 -0.004996 -0.501981 0.059850 -1.166374 -0.994516 0.435431 -0.164322 -0.405894 0.122598 -0.878919 -0.248832 0.995408 0.258510 -0.897782 -0.186223 0.215371 -0.393585 0.021712 0.080975 0.080825 -0.632876 0.330940 -0.588124 2.519684 -0.091301 -0.564566 -0.293854 -0.590379 -0.496431 0.096459 0.153891 0.253504 -0.650625 0.604117 0.192455 
-0.230739 0.520690 0.270458 0.263408 0.033426 -0.140767 0.585357 -0.648398 0.035587 -0.078408 -0.506615 0.170938 -0.741564 -0.972612 0.417987 0.156087 0.013991 -0.106703 -0.561288 -0.261041 0.764687 0.364328 -1.007502 -0.336695 0.272684 -0.315603 0.067729 -0.137097 -0.282236 -0.419237 0.120746 -0.451712 2.119767 -0.146006 -0.373268 -0.496526 -0.565337 -0.163409 0.264384 0.247623 -0.052485 -0.568210 0.404946 0.242768 
-0.338265 0.640025 0.189730 0.039041 0.006702 -0.130791 0.241810 -0.375133 0.187933 -0.057636 -0.422377 -0.053805 -0.488666 -0.875695 0.396207 0.190005 0.047244 -0.071328 -0.496962 -0.248351 0.704971 -0.001194 -0.814283 -0.337981 0.260329 0.042479 0.020649 -0.298937 -0.308147 -0.257741 -0.065265 -0.283937 1.695159 -0.308526 -0.400482 -0.543692 -0.524749 0.274417 0.150277 0.451618 0.136237 -0.459670 0.056494 -0.004000 
-0.612470 0.389162 -0.053604 -0.074784 0.094855 -0.067790 0.181362 -0.433955 0.223443 -0.258567 -0.317965 0.032902 -0.363736 -0.674193 0.315034 0.240990 0.172444 -0.149971 -0.283030 -0.235500 0.421063 -0.024379 -0.753171 -0.268302 0.467664 -0.065284 -0.141230 -0.361645 -0.461386 -0.294680 -0.079838 -0.264056 1.618220 -0.146845 -0.524168 -0.424646 -0.395990 0.080951 0.128702 0.422804 0.184017 -0.468055 0.142479 -0.141554 
-0.576365 0.523352 0.106542 0.008548 -0.017218 -0.169340 0.254145 -0.424055 0.363129 -0.151157 -0.227421 -0.169717 -0.289201 -0.651298 0.178804 0.162935 -0.039337 -0.540416 -0.068418 -0.207578 0.367544 -0.087035 -0.530546 -0.109677 0.407255 0.064783 -0.174874 -0.397827 -0.402436 -0.477741 -0.219142 -0.377797 1.649551 -0.267471 -0.540097 -0.134297 -0.253025 0.196835 0.057958 0.391443 0.189471 -0.329847 0.189259 -0.150789 
-0.312822 0.707313 -0.120905 0.053778 0.167286 -0.007084 0.366618 -0.430524 -0.075113 -0.224803 0.033416 0.167296 -0.242082 -0.707540 0.360486 0.013940 -0.213311 -0.219667 -0.190635 -0.219978 0.031853 0.066029 -0.637618 -0.151797 0.229442 -0.066271 -0.034356 -0.434113 -0.162898 -0.504253 -0.225140 -0.381381 1.396297 -0.330573 -0.270626 -0.106136 -0.453351 0.004162 0.330180 0.156358 0.028329 -0.010755 0.280381 0.074616 
-0.464450 0.606634 -0.102208 -0.160135 0.255704 -0.265957 0.390456 -0.262407 0.042907 -0.214249 0.044746 0.361656 -0.195710 -0.508883 0.406374 -0.013596 -0.031164 -0.200298 -0.232200 -0.054458 0.002436 0.185723 -0.382689 -0.070089 0.255451 -0.076167 -0.232731 -0.457614 -0.089474 -0.502241 -0.180560 -0.175871 1.344205 -0.338137 -0.152804 -0.239202 -0.484859 0.185334 0.162678 0.122756 -0.119979 -0.063731 0.139396 -0.024063 
-0.246747 0.513771 0.024606 0.186233 0.141891 -0.246525 0.359936 -0.124956 0.238723 -0.149773 0.369459 0.304181 -0.108006 -0.541446 0.394187 -0.029871 0.184862 -0.070866 -0.298676 -0.247406 0.113001 0.195153 -0.311315 0.118106 0.393463 -0.326555 -0.277451 -0.545130 -0.146217 -0.311854 -0.203329 0.063629 0.972666 -0.260901 -0.128618 -0.152542 -0.615242 0.126375 0.041501 0.322399 -0.046852 0.127358 0.230635 0.031201 
-0.301879 0.595162 -0.290383 0.107712 0.266365 -0.144832 0.508059 -0.070661 0.188499 -0.297833 0.219669 0.588771 -0.136312 -0.410889 0.447980 -0.013345 0.074707 -0.148872 -0.378484 -0.060875 -0.161488 0.108888 -0.361793 -0.032582 0.068151 -0.221179 -0.224828 -0.510316 -0.001444 -0.350355 -0.132388 -0.116237 0.856065 -0.481838 -0.198054 0.096838 -0.418379 0.132091 0.008717 0.511432 -0.085522 0.064544 0.229917 0.101420 
-0.105368 0.648087 -0.199244 0.355394 0.383776 -0.202965 0.474864 -0.231343 -0.055027 -0.085921 0.320987 0.539324 -0.292706 -0.426008 0.193122 0.186277 0.112061 -0.120956 -0.094305 -0.143562 0.001902 0.090025 -0.329271 0.053292 0.277024 -0.312205 -0.279333 -0.574339 0.008203 -0.272377 -0.433768 0.042348 0.700044 -0.487507 0.038702 0.074149 -0.432540 0.169229 0.083194 0.337690 -0.062806 0.134607 0.249328 -0.085807 
-0.148142 0.569957 -0.061222 0.294711 0.476628 -0.057192 0.307046 -0.231913 -0.073451 -0.060548 0.185625 0.474339 -0.018097 -0.460953 0.287188 0.247762 -0.167402 -0.341313 -0.083467 -0.231116 -0.065150 0.020768 0.128124 -0.002415 0.256768 -0.235173 -0.276018 -0.469540 0.048349 -0.205691 -0.261356 0.021917 0.584388 -0.329650 0.079706 -0.030746 -0.297462 0.222386 0.250335 0.030586 -0.117304 0.197791 0.426059 -0.231422 
-0.134950 0.564065 -0.181668 0.099292 0.202484 -0.173486 0.146652 -0.291211 0.020810 -0.263871 0.147028 0.492107 -0.065649 -0.257171 0.260080 0.111629 0.076811 -0.353836 0.017942 0.028070 -0.041282 -0.051913 -0.038922 -0.187498 -0.041000 -0.210492 0.087940 -0.695891 -0.097310 -0.531059 0.030164 -0.126340 0.682037 -0.620084 -0.051752 -0.024547 -0.311389 -0.052206 0.135320 -0.130224 -0.044163 0.070984 0.437174 -0.430855 
-0.065002 0.465630 -0.226572 0.252048 0.166383 -0.158715 0.122680 -0.235479 0.078890 -0.151383 0.134074 0.443292 -0.048510 -0.341813 0.246824 0.196471 0.090012 -0.575074 0.223880 0.120158 0.137909 -0.123191 0.140592 -0.132229 0.033389 -0.136096 0.024364 -0.577159 0.005428 -0.221153 0.301970 0.013966 0.583201 -0.310997 0.350277 -0.243731 -0.408224 0.113901 0.043550 -0.144520 -0.180496 -0.056898 0.321485 -0.395764 
-0.020857 0.378357 -0.342843 0.089786 0.093978 -0.082481 0.119344 -0.384304 0.068299 0.002423 0.010277 0.351387 0.094865 -0.107779 0.117031 0.314069 -0.041752 -0.490262 0.340929 -0.034296 0.094855 -0.359516 0.045424 -0.189417 0.182578 -0.084916 -0.148749 -0.401506 -0.004552 -0.390038 0.374826 0.058814 0.610714 -0.191885 0.296399 -0.110650 -0.420643 -0.009930 0.302162 0.062863 0.030774 -0.068607 0.212720 -0.352344 
-0.004216 0.338944 -0.166920 -0.052618 0.088846 -0.102133 0.263585 -0.257404 -0.136737 -0.137470 -0.171340 0.355998 0.343850 -0.102085 0.126859 0.589608 -0.016024 -0.513497 0.278750 0.095898 0.172385 -0.353113 0.162004 -0.309692 -0.018964 -0.078634 -0.094268 -0.615721 -0.011120 -0.416625 0.125720 -0.054184 0.452136 -0.491737 0.041576 -0.226854 -0.193865 0.048367 0.202988 0.260891 0.110648 -0.060010 0.155234 -0.185450 
0.026710 0.307303 -0.328674 -0.146728 0.041057 -0.017664 0.031203 -0.138781 -0.062793 -0.141916 -0.130449 0.472218 0.246866 -0.143619 -0.100626 0.421539 -0.159692 -0.712632 0.250159 0.253542 0.213594 -0.347707 0.359012 -0.214866 0.225996 -0.030363 -0.114755 -0.697825 -0.217785 -0.462164 0.142911 -0.079330 0.247509 -0.302700 0.275864 -0.422608 -0.193745 0.202060 0.203241 -0.066763 0.137907 0.092089 0.169218 -0.350755 
-0.256850 0.332652 -0.298581 -0.116794 -0.152740 0.041135 0.158761 -0.104356 0.148687 -0.035505 -0.190935 0.333397 0.510633 0.050696 -0.213412 0.295518 -0.016066 -0.590244 0.472695 0.435737 0.038303 -0.276420 0.347333 -0.063771 -0.035404 0.274177 0.107647 -0.519728 -0.120119 -0.116689 0.139112 -0.159346 0.050887 -0.273758 0.268932 -0.280654 -0.152652 0.072029 0.303582 -0.011693 0.246252 0.124617 -0.151380 -0.517493 
-0.158698 0.073973 -0.219183 0.036714 -0.268134 0.216141 -0.239377 -0.034045 0.024097 -0.065884 -0.120138 0.373281 0.502933 0.270350 0.002937 -0.058652 0.111573 -0.527384 0.647272 0.187583 0.232695 -0.118262 0.418913 -0.175453 -0.146372 0.255304 0.142792 -0.382893 -0.136157 -0.392430 0.237530 -0.153359 0.212198 -0.153656 0.322100 -0.346904 -0.111058 0.149065 0.203613 -0.056304 0.402690 -0.044287 -0.123740 -0.348914 
-0.230258 -0.023003 -0.232435 -0.097397 -0.244047 0.256520 -0.459294 -0.261789 -0.024489 -0.091654 -0.063526 0.455145 0.661833 0.369619 -0.194556 0.164740 0.093523 -0.621786 0.494262 0.337589 -0.143930 -0.076784 0.483632 -0.274127 -0.011106 0.552722 0.105427 -0.201223 0.012461 -0.364668 0.070691 -0.007973 0.231642 -0.055109 0.577168 -0.110796 0.115557 -0.109095 0.255180 0.017406 0.247432 0.177541 0.121242 -0.499164 
-0.102543 0.205286 -0.237342 0.081939 -0.280548 0.247992 -0.750904 -0.203215 -0.058116 -0.097173 0.214699 0.575059 0.418096 0.323726 -0.105684 0.182891 0.191978 -0.544532 0.603680 0.255791 -0.041606 0.012384 0.294694 -0.209430 0.033760 0.301001 0.037440 -0.291151 -0.031568 -0.419414 0.025140 -0.102851 0.058226 0.297178 0.794905 0.097743 -0.102239 -0.253085 0.008066 -0.106660 0.096317 0.393596 0.026339 -0.320666 
0.017256 -0.032810 -0.184364 0.053485 -0.486020 0.481616 -0.778305 -0.178855 0.088707 -0.459989 -0.006505 0.569809 0.547069 0.433483 -0.197067 0.085645 0.086412 -0.718833 0.486401 0.215093 -0.183031 -0.120992 0.338739 -0.111292 0.048613 0.396851 -0.193070 -0.255886 -0.000772 -0.530100 0.053401 -0.118654 0.009963 0.420186 0.786985 -0.085720 0.147329 -0.237848 -0.071320 -0.011272 0.243227 0.084136 -0.265091 -0.394965 
-0.111491 -0.345114 -0.205397 -0.120049 -0.426533 0.286238 -0.912594 -0.258924 0.336976 -0.276396 0.114099 0.107406 0.479707 0.276889 -0.288684 0.059358 -0.084265 -0.721830 0.546929 0.219563 -0.120511 -0.472026 0.283161 -0.070079 -0.093305 0.389308 -0.238694 -0.309648 -0.057820 -0.288851 0.267363 -0.339885 -0.044674 0.252449 0.776592 0.321221 0.122972 -0.034793 -0.102211 -0.129696 0.015011 0.091969 -0.259092 -0.261020 
0.060264 -0.257791 -0.049929 0.056922 -0.612697 0.453869 -0.999856 -0.198926 0.347154 -0.307881 0.151061 0.092688 0.106390 0.481770 -0.351283 -0.085524 -0.088969 -0.639516 0.675344 0.141546 -0.360826 -0.215575 0.394920 0.151213 0.054800 0.302074 -0.371991 0.037702 0.010096 -0.344907 0.051127 0.015621 0.004273 0.127081 0.744276 0.203273 0.178418 -0.089545 0.006912 -0.392862 -0.248272 0.137136 -0.051629 -0.186038 
0.009740 -0.294521 -0.165085 -0.061351 -0.494997 0.448085 -0.896754 -0.222041 0.084882 -0.281351 0.093545 0.063976 0.182284 0.449443 -0.105133 0.144347 -0.133884 -0.566428 0.464467 0.038113 -0.269560 -0.299787 0.508924 0.153296 0.021901 0.259483 -0.348976 0.033994 -0.036108 -0.234426 0.267702 -0.008766 0.063651 -0.057877 0.789809 0.259725 -0.164577 0.073302 -0.319939 -0.265143 -0.269595 0.300730 -0.003908 -0.524103 
0.024951 -0.419112 -0.117412 -0.025711 -0.510569 0.554038 -1.061732 -0.143096 0.182067 -0.464736 0.312093 0.160102 0.372332 0.536720 -0.129127 0.110127 -0.044937 -0.733172 0.455836 -0.139386 -0.251245 -0.278139 0.441462 0.038886 0.066814 0.165500 -0.474796 -0.027406 -0.086648 -0.015319 0.258293 0.111453 -0.186949 0.262914 0.760622 0.258680 -0.262555 0.015122 -0.267808 -0.194003 -0.120617 0.053199 -0.133598 -0.463685 
-0.116726 -0.488030 -0.381894 -0.219221 -0.387965 0.608870 -0.866876 0.127348 0.499932 -0.445733 0.506586 0.327289 0.448288 0.447040 -0.010042 0.263270 0.028165 -0.670574 0.001617 -0.097323 0.156371 -0.428521 0.248531 0.255406 -0.123156 -0.036880 -0.225213 0.137626 -0.151055 -0.082555 0.047203 0.179318 0.034392 -0.059849 0.862783 0.079908 -0.408493 0.018656 -0.259503 -0.477595 -0.353123 0.085461 -0.202097 -0.616751 
0.049694 -0.377474 -0.055132 0.034383 -0.061828 0.668507 -0.799884 0.228218 0.294744 -0.270788 0.288595 0.260492 0.250853 0.494516 -0.257632 0.085394 0.068416 -0.525620 0.231448 0.118087 0.175893 -0.402380 0.315890 0.031275 -0.066954 -0.073267 -0.120310 -0.029169 -0.087629 -0.128612 0.101621 -0.075815 -0.157117 -0.058049 0.438792 -0.007914 0.005880 0.096938 -0.183317 -0.319979 -0.174417 0.077301 -0.370616 -0.588723 
-0.120979 -0.356830 -0.275948 0.165770 -0.264952 0.546075 -0.539048 0.220596 0.267902 -0.232157 0.396563 0.261106 0.489110 0.617073 -0.489003 -0.002176 0.127112 -0.324344 0.460463 0.116078 0.068899 -0.436670 0.482307 0.065354 -0.098975 -0.023498 -0.186138 0.204305 0.016693 0.059971 0.258115 0.114049 -0.009118 -0.051986 0.582337 -0.044565 -0.011929 0.047567 -0.174002 -0.222516 -0.147467 -0.067179 -0.204782 -0.330133 
0.045684 -0.269429 -0.026044 0.262138 -0.215101 0.315199 -0.490864 0.370436 0.383343 -0.270515 0.374645 0.067362 0.244255 0.631323 -0.633824 -0.298584 0.006639 -0.418407 0.247423 0.060828 0.416370 -0.341374 0.530571 0.008673 -0.186200 -0.003313 0.094108 0.019075 0.008423 -0.086668 0.213352 -0.052482 -0.089990 0.067352 0.676115 0.021529 0.357407 -0.211332 -0.279163 -0.275688 -0.159114 -0.042155 -0.212985 -0.371336 
-0.044687 -0.435791 -0.196482 0.018869 -0.087454 0.661855 -0.767093 0.130287 0.505838 -0.368598 0.221600 -0.171839 0.040966 0.628065 -0.439277 -0.033069 0.050388 -0.062829 0.309129 -0.039721 0.174154 -0.345044 0.452291 0.061486 -0.128976 0.287629 -0.080380 0.381792 -0.154729 0.229297 -0.185450 -0.062077 -0.050660 0.253432 0.691270 -0.067967 0.320860 -0.049355 -0.463282 -0.151428 0.129032 0.042268 -0.174378 -0.407873 
-0.181916 -0.536727 -0.150147 0.158641 -0.170687 0.691291 -0.864407 -0.030903 0.403767 -0.191122 0.067052 -0.124462 0.167974 0.777913 -0.484993 -0.209444 -0.037300 -0.223364 0.641630 -0.280650 0.040280 -0.510665 0.389561 0.037746 0.048563 0.408270 0.028974 0.349264 -0.367509 0.133237 -0.227548 -0.241628 -0.300079 0.008884 0.615043 -0.127247 0.114704 -0.073440 -0.582432 -0.344085 -0.050027 0.246160 -0.114306 -0.310320 
0.054987 -0.600443 0.034396 0.094233 -0.102293 0.793926 -0.876066 -0.098463 0.530735 -0.284783 -0.070005 -0.142982 0.040303 0.699838 -0.462081 -0.128399 -0.044422 -0.055852 0.659958 -0.300700 0.156980 -0.704191 0.485570 -0.002391 0.103441 0.155854 -0.119766 0.618929 -0.423852 -0.101158 -0.145836 -0.088211 -0.434479 0.201179 0.619844 -0.046861 0.191323 -0.195338 -0.549472 -0.160233 -0.336714 0.270598 -0.033199 -0.341718 
0.030281 -0.447923 0.208569 0.031135 -0.173972 0.584419 -0.825103 0.171671 0.378220 -0.024865 0.055480 -0.244594 0.027524 0.580870 -0.330165 -0.212928 -0.051750 0.131987 0.389989 -0.235117 0.201288 -0.646906 0.361830 -0.063422 0.128823 0.053060 -0.415608 0.667709 -0.287523 0.092583 -0.051435 -0.211754 -0.425789 0.309943 0.511046 -0.114521 -0.074472 0.094238 -0.565214 -0.231614 -0.148319 0.338267 0.058487 -0.442636 
0.019346 -0.564535 0.231497 0.212928 0.024567 0.680130 -0.801057 0.001067 0.431004 -0.234174 0.049375 -0.255752 0.046073 0.357729 -0.226926 -0.220947 -0.098565 0.320014 0.673026 -0.153447 -0.083295 -0.620613 0.356973 -0.080686 -0.141407 -0.058198 -0.134748 0.643856 -0.326230 -0.082107 -0.273175 -0.223453 -0.593327 0.133976 0.214632 0.056824 0.111291 0.222919 -0.169363 -0.208561 -0.258866 0.497357 0.263744 -0.447352 
0.066618 -0.303258 0.178028 0.307115 -0.033997 0.583002 -0.745057 0.308106 0.340946 -0.204718 0.001534 -0.476238 0.033674 0.394661 -0.253341 -0.308303 0.020764 0.352712 0.503134 -0.032416 0.095514 -0.674277 0.342489 -0.204991 -0.349054 -0.098049 -0.116695 0.602226 -0.196703 -0.070079 -0.343364 -0.164892 -0.670632 0.258067 0.267825 -0.285166 0.137795 0.075726 -0.112991 -0.242457 -0.219230 0.422768 0.403324 -0.407803 
0.005536 -0.421307 0.171839 0.409005 -0.101467 0.353277 -0.506660 0.120215 0.044939 -0.151457 0.083395 -0.722454 -0.019969 0.468460 -0.209663 -0.379382 -0.021928 0.413479 0.711879 -0.067369 -0.178507 -0.607473 0.055727 -0.052213 -0.457707 -0.030140 0.200071 0.613574 -0.158116 -0.133136 -0.148269 -0.251780 -0.640212 -0.073861 0.384783 -0.114871 0.139911 0.012894 -0.093345 -0.146770 0.011849 0.477351 0.592739 -0.515094 
-0.300423 -0.142877 0.298283 0.199284 0.071413 0.179080 -0.544831 0.122076 0.037343 -0.064254 0.021550 -0.846335 -0.221529 0.578549 -0.535996 -0.341463 0.239373 0.654466 0.876100 0.014735 0.365781 -0.300139 0.279880 -0.304231 -0.441833 0.040038 0.170980 0.535654 -0.126208 -0.198438 0.213277 -0.058247 -0.490944 -0.504977 0.342895 -0.271349 0.175782 -0.312790 0.138440 -0.091698 0.081108 0.564209 0.381882 -0.629818 
-0.213904 -0.143322 0.286207 0.265749 0.031542 0.354347 -0.724281 0.343789 0.264797 -0.052480 0.041274 -0.804875 -0.322106 0.706186 -0.465635 -0.383514 0.044648 0.449701 0.678609 -0.051966 0.286264 -0.267734 0.324767 -0.123099 -0.175021 -0.024070 0.161202 0.651679 -0.394913 -0.090473 0.431088 0.176318 -0.833739 -0.420180 0.095208 -0.120336 0.096418 -0.483542 0.195098 0.162697 0.128517 0.742631 0.561527 -0.399779 
-0.306024 -0.129135 0.376311 0.244071 -0.130622 0.419314 -0.597909 0.206940 0.061730 -0.019660 -0.189660 -1.089071 -0.428490 0.607630 -0.419416 -0.362742 0.174484 0.752575 0.689458 -0.113276 0.422424 -0.460708 0.464609 0.127332 -0.415463 -0.135421 0.513462 0.893551 -0.406336 -0.199932 0.067884 0.220549 -0.813321 -0.714436 -0.300937 -0.202790 0.347063 -0.085942 0.496225 0.249858 0.495537 0.510845 0.620031 -0.603052 
-0.237968 -0.154526 0.381965 0.189457 0.136720 0.363505 -0.333178 -0.013911 0.297196 0.043639 -0.433349 -1.296854 -0.396428 0.474935 -0.601937 -0.254476 0.035950 0.332525 0.458116 -0.173753 0.298235 -0.544350 0.419057 -0.103966 -0.240621 -0.335832 0.351973 0.974945 -0.428695 -0.350729 -0.015237 -0.152980 -0.761392 -0.562941 -0.421253 -0.106227 0.420052 -0.390977 0.603446 0.402236 0.391525 0.512780 0.694518 -0.183592 
-0.369878 0.014805 0.420372 -0.038834 0.049416 0.332875 -0.252674 0.049063 0.010062 -0.078482 -0.401551 -1.195992 -0.591496 0.317822 -0.581631 0.013200 0.064972 0.683430 0.303154 -0.055095 0.425906 -0.354118 0.539939 -0.023809 -0.072252 -0.185844 0.307633 0.698239 -0.434067 -0.331864 -0.524670 -0.188612 -0.803574 -0.415747 -0.496880 -0.096558 0.585156 -0.415256 0.727171 0.216770 0.425629 0.573058 0.984459 -0.284589 
-0.246064 0.094086 0.637347 0.007017 -0.062429 0.175370 -0.060554 -0.086267 0.051986 -0.077511 -0.464678 -1.105947 -0.612383 0.219419 -0.484156 -0.177454 0.040883 0.593940 0.324277 -0.096307 0.178840 -0.350893 0.281329 0.109304 -0.000125 -0.350152 0.460101 0.765302 -0.380694 -0.352927 -0.606065 -0.038712 -0.744689 -0.454432 -0.518445 -0.258385 0.539354 -0.717896 0.684960 0.413262 0.496606 0.601756 0.902167 -0.122187 
-0.602176 -0.197365 0.598016 0.203631 0.015158 0.220306 -0.046636 0.015565 0.026851 -0.040762 -0.736710 -1.052863 -0.428879 0.417662 -0.236050 -0.435368 -0.128551 0.434007 -0.096107 -0.072701 0.174112 -0.075147 0.137115 -0.295675 -0.226400 -0.081200 0.550312 0.776600 -0.237642 -0.140750 -0.076181 0.071366 -0.759575 -0.509236 -0.719943 -0.290385 0.346309 -0.489483 0.458058 0.317478 0.419563 0.538121 0.630882 -0.030704 
-0.434327 -0.153203 0.357858 0.121049 -0.050510 0.129249 0.017750 0.077917 0.168443 0.082704 -0.546021 -1.022972 -0.389547 0.456529 -0.149515 -0.828122 0.154311 0.543611 0.023370 -0.030143 0.168111 0.046126 0.331925 -0.340723 -0.116019 -0.051858 0.358151 0.707119 -0.065887 -0.083813 0.227685 0.250772 -0.663247 -0.343836 -0.838785 -0.255255 0.086283 -0.165759 0.350289 0.298719 0.237962 0.269146 0.595697 0.046950 
-0.484942 -0.165813 0.542148 0.107015 0.075214 0.119246 -0.260330 0.086670 -0.041020 0.249816 -0.285568 -0.881773 -0.331014 0.104992 -0.158700 -0.984603 0.130462 0.451644 -0.159296 -0.112219 -0.010102 -0.121716 0.187831 -0.205770 -0.182110 -0.195852 0.234868 0.414556 -0.170972 0.099388 0.255744 0.430228 -0.664943 -0.093428 -0.516927 -0.122967 0.004155 -0.305974 0.485827 0.273678 0.417807 0.136804 0.502796 -0.014131 
-0.207657 -0.150599 0.317616 0.034080 0.094722 0.160718 -0.144336 0.140758 -0.018601 -0.018371 -0.282287 -0.813087 -0.239679 0.288476 -0.210110 -0.827295 0.052762 0.453798 0.010994 -0.064545 0.057904 -0.016051 0.302412 -0.060892 -0.130082 -0.053029 0.238516 0.694965 0.095184 -0.024403 0.393465 0.427625 -0.971240 -0.065928 -0.730501 -0.357168 0.250554 -0.165675 0.284157 0.204516 0.445286 0.440248 0.403625 -0.037036 
-0.103613 -0.207502 0.288767 -0.117722 0.216388 0.180928 -0.064369 0.370360 0.079976 0.102030 0.065423 -0.695382 -0.431809 -0.074288 -0.169322 -0.567922 0.028492 0.334428 -0.025444 -0.132988 -0.114127 -0.119332 0.062391 -0.044789 -0.216615 -0.032865 0.383108 0.721265 0.115745 0.009177 0.216658 0.417088 -1.011821 -0.020042 -0.911791 -0.330456 0.511504 -0.313309 0.331306 0.153905 0.546377 0.060084 0.325829 0.052613 
0.230866 0.115265 0.247993 -0.059247 0.188553 0.088159 0.237400 0.346366 -0.102906 -0.232140 0.209588 -0.584175 -0.203578 0.089424 0.041714 -0.561630 0.042050 0.375290 0.097137 -0.205603 -0.008717 -0.175318 0.066533 0.227955 -0.171704 0.063644 0.605720 0.458731 0.223081 -0.109427 0.062327 0.151599 -0.849458 0.014091 -0.757756 -0.444086 0.542550 -0.364631 0.125136 0.381023 0.439371 0.078120 0.078283 0.061219 
0.194427 0.078332 0.174992 -0.010482 0.243406 0.171237 0.307842 0.345010 -0.356845 -0.306442 0.103767 -0.493390 -0.352830 -0.138700 -0.177024 -0.499744 0.007762 0.766264 0.168274 -0.455579 -0.039885 0.147644 -0.003885 0.029626 -0.130060 -0.185207 0.178192 0.611501 -0.032979 0.136418 0.028576 0.550740 -0.852292 0.056210 -0.741331 -0.459368 0.494552 -0.348016 -0.325398 0.385791 0.308012 -0.183787 -0.189380 0.031177 
0.091879 0.265231 0.183170 0.009908 0.430478 0.127506 0.546220 0.137639 -0.202938 -0.303977 0.132841 -0.560058 -0.300062 0.036349 -0.000425 -0.514924 0.070648 0.576476 0.212835 -0.317147 -0.267732 0.381983 -0.035922 0.034318 -0.054116 -0.150790 0.463975 0.491650 0.094555 0.490963 -0.001002 0.495178 -0.865833 0.211601 -0.595316 -0.520997 0.206268 -0.113098 -0.258653 0.131601 0.323183 -0.302704 -0.226397 0.550075 
0.134837 0.192600 0.101717 -0.014803 0.368297 -0.108808 0.442408 0.324362 -0.299486 -0.454838 0.154443 -0.256565 -0.486223 -0.077395 0.025511 -0.553436 0.098820 0.785996 -0.090255 -0.398324 -0.299956 0.543855 0.059998 -0.077635 -0.128178 -0.195153 0.266730 0.595512 0.115106 0.468801 0.005150 0.596725 -0.816559 0.069960 -0.581629 -0.250083 0.049687 -0.166521 -0.287356 0.309987 -0.190275 -0.202950 -0.359885 0.583284 
0.197808 0.404632 -0.007929 -0.023024 0.380269 -0.137595 0.645069 0.343913 -0.460303 -0.168437 0.105803 -0.000744 -0.534886 -0.309981 -0.189240 -0.413145 -0.024190 0.683101 -0.197622 -0.365308 -0.174724 0.780129 -0.095477 -0.031836 0.066766 -0.200448 0.095751 0.585325 0.252119 0.423810 -0.020149 0.725380 -0.930445 0.135180 -0.567256 -0.582150 0.074316 -0.282817 -0.172495 0.337035 -0.145520 -0.142152 -0.371143 0.615029 
0.099785 0.636789 0.139997 -0.025606 0.398759 -0.257326 0.647241 0.495416 -0.239832 -0.230873 0.252750 -0.003204 -0.167698 -0.127531 -0.186308 -0.581981 0.068144 0.759463 -0.230380 -0.319382 -0.511541 0.785573 0.082930 0.136218 -0.180320 -0.164667 -0.092599 0.578564 0.488617 0.757411 0.034571 0.716213 -0.807415 0.099761 -0.466861 -0.579627 -0.239756 -0.086952 -0.405696 -0.020987 -0.290759 -0.324024 -0.248655 0.536689 
0.161883 0.724921 0.195456 -0.040556 0.377593 -0.141635 0.741717 0.426652 -0.189824 -0.151884 0.366299 -0.109344 -0.088802 -0.035174 -0.182008 -0.478062 -0.011065 0.795607 -0.232315 -0.057757 -0.275489 1.091281 -0.051980 0.151667 -0.213089 -0.079016 -0.206421 0.495640 0.350528 0.793153 0.061269 0.753079 -0.840477 0.195674 -0.428410 -0.562587 -0.029145 -0.133017 -0.562744 -0.031712 -0.366152 -0.467029 -0.481536 0.658387 
0.167724 0.504940 -0.212425 -0.121760 0.425134 -0.170691 0.939401 0.279720 -0.473858 -0.319038 0.275497 -0.154336 -0.074628 0.041270 -0.191905 -0.230577 -0.012207 0.889988 -0.162331 -0.009848 -0.388116 0.959008 -0.165909 0.088118 -0.452414 0.080492 -0.077853 0.456845 0.359555 0.964667 -0.034338 0.645191 -0.638331 -0.001910 -0.305068 -0.840229 -0.174512 -0.125423 -0.369974 0.195319 -0.347026 -0.260947 -0.702509 0.456510 
0.114675 0.433356 -0.185040 0.033282 0.419506 -0.186423 0.736124 0.214511 -0.372902 -0.473324 0.384210 -0.039617 -0.170166 0.166505 -0.185106 -0.335008 -0.108864 0.841534 -0.067792 -0.003105 -0.561172 0.899333 -0.030056 0.321482 -0.325057 -0.023384 0.024116 0.551129 0.624201 0.864541 0.412610 0.664770 -0.400783 0.066077 -0.099309 -0.737830 0.161090 -0.061453 -0.475590 0.023326 -0.278279 -0.273864 -0.653589 0.441759 
0.303751 0.363452 -0.475638 0.094624 0.433002 -0.289199 0.576317 0.154897 -0.491749 -0.227944 0.008376 -0.126249 -0.202705 0.099082 0.067996 -0.331535 0.071816 0.674680 -0.267252 0.129021 -0.275284 0.919265 -0.097994 0.108912 -0.102975 -0.203224 0.217365 0.325617 0.361231 0.946109 0.268762 0.413483 -0.325789 -0.097688 -0.122027 -0.761553 0.140018 0.186069 -0.444133 0.261341 -0.153127 -0.228024 -0.499415 0.437321 
0.250857 0.143623 -0.213167 0.292466 0.157826 0.182835 0.536571 -0.672557 -0.626152 -0.386883 0.026152 -0.082133 -0.026619 -0.090126 0.216328 0.041486 0.278194 0.562013 0.007329 0.266232 -0.215045 0.745316 -0.096834 -0.145449 -0.048236 -0.124506 0.093507 0.421540 0.144525 0.967907 0.408774 -0.026383 -0.320604 -0.108784 0.151889 -0.405404 0.397482 0.289799 -0.214240 0.182981 0.014232 -0.091888 -0.444920 0.474607 
0.511351 -0.235596 -0.385867 0.160739 0.039697 0.891126 0.580758 -1.205065 -0.423718 -0.316655 -0.146145 -0.608727 -0.176762 -0.171543 0.583365 0.139449 0.064717 0.255626 0.206547 0.389262 -0.356008 0.727254 -0.153226 -0.104971 -0.068598 -0.228505 0.090321 0.307420 -0.203264 0.948299 0.125942 -0.275405 -0.333039 -0.254595 0.063074 -0.212034 0.429202 -0.092202 -0.511120 0.066468 0.215385 -0.032693 -0.356163 0.483555 
0.431233 -0.130139 -0.246905 0.149488 -0.051926 1.132289 0.776967 -1.431265 -0.777918 -0.424519 -0.131158 -0.596353 -0.189412 -0.008923 0.739426 -0.049117 0.131235 0.445126 0.248236 0.538142 -0.189257 0.739303 -0.067308 -0.150051 0.117398 -0.241075 0.141721 0.065970 -0.220904 1.069196 -0.055462 -0.268421 -0.148071 -0.356358 0.256440 0.045996 0.287342 -0.144265 -0.704903 0.162051 0.550370 0.048529 -0.431937 0.422419 
0.609826 -0.417351 -0.478974 0.393163 -0.137471 0.458726 0.549164 -0.928418 -0.750736 -0.175884 0.146738 -0.452390 -0.068442 0.057574 0.687729 -0.171300 0.015649 0.201223 0.407140 0.355700 -0.121538 0.628590 -0.150451 0.062581 0.185819 -0.295308 0.281874 0.028533 -0.301790 0.939157 -0.119428 -0.044574 -0.245894 -0.438634 0.146653 -0.235035 0.324262 -0.189969 -0.954138 0.058570 0.479910 -0.072216 -0.428516 0.402923 
0.445463 -0.490328 -0.403509 0.101160 -0.027698 0.219099 0.243305 -0.450084 -0.652331 -0.261586 -0.188713 -0.289661 0.061778 0.126954 0.699209 0.036078 0.100064 0.222595 0.331605 0.457001 0.027570 0.373063 -0.080709 0.199564 0.289307 -0.322856 0.463501 0.145649 -0.348568 0.804065 -0.175982 0.028967 -0.391266 -0.258904 0.120092 -0.527781 0.456184 -0.141837 -1.133650 0.265534 0.784943 0.135968 -0.405819 0.564146 
0.340989 -0.718562 -0.109294 -0.060485 -0.157518 0.101747 0.283206 0.013815 -0.606351 -0.290089 -0.029479 0.020278 0.136952 0.138047 0.577346 0.096308 -0.072557 0.332274 0.095899 0.191008 0.020325 0.347154 -0.091390 0.824357 0.414686 -0.111920 0.358305 0.217482 -0.115250 0.768207 -0.194672 0.005737 -0.467243 -0.194107 0.459159 -0.656948 0.572500 -0.196637 -0.976888 0.286876 0.687980 -0.062707 -0.512713 0.537281 
0.163060 -0.673876 -0.166756 -0.471939 -0.361105 0.443168 0.174105 0.043957 -0.417772 -0.183400 -0.283335 0.087945 0.136884 0.160993 0.859446 0.431007 -0.113185 0.179491 -0.021200 -0.063803 -0.037483 0.359945 -0.146480 0.975212 0.471853 -0.447901 0.300776 -0.001099 -0.104410 0.497079 -0.456812 -0.229042 -0.619621 -0.347397 0.169474 -0.470008 0.382869 -0.194858 -0.742392 0.218708 0.263173 -0.058170 -0.577870 0.363924 
-0.059581 -0.577136 0.068816 -0.413219 -0.393041 0.539951 0.107786 -0.068561 -0.436767 0.026948 -0.153047 0.105751 0.047058 0.041613 0.689042 0.556898 0.068707 0.203127 -0.041410 -0.147591 0.064723 0.324278 -0.257989 0.986258 0.127081 -0.404252 0.176421 -0.008833 0.022894 0.740512 -0.161801 -0.190185 -0.504364 -0.266851 0.152318 -0.261000 0.415929 -0.206022 -0.353090 0.243082 -0.069505 -0.124570 -0.591038 0.231716 
-0.296199 -0.591668 -0.217019 -0.367017 -0.164215 0.385837 0.100820 0.117854 -0.550343 0.044929 -0.350397 0.140918 -0.019412 -0.224089 0.684421 0.509401 -0.124513 -0.030635 -0.133330 -0.413706 0.339009 0.432611 -0.242558 0.472860 0.125318 -0.396427 0.120213 -0.020313 -0.035214 0.569557 -0.173923 -0.469343 -0.689952 -0.492081 -0.100368 0.404316 0.205942 -0.064030 -0.196923 0.060482 -0.103440 0.078761 -0.787844 0.342009 
-0.394787 -0.460486 -0.097016 -0.312112 -0.135811 0.175938 0.118773 0.171587 -0.295097 0.259532 -0.433098 0.073029 -0.255280 -0.192685 0.753359 0.590866 -0.055629 -0.160081 -0.234740 -0.580979 0.311346 0.536538 -0.397559 0.363220 0.243682 0.005851 0.402270 -0.277613 -0.288744 0.495704 0.071621 -0.244509 -0.614747 -0.169922 -0.201848 0.352144 0.170761 -0.000853 0.038246 -0.148198 -0.154151 0.129205 -0.748456 0.308649 
-0.678093 -0.435810 -0.136656 -0.415483 -0.418994 0.221411 0.276964 0.340970 -0.194576 0.505333 -0.124430 0.206300 -0.064542 -0.201668 0.652582 0.356878 -0.098593 0.017034 -0.301593 -0.556733 0.448261 0.484646 -0.135422 0.331621 0.116780 0.064984 0.288992 -0.125264 -0.154029 0.584977 0.103735 -0.351872 -0.245560 0.278920 -0.561669 0.294949 0.347007 0.201959 0.051081 -0.268279 -0.352892 -0.094107 -0.442206 0.620415 
-0.470837 -0.490324 -0.422813 -0.238532 -0.090723 0.228742 0.304313 0.198994 -0.143895 0.534501 -0.336264 0.333712 -0.052768 -0.075514 0.552231 0.341497 -0.162492 -0.290901 -0.820855 -0.093464 0.680342 0.208526 -0.031502 -0.202016 0.142198 0.245184 -0.038742 -0.111647 -0.179203 0.797307 0.315578 -0.272532 -0.179184 0.584021 -0.761206 0.411885 0.302417 0.290310 0.221124 -0.152464 -0.308168 -0.142730 -0.524388 0.520450 
-0.322819 -0.389873 -0.265307 -0.019338 0.047751 -0.175465 0.512895 0.098360 0.133678 0.369763 -0.086377 0.344766 0.434688 -0.483463 0.148469 0.430686 -0.229850 -0.305909 -0.950675 0.235751 0.755815 0.177383 0.166907 -0.545168 0.182938 0.446696 0.169095 -0.155347 -0.305058 0.799990 0.510442 -0.197690 -0.015082 0.686717 -0.805336 0.642405 0.555233 -0.003103 0.397376 -0.364060 -0.283998 -0.126701 -0.463016 0.605156 
-0.208056 -0.437646 -0.082822 0.106151 0.211488 -0.079016 0.778860 0.120983 0.265071 0.616871 -0.063551 0.107290 0.603650 -0.273431 0.115887 0.621195 -0.338174 -0.256007 -0.898728 0.167182 0.430816 0.071825 0.115662 -0.218922 -0.171810 0.664414 0.028453 0.123713 -0.154193 0.746795 0.160501 -0.301881 0.220230 0.679802 -1.315966 0.647025 0.846214 0.284135 0.343784 0.014939 -0.214905 -0.181580 -0.520570 0.648113 
-0.268248 -0.291562 0.043055 0.204508 0.365115 -0.386594 0.494979 0.076232 0.386039 0.780261 0.317184 -0.056617 1.039263 -0.244676 0.044471 0.320302 -0.343399 -0.548519 -0.851647 -0.042013 0.619358 0.006709 0.327936 0.021237 -0.007747 1.065330 0.072973 0.124985 0.193111 0.639500 0.111802 -0.381017 0.151968 0.513018 -1.608716 0.224151 0.722657 0.214437 0.240403 -0.289188 -0.140895 -0.168464 -0.238180 0.436738 
-0.276346 -0.427954 0.206254 0.381376 0.328255 -0.235712 0.137488 0.111662 0.541946 0.614371 0.478761 0.023122 1.149254 -0.177601 0.224354 0.352761 -0.301664 -0.620810 -0.780781 0.100869 0.669571 -0.152801 0.432238 0.787264 0.280782 1.004340 0.199673 -0.023000 0.334978 0.462135 0.137367 -0.058590 0.226605 0.619947 -1.736532 0.165736 0.917511 0.427083 -0.032559 0.062740 -0.173115 -0.292031 -0.271502 0.611732 
0.062007 -0.396144 0.211549 0.366112 0.122394 -0.298888 -0.055065 0.002144 0.457523 0.447775 0.652662 -0.121756 0.847439 -0.182506 0.279764 0.083383 -0.273131 -0.250671 -0.834147 0.096344 0.682508 -0.227273 0.226322 0.936073 0.268666 1.089830 -0.029822 0.040575 0.484681 -0.022650 0.188642 -0.274807 0.111203 0.495290 -1.211039 0.134151 1.052306 0.436328 -0.308172 0.060194 -0.057221 -0.038634 -0.118506 0.760580 
0.066157 -0.562502 0.335171 0.717361 -0.282957 -0.600898 -0.238163 -0.285579 0.488115 0.080953 0.654562 0.035157 0.796722 -0.259170 0.625595 -0.245270 -0.136849 -0.029608 -0.847016 0.260447 0.674265 -0.251073 0.279600 0.964225 0.604851 0.827068 0.111065 0.183393 0.322036 -0.417389 -0.088349 -0.200696 0.210563 0.543698 -0.536345 0.136798 0.787334 0.370779 -0.271275 0.199526 0.111627 0.385366 0.212279 0.803112 
0.205809 -0.451832 0.198144 0.813180 0.224966 -0.521738 -0.217888 -0.116737 0.393440 0.103010 0.443561 -0.032949 0.684740 -0.256216 0.699431 -0.074341 -0.577183 -0.112553 -0.880437 0.198122 0.587866 -0.250338 0.183289 0.992080 0.685792 0.502078 0.017648 0.127263 0.334425 -0.775898 0.011193 -0.210918 0.208886 0.469205 -0.051062 -0.154253 0.708733 0.428521 -0.442427 0.384150 0.199880 0.560427 0.288747 0.735063 
0.426123 -0.412524 0.214694 0.925020 0.080969 -0.790935 -0.355257 0.074265 0.395202 0.146336 0.297668 0.208966 0.872941 -0.431553 0.398815 -0.288614 -0.757179 -0.030767 -0.827544 -0.272165 0.492124 0.048711 0.112426 0.992782 0.380566 0.350220 -0.089556 0.171516 0.123964 -1.037680 0.148218 -0.074897 -0.055511 0.690023 0.474253 -0.006120 0.517080 0.143806 -0.518950 0.358478 -0.075034 0.610889 0.341565 0.705741 
0.693920 -0.534561 0.055220 0.955413 -0.254832 -0.970249 -0.031674 -0.036959 -0.075856 0.310446 0.104932 0.461878 1.139194 -0.747806 0.531208 -0.265791 -0.716403 -0.050971 -0.628564 -0.402388 0.253210 0.011586 -0.542727 0.927932 0.366364 0.202747 -0.059676 0.014699 0.362282 -0.852097 0.370297 -0.207042 -0.252575 0.533891 0.624056 0.073534 0.261567 0.485174 -0.673020 -0.169194 -0.067136 0.722102 0.316883 0.470947 
0.755981 -0.711075 -0.195679 0.728746 -0.691911 -1.285997 0.508987 -0.326548 -0.137674 0.300509 0.010248 0.425923 1.169784 -0.768238 0.550718 -0.303268 -0.582403 -0.149063 -0.692699 -0.698711 -0.149885 -0.155710 -0.783904 0.448945 0.169015 0.093917 -0.123528 -0.287677 0.401210 -0.742376 0.411570 -0.583245 -0.225989 0.282689 1.068934 -0.090154 -0.487872 0.655450 -0.824332 -0.342797 -0.056351 0.569004 0.177068 0.351803 
0.791410 -0.715533 -0.272419 0.843447 -0.907811 -1.262637 0.570657 -0.542486 0.200369 0.291591 -0.411524 0.259129 1.241939 -0.717306 0.138544 -0.261980 -0.709778 -0.153786 -0.260766 -0.646282 -0.294597 -0.304763 -0.845758 -0.075511 -0.088688 0.034652 0.211414 -0.222195 0.318639 -0.294910 0.702090 -0.693665 -0.540915 0.233636 0.940114 0.266551 -0.783096 0.752203 -0.851207 -0.840536 0.416654 0.680014 0.171204 0.267645 
0.663607 -0.939125 -0.484193 0.846091 -0.713838 -1.424331 0.527025 -0.977519 0.270049 0.434962 -0.772507 -0.218846 1.024633 -0.448649 -0.266341 0.160047 -0.504234 -0.334647 0.061304 -0.429020 -0.250190 -0.308394 -0.668069 -0.662347 -0.293026 0.139461 0.070167 -0.211171 0.249479 0.123952 0.746959 -0.650915 -0.329632 -0.107567 0.703087 0.135923 -1.231506 0.728356 -0.498223 -1.040484 0.436936 0.414855 -0.102068 0.145705 
0.148358 -0.750373 -0.793767 0.758257 -0.621296 -1.217566 0.460711 -0.675867 -0.136146 0.480278 -1.108633 -0.154487 0.722198 -0.251019 -0.456420 0.346798 -0.313999 -0.036811 0.330346 -0.576747 -0.192665 0.111454 -0.352880 -0.943764 -0.237146 0.577542 -0.069193 -0.218178 0.384558 0.133684 0.589403 -0.920441 -0.064897 -0.596353 0.140744 0.412231 -1.094904 0.072412 -0.125923 -1.067161 0.331067 0.624361 0.094508 -0.052104 
-0.308506 -0.395034 -0.885578 0.439893 -0.432065 -0.491032 -0.264851 -0.397004 -0.286409 0.319851 -0.985844 -0.074838 0.294625 0.142725 -0.310045 0.627626 -0.193486 0.271975 0.036913 -0.744130 -0.002167 0.654206 -0.483448 -0.658474 -0.077983 0.491398 0.173333 0.062389 0.401157 -0.470545 0.248877 -0.960336 -0.142826 -0.938311 0.005267 0.222855 -1.038558 -0.410946 0.105551 -0.934341 -0.035772 0.452367 -0.139598 -0.126546 
-0.451334 0.244418 -0.681667 -0.406396 -0.334150 -0.081030 -1.122775 -0.153407 -0.413169 0.116272 -0.673795 0.111656 -0.157774 0.150956 0.041046 0.768160 0.266394 0.536550 0.122819 -0.735972 0.026597 0.455283 -0.696525 -0.012637 0.120503 0.246986 -0.093824 -0.325565 0.610488 -0.950188 0.002615 -0.967603 0.143220 -1.103744 0.267397 0.172789 -0.483035 -0.479899 0.189782 -0.886405 -0.708520 0.356732 -0.414767 0.138234 
-0.313979 0.353357 -0.651428 -0.550651 -0.123388 0.336758 -1.152028 0.432166 -0.284231 -0.091320 -0.340940 0.051260 -0.463760 0.444336 0.422749 0.789072 0.480723 0.596235 -0.183958 -0.509811 0.194651 0.564201 -0.521787 0.234240 0.217085 0.189296 -0.291567 -0.255107 0.396453 -1.003758 -0.287616 -0.664656 0.372352 -0.908742 0.416278 -0.081505 -0.030968 -0.503737 -0.041762 -0.337854 -0.388079 0.065725 -0.547653 0.092696 
0.083153 0.192502 -0.436229 -0.915681 -0.063852 -0.076587 -0.884085 0.669800 0.093088 -0.235032 0.167418 0.022398 -0.589090 0.225767 0.381406 0.673242 0.755947 0.427103 -0.238190 -0.622613 0.126060 0.170268 0.158834 -0.213781 0.126559 0.031496 -0.446516 -0.028332 0.223900 -0.412299 -0.598401 -0.196468 0.244437 -0.132453 0.269374 -0.243552 -0.076755 -0.188600 -0.225068 -0.182690 -0.357917 0.144990 -0.498703 0.377216 
0.382506 -0.064561 -0.193590 -0.717457 -0.125521 -0.263079 -0.229997 0.231565 0.357934 0.145210 0.415420 -0.136044 -0.644257 0.118722 0.157745 0.519105 1.011310 0.189460 -0.117015 -0.164790 0.130967 0.141506 0.466296 -0.619000 0.271032 0.109651 -0.049194 -0.324453 0.082803 0.289905 -0.465153 0.200426 0.055346 0.118699 0.570561 -0.425584 -0.201210 0.259798 -0.389839 -0.087893 0.320567 0.029896 -0.130964 0.340669 
0.402475 -0.357189 -0.209102 -0.519542 0.212725 -0.268681 0.059440 -0.305712 0.828734 0.385627 0.123234 -0.262839 -0.549487 -0.046071 0.110236 -0.045672 1.221271 0.240761 0.199501 0.574890 0.333575 0.073019 0.620751 -1.175419 0.128291 0.064225 0.289452 -0.094693 0.273010 0.590526 -0.264601 0.636884 0.238723 0.363078 0.500624 -0.637578 0.083180 0.665553 -0.476397 0.141963 0.354509 0.201665 0.199717 0.446547 
0.232414 -0.223833 -0.233846 -0.997720 0.170915 -0.227517 0.536032 -0.697605 0.900771 0.199759 0.210815 -0.250620 -0.402890 0.027992 0.163661 -0.206029 1.242772 0.164767 0.177669 0.731115 0.227776 0.199710 0.445767 -1.077925 0.099135 -0.061279 0.232966 -0.055207 -0.148141 0.724001 0.325309 0.812898 0.048894 0.755851 0.390868 -0.441458 0.360093 0.838524 -0.147803 0.605799 -0.113427 0.096831 0.273997 -0.180417 
0.338656 0.433204 0.291698 -1.407426 -0.133821 0.406226 0.653982 -0.859420 0.997278 0.289424 0.724795 -0.249959 -0.313038 0.100128 0.192337 -0.209930 0.968099 -0.150332 0.312572 0.173906 -0.076474 -0.003407 0.408255 0.179763 -0.118690 0.048200 0.148012 -0.390258 -0.166379 0.699712 0.371012 0.558043 -0.031032 0.380421 -0.028590 -0.567558 0.707483 0.742941 -0.024347 0.714637 -0.406383 -0.427966 0.007906 -0.528605 
0.442041 0.864591 0.460834 -1.636389 -0.233627 0.457198 0.427333 -0.681557 0.902967 0.315479 1.269295 0.109257 -0.286499 -0.024483 0.025254 -0.313228 0.947352 0.060997 -0.008797 -0.600939 -0.167058 -0.142334 0.202267 0.857118 -0.108431 -0.021750 0.062548 -0.406446 -0.202577 0.285232 0.281673 0.203566 -0.089083 0.186476 -0.271801 -0.452525 0.784217 0.431903 0.268087 0.881798 -0.561565 -0.608529 0.207817 -0.875851 
0.619529 0.310021 1.049687 -1.741622 0.075771 -0.123906 0.335826 -0.415170 0.557538 0.457714 1.143680 0.382739 0.037611 0.030561 -0.346116 -0.303314 1.006101 0.211775 0.389146 -0.730057 -0.101625 0.134485 -0.238174 0.490980 -0.188427 0.412054 -0.237286 -0.394264 0.006474 -0.399728 0.130746 -0.118200 -0.041760 -0.219820 -0.305408 -0.254484 0.880537 0.042631 0.456282 0.693096 -0.360456 -0.489976 0.098302 -0.840404 
0.728517 -0.064099 0.790881 -1.600908 0.111873 -0.546858 0.002292 -0.433737 0.329448 0.495610 1.311231 0.439225 0.108810 -0.030834 -0.635484 -0.469062 0.670941 0.200857 0.592639 -0.664600 -0.231944 0.271618 -0.319274 -0.198883 -0.314556 0.379976 -0.013809 0.174337 0.384861 -0.691868 0.155456 -0.473527 0.226924 -0.625037 -0.449086 0.142647 0.575027 0.098769 0.481870 0.125373 0.083098 -0.503352 0.133987 -0.739036 
0.704599 -0.312016 0.715686 -1.332633 0.428674 -0.369735 0.087371 -0.444406 -0.121678 0.320126 1.042330 0.276853 0.084384 -0.088389 -0.944432 -0.313180 0.316088 -0.175412 0.574332 -0.337069 0.071343 0.229351 -0.488815 -0.553873 -0.571689 0.458119 0.259474 0.600678 0.560398 -0.340887 0.133854 -0.277957 0.170772 -0.808613 -0.283914 0.152238 0.494529 0.223365 0.297322 0.217626 0.644709 -0.419803 -0.023935 -0.084583 
0.094391 -0.038538 0.447260 -0.584151 0.161308 0.018526 0.088402 -0.308396 -0.308733 0.186406 0.926730 0.374567 -0.198641 0.378050 -0.759327 -0.066058 0.436502 -0.188853 0.179282 -0.258716 0.089874 0.170646 -0.272044 -0.524140 -0.672918 0.381198 0.384838 0.845157 0.576270 -0.041568 0.178489 0.585418 -0.000046 -0.659374 0.069967 -0.288219 0.192586 0.200945 0.162356 0.212127 0.550857 -0.036770 -0.142151 0.119600 
-0.280720 -0.122315 -0.087263 -0.281766 0.365495 0.284366 0.010253 -0.151313 -0.487982 0.277730 0.716800 0.191044 -0.274236 0.980244 -0.704237 0.513988 0.745834 -0.109918 -0.521760 -0.181391 0.317435 0.314353 -0.029899 -0.159122 -0.332919 0.123434 0.365324 1.177066 0.270378 0.240323 0.058463 0.727736 0.184909 -0.071920 0.608753 -0.465969 -0.456573 0.355801 0.295694 0.638480 0.026196 0.259839 -0.552163 -0.005670 
-0.391801 -0.286446 -0.149659 0.048058 0.066802 0.204812 -0.409977 -0.224650 -0.516354 0.585153 0.710785 -0.046509 0.041941 0.500042 -0.057437 1.045060 0.594328 -0.343216 -0.755741 0.016681 0.298612 -0.150712 0.076994 -0.110227 -0.420602 -0.003898 -0.172636 0.803393 0.156337 0.290755 -0.290229 0.210316 0.053119 0.144397 0.879502 -0.239716 -1.207931 0.781890 -0.098638 0.160564 -0.406964 1.119764 -0.373003 -0.332164 
-0.979308 0.006655 0.454283 0.149448 -0.442306 -0.063553 -0.352774 -0.402516 -0.238417 0.835704 0.060935 -0.566239 0.308042 0.273416 0.576103 0.665107 0.316307 -0.681828 -0.768658 -0.175634 -0.208777 -0.370373 -0.259420 -0.039464 0.233373 -0.034219 -0.575264 0.200623 0.522469 0.270416 -0.940557 -0.150952 -0.103463 1.025298 0.351545 0.024163 -1.340361 0.786332 -0.783250 -0.509213 -0.447301 0.980274 0.348690 -0.102408 
-0.919713 0.362762 0.519753 -0.432264 -0.812749 -0.535626 -0.590445 -0.103505 0.183586 1.170369 -0.529880 -0.291037 0.384292 -0.104253 1.208984 0.546521 -0.325491 -0.434805 -0.321642 0.331024 -0.216384 -0.008882 0.119804 0.173605 0.293664 -0.343115 -0.567011 -0.355124 0.604866 0.318961 -0.937727 0.370584 -0.047607 0.814780 -0.328443 -0.459743 -1.194607 0.376500 -0.903413 -0.409400 -0.870536 0.395014 0.914196 -0.172145 
-0.797978 0.393781 0.767425 -0.804261 -0.977548 -0.622944 -0.336324 -0.248168 0.385697 1.385413 -0.685509 -0.279691 0.113414 -0.517307 1.125362 -0.229509 -0.772511 -0.416034 0.097364 0.432390 -0.189899 -0.136064 -0.084517 0.202081 0.583047 -0.724536 -0.215663 -0.560970 0.106457 0.108002 -0.665444 0.052565 -0.027054 0.772090 -0.194836 -0.363250 -0.504252 0.136883 -0.753859 -0.671512 -0.659989 0.141493 0.950814 -0.444514 
-0.282349 0.238541 0.568229 -1.068523 -0.840471 -0.785971 -0.178029 -0.249979 0.486545 1.339843 -0.787493 -0.878712 0.005731 -0.821033 0.665319 -0.302827 -1.080772 -0.122994 0.186282 0.742736 -0.182452 -0.073014 -0.185905 0.166087 0.477353 -0.933736 0.092417 -0.580003 -0.033052 -0.034410 0.007717 -0.581105 0.368338 0.005538 0.122970 -0.219551 -0.131824 -0.107147 -0.331967 -0.218885 0.083820 -0.054767 0.953769 -0.674784 
0.269535 0.438885 0.271557 -0.801398 -0.942968 -0.632591 0.004732 -0.030671 0.306886 1.314435 -0.737040 -0.834848 0.031120 -0.656376 0.441527 -0.364605 -0.820088 0.040279 0.413263 0.945607 0.141860 -0.181629 -0.060387 -0.169761 0.421846 -0.892325 0.286830 -0.506540 -0.322913 -0.154076 0.644454 -0.922968 0.353932 -0.300076 0.220335 -0.212250 0.523708 -0.055343 0.167297 -0.048553 0.524078 -0.193919 0.762674 -0.639232 
0.438727 0.595077 0.047546 -0.699005 -0.349744 -0.533715 0.078550 -0.360141 0.028717 1.029600 -0.835046 -0.685288 -0.003588 -0.437011 0.003041 -0.231837 -0.594659 0.407381 0.211625 0.611901 0.059116 -0.234168 -0.004868 -0.741037 0.005173 -0.993580 0.209237 -0.298196 -0.165959 0.038215 0.970496 -0.777552 0.452408 -0.436723 0.154486 0.278045 0.575733 -0.151425 0.334061 0.346500 0.652279 -0.275139 0.189426 -0.946073 
0.661323 0.599458 0.125439 -0.436712 -0.324343 -0.554599 0.067205 -0.518519 -0.066313 0.681035 -0.659053 -0.718063 0.110819 -0.432139 -0.490005 0.169211 -0.558122 0.903534 0.168594 0.382847 -0.083353 -0.144053 0.097781 -0.876667 -0.622033 -0.680546 0.056649 -0.097123 -0.181972 0.082733 1.157410 -0.750673 0.051427 -0.121037 0.102951 0.138787 0.641775 -0.137930 0.482582 0.711646 0.517171 -0.187665 -0.127857 -0.799534 
0.426721 0.774513 0.043088 -0.346372 -0.019190 -0.295516 -0.030584 -0.331485 -0.214947 0.330939 -0.344777 -0.464975 0.167880 -0.420329 -0.814490 0.490647 -0.505276 0.972873 0.190811 -0.065058 -0.057752 -0.064188 -0.051544 -1.216152 -1.035272 -0.775708 -0.095391 -0.012019 -0.044260 0.226934 0.848553 -0.678740 0.215626 0.198845 0.378682 -0.106437 0.555621 -0.260560 0.441298 0.865122 0.143891 -0.125554 -0.328691 -1.004828 
0.562438 0.587176 0.383114 -0.017998 0.002504 -0.040581 0.090316 -0.159690 -0.340048 -0.144477 0.024279 -0.163133 0.262811 -0.680435 -0.730912 0.670817 -0.310089 0.841917 -0.132872 -0.274598 -0.006148 -0.345123 -0.022566 -0.896443 -1.137657 -0.510705 -0.401583 0.238093 -0.064064 0.133656 0.826302 -0.693227 0.111083 0.587257 0.496564 -0.088001 0.249334 0.182859 0.283559 0.786643 0.394647 -0.121730 -0.492510 -0.872019 
0.551384 0.390860 0.350766 -0.091110 -0.081397 0.136781 0.038218 -0.003906 -0.334599 -0.433939 -0.055481 0.112627 0.150909 -0.469886 -0.830342 0.525062 -0.309792 0.935012 -0.436195 -0.190731 -0.289736 -0.106137 -0.212990 -0.805034 -1.360843 -0.700731 -0.398835 0.038634 0.112674 0.140865 0.800949 -0.154399 0.112508 0.749554 0.613147 -0.334131 0.180028 0.233380 -0.077385 0.866858 -0.151257 -0.035867 -0.412409 -0.427652 
0.409611 0.324244 0.034409 -0.290074 -0.253405 0.415588 0.103931 0.063374 -0.483879 -0.379742 -0.026219 0.460905 0.203902 -0.425574 -0.702816 0.274724 -0.344231 0.711186 -0.401067 -0.039413 -0.036589 -0.030575 -0.389396 -0.316362 -1.233138 -0.544462 -0.471902 -0.004398 0.316893 0.004709 1.011757 0.147207 -0.102624 1.083318 0.458723 -0.471436 0.058424 0.346600 -0.252806 0.624632 -0.589794 -0.265294 -0.406550 -0.519813 
0.036342 0.094362 -0.067141 -0.357359 -0.212328 0.758912 0.057890 0.266867 -0.235041 -0.416535 -0.013310 0.654356 -0.232049 -0.402831 -0.420853 0.075346 -0.125997 0.562759 -0.392848 0.201046 -0.066290 0.231587 -0.399081 0.098498 -0.845620 -0.743670 -0.554396 0.188799 0.490391 -0.017196 1.172720 0.313215 0.077316 1.076632 0.348798 -0.243630 0.004239 0.237225 -0.484776 0.555298 -0.947562 -0.295958 -0.558622 -0.282147 
0.156087 0.166078 -0.125264 -0.399723 -0.325055 0.815350 -0.160323 0.465855 -0.270084 -0.348097 0.017526 0.779963 -0.131323 -0.285083 -0.302928 -0.075503 0.046752 0.540345 -0.618795 0.304837 -0.123839 0.416869 -0.583609 0.306297 -0.782951 -0.974874 -0.603997 0.261195 0.668579 0.068691 1.166749 0.480014 -0.096203 1.039259 0.587853 -0.418061 -0.275786 0.023126 -0.428089 0.294240 -1.267503 -0.372260 -0.483129 -0.317428 
0.047484 0.266459 -0.276837 -0.501322 -0.328640 0.671748 0.079626 0.555284 -0.366756 -0.245286 0.184992 0.709681 -0.174236 -0.205727 -0.200312 0.052621 -0.015974 0.034599 -0.581885 0.323246 -0.034990 0.005689 -0.707681 0.255802 -0.493116 -0.881335 -0.516395 0.054073 0.916999 -0.147897 1.271819 0.549287 -0.115193 0.894312 0.268546 -0.208697 -0.252560 -0.087060 -0.032711 0.108362 -1.253776 -0.385622 -0.446525 -0.031954 
0.133474 0.098318 -0.431515 -0.434261 -0.477285 0.498160 0.249874 0.624978 -0.035883 -0.172692 0.247889 0.627212 -0.056391 -0.374522 -0.360363 0.265208 0.055081 0.014447 -0.430064 0.473180 -0.020749 -0.177857 -0.558368 0.290390 -0.552013 -0.818941 -0.701957 0.111532 0.715710 -0.154704 0.775720 0.306297 -0.146849 0.518270 0.490453 -0.097296 -0.159776 -0.019033 0.001478 -0.123883 -1.189936 -0.491512 -0.566257 -0.020795 
-0.090434 -0.025665 -0.647571 -0.372705 -0.281730 0.274058 -0.020968 0.500627 -0.164393 0.122108 0.164449 0.145484 0.036708 -0.296028 -0.394786 0.084264 0.064555 -0.082004 -0.237527 0.344240 0.008860 -0.469660 -0.430172 0.160382 -0.409537 -0.441809 -0.384154 -0.367178 0.637031 -0.202913 0.733302 0.337096 -0.222412 0.540081 -0.078616 0.052651 -0.049785 -0.345467 0.304081 -0.091421 -0.731739 -0.129717 -0.439379 0.229972 
-0.383783 -0.207441 -0.629085 -0.542252 -0.419182 0.333176 -0.030565 0.447521 -0.028080 0.332326 -0.126302 0.275386 0.309679 -0.144128 -0.409599 0.076888 0.133878 -0.215502 0.092821 0.677329 0.060814 -0.395010 -0.594284 0.147320 -0.192356 -0.229952 -0.429857 -0.257058 -0.057065 -0.231438 0.602647 0.333753 -0.267381 0.506607 -0.364407 0.146977 0.057964 -0.161575 0.266494 -0.385809 -0.714221 -0.429895 -0.629540 0.082644 
-0.144612 -0.380277 -0.532818 -0.344571 -0.426672 0.449445 0.015771 0.142623 -0.066034 0.287980 -0.211952 0.292217 -0.028815 0.007079 -0.522979 -0.132199 0.055206 -0.103861 0.190579 0.474789 0.059193 -0.531375 -0.105983 0.404863 -0.141309 -0.191102 -0.293468 -0.017211 -0.219703 -0.613610 0.518058 0.220361 -0.071909 0.384332 -0.569386 0.267009 0.192565 -0.124993 0.136935 -0.229813 -0.541307 -0.258904 -0.789463 0.023923 
-0.381202 -0.652640 -0.646930 -0.235159 -0.560412 0.174558 0.022915 0.050674 0.144778 0.497972 -0.147623 0.119907 0.069635 0.114246 -0.588094 -0.165361 0.007006 -0.397301 0.074636 0.208257 -0.000816 -0.541879 -0.416476 0.281207 0.238129 -0.035481 -0.288602 0.156847 -0.362125 -0.487721 0.486392 0.216573 0.014834 0.437756 -0.512751 0.090201 0.406771 -0.077967 0.381884 -0.564054 -0.873670 -0.560888 -0.790479 0.218064 
0.026802 -0.404074 -0.582222 -0.266083 -0.327288 0.394380 -0.055108 0.124140 0.021289 0.252806 -0.125144 0.396179 0.074517 0.342596 -0.685010 -0.007228 -0.062654 -0.379423 0.204242 0.179306 0.045276 -0.331455 -0.191429 0.409731 0.105875 -0.050317 -0.345714 0.084606 -0.308478 -0.426817 0.087178 -0.003846 0.050303 0.434219 -0.526358 0.209482 0.160391 -0.274809 0.226024 -0.298347 -0.731409 -0.443124 -0.486912 0.090220 
0.127728 -0.198117 -0.588344 -0.149019 -0.235956 0.407574 0.012461 -0.003889 -0.000874 0.291383 -0.208445 0.408771 -0.073160 0.203268 -0.541510 0.016409 -0.318621 -0.412425 0.036080 0.054000 -0.181780 -0.056301 -0.045492 0.437614 0.223582 -0.073678 -0.430350 -0.213880 -0.175237 -0.137120 -0.067401 0.045344 0.214064 0.404409 -0.400347 0.091073 0.070388 -0.288272 0.106899 -0.056085 -0.754343 -0.459640 -0.571043 0.100267 
-0.022376 -0.306099 -0.095271 -0.175885 -0.379305 0.261237 -0.068404 -0.094777 -0.130167 0.110538 -0.194503 0.433403 -0.129680 0.076858 -0.701336 0.048360 -0.381048 -0.337877 0.078953 -0.074065 -0.351617 -0.096235 -0.034382 0.218357 -0.018026 -0.180585 -0.505614 -0.173623 0.056501 -0.259009 -0.357873 0.411390 -0.011587 0.090355 -0.098439 -0.144117 -0.159178 -0.372801 0.062757 0.019493 -0.884254 -0.441234 -0.358304 0.125468 
0.140375 -0.150250 0.204016 0.072825 -0.126938 0.347765 0.080083 0.066852 -0.046430 -0.069923 -0.348194 0.189311 0.051921 0.122355 -0.634890 0.190967 -0.583320 -0.152956 -0.056874 -0.245382 -0.392498 0.109351 0.059791 -0.212130 -0.091790 0.106042 -0.485067 -0.208401 0.243775 -0.056578 -0.554856 0.132293 0.082983 -0.051017 -0.130036 -0.516902 0.026315 -0.270851 0.024612 0.133068 -0.918032 -0.159664 -0.294223 0.131327 
0.198478 -0.093985 0.194782 0.098126 0.178188 0.218298 0.244974 0.113098 -0.154077 -0.195031 -0.108390 0.512457 -0.288910 0.183281 -0.614967 0.098876 -0.457285 -0.203444 0.056314 -0.130294 -0.230360 0.165346 0.115147 -0.246637 -0.170172 0.033089 -0.232005 -0.137829 0.506585 -0.108814 -0.577221 0.234190 0.118161 -0.148676 -0.132128 -0.550704 -0.125976 -0.082390 -0.023349 -0.066962 -0.733839 -0.267668 -0.384007 0.082176 
0.251805 -0.164697 0.191012 -0.011560 0.250519 0.038720 0.199249 -0.110433 0.062234 0.071359 -0.156732 0.473925 -0.213152 0.354016 -0.540676 -0.106814 -0.307037 -0.187439 0.368416 -0.062645 -0.362130 0.382022 0.100797 -0.106998 0.007005 0.042391 -0.319402 -0.350399 0.820951 -0.177411 -0.548406 0.259643 0.189883 -0.078917 -0.209731 -0.467178 -0.137043 -0.076033 -0.129793 -0.119807 -0.828976 0.081133 -0.263573 -0.122660 
0.126365 -0.060251 0.252254 -0.029628 0.155305 -0.099101 -0.121630 -0.154640 -0.119226 -0.214051 -0.165580 0.400886 -0.042365 0.418629 -0.449529 0.136015 -0.189931 -0.114662 0.314029 -0.123080 -0.335747 0.404731 0.322265 0.088212 0.200364 0.050983 -0.410938 -0.459582 0.810374 -0.452614 -0.653578 0.170573 0.156677 -0.083796 -0.305870 -0.224992 -0.054250 0.048745 -0.010206 -0.108973 -0.374845 -0.110154 -0.383641 -0.119740 
-0.122642 -0.267089 0.222418 0.134049 0.105365 -0.289813 -0.024708 -0.425594 -0.001451 -0.205139 -0.185639 0.148985 -0.034090 0.477136 -0.465602 -0.110122 -0.066302 -0.073484 0.256706 -0.185332 -0.404142 0.235751 0.186681 0.075580 0.470406 -0.044694 -0.393343 -0.404968 0.482764 -0.290342 -0.763977 0.417474 -0.057246 -0.105230 -0.172326 -0.241274 0.194572 -0.114707 0.346981 -0.055906 -0.339686 0.007227 -0.164912 -0.272947 
-0.264905 -0.247705 0.193645 0.205655 -0.125984 -0.370868 0.052342 -0.501868 0.155458 -0.500064 -0.193346 0.056575 -0.045611 0.297872 -0.161933 0.059107 -0.100793 -0.179127 0.079164 -0.160520 -0.358250 0.242313 0.249710 0.150844 0.470167 0.098428 -0.589535 -0.407029 0.418786 -0.336902 -0.625680 0.256801 -0.079670 -0.009030 -0.283662 0.041715 -0.044299 -0.553108 0.562189 0.137593 -0.244565 0.203861 -0.006230 -0.398580 
0.140525 -0.186650 0.089351 0.071424 0.152173 -0.443270 0.232345 -0.583949 -0.115103 -0.365168 -0.087556 -0.006554 -0.072674 0.378207 -0.235492 -0.137174 0.085722 -0.158802 0.215841 0.038464 -0.345605 0.078194 0.222455 -0.248098 0.296677 -0.003900 -0.462419 -0.355847 0.393557 -0.174304 -0.635311 0.261187 0.178455 -0.202132 -0.284291 -0.125372 0.139352 -0.545699 0.148923 -0.099126 0.045306 0.236845 0.255171 -0.184422 
0.070830 -0.240526 0.107182 0.073572 -0.052158 -0.511804 0.142878 -0.370022 -0.280199 -0.245066 0.152166 -0.047164 -0.202850 0.269454 -0.223052 -0.220942 0.044843 -0.313390 0.052242 0.048696 -0.444502 -0.192500 0.540133 -0.164102 0.274424 0.206498 -0.490387 -0.323523 0.337382 -0.214865 -0.599324 0.467905 0.033418 -0.153810 -0.157078 -0.052116 -0.280890 -0.429909 0.136984 0.067502 0.566871 0.095834 0.428623 -0.275463 
-0.036272 -0.161390 0.007693 0.004134 -0.078768 -0.718749 0.544406 -0.270289 -0.255864 -0.329186 0.372710 -0.086240 -0.277963 -0.009631 -0.183028 -0.122071 -0.000122 -0.121153 0.242589 -0.071652 -0.240214 -0.490294 0.461986 -0.201186 0.334301 0.232785 -0.159326 -0.154288 0.559303 -0.171481 -0.581131 0.309171 -0.175082 -0.140532 -0.335035 -0.191920 -0.072267 -0.333766 -0.246974 -0.205621 0.640451 0.197816 0.288790 0.073716 
0.193867 -0.241498 0.223189 0.094253 -0.172249 -0.579549 0.552607 0.020319 -0.183133 -0.210972 0.367888 -0.094644 -0.235193 -0.076650 0.108274 -0.253273 0.238571 -0.164745 -0.084326 -0.242445 -0.156980 -0.679612 0.308668 -0.177603 0.283129 0.236578 -0.196298 -0.275642 0.342357 -0.350237 -0.806314 0.210700 -0.143275 -0.137944 -0.116197 -0.367519 -0.418723 -0.244153 -0.087128 -0.116925 0.740888 -0.234840 0.389628 0.233548 
0.256680 -0.145192 0.090946 -0.075118 -0.067850 -0.748112 0.546042 0.283805 -0.111581 -0.043359 0.450459 -0.029962 -0.204331 -0.187492 0.234309 -0.276673 0.169037 -0.374363 0.107455 -0.126456 -0.340306 -0.928547 0.150182 -0.165809 0.432496 0.345213 -0.321941 -0.160027 0.330575 -0.255188 -0.567955 0.284641 -0.117130 -0.399906 -0.371614 -0.187012 -0.197981 -0.086926 0.075583 -0.360897 0.715389 -0.031799 0.314285 0.483275 
0.056238 -0.290629 0.092472 0.030662 -0.076499 -0.841852 0.602822 0.298739 0.101761 0.037992 0.388462 -0.273805 -0.166194 -0.316160 0.165313 -0.300541 0.086706 -0.453769 -0.111022 -0.095994 -0.454307 -0.851738 0.262469 -0.173171 0.304288 0.265436 -0.279853 -0.048769 0.313441 -0.381941 -0.404006 0.056618 -0.360456 -0.365514 -0.259367 -0.290419 -0.150282 -0.008486 0.085469 -0.301424 0.848168 -0.119111 0.589227 0.260228 
0.087897 -0.450894 0.051073 -0.043461 0.133736 -0.687491 0.809919 0.355191 -0.122744 -0.003123 0.059711 -0.306249 -0.391138 -0.427539 0.215959 -0.254668 -0.057683 -0.168942 0.037561 0.064754 -0.340314 -0.673005 0.397771 -0.193080 0.253816 0.159941 -0.133963 0.058750 0.550356 -0.431706 -0.579130 0.107618 -0.060444 -0.555889 -0.263203 -0.288229 0.173922 -0.091616 -0.113370 -0.318798 0.735496 -0.233795 0.425325 0.248213 
0.022198 -0.215148 0.146782 0.150782 0.270895 -0.513579 0.751924 0.231938 -0.158518 -0.061308 -0.036417 -0.061168 -0.437310 -0.180866 0.281717 -0.276150 0.135924 -0.175995 -0.194743 -0.074242 -0.342362 -0.804130 0.384906 -0.001708 0.216877 0.260757 -0.126502 0.078375 0.188792 -0.295817 -0.482952 0.066051 -0.046377 -0.288949 -0.163415 -0.314827 0.133403 -0.205192 0.008344 -0.312840 0.360781 -0.181551 0.377633 0.264614 
-0.067095 -0.128274 0.092644 -0.072441 0.325178 -0.634028 0.755876 0.346928 0.106573 0.109087 -0.264053 -0.051929 -0.430297 -0.089863 0.226447 -0.068190 0.249911 -0.189871 -0.276527 -0.224417 -0.311071 -0.497505 0.318899 -0.105439 0.188003 0.194455 -0.350735 0.110623 0.095093 -0.272306 -0.292445 0.220354 -0.147611 -0.361570 -0.059508 -0.143548 0.276652 -0.137570 0.191243 -0.155070 0.353729 -0.158045 0.308545 -0.027175 
-0.236761 -0.163371 0.039505 -0.048553 0.203530 -0.711587 0.706438 0.528100 0.176831 0.044997 -0.056723 -0.209767 -0.483682 0.025577 0.270842 -0.002981 0.218283 0.002101 -0.323846 -0.290695 -0.401411 -0.424184 0.510070 -0.323479 0.196242 0.072093 -0.323346 -0.027961 0.071098 -0.191767 -0.294350 0.090835 -0.164873 -0.238766 -0.082934 0.272519 0.245559 -0.156920 0.175587 -0.168393 0.317735 -0.122877 0.304791 -0.168923 
-0.164337 -0.121611 -0.045863 -0.008771 0.396590 -0.791407 0.597590 0.569831 0.090431 0.114989 -0.039572 -0.314405 -0.540607 -0.108503 0.083989 0.007509 0.092930 -0.131002 -0.227852 -0.131292 -0.179991 -0.358570 0.371049 -0.305290 0.029799 0.037004 -0.421097 -0.056552 0.008611 -0.360080 -0.374725 0.146553 -0.081880 -0.416165 -0.354352 0.478591 0.250165 -0.282377 0.207993 -0.472266 0.414126 -0.295594 0.236909 -0.084355 
-0.190917 -0.182513 0.079632 0.119382 0.362351 -0.711960 0.567887 0.457316 -0.006184 0.310832 -0.178294 -0.352319 -0.473305 -0.166703 0.001790 0.212807 -0.118473 -0.164775 -0.321864 0.005838 -0.149843 -0.531016 0.471008 -0.061745 0.211830 0.159100 -0.393154 -0.185372 0.283296 -0.206686 -0.268965 0.439780 -0.062666 -0.408716 -0.209375 0.190200 -0.073122 -0.008565 0.169178 -0.539279 0.417422 -0.201633 0.398190 -0.156355 
-0.097445 -0.011364 -0.081733 -0.034505 0.191441 -0.403092 0.687748 0.760952 0.078214 0.016525 0.067000 -0.256607 -0.390925 -0.237508 0.042283 0.051320 -0.169324 -0.060935 -0.316476 0.075214 -0.313225 -0.285306 0.392913 -0.078100 0.211694 0.001305 -0.444046 -0.205549 0.020863 -0.220606 -0.268136 0.348371 -0.005533 -0.207307 0.011802 0.375510 0.044787 -0.227970 0.150336 -0.352126 0.301527 -0.353160 0.181044 -0.114876 
-0.007330 -0.346810 -0.206014 -0.183351 0.307825 -0.332508 0.437188 0.460848 0.086653 -0.177963 -0.113995 -0.218817 -0.453744 0.061873 0.004422 0.139569 0.129678 -0.067272 -0.254234 -0.096950 -0.127935 -0.422151 0.406237 -0.231012 0.110512 0.064001 -0.422314 -0.096203 0.224689 -0.180625 -0.120963 0.165889 0.122077 -0.003495 -0.123377 0.180063 -0.215755 -0.217645 0.170041 -0.317912 0.249299 -0.254746 0.331714 -0.036642 
0.151894 -0.017509 -0.189156 -0.091068 0.148171 -0.375431 0.487947 0.470404 0.061541 -0.013742 -0.288865 -0.366588 -0.160898 0.048694 0.286928 0.130640 0.091329 -0.125035 -0.297847 -0.196879 0.049037 -0.272314 0.343145 -0.185337 -0.080114 0.185997 -0.577416 -0.014031 0.010797 0.252894 -0.220408 0.445003 -0.122466 -0.364197 0.113935 0.138849 -0.303592 -0.123264 0.098465 -0.201514 0.127829 -0.156740 0.053600 0.152144 
0.185761 -0.102668 -0.282620 0.260234 0.333730 -0.237156 0.403830 0.360396 0.105404 0.025993 -0.356522 -0.422968 -0.156435 -0.007338 0.174197 0.276621 0.096490 -0.222243 -0.285483 -0.268652 0.156329 -0.223785 0.441371 -0.043706 -0.094102 0.071277 -0.367168 -0.114193 -0.017993 0.272964 0.008841 0.184756 -0.043779 -0.142859 0.162179 0.224688 -0.068773 -0.128372 0.125084 -0.225674 0.386760 -0.070077 0.346267 0.087736 
0.234305 0.015484 -0.388182 0.318875 0.292550 -0.275234 0.171998 0.226505 -0.035290 0.155778 -0.132606 -0.356331 -0.282878 0.070828 0.041963 0.146002 0.048844 -0.254968 -0.127673 -0.410073 -0.074888 -0.094132 0.206430 -0.234296 -0.106201 0.103293 -0.249068 -0.157310 0.160965 0.341255 0.017748 0.078874 0.122808 -0.159286 -0.001316 0.161526 -0.140244 0.040617 0.149613 -0.228785 0.459508 -0.247328 0.376779 0.039973 
0.405021 -0.028086 -0.223399 0.098795 0.143356 -0.147127 0.159758 0.147969 0.082212 0.108464 0.239787 -0.264733 -0.015411 0.046923 0.228688 -0.057201 0.170150 -0.191768 -0.151280 -0.037796 0.146960 -0.351221 0.235503 -0.286286 -0.253148 -0.023875 -0.204279 -0.316787 -0.102481 0.312658 0.050338 0.206337 0.125573 -0.288571 -0.074325 0.125465 -0.070154 0.007507 0.251214 -0.142067 0.439070 -0.425087 0.108643 -0.057032 
0.211865 0.048046 -0.097604 -0.016257 0.126105 -0.239382 0.256309 0.052342 -0.096535 0.066574 0.217000 -0.088123 -0.214844 -0.146901 0.249789 0.078091 0.044799 -0.192442 -0.450174 -0.145403 0.136195 -0.433768 0.187488 -0.259915 -0.131272 0.050230 -0.257550 -0.079896 0.099953 0.232966 0.073042 0.017191 -0.218776 -0.229394 -0.087527 0.320852 -0.108078 -0.208711 0.239761 0.009129 0.494412 -0.325732 0.339571 0.028885 
0.372410 0.025529 -0.022579 -0.087296 0.248549 -0.090154 0.294818 0.009633 0.107796 0.173852 0.496628 -0.219910 -0.279779 0.051803 0.292349 -0.142654 0.163663 -0.445988 -0.404730 -0.050647 0.077450 -0.466012 0.032242 -0.051360 -0.089096 0.097021 -0.202278 -0.274527 0.112444 0.086863 -0.018407 0.139686 0.156360 -0.094376 0.063555 0.076900 0.046407 -0.115360 0.015472 0.029679 0.277686 -0.324591 0.302711 0.074406 
0.250650 -0.120506 -0.051800 -0.021173 0.037767 -0.143618 0.175142 0.267325 0.059097 -0.070488 0.203939 -0.354281 -0.206112 -0.059432 0.288794 -0.067009 0.035462 -0.291295 -0.220216 -0.180213 0.215396 -0.226974 0.128469 -0.061291 -0.172581 0.132542 -0.099381 -0.036802 0.064578 0.192728 -0.072183 0.156765 0.188523 -0.065304 -0.153145 -0.051624 0.089364 -0.174174 -0.176025 0.051847 0.412496 -0.231467 0.195463 0.155765 
0.220192 -0.103408 -0.216324 0.229488 0.136402 -0.063916 0.016526 0.132741 -0.036293 -0.111059 0.219881 -0.126067 -0.175532 -0.001607 0.296496 0.016961 0.084274 -0.316400 -0.376692 -0.147368 0.260547 0.118026 0.207177 -0.268481 0.136725 -0.001867 0.009680 -0.160005 -0.107691 -0.092269 -0.193686 0.200832 0.256680 0.010293 0.008799 -0.089161 -0.263768 -0.160712 -0.029095 -0.088943 0.631029 -0.269606 -0.117867 0.265144 
0.218987 -0.034729 -0.144311 0.112624 0.244214 0.051224 -0.020204 0.237848 -0.174216 0.086409 -0.053665 -0.100754 0.008777 0.106590 0.096522 0.048698 0.035367 -0.237043 -0.240522 -0.009641 0.317055 0.085071 0.125498 -0.318689 0.100976 0.003943 -0.006020 -0.062829 0.108326 0.065151 -0.212601 0.156289 0.210170 0.030105 -0.015533 -0.076371 0.083925 -0.089365 0.158460 0.116973 0.491278 -0.411457 -0.280726 0.227380 
0.225930 0.009036 -0.177460 0.287388 0.340746 0.060297 -0.098999 0.452417 0.028185 0.024234 0.069994 -0.026374 -0.014449 0.118820 0.076357 0.068482 -0.095729 -0.265682 -0.360285 -0.255873 0.264825 0.127879 0.179330 -0.292219 -0.227350 -0.002730 -0.097398 -0.188700 0.162538 0.133261 0.017938 0.383994 0.328950 0.106464 -0.097755 -0.334087 -0.057510 -0.117117 0.190649 -0.044725 0.334937 -0.336651 -0.333939 0.098541 
0.034926 -0.116281 -0.040972 0.354513 0.398684 -0.267654 -0.098040 0.146505 -0.113581 -0.165297 -0.026855 0.067040 -0.082452 0.115292 0.058620 -0.146714 0.078625 -0.371857 -0.355658 -0.138146 0.405408 0.095732 0.241181 -0.376413 -0.281553 0.085593 0.030472 -0.216692 -0.049196 0.090698 -0.079656 0.504375 0.417674 -0.039223 0.168658 -0.159031 -0.101391 -0.282964 -0.146161 0.249665 0.487048 -0.348352 -0.022682 -0.034805 
-0.117302 -0.118211 -0.285010 0.348186 0.473298 0.018191 -0.036880 0.170130 -0.007255 -0.041187 -0.108857 -0.023318 0.210386 0.115986 0.109008 0.244880 -0.156037 -0.345022 -0.166014 0.038462 0.557356 0.440454 0.260059 -0.287074 -0.085718 0.114959 -0.019077 -0.245305 -0.073662 0.168976 -0.000868 0.533965 0.433905 0.081729 0.238964 0.027848 -0.026645 -0.388133 0.123498 0.358139 0.172034 -0.106307 -0.051994 0.128181 
0.050552 -0.060797 -0.131678 0.221061 0.251194 -0.061047 -0.197607 0.083448 -0.180886 -0.239372 -0.003731 -0.141834 0.280437 0.200782 0.224401 0.234907 0.202769 -0.129545 -0.187623 -0.316523 0.536531 0.160408 0.194396 -0.386676 -0.080487 0.065785 -0.232549 -0.217412 -0.003438 0.174873 -0.176110 0.354784 0.359847 0.113672 0.208925 0.100708 -0.039427 -0.172330 -0.349030 0.467480 0.287500 -0.032965 -0.217142 -0.068777 
0.215223 0.037133 -0.126353 0.056720 0.478792 0.265295 -0.154436 0.030855 0.058338 -0.343775 -0.159062 0.039814 0.134346 0.078125 0.104429 0.211036 0.211098 -0.231720 -0.284554 -0.283066 0.715597 0.257924 0.113036 -0.490764 -0.314732 0.148499 -0.287528 -0.132301 -0.148342 0.021255 -0.248091 0.231851 0.543839 0.219623 0.298154 0.089515 -0.108219 -0.290329 -0.371618 0.510204 0.128700 -0.152594 -0.325001 0.228678 
0.093116 -0.003808 0.124502 0.132118 0.200438 0.359374 -0.183140 0.091888 0.029987 -0.474786 -0.097031 -0.070278 0.184727 -0.052100 -0.066812 0.128862 0.056819 -0.143864 -0.422483 -0.098379 0.727200 0.067821 0.107934 -0.236227 -0.119583 0.067387 -0.134426 0.069960 -0.125265 -0.036587 -0.235058 -0.049057 0.376917 -0.124397 0.225133 0.193553 -0.056803 -0.571932 -0.168329 0.084695 0.115821 -0.199122 -0.324710 -0.129296 
0.065637 0.155136 0.006229 -0.067276 0.389287 0.314849 -0.259270 0.228669 -0.003713 -0.253569 0.000576 0.062631 0.118278 -0.124719 0.240870 -0.025552 -0.163727 -0.295448 -0.333987 -0.090163 0.677527 0.263146 0.104485 -0.019511 -0.214706 -0.312117 -0.080878 -0.119390 -0.109306 0.038214 -0.024741 0.146451 0.172648 -0.065954 0.170324 0.204907 0.005809 -0.362580 0.038073 0.253279 0.165354 -0.162225 0.003952 0.085133 
-0.243728 0.290885 -0.120095 -0.034968 0.130732 0.332248 -0.461543 0.257003 -0.159046 0.014320 -0.101881 0.101162 0.139677 0.076942 0.046783 0.063563 -0.124601 -0.284306 -0.418599 -0.019126 0.695678 0.224247 0.102015 -0.310395 -0.132718 -0.261428 0.121669 0.039495 -0.391709 0.061814 0.000568 0.230173 0.213970 -0.086884 0.206164 0.057726 0.224498 0.029286 -0.014860 0.229269 0.012827 -0.401257 0.044062 -0.028555 
0.065305 0.104957 -0.050708 -0.093498 0.465831 0.292342 -0.282678 -0.044655 -0.080681 -0.054421 0.054783 0.117946 -0.033725 0.317153 0.063596 0.356831 -0.181829 -0.254722 -0.166754 -0.241643 0.356809 0.421690 0.147987 -0.322988 -0.217466 -0.158562 0.386513 -0.193587 -0.325396 -0.169609 -0.013218 0.131154 0.026260 -0.227559 0.190445 -0.049729 0.119808 -0.264043 -0.154182 0.164158 -0.013408 -0.161943 -0.067671 -0.031764 
-0.140762 -0.086028 0.089571 0.185014 0.240223 0.187903 -0.382200 0.022578 0.019508 -0.099213 -0.090799 0.012798 0.071128 -0.040077 0.007885 0.266048 -0.064063 -0.259192 0.108728 -0.104641 0.302260 0.231325 -0.083417 -0.496033 0.089008 -0.063463 0.679230 -0.067580 -0.340543 -0.157399 0.160500 0.181217 0.271419 0.077998 0.189689 -0.048064 0.053686 -0.045090 0.017311 -0.011236 -0.002312 -0.220166 -0.259241 -0.011059 
-0.167144 0.092697 0.065890 0.484456 0.159623 0.066940 -0.014670 -0.020829 -0.072900 -0.185923 0.041169 0.136703 0.134082 0.033529 0.043504 0.385768 0.120257 -0.339495 0.020297 -0.240585 0.267592 0.484119 -0.040189 -0.339216 0.161498 -0.225534 0.601629 -0.336503 -0.278765 0.020855 -0.141576 0.207809 0.180399 0.278454 0.468771 -0.059592 0.023639 0.156075 0.043679 0.031864 -0.090656 -0.249183 -0.224012 -0.004417 
-0.107752 -0.076813 0.348116 0.517272 0.207900 0.197976 -0.161221 0.156686 -0.020135 -0.457636 0.034206 -0.007586 0.030141 0.156092 -0.045007 0.277030 0.150230 -0.242698 -0.032741 -0.192594 -0.026632 0.383710 -0.183778 -0.184541 -0.100039 0.002047 0.569853 -0.079831 -0.544458 -0.111994 0.068683 0.210589 0.514704 0.294702 0.379378 -0.113695 -0.078103 0.165919 0.155980 0.264369 -0.059666 -0.143016 -0.370030 -0.075356 
-0.262611 -0.102949 0.154816 0.391670 0.165577 0.292945 -0.307192 -0.015485 0.038739 -0.414599 -0.165274 0.211670 0.070305 0.235550 0.051388 0.296070 -0.056799 -0.260004 0.053488 -0.166288 0.190855 0.385949 0.134100 0.055976 0.119169 -0.072183 0.239430 -0.197336 -0.470447 0.095048 0.084971 0.024436 0.334053 0.170114 0.019745 -0.011669 0.181115 -0.171433 -0.070335 0.289055 -0.107795 -0.137954 -0.056852 -0.210051 
-0.177449 0.075738 0.122610 0.256439 0.248367 0.396803 -0.440677 0.175234 -0.095346 -0.423260 -0.000049 0.338320 0.195499 0.214317 0.023060 -0.074228 0.005752 -0.168541 0.057455 -0.082298 0.335373 0.628203 -0.028355 0.250717 0.070029 -0.092302 0.296470 -0.084457 -0.596056 0.015613 0.011966 0.076487 0.333422 0.058395 0.239140 0.020465 0.139170 -0.239642 -0.269489 0.220140 -0.286539 -0.127175 -0.115553 -0.308391 
-0.047053 0.141836 0.207466 0.226821 0.152335 0.566103 -0.429628 0.045528 -0.059663 -0.325827 -0.043229 0.346025 0.140415 -0.000893 0.121535 0.055397 -0.107115 -0.161865 0.120375 -0.054192 0.442331 0.578569 -0.074314 0.303231 0.326639 0.001900 0.360583 -0.380142 -0.508691 -0.041893 -0.015051 -0.015781 0.208265 -0.073688 0.342648 0.180262 0.005060 -0.053155 -0.283505 0.130830 -0.281296 -0.017084 -0.019134 -0.261589 
-0.083226 0.280672 0.117035 0.194632 0.188244 0.531737 -0.575041 -0.082744 0.070925 -0.292583 0.063439 0.434723 0.085512 -0.138128 0.120324 0.148134 0.006209 -0.084938 0.169183 -0.149596 0.315413 0.437424 -0.078584 0.381081 0.269306 -0.085483 0.579770 -0.147997 -0.690514 -0.166281 0.035303 0.172228 0.036402 0.034681 0.203027 0.076931 0.035300 -0.064806 -0.211047 0.250115 -0.046713 -0.212478 0.033933 -0.262266 
-0.254356 0.181529 0.265880 0.081990 0.214475 0.610346 -0.398088 0.122983 0.057859 -0.394270 0.011177 0.522973 0.222728 -0.326811 0.152054 0.096671 0.138202 -0.104421 0.182670 -0.247650 0.203787 0.418458 -0.305806 0.222280 0.188998 -0.205021 0.733557 -0.225471 -0.505670 -0.096578 0.130207 0.068981 0.209230 0.172406 0.447841 0.234929 -0.069219 0.162413 -0.118322 0.069992 -0.144887 -0.261282 0.021418 -0.204793 
-0.248287 0.237809 0.242854 0.206021 0.267303 0.545158 -0.331118 -0.075517 0.408417 -0.192410 0.210152 0.302322 0.259460 -0.376020 0.095171 0.234677 -0.040553 -0.029299 0.381943 -0.375047 0.049454 0.514300 -0.229270 0.327324 0.401949 -0.167234 0.752664 -0.117565 -0.634059 -0.028226 -0.110164 -0.158313 0.047532 0.181493 0.312601 0.176568 0.095880 -0.006136 -0.184564 0.034998 -0.224175 -0.250583 0.029356 -0.249027 
-0.132744 0.135223 0.241213 0.393524 0.305807 0.444500 -0.450137 -0.094644 0.282434 -0.146085 0.092651 0.310732 0.303374 -0.310776 -0.121445 0.156306 -0.113498 0.099374 0.613404 -0.260267 -0.183037 0.529057 -0.432988 0.533454 0.232129 -0.021449 0.617320 -0.197410 -0.609955 -0.087932 -0.147888 -0.149757 -0.054516 0.038228 -0.005506 0.157342 -0.067665 0.390023 -0.107951 -0.043507 -0.023343 -0.165244 -0.171375 -0.187081 
-0.269684 0.105664 0.082219 0.437773 0.373016 0.142190 -0.249559 0.009496 0.054045 -0.316723 0.171228 0.075484 0.240026 -0.230433 -0.028832 0.045173 0.091782 0.084483 0.642204 -0.244368 -0.253634 0.448122 -0.163050 0.476310 0.164094 -0.001932 0.812018 -0.232572 -0.891578 -0.042139 -0.319586 -0.281662 0.208924 -0.226808 0.135622 0.286168 0.155694 0.260449 -0.033265 -0.167622 0.045825 -0.159684 -0.148317 -0.063963 
-0.237895 0.321491 0.299887 0.525839 0.280316 0.317728 -0.298892 -0.283679 0.185614 -0.187298 -0.123889 0.262512 0.185288 -0.193510 -0.228385 0.262829 0.040148 0.076891 0.685288 -0.335380 -0.390719 0.692325 -0.267148 0.450801 0.031371 0.196848 0.693888 0.000973 -1.061826 0.185755 -0.029707 -0.172435 -0.025512 -0.212522 0.041128 0.209313 -0.067387 0.215477 -0.088732 0.078142 -0.150856 0.056245 -0.140881 -0.264903 
-0.252013 0.352239 0.277205 0.505920 0.316554 0.072258 -0.119910 -0.105622 0.091290 -0.304250 -0.076754 0.433532 0.332796 -0.043698 0.086397 0.035660 0.009132 0.276242 0.545070 -0.201893 -0.196946 0.884733 -0.147698 0.325073 -0.055208 0.220252 0.591901 -0.124035 -0.889101 0.230611 -0.050476 -0.119404 -0.057506 -0.100774 -0.094036 0.188132 -0.010020 0.157661 -0.046388 0.129124 -0.370519 0.018217 -0.223072 -0.160279 
-0.332513 0.382688 0.327921 0.092111 -0.030513 0.056542 -0.120467 -0.481173 -0.088903 -0.185395 0.016691 0.338215 0.258793 -0.147655 0.033957 0.052296 0.038230 0.196171 0.701508 -0.265555 -0.556819 0.621781 -0.333728 0.467170 0.034111 0.215210 0.662647 -0.070048 -0.705446 0.088088 -0.003006 -0.231701 -0.215483 -0.067713 0.179648 0.152015 0.183793 0.033896 -0.163544 0.096589 -0.384457 0.185401 0.107820 -0.164613 
-0.086704 0.383944 0.417205 0.061652 -0.098696 -0.042765 -0.207596 -0.253115 -0.275284 -0.112280 -0.174634 0.279791 0.204673 -0.151844 -0.143601 0.022617 -0.031260 0.051896 0.630219 0.092194 -0.399009 0.637092 -0.453835 0.482673 -0.009746 0.129442 0.722319 -0.167832 -0.364326 0.259215 0.087093 -0.307930 -0.157243 0.222189 0.240919 0.088689 0.003747 0.220637 -0.015140 -0.150029 -0.200246 0.123836 0.295548 0.201949 
-0.172145 0.220300 0.386670 0.165715 -0.126599 0.041850 -0.071434 -0.289097 -0.325553 0.205838 -0.090034 0.233529 0.206697 -0.127327 0.134721 -0.336813 -0.112813 0.162049 0.712186 -0.020770 -0.555970 0.401462 -0.302630 0.534687 0.070304 0.041276 0.764804 -0.073593 -0.265556 0.175910 -0.125666 -0.296513 -0.240542 0.032376 0.203912 -0.110410 0.045151 0.178296 0.098601 -0.181243 -0.171401 0.019733 0.150513 0.352455 
-0.195016 0.463901 0.295618 0.272167 -0.354152 0.019765 -0.234093 -0.192654 -0.143028 0.000703 -0.037954 0.149406 0.031574 -0.106146 0.025972 -0.316949 0.049556 0.102391 0.767629 -0.068024 -0.403206 0.390623 -0.282124 0.473350 -0.069934 0.419664 0.700667 -0.244058 -0.400638 0.347232 -0.302090 -0.168383 -0.315284 0.220798 0.050893 -0.127602 -0.030796 0.280171 -0.141066 -0.143560 -0.207458 0.345517 0.465536 0.205121 
-0.292385 0.274291 0.030323 0.302891 -0.472463 -0.137478 -0.239996 -0.317880 0.097084 0.518100 -0.225302 0.361059 -0.064242 0.305586 -0.024336 -0.322871 -0.082905 0.308579 0.722503 -0.064415 -0.671383 0.319517 -0.412764 0.473119 -0.062262 0.414614 0.604270 -0.171306 -0.297048 0.190276 -0.300752 -0.143334 -0.168018 -0.153254 0.067411 -0.037413 0.019769 0.269238 -0.105804 -0.271458 -0.177983 0.473781 0.201136 0.247627 
0.063276 0.182978 -0.099454 0.473284 -0.292595 -0.508175 -0.454258 -0.236144 0.199450 0.196005 -0.038990 0.616431 0.034276 0.506407 -0.007135 -0.378374 0.254154 0.552365 0.753315 0.153684 -0.817844 0.237150 -0.449493 0.406997 -0.118583 0.369423 0.661040 -0.160082 -0.330154 0.320727 -0.479974 -0.225841 -0.038842 -0.179979 -0.047562 -0.041876 0.079526 0.240640 0.004570 -0.195400 -0.168444 0.576605 0.326057 0.451782 
0.391682 0.266090 -0.074613 0.375462 -0.310852 -0.301861 -0.467082 -0.191726 0.401745 0.074021 -0.080252 0.830310 -0.080406 0.527493 0.147205 -0.485329 0.314331 0.536593 0.512176 0.069358 -0.772521 0.462387 -0.329246 0.305746 -0.131916 0.282733 0.150631 0.069221 -0.576111 0.448819 -0.274773 -0.176903 -0.274263 -0.380257 -0.368962 -0.088860 0.206311 0.048131 0.045301 0.054578 0.097919 0.823072 0.319470 0.288844 
0.540884 0.222871 -0.278416 0.515939 -0.371379 -0.078400 -0.291541 -0.265854 0.046714 0.044238 0.059268 0.992901 -0.158115 0.373084 0.147536 -0.704886 -0.083003 0.695246 0.123369 0.274536 -0.861440 0.357014 -0.471950 0.509308 -0.454770 0.132607 0.090754 0.338168 -0.135298 0.257675 -0.296950 -0.466554 -0.341358 -0.418416 -0.286327 0.056529 0.053832 0.043294 0.145183 -0.116494 -0.023117 0.788518 0.458838 0.688429 
0.794211 0.236714 -0.427870 0.396502 -0.551386 0.057949 -0.233708 -0.239620 -0.106362 0.149203 -0.122311 1.177424 -0.280224 0.166386 0.484572 -0.830614 0.060119 0.812834 0.298600 0.165153 -1.017310 0.207200 -0.575749 0.735262 -0.268368 0.053649 0.553042 0.421423 -0.084293 0.347337 -0.344969 -0.785236 -0.381764 -0.230518 -0.376637 0.406661 0.136140 -0.076134 0.373609 -0.101312 0.350110 0.807243 0.672744 0.837178 
0.958446 0.210654 -0.450500 -0.035698 -0.421764 -0.026261 -0.223452 -0.264925 -0.010576 0.457753 -0.066840 1.162117 -0.696240 0.187403 0.325935 -1.195716 -0.081873 0.785031 0.215449 0.053130 -1.131620 -0.016051 -0.644728 1.250002 -0.204292 -0.177043 0.891577 0.144828 -0.062659 0.139923 -0.134964 -0.624038 -0.326683 -0.237510 -0.277146 0.064264 0.133548 0.171346 0.514456 -0.309789 0.478203 0.754207 0.551853 1.218796 
