0.352988 0.392426 -0.113206 -0.861911 -0.136915 1.138280 -0.285160 -0.301780 0.620826 0.803472 0.107749 0.087571 -0.352769 -1.417071 0.129361 -0.086763 
0.240082 -0.628684 -0.345395 0.777702 1.297650 -0.124378 0.266977 0.744769 -0.686459 -0.013078 -0.538176 0.346578 0.160524 -0.381406 0.193347 -2.263077 
0.303335 0.496326 -0.842219 -0.983732 -0.140116 -0.191679 0.580965 0.192545 0.433723 -0.492661 -0.011019 0.178371 -0.017638 -0.854339 -0.439493 -0.663282 
0.401027 0.605465 0.576546 0.763069 -5.314101 -2.353055 -1.561641 0.789468 -6.379903 -0.314741 -0.184591 1.817775 -2.284525 -0.487664 0.022122 -0.844436 
0.405193 0.093807 0.439260 -0.192353 -2.379903 0.545311 -0.596667 0.650835 0.405483 -0.614914 -0.008574 -0.102869 0.062565 0.209480 0.558918 0.566168 
-0.319264 0.101611 -0.543811 1.100943 1.108950 0.117149 0.032539 -0.580411 -0.440392 1.690183 -0.142093 -6.271847 -2.122757 0.035560 -0.122562 -5.341399 
0.547638 0.625456 0.322886 0.987760 0.716295 0.072183 1.030697 0.103481 -0.087973 -1.677742 -1.074934 -1.805262 -2.839644 0.458595 -0.471917 1.183947 
0.080064 -0.361944 0.236851 -2.343925 -0.401169 -0.147635 -0.339752 0.360381 -0.538183 0.243385 -0.231463 -0.771980 -1.048861 -0.225368 -0.325149 0.510081 
0.009691 0.069709 -0.202419 0.694239 0.075761 -1.874790 -1.672321 -0.122339 0.501918 0.545617 0.206237 0.230260 0.524684 0.433442 -0.268511 -0.404242 
-0.543793 -0.923217 0.190050 0.096545 -0.633661 0.419207 -0.012005 0.279364 -0.857470 -0.200852 -0.520124 0.604241 0.439650 0.785566 -0.278872 -0.390644 
-0.080602 0.066698 -0.077893 -1.033669 0.349274 -1.663420 -1.380209 0.051796 0.330601 0.523012 -0.037117 0.202363 0.014074 -4.050724 -0.006932 0.177399 
0.887909 -0.285468 -0.240767 -1.457887 -3.788094 0.393037 -0.276945 -0.713341 0.511580 0.763325 -0.249917 -0.629805 -0.957624 0.133459 -0.367423 -2.560193 
0.820688 -1.517200 0.329188 -0.870534 0.461979 -0.520795 0.832622 0.329087 -1.086559 -1.322668 0.351499 -1.170087 -0.901630 -0.308149 1.292326 -1.430840 
0.486999 -0.400730 0.433181 -0.464977 -0.643887 0.139459 1.062660 -0.015089 -2.107878 -1.359316 0.170343 0.185481 0.244040 0.770222 1.374176 0.074839 
0.491829 -1.328273 -0.290628 0.407066 0.015059 -0.453705 0.426047 -0.403565 -1.887017 1.603891 0.247681 -0.070147 -1.850731 0.110961 -0.137075 -3.891572 
0.446259 -0.315910 -0.876459 -0.212473 0.707352 0.382558 0.792985 -1.264893 0.600908 -0.550435 0.682129 0.262332 0.620073 0.267927 -0.128327 0.161614 
0.184209 0.273013 0.287506 -0.214112 0.211081 -4.861336 -0.897941 0.190226 0.309347 0.073199 -0.272620 0.030406 0.078840 -0.980836 -0.121134 0.370068 
1.011502 -0.040605 -0.029441 -0.949857 -1.079815 0.769737 0.549952 -0.154925 -1.360819 -1.458184 0.779173 -0.565235 -1.944596 0.309335 -0.173746 -0.285328 
-0.779091 -0.149857 0.469557 0.304587 -2.299258 0.904378 0.733455 0.193053 -0.787240 -1.419293 0.422108 -0.086714 0.510622 0.071446 0.254121 -3.870944 
0.087186 -0.431205 0.586197 0.629760 -0.004195 0.015102 0.359204 0.116307 -0.324745 -0.090144 0.432096 -0.137553 -0.479308 0.102569 -1.469329 -0.426645 
0.601565 -1.589165 0.237159 0.124277 -0.808196 0.871115 -0.182826 0.084783 -0.666202 -0.137720 -1.439529 -0.403039 0.633803 -0.760332 -0.653390 -0.522475 
0.333475 -0.828685 0.108533 0.520438 -1.935330 0.551852 -0.898745 0.135378 -1.156808 -0.597963 -0.326074 -1.553995 0.774370 0.740021 -0.344686 -0.768031 
-0.005656 -0.275276 -0.382041 -0.949045 -0.599591 1.336721 -0.430254 -1.059667 -0.243136 -1.689180 -0.591094 -0.970916 0.206380 1.013138 -0.928987 -1.529891 
-0.110304 -0.427544 -0.382847 -1.589637 2.161080 1.005934 -0.474435 -1.010469 0.878743 1.242596 -0.175197 -0.476504 0.526578 0.029003 -0.107926 -6.073024 
-0.327678 -0.055380 -0.008923 -0.248107 -0.410249 0.396296 -0.456564 -0.635875 1.515487 1.159560 -0.482592 -0.051831 0.355642 -0.255001 -0.140052 -0.667751 
-0.105768 -0.180999 0.072869 0.117236 0.452334 -0.561663 0.278307 0.164536 -0.507052 -1.419039 0.349843 0.053107 0.294063 0.198292 -1.555863 0.404140 
-0.909683 0.440806 0.263179 -0.147511 0.583347 0.197408 -0.149057 0.244796 -1.349779 -0.136306 0.198434 -4.326856 -0.269364 0.421796 0.990678 -5.713228 
0.145787 0.639978 0.133431 -1.717276 -2.251570 -0.360619 1.234728 0.194856 -0.034051 0.276352 0.493531 -0.073041 -0.279477 -0.267694 -2.372291 0.283206 
-0.660567 0.165625 0.299044 -1.281227 1.052796 0.192902 -1.365112 0.363982 -1.005078 -0.069391 -1.128533 -0.269786 -0.461957 -0.750301 0.878553 0.437596 
-0.285949 -0.485388 0.537838 0.490491 1.334393 0.071801 -0.000411 -0.929031 0.896364 -1.079338 0.088077 0.145410 -1.532032 0.356326 -0.068391 -1.882184 
-1.203021 -1.290995 0.687596 0.069447 -0.772634 -0.243151 -1.322468 0.259808 -0.655341 0.965406 -0.380401 -3.491027 -0.490267 -0.263960 -0.505896 -1.879721 
-0.088785 -1.004865 0.830732 -2.154336 0.046970 -0.899111 -0.138684 0.667829 -1.165681 -0.487883 0.482935 -0.682245 0.384593 0.504001 -8.642571 -1.502958 
-0.721135 1.127010 0.633967 -1.962755 -2.025575 0.594719 0.370205 -0.629793 -1.186411 -1.506227 0.752405 0.083057 -1.116187 0.343481 -6.885434 -1.403599 
-1.088755 0.917071 -0.302954 0.963336 0.060360 -0.189000 0.549790 -0.392421 -0.418956 -0.893079 0.942395 -1.024066 -0.379638 0.685060 0.247041 -0.858296 
0.243841 0.623922 -0.060664 0.319393 0.346193 0.311100 0.755994 -0.392071 -2.054096 1.066135 -0.009833 -3.153901 -3.704078 0.134857 -1.673456 -0.714122 
0.015059 0.258326 -0.278197 0.174369 -0.413128 0.081281 -0.399373 -0.311013 0.489453 -0.129926 -0.603275 0.204701 0.464112 -0.826319 -0.799633 -0.201120 
0.160704 0.446563 -0.686968 -0.859343 -0.453879 -1.130912 -0.848890 0.133049 0.072719 1.033692 -0.404090 1.957179 0.441730 -0.707416 -2.269768 0.584329 
-0.346108 -0.095597 0.038153 0.481036 -0.091951 -0.889584 -0.939578 0.063677 0.682388 0.458808 -0.258217 -0.053740 -0.152303 0.987757 0.171802 0.140130 
0.378966 0.241682 -0.725519 -0.002921 -0.144374 -0.116900 0.247184 -0.137795 -0.945580 0.435808 -0.597416 0.488907 0.428015 0.754751 0.506392 -0.011856 
0.496390 0.182843 -0.442430 1.287948 0.326256 -1.768430 -0.723629 0.082508 0.092560 -0.348789 -0.426166 0.378203 -0.864656 -1.236864 -0.211779 -0.048543 
-1.447483 0.913091 -0.009045 -0.019283 2.646541 0.883839 -0.637102 -1.250981 -3.922726 -0.619718 -0.559427 -3.854417 1.117346 0.825973 0.373405 -2.507267 
0.421858 0.178908 0.083517 0.621737 -1.305648 0.016486 -0.002289 0.019222 -0.826380 -0.673222 -0.602416 -1.412404 -0.427868 -0.340600 0.931457 -1.914084 
0.235348 -2.202926 -0.378561 -0.008754 0.291562 1.403173 -0.019573 -0.218713 0.595983 1.199747 0.325231 -5.878851 -0.321970 -0.235941 -6.131069 -4.372397 
-1.087685 0.707405 0.214818 1.108734 -1.046241 0.509907 0.569168 0.805674 -1.089895 0.271389 0.318321 0.425853 -2.380237 0.479279 -0.156554 0.203001 
