0.173159 0.054663 -0.138987 0.076300 -0.321161 0.140809 0.380980 -0.337128 -0.784204 0.566095 0.285692 0.071767 0.160704 -0.911713 -0.825451 -0.115043 -0.060614 0.725498 1.165561 0.240753 -0.371239 -0.156678 0.491980 0.296995 -0.462044 0.468680 0.097459 -0.364936 -0.580637 0.246236 -0.568180 0.439141 1.078888 0.459014 0.102451 -0.220279 -0.319800 -0.271160 0.436199 0.418441 0.292892 0.094803 1.578762 -0.929315 -0.378804 0.552911 
-0.029282 0.082287 -0.118614 0.199853 -0.493615 0.035746 0.021710 -0.139489 -1.011368 0.495171 0.239741 0.235629 0.253699 -0.962384 -0.621154 -0.010956 0.139148 0.599114 0.993209 0.166406 -0.223538 0.111436 0.161621 0.389529 -0.453707 0.499893 0.171800 -0.362560 -0.548497 0.386394 -0.278233 0.251855 0.920533 -0.005965 0.333281 -0.180583 -0.098788 -0.118457 0.587973 0.136503 0.325229 0.170848 1.465344 -0.677896 -0.179121 0.565063 
0.124529 -0.024882 -0.213070 -0.098691 -0.390986 -0.038541 -0.291961 -0.164654 -0.926800 0.673496 0.023101 0.260842 0.268276 -0.789721 -0.801032 0.005761 0.118397 0.699485 0.629993 0.343484 -0.301083 -0.047481 0.103219 0.322683 -0.694494 0.223778 0.117904 -0.384934 -0.364210 0.130718 -0.374375 0.324237 0.891344 -0.093411 -0.158273 0.092833 -0.241956 0.214038 0.429089 0.228699 0.389024 0.280769 1.281894 -0.812806 0.163897 0.474746 
0.231922 0.314312 -0.366288 0.091352 -0.523688 -0.179519 -0.304532 -0.184536 -1.072058 0.356686 -0.195474 0.099218 0.039652 -0.831962 -0.604009 -0.125831 0.210324 0.559194 0.372091 0.118240 -0.525676 -0.089738 0.185439 0.225026 -0.591724 0.095791 0.296764 -0.227373 -0.142588 0.098635 -0.201612 0.138325 0.764549 -0.311540 -0.086419 0.175574 -0.003430 0.174202 0.473656 0.334948 0.098598 0.011672 1.116954 -0.784039 0.160667 0.425440 
0.222292 0.252939 -0.267101 -0.101155 -0.253779 -0.162977 -0.418450 -0.065419 -0.959957 0.485136 -0.277798 0.243912 -0.239607 -0.661546 -0.732599 -0.225084 0.295278 0.685732 0.487586 0.137125 -0.352730 -0.043247 0.285239 0.488906 -0.714286 -0.025821 0.219614 -0.086142 0.039950 -0.150713 -0.220406 0.284313 0.698999 -0.032269 0.090753 0.020724 -0.063500 0.036394 0.604088 0.199777 0.021498 -0.128102 1.135865 -0.645043 0.055263 0.726234 
0.118950 0.358020 -0.433548 -0.127422 -0.088000 -0.166945 -0.324775 0.016469 -1.079666 0.282161 -0.216862 0.152758 0.109409 -0.557750 -0.641986 -0.137393 0.277815 0.451636 0.277537 0.022430 -0.281234 0.172377 0.147057 0.199535 -0.510395 0.328209 0.377939 -0.064753 -0.039567 0.064845 -0.168679 0.017874 0.934970 -0.101851 0.096536 0.001575 -0.041112 -0.056234 0.750584 0.045657 -0.224154 0.032514 1.118352 -0.438126 -0.062110 0.522134 
0.070519 0.149595 -0.432307 -0.224269 -0.166199 0.069401 -0.331686 0.047865 -1.109876 0.150920 -0.195535 0.304789 0.154208 -0.491102 -0.807109 -0.087176 0.424397 0.660195 0.160621 0.211043 -0.297720 -0.161809 0.258382 0.342872 -0.498303 0.240437 0.205181 -0.194781 -0.040714 -0.161140 -0.091762 0.198325 0.835536 -0.113239 0.237057 -0.007542 -0.063500 -0.026532 0.931652 0.089398 -0.038067 0.222698 0.845928 -0.366912 -0.000933 0.371928 
0.186093 -0.005920 -0.261964 -0.358283 -0.199056 0.103626 -0.262067 -0.115797 -0.821097 0.025386 -0.056374 0.223450 0.140069 -0.383033 -0.646436 -0.004980 0.340338 0.680356 0.084282 -0.024774 -0.058383 0.194073 0.067674 0.122928 -0.487648 0.178839 0.377964 0.153299 0.143888 0.005312 -0.018860 -0.070290 0.749970 0.246570 0.269402 0.185558 0.011587 0.202533 0.901431 0.011870 -0.151178 0.108563 0.953975 -0.467711 0.091621 -0.049572 
0.171608 -0.060839 -0.173239 -0.400490 -0.241779 0.198807 -0.158421 0.031252 -0.883543 0.146422 -0.179404 0.080341 0.019415 -0.341354 -0.654723 0.061608 0.387448 0.505323 -0.117888 0.185349 -0.075798 0.038825 0.118672 0.333500 -0.304288 0.011289 0.352012 -0.100463 -0.062141 0.028166 0.015091 0.165288 0.530627 0.263620 0.073789 0.120143 -0.198131 0.181948 0.899257 -0.041402 -0.089074 0.027878 0.582638 -0.200237 0.270728 -0.099762 
0.048890 -0.001282 -0.224950 -0.439082 -0.222534 -0.027627 -0.165288 -0.188100 -0.955700 0.153606 0.136051 0.108721 0.149411 0.134137 -0.661111 0.045768 0.235962 0.737340 0.007506 0.160901 -0.312201 0.244173 0.222244 0.398021 -0.198442 0.259265 0.122872 0.219619 0.209519 0.189751 -0.154904 0.018175 0.440595 0.217024 0.079370 -0.167927 -0.265627 0.232454 0.921340 -0.121503 0.112480 -0.069205 0.614842 -0.008954 -0.052770 -0.150426 
0.002189 -0.164969 -0.172656 -0.543304 -0.264380 -0.090872 0.000459 -0.176286 -0.747428 0.143517 0.085570 -0.083758 0.186840 0.046777 -0.679277 -0.116560 0.154726 0.743774 0.027884 0.213885 -0.164288 0.341309 0.030410 0.137151 -0.126812 -0.000272 0.036112 0.115103 0.083852 0.236224 -0.185852 -0.029009 0.507763 0.164208 -0.184230 0.034582 -0.171848 0.240456 1.104644 -0.075347 -0.028167 0.131180 0.694775 -0.163497 -0.036402 -0.057448 
0.172419 -0.106987 -0.027748 -0.504834 -0.196094 -0.160201 0.005210 0.053360 -0.992281 -0.148895 -0.012406 -0.047320 -0.042235 -0.152090 -0.793281 -0.112282 0.042541 0.687637 0.051092 0.160852 -0.237778 0.370715 -0.031526 0.246899 -0.231433 0.007891 0.192804 0.356251 0.107434 0.064349 -0.047928 0.176223 0.222452 -0.032341 -0.194674 0.031148 0.019900 0.071432 1.198804 -0.052379 -0.214733 0.085404 0.533558 0.061058 -0.172512 0.019957 
0.084534 -0.047442 -0.092732 -0.613508 -0.045721 -0.007522 0.127962 -0.322671 -0.870553 -0.157804 0.189954 -0.321748 0.404951 -0.122634 -0.626410 -0.133953 0.344458 0.497551 -0.343065 0.104195 -0.007065 0.218496 -0.214586 0.157893 -0.121294 0.149607 0.077919 0.263875 -0.241067 0.133074 -0.118152 -0.067475 0.210445 -0.173203 -0.007541 -0.045144 0.127839 0.350847 1.005845 -0.040878 -0.005789 -0.065343 0.521752 0.009499 -0.078112 -0.129400 
0.231309 -0.055907 0.079560 -0.690281 0.007660 -0.204378 -0.179980 -0.079679 -0.652854 -0.258304 0.100399 0.000557 0.008419 0.118806 -0.685164 -0.258828 0.496067 0.697416 -0.517693 -0.227575 -0.086066 0.479493 -0.428118 0.463367 -0.111241 0.085032 -0.299599 0.208034 -0.258611 0.074861 -0.148850 -0.131053 0.368847 -0.297839 -0.110513 0.100541 0.151767 0.166136 0.800175 -0.136454 -0.008639 0.006880 0.693816 0.129316 0.177848 -0.305336 
0.062288 -0.163631 0.041617 -0.809204 0.235331 0.003600 -0.138409 -0.185146 -0.707234 -0.450515 0.035699 -0.033720 -0.047624 0.172259 -0.459329 -0.083683 0.512512 0.671207 -0.274099 -0.136907 -0.048354 0.272834 -0.537772 0.544633 -0.048987 0.054153 -0.386201 0.216625 -0.260589 0.132354 -0.103364 0.148085 0.283997 -0.194565 0.110199 -0.121285 0.257399 -0.058045 0.726753 -0.244580 -0.062656 -0.209637 0.438942 0.125184 -0.068540 -0.238197 
0.067844 -0.333572 -0.000907 -0.848124 0.161034 -0.066225 0.048626 -0.056454 -0.547913 -0.437756 0.065952 0.022371 -0.211460 0.158135 -0.221042 -0.356527 0.794985 0.349426 -0.366520 -0.084561 0.044510 0.544156 -0.431814 0.312591 -0.179093 -0.037594 -0.332193 0.371676 -0.087466 0.012201 0.128543 0.132400 -0.173727 -0.083118 0.002510 -0.049775 -0.052765 -0.046836 0.413780 -0.184520 -0.008152 0.146650 0.343711 0.335694 -0.073627 -0.337234 
0.087032 -0.362783 0.080289 -0.866544 0.408300 -0.379476 0.241271 -0.151554 -0.432970 -0.307018 0.254221 -0.080680 -0.061316 0.223033 -0.218904 -0.148989 0.643299 0.178323 -0.146734 0.075098 0.053074 0.436569 -0.329733 0.099372 -0.075950 -0.165521 -0.463763 0.258473 -0.036216 0.022256 -0.043086 0.210668 0.060229 0.118701 0.087841 0.070388 0.098993 -0.065252 0.408875 -0.122554 -0.197875 -0.021778 0.223963 0.359600 -0.110338 -0.145739 
0.122344 -0.288834 -0.016398 -0.716988 0.600046 -0.548585 0.169356 0.068722 -0.290097 -0.031609 -0.026230 0.047953 -0.181871 0.245616 -0.225530 -0.219404 0.536988 0.250182 -0.134252 0.082349 -0.128223 0.794643 -0.459784 0.066501 0.010217 -0.357056 -0.501468 0.181847 -0.042636 0.120982 0.105628 0.255959 -0.082213 0.110544 -0.019464 -0.025181 0.128322 0.170479 0.251202 -0.099183 0.011217 -0.398034 0.210567 0.591853 -0.070845 -0.405108 
-0.118579 -0.410984 -0.055643 -0.802533 0.657479 -0.486110 -0.116992 0.172230 -0.388077 -0.088032 -0.009300 -0.047364 -0.021511 0.330575 -0.055093 -0.093628 0.201851 0.075582 -0.019554 0.009469 -0.007266 0.752952 -0.273183 0.176717 0.091443 -0.543709 -0.307418 0.174255 0.142752 0.151274 -0.051463 0.313696 -0.131893 0.140980 -0.007429 -0.030384 0.420276 0.253212 0.104736 -0.153035 -0.098806 -0.165203 0.149624 0.358738 0.024568 -0.067577 
0.024661 -0.302391 -0.100248 -0.623832 0.548221 -0.432366 -0.316225 0.117749 -0.210470 -0.031069 -0.216421 -0.174551 -0.165700 0.397307 -0.100760 0.158712 0.449368 0.308989 -0.093596 -0.004296 -0.010320 1.011784 -0.590691 0.300970 0.094707 -0.743548 -0.146044 0.091173 0.076327 -0.022952 0.059780 0.377108 -0.171506 0.146269 -0.025467 0.091899 0.127705 0.202493 -0.175387 -0.223423 -0.124467 -0.343085 0.217126 0.070460 0.086258 -0.313738 
0.172646 -0.251561 0.048113 -0.805222 0.786483 -0.428167 -0.187272 0.107875 -0.051113 -0.023614 0.057781 -0.191283 -0.078436 0.436317 -0.058879 0.076134 0.307057 0.177692 -0.169406 0.026165 -0.022739 1.000099 -0.740485 0.597673 0.092522 -0.595493 0.117937 0.194889 -0.011712 0.076997 0.069183 0.080959 -0.366286 -0.042310 -0.192699 0.063592 0.261326 -0.035457 -0.124693 -0.112944 0.119276 -0.330444 0.081563 0.202501 0.124048 -0.211481 
0.265037 -0.169570 0.058013 -1.110542 0.540847 -0.343533 -0.271723 0.168520 -0.040361 0.276739 -0.109477 -0.514899 -0.122274 0.537198 0.049978 0.065632 0.189432 0.211851 -0.009895 -0.201808 -0.071121 1.062187 -0.635814 0.463157 -0.097640 -0.852672 0.005804 0.278131 0.310302 -0.103059 -0.227910 0.227793 -0.358392 -0.013234 -0.262035 0.130351 0.314367 0.084977 -0.490162 -0.346094 -0.096776 -0.278793 0.241934 0.275921 0.033869 -0.122488 
0.412313 0.026683 0.134429 -0.931695 0.582994 -0.321877 -0.282137 -0.038330 -0.041518 0.345725 -0.214482 -0.552886 0.162714 0.477287 -0.034461 -0.044998 -0.066436 0.285691 -0.072929 -0.307616 0.214996 0.927950 -0.498602 0.347578 0.022219 -0.665844 -0.227976 0.234864 0.097443 -0.065716 -0.329771 0.219251 -0.411065 0.121097 -0.038284 -0.032709 0.093622 0.010428 -0.535132 -0.156729 0.048162 -0.186775 -0.142129 0.278321 0.097829 -0.291987 
0.231119 -0.199648 0.284597 -0.974186 0.429716 -0.309608 -0.370666 -0.055927 -0.069288 0.414180 -0.046878 -0.357581 0.015225 0.564338 -0.055274 0.014931 -0.182442 0.222239 -0.451495 -0.174565 0.401632 0.859320 -0.368055 0.316604 0.194929 -0.853309 -0.254044 0.589593 -0.041947 0.113516 -0.235831 -0.094582 -0.427695 -0.030658 -0.008124 -0.050959 0.180203 0.225591 -0.569895 -0.403929 -0.020642 -0.260180 0.123269 0.135511 0.338062 -0.365377 
0.468584 -0.136919 0.187267 -1.110244 0.661572 -0.164884 -0.446267 0.108244 0.068336 0.202064 -0.001454 -0.464305 -0.082019 0.601329 -0.022540 0.152825 -0.009578 0.097032 -0.308431 -0.177904 0.189726 0.757324 -0.233096 0.317334 -0.060525 -0.881643 0.002425 0.398598 -0.143718 0.328786 -0.404154 0.075869 -0.523230 -0.060360 0.124411 -0.117150 0.097605 0.097568 -0.606573 -0.553858 -0.368488 -0.488477 -0.141853 -0.013112 0.171705 -0.411264 
0.304529 0.015890 0.425500 -1.213200 0.673131 -0.287646 -0.378396 0.238129 0.077269 0.323352 0.279653 -0.384854 0.188571 0.513681 0.038003 0.230955 0.070898 0.235874 -0.202314 -0.074537 0.267883 1.036393 -0.069418 0.259516 -0.027186 -0.831127 0.267081 0.308527 -0.149474 0.021686 -0.479033 0.091608 -0.600627 -0.116131 0.100200 -0.031764 -0.013058 0.091276 -0.369562 -0.404050 -0.175977 -0.498501 -0.357913 -0.064788 0.245738 -0.356719 
0.113236 -0.203496 0.304728 -0.908288 0.538395 -0.322140 -0.356143 0.173113 0.103087 0.328479 0.376468 -0.149993 0.039922 0.375629 0.180834 -0.006969 0.075391 -0.042254 -0.009476 -0.009623 0.335241 0.695487 0.270894 0.270490 -0.062373 -0.664959 0.171181 0.673426 -0.180890 -0.129922 -0.321746 0.359053 -0.553428 0.071012 0.323534 -0.069103 -0.076464 0.031904 -0.438652 -0.485826 -0.042722 -0.487211 -0.463530 -0.060357 0.212632 -0.229313 
0.163017 -0.083105 0.341234 -0.701823 0.391891 -0.081453 -0.294674 0.108143 0.077391 0.400345 0.220790 -0.332544 0.108515 0.496600 -0.036021 0.213734 -0.136874 -0.079304 -0.000798 0.152736 0.239666 0.856410 0.078775 0.221856 -0.065821 -0.761947 0.210031 0.491590 0.042845 0.052264 -0.137104 0.178579 -0.607080 -0.114614 0.210997 -0.085474 -0.000633 -0.056594 -0.512817 -0.446022 -0.029485 -0.448947 -0.214830 0.034171 0.200368 -0.203885 
-0.003577 -0.096144 0.275350 -0.470895 0.317332 0.015373 -0.340816 0.079480 -0.062378 0.319137 0.039917 -0.250825 0.003758 0.301718 0.282423 0.089029 -0.275029 -0.282871 0.151329 0.221144 0.228112 0.955779 0.334032 0.058731 -0.105053 -0.672538 -0.111770 0.359983 -0.131783 0.029147 0.034578 0.115569 -0.507578 -0.039260 -0.031221 0.000150 0.184384 -0.120265 -0.635917 -0.278116 -0.006387 -0.359348 -0.117168 0.199519 -0.020191 -0.448506 
-0.147175 0.015525 0.256055 -0.205012 0.385651 0.214167 -0.236192 -0.074501 0.223241 0.222149 0.136124 -0.128165 0.377883 0.214669 0.516424 0.103257 -0.319983 -0.033156 0.032366 -0.061963 0.038895 0.997548 0.247564 0.084876 -0.028795 -0.516226 -0.080498 0.588426 -0.038326 -0.056263 0.018133 0.161192 -0.473919 -0.042376 -0.054411 -0.075520 0.291198 0.035297 -0.799582 -0.217695 0.029761 -0.417388 -0.004060 0.332211 0.057226 -0.285504 
-0.102303 -0.094251 0.405803 -0.513502 0.177328 0.168793 -0.427025 0.110879 0.331026 0.235073 0.071875 -0.283821 0.175360 0.189403 0.428729 0.068883 -0.404044 -0.030931 0.019727 -0.009866 0.007527 0.874269 0.054168 -0.176801 -0.185492 -0.555847 0.141353 0.519378 -0.292764 0.079143 0.145802 -0.017695 -0.475473 -0.122684 -0.158574 0.063345 0.108170 0.170814 -0.803556 -0.210893 -0.026415 -0.200678 -0.082822 0.344842 0.090875 -0.277592 
-0.149991 0.109086 0.513824 -0.380344 0.225640 0.212631 -0.327557 0.031654 -0.042600 0.173141 -0.203040 -0.300367 0.270008 0.267228 0.406689 0.086552 -0.613584 -0.114157 -0.144222 -0.230838 0.022328 0.854896 -0.092770 -0.226226 -0.042206 -0.679842 0.450785 0.476064 -0.136757 -0.265508 -0.027225 -0.088806 -0.393209 -0.208688 -0.216618 0.090758 0.100281 0.266068 -0.917734 -0.184655 0.065412 -0.418689 -0.131484 0.218653 0.331738 0.029049 
-0.027751 0.033404 0.413488 -0.006872 0.043031 0.069612 -0.345783 -0.130119 0.249372 0.015774 0.017731 -0.268710 0.310619 0.332721 0.637805 0.047209 -0.481137 -0.089165 -0.023268 -0.390615 -0.136091 0.597251 -0.303529 -0.248457 -0.199350 -0.616025 0.242508 0.443263 -0.157562 -0.237008 -0.278124 0.030495 -0.468342 -0.246266 -0.156100 0.037363 -0.030217 0.353544 -0.797665 -0.170303 0.102683 -0.123898 0.106781 0.128798 0.333298 0.022234 
-0.069801 -0.090665 0.358483 0.015614 0.026827 -0.228927 -0.287120 0.060216 0.243596 0.272353 0.244309 0.116057 0.329941 0.196629 0.612654 0.005170 -0.684725 -0.316700 -0.094113 -0.068527 -0.235617 0.575375 -0.177305 -0.335552 -0.356978 -0.375672 0.100365 0.380296 -0.335031 -0.058670 0.072272 -0.137966 -0.378714 -0.348763 -0.197601 0.102483 0.174521 0.419479 -0.743447 -0.233896 0.059135 -0.173109 -0.190558 0.254928 0.300264 0.096047 
-0.147875 -0.051746 0.375601 0.020109 0.109140 -0.025042 -0.227322 0.082266 0.227741 0.120462 0.137247 -0.162199 0.377641 0.161945 0.463362 -0.066935 -0.428988 -0.411350 0.306755 -0.105804 -0.178736 0.619375 0.011918 -0.630369 -0.270827 -0.474449 -0.003110 0.372011 -0.328356 0.037603 -0.140536 -0.006086 -0.443784 -0.219996 -0.321940 -0.009337 0.078854 0.252196 -0.521927 -0.173614 0.076496 -0.195220 0.078021 0.268168 0.200390 0.325752 
0.049003 -0.073428 0.349442 0.302216 0.191788 -0.023929 -0.249491 0.278040 0.008615 0.193127 0.299944 -0.218354 0.323851 0.342901 0.508419 0.084346 -0.677490 -0.452451 0.217663 0.018081 -0.033329 0.582049 0.075087 -0.508855 -0.413861 -0.364032 -0.161529 0.487279 -0.202658 0.285746 0.185074 0.058062 -0.278781 -0.253199 -0.318452 -0.046554 0.467112 0.087591 -0.213636 -0.316028 -0.045342 -0.384948 0.239590 0.372727 0.145825 0.452595 
-0.254997 -0.166997 0.288034 0.349488 0.108781 0.302483 -0.166169 -0.126897 -0.091118 -0.001520 0.532809 -0.271852 0.316433 0.410804 0.587809 -0.003027 -0.467312 -0.453439 0.348703 -0.134124 0.049759 0.466070 0.194974 -0.640140 -0.328309 -0.288110 0.085973 0.649844 0.032971 0.068376 0.245689 0.000979 -0.730360 -0.171588 -0.330263 0.081731 0.598663 -0.113225 -0.239356 -0.100150 0.007507 -0.430075 0.252946 0.205106 0.016791 0.373077 
-0.309162 -0.320800 0.696400 0.451695 -0.080001 0.430978 -0.333730 0.112956 0.032611 0.242746 0.272483 0.082670 0.473563 0.322250 1.101419 0.090341 -0.463335 -0.233096 0.349811 -0.299681 -0.144489 0.352297 0.209459 -0.721536 -0.395482 -0.223440 0.331817 0.796007 0.011159 0.019703 0.425409 0.193343 -0.803055 -0.295622 -0.286104 0.135479 0.551071 0.027035 -0.334380 -0.036554 0.102097 -0.464596 0.229676 -0.004772 -0.027905 0.417738 
-0.591386 -0.265385 0.731644 0.745214 -0.151616 0.517449 -0.147369 0.264402 0.010303 -0.057340 0.021521 0.042653 0.823832 0.110767 1.057520 -0.014004 -0.513389 -0.336487 0.178121 -0.321700 -0.066885 -0.084978 0.208570 -0.609016 -0.691162 -0.367541 0.542095 0.946511 -0.238450 0.064275 0.455050 0.308438 -0.817243 -0.203947 -0.742617 0.138961 0.481331 -0.126692 -0.231389 0.060746 0.093151 -0.545226 0.220587 0.034875 -0.167316 0.595796 
-0.544616 -0.086275 0.471772 0.766176 -0.236411 0.185128 -0.112854 0.390998 -0.083637 0.222160 -0.200813 -0.045061 0.631228 0.266702 1.222802 0.002388 -0.456173 -0.207768 0.230110 -0.231133 -0.233008 0.102695 0.161560 -0.564724 -0.795708 -0.238964 0.633786 1.344508 -0.199153 -0.081047 0.553815 0.427860 -0.621096 -0.195846 -0.810559 0.083987 0.677982 0.137209 -0.290948 -0.030750 -0.107782 -0.359978 -0.193223 -0.018297 -0.204611 0.699470 
-0.670260 -0.141711 0.297098 1.038895 -0.437250 0.205678 -0.120141 0.224504 -0.004388 0.215714 -0.263507 0.275017 0.554845 0.103572 1.023698 -0.096083 -0.501392 -0.155783 0.072603 -0.363901 -0.146111 -0.102415 0.076709 -0.464076 -0.666772 -0.039585 0.642694 1.229110 -0.266524 -0.073810 0.546028 0.318699 -0.633824 -0.446227 -0.922196 -0.010255 0.468860 0.033305 -0.292979 -0.153750 -0.025489 -0.248128 -0.170371 0.160299 -0.482772 0.391170 
-0.608894 -0.301445 0.324545 1.131082 -0.193469 0.439749 0.005298 0.027113 -0.182625 0.395360 -0.239674 0.142780 0.529509 -0.005179 0.840447 0.014477 -0.412001 -0.285765 0.035384 -0.310840 -0.383408 -0.401170 0.113704 -0.766443 -0.758500 0.223201 0.657524 1.116738 -0.220762 -0.004704 0.427896 0.191749 -0.327804 -0.482225 -1.151752 -0.178376 0.354485 -0.121937 0.039443 0.014956 0.019576 -0.365916 -0.132182 0.038252 -0.386560 0.744745 
-0.623876 -0.425594 0.342914 0.880571 -0.281288 0.339352 0.006058 -0.119090 -0.025639 0.346809 -0.134960 -0.073925 0.763598 0.103316 0.892482 -0.284004 -0.716463 -0.443654 0.155405 -0.407060 -0.332729 -0.099452 0.251098 -0.684842 -0.777770 0.170771 0.912515 0.778489 -0.163608 0.283880 0.180908 0.075156 -0.549745 -0.370463 -0.757757 -0.031129 0.245006 -0.094920 -0.197870 0.283526 0.191246 -0.234266 -0.214236 0.032687 -0.431863 0.677414 
-0.147589 -0.457629 0.163546 0.918952 -0.502619 0.361986 0.361989 -0.208826 0.026964 0.264413 -0.114979 0.067838 0.805934 -0.111356 0.658127 -0.079005 -0.602559 -0.332973 0.160779 -0.249590 -0.036331 -0.219352 0.165963 -0.972720 -0.709903 -0.021961 0.702324 0.790100 -0.258199 0.358694 0.159043 -0.029202 -0.295362 -0.232704 -0.653181 -0.047132 0.073177 -0.080694 -0.251300 0.304575 0.003571 -0.267385 -0.125728 0.018662 -0.407531 0.591815 
-0.207996 -0.629170 0.096260 0.816767 -0.226679 0.205296 0.156852 -0.014761 0.103962 0.236621 -0.028329 -0.049647 0.525462 0.076496 0.891923 -0.165762 -0.741457 -0.572640 0.103597 -0.102880 -0.105215 -0.130427 0.041932 -0.933881 -0.996815 0.131287 0.634696 0.360609 0.037759 0.494921 0.353528 -0.056652 -0.407144 -0.202911 -0.590692 -0.213213 0.017700 0.031051 -0.055788 0.471279 -0.044709 -0.105191 -0.122103 0.093121 -0.387849 0.526179 
0.082186 -0.696805 0.057698 0.926741 -0.329355 0.227316 0.270850 0.181937 0.228215 0.475554 -0.115515 0.035823 0.497351 0.306292 0.610798 -0.080117 -0.477353 -0.325787 0.147689 -0.030471 -0.080760 -0.178535 0.188788 -0.891201 -1.058151 -0.050290 0.583091 0.292603 -0.087304 0.127937 0.415752 -0.098295 -0.463714 -0.240419 -0.724047 -0.107164 0.096414 -0.079494 0.007686 0.386823 0.101168 -0.325652 -0.067303 0.269176 -0.186228 0.581035 
-0.221997 -0.332647 -0.150424 0.830546 -0.361352 -0.080380 0.370092 0.362858 0.509710 0.401417 -0.149028 0.066125 0.318180 0.335800 0.724058 -0.150506 -0.357875 -0.400605 0.208934 0.065216 -0.246143 -0.260479 0.588192 -0.948562 -0.595120 -0.093916 0.508298 0.275572 -0.042329 0.118314 0.406864 0.118243 -0.373690 0.177689 -0.604348 0.059360 0.265310 -0.026703 0.203917 0.335562 0.067349 -0.113684 -0.561077 0.236474 -0.304821 0.377259 
-0.027536 -0.643181 -0.230314 0.765584 -0.304072 -0.079125 0.257091 0.348653 0.633509 0.484024 -0.031645 0.251090 -0.024419 0.302937 0.325592 -0.019887 -0.328711 -0.426966 0.087350 0.207848 -0.452940 -0.303458 0.713281 -0.851152 -0.779717 0.118148 0.443733 0.153220 0.070762 -0.009412 0.416315 -0.224650 -0.253576 0.113802 -0.475483 -0.005502 0.354889 -0.104021 -0.031717 0.374722 0.043367 -0.002642 -0.596902 0.154629 -0.279637 0.525306 
-0.078437 -0.774679 -0.250996 1.002035 -0.183207 0.189578 0.317602 0.125866 0.397133 0.450624 -0.274348 0.324188 0.018451 0.289728 0.252522 -0.113875 -0.366221 -0.368835 -0.079550 0.271938 -0.283599 -0.326487 0.463085 -0.746471 -0.866773 0.318282 0.410121 -0.050875 0.174371 0.279912 0.209765 -0.011942 -0.321155 0.078854 0.019317 0.033180 0.128806 -0.258888 -0.159324 0.158782 -0.015828 0.054174 -0.198082 0.171237 -0.061201 0.247711 
-0.161388 -0.773863 -0.237839 0.900299 -0.359235 0.276956 -0.094058 0.149423 0.556489 0.469737 -0.092505 0.404355 -0.127597 0.178109 0.155319 -0.029660 -0.261818 -0.491456 -0.006990 0.137703 -0.127882 -0.187185 0.683828 -0.816032 -0.448603 0.226664 0.222159 -0.453312 0.026930 0.161578 0.055791 -0.454892 0.065311 0.204407 -0.025535 0.174855 -0.017464 -0.261226 -0.490541 0.273824 -0.079968 0.197969 -0.286040 0.280781 -0.031580 0.064611 
-0.267439 -0.567054 -0.294660 0.983161 -0.450304 0.488079 -0.190832 -0.072128 0.704166 0.379138 0.077303 0.540561 -0.221391 0.257115 0.290579 -0.128132 -0.504804 -0.210799 -0.077557 0.280052 0.119635 -0.336132 0.726221 -0.587724 -0.364298 0.291563 0.013719 -0.335518 -0.047903 0.069388 -0.176752 -0.399531 0.173806 0.141100 -0.032513 -0.116979 -0.145843 -0.193524 -0.206249 0.111767 -0.119810 0.239253 -0.338682 -0.137418 0.309899 -0.145487 
-0.049056 -0.806606 -0.215958 0.860889 -0.697328 0.635325 -0.028991 -0.048994 0.685287 0.485826 -0.020986 0.384560 -0.034042 0.274939 0.129606 -0.161721 -0.567765 -0.483071 -0.539498 -0.011805 0.320852 -0.375659 0.910421 -0.595196 0.012472 0.458028 0.075943 -0.422621 -0.041153 0.047105 -0.058301 -0.337895 0.146592 -0.015282 0.274282 0.194740 -0.102854 -0.375833 -0.244581 0.099346 0.009441 0.366506 -0.294164 -0.017006 0.125266 -0.184214 
-0.138093 -0.864035 -0.290102 0.836225 -0.143909 0.732201 0.014655 -0.043358 0.677968 0.260340 0.096062 0.333932 -0.214481 0.272223 0.094144 -0.149497 -0.300622 -0.496326 -0.517083 0.366938 0.614874 -0.489628 0.651938 -0.691512 0.032214 0.670842 0.170597 -0.380154 0.146740 0.181602 0.025333 -0.111343 0.312933 -0.000114 0.323004 -0.107802 -0.158620 -0.598179 -0.204594 0.105860 -0.002328 0.195509 -0.303613 0.098956 0.297277 -0.288017 
-0.299207 -0.637009 -0.053961 0.894841 -0.144726 0.806645 -0.130741 0.089985 0.866457 0.194776 0.260929 0.165178 0.059681 0.134385 -0.097921 0.211035 -0.263776 -0.542517 -0.492108 0.159338 0.730936 -0.852508 0.628973 -0.496536 0.006267 0.509397 0.312206 -0.402000 -0.136987 0.190683 0.069157 -0.102475 0.023716 0.037382 0.638905 -0.146085 -0.152358 -0.550747 -0.091727 0.175244 -0.085413 0.051836 -0.257328 0.125156 0.214483 -0.335155 
-0.007003 -0.875928 -0.120732 0.863882 0.257632 0.744057 -0.097092 0.033666 0.599525 -0.024957 0.324400 0.149165 0.066857 0.139880 0.087590 0.121252 -0.034089 -0.338132 -0.363936 0.377481 0.332548 -0.658366 0.438497 -0.187348 -0.308084 0.647624 0.377109 -0.346936 -0.020708 0.265632 0.011471 -0.252591 -0.109095 -0.109585 0.711220 0.024536 -0.270309 -0.473293 -0.269699 -0.230643 0.139880 0.099722 -0.312903 0.133326 0.097128 -0.472819 
0.004853 -0.764764 -0.262794 0.789077 -0.050789 0.820815 -0.201185 -0.173777 0.672884 0.141962 0.300218 0.158447 0.010738 0.242902 0.052269 0.175371 -0.231227 -0.473887 -0.484790 0.232825 0.690321 -0.707381 0.467813 -0.309135 -0.351027 0.532954 0.639017 -0.300128 -0.267105 0.040804 -0.124354 -0.405735 -0.046250 -0.006188 0.765871 -0.060549 -0.115848 -0.532597 -0.021118 0.104878 0.016599 0.185917 0.006298 -0.256135 -0.089526 -0.672621 
0.054708 -0.635376 -0.229762 0.622509 -0.138970 0.795006 -0.059057 -0.103322 0.623177 0.093679 0.484572 0.197032 -0.194377 0.182200 0.131618 0.186569 -0.368976 -0.360569 -0.323951 0.231159 0.582678 -0.628361 0.290152 -0.212826 -0.246602 0.827266 0.283741 -0.418440 -0.224798 0.037404 -0.167972 -0.369920 -0.302154 -0.274178 0.627627 0.148113 -0.031747 -0.754690 -0.214701 -0.177532 0.135191 0.378553 0.249312 -0.017012 0.067812 -0.659536 
-0.197405 -0.583304 -0.192859 0.421267 0.059751 0.835932 -0.139068 -0.203020 0.542297 0.090977 0.291875 0.122822 -0.120614 0.033052 -0.126977 0.182906 -0.294001 0.071784 0.027392 -0.156405 0.272422 -0.517227 -0.187959 -0.004956 -0.086997 0.345377 0.124117 -0.229237 0.090671 0.063571 0.438248 -0.507580 -0.137736 -0.158106 0.547908 0.092774 0.282473 -0.577905 -0.412001 -0.398232 0.052998 0.523984 0.192639 -0.040525 0.098380 -0.709319 
-0.200407 -0.640202 -0.343742 0.099619 0.295951 0.582950 -0.331869 -0.119857 0.643188 0.218960 0.151967 0.128456 -0.280541 -0.084967 0.183945 0.330523 -0.436880 0.445055 -0.179869 -0.368677 -0.021398 -0.568937 -0.648575 -0.166162 -0.047221 0.423024 0.101362 -0.258139 0.334077 0.264594 0.431623 -0.513840 -0.007570 -0.238961 0.476684 0.164202 0.477144 -0.716551 -0.233890 -0.558478 0.014810 1.025112 0.024608 0.081596 -0.049961 -0.639355 
-0.507813 -0.479230 -0.438974 0.132029 0.397072 0.535853 -0.334019 -0.324822 0.853790 0.372519 0.237213 0.199864 -0.189026 -0.086402 0.056315 0.340966 -0.629042 0.660502 -0.129984 -0.702728 0.051955 -0.616152 -0.627394 -0.335424 0.082071 0.470622 -0.168065 -0.291252 0.443867 0.264898 0.419412 -0.642931 -0.090297 -0.267464 0.795700 0.139044 0.375722 -0.530741 -0.312414 -0.582802 -0.156460 1.087884 0.071442 -0.005303 0.111827 -0.768338 
-0.320004 -0.484005 -0.428807 0.062886 0.405576 0.097717 -0.339561 -0.270499 0.896272 0.348643 0.287122 0.155994 -0.232149 -0.104945 0.014055 0.410233 -0.659630 0.579412 -0.234678 -0.302208 0.093347 -0.523362 -0.710796 -0.228125 0.083112 0.439197 -0.069339 -0.331250 0.158494 0.182562 0.574874 -0.771541 -0.177675 -0.113929 0.613382 0.191376 0.444733 -0.265161 -0.336932 -0.624874 0.060647 0.885911 -0.050028 0.240801 -0.017414 -0.849450 
-0.521828 -0.457508 -0.653732 0.361881 0.326772 -0.151451 -0.235996 0.071732 0.627869 0.410944 0.082809 0.178308 -0.117226 -0.239732 -0.018338 0.415878 -0.458628 0.455250 -0.010938 0.270070 -0.358157 -0.383250 -0.375622 -0.194309 -0.046065 0.547396 0.004550 -0.369451 -0.097563 0.163326 0.352283 -1.018291 -0.264217 0.198513 0.369574 -0.128686 0.305180 -0.206236 -0.366207 -0.769846 0.021275 0.702705 -0.144593 0.026820 0.063737 -0.828831 
-0.561117 -0.443805 -0.361381 0.377494 0.205095 -0.314231 -0.245795 -0.157246 0.508652 0.548632 0.074010 0.302281 -0.128024 -0.244816 -0.054733 0.215376 -0.446960 0.446184 -0.124039 0.571673 -0.321975 -0.453920 -0.385198 -0.122163 -0.263415 0.757757 -0.151347 -0.393411 -0.135232 0.094440 0.150061 -0.915985 -0.188867 0.601593 0.210106 -0.169280 0.250438 -0.447403 -0.514592 -0.564309 0.165260 0.434781 -0.098098 -0.027945 0.220966 -0.862405 
-0.544583 0.042221 -0.312836 0.349152 0.188045 -0.436797 0.187381 -0.094683 0.569185 0.677739 -0.242123 0.192053 -0.232092 -0.175835 -0.293441 0.408458 -0.368416 0.451249 -0.246193 0.472295 -0.356528 -0.404001 -0.343939 0.203465 -0.277033 0.771887 -0.168969 -0.367676 -0.452703 -0.104995 0.098837 -0.829622 -0.334292 0.843005 0.211568 -0.011835 0.188152 -0.126678 -0.486461 -0.458663 0.243231 0.288581 -0.426884 0.055200 -0.254136 -0.636577 
-0.676286 0.003212 -0.389971 0.213161 0.240194 -0.609763 0.230322 -0.334027 0.442869 0.484951 -0.243039 0.120431 -0.346870 -0.151888 -0.317779 0.221051 -0.315636 0.670431 -0.348208 0.410551 -0.356014 -0.434138 -0.399463 0.440349 -0.106635 0.469825 -0.287648 -0.121134 -0.274152 -0.079248 -0.010461 -0.932231 -0.107203 0.946630 0.204818 -0.146431 0.247334 -0.155401 -0.261597 -0.388458 -0.079640 0.150416 -0.296435 0.080169 -0.229993 -0.653400 
-0.808690 0.163893 -0.156166 -0.012941 0.041409 -0.444215 0.305744 -0.427936 0.408987 0.685097 -0.198253 -0.135733 -0.631766 -0.248701 -0.200630 -0.009394 -0.320045 0.768544 -0.544306 -0.046802 -0.464115 -0.769259 -0.335682 0.506147 -0.005087 0.569234 -0.139083 -0.295812 -0.120778 -0.352105 -0.150946 -0.507032 -0.467301 1.027820 0.183884 -0.191262 -0.036525 -0.177801 0.289541 -0.169444 -0.004235 0.338793 -0.641817 -0.195419 -0.223304 -0.558413 
-0.897823 0.184983 -0.010117 0.119664 0.220205 -0.609216 0.196318 -0.578860 0.461600 0.321276 -0.417607 0.077854 -0.636589 -0.360975 -0.325903 -0.032860 -0.500716 0.511002 -0.676142 -0.264007 -0.541787 -0.844214 -0.279528 0.468538 -0.075623 0.065476 -0.040976 -0.111631 -0.089647 -0.643713 -0.265183 -0.518801 -0.302717 0.687977 0.179494 -0.114238 -0.032544 -0.336142 0.104759 -0.187736 0.156640 0.725682 -0.405119 -0.138071 -0.288019 -0.467311 
-0.488428 0.246800 -0.142331 0.059376 0.026188 -0.501543 -0.176432 -0.693186 0.623906 0.037487 -0.597202 0.202743 -0.767951 -0.447476 -0.260057 0.191136 -0.461233 0.299296 -0.585518 -0.083005 -0.448889 -1.015786 -0.364622 0.235720 0.308337 -0.095784 0.065614 -0.261085 -0.206952 -0.692572 -0.212360 -0.563336 -0.230101 0.563630 0.720654 -0.144429 -0.225753 -0.263329 0.230365 0.272264 0.327224 0.991269 -0.382424 -0.510057 -0.039294 -0.095668 
-0.288540 0.433453 -0.167766 -0.068028 -0.078661 -0.580788 -0.481070 -0.692757 0.406228 -0.132589 -0.786178 0.193142 -0.757411 -0.404290 -0.309982 -0.089789 -0.316310 0.251384 -0.313471 -0.014343 -0.125367 -1.270967 -0.300988 0.373026 0.220954 -0.237261 0.070014 0.036075 -0.029989 -0.554060 -0.144554 -0.369188 0.099665 0.128020 0.744743 0.139039 -0.535363 -0.082198 0.683352 0.385855 0.280620 1.261608 -0.130612 -0.420557 0.004475 0.012110 
0.079655 0.248494 -0.356682 -0.044140 0.018452 -0.665114 -0.573048 -0.564165 0.699832 -0.446009 -1.040741 -0.079714 -1.094304 -0.456510 -0.155607 -0.150267 -0.116143 0.147128 -0.210293 -0.131593 -0.056428 -1.329684 -0.219567 0.693852 0.129799 -0.367252 0.181225 -0.066248 0.033999 -0.677816 0.251099 -0.228540 0.230728 -0.175392 0.688487 -0.052401 -0.479040 -0.105926 0.854673 0.608537 0.454730 1.356827 -0.141622 -0.489122 0.091202 0.343601 
0.005248 0.325039 -0.541648 0.047132 0.402377 -0.435006 -0.091723 -0.321515 0.617849 -0.660470 -1.308637 0.244477 -1.195544 -0.197607 -0.176549 -0.016632 0.081028 -0.319446 -0.038098 0.302638 -0.132158 -1.239238 -0.059308 0.734371 0.170011 -0.704744 0.402313 0.316008 0.290877 -0.815166 0.116912 -0.412921 0.080703 -0.080804 0.884601 0.064074 -0.669937 -0.206905 1.047511 0.586364 0.206224 0.983778 -0.084500 -0.155918 0.130373 0.554362 
-0.081210 0.544227 -0.718086 -0.135736 0.553918 -0.427462 0.294027 0.169812 0.376419 -0.922086 -1.627441 0.026416 -1.187622 -0.058176 -0.049425 0.028915 0.251193 -0.398932 -0.033814 0.746221 -0.033335 -1.343784 -0.238702 0.577311 0.299070 -0.897209 0.731125 0.190473 0.070433 -0.649150 0.282935 -0.221166 0.226188 -0.097166 0.732682 -0.207702 -0.513668 -0.033946 0.930936 0.990287 0.263509 0.773063 0.149747 0.034855 0.009365 0.656653 
0.304349 0.346816 -0.958654 -0.024686 0.551559 -0.783845 0.759237 0.263396 0.213570 -0.809646 -1.829242 -0.150335 -1.105538 -0.027252 -0.242603 -0.151954 0.467192 -0.267284 -0.135579 1.030423 -0.083432 -1.109134 -0.029174 0.317494 0.272545 -0.611576 0.599516 0.070353 0.267308 -0.749008 0.209980 -0.476547 0.535777 0.175455 0.486922 -0.320531 -0.721303 0.081936 0.905360 0.856606 0.349476 0.513145 -0.169895 0.196826 0.348657 0.506224 
0.320894 0.376966 -1.038102 0.117386 0.278643 -0.628484 0.696965 0.521587 0.089678 -1.069266 -1.935169 -0.247297 -1.063304 0.192701 -0.081100 -0.257652 0.099117 -0.138671 -0.137662 0.771551 -0.132705 -1.106901 -0.138888 0.002769 0.005728 -0.228971 0.696741 0.054857 0.122197 -1.026016 0.180866 -0.532243 0.613182 0.550254 0.384394 -0.370278 -0.806545 0.132612 0.688142 0.703735 0.393648 0.380766 -0.133040 -0.079983 0.443995 0.509297 
0.392952 0.480486 -1.332423 -0.122223 -0.217861 -0.606466 0.280859 0.800018 0.009233 -0.860250 -1.996062 -0.274111 -0.499380 0.351942 -0.203872 -0.369112 0.317147 0.045180 -0.257867 0.509973 -0.296071 -1.009460 -0.240998 -0.482784 0.032146 -0.155581 0.260001 0.215919 0.052166 -1.109920 -0.181184 -0.919985 0.804716 0.665282 0.499208 -0.311589 -0.631395 0.054103 0.566062 0.360851 0.489887 0.658404 0.007904 -0.343905 0.467755 0.427633 
0.378269 0.328409 -1.249972 0.266657 -0.926762 -0.830118 0.419784 0.594118 -0.266121 -0.747646 -1.773643 -0.372153 -0.174990 0.217028 0.198679 -0.626666 0.182664 0.099523 -0.171779 0.360452 -0.109332 -0.941435 -0.345605 -0.480413 -0.026454 0.336487 0.425632 -0.022535 0.023133 -1.217809 -0.110143 -0.920092 0.515712 0.805218 0.398906 -0.318952 -0.582780 0.146559 0.421952 0.102060 0.586320 0.598950 0.185442 -0.596619 0.575533 0.089235 
0.515706 0.132304 -0.878472 0.351268 -1.380096 -0.438169 0.545215 0.512089 -0.504996 -0.742096 -1.130781 -0.338371 0.359109 0.493799 0.140470 -0.639798 0.346060 0.194954 -0.255329 0.578228 -0.102236 -0.861391 -0.430937 -0.784203 -0.299081 0.662894 0.326786 0.063889 -0.064977 -1.494890 -0.297356 -0.732070 0.606264 0.810895 0.492514 -0.480370 -0.332607 0.220793 0.285628 -0.179667 0.721944 0.213257 0.174424 -0.599647 0.623575 0.108432 
0.549233 0.271303 -0.668076 -0.136637 -1.374171 -0.764009 0.756302 0.355347 -0.505958 -0.683818 -0.392445 -0.273020 0.549342 0.752928 -0.316592 -1.049548 0.590203 0.132371 0.070466 0.291801 -0.722909 -0.439387 -0.439410 -0.718797 -0.359299 0.910019 -0.238139 -0.294270 0.106547 -1.787645 -0.056640 -0.777861 0.422554 0.530326 0.282595 -0.525007 -0.333389 0.120153 -0.046534 -0.135781 0.864137 0.072557 -0.349359 -0.778553 0.144508 0.071618 
0.579590 0.316923 -0.304842 -0.448519 -1.302874 -0.399909 0.511500 0.014981 -0.232747 -0.802210 0.301483 -0.351547 0.782493 1.200392 -0.278332 -1.209504 0.790192 0.207089 -0.112383 0.243031 -0.616738 -0.046653 -0.716082 -0.702628 -0.131760 1.418795 -0.536879 -0.825694 0.063493 -1.557702 0.228686 -0.689240 0.462262 0.468374 0.515275 -0.516213 -0.134661 -0.257954 0.097211 -0.183064 0.613086 -0.051656 -0.567141 -0.744687 -0.028374 -0.168122 
0.570303 0.257625 -0.244138 -0.608333 -0.671965 -0.284751 0.067333 -0.413151 0.185073 -1.097307 0.859580 -0.513202 0.710294 1.618663 -0.452787 -1.364872 0.918258 0.033206 0.143279 0.197716 -0.791964 0.163639 -0.958354 -0.315977 -0.129332 1.385328 -0.694505 -0.797245 0.079117 -1.039094 0.496023 -0.634627 0.242345 0.048145 0.632198 -0.637173 0.326498 -0.487794 -0.158676 0.015659 0.867778 0.206102 -0.612946 -0.164888 -0.164583 -0.279882 
0.133746 0.154959 -0.281970 -0.541652 -0.233151 -0.173193 -0.364086 -0.673351 -0.006040 -1.025965 0.835002 -0.580620 0.533690 1.322853 0.077155 -1.212888 1.058771 -0.088596 0.042529 -0.006809 -0.466393 -0.002556 -1.334037 0.017476 -0.425785 0.825930 -1.237038 -0.858615 0.008892 -0.668826 0.649483 -0.344961 0.266471 -0.565690 0.385057 -0.516918 0.186203 -0.741132 0.028415 0.388708 0.540694 0.142568 -0.006967 0.199359 -0.231604 -0.613735 
-0.302238 -0.225356 0.164126 -0.455686 0.299202 -0.094235 -0.344374 -0.845962 -0.307051 -0.526338 0.772895 -0.462876 0.270891 0.948446 0.567195 -0.770472 0.712471 -0.283575 0.020044 -0.491859 -0.324041 -0.251720 -1.249283 0.548312 -0.289990 0.131198 -0.950222 -0.403824 0.239822 -0.555696 0.467359 0.068436 -0.173725 -0.628550 0.325886 -0.347989 0.054493 -0.703159 -0.260490 0.280278 0.760672 0.266779 0.336080 0.363760 -0.463957 -0.831384 
-0.526613 -0.323733 0.329236 -0.306526 0.703099 -0.285362 -0.230208 -0.920631 -0.766104 -0.416799 0.963198 -0.592747 0.147211 0.268191 0.554289 -0.468902 0.602186 -0.033222 -0.632779 -0.793391 -0.199966 -0.364879 -1.118525 0.354297 0.067040 -0.430243 -0.650962 -0.477723 0.160202 -0.291750 0.152226 0.202628 -0.613373 -0.713535 0.247068 -0.214354 -0.528103 -0.515656 -0.780829 0.501505 0.565877 -0.002474 0.416708 0.399186 -0.643825 -0.813272 
-0.462509 -0.090155 0.405949 -0.321278 0.731984 -0.650823 -0.194883 -0.647047 -0.974357 -0.032424 0.844555 -0.829562 -0.022988 -0.397086 0.485902 0.205352 0.501956 -0.033214 -0.912623 -1.383377 -0.223878 -0.251177 -0.513316 0.578418 0.428050 -0.412978 -0.546687 -0.299487 0.155215 -0.294610 -0.117983 0.623818 -0.428837 -0.408083 -0.018585 0.059514 -0.822932 -0.216546 -0.952432 0.316716 0.197901 0.076758 0.514780 -0.001288 -0.661617 -0.683972 
-0.114147 0.276442 0.261421 0.090387 0.689553 -1.119516 -0.292995 -0.307825 -0.796241 0.294143 0.406310 -0.713213 -0.152884 -0.510311 0.446893 0.692473 0.265608 0.245995 -0.805196 -1.360408 0.041333 -0.231822 0.183427 0.604209 0.471601 -0.198805 -0.252967 -0.131592 -0.341701 -0.086037 -0.499837 0.525813 -0.614784 -0.014637 0.015106 0.410726 -0.769439 -0.038224 -1.239158 -0.139644 -0.324913 0.101171 0.254092 -0.374659 -0.658953 -0.726502 
-0.066044 0.327873 0.146449 -0.004035 0.661634 -1.103017 0.076405 0.150765 -0.403542 0.002065 0.221639 -0.711382 -0.048442 -0.924548 0.239472 0.826195 0.195560 0.051447 -0.614614 -1.138257 -0.079795 -0.295686 0.711987 0.780658 0.377362 0.026035 -0.199880 0.375928 -0.458767 0.276222 -0.395355 0.234877 -0.166521 -0.360307 -0.224638 0.707319 -0.583173 -0.171389 -0.907060 -0.405472 -0.702405 0.141412 0.024528 -0.157556 -0.014383 -0.253375 
0.233984 0.501280 -0.017407 -0.171999 0.193469 -1.231708 0.281422 0.477845 0.228024 -0.307026 -0.010652 -0.255637 0.025921 -0.648692 -0.162934 0.671992 0.174155 -0.213759 -0.007385 -0.631926 0.268842 -0.019210 0.688992 0.677003 -0.027631 0.221955 -0.082589 0.496155 -0.644786 0.594496 0.086673 0.152138 0.285571 -0.577028 -0.036751 0.931720 -0.035172 -0.273054 -0.444858 -0.152772 -1.017827 0.464327 0.014694 0.142690 0.279209 -0.212880 
0.125491 0.664501 -0.327863 -0.155673 0.049765 -0.360328 0.631692 0.234244 0.561009 -0.618808 -0.126016 0.137970 0.208236 -0.571889 -0.088653 0.583387 -0.395941 -0.288339 0.319125 -0.711395 0.569631 0.432698 0.660272 0.027856 0.150290 0.293448 -0.181830 0.434844 -0.678505 0.493071 -0.018256 -0.251909 0.588553 -0.578152 0.301274 1.149238 0.091639 -0.203073 0.032073 0.039058 -1.410505 0.834076 -0.028345 0.305560 0.321662 0.104824 
0.257028 0.568251 -0.582668 -0.035453 -0.317838 0.184060 0.532770 0.340273 0.516781 -0.652837 -0.126413 0.836881 0.239892 -0.490376 0.017994 0.585489 -0.603194 -0.055462 0.248962 -0.492240 0.722664 0.764478 0.059223 -0.340095 0.170407 -0.069686 0.259526 0.276153 -0.222225 0.706595 -0.392168 -0.666896 0.286773 -0.470424 0.484197 1.406711 0.197346 0.350802 0.090923 0.254223 -1.691264 0.875230 0.250389 0.461862 0.289102 0.315117 
0.192094 0.316368 -0.501664 -0.076674 0.223629 0.970053 0.472800 0.617240 0.154068 -0.328474 -0.099150 0.723604 0.211124 -0.756320 0.007176 0.642386 -0.730528 0.007428 0.265599 0.510473 0.444227 0.257471 -0.450693 -0.247100 -0.110540 -0.036623 0.326441 -0.091443 0.447952 0.519848 -0.414224 -0.321805 0.285896 -0.207663 0.346216 1.253407 0.574976 -0.084030 -0.197509 0.403331 -2.136709 0.137913 -0.151571 0.634729 0.393630 0.520612 
0.116868 0.054413 -0.294164 0.149333 0.394817 0.809483 0.404127 1.074203 0.004992 -0.094136 -0.023665 0.914591 0.097395 -0.517383 -0.338781 0.952995 -0.583591 0.040180 0.067474 1.193716 0.100806 -0.085256 -0.710980 -0.132090 0.212664 -0.081150 0.543310 -0.399931 0.710331 0.034250 -0.426226 0.092488 0.204892 0.086479 0.239798 1.113742 0.363488 -0.239442 -0.264480 0.676881 -2.190114 -0.482924 -0.108947 0.460636 0.708587 0.605129 
0.160183 0.287382 0.077819 0.495566 -0.102079 0.191833 0.387261 1.234470 -0.545221 -0.029349 0.606155 0.580405 0.014336 -0.486498 -0.259468 0.835307 -0.197591 0.139132 0.180345 0.991640 -0.355915 -0.344442 -0.381986 -0.044036 0.445292 -0.109883 0.654785 -0.699900 0.563782 -0.488258 -0.114396 0.430391 -0.016937 0.049772 -0.004738 0.624242 0.208877 0.286432 -0.108662 0.488450 -2.337726 -0.719296 -0.008373 0.423854 0.590382 0.530455 
0.119777 0.211473 0.012211 0.609111 -0.521010 -0.375474 0.641462 0.966234 -0.477123 -0.226422 1.042546 0.609561 -0.099850 -0.325305 0.212062 0.491342 0.009865 0.065606 0.315188 0.392144 -0.269283 -0.134474 -0.374505 0.295341 0.505674 0.361582 0.510701 -0.556377 0.552167 -0.686455 0.596657 0.360164 -0.295494 0.053336 -0.499372 0.345892 0.221654 0.424423 -0.160981 0.241417 -1.837616 -0.734403 0.121379 0.573323 0.440763 0.438506 
-0.362150 -0.012988 0.259246 0.477479 -0.462480 -0.170106 0.595049 0.476307 -0.390181 -0.450305 1.147286 0.451154 -0.553686 0.034152 0.043878 0.043884 -0.118079 -0.491647 0.338569 0.621219 -0.037888 0.186263 -0.329004 0.357226 0.424009 0.380221 0.098164 -0.674015 0.250233 -0.400893 0.786321 0.416430 -0.190588 0.193941 -0.301174 0.340270 0.188489 0.295159 -0.213706 0.315018 -1.683261 -0.623827 0.507178 0.458341 0.324952 0.457562 
-0.381282 -0.168090 0.275770 0.400470 -0.055279 -0.167855 0.533488 -0.128721 -0.131082 -0.388323 0.678821 0.309277 -0.115752 0.056998 0.309063 -0.046934 -0.330380 -0.694977 -0.055902 0.656303 0.684648 0.189353 -0.468580 0.247023 0.084529 0.390606 -0.217517 0.020378 -0.020798 0.197764 0.731945 0.450627 -0.194612 0.282065 -0.035168 0.374691 0.161809 -0.047566 -0.400471 0.127214 -0.950529 -0.213329 0.624849 0.330336 0.566237 0.007345 
-0.511787 -0.561559 0.218199 0.248167 0.376255 -0.085615 0.543815 -0.461094 0.020601 -0.611780 0.199370 0.200615 0.087137 0.441518 0.394171 -0.214923 -0.250653 -0.643475 -0.431693 0.882671 0.655808 0.497227 -0.173476 0.324263 0.216628 0.027705 -0.232619 0.403792 -0.364598 0.615815 -0.238003 0.245669 -0.305889 0.297275 0.157914 0.487222 -0.339814 -0.152431 -0.170462 0.071188 -0.498868 0.267220 0.478991 -0.407877 1.060502 -0.357544 
-0.497719 -0.129607 -0.076443 0.307924 0.414542 -0.751289 0.147753 -0.732475 -0.074956 -0.659434 -0.547852 -0.599739 0.302938 0.471708 0.329437 -0.023809 0.149171 -0.427433 -0.655511 0.741984 -0.268846 0.922034 -0.202325 0.426982 -0.028490 -0.465891 -0.410334 0.340852 -0.592952 0.696961 -0.884851 -0.290671 -0.140599 0.077358 -0.227204 0.505126 -0.368678 -0.277071 0.132477 0.004443 -0.114518 0.517319 0.255771 -0.654985 0.955175 -0.416649 
-0.051112 0.358749 -0.932005 0.090977 0.613499 -0.731736 0.028005 -0.212683 0.181258 -0.430219 -0.726311 -1.292019 0.774129 0.377937 0.110556 -0.153564 0.807659 0.289727 -0.501449 0.271343 -0.465243 0.686689 -0.524160 0.218943 -0.251108 -0.734563 -0.073516 -0.067998 -0.568792 0.764054 -1.176379 -0.639122 0.261085 -0.285765 -0.670853 -0.160020 -0.325185 -0.008268 0.424335 0.486362 -0.025287 0.517892 -0.584596 -0.741749 0.449936 0.203088 
0.098506 0.756695 -1.009647 -0.446966 0.761214 -0.271288 0.407025 0.193437 0.094954 -0.456333 -0.487327 -1.023918 1.181949 0.486066 -0.709251 0.100888 1.003476 0.613809 -0.920013 -0.176271 -0.118143 0.135172 -0.335428 -0.159897 -0.377259 -0.541928 0.201302 -0.305928 -0.658342 0.999460 -1.622715 -0.528532 0.402107 -0.424049 -0.546454 -0.842558 -0.320838 0.231904 0.338678 0.921902 -0.119383 0.181906 -1.650026 -0.538874 -0.289020 0.674446 
0.518755 0.978884 -0.874575 -0.513139 0.217964 0.020458 0.287829 0.481221 0.379336 -0.197845 -0.258577 -0.769093 1.119341 0.066781 -0.794155 -0.110223 0.729441 0.852785 -0.315465 -0.303121 -0.386574 0.047106 -0.384698 -0.882500 -0.513597 -0.450032 -0.050562 -0.100463 -0.310123 0.686650 -1.047595 -0.332049 0.113407 -0.595079 -0.185771 -1.213985 0.226655 0.103653 0.244468 0.819316 -0.186763 -0.010481 -1.282474 -0.548154 -0.909743 0.903477 
0.316947 0.842964 -0.305196 -0.313430 -0.073119 -0.183169 -0.036640 0.291256 -0.136212 -0.343215 0.156649 -0.461059 0.786064 -0.027530 -0.038773 0.209632 0.633216 0.930794 0.153894 -0.345676 -0.914597 -0.055075 -0.452229 -0.826525 -0.874112 -0.195132 -0.286737 -0.058558 -0.118827 0.156170 -0.236803 -0.286015 -0.143726 -0.742091 -0.345166 -1.037012 0.438560 -0.099180 -0.058642 0.776616 -0.196035 -0.028830 -0.914700 -0.512050 -1.277663 0.573426 
0.105532 0.343663 0.169459 -0.291039 -0.623769 0.255833 -0.025166 0.134035 -0.007526 -0.092319 0.334219 0.305085 0.573888 -0.120960 0.373093 0.162163 0.296609 0.703780 0.353783 -0.597415 -0.786784 0.018322 -0.686605 -0.549081 -0.849021 -0.002016 -0.330493 0.060534 0.099421 -0.200942 0.591912 -0.386387 -0.284839 -1.041558 -0.275973 -1.002139 0.193995 -0.092059 -0.296063 0.494486 -0.212292 0.031494 -0.003642 -0.221634 -1.389522 0.366646 
-0.036550 -0.029994 0.606890 0.004368 -0.532411 0.266554 0.033384 -0.110479 -0.189929 -0.279442 0.496662 0.831626 0.150769 -0.371797 0.544590 0.446081 0.293059 0.148812 0.653414 -0.426657 -0.786649 0.110130 -0.665636 -0.195637 -0.618188 0.078788 -0.516989 0.272294 0.211845 -0.590463 0.479956 -0.103252 -0.471289 -0.977109 -0.276884 -0.579206 0.135549 -0.201540 -0.369063 0.540211 0.032595 0.104681 0.485075 -0.625777 -1.039422 0.164543 
-0.131742 -0.417403 0.473996 0.078906 -0.427976 0.508490 0.078793 -0.124674 0.011220 -0.461238 0.607401 1.301384 -0.023830 -0.449415 0.361316 0.409567 0.277459 -0.235781 0.633375 -0.273819 -0.190092 0.309310 -0.713131 0.377029 -0.443254 0.122095 -0.502307 0.063571 -0.043918 -0.333208 0.564678 0.170552 -0.394546 -0.972025 0.087548 -0.463701 0.159521 -0.764665 -0.086394 0.405164 0.367096 -0.042698 0.664448 -0.513663 -0.890355 0.103510 
-0.162525 -0.457084 0.591240 0.000457 -0.299274 0.531108 0.002626 -0.061264 0.106151 -0.498728 0.728617 1.319231 -0.325261 -0.135873 0.149272 0.504221 0.431939 -0.521522 0.719571 -0.288374 0.316738 0.197479 -0.575065 0.553154 -0.313332 0.432479 -0.847009 -0.139946 0.044043 -0.345996 0.348080 0.143972 -0.431531 -0.971238 0.213554 -0.375062 -0.116568 -1.013975 -0.013560 -0.068025 0.401709 -0.384568 0.587290 -0.744347 -0.805347 -0.080939 
0.215280 -0.568309 0.632500 0.213471 -0.263977 0.426921 -0.442647 0.111577 0.137027 -0.566818 0.598055 1.434826 -0.401551 -0.214456 0.096403 0.427064 0.554677 -1.062762 0.640480 -0.406150 0.605062 0.618874 -0.342808 0.656648 -0.065789 0.314638 -0.735010 -0.463645 -0.167049 -0.217194 0.151417 0.501428 -0.411338 -0.567414 0.332259 -0.209381 -0.209103 -1.101439 -0.012102 -0.585329 0.579727 -0.444618 0.221971 -0.915995 -0.504241 -0.077801 
0.594082 -0.345612 0.375938 0.385425 -0.045070 0.239727 -0.186319 0.385726 0.421372 -0.160528 0.380777 1.231378 -0.296967 0.165165 -0.401767 0.499200 0.367571 -1.052290 0.450565 -0.481979 0.521345 0.426713 -0.278667 0.401511 0.111453 0.600238 -0.446368 -0.412856 -0.317722 0.042766 0.052557 0.604848 -0.364101 0.128159 0.055625 -0.087734 -0.186144 -1.101734 -0.090855 -0.851274 0.609731 -0.482834 -0.420796 -0.939479 -0.388269 -0.108520 
1.063886 -0.346537 0.240482 0.066761 -0.468718 0.048143 -0.069085 -0.121969 0.342084 -0.041631 0.379224 0.861655 -0.004320 0.318540 -0.300106 0.389455 0.334639 -1.053607 0.387446 -0.546276 0.463125 0.678224 0.186198 -0.088573 0.373697 0.414112 0.059558 -0.561188 -0.574062 -0.001125 -0.687649 0.369098 -0.152173 0.394805 0.055011 -0.026605 -0.284873 -0.839512 -0.190341 -0.522615 0.407553 -0.664117 -0.347733 -0.967222 -0.106543 0.079444 
1.595721 -0.128423 0.065038 0.018001 -0.573161 0.246510 -0.073125 0.043513 0.310872 0.331663 0.390803 0.625318 0.311731 0.093186 -0.131593 0.124062 0.191693 -1.044642 0.077209 -0.650352 0.532489 0.304169 0.271974 -0.336792 0.392955 0.199640 0.155010 -0.619377 -0.534964 0.024641 -0.877199 0.310956 -0.315408 0.695483 0.052380 -0.177506 -0.334704 -0.611474 -0.250052 -0.338718 0.186231 -0.651248 -0.227329 -0.775691 0.258969 0.003320 
1.557075 -0.265537 -0.054088 -0.105838 -0.610758 0.344625 0.138164 -0.361755 0.101641 0.470915 0.378725 0.343454 0.099814 0.170481 -0.113506 -0.156155 -0.016560 -0.993285 0.043286 -0.406661 0.456167 0.539740 0.170233 -0.377653 0.444629 0.055996 0.464272 -0.382202 -0.645340 0.129848 -1.147744 0.133639 -0.049572 0.709174 0.002954 -0.026016 -0.508904 -0.369479 -0.461710 -0.344013 0.403777 -0.473550 -0.242243 -0.811598 0.363525 0.199068 
1.495407 -0.132419 0.096410 -0.211549 -0.473228 0.319069 0.304903 -0.347417 0.374326 0.326065 0.494911 0.176651 -0.028610 0.356327 -0.353777 0.076476 0.242003 -0.784856 -0.002561 -0.339737 0.241990 0.225468 0.340219 -0.029882 0.351924 0.208369 0.191866 -0.272046 -0.380387 -0.093025 -1.062234 0.088107 -0.233073 0.928252 -0.065632 0.053957 -0.624028 -0.438731 -0.162118 0.167135 0.248908 -0.718710 -0.293036 -0.978564 0.501578 -0.166038 
1.501714 -0.015199 0.054447 -0.517496 -0.205935 0.185061 0.317315 -0.516893 0.235055 0.621745 0.655984 0.170839 -0.373139 0.067157 -0.296502 -0.054461 0.381121 -0.654010 -0.009646 -0.220855 0.144762 0.402192 0.324327 -0.121787 0.180351 0.001004 0.238069 0.088883 -0.183779 -0.108741 -0.866520 0.057537 -0.067002 0.690855 -0.289001 0.209132 -0.496190 -0.355440 -0.353827 0.046456 0.254070 -0.782525 -0.249652 -0.678355 0.248091 0.117643 
1.054083 0.408318 0.038169 -0.432826 -0.006970 0.054630 0.308432 -0.408785 0.381472 0.445809 0.477723 -0.039596 -0.551839 0.134908 -0.275259 -0.161696 0.618113 -0.755518 0.113142 -0.156843 -0.049437 0.109514 0.300571 0.141528 0.093843 0.105242 0.072670 -0.081984 0.018627 0.033765 -0.711038 -0.072022 -0.139745 0.789735 -0.245569 0.047601 -0.264745 -0.318154 -0.185341 0.274466 0.213172 -0.958915 -0.214862 -0.516852 0.089118 0.268392 
1.084349 0.606961 -0.128152 -0.390743 0.135845 0.105998 0.341460 -0.466469 0.189609 0.650440 0.204753 -0.122579 -0.622450 0.063160 -0.301610 -0.250134 0.444892 -0.656091 -0.025772 -0.231588 0.007745 0.018356 0.125001 0.427460 -0.003985 -0.180965 0.163015 0.177626 0.192912 -0.071287 -0.523400 0.084783 -0.172858 0.648685 -0.548738 0.152192 -0.443305 -0.259617 -0.124854 0.409370 0.148309 -1.012134 0.071305 -0.243195 0.155297 0.269170 
1.042281 0.751462 -0.021918 -0.209020 0.020728 0.160770 0.132279 -0.458357 -0.154878 0.542604 -0.259729 -0.222936 -0.929129 -0.036976 0.054417 -0.244569 0.421669 -0.791029 0.118532 0.008085 -0.024195 0.194634 0.136104 0.371692 -0.117872 -0.325552 0.412920 0.192510 0.410144 0.073386 -0.665338 -0.025351 -0.070519 0.704920 -0.329755 0.238016 -0.331640 0.015609 -0.158263 0.542469 0.028772 -0.830780 0.352152 0.186856 0.162142 0.428622 
0.863358 0.621604 -0.091299 -0.207221 0.168659 0.228011 -0.087131 -0.360538 0.055928 0.603978 -0.028046 0.015065 -0.823264 0.016607 -0.051955 -0.482921 0.402407 -0.580088 -0.016560 0.085963 0.017595 -0.088432 0.272087 0.276705 -0.138459 -0.275777 0.447965 0.098132 0.214894 -0.101943 -0.519582 0.126896 0.170524 0.658247 -0.385381 0.159572 -0.467052 0.042858 -0.427490 0.546558 -0.066936 -0.775652 0.081798 0.154958 0.077665 0.552066 
0.627366 0.910721 -0.025263 -0.337867 0.190177 0.243318 -0.273979 -0.272694 0.106538 0.458934 -0.296043 0.236520 -0.826063 -0.148470 -0.116828 -0.357316 0.016294 -0.610749 0.274097 0.054075 -0.025747 -0.023592 0.132089 0.339331 0.036213 -0.317112 0.269261 0.214535 0.139634 -0.080445 -0.697649 0.140002 0.124467 0.660814 -0.143331 0.049758 -0.372392 0.073913 -0.155005 0.727534 -0.040401 -0.707399 0.128562 0.274533 0.005570 0.431439 
0.173925 0.710036 0.071733 -0.275576 0.086691 0.076840 -0.324864 -0.195813 0.204128 0.435350 -0.031922 0.169586 -0.482169 -0.150560 -0.217175 -0.386092 0.132986 -0.370711 0.470767 0.148222 -0.042001 -0.255134 0.108996 0.072666 0.371254 -0.145361 0.242816 0.123236 0.127891 -0.220463 -0.762561 0.430097 0.034275 0.477258 -0.286527 -0.212888 -0.569724 -0.088776 0.042041 0.412920 0.251948 -0.504195 -0.019342 0.351313 0.115825 0.216299 
0.041647 0.457109 -0.089272 -0.151157 -0.205400 0.118041 -0.043110 0.162228 0.088694 0.037961 -0.091706 0.279007 -0.254432 -0.168092 -0.040306 -0.387228 0.104073 -0.329198 0.467946 0.246652 -0.124406 -0.277230 0.304724 0.069248 0.315270 0.112434 -0.023936 -0.038336 -0.222350 -0.376588 -0.782143 0.637045 -0.014036 0.454024 -0.174078 -0.237121 -0.829695 -0.020784 0.126109 0.591414 0.110410 -0.396675 -0.208923 0.530459 0.009056 -0.170373 
0.129415 0.150312 -0.192717 0.044194 0.007188 0.331173 -0.025281 0.265740 -0.078509 -0.090087 0.131568 0.384878 -0.209086 -0.281405 -0.341800 -0.403223 0.023026 -0.567458 0.757383 0.186332 -0.079177 -0.066542 0.170616 0.074417 0.337071 0.232631 0.123223 0.016862 -0.372035 -0.039663 -0.602196 0.667802 -0.103603 0.349469 -0.132811 -0.482399 -0.571076 -0.252101 -0.045911 0.361136 0.302858 -0.316734 -0.362673 0.472803 -0.115914 -0.179232 
-0.010895 0.308673 -0.174302 0.049565 0.009656 0.102361 0.358378 0.263069 -0.256784 -0.029426 0.343660 0.108617 -0.328981 -0.191438 -0.373272 -0.156230 0.029999 -0.519597 0.606590 0.086514 -0.022899 -0.082204 0.460851 0.323850 0.622628 0.298531 -0.073502 0.113417 -0.456573 -0.067148 -0.686960 0.770185 -0.061040 0.146472 -0.222682 -0.352391 -0.746999 -0.022032 -0.100223 0.145905 0.403728 -0.138363 -0.141824 0.464117 -0.326031 -0.257201 
0.178427 0.246536 -0.081709 0.126187 0.227353 0.223435 0.557052 0.180400 -0.138320 0.134366 0.309471 0.174331 -0.422640 -0.048307 -0.278715 -0.324811 -0.030116 -0.323500 0.671505 0.054145 0.377595 -0.006463 0.470517 0.196077 0.761293 0.386789 -0.145424 -0.081519 -0.401713 -0.045385 -0.306082 0.711324 -0.162237 -0.102569 -0.149680 -0.437000 -0.881380 0.145899 -0.150740 0.404935 0.197281 -0.155222 -0.216651 0.389000 -0.089102 -0.383612 
-0.092984 0.179020 -0.115738 -0.071614 -0.014419 0.286768 0.442531 0.095722 -0.307429 0.129066 -0.011165 -0.035598 -0.413137 0.034141 -0.083393 -0.234765 -0.005836 -0.047828 0.648422 0.065701 0.393237 -0.180925 0.088580 0.504445 0.522285 0.130974 0.176086 -0.027141 -0.442380 -0.086887 -0.369465 0.610432 -0.090267 -0.144093 -0.133304 -0.143497 -0.527789 0.325604 0.039282 0.326422 0.191710 -0.120617 -0.051661 0.698844 -0.218299 -0.372567 
-0.075938 0.459939 0.066780 -0.173571 -0.143086 0.328825 0.379670 0.086273 -0.320696 0.080610 -0.288675 0.150892 -0.457433 -0.015546 0.213938 0.044623 0.002609 -0.031510 0.454944 -0.054007 0.568607 -0.190514 0.291408 0.544704 0.542145 -0.191499 0.120377 -0.122025 -0.142726 0.184575 -0.471169 0.338232 -0.334756 -0.200485 -0.366492 -0.145595 -0.660226 0.453932 -0.105278 0.194965 0.366895 -0.174582 -0.240058 0.413429 -0.340484 -0.242703 
-0.048302 0.417649 0.018798 0.119561 -0.019257 0.429949 0.555637 0.183670 -0.258582 -0.026494 -0.077274 -0.071314 -0.296641 0.064663 0.196215 0.077672 0.213122 0.097140 0.199441 -0.369028 0.529892 -0.133945 -0.197011 0.688475 0.299274 -0.242938 0.175127 0.196525 0.018089 0.317234 -0.230036 0.528825 -0.055776 -0.251065 -0.315865 -0.145141 -0.418271 0.393659 0.054968 0.100748 0.111350 -0.306868 -0.201871 0.391435 -0.259974 -0.093011 
-0.129762 0.271600 -0.092857 -0.015895 -0.143921 0.487883 0.483398 0.210456 -0.331289 0.140688 -0.167842 0.086085 -0.448675 0.097513 0.081267 -0.017577 0.043861 0.285809 0.515263 -0.380758 0.517502 -0.185735 -0.170032 0.470850 0.263833 -0.060492 0.213053 0.118959 0.104734 0.359189 -0.041174 0.371377 0.034919 -0.185524 -0.390941 0.035072 -0.363605 0.521045 0.379795 -0.118836 -0.020249 -0.376993 0.035291 0.517761 0.010520 -0.011801 
-0.045060 0.233648 -0.272480 0.078213 -0.397587 0.336452 0.894718 0.160560 -0.214819 0.048249 -0.080433 -0.039242 -0.360940 0.092756 -0.135807 -0.080016 -0.020134 0.134250 0.112063 0.026139 0.618775 -0.243204 0.060599 0.552376 0.369381 0.038664 -0.051794 0.351922 0.222102 0.760099 0.214790 0.035181 0.335775 -0.139836 -0.386539 -0.099916 -0.119716 0.285747 0.389806 -0.099648 -0.078927 -0.215953 0.118057 0.383976 0.145189 -0.171042 
-0.155041 0.249089 -0.215098 0.083634 -0.287047 -0.075027 0.728068 0.248062 0.010971 -0.183067 0.091714 0.152330 -0.402185 0.108918 -0.462043 0.121621 -0.121948 0.101404 0.295794 0.078864 0.626209 -0.403824 0.101502 0.440161 0.135111 0.217967 0.220321 0.157696 0.242781 0.657967 0.399178 -0.184118 0.441049 -0.121776 -0.360995 0.157715 -0.135564 0.090654 0.250306 -0.152698 0.065352 -0.085670 -0.017323 0.409293 0.029706 -0.179402 
-0.158688 0.325340 -0.257727 -0.084122 0.005251 -0.059997 0.846807 0.121478 0.105192 0.259300 0.339913 0.008797 -0.508447 0.084333 -0.542439 -0.176222 -0.042216 0.051126 -0.049615 0.011728 0.404422 -0.273658 0.321665 0.451046 0.055569 0.562806 -0.131493 0.083018 0.639461 0.669605 0.616607 -0.238785 0.519597 0.007965 -0.573428 0.005958 -0.151732 0.044352 0.315658 -0.233932 -0.092093 -0.179724 -0.101404 0.451533 0.141946 -0.224560 
-0.001089 0.284711 -0.115434 0.179750 -0.211081 -0.286964 0.860846 0.005856 -0.035666 0.261880 0.433596 0.022647 -0.581466 0.012958 -0.561728 -0.178352 -0.002814 0.198135 -0.028321 0.341700 0.054203 -0.312487 0.213244 0.316349 -0.090324 0.553475 -0.102837 -0.057334 0.428824 0.795940 0.600119 -0.276456 0.789075 -0.165124 -0.600149 0.081250 -0.079911 0.070493 0.305000 -0.113409 -0.201488 -0.225368 -0.187292 0.163701 -0.074985 0.051989 
-0.067778 0.242182 0.154485 0.178198 -0.436936 -0.340913 0.580335 0.044130 -0.062208 0.315220 0.479067 0.085115 -0.411879 -0.137393 -0.706867 -0.285922 -0.111096 0.196682 -0.146446 0.237403 0.163533 -0.337531 0.380178 0.135369 0.188394 0.574751 -0.131850 -0.108140 0.523442 0.373577 0.842460 -0.199016 0.871799 -0.206665 -0.796616 0.161036 -0.009337 -0.108862 0.352314 0.017711 -0.041433 -0.121778 -0.071268 0.417056 -0.057690 -0.238490 
0.025326 0.170368 0.010530 0.150758 -0.515286 -0.221565 0.740647 0.023668 -0.234254 0.378413 0.443565 0.153207 -0.478504 -0.112519 -0.230285 -0.122440 -0.204354 0.295758 -0.148715 0.210276 0.343357 -0.237932 0.686033 0.122622 0.293284 0.558402 -0.097222 0.195338 0.562757 0.627891 0.712338 -0.218854 0.609783 -0.274274 -0.411400 0.234184 -0.092812 -0.113085 0.508388 0.008846 0.024089 -0.107640 -0.107726 0.145950 -0.035174 0.009531 
0.030142 0.107949 0.057321 0.084501 -0.552024 -0.373353 0.561444 -0.248667 -0.269546 0.371843 0.415899 0.267066 -0.251360 -0.077325 -0.276664 -0.087029 -0.426353 0.214313 -0.350073 0.003703 0.200790 -0.116071 0.647483 0.051367 0.619109 0.466164 -0.123381 0.176577 0.377895 0.521764 0.597119 -0.036630 0.671664 -0.254551 -0.282894 0.262965 -0.118213 -0.018333 0.503901 -0.078816 -0.201386 -0.025165 -0.332646 -0.025953 0.087006 -0.178068 
-0.008990 -0.043295 0.116854 0.167808 -0.366347 -0.320562 0.289733 -0.035462 -0.268614 0.315574 0.370509 0.221519 -0.280050 -0.138151 -0.082309 0.248646 -0.360507 0.242456 -0.374010 -0.015077 0.384965 -0.209803 0.504943 0.152663 0.472939 0.444356 -0.078027 0.102471 0.289955 0.602518 0.348284 0.072319 0.580541 -0.401780 -0.403192 0.232877 -0.194696 -0.070281 0.445401 -0.187635 -0.185814 -0.026580 -0.280413 -0.071224 0.151136 -0.106301 
-0.043295 0.122316 0.000065 0.038503 -0.127572 -0.135583 0.199729 -0.095403 -0.070255 0.312098 0.287949 0.176203 -0.335035 -0.127286 -0.347651 0.098052 -0.286962 0.379637 -0.089152 0.137781 0.580422 -0.385824 0.557809 0.480352 0.259553 0.325726 -0.009191 0.344465 0.403686 0.551377 0.479058 0.199815 0.486188 -0.556838 -0.363928 0.222659 -0.101664 -0.190991 0.635869 -0.147656 0.058214 -0.011307 -0.419519 -0.039467 0.094428 -0.092852 
-0.052715 0.023633 0.160522 0.030956 -0.039803 -0.232517 0.149475 0.075926 -0.160427 0.128994 0.203543 0.108193 -0.372315 0.034247 -0.295796 0.074160 -0.250652 0.071362 -0.452057 -0.006286 0.593105 -0.371493 0.399591 0.426927 0.254102 0.239739 -0.082331 0.276974 0.679146 0.555320 0.210005 -0.006712 0.397450 -0.550569 -0.444133 0.146170 -0.167895 0.172308 0.701719 -0.147292 0.226651 -0.141404 -0.096087 -0.111678 0.130734 0.126108 
0.074927 0.126889 0.038465 -0.223716 -0.155538 -0.153479 0.129181 0.065534 -0.262213 0.021661 0.165511 -0.029013 -0.163421 -0.056499 -0.215494 0.077014 -0.271801 0.071593 -0.247256 -0.207624 0.671689 -0.353269 0.489706 0.232769 0.267155 0.184742 -0.178880 0.201012 0.773514 0.575523 0.572132 0.157167 0.331462 -0.529510 -0.400383 0.060001 -0.143686 0.320554 0.632907 -0.229384 0.113495 0.039394 -0.206824 0.143916 0.187852 -0.066722 
-0.231148 0.334937 0.164679 -0.101893 0.070061 -0.146982 0.196636 0.003606 -0.146322 0.074265 0.217746 0.002978 -0.193399 -0.070158 -0.166108 0.056311 -0.484670 0.298078 -0.221559 -0.071413 0.641341 -0.429663 0.549991 0.310775 0.080378 0.316001 -0.145739 0.460513 0.366290 0.466944 0.488117 0.129003 0.356618 -0.508893 -0.351814 0.044750 -0.101966 0.397316 0.499259 -0.072722 0.074215 -0.003646 -0.529018 0.114319 0.065702 -0.086132 
-0.030972 0.253578 0.099302 -0.128551 -0.063243 0.155996 -0.074677 0.107506 0.013962 0.089400 0.405040 -0.108131 -0.205519 0.156707 -0.371293 0.185232 -0.259076 0.306163 0.024598 -0.073870 0.506979 -0.273936 0.521348 0.233643 0.082254 0.096981 0.212386 0.239598 0.383064 0.340360 0.555915 0.245306 0.396454 -0.300902 -0.122098 0.084417 -0.227876 0.258206 0.778373 -0.084749 -0.055548 -0.044873 -0.420590 0.184787 -0.073322 -0.099058 
-0.126091 0.167678 0.319921 -0.198584 0.012263 0.071833 0.027221 0.069855 -0.076009 0.174536 0.316190 -0.128791 -0.216175 -0.152935 -0.352392 0.151374 -0.466576 0.262063 -0.125399 0.126795 0.543797 -0.429974 0.238073 0.394515 0.007891 -0.009150 0.048210 0.303932 0.424414 0.265771 0.386047 0.482450 0.278363 -0.345228 0.030112 0.255096 -0.400855 0.062144 0.730780 -0.158631 -0.166722 -0.058138 -0.516725 0.192636 0.161359 -0.223462 
-0.249732 0.134332 0.272934 0.034915 0.128157 0.141517 0.032094 0.059968 0.046146 -0.094730 0.259936 0.070176 0.146326 -0.100414 0.021730 0.203247 -0.282578 0.058926 -0.039742 0.008802 0.421230 -0.318782 0.272574 0.310561 0.032375 -0.108722 -0.082112 0.134935 0.680700 0.340457 0.525213 0.291916 0.272223 -0.401264 0.135022 0.125027 -0.336296 0.157476 0.619286 -0.311186 0.013895 0.026010 -0.295168 0.281986 0.055786 -0.343470 
0.013811 0.015946 0.216965 -0.032459 -0.050266 -0.025840 0.071228 -0.109689 0.002359 0.249676 0.493843 -0.028843 0.110628 -0.173306 -0.053370 -0.109034 -0.374012 0.029346 -0.105957 0.127409 0.217711 -0.227255 0.244035 0.350481 0.106874 -0.117470 -0.168101 0.232588 0.530294 0.204246 0.551446 0.318215 0.344343 -0.383961 0.083334 0.064674 0.028490 -0.085299 0.620167 -0.019910 0.137833 0.201578 -0.286647 -0.043651 0.014378 -0.186368 
-0.075961 0.181981 0.194486 -0.061833 -0.036208 -0.302939 -0.066862 0.108579 0.143146 0.311242 0.166188 0.132190 -0.126772 -0.182826 -0.064058 -0.162673 -0.476792 0.239418 -0.308069 0.004912 0.181123 -0.280871 0.249666 0.122712 0.230508 -0.034808 -0.218202 0.093782 0.333586 0.112253 0.583328 0.283366 0.410192 -0.335976 0.146414 -0.092771 0.023457 0.032062 0.644539 -0.039190 0.062528 0.133698 -0.385224 0.100222 0.147917 -0.294687 
-0.140898 0.165348 0.096294 -0.225526 -0.173004 -0.062589 -0.088601 0.151934 0.004550 0.472111 0.074712 -0.076924 0.019033 -0.232133 -0.256412 0.066167 -0.280706 0.297678 -0.306874 0.045583 0.266435 -0.146487 0.255050 0.083537 0.558514 0.024202 -0.034637 0.001969 0.541714 0.178318 0.438093 -0.008199 0.201990 -0.221531 0.072730 0.150182 0.201334 -0.035168 0.709064 -0.130261 -0.169162 0.118867 -0.314779 -0.067286 -0.038929 -0.036080 
-0.204503 0.100342 0.127949 0.137220 -0.258617 -0.080295 -0.042699 0.046148 -0.115763 0.330926 0.143562 0.107273 0.052841 -0.388487 -0.095693 0.099566 -0.360873 0.360735 -0.210049 -0.062587 0.351361 -0.125295 0.245377 0.134551 0.401324 -0.152905 0.008296 0.052137 0.316584 -0.025311 0.436868 -0.011133 0.374976 -0.228064 -0.024211 -0.029968 -0.068958 0.149197 0.362457 -0.271206 -0.126472 -0.139207 -0.444477 -0.112242 0.059283 -0.301605 
-0.140453 0.046598 0.105596 -0.058311 -0.049606 -0.248331 -0.061417 -0.021543 -0.016493 0.175600 0.062139 -0.026637 0.019706 -0.462821 -0.097334 0.099549 -0.114888 0.262727 0.053864 -0.119223 0.073867 -0.074228 0.310900 0.066561 0.195814 -0.134437 0.131151 0.119037 0.193842 0.075078 0.204700 0.034002 0.400852 -0.184162 0.202922 -0.046064 -0.069558 0.164560 0.337117 -0.113389 -0.021405 0.066188 -0.334469 0.023086 0.135910 -0.253929 
-0.216046 -0.125212 0.142180 -0.115872 0.019960 -0.177389 0.115105 -0.060402 -0.119240 0.109783 0.063871 -0.046915 -0.012838 -0.387902 0.034601 0.075541 -0.242787 0.019338 0.062237 -0.077031 0.305061 -0.036478 0.197894 0.296811 0.367166 -0.142224 0.134115 0.235867 0.160427 0.146391 0.413734 -0.040968 0.266799 -0.390050 0.352608 0.071063 0.177618 0.184599 0.158804 -0.222529 0.015511 0.135829 -0.242989 0.093228 0.020172 -0.203721 
-0.045224 -0.152016 0.240660 0.216412 -0.077911 -0.216170 0.004206 0.002877 -0.170883 0.111446 0.001016 0.007163 -0.004942 -0.407709 -0.109211 0.268088 -0.206897 0.235036 0.235851 0.072141 0.188967 -0.030688 0.110789 0.169118 0.178652 -0.078102 0.229844 0.038727 0.321780 0.210112 0.194431 0.022724 0.104565 -0.400088 0.440827 0.149551 0.033701 0.268623 0.455434 -0.269296 0.424309 0.199928 -0.282952 0.070410 -0.000098 -0.114596 
-0.299919 -0.040122 0.144028 0.010945 0.076025 -0.164609 0.082519 0.151360 -0.023641 0.128636 -0.055260 0.018052 -0.050041 -0.235491 0.179359 0.249638 -0.327378 0.053373 -0.151309 0.109697 0.377469 -0.063457 0.160357 0.040642 0.326785 -0.260647 0.151138 0.025930 0.015067 0.180334 0.335237 0.066222 0.012612 -0.610847 0.386452 -0.002412 0.022629 0.235851 0.394367 0.080338 0.555214 0.132546 -0.425462 0.405271 -0.179086 -0.204235 
-0.348181 -0.048980 0.059041 -0.025716 0.172422 -0.150657 0.102732 0.046757 -0.254225 0.449297 0.011861 0.097113 -0.165450 -0.338723 0.045435 -0.018672 -0.218310 -0.012970 0.094096 0.131960 0.440135 0.078881 0.071269 0.148492 0.618531 -0.136995 0.192411 0.002843 0.008645 0.123215 0.200549 -0.042659 -0.037954 -0.439522 0.367878 0.124356 0.090046 0.286437 0.516918 -0.267684 0.452421 0.220742 -0.127992 0.467764 -0.092938 -0.139879 
-0.126224 -0.152050 0.241912 0.009529 0.270718 -0.107420 0.264783 -0.090866 -0.115011 0.198506 0.186821 -0.130141 -0.085281 -0.015066 -0.175005 -0.041965 -0.193285 -0.000880 -0.065875 -0.021141 0.407510 0.065941 0.055357 0.316267 0.504251 -0.164999 0.309666 0.168684 -0.062475 0.082943 0.000003 0.051248 0.107219 -0.290078 0.425481 0.137618 -0.027182 0.342782 0.196997 -0.231151 0.179979 0.159476 -0.187173 0.415718 0.046411 -0.312007 
-0.306997 -0.066663 0.053558 0.056135 0.093012 -0.307426 0.048364 0.140511 -0.095341 0.333728 0.130138 -0.139879 -0.095570 -0.043365 0.012745 0.046270 -0.121255 0.044905 0.300321 0.056875 0.491610 0.086328 0.105647 0.048011 0.596040 -0.523125 0.288410 0.154579 -0.167017 0.155268 0.382000 -0.221193 0.071940 -0.481071 0.390452 -0.086555 -0.129422 0.129184 0.089157 -0.148385 0.058168 -0.198367 -0.102859 0.255923 0.142683 -0.219187 
-0.136618 -0.033133 0.088355 0.015495 0.166116 -0.079602 -0.035429 0.048296 0.010752 0.119654 0.041961 -0.092219 0.079432 0.094070 0.004223 0.143319 0.086865 -0.056732 0.220675 -0.114934 0.414916 0.112384 -0.103478 0.356446 0.517945 -0.107627 0.313235 0.056959 -0.147266 0.260091 0.247217 0.084239 0.039593 -0.318187 0.356769 0.195416 -0.180228 0.182185 -0.087313 -0.160065 0.182919 0.088716 -0.003537 0.216551 0.104551 -0.092157 
-0.183204 -0.141692 0.187092 0.175282 -0.051877 -0.118518 0.157936 0.189858 0.008954 0.203922 -0.114287 0.015992 0.076143 0.316125 0.024975 0.241976 -0.093313 0.196301 0.351596 -0.318458 0.174602 0.377279 -0.116388 0.179691 0.290739 -0.311455 0.193230 0.002529 -0.094322 0.111760 0.030980 0.005959 0.131242 -0.312509 0.351030 0.109186 -0.243526 0.109798 -0.000333 -0.080534 -0.136128 -0.366025 0.134486 -0.142518 -0.088030 -0.367932 
-0.383153 -0.023928 0.087966 -0.087180 -0.106045 -0.065559 0.005678 0.116577 -0.040573 0.280553 -0.206599 -0.119727 0.173472 0.386456 0.101946 -0.144585 -0.095181 0.104570 0.176864 -0.179642 0.159555 0.310311 -0.044306 0.210507 0.291519 -0.295658 0.285802 0.144322 -0.274722 0.051428 0.182247 0.161805 -0.185373 -0.261682 0.406674 -0.214854 -0.143288 0.145017 -0.007130 -0.046986 -0.189024 -0.004929 -0.088263 0.066040 -0.041637 -0.002748 
-0.363336 0.056631 -0.095485 -0.138364 -0.162572 -0.086532 0.162704 -0.042709 0.048892 0.238190 -0.363740 0.031734 0.286010 0.217341 -0.023604 -0.168004 -0.100600 -0.094109 0.224917 -0.083459 -0.083258 0.161044 0.067032 -0.133023 0.400290 -0.463089 0.365305 -0.120329 -0.188330 0.132098 0.186529 0.054067 -0.175298 -0.266153 0.293333 -0.125701 0.240986 0.054203 -0.111053 -0.128384 -0.030693 -0.176230 -0.149125 0.119802 -0.249740 0.060243 
-0.475587 0.107299 0.078077 -0.155971 0.124276 -0.304406 0.144772 0.183634 -0.042156 -0.008681 -0.021925 0.008655 0.328409 0.212886 0.089746 -0.053242 -0.219020 0.103795 0.165970 -0.238861 0.009108 0.182944 0.013451 -0.052640 0.279817 -0.508743 0.417972 -0.066462 -0.149653 0.074595 0.115138 0.235292 -0.216878 -0.309721 0.401615 0.018515 0.422292 0.048811 0.234246 -0.125888 0.000377 -0.128281 -0.280495 0.224041 -0.214970 -0.125051 
-0.373122 0.211854 0.005524 -0.140085 0.117093 -0.305994 -0.056078 -0.034115 -0.307465 -0.261957 0.022621 -0.261696 0.078495 0.039429 -0.021212 0.010997 -0.036065 -0.006973 0.356523 -0.161300 0.070590 0.222085 -0.241134 0.438794 0.260261 -0.334752 0.153042 0.158798 -0.258354 -0.040934 0.141157 0.368195 -0.143508 -0.632788 0.432646 -0.170006 0.201468 0.183176 0.109558 -0.166917 0.044383 0.018207 -0.166967 0.149249 -0.027442 0.197962 
-0.279220 0.248626 0.143192 -0.282061 0.359022 -0.356579 -0.071196 0.113816 -0.262121 0.098044 -0.017987 -0.150806 0.168692 -0.151050 0.009608 0.154375 0.001746 0.232851 0.614053 0.064885 0.224551 0.148132 -0.183670 0.133898 0.061471 -0.465606 -0.067316 -0.009612 -0.251617 0.011472 0.220488 0.218598 -0.162650 -0.465635 0.318638 -0.030042 0.076221 0.004483 -0.134464 -0.291664 0.257276 0.094621 -0.182132 0.029855 0.081827 0.215289 
-0.119509 0.169964 0.127687 0.153196 0.356494 -0.366637 -0.012903 0.304425 -0.286806 0.149915 -0.025341 -0.179395 0.193896 -0.094629 0.029378 -0.040006 0.145603 -0.165994 0.743364 0.229367 0.125174 0.160514 -0.118137 0.406833 0.168965 -0.085690 -0.272577 -0.267738 -0.168416 -0.003678 -0.010772 0.003104 -0.292613 -0.442137 0.253887 0.205640 0.061474 0.024541 -0.123076 -0.055802 0.358299 0.184143 0.157709 0.153873 0.154790 -0.015200 
-0.222007 0.214892 0.013476 0.153758 0.457166 -0.399652 -0.212139 0.103671 -0.288202 0.015032 -0.179898 0.047130 0.452682 -0.179543 0.135697 0.138439 -0.038939 0.027105 0.837724 0.096699 -0.167870 0.332597 -0.026211 -0.042098 0.303695 -0.333137 -0.259048 0.020437 -0.348787 0.104593 -0.163439 0.093085 -0.164115 -0.107409 0.396069 0.168587 0.069851 0.121607 -0.408907 -0.217100 0.380979 -0.075176 0.141177 0.130044 0.045535 0.144819 
-0.162926 0.181615 0.159287 0.298400 0.142536 -0.624612 -0.221623 0.006804 -0.112815 0.100655 -0.037347 0.095522 0.424470 -0.104267 0.011198 0.163900 0.179291 0.252656 0.748322 0.306095 -0.093060 0.268415 -0.152165 -0.237764 0.186068 -0.274014 -0.026347 -0.249091 -0.242408 0.282043 -0.299128 0.206458 -0.138674 0.241612 0.372394 0.197671 0.143459 0.271899 -0.137909 -0.303690 -0.003371 0.124663 0.118900 0.188073 0.033112 0.191542 
-0.255389 -0.108106 0.133392 -0.081104 0.128174 -0.285566 -0.100646 0.305570 -0.236370 -0.213385 -0.155381 -0.053991 0.627935 0.043726 0.095127 0.100073 0.170182 0.358840 0.805955 0.046344 -0.057918 0.462763 -0.129044 -0.029888 0.161283 -0.346732 0.167283 -0.157980 -0.254229 0.047597 -0.358238 -0.037363 -0.198425 0.509745 0.292007 -0.044801 0.225212 0.297238 -0.457260 -0.342114 0.099185 0.134091 0.154884 0.208106 -0.104424 0.253971 
-0.210714 0.239585 -0.034272 0.068087 0.146307 -0.288455 -0.283463 0.096669 -0.107682 -0.063936 -0.203486 0.091714 0.514850 -0.087254 -0.005658 0.164698 -0.101926 0.242563 0.935152 0.200394 -0.017937 0.353587 -0.140920 0.045933 0.106196 -0.403813 0.197133 -0.398021 -0.337949 0.072964 -0.325487 0.145250 -0.272115 0.550642 0.603822 0.120329 0.281889 0.240025 -0.181527 -0.141743 -0.154220 0.138274 0.398151 0.118866 0.091870 0.362221 
-0.163164 0.375358 0.094775 -0.174844 0.103081 -0.200203 -0.098242 0.437527 -0.194734 -0.361798 0.095130 -0.176157 0.216209 -0.037154 -0.068113 0.186720 0.094646 -0.068601 0.916538 0.382064 -0.063053 0.277632 -0.019834 -0.032174 0.179029 -0.305164 0.190344 -0.324516 -0.143044 -0.111147 0.007008 0.135957 -0.217651 0.521113 0.272516 -0.025435 0.533372 0.476969 -0.261041 -0.169455 0.112660 -0.072442 0.200368 0.225332 0.002607 0.249974 
-0.317747 0.400865 -0.120867 -0.197439 -0.052178 -0.184641 -0.377484 0.261412 -0.018856 -0.451867 -0.205153 -0.136447 0.323436 0.069382 -0.141957 -0.132323 0.312660 0.276628 0.652731 0.325981 -0.010230 0.403340 -0.268095 0.043942 0.316268 -0.537218 0.059189 -0.380400 -0.285664 -0.051681 -0.128586 0.129257 -0.534333 0.630471 0.335845 -0.062552 0.342226 0.409782 -0.230152 -0.213279 -0.024303 0.029871 0.225206 0.082665 0.013764 0.456170 
-0.342290 0.462413 0.118202 -0.108686 0.037422 -0.161036 -0.437147 0.155527 -0.274735 -0.294682 -0.014489 -0.235997 0.168783 -0.044547 -0.046717 0.019522 0.335941 0.059280 0.607392 0.320313 -0.232176 0.266477 -0.128041 -0.205998 0.202025 -0.214696 0.183325 -0.472908 -0.321240 -0.141664 -0.067100 0.221413 -0.307514 0.690357 0.286691 0.093076 0.561814 0.460400 -0.297653 -0.012706 0.113251 0.008093 0.208307 0.376497 -0.008458 0.368163 
-0.250946 0.404610 0.089130 0.219444 -0.121831 -0.341337 -0.532544 0.114273 -0.028606 -0.269556 -0.238920 -0.210964 0.007544 -0.146397 0.019384 0.042913 0.462441 0.108044 0.507178 0.317186 -0.278212 0.315194 -0.191540 -0.212589 0.452517 -0.173385 0.019651 -0.577202 -0.469888 0.022606 -0.263611 -0.133451 -0.421799 0.678520 0.499000 -0.062818 0.809613 0.626181 -0.201486 -0.063148 -0.012377 0.013758 0.505429 0.526051 0.052808 0.414244 
-0.276090 0.183889 -0.095323 -0.041530 0.132166 -0.083739 -0.742568 0.381971 0.033915 -0.577357 -0.119286 -0.064452 0.453762 0.088487 0.103265 -0.028195 0.378721 -0.082781 0.178169 0.089145 -0.103069 0.143270 0.183811 -0.177853 0.339570 0.003641 0.156911 -0.609214 -0.336459 0.041417 -0.170954 -0.131351 -0.398368 0.651526 0.441217 0.061637 0.686524 0.527090 -0.412579 -0.435490 0.051732 0.116185 0.376472 0.461072 0.048895 0.138600 
-0.194250 0.196570 -0.142909 0.108345 0.198020 0.102601 -0.436141 0.190022 -0.143883 -0.262111 -0.196612 -0.235800 0.374000 -0.029091 0.236661 -0.075262 0.551485 -0.146572 0.207851 0.140651 -0.258568 0.219991 0.101643 0.078691 0.577916 0.069496 -0.050845 -0.600628 -0.376431 0.059035 -0.273214 0.046941 -0.149017 0.258989 0.442187 0.034214 0.742134 0.476284 -0.325806 -0.378966 -0.112155 0.234177 0.328636 0.032717 0.120701 0.206224 
0.089667 0.274691 -0.000910 0.145484 0.311990 0.376824 -0.363731 0.070280 0.106374 -0.470361 -0.040469 -0.213064 0.363460 -0.018544 0.108486 0.047852 0.347539 -0.092182 -0.013028 0.226601 -0.132576 0.169003 -0.277742 -0.336464 0.340194 0.118863 0.295793 -0.526582 -0.301568 -0.037495 -0.183355 -0.193014 0.015260 0.330361 0.351065 -0.123518 0.948838 0.186164 -0.538581 -0.174968 0.034037 0.255819 0.485124 0.167822 -0.021544 0.381512 
-0.154241 0.305356 -0.166280 0.029755 0.149955 0.387455 -0.304046 -0.025375 0.009119 -0.376362 -0.036732 -0.105834 0.220082 -0.005765 0.013791 -0.197861 0.282090 -0.221118 -0.196101 0.134555 -0.274238 0.230299 -0.143157 -0.164227 -0.031633 0.308927 -0.052908 -0.710786 -0.469649 -0.179536 -0.078873 -0.047844 0.023596 -0.018059 0.345145 0.028931 1.122288 -0.045960 -0.595460 0.028597 0.017311 0.356706 0.564602 0.090006 -0.118336 0.183572 
-0.288927 0.154815 -0.218930 -0.117199 0.539069 0.387231 -0.058603 -0.013974 0.381553 -0.359337 -0.208595 -0.336312 0.241677 -0.007693 0.217899 -0.206448 0.217917 0.078113 -0.069524 0.174672 -0.324840 0.198535 -0.083964 -0.589228 0.056521 0.041427 0.034849 -0.751272 -0.429223 -0.001915 0.182453 -0.081913 -0.099817 0.182594 0.025904 -0.211569 1.208165 0.039676 -0.527563 -0.175215 -0.125679 0.226457 0.329402 -0.026317 -0.299675 0.099903 
-0.223605 0.081169 -0.081789 0.069660 0.369463 0.403433 -0.003471 0.058468 0.273945 -0.385946 -0.170587 -0.311602 0.292201 -0.035423 0.105228 -0.114566 0.362482 -0.078695 -0.388260 0.056196 -0.430009 0.228566 0.151128 -0.467261 0.090603 0.172104 -0.181866 -0.726293 -0.475216 -0.206539 0.279864 -0.150959 -0.034467 0.350542 -0.167253 -0.054743 1.198023 0.062548 -0.441684 -0.248228 0.014311 0.323528 0.317301 0.024483 -0.023505 0.043698 
-0.165757 -0.071182 -0.135281 -0.020321 0.476654 0.871713 -0.225717 0.077681 0.287237 -0.436797 -0.160557 -0.289004 0.390193 -0.033172 0.225668 -0.147643 0.441389 -0.140916 -0.705153 0.114095 -0.138250 -0.069777 0.066435 -0.510994 0.170087 0.139384 -0.077473 -0.609670 -0.388036 -0.055889 0.008393 -0.433650 0.034605 0.547100 -0.142788 -0.212608 0.993516 0.318149 -0.383649 0.064480 0.057249 0.208484 0.548371 0.299901 -0.037566 -0.064557 
-0.037448 -0.154113 0.131705 0.195805 0.445145 0.780829 -0.353416 0.016188 0.294715 -0.446947 -0.465257 -0.404592 0.364200 -0.075498 0.259013 0.110693 0.314926 -0.251410 -0.921417 -0.057585 -0.030669 0.207403 -0.011305 -0.351073 0.276963 -0.127336 -0.005749 -0.663001 -0.214632 -0.222963 0.053127 -0.162088 -0.158549 0.591295 -0.410337 0.029447 0.815958 0.374699 -0.421408 -0.158470 0.061768 0.285348 0.502149 0.080607 0.028069 -0.148290 
-0.338236 -0.252941 0.151654 0.239276 0.546706 0.986086 -0.562214 0.100725 0.265601 -0.363007 -0.457095 -0.431612 0.516963 0.180444 0.425317 0.207013 0.493052 -0.335822 -0.921127 0.186262 -0.214113 -0.168017 0.034017 -0.363509 0.827094 -0.035348 0.231853 -0.544389 0.070791 -0.201067 0.081263 -0.205758 -0.007367 0.885666 -0.370532 0.107333 0.290813 0.417362 -0.253905 -0.211338 0.230729 0.281733 0.495622 -0.158383 0.099860 -0.039120 
-0.417257 -0.120534 0.304449 0.193894 0.284443 1.180960 -0.529235 0.351351 0.408767 -0.083005 -0.504153 -0.530056 0.546093 0.263782 0.526006 0.121401 0.184648 -0.155938 -1.221829 0.101928 -0.479666 -0.271412 0.112331 -0.459030 0.917069 -0.028993 -0.300133 -0.617353 0.010774 -0.294896 0.270428 0.051420 -0.094661 1.303675 -0.824464 -0.007571 0.393001 0.158854 -0.229579 -0.183328 0.086405 0.386270 0.568042 -0.243973 0.032231 0.100315 
-0.199005 0.074313 0.588802 0.069940 -0.097189 1.204507 -0.659322 -0.060622 0.538166 -0.228412 -0.427261 -0.406618 0.384403 0.139730 0.211710 -0.114831 -0.226103 -0.093471 -1.323016 0.047930 -0.652813 -0.140121 0.294277 -0.478859 0.976624 0.111269 -0.152796 -0.623182 -0.004210 -0.474868 0.402600 -0.016132 0.254394 1.921782 -0.893657 -0.146202 0.407358 0.285509 -0.237408 -0.171438 0.035391 0.528749 0.482162 -0.232152 -0.021722 0.031485 
-0.052094 0.116471 0.724636 0.179655 -0.435274 1.292366 -0.599632 0.022055 0.434231 -0.173643 -0.165136 -0.555701 0.538419 -0.042048 0.216614 -0.259331 -0.299349 -0.144516 -1.610755 0.048158 -0.799438 -0.045195 0.172582 -0.650624 1.097146 0.233724 -0.021691 -0.555824 -0.066532 -0.320278 0.566233 -0.001542 0.444356 2.728703 -1.086951 0.058395 0.502286 0.193623 0.063663 0.217418 -0.091682 1.106553 0.357504 -0.180559 -0.442032 0.139879 
