-1.258672 -0.284083 0.690916 0.317729 -0.060308 -0.271455 -0.812511 0.011971 -0.907799 0.161211 0.377660 -2.257720 -0.571808 0.326570 0.190687 -1.236066 
-0.359314 0.192531 -0.548588 0.578934 0.138454 0.063024 0.123011 -0.470460 0.208802 0.536934 -0.010151 0.058568 0.603528 0.755186 0.016149 -1.086414 
0.553782 0.054734 -0.171840 -1.171537 -1.026991 0.017513 0.074043 -0.605560 -0.272653 0.806820 -0.086142 -0.339013 0.229852 -0.440630 -4.373333 -0.935707 
0.572384 0.375170 0.158409 -1.576985 -1.560737 -0.380024 0.396704 0.389192 -0.507850 -1.392121 0.035985 0.323438 -0.305973 0.119350 -0.827642 0.395944 
0.178647 0.179012 -0.330929 -0.095983 0.929315 -0.457685 0.942965 -0.266955 -0.701508 -1.023067 -0.406665 0.099960 0.197600 0.206616 0.859201 0.277496 
0.452371 -0.810298 -0.246797 1.269290 1.394210 0.239976 0.099255 -0.647992 -1.095693 -0.490593 -0.141891 -2.763818 0.701622 -0.553823 -1.820751 -3.938365 
-0.012512 -0.444536 0.258801 -0.910757 0.216812 0.090440 -2.836413 0.424996 -0.497687 0.152126 -2.345734 -0.289250 -0.175257 -1.144500 0.573236 0.042577 
0.144891 0.298799 -0.578057 -0.948903 0.311179 -0.514167 -0.676468 -0.308620 0.847605 0.271464 0.532480 0.354508 0.533193 -1.250980 0.266111 -0.430434 
-0.795458 -0.154056 0.062995 0.488356 0.342491 0.904046 0.192322 -0.875286 -0.030159 -0.704805 0.539579 -0.293581 -1.781563 0.258327 -0.261422 -0.365357 
-0.999324 0.256790 -0.078195 0.652048 -2.158164 -0.382887 -0.163941 -0.318843 0.319684 1.236491 -0.889167 -0.428987 -1.371952 0.472621 -2.469885 -0.493834 
-0.696158 -0.376858 0.294910 -0.869560 0.900266 -0.142563 -1.741643 -0.037473 -0.994019 1.572305 0.259992 -0.971715 -2.343060 0.109993 -0.649849 -0.343797 
0.485327 -0.048813 -0.356582 0.596641 -0.496915 -1.921395 0.041825 0.341057 0.303797 0.537065 -0.090018 0.742494 -1.479249 -0.623548 -1.034423 -0.336812 
0.483127 -1.427610 0.243581 0.324543 0.275688 -0.249944 -0.299651 0.146663 0.002996 0.507568 -0.169950 -1.712908 -0.781996 0.773118 -0.120589 -2.389649 
0.496492 -1.352629 0.168326 -0.636474 0.061536 0.194133 0.063235 0.336038 -0.617821 -0.483798 -0.609250 -0.164320 -0.903679 -1.003019 0.744728 -1.232598 
0.038131 0.640548 0.119837 0.095959 -2.051124 -0.922900 0.918590 -0.111139 -0.790927 -0.841263 0.174046 0.175523 0.402740 -0.527174 -1.815136 -0.303856 
0.349534 0.293253 -0.141782 -0.557103 -0.140384 -1.807588 -1.329869 -0.214885 0.053624 -0.636684 -0.266137 0.582966 0.167303 -1.200184 -1.035896 0.227709 
0.760946 -0.127581 0.172316 -1.215556 -0.518111 0.064997 1.062484 -0.152227 -1.754874 -1.042733 0.506032 -0.636086 -1.511079 0.480403 0.120457 -2.860424 
-0.169372 -0.181294 -0.327108 -0.136855 -0.071501 0.117286 -0.202397 -1.269778 0.715550 1.630602 -0.369904 -0.086834 0.407395 -0.657602 -0.890763 -2.519559 
-0.326878 1.271594 0.682137 0.290935 0.609022 1.244319 0.284950 -0.973510 -1.223337 -1.941457 -1.889357 -4.659541 -2.749263 -0.950011 -3.224845 -1.960610 
0.185508 0.199920 0.260597 -2.382652 0.934223 -1.406060 -1.352337 0.553414 0.488187 -0.311794 0.068222 0.330353 0.228467 -0.061124 -0.470491 0.725456 
0.699406 -0.892253 -0.351942 -3.101535 0.781154 -0.336357 -0.052041 -0.248447 -0.048816 -0.440096 -0.606505 -1.439277 0.906416 0.376789 -2.390377 -1.450547 
-0.516592 0.492646 0.135057 1.586969 -1.256004 -0.014997 -0.002935 0.213542 -1.650184 0.034780 0.067781 -0.516608 -3.414094 -0.234041 -1.186799 -5.819526 
-0.061379 -0.337409 0.474203 -1.988961 -1.657667 0.212535 -0.304987 1.009315 -0.357891 0.123782 -0.929915 -0.424548 -1.198338 0.138162 -2.083165 0.085921 
0.121803 0.337781 -0.358248 -0.102758 0.154448 0.084674 0.554387 -1.396967 0.383005 -1.389092 -0.284519 0.284767 0.810468 -0.239387 -0.146813 0.446169 
0.246841 -0.443774 0.221192 0.265449 -2.122276 0.079141 -0.099557 0.418501 -0.147185 0.667918 -0.510173 -0.058565 -0.277714 -0.453851 -0.139493 -1.853345 
0.343646 0.316852 -0.178222 -0.662696 0.392107 0.831065 1.049019 0.155567 -0.056114 0.104258 -0.053537 -1.597551 -2.021338 0.379053 0.600192 0.849465 
0.096388 -0.601115 -0.401585 -0.455408 -0.509204 -0.072738 -0.127621 -0.441226 0.749503 0.519058 0.058247 0.782719 0.522605 -0.176041 -0.077890 -4.175597 
0.213857 -0.333487 -0.057337 -2.618666 -0.709137 1.067261 0.070351 -0.761303 -0.552543 -0.970691 -0.326232 -1.223223 0.318685 0.563538 -3.981006 -1.757673 
0.109004 0.115390 -0.011083 0.285415 0.232925 -0.015601 -0.653862 0.088331 -0.090632 -0.437073 -2.406604 0.187759 0.160769 -0.312137 -1.145172 0.153124 
0.007181 -0.290189 0.780934 0.687041 1.172970 0.007457 -1.357182 0.338971 -0.779353 -2.199581 0.162117 -0.338369 -0.470462 0.418523 -0.721912 -0.897667 
-0.675065 1.070289 -0.374747 0.308824 1.570466 1.066763 -1.466201 -0.614164 -2.720435 -1.454757 -0.539178 -1.749854 0.763006 0.409811 0.852508 -1.922992 
0.377745 -0.097638 -1.064840 -1.203239 -0.144235 0.153836 0.438223 -0.053477 -0.299535 -0.155165 0.635391 0.250895 0.465036 0.462096 1.102930 0.013268 
-0.919663 0.765677 -0.042694 0.741656 1.047271 0.387709 0.659626 -0.104916 0.573650 -0.189728 0.812824 -0.547073 -1.016717 0.138590 -1.418651 0.107558 
0.212063 0.197923 -0.341500 -0.647232 0.608939 0.990392 -1.424247 -0.786074 -1.017072 1.005680 -0.516201 0.270816 -2.422250 0.305892 0.003340 -3.851859 
0.509255 -1.140874 0.191483 0.289139 0.381946 0.296014 -0.118944 0.015062 -0.925656 -0.494303 0.066187 -1.614374 -1.919973 0.319055 0.068249 0.004645 
0.325754 0.271197 0.193166 -0.019559 -0.031441 -3.140226 -1.502150 0.115298 -0.025293 0.322093 -0.287243 0.110346 0.103575 -0.695642 -0.179932 0.309357 
-0.798856 0.198248 -0.287387 0.417169 1.394452 0.383107 0.534671 0.134881 -0.444469 -0.698921 -0.270127 -5.172593 0.268931 -0.308849 0.822442 -3.306933 
-0.072526 -0.282391 0.297490 -0.718893 -1.950348 -0.024775 -0.729667 -0.106765 0.220893 0.353232 0.422463 -0.211319 0.230850 -0.224877 0.479497 -0.873319 
1.108920 -0.727116 0.082905 0.936961 -4.878354 0.620731 0.353117 -0.012708 -1.581486 -0.707569 -0.538720 0.364235 -1.103954 0.520668 -0.159350 -3.514995 
-0.848079 -0.557088 0.335912 0.534954 -0.440000 0.227103 -0.949721 0.458090 -0.651526 -0.464572 0.048541 0.676696 0.642570 0.228018 0.453183 0.024184 
-0.081576 0.745112 0.404861 -0.154843 -3.246481 -2.926595 -1.169464 0.790172 -3.730595 0.202261 0.281121 1.053419 -1.594052 -0.729655 0.074945 -0.145002 
-0.590783 -0.887446 0.187893 0.900563 -0.761388 -1.053196 -0.531636 -0.048691 -0.787446 0.536589 -0.013146 -0.912529 -1.455237 0.251715 -0.642911 -3.279481 
-0.222340 -0.011110 0.453654 -0.557422 -2.619569 -0.001832 -0.080568 0.272705 -2.471086 -1.040917 -0.122340 -0.688160 0.306145 -0.035030 -0.325853 -0.217259 
-0.547806 -0.381613 0.609624 0.665654 -0.623405 -0.367799 -0.490928 0.104340 -0.471324 -1.581920 0.625575 -0.186368 0.130029 1.437340 -0.955419 -0.587102 
0.062517 -0.014437 0.047187 -0.696811 -0.062400 -2.001412 0.044506 0.066882 0.428608 0.470699 0.013530 -0.156298 -0.041056 -2.342440 -0.499217 0.346136 
-0.160123 -0.068202 -0.945481 1.084033 0.055457 0.239640 0.361414 0.069053 0.037434 0.078904 -0.695559 0.961753 0.995388 0.104248 -1.906883 -1.243237 
