0.244319 0.126604 -0.276985 -0.296173 0.542033 -1.659799 -0.452422 -0.266958 -0.286525 -0.628780 -0.034381 0.950658 -0.493870 -0.585102 0.573275 0.324251 -0.340838 -0.047529 0.506422 0.353745 -0.022914 0.004630 0.162936 -0.095621 -0.231153 1.487557 0.328866 0.765630 -0.077737 0.794586 0.228534 0.468404 0.571671 -1.012689 -0.316768 0.226059 0.181257 0.177606 -0.123619 -0.770324 -0.323643 0.081676 0.582652 -0.475780 0.164433 -0.145595 0.106833 -0.209423 
0.074028 0.203701 -0.036263 0.002348 0.160447 -1.444808 -0.383313 -0.145440 -0.023271 -0.620714 -0.338100 0.839474 -0.746418 0.254219 0.463035 0.176147 -0.501014 0.345379 0.656933 0.093759 -0.169097 -0.060305 0.189115 -0.202231 -0.169633 1.410826 0.006545 0.854184 -0.252006 0.703277 0.411908 0.345233 0.448142 -0.878145 -0.218086 -0.082423 -0.031538 -0.102278 0.117732 -1.056120 -0.516112 -0.009624 0.229727 -0.072243 0.084194 -0.070276 0.262410 -0.366393 
-0.011429 0.033525 -0.321672 -0.293496 0.087340 -1.276255 -0.308420 -0.185269 -0.205428 -0.238471 -0.127888 0.647057 -0.633933 0.427179 0.132426 0.067423 -0.541563 0.179824 0.788848 0.130760 0.050730 -0.039674 0.290395 -0.017577 -0.453728 1.241274 -0.246688 0.734472 -0.164239 0.589963 0.126374 0.126681 0.322229 -0.891910 -0.214268 0.072532 -0.315954 -0.232937 -0.063722 -1.038637 -0.610600 0.025114 0.141359 0.249869 0.225394 -0.272542 0.172444 -0.074221 
0.073694 0.071279 -0.023222 -0.235459 -0.050492 -1.426453 -0.186930 -0.312940 0.137835 -0.301805 -0.135165 0.745246 -0.888393 0.168191 0.135934 0.083133 -0.383907 0.050418 0.747781 0.249367 0.120014 0.046251 0.143322 -0.078912 -0.450144 1.310042 -0.303287 0.700608 0.013282 0.658851 0.280668 0.312678 0.351082 -0.736345 -0.341726 0.154295 -0.106920 -0.334010 -0.079179 -0.792321 -0.765109 0.045534 0.391618 0.119784 0.334711 -0.111679 -0.108619 -0.128902 
-0.154029 -0.100110 -0.124683 -0.184469 -0.095248 -1.083083 -0.219071 -0.198100 0.209407 -0.070446 0.029988 0.528651 -0.572879 0.065234 0.064373 -0.123602 -0.271789 0.338025 0.459200 0.102223 0.197467 0.475634 -0.002856 -0.099333 -0.438102 1.266313 -0.082287 0.667697 0.126552 0.636917 0.085038 0.136834 0.109536 -0.810952 -0.108046 0.220564 -0.183293 -0.313232 -0.009631 -0.329235 -1.046325 -0.075277 0.144248 -0.051359 0.297808 -0.341900 0.088398 0.012973 
0.047863 0.007036 0.022385 0.091894 -0.013874 -0.997736 -0.078347 0.050316 0.163224 -0.117728 0.117851 0.376203 -0.420924 -0.092484 0.326132 -0.094027 -0.167431 0.105657 0.210447 0.302448 0.426012 0.366943 -0.057868 -0.215458 -0.145917 1.333173 -0.074007 0.534769 -0.033114 0.252529 0.304346 0.152238 0.030645 -0.715220 -0.221699 0.221121 -0.347642 -0.370571 0.048176 -0.451164 -0.936347 -0.018084 0.103371 0.030788 0.216004 -0.231774 0.257006 -0.026699 
-0.010369 0.069930 -0.043017 -0.044170 0.017205 -0.752552 0.044821 0.141580 0.296071 -0.067368 0.119421 0.546337 -0.480344 -0.032699 0.302269 -0.088989 0.072365 0.293415 0.418641 0.386866 0.276051 0.260481 -0.142961 -0.026880 -0.065945 1.186073 0.028606 0.705518 0.154735 0.447855 -0.006736 0.166061 0.307557 -0.485712 0.001562 -0.028286 -0.058569 -0.149492 0.177070 -0.392644 -0.662846 0.162562 -0.069719 0.040764 0.245112 -0.122006 0.203252 0.210091 
-0.015096 -0.088900 0.140989 -0.153974 0.077081 -0.737506 0.028208 0.074986 0.119995 -0.115621 -0.073561 0.387061 -0.368817 0.157925 0.354303 -0.123265 -0.001390 0.181833 0.399189 0.317592 0.252429 0.238341 -0.298310 -0.108851 -0.177259 1.152845 0.085478 0.834918 0.026979 0.166303 0.075005 0.207541 0.135967 -0.463628 -0.284544 -0.016851 -0.138571 -0.169454 0.232696 -0.613448 -0.747905 0.072758 0.080036 0.119270 0.553538 -0.151699 0.135982 0.368155 
-0.013562 0.269896 0.257450 -0.152827 -0.045319 -0.676149 0.165009 -0.027816 0.407772 -0.002582 0.253526 0.207158 -0.275659 0.063679 0.241921 -0.118823 0.116098 0.286952 0.352536 0.266180 0.230991 0.328835 -0.048836 -0.170698 0.025809 1.097996 0.234733 0.887014 0.292060 -0.011163 0.127903 -0.115103 0.029596 -0.424536 -0.460381 -0.048281 -0.281812 -0.439991 0.227415 -0.491484 -0.543237 0.225313 -0.083488 0.108008 0.429959 -0.091632 0.264442 0.281198 
0.005492 0.047697 0.075735 0.081611 -0.067696 -0.408895 0.394633 -0.124312 0.325453 -0.013032 0.122152 0.246548 -0.053899 -0.006854 0.295670 0.013772 0.198673 0.386774 0.423440 0.241716 0.320806 0.343640 0.109643 -0.171630 0.018531 1.043452 0.180545 0.850078 0.319113 -0.016209 0.030339 0.025086 0.114824 -0.422583 -0.330998 0.073507 -0.107349 -0.370649 -0.083144 -0.447092 -0.556756 0.203711 0.296745 0.188697 0.512779 0.039251 0.073594 0.100765 
0.099395 0.076654 0.181565 0.079321 -0.047384 -0.481984 0.197393 0.125022 0.369098 0.101924 -0.057872 0.025913 -0.063889 0.136786 0.226513 -0.407233 -0.083689 0.156481 0.439489 0.281686 0.350520 0.616204 0.051653 -0.152123 -0.115977 0.890242 0.169989 0.890251 0.225549 0.098269 0.106015 -0.025477 0.156212 -0.519134 -0.540241 0.199706 0.069556 -0.353896 0.038412 -0.204354 -0.631791 0.265957 0.195129 -0.015945 0.480546 -0.064641 0.197454 0.134199 
0.138754 -0.210495 0.105011 -0.077332 0.206666 -0.536508 0.111904 0.013802 0.303750 0.145915 -0.214458 0.013104 -0.217907 -0.003661 0.387577 -0.329210 0.100950 -0.079633 0.715899 0.375233 0.211261 0.624131 -0.062085 -0.095197 -0.099999 0.768533 0.017658 0.792424 0.183514 -0.128433 0.040001 -0.158891 0.315262 -0.530432 -0.521090 0.091522 0.135827 -0.587877 -0.078454 -0.058407 -0.555528 0.206277 0.196435 0.127724 0.278074 -0.225900 0.049983 0.168185 
0.182065 -0.358405 0.127422 0.104833 0.005765 -0.354812 0.121120 -0.049602 0.152016 -0.036134 -0.194785 0.136979 -0.196725 -0.051416 0.306195 -0.393166 0.097217 0.091965 0.492804 0.547211 0.233552 0.640918 0.105775 -0.008736 0.099281 1.012179 0.171971 0.813795 0.161050 -0.017353 0.135246 -0.138584 0.339496 -0.019077 -0.441601 -0.108509 0.265236 -0.389509 0.031136 0.081788 -0.496905 0.240724 -0.008800 0.108163 0.291622 -0.298860 0.307660 0.016704 
0.147757 -0.408049 0.123578 0.169032 -0.136409 -0.481542 -0.074648 0.136696 0.229037 -0.033789 -0.216579 0.340769 -0.237753 0.053486 0.386876 -0.157356 0.171982 0.081551 0.626042 0.512053 0.404936 0.318472 -0.001128 0.199335 -0.156443 0.918301 -0.110025 0.653214 0.100286 -0.256846 0.069504 -0.349756 -0.037663 0.191079 -0.469118 0.031359 0.052843 -0.581644 -0.017257 0.087184 -0.443775 0.214818 0.413307 0.029744 0.380247 -0.166703 0.212087 0.075188 
0.211393 -0.508750 0.151926 0.092798 -0.007353 -0.113172 -0.093016 0.340149 0.366019 -0.083020 -0.310970 0.357452 -0.164607 -0.176964 0.009921 -0.423375 0.180485 0.210853 0.425314 0.238367 0.263470 0.501180 -0.186299 0.139514 -0.338929 0.865307 -0.065408 0.567245 -0.134371 -0.129897 0.302973 -0.297646 0.158333 0.314477 -0.459954 0.058387 -0.027662 -0.459803 0.009066 0.310937 -0.374112 0.058007 0.435087 0.025179 0.202387 -0.169553 0.183010 -0.104784 
0.041536 -0.513671 0.069177 0.297040 -0.066750 0.063662 -0.006054 0.275357 0.356431 -0.121674 -0.432339 0.323217 0.066662 0.071843 0.267779 -0.484612 0.076464 0.143590 0.509164 0.080223 0.331287 0.558673 0.045571 -0.002228 -0.361713 0.551382 -0.177816 0.481706 -0.186770 -0.096802 0.030477 -0.318765 -0.166021 0.269131 -0.397126 -0.166279 -0.185652 -0.532368 0.119366 0.517323 -0.238734 0.236500 0.166544 -0.170299 0.178682 -0.219092 0.016047 0.034522 
0.194387 -0.547957 0.190110 0.372126 -0.153541 -0.072177 0.046464 0.224872 0.096310 -0.082169 -0.292532 0.505462 0.294198 -0.077148 -0.113114 -0.256094 0.041944 -0.037964 0.517778 0.115970 0.332753 0.677509 -0.065049 -0.105150 -0.583358 0.415867 -0.154473 0.255602 -0.183433 -0.388262 0.188638 -0.123975 -0.033299 0.354340 -0.340617 -0.006098 0.044170 -0.567583 0.088793 0.562291 -0.558241 0.011539 0.096015 0.031828 0.196833 -0.241732 0.056912 -0.032683 
0.181354 -0.504442 0.252069 0.279538 0.012243 -0.036987 0.006504 0.135253 0.109976 -0.147962 -0.237480 0.396494 0.252163 0.067470 0.004117 -0.332699 -0.127794 -0.053919 0.618375 0.186885 0.445958 0.546666 0.089415 0.227583 -0.535209 0.443609 -0.069899 0.053003 -0.181974 -0.310885 0.254250 0.042042 -0.146008 0.281694 -0.167297 0.108078 -0.013745 -0.309712 0.089254 0.667326 -0.160169 0.019353 0.062301 0.031001 0.173136 -0.124518 0.196893 0.081775 
0.050486 -0.388837 0.226355 0.282434 0.096759 0.032234 0.069179 0.164741 -0.008855 -0.089357 -0.187584 0.507190 0.236213 -0.024575 -0.051674 -0.529276 -0.130920 0.081859 0.569663 0.353748 0.730753 0.510447 0.036495 0.393310 -0.422350 0.261007 -0.140646 0.009109 -0.184716 -0.721301 -0.196283 0.104490 -0.193532 0.299197 -0.039063 0.041821 0.077023 -0.483384 0.246280 0.589354 0.171088 0.029109 0.086115 0.065087 0.021176 -0.384321 0.119947 0.192204 
0.093672 -0.511136 0.555843 -0.032105 -0.168136 0.265025 -0.035516 0.051379 -0.071721 0.003740 0.002534 0.432226 0.227605 -0.150052 0.044172 -0.241915 -0.088315 -0.068375 0.808913 0.213959 0.525653 0.053947 -0.089286 0.283794 -0.186710 0.237950 -0.108830 -0.048711 -0.248211 -0.673769 -0.065183 0.350409 -0.116869 0.337611 -0.086314 -0.019597 0.415203 -0.631102 0.129026 0.646291 -0.004450 0.017052 0.317187 0.141840 -0.152675 -0.503871 0.379270 0.193248 
-0.170230 -0.488858 0.553659 0.010945 -0.242418 0.261354 -0.205011 0.343373 -0.092091 -0.178412 0.216576 0.132131 0.045778 -0.044101 -0.204000 -0.291383 -0.028149 -0.303578 0.670992 0.112874 0.349692 0.141397 -0.088381 0.343816 -0.111266 0.196679 -0.155351 -0.058509 -0.206820 -0.540922 0.085040 0.128591 -0.259010 0.479802 0.016525 -0.073487 0.185464 -0.560992 0.288302 0.761371 0.234356 0.173785 0.507821 0.037710 -0.163941 -0.700481 0.224328 0.161136 
-0.089471 -0.700432 0.413996 0.084266 -0.129382 0.226843 -0.032880 0.314635 0.073343 -0.144498 0.100471 0.137485 -0.021785 -0.128512 0.002306 -0.338700 -0.214615 -0.173915 0.667787 0.196327 0.306017 0.235460 0.070027 0.409767 -0.129410 0.289425 -0.161146 -0.442718 -0.299347 -0.480322 -0.232326 0.192540 -0.106531 0.491318 -0.102868 0.314487 0.248035 -0.478029 0.018611 0.708075 -0.035018 0.215355 0.642216 0.045806 -0.083670 -0.777547 0.246439 -0.105041 
-0.224609 -0.430177 0.474473 -0.081655 -0.026152 0.444619 -0.004587 0.366655 -0.162150 0.081634 0.024053 -0.256231 0.003541 0.037822 -0.141066 -0.435921 -0.181283 -0.537885 0.843327 -0.043798 0.284260 0.408865 0.035966 0.421934 -0.252305 -0.007681 -0.053944 -0.710047 -0.052809 -0.391392 -0.018281 0.177304 -0.165792 0.443521 -0.110105 0.290505 -0.127003 -0.306253 0.111592 0.958194 0.224664 0.398077 0.354907 0.085848 0.085437 -0.842672 0.127051 0.015711 
-0.221989 -0.357354 0.445576 0.228819 -0.060548 0.308722 0.230565 0.425610 -0.285496 0.263212 0.013779 -0.167082 0.143718 0.039148 0.024521 -0.548079 -0.241661 -0.566672 0.612615 0.156849 0.123181 0.640560 -0.132848 0.303007 -0.050095 -0.028630 -0.013476 -0.748250 0.156471 -0.317659 -0.163182 0.308446 -0.162074 0.268663 -0.198785 0.239132 -0.132402 -0.359249 0.308413 0.912733 0.178760 0.385832 0.378067 -0.052157 -0.163951 -0.965202 0.174566 0.043822 
-0.315790 -0.429819 0.639846 0.112925 -0.026238 0.253432 0.082037 0.622887 -0.378144 0.034348 0.046092 0.027328 -0.203026 0.193549 -0.321743 -0.502539 -0.293517 -0.497813 0.792375 0.017541 0.227883 0.778647 -0.133397 0.427294 -0.067759 -0.099591 -0.003824 -0.756563 0.104355 -0.447682 -0.071805 0.254870 -0.572242 0.708306 -0.273431 0.278190 0.073739 -0.320343 0.428022 0.706628 0.382516 0.307458 0.208905 -0.110374 -0.138590 -0.838351 0.112054 0.215867 
-0.246720 -0.433690 0.433080 0.147432 -0.150569 0.056067 0.235352 0.341999 -0.158301 0.286155 -0.196995 0.015892 -0.083346 0.487038 -0.240862 -0.312682 -0.465058 -0.646063 0.703895 0.197445 0.238647 0.698483 -0.104225 0.144799 0.069282 -0.260085 0.197319 -0.982651 0.257235 -0.343741 -0.079374 0.091782 -0.503651 0.309908 -0.127050 0.551282 -0.106972 -0.322408 0.351221 0.694639 0.365787 0.120314 0.421768 0.033574 0.011977 -0.988499 0.203697 0.196202 
-0.067411 -0.488144 0.698732 0.130272 -0.184021 0.307954 -0.054093 0.247594 -0.199826 0.060650 -0.216404 0.261846 -0.001060 0.212899 -0.086085 -0.319285 -0.352421 -0.539267 0.422088 0.157061 -0.007928 0.762617 -0.067607 0.078679 0.041885 -0.296895 -0.035563 -0.729541 0.256345 -0.302974 -0.224207 0.442774 -0.502907 0.595820 -0.173500 0.352957 -0.059704 -0.357794 0.245103 0.737414 0.343844 0.201857 0.286561 0.005836 0.138472 -0.874834 0.190956 0.158809 
-0.043950 -0.363166 0.387382 0.178738 -0.138157 0.186535 0.060882 0.156132 -0.193737 0.090534 -0.014498 0.266008 0.177890 0.208473 -0.286189 -0.418994 -0.293307 -0.572300 0.539244 0.266902 0.230987 0.470492 -0.014254 0.121379 0.226326 -0.373547 0.164481 -0.503557 0.204633 -0.149924 -0.456650 0.776065 -0.273682 0.428774 -0.051104 0.452597 -0.253714 0.164589 0.203253 0.694985 0.359578 0.065752 0.188985 0.015146 -0.036307 -0.903115 0.032326 0.375040 
-0.144736 -0.541381 0.495341 0.287326 -0.181839 0.424005 0.197026 0.044713 -0.096075 0.298444 0.029157 0.275452 0.019988 0.008982 -0.185937 -0.187139 -0.046018 -0.456321 0.550770 0.483445 0.144674 0.247463 0.245087 0.244256 -0.137173 -0.362135 -0.104910 -0.563526 0.361699 -0.267153 -0.617586 0.595261 -0.427918 0.478840 -0.037914 0.350544 -0.107412 0.144174 0.100281 0.916413 0.609625 0.101920 0.127056 0.006981 -0.139822 -0.984361 0.065008 0.171630 
0.018437 -0.589540 0.591673 0.172090 -0.341951 0.481883 0.063279 0.217428 -0.380787 0.156863 0.032309 0.240045 -0.068619 -0.044642 -0.265296 -0.265433 -0.267190 -0.154759 0.452523 0.294031 0.201381 0.426957 0.270530 0.439403 -0.069482 -0.243124 0.058896 -0.482196 0.265195 -0.206077 -0.459748 0.371756 -0.523002 0.453529 0.133979 0.170751 -0.065824 0.477760 -0.102464 0.865721 0.552244 0.115632 0.137773 -0.093160 -0.382951 -0.799234 0.118128 0.217097 
-0.244833 -0.683813 0.542418 0.260999 -0.093856 0.363513 0.017098 0.383249 -0.123928 -0.036500 -0.113202 -0.106820 -0.135650 0.088324 -0.205167 -0.087496 -0.209307 -0.310533 0.363456 0.410786 0.506734 0.207003 0.000383 0.651127 -0.116458 -0.323730 0.112249 -0.743212 -0.004976 -0.192435 -0.602570 0.266288 -0.332610 0.799717 0.182386 -0.234053 -0.089928 0.516883 -0.043959 0.891202 0.558482 0.136087 0.017155 0.026354 -0.260252 -0.685965 -0.112010 -0.032247 
-0.137133 -0.325687 0.588662 0.179112 -0.217906 0.398018 0.005630 0.244575 0.039056 0.041708 0.055292 0.073683 -0.190129 -0.164453 -0.489405 -0.196475 0.000028 -0.362159 0.378670 0.089201 0.239649 0.011854 -0.023877 0.249267 -0.135233 -0.478640 0.110893 -0.709211 0.094277 -0.224512 -0.574947 0.016664 -0.291470 0.706752 0.052344 -0.283557 0.176193 0.370743 -0.241058 0.725812 0.549102 0.318533 0.139863 -0.040351 -0.245835 -0.863465 0.056348 -0.315412 
-0.286791 -0.352964 0.682535 -0.138852 -0.371223 0.518794 -0.173972 0.221398 0.115004 -0.020452 0.197263 -0.202027 -0.030164 0.085982 -0.408726 -0.359371 -0.029399 -0.561238 0.453430 0.055997 0.367185 0.035591 0.090165 0.099395 -0.186074 -0.355155 0.203975 -0.896409 0.001726 -0.272763 -0.696563 -0.074636 -0.110668 0.719457 0.035833 -0.323615 -0.160687 0.512825 -0.228730 0.997659 0.673786 0.238139 -0.036605 -0.044146 -0.205993 -0.521458 -0.109197 -0.093734 
-0.550360 -0.468078 0.554275 -0.021788 -0.392977 0.499824 0.037657 0.214556 0.021298 -0.151141 0.112661 0.011975 -0.184105 0.049213 -0.415508 -0.234623 0.038449 -0.533132 0.383628 0.133024 0.447667 0.169619 0.137092 0.057053 -0.285618 -0.669354 0.089722 -0.788362 0.145317 -0.124533 -0.494943 0.033480 0.106193 0.700509 0.064521 -0.162942 -0.147302 0.486541 -0.160565 0.746250 0.710539 0.172698 -0.234430 -0.073460 -0.460430 -0.425066 -0.074367 -0.150593 
-0.531411 -0.522905 0.578068 -0.030719 -0.035498 0.701032 -0.028161 0.065557 0.235523 0.056630 0.403954 -0.322910 -0.102050 0.040086 -0.408524 -0.506200 0.126973 -0.495806 0.428431 -0.150366 0.447814 0.289179 0.289985 0.005030 -0.349460 -0.691916 0.088778 -0.652132 0.086227 -0.138541 -0.662459 0.309764 -0.005000 0.490476 0.038443 -0.170169 -0.121737 0.497623 -0.212239 0.614283 0.753010 0.227447 -0.338253 0.120552 -0.255707 -0.178965 0.147708 -0.149127 
-0.585393 -0.141737 0.274113 -0.177855 -0.335769 0.541673 -0.364346 0.182784 0.099922 0.190509 0.511810 -0.327303 0.075469 0.012763 -0.191930 -0.531168 -0.076193 -0.270939 0.322184 -0.018591 0.743241 0.418066 0.051928 0.170884 -0.170823 -0.489454 -0.046476 -0.990363 0.408547 -0.222602 -0.583949 0.357119 0.008060 0.606197 0.204532 -0.059007 -0.170173 0.545842 -0.155647 0.536917 0.674312 0.057541 -0.341310 0.112041 -0.178366 -0.338073 -0.016806 -0.080548 
-0.373596 0.230800 0.478753 0.117101 -0.110772 0.544626 -0.227680 -0.061873 0.109714 0.166493 0.373497 -0.071091 0.035635 -0.173331 -0.299891 -0.721808 0.096433 -0.199604 0.373261 0.013970 0.914047 0.529254 0.056018 0.274876 -0.372140 -0.609253 -0.183531 -0.706744 0.248233 -0.233197 -0.657721 0.583711 0.189763 0.472054 0.235681 0.088043 0.002386 0.698105 0.010442 0.694438 0.734601 0.241750 -0.179608 0.070399 -0.088976 -0.126400 -0.339318 0.160725 
-0.106182 0.227992 0.600056 -0.019519 -0.308114 0.311823 -0.354818 -0.080722 -0.038423 0.008315 0.312333 0.042121 0.088464 -0.380561 -0.279872 -0.448243 0.151641 -0.298651 -0.089373 0.181099 0.848019 0.512383 0.019504 0.135024 -0.273500 -0.651909 -0.173230 -0.722907 0.457119 -0.364271 -0.711455 0.528288 0.333027 0.650206 0.224651 0.088770 0.197211 0.991921 -0.025376 0.610175 0.683783 0.170584 -0.319862 0.164507 -0.070588 -0.242587 -0.349406 -0.087015 
-0.063163 0.700051 0.702047 0.003972 -0.091584 0.345011 -0.564399 -0.034009 0.115413 0.232098 0.502535 -0.221063 0.089651 -0.314051 -0.380824 -0.403829 0.114310 -0.139814 -0.186377 0.016402 0.914786 0.594726 0.058446 -0.017014 -0.161364 -0.647689 -0.262730 -0.865859 0.488968 -0.338193 -0.690167 0.276601 0.578167 0.658290 0.135760 0.039053 0.166618 1.003204 0.075154 0.921094 0.554498 0.314611 -0.185824 0.252501 0.021482 -0.091067 -0.700135 0.084953 
-0.324424 0.629234 0.399005 -0.328416 -0.167890 0.428763 -0.844632 -0.069695 0.134995 0.134756 0.515069 -0.402104 -0.182558 -0.545250 -0.056692 -0.585001 0.178130 0.118001 -0.221352 0.107986 0.429120 0.562157 0.246580 0.339008 -0.381575 -0.597917 -0.269221 -0.801502 0.541214 -0.418616 -1.064586 0.213627 0.416173 0.415441 0.008172 0.146197 0.170926 1.099244 -0.062982 1.311546 0.521718 0.401700 0.035476 -0.001811 -0.264720 -0.321577 -0.893611 -0.153511 
-0.163131 0.870363 0.399506 -0.151873 -0.242054 0.349117 -0.847604 -0.210534 -0.043838 0.239109 0.353149 -0.544211 0.031288 -0.454110 -0.034388 -0.217489 0.056590 0.085626 -0.444347 -0.021986 0.405011 0.358482 -0.034270 0.084053 -0.386556 -0.604763 -0.509635 -0.553361 0.593694 -0.274550 -0.935777 0.250665 0.836365 0.267231 -0.032162 0.055089 -0.077878 0.862202 -0.013446 1.190580 0.577093 0.446792 -0.124411 -0.048070 -0.039677 -0.094579 -0.676404 -0.355116 
-0.111675 0.983623 0.427185 -0.381544 -0.102934 0.343402 -0.902089 -0.355197 0.006462 0.003559 0.584534 -0.628795 -0.066294 -0.501524 -0.033848 -0.467249 0.095248 0.410497 -0.386173 -0.075594 0.143567 0.437616 0.130785 0.162013 -0.175590 -0.525604 -0.526272 -0.180605 0.694758 -0.506778 -1.054894 0.156878 0.608896 0.226145 0.329238 0.046337 0.145407 0.879696 0.042850 0.963072 0.304797 0.364429 0.024792 0.145363 -0.191721 -0.092149 -0.826722 -0.401709 
-0.313703 0.930466 0.255619 -0.068380 -0.048406 0.553902 -1.013119 -0.200027 0.003256 -0.195455 0.168730 -0.791633 0.111278 -0.340648 -0.182846 -0.185183 0.128546 0.244315 -0.221582 0.163740 0.269349 0.221215 0.081931 0.031998 0.072841 -0.587860 -0.258984 -0.210655 0.430538 -0.539365 -0.829211 0.218863 0.879969 0.133228 0.185580 0.030059 0.290620 0.753371 0.168765 0.849793 0.442998 0.351273 -0.264417 0.032976 -0.135854 0.142739 -0.546208 -0.565335 
-0.341216 1.025128 0.144917 -0.055498 -0.012454 0.327841 -0.826937 -0.388180 0.000125 -0.048752 0.242916 -0.469359 0.296726 -0.424686 -0.046053 -0.042678 0.274961 0.239614 -0.403192 0.416807 0.206097 0.055198 0.073919 -0.279526 0.031446 -0.370230 -0.582144 -0.269613 0.212065 -0.483097 -0.938578 -0.014751 0.795832 0.017114 0.274733 -0.155461 0.428277 0.690716 0.152660 0.625705 0.385537 0.356753 -0.493383 -0.083386 -0.243179 0.014011 -0.472621 -0.441101 
-0.433345 0.707837 0.046492 -0.071811 -0.024128 0.425116 -0.828011 -0.342551 0.096914 -0.277124 0.208597 -0.400441 0.308391 -0.435458 0.048162 -0.021191 0.090262 0.066965 -0.302285 0.092318 0.220831 -0.044036 -0.000482 -0.262812 -0.062382 -0.579794 -0.324165 0.013173 0.288258 -0.393249 -0.783045 0.256471 0.548406 -0.192682 0.247912 -0.166889 0.635081 0.633761 0.230941 0.652112 0.285621 0.331428 -0.674778 0.024079 -0.131934 0.075768 -0.458722 -0.317818 
-0.660323 0.646955 -0.044306 0.040199 -0.078653 0.487709 -0.860225 -0.433412 -0.225052 -0.099921 0.216768 -0.242551 0.598891 -0.413308 0.071531 0.000418 0.091271 0.145708 -0.336191 -0.002049 0.101371 0.055049 0.210106 -0.049498 -0.135761 -0.704772 -0.311056 -0.076980 0.161240 -0.303990 -0.565967 0.241663 0.593726 -0.170065 0.458939 -0.188508 0.405102 0.771448 0.108515 0.705160 0.137435 -0.099982 -0.981330 0.082396 -0.295546 0.080725 -0.315843 -0.104330 
-0.657083 0.506478 -0.317691 -0.200405 -0.028813 0.604016 -0.558884 -0.643288 -0.102159 0.050847 0.150412 -0.408294 0.557217 -0.619263 -0.199668 -0.053349 -0.047425 0.064176 -0.360803 0.034197 0.054054 0.152998 0.216952 0.055978 -0.156666 -0.634175 -0.366610 -0.456556 0.322659 -0.050290 -0.286795 0.132650 0.471543 -0.319812 0.451200 0.058053 0.449429 0.755585 0.152482 0.609970 0.154542 -0.108323 -0.783552 -0.004739 -0.306944 -0.012341 -0.462650 -0.195925 
-0.577431 0.519818 -0.250185 -0.247723 -0.223412 0.443864 -0.512592 -0.461710 -0.081883 0.200948 0.267720 -0.397297 0.288665 -0.498249 -0.190947 0.103015 0.134258 0.297545 -0.175463 -0.347786 0.083337 0.142243 0.171474 0.110318 0.072737 -0.615596 -0.185226 -0.302321 0.235649 -0.350388 -0.236038 0.019386 0.344691 -0.161798 0.340011 -0.279589 0.046423 0.650729 -0.115745 0.361720 0.371385 -0.256048 -0.803833 -0.054672 -0.254583 0.220353 -0.383866 0.084357 
-0.215565 0.521468 -0.323794 -0.227644 -0.291013 0.394236 -0.497956 -0.419545 -0.036078 0.075652 0.210099 -0.398141 0.265720 -0.486905 -0.211426 0.322288 0.056089 0.401006 -0.142584 -0.464428 0.048202 0.241752 0.127866 -0.318665 0.346896 -0.730701 -0.122603 -0.254147 0.397653 -0.181463 0.122171 0.074727 0.114571 -0.029548 0.343482 -0.392382 0.340536 0.530205 -0.293227 0.345885 0.215167 -0.358135 -0.741568 0.158051 0.057627 0.543293 -0.324446 -0.091047 
-0.379146 0.322912 -0.323466 -0.171050 -0.316007 0.274787 -0.454933 -0.644585 -0.036169 0.121920 0.030747 -0.247150 0.272802 -0.431156 -0.094978 0.664728 0.122857 0.260001 -0.264332 -0.440774 -0.082430 -0.020938 0.286174 -0.289993 0.337139 -0.723527 0.117464 -0.035816 0.277167 -0.278770 0.277086 0.076360 0.197162 0.075460 0.268380 -0.309226 0.144652 0.742478 -0.346799 0.233585 0.440975 -0.554606 -0.848711 0.232507 0.094824 0.742704 -0.326581 0.212664 
-0.311849 0.718212 -0.469499 -0.266579 -0.231991 0.551566 -0.227766 -0.778499 -0.157790 0.198379 -0.096419 -0.146100 0.107436 -0.430249 -0.152514 0.551187 0.251637 0.486142 -0.079486 -0.068918 0.040237 -0.423356 0.169181 -0.458148 0.641859 -0.602940 -0.018333 0.146767 0.277583 -0.137537 0.646529 0.016507 0.018286 0.009305 0.460939 -0.245829 0.084494 0.607073 -0.397536 -0.152263 0.354187 -0.390887 -0.848544 0.069347 0.426544 0.671946 -0.321975 0.095851 
0.011124 0.638275 -0.147811 -0.218770 -0.360953 0.513399 -0.217640 -0.756899 0.034862 0.214125 -0.163473 -0.423318 -0.046671 -0.246018 -0.141976 0.646678 0.354289 0.428011 -0.051607 -0.134522 -0.362401 -0.437022 0.262206 -0.436983 0.887193 -0.622361 0.114992 0.147752 0.508333 -0.269749 0.607114 0.023689 -0.033254 -0.166687 0.224817 -0.109032 0.248658 0.576818 -0.262028 -0.128252 0.580576 -0.442576 -0.974823 0.140548 0.476370 0.611485 -0.161878 0.239189 
-0.043131 0.575794 -0.570074 -0.092675 -0.175370 0.630120 0.051409 -0.984438 0.136729 0.361507 -0.407533 -0.408631 0.087698 -0.246075 -0.136336 0.418876 0.333346 0.368054 -0.291723 -0.129152 -0.110561 -0.498478 0.302580 -0.695484 0.972675 -0.437098 -0.060766 -0.087344 0.224335 -0.120961 0.851856 -0.081288 -0.077209 -0.007687 0.315239 -0.174966 0.137227 0.418504 -0.308162 -0.250879 0.449249 -0.508823 -0.656545 0.214573 0.496703 0.736337 -0.157965 0.115198 
0.228245 0.714652 -0.243664 0.156843 -0.431049 0.472735 0.002734 -0.834630 0.195877 0.106433 -0.487582 -0.526639 -0.040754 -0.430662 -0.209849 0.421112 0.175350 0.262804 -0.363778 0.064132 -0.245498 -0.521657 -0.021063 -0.844396 1.060394 -0.488978 0.277038 -0.033800 0.483804 -0.303195 0.660304 -0.050708 -0.054281 0.093620 0.611647 -0.350236 -0.208259 0.418344 0.071745 -0.377022 0.332914 -0.483170 -0.928855 0.243653 0.747268 0.580607 0.089789 0.430451 
-0.019698 0.674813 -0.341635 0.193247 -0.283022 0.462934 -0.101752 -0.750213 0.116134 0.016721 -0.228049 -0.177943 -0.071815 -0.058377 0.209328 0.534810 0.373690 0.392681 -0.488430 0.009696 -0.160544 -0.620750 0.129017 -0.684820 0.885399 -0.438437 0.247262 0.164384 0.358790 -0.026646 0.832652 -0.440135 0.060018 0.108653 0.592974 -0.218997 -0.174445 0.339240 -0.152592 -0.270725 0.409122 -0.615849 -0.764893 -0.152733 0.622753 0.581954 -0.193230 0.221695 
0.009015 0.437943 -0.414519 0.294739 -0.154976 0.566355 -0.088763 -0.916955 -0.014292 0.277445 -0.424981 -0.233963 -0.240567 -0.111729 0.004162 0.417113 0.237605 0.331283 -0.352803 0.138228 -0.220942 -0.348767 0.056507 -0.518052 0.954292 -0.361967 0.057372 0.309527 0.214006 -0.294676 0.897180 -0.258092 -0.100716 0.002046 0.461734 -0.308665 -0.146959 0.340555 -0.306406 -0.245876 0.393180 -0.512614 -0.552068 -0.019095 0.457696 0.861008 0.051063 0.339621 
-0.065016 0.265106 -0.217558 -0.031399 -0.141176 0.626079 -0.037365 -0.980400 -0.120889 0.193333 -0.357237 0.018031 -0.201230 0.206712 0.267779 0.437182 0.228097 0.363617 -0.221854 0.181300 -0.212162 -0.433618 0.119436 -0.252713 0.883803 -0.513681 0.201777 0.318629 0.308016 -0.003626 0.948763 -0.157614 -0.379868 0.089817 0.495656 -0.228432 -0.187943 0.163010 -0.302461 -0.231515 0.447243 -0.632854 -0.466229 0.031513 0.363971 0.770322 -0.010743 0.481859 
-0.394498 0.360309 -0.352031 -0.066131 -0.271044 0.417965 -0.158499 -0.495786 -0.236205 0.134400 -0.097048 0.048403 -0.405475 -0.010517 0.067819 0.332465 0.355231 0.418386 -0.218788 0.512572 0.039582 -0.672164 0.007691 0.028554 0.694582 -0.321671 -0.117419 0.231722 0.310457 -0.062439 0.612948 -0.474613 -0.484880 0.195201 0.290980 0.165609 -0.487595 0.075206 -0.202574 0.045026 0.360658 -0.664806 -0.242694 -0.096799 0.462229 0.782051 -0.167670 0.285161 
-0.427815 0.502324 -0.344727 -0.118703 -0.060110 0.225882 0.004333 -0.215827 -0.089437 -0.024324 -0.013016 -0.197081 -0.627504 0.412169 0.057742 0.199899 0.585797 0.382387 -0.390719 0.471019 0.150199 -0.627264 -0.041016 0.148817 0.313046 -0.356636 -0.496850 0.413013 0.318713 -0.229973 0.615604 -0.430211 -0.663254 -0.152748 -0.013431 0.247928 -0.306365 0.077454 -0.171990 0.121771 0.195010 -0.551657 -0.214929 0.064078 0.247618 0.864424 -0.329365 0.253563 
-0.389574 0.251855 -0.504000 -0.054718 -0.377547 0.258461 -0.100952 -0.055866 -0.292158 0.050089 -0.194464 -0.256288 -0.629569 0.619586 0.047285 0.304983 0.864222 0.159238 -0.582318 0.525994 0.155333 -0.534575 -0.133530 0.647401 0.143195 -0.508608 -0.635781 0.308351 0.314068 -0.202555 0.421162 -0.460893 -0.585442 -0.010148 0.047291 0.097162 -0.446129 -0.118867 -0.235917 0.016534 0.272223 -0.383343 -0.077911 -0.111514 0.307624 0.891887 -0.294676 0.410277 
-0.752952 -0.030083 -0.199237 -0.141494 -0.410994 0.182692 0.070840 0.283158 -0.458554 0.043222 -0.334628 0.097404 -0.640951 0.412351 -0.054036 0.280634 0.703568 0.265094 -0.502551 0.289724 0.320947 -0.615153 0.084613 0.842705 0.154934 -0.471120 -0.353571 -0.010177 0.237000 -0.083850 0.648476 -0.139358 -0.509696 -0.019457 -0.235515 0.160606 -0.381559 -0.048281 -0.361305 -0.092021 0.198557 -0.378852 -0.025523 -0.127365 0.275110 0.948980 -0.582223 0.322718 
-0.803916 0.155002 -0.098207 -0.088774 -0.329455 0.403730 -0.078938 0.035720 -0.630342 0.374529 -0.081788 -0.124883 -0.513518 0.162427 -0.052414 0.311107 0.638235 0.021046 -0.515010 0.210018 0.455063 -0.749524 -0.073258 0.714053 0.099446 -0.162487 -0.093599 0.039826 0.089694 0.248615 0.869323 -0.082785 -0.561611 -0.034265 -0.056792 0.139901 -0.374811 -0.008204 -0.264626 -0.169265 0.199408 -0.379069 0.043252 -0.111906 0.439567 0.803715 -0.432275 0.369868 
-0.933770 0.250447 -0.073681 -0.244779 -0.511779 0.376902 -0.096578 0.087241 -0.767232 0.532531 -0.251541 -0.143684 -0.345821 0.327993 -0.175477 0.456646 0.509234 0.011682 -0.339945 -0.041010 0.108143 -0.606658 0.188487 0.581099 0.286529 -0.250448 0.059593 0.038188 0.059332 0.274639 1.126666 -0.099555 -0.335172 0.051255 -0.424920 0.128826 -0.342911 0.065589 -0.240785 -0.171770 0.114678 -0.361785 0.041209 0.001000 0.539320 0.650433 -0.371851 0.272534 
-1.080809 0.104970 -0.152552 -0.026362 -0.340055 0.335945 -0.118931 0.179697 -0.546469 0.384308 -0.136708 0.079872 -0.298666 0.452514 -0.226185 0.388176 0.382784 -0.430620 -0.475350 0.112138 -0.189371 -0.534350 0.309695 0.592278 0.278294 -0.096042 0.340761 -0.091870 0.324187 0.215610 1.108686 -0.242877 -0.349018 -0.111401 -0.528582 0.086997 -0.227069 -0.186347 -0.312554 -0.265747 0.238195 -0.440015 0.181606 -0.105389 0.389038 0.586642 -0.496761 0.197533 
-0.848313 0.083849 -0.199354 0.080795 -0.266933 0.304544 -0.054747 -0.001384 -0.380703 0.306737 -0.060532 0.141094 -0.017386 0.313502 -0.294765 0.526516 0.593451 -0.384929 -0.286836 -0.051732 -0.207207 -0.216695 0.369509 0.421280 0.276089 -0.146995 0.256991 -0.115279 0.405406 0.290393 0.955591 -0.547718 -0.461888 -0.005860 -0.661394 0.164266 -0.338208 -0.139684 -0.311633 -0.336468 0.013649 -0.219395 0.453806 -0.314748 0.346905 0.659395 -0.607647 0.144983 
-0.767611 0.292846 -0.269509 0.001783 0.029734 0.010631 -0.183825 0.176071 -0.061254 -0.067916 -0.133816 0.025138 -0.050415 0.286722 -0.507103 0.415576 0.785887 -0.280967 -0.411762 -0.047235 -0.254344 -0.255268 0.520882 0.213476 -0.055679 -0.346978 0.341242 0.008572 0.411979 -0.140086 0.604343 -0.920871 -0.348423 -0.012204 -0.960471 0.239071 -0.277158 -0.031478 -0.583269 -0.376046 -0.140949 -0.331551 0.362093 -0.419815 0.383174 0.601961 -0.928170 0.118594 
-0.602511 0.540744 -0.526367 0.129332 0.128617 0.015590 -0.239907 0.175554 0.145665 -0.397434 -0.003808 0.204354 0.056282 0.490425 -0.665025 0.442422 0.694849 -0.550636 -0.800741 0.001591 -0.594286 -0.065357 0.567156 0.224510 0.296601 -0.193176 0.283253 -0.100711 0.684680 -0.130704 0.161689 -0.883637 0.094991 -0.064193 -0.740735 0.248972 -0.059791 -0.087451 -0.559229 -0.478461 -0.090992 -0.298874 0.456937 -0.218423 0.351871 0.656964 -0.737700 -0.106227 
-0.508121 0.176794 -0.605693 0.108610 0.353554 -0.225894 -0.171812 -0.002638 0.429081 -0.718411 0.055110 0.274076 -0.187834 0.620644 -0.369491 0.605430 0.720137 -0.408360 -0.788434 -0.122276 -0.838134 -0.188082 0.360145 -0.016344 0.271575 -0.168053 0.365259 0.157794 0.543767 -0.272577 -0.518615 -0.854570 -0.257537 -0.066049 -0.495092 0.414202 0.070096 -0.188121 -0.734694 -0.271843 -0.186773 -0.210516 0.545402 -0.154961 0.313029 0.799699 -0.395427 -0.130076 
-0.335268 0.303317 -0.618396 0.073074 0.461356 -0.172011 -0.051343 -0.039224 0.677112 -0.737229 0.114489 0.635183 -0.197792 0.992930 -0.392029 0.576736 0.263871 -0.247912 -0.983917 -0.140890 -0.890066 -0.256099 0.232718 -0.308733 0.155494 -0.007071 0.284380 0.305342 0.607274 -0.138234 -0.670936 -0.705193 -0.130140 -0.360066 -0.170214 0.300378 0.300432 -0.294540 -0.571451 -0.081926 -0.320913 -0.405892 0.613705 -0.009707 -0.005426 0.928371 -0.283953 -0.306131 
-0.380427 0.035718 -0.555494 0.117638 0.647253 0.192142 -0.029416 -0.010267 0.813668 -0.601649 0.243324 0.849332 -0.120251 0.736339 -0.273539 0.766798 0.173656 -0.364876 -1.457675 -0.146727 -1.061622 -0.481601 0.210821 -0.278234 -0.027835 -0.162829 0.059799 0.429754 0.576581 -0.259866 -0.744109 -0.809361 -0.226982 -0.391990 0.109499 0.493070 0.294924 -0.295644 -0.460215 0.276552 -0.558263 -0.348614 0.708378 -0.082108 -0.028860 0.928662 -0.159198 -0.300003 
-0.288538 0.063928 -0.687172 0.322960 0.248393 0.313859 0.155351 0.298820 0.740446 -0.572824 0.667186 1.118171 0.269612 0.706762 -0.024909 0.510328 -0.511579 0.075969 -1.457196 -0.097576 -1.034289 -0.246089 0.198588 -0.324845 -0.044104 -0.342532 0.042348 0.482138 0.292722 -0.223638 -0.708727 -0.645695 -0.192898 -0.488832 0.731399 0.595519 0.381579 -0.318267 -0.575705 0.150104 -0.711640 -0.236666 0.639683 -0.138966 -0.001718 0.887266 -0.143013 -0.411845 
-0.124486 0.077746 -1.101375 0.284333 0.475259 0.300326 -0.086317 0.304670 0.859895 -0.817489 0.783268 1.351366 0.892751 0.441744 0.089210 0.626247 -0.816302 -0.054077 -1.596154 -0.168864 -0.920412 -0.361222 0.135135 -0.269459 0.098237 -0.055670 0.111803 0.628578 0.094362 -0.331107 -0.509119 -0.167058 -0.322428 -0.297657 1.007351 0.421729 0.209112 -0.363467 -0.861110 -0.013228 -1.078601 -0.125800 0.681603 -0.105643 -0.080552 0.551743 -0.012003 -0.262108 
-0.459724 -0.068422 -0.784764 0.559589 0.183695 0.318927 0.044060 0.231322 0.508414 -0.660348 0.785762 1.466501 0.951877 0.053419 0.055891 0.885177 -0.939338 -0.186694 -1.530888 -0.055258 -0.875060 -0.431535 0.105225 -0.288377 0.152129 0.388729 0.327887 0.327029 -0.096221 -0.242339 -0.288362 -0.270274 -0.276123 -0.341629 1.167654 0.573838 0.158054 -0.479979 -0.827428 -0.098975 -1.380341 -0.194885 0.210626 -0.129471 -0.242943 0.238270 -0.078857 -0.057303 
-0.530738 -0.057093 -0.659417 0.246883 0.240434 0.164060 0.006910 0.342752 0.522503 -0.192316 1.246228 1.328627 0.825963 0.118655 -0.060607 0.894752 -0.590149 -0.285143 -1.479864 -0.073704 -0.728946 -0.431356 -0.033013 -0.238326 0.165252 0.191391 0.591951 0.399690 -0.416404 0.078657 0.007239 -0.114081 -0.491370 -0.118716 1.212777 0.330846 0.398153 -0.230137 -0.804984 -0.291492 -1.307738 -0.178172 0.256284 0.047115 -0.560627 0.009271 -0.160958 0.031856 
-0.628847 -0.081718 -0.705716 0.048994 0.145800 -0.050052 -0.065473 0.488705 0.319651 -0.050272 1.221625 1.141275 0.652909 0.527157 -0.206433 0.884876 -0.180331 -0.271485 -1.045544 0.097893 -0.738761 -0.465979 -0.134655 0.046021 0.344358 0.562961 0.869780 0.178542 -0.363687 0.262185 0.200306 0.253574 -0.311668 -0.173857 1.202000 -0.051318 0.611483 -0.178169 -0.867657 -0.209592 -1.268868 -0.258781 -0.111512 -0.136830 -0.683494 0.072915 0.154827 0.026937 
-0.628548 -0.224821 -0.668512 -0.108538 0.259544 -0.104899 0.164641 0.687581 0.475017 -0.115146 0.973751 1.008927 0.441424 0.428267 -0.284693 1.057551 0.105869 0.057871 -0.797007 0.377541 -0.937003 -0.451094 0.044521 0.077543 0.644862 0.425097 0.749138 0.104866 -0.704526 0.123234 0.285016 0.522053 -0.140068 0.090092 1.207103 -0.496631 0.365085 -0.302700 -0.638219 -0.171128 -0.792975 0.001117 -0.441774 -0.012850 -0.599207 -0.189154 0.244638 0.253183 
-0.387445 -0.366858 -0.623174 -0.456522 0.002120 -0.592892 0.215771 0.779568 0.423465 0.139983 0.496077 0.803222 0.158942 0.177774 -0.738883 0.736089 -0.087176 -0.214491 -0.188492 0.426736 -0.954030 -0.049929 0.224065 0.118937 0.782503 0.532629 0.959318 -0.161505 -0.699066 -0.041926 0.516167 0.549645 -0.005688 -0.026098 0.946012 -0.707039 0.276333 -0.425545 -0.231209 -0.198737 -0.434358 0.152163 -0.702413 -0.289877 -0.558433 -0.169433 0.262317 0.342784 
-0.162176 -0.460148 -0.827837 -0.215546 0.236212 -0.928626 0.029711 1.084501 0.555998 0.467985 0.225580 0.643187 -0.267873 0.337801 -1.023089 0.726145 0.156219 -0.223105 0.199724 0.402019 -1.025170 0.263075 0.276022 0.343555 0.515238 0.290566 0.838930 -0.520078 -0.737445 0.017671 0.461860 0.728030 -0.038654 -0.123807 0.563452 -1.187128 0.038847 -0.965210 -0.146729 -0.742088 -0.343775 0.048104 -0.748474 -0.480452 -0.674862 -0.122482 0.533241 -0.046655 
-0.124701 -0.368228 -0.799677 0.075678 0.665137 -0.606119 0.040554 1.021358 0.801758 0.415104 -0.176301 0.330265 -0.360652 0.451331 -1.030053 0.413356 0.134503 -0.189059 0.559947 0.685416 -0.848998 0.836833 0.217993 0.270390 0.068264 -0.165793 0.662774 -0.563303 -1.132161 0.134218 0.424241 0.275952 -0.069993 -0.041465 0.310005 -1.102123 0.016364 -1.012151 0.238710 -0.751195 -0.057289 -0.151675 -0.732815 -0.617312 -0.719125 0.246491 0.568302 -0.061692 
-0.212708 -0.337934 -0.593793 0.111917 0.905456 -0.253972 0.307054 0.717556 1.077777 0.381258 -0.589900 0.283146 -0.621404 0.630289 -0.721226 0.292373 0.025548 -0.011040 0.586057 0.672419 -0.364882 0.748808 0.303699 0.131324 -0.402869 -0.214284 0.065679 -0.426293 -1.250465 0.235713 0.352166 0.482170 -0.367641 -0.099381 0.238983 -0.883083 -0.150114 -1.085402 0.041705 -0.681772 0.211280 -0.196350 -0.526828 -0.435672 -0.875676 0.259539 0.559005 -0.221567 
-0.311644 -0.102088 -0.167117 0.043812 0.775389 0.079592 0.321601 0.487706 1.240393 0.305980 -0.775075 0.495530 -0.469370 0.279682 -0.249211 0.056407 0.245066 0.568758 0.313796 0.757306 -0.169601 0.546528 0.621564 -0.273901 -0.717201 -0.329640 -0.447498 -0.416792 -1.433458 0.006074 0.371273 0.504641 -0.220144 0.080002 0.501334 -0.547985 -0.229507 -0.628190 -0.116198 -0.672859 0.130253 -0.252905 -0.306289 -0.615747 -1.079031 0.403132 0.398034 -0.459943 
-0.441982 -0.283016 0.082055 0.482961 0.487240 0.161407 0.247604 -0.178550 0.828677 0.053444 -1.031408 0.425010 0.013560 0.265326 -0.263203 -0.391236 0.268654 0.784722 0.037812 0.728706 0.268532 0.200452 0.755316 -0.548542 -0.543723 -0.199164 -0.605633 -0.374711 -1.039075 -0.162925 0.518778 0.234381 -0.133311 0.153536 0.327815 0.039232 -0.178298 -0.202235 -0.081037 -0.403925 0.182651 -0.029264 -0.082068 -0.659147 -1.507495 0.059623 0.040195 -0.398990 
-0.116545 -0.090553 0.526395 0.499265 0.259273 -0.145611 -0.101790 -0.403508 0.059425 -0.217436 -1.076165 0.233847 0.428542 0.257706 -0.499583 -0.650616 0.738414 0.618996 -0.158327 0.630323 0.831294 -0.169394 0.791921 -0.861051 -0.010908 -0.075403 -0.323528 -0.529938 -0.640156 -0.405549 0.509411 -0.003631 0.083920 -0.031671 -0.162200 0.540194 -0.384856 0.098827 -0.151717 -0.315956 -0.041228 0.156053 0.340501 -0.504911 -1.782630 -0.274937 -0.125297 -0.391013 
0.011220 -0.211900 0.785557 0.803495 0.059943 -0.135004 -0.190842 -0.055931 -0.540241 -0.094094 -1.072520 -0.197616 0.369904 0.045022 -0.759721 -0.547997 1.008297 0.325567 -0.239580 0.526580 0.712480 -0.104611 0.378211 -1.070471 0.140079 0.080971 -0.060391 -0.579889 0.121963 -0.310133 0.488406 -0.275359 0.212849 0.288242 -0.642232 0.403218 -0.556853 -0.035253 0.226027 -0.411644 0.175336 0.344570 0.451568 -0.298594 -1.783844 -0.342808 -0.267570 -0.506292 
0.101782 -0.543381 0.799345 0.258086 -0.308732 -0.340800 -0.291858 0.249127 -0.691062 -0.030517 -0.559135 -0.186849 0.361556 0.057427 -0.702719 -0.246653 0.803478 0.146678 0.144433 0.526245 0.386997 -0.028010 0.254180 -0.870582 0.203190 0.215366 -0.134535 -0.423021 0.401899 -0.187380 0.256508 -0.693028 -0.184601 0.303375 -0.692614 0.267269 -0.410105 0.376836 0.200095 -0.299231 0.039867 0.450071 0.786668 0.005389 -1.313484 -0.477024 -0.183905 -0.264312 
0.223877 -0.275172 0.569560 0.099574 -0.229003 -0.036005 -0.273128 0.436634 -0.660351 0.105278 -0.452784 -0.379949 -0.095232 0.063178 -0.283734 0.164748 0.351985 0.152278 0.395977 0.238182 0.030669 0.159468 -0.033459 -0.705834 0.141163 0.294747 -0.147118 -0.402512 0.166900 0.306905 0.392093 -0.776026 -0.259406 0.391307 -0.782273 -0.085755 -0.313032 0.278033 -0.300525 -0.115641 0.085533 0.182345 1.023253 0.550731 -0.533477 -0.195598 0.064696 -0.004778 
0.250135 -0.300554 0.328335 0.135065 -0.343896 0.288854 0.258551 0.313414 -0.663243 0.544841 0.200785 -0.389418 0.059210 0.209665 0.055183 0.368275 -0.021412 0.112574 0.418718 -0.051073 -0.065775 -0.225860 -0.602559 -0.217727 -0.166045 0.177929 -0.436919 -0.126037 -0.495878 0.633691 0.270729 -0.313152 -0.391101 0.282224 -0.372572 -0.594503 -0.405786 0.146440 -0.706287 -0.121667 0.144230 0.207185 0.452580 0.862956 0.389167 0.091751 -0.001196 0.461536 
0.216736 0.162113 0.458107 0.429274 0.269221 0.374481 0.162224 0.219754 -0.528178 0.055988 0.249223 -0.353479 -0.235672 0.736837 0.530145 0.433388 -0.375519 0.301970 0.239778 0.055137 0.093703 -0.357408 -1.099628 -0.147617 -0.201380 0.101871 -0.743101 0.149801 -0.713841 0.403155 0.216002 -0.151210 -0.143865 0.432579 0.120090 -0.697407 -0.088618 0.259099 -0.706865 -0.113463 0.367557 0.296106 0.186919 1.042895 1.136320 0.369920 0.188462 -0.273007 
0.332340 0.453997 0.608313 0.366589 0.587689 0.408862 0.464380 -0.117442 -0.998949 -0.222275 0.519487 -0.113687 -0.053618 0.788942 0.296781 0.019201 -0.753077 0.197339 0.108034 0.256349 0.188978 -0.934145 -1.467369 0.083775 -0.048914 -0.311889 -0.614945 0.397938 -0.476601 0.508185 -0.033029 0.139422 -0.116944 0.154543 0.352113 -0.431682 0.361285 0.139322 -0.320863 -0.086386 0.065065 0.460905 -0.240010 1.120225 1.348046 0.359546 0.299174 -0.284997 
0.261276 0.383212 0.238785 0.433467 0.531819 -0.001267 -0.059874 -0.276917 -1.339027 0.243687 0.995249 -0.295849 0.226083 0.486953 0.246223 -0.509201 -0.386234 -0.135071 -0.047437 0.110466 0.095930 -1.035485 -1.723699 0.488404 -0.012149 -0.168617 0.108932 0.111658 -0.304253 0.473300 -0.332265 -0.206406 0.007233 -0.208480 0.212343 0.480827 0.320948 0.054409 -0.346152 0.040914 -0.015376 -0.097313 -0.246001 1.508381 1.145636 0.325625 0.511479 -0.025735 
0.173255 0.339864 0.047473 0.219199 0.488978 -0.208471 -0.086663 -0.319210 -1.483152 0.461688 0.863437 -0.140248 0.334357 -0.134616 -0.028915 -0.821118 -0.325049 -0.465835 -0.136127 0.012599 0.084577 -1.019363 -2.000844 0.496483 0.222810 -0.259485 0.288150 0.061390 0.073346 0.239194 -0.070070 -0.451611 -0.136776 -0.732006 -0.217762 0.645849 0.573700 0.114186 -0.034073 0.220427 -0.071511 -0.162523 -0.269681 1.599168 0.482117 0.001250 0.220484 0.682822 
0.677457 0.127616 -0.256815 0.355841 0.334439 -0.341028 -0.359751 -0.186905 -1.288254 0.674720 0.787214 -0.023667 0.514680 -0.407403 -0.406270 -0.915395 0.049511 -0.067971 0.046102 0.061902 0.159284 -0.815362 -1.905785 0.159793 0.206561 -0.036090 0.205504 0.604038 -0.073572 -0.205049 -0.035672 -0.522190 0.125709 -0.569678 -0.290930 0.197232 0.454992 0.093016 0.253443 -0.079960 0.048255 -0.041383 -0.050609 1.553686 0.049692 -0.186967 -0.027478 0.893125 
0.236567 -0.020041 -0.653213 0.076521 0.184344 -0.194172 -0.261227 -0.291542 -0.886645 0.452283 0.607827 -0.077031 0.645738 -0.632821 -0.362279 -0.599008 0.251856 0.422532 -0.054700 -0.069016 0.334940 -0.495219 -1.778717 -0.027344 0.168543 0.010370 -0.053761 0.673074 -0.046130 -0.124855 0.297735 -0.527188 0.528317 -0.354640 -0.491249 -0.495239 0.448796 0.053312 0.536594 0.156296 0.118327 -0.151874 0.068063 1.100843 -0.244228 -0.111643 -0.204202 0.817543 
-0.098644 -0.175437 -0.336626 -0.028932 0.193069 -0.256509 -0.453002 -0.309861 -0.346215 0.490499 0.119695 -0.126650 0.640747 -0.584701 -0.376864 -0.225049 0.425918 0.601786 0.041695 -0.182619 0.418702 -0.280060 -1.683419 -0.054498 0.166990 0.299754 -0.223347 0.653007 -0.202981 -0.072059 0.253194 -0.731356 0.231307 0.005691 -0.591794 -0.738279 0.623144 0.063323 0.477018 -0.164234 0.224095 -0.356702 0.107843 0.719419 -0.432731 0.117847 -0.429988 0.876918 
-0.328845 -0.503893 -0.213605 -0.095663 -0.046060 0.002173 -0.104757 -0.592510 0.263113 -0.023649 -0.259811 -0.065669 0.557117 -0.287463 0.053562 -0.115383 0.048128 0.735789 0.112314 -0.071649 0.067464 -0.016255 -1.110717 -0.105023 0.388797 0.025600 0.017329 0.301058 -0.083838 -0.057656 0.276750 -0.752732 0.168643 0.257646 -0.700272 -0.302971 0.265166 0.119235 0.447338 -0.175867 0.453083 -0.239836 0.281073 0.393571 -0.404991 0.186002 -0.450132 1.174002 
-0.514139 -0.782556 0.429204 -0.277179 0.109342 0.015867 -0.186155 -0.418814 0.812553 -0.029404 -0.563271 -0.250129 0.531347 0.242693 0.442712 0.150681 -0.357780 0.778400 0.240459 0.301187 -0.129405 0.115969 -0.773258 -0.278978 0.322358 -0.046349 -0.155828 -0.142027 -0.234194 -0.305313 0.525216 -0.728219 -0.276877 0.663251 -0.676823 -0.042219 0.050081 0.765308 0.621257 -0.243514 0.601061 -0.173125 0.410397 -0.040039 -0.449007 0.059516 -0.468896 1.620508 
-0.817253 -0.943745 0.685643 -0.278399 -0.067257 0.194429 -0.228907 0.343484 1.062999 -0.296927 -0.933238 -0.517348 0.219507 0.160397 0.582827 -0.032871 -0.964896 0.017895 0.590933 0.160686 -0.606767 0.445165 -0.422255 -0.355420 -0.043415 -0.275496 -0.504100 -0.714493 -0.258057 -0.312680 -0.075268 -0.655990 -0.464597 0.937592 -0.458236 -0.014530 -0.000461 0.450065 0.147433 -0.038590 -0.010916 -0.087887 0.301804 -0.101782 -0.571137 -0.245307 -0.333493 1.189787 
-0.549281 -0.134679 0.281144 -0.181683 0.217229 0.359408 -0.559988 0.873863 0.825008 -0.575822 -0.660469 -0.609705 0.324279 0.235348 0.747095 0.138231 -0.616228 -1.091902 0.666403 -0.686980 -0.666836 0.170312 -0.075247 -0.342776 0.013650 -0.023009 -0.170077 -0.968253 -0.415982 0.061453 -0.937201 -0.582073 0.606253 0.929162 -0.415943 -0.061919 0.109246 -0.155057 -0.204508 -0.469325 -0.632971 -0.093957 -0.009535 -0.072747 -0.004895 -0.442931 0.460131 0.342966 
0.020930 0.119041 0.422057 -0.106502 0.736532 0.253102 -0.589872 0.992160 0.313776 -0.730171 -0.580513 -0.463123 0.428769 0.133937 0.884913 -0.250404 -0.679366 -1.755717 0.278017 -1.098516 -0.747104 0.007409 0.010386 -0.477418 0.132176 -0.350992 0.094018 -0.946549 -0.155124 0.628198 -0.870516 -0.300478 1.153433 0.350291 -0.146949 0.128100 0.025370 -0.542053 -0.337683 -0.818379 -0.862843 -0.094245 -0.549507 -0.264728 0.857449 -0.451300 0.574313 -0.358636 
-0.315495 0.559791 -0.155730 -0.260560 0.876996 0.073684 -0.661434 0.584022 -0.594847 -0.408802 -0.404729 -0.267407 0.605248 0.243727 0.503937 -0.424727 -0.469716 -1.686492 0.302211 -0.936819 -0.443852 0.001173 -0.137667 0.167323 -0.049654 -0.173859 0.072127 -0.831993 -0.108578 0.867732 -0.569821 0.219823 1.216407 -0.147911 0.260607 0.284718 0.226837 -0.906627 -0.101899 -0.433222 -0.621506 -0.090503 -0.718457 -0.596463 0.766712 -0.459345 0.540464 -1.049130 
-0.137058 0.391712 -0.439980 -0.800975 1.030020 -0.290926 -0.730106 0.310471 -1.214240 -0.155139 0.216425 -0.162131 -0.007339 0.572224 0.192984 -0.632086 -0.063924 -1.012129 0.169411 0.277495 -0.222287 0.085830 -0.259371 0.566097 -0.643208 0.184124 -0.365229 -0.661369 -0.199174 0.805382 -0.199579 0.285017 1.083033 -0.368933 0.491816 0.179521 0.267399 -1.021936 0.336156 -0.179970 -0.366133 -0.061857 -0.316930 -0.790046 0.630074 -0.443677 0.207526 -1.341546 
-0.047987 0.298487 -0.274733 -0.833203 1.109081 -0.387511 -0.492544 0.151357 -1.106543 0.012281 0.376621 0.064344 -0.128309 0.725972 -0.015919 -0.698167 0.292218 -0.472067 0.084609 0.996443 0.098935 0.003708 -0.107990 0.694425 -1.017169 0.209710 -0.655502 -0.687598 0.061756 0.112104 -0.156635 0.431077 0.994637 -0.305785 0.783384 0.413277 0.097314 -0.855658 0.903173 0.068706 0.029732 -0.364536 0.093076 -0.790503 0.444927 -0.486490 0.017818 -1.053293 
0.330136 0.324150 -0.370994 -0.891419 0.954394 -0.499697 -0.371599 0.271744 -0.910501 -0.038706 0.607779 0.254032 -0.133678 0.932872 -0.119566 -0.848908 0.159505 -0.018994 0.190332 1.510976 -0.042525 -0.358752 -0.145518 0.492087 -0.988988 0.429403 -0.978482 -0.423598 -0.322019 -0.302466 -0.039964 0.353096 0.692164 -0.311161 0.743854 0.174558 0.477364 -0.694586 0.924619 0.168500 0.220630 -0.601575 0.320365 -0.900912 0.441800 0.094647 -0.235816 -0.764934 
0.783393 0.458968 -0.217493 -1.071072 0.603341 -0.542423 0.006352 0.086407 -0.557275 -0.052538 0.601117 0.407819 -0.279319 0.694128 -0.065561 -0.895784 0.061107 0.273404 0.183475 1.149469 -0.035723 -0.436444 -0.198862 0.000935 -0.922988 -0.108555 -0.890795 0.094609 -0.561031 -0.495147 0.198825 0.103732 0.313691 0.125727 0.789201 0.288339 0.161068 -0.302772 1.155157 0.151093 0.306529 -0.697329 0.523999 -0.572873 0.441002 0.451942 0.000116 -0.567934 
0.864713 0.532851 -0.005233 -1.003910 0.075535 -0.437026 0.026326 -0.044218 -0.165612 0.425416 0.744783 0.453392 -0.520330 0.451131 0.143315 -0.878400 -0.037976 0.471056 0.208856 0.902003 0.092538 -0.492703 0.009660 -0.178517 -0.925039 -0.188383 -0.863726 0.315835 -0.855513 -0.632891 0.457783 0.394734 -0.159744 0.281221 0.655450 -0.099417 0.283107 0.144737 0.955412 -0.059715 0.420085 -0.854759 0.627168 -0.499322 0.425141 0.654480 0.192666 -0.378401 
0.760352 0.333539 -0.097128 -1.421751 -0.028462 -0.533351 0.147164 0.129962 0.390135 0.680496 0.444990 0.305304 -0.401609 0.226385 0.258627 -0.793912 -0.215937 0.301623 0.332296 0.325809 -0.286322 -0.177005 0.240980 -0.290678 -0.655444 -0.486354 -0.523755 0.237634 -0.415693 -0.717175 0.644659 0.389128 -0.208061 0.442139 0.490513 -0.265903 0.162873 -0.135131 1.165516 -0.181554 0.877974 -0.921304 0.492437 -0.322189 0.252099 0.698834 0.370357 0.075909 
0.573483 0.328733 -0.302952 -1.272120 -0.333774 -0.327847 0.166922 -0.181901 0.553552 0.552286 0.488529 0.394449 -0.340149 -0.100015 0.177434 -0.479621 -0.582656 0.317628 0.501545 0.142496 -0.550454 -0.147153 0.337983 -0.386791 -0.294391 -0.607307 -0.094280 0.129365 -0.272913 -0.708473 0.952662 0.190069 -0.225640 0.675555 0.283102 -0.766307 0.253811 -0.002588 1.180442 -0.216745 0.819126 -0.830418 0.275876 -0.381807 0.483591 0.610492 0.501577 0.288228 
0.201789 0.215606 -0.094321 -1.069351 -0.286444 -0.595959 0.334338 -0.218865 0.214996 0.237594 0.209141 0.360864 -0.068300 -0.353313 -0.206314 -0.457407 -0.793712 0.199314 0.747095 -0.281964 -0.741701 -0.112588 0.219030 -0.524964 0.211944 -0.378193 0.220428 -0.028446 0.180480 -0.584491 0.691806 0.264741 -0.189562 0.553139 0.100434 -0.779160 0.097106 0.126727 1.232109 -0.239007 0.707137 -0.566155 -0.244441 -0.302027 0.465077 0.587293 1.087446 0.357805 
0.221471 0.006958 0.031390 -0.951487 -0.275371 -0.513696 0.332265 -0.431623 0.080831 -0.180543 0.063535 0.177204 -0.019483 -0.204062 -0.123172 -0.191112 -1.017422 0.049422 0.417614 -0.161570 -0.825026 -0.039624 0.483438 -0.387412 0.382496 -0.145437 0.896357 -0.101829 0.851472 -0.425900 0.608001 0.017680 -0.019852 0.275124 -0.105103 -0.475460 -0.055557 0.274877 1.215799 -0.399952 0.924385 -0.081893 -0.361027 -0.313264 0.446618 0.316729 1.226260 0.195013 
-0.088453 -0.218025 0.116569 -0.833947 -0.070806 -0.585668 0.412063 -0.568716 0.008222 -0.224015 0.026507 0.230164 0.271484 -0.427490 -0.272543 -0.087546 -0.834801 -0.262185 0.234398 -0.055512 -0.861953 0.162737 0.345525 -0.400662 0.579423 -0.087279 1.094894 -0.163354 0.772565 -0.399135 0.530630 -0.152032 0.005888 0.389906 -0.167778 -0.501282 -0.141808 0.056328 1.042910 -0.154165 0.782673 -0.208401 -0.475773 -0.191215 0.220802 0.098997 1.392704 0.117373 
0.060014 -0.364251 0.372673 -0.696926 -0.175274 -0.517735 0.491415 -0.437442 0.225389 -0.145405 -0.098964 -0.053385 0.270388 -0.344642 -0.116374 0.117569 -0.770887 -0.054916 0.236138 0.041743 -0.775312 0.109651 0.417811 -0.427239 0.388403 -0.243979 0.873709 -0.220111 0.704002 -0.224556 0.449816 0.052955 0.137951 0.191046 -0.352719 -0.039835 -0.209310 -0.205028 0.923697 -0.086499 0.715835 -0.244788 -0.114776 -0.246638 0.358959 0.188790 1.412243 0.204681 
0.044179 -0.252036 0.094358 -0.442432 -0.005333 -0.624604 0.377110 -0.318732 0.055651 -0.087138 0.024178 0.083203 0.501500 -0.524251 -0.206761 0.315499 -0.603352 0.112617 -0.176102 0.132223 -0.815520 0.336037 0.179644 -0.703637 -0.020776 0.006783 0.615679 -0.127954 0.944832 0.029832 0.234239 -0.103603 -0.055175 0.333742 -0.427845 0.058426 -0.246617 -0.305381 0.802701 -0.155649 0.498310 -0.085537 0.052501 0.006799 0.376862 0.064789 1.199234 0.162254 
0.069946 -0.144470 0.069215 -0.434418 -0.282256 -0.286297 0.396701 -0.531957 0.406575 -0.147695 -0.039706 -0.007971 0.640164 -0.366135 -0.221418 0.318686 -0.504792 0.251826 -0.449000 0.057229 -0.373645 0.532093 0.253506 -0.525041 -0.232767 -0.000619 0.237114 -0.151798 0.781237 -0.015672 0.082250 -0.339318 0.161927 0.147842 -0.433795 0.489616 -0.213689 -0.598853 0.610610 -0.007488 0.292655 -0.272187 0.222070 -0.114315 0.327242 0.075278 1.093130 -0.055723 
0.051363 -0.500775 0.305296 0.029293 -0.307587 -0.126322 0.466300 -0.445257 0.367265 -0.163463 -0.083507 0.091206 0.486861 -0.487201 -0.342256 0.271484 -0.122401 0.163011 -0.524196 -0.039422 -0.045270 0.284598 0.064831 -0.420529 -0.374943 -0.087304 0.376981 -0.332597 0.645385 -0.176086 -0.143994 -0.186746 0.298781 0.252086 -0.341462 0.478963 -0.282561 -0.346386 0.759691 -0.055661 0.299560 -0.195686 0.382134 -0.006942 0.267287 -0.339647 0.858527 -0.110332 
0.093176 -0.579569 0.147695 -0.041048 -0.203280 -0.201775 0.276562 -0.619587 0.208239 -0.264268 0.068040 0.085839 0.517117 -0.404878 -0.211176 0.244447 -0.236910 0.343993 -0.572338 -0.023333 0.156175 0.297743 0.007912 -0.435934 -0.284304 -0.119490 0.344548 0.018937 0.598517 -0.079493 -0.276873 -0.350532 0.264593 -0.035462 -0.425587 0.172318 -0.017547 -0.107342 0.573792 0.010555 -0.086698 -0.340531 0.345494 -0.263039 -0.119079 -0.264899 0.989981 -0.309824 
0.063561 -0.692929 0.079951 0.047658 -0.128507 -0.107353 0.560676 -0.616929 0.164346 -0.442034 0.066535 -0.116803 0.309994 -0.687155 -0.203170 0.163320 -0.192783 0.013258 -0.452393 0.099309 0.105610 -0.008353 -0.200134 -0.460793 0.010099 0.049718 0.359264 -0.001064 0.513798 -0.147187 -0.537825 -0.204219 0.340192 -0.052281 -0.483088 0.190273 -0.083970 -0.009102 0.395625 0.159964 -0.266731 -0.187375 0.202936 -0.163978 0.094622 -0.441002 0.768499 -0.237050 
0.210762 -0.652421 0.180106 0.131004 -0.200757 0.159103 0.229236 -0.391148 0.247116 -0.310787 0.201971 -0.163356 -0.027916 -0.576985 -0.118510 0.294802 -0.255173 -0.016608 -0.656392 -0.179648 0.166429 0.146565 0.139027 -0.451137 -0.048734 0.082584 0.426375 0.172099 0.124909 0.041011 -0.487428 -0.227759 0.243833 -0.352412 -0.283249 0.043806 -0.114683 -0.122073 0.348986 -0.077450 -0.013129 -0.253894 0.228752 -0.127962 -0.167537 -0.333382 0.827991 -0.298422 
0.255155 -0.627135 0.040473 0.271260 -0.082660 0.158473 0.471392 -0.421147 0.276053 -0.113552 0.087284 -0.251554 0.016065 -0.714668 0.053783 0.195778 -0.105523 -0.136044 -0.316858 0.104237 -0.124522 0.071999 0.071016 -0.703043 0.062049 0.190921 0.511436 0.200651 0.154622 0.130758 -0.445654 -0.236707 0.169751 -0.125001 -0.253404 0.060425 -0.131724 -0.134063 0.369622 0.076497 -0.050300 -0.180539 0.045324 0.002216 -0.097446 -0.236639 0.553528 -0.339618 
0.477258 -0.202638 -0.146753 0.229724 -0.021028 0.146402 0.265160 -0.315104 0.418181 0.128916 0.036011 -0.327737 0.144594 -0.696205 -0.012888 0.098916 -0.191061 -0.068821 -0.035086 -0.247058 -0.205785 -0.168453 0.101379 -0.482748 0.101045 0.205167 0.598803 0.377684 -0.052915 0.198166 -0.132181 0.117412 0.270271 -0.428480 -0.001948 -0.235010 -0.520112 -0.132999 0.239925 -0.086252 -0.015042 -0.288614 -0.005801 -0.111405 -0.238307 -0.189886 0.269464 -0.241028 
0.268546 -0.144694 -0.391518 0.052686 -0.150666 -0.065571 0.216257 -0.282710 0.213764 0.125338 0.009860 -0.394783 0.360484 -0.793207 0.342844 0.097667 -0.206038 0.005872 0.209759 -0.225622 -0.142257 0.020559 0.163302 -0.773503 0.200676 -0.102835 0.492250 0.339688 -0.113254 0.272533 0.143827 0.084406 0.016966 -0.095752 -0.173103 -0.436718 -0.405687 0.052567 0.048951 -0.528676 0.055602 -0.163252 -0.107408 -0.019053 -0.133080 -0.277901 0.327423 -0.092333 
0.244015 0.040869 -0.469753 0.254286 0.053567 0.044530 0.300842 -0.248512 0.257034 0.357886 -0.002090 -0.455622 0.449265 -0.734458 0.119652 0.004548 -0.284993 -0.158448 0.299398 -0.323514 0.029926 0.203637 0.239294 -0.857093 0.297652 -0.138655 0.261313 0.274098 -0.184081 0.134176 0.246566 0.021196 0.070986 0.146615 -0.104563 -0.433151 -0.171602 0.039321 0.071262 -0.527355 -0.092328 -0.044409 -0.069316 -0.024608 -0.120180 -0.121477 0.502459 -0.067368 
0.256727 0.293342 -0.493414 0.112389 -0.243896 0.043517 0.130703 -0.308824 0.254987 0.106703 -0.213605 -0.084361 0.663253 -0.722258 0.277054 -0.144030 -0.174803 -0.094516 0.014531 -0.521173 0.047454 0.105576 0.064131 -0.947598 0.147740 -0.391067 0.229308 0.255440 -0.518586 0.163884 0.241639 -0.056978 0.042090 0.180806 0.034083 -0.672798 -0.256826 0.426733 0.011600 -0.255210 -0.135455 0.091226 -0.127681 -0.035198 -0.224419 -0.185964 0.310090 -0.285988 
-0.050370 0.250888 -0.221869 0.068957 -0.245526 0.010962 0.106010 -0.068312 0.041843 0.254970 -0.116579 -0.094229 0.560108 -0.500891 0.189115 -0.355047 -0.085957 -0.049591 0.071827 -0.465582 0.050072 -0.234306 0.262112 -0.621263 0.207041 -0.222503 0.173774 0.284262 -0.323631 0.213243 0.258171 -0.009495 -0.016458 -0.049160 0.241995 -0.290868 -0.137601 0.297202 -0.053847 -0.178920 -0.428396 0.159935 0.105497 0.168521 -0.190005 -0.263121 0.453396 -0.165481 
0.251955 0.326125 -0.106816 0.406481 -0.270794 0.139914 0.065732 -0.233266 -0.060594 0.251910 -0.048910 -0.055530 0.908801 -0.492314 0.287315 -0.524105 -0.092041 -0.349380 -0.191724 -0.511021 0.233154 -0.015370 0.347428 -0.509462 0.375486 -0.141680 0.021114 0.106693 -0.260514 0.017663 0.109423 0.048150 0.284967 -0.054351 0.140504 -0.250067 -0.307857 0.211073 0.067164 -0.012927 -0.411800 0.306339 0.113338 0.066437 -0.431501 -0.320452 0.130763 -0.240684 
0.073888 0.311967 -0.138439 0.253012 -0.240451 0.129115 0.345799 -0.142915 0.133383 0.140720 0.045741 -0.064614 0.559593 -0.553996 0.645747 -0.445393 -0.048145 -0.340685 -0.234503 -0.507363 0.197983 -0.206046 0.439041 -0.394969 0.174250 -0.211196 0.028054 0.018445 -0.092122 0.196003 0.134600 0.222657 0.012067 -0.145407 0.464029 -0.070519 0.002840 0.227319 -0.071591 -0.000790 -0.353778 0.405409 0.215436 0.160076 -0.225155 -0.163922 0.185787 -0.256149 
0.189379 0.698002 0.071291 0.221938 -0.147028 0.236700 0.248128 -0.211432 -0.046501 -0.069804 0.276172 -0.087719 0.639286 -0.613802 0.564671 -0.395100 0.149523 -0.319117 -0.219756 -0.215639 0.233932 -0.007462 0.312134 -0.342008 0.081679 0.026797 -0.329212 0.176600 -0.172067 0.007576 -0.002203 0.291951 0.268709 -0.195949 0.208481 0.020395 0.035169 0.277781 -0.166982 -0.034309 -0.373528 0.352422 0.255935 0.126773 -0.134937 -0.175005 0.173958 -0.188768 
0.207883 0.571515 0.049196 0.292529 -0.272025 0.127850 0.502840 -0.134731 -0.189649 -0.000167 0.148070 0.043711 0.557736 -0.550542 0.732322 -0.244794 0.069977 -0.244107 -0.311446 -0.367906 0.302926 -0.286410 0.216113 -0.098269 0.028152 0.189491 -0.359674 0.213178 -0.152070 0.130525 0.029052 0.346182 0.152893 -0.430945 0.312184 -0.094801 0.135872 0.267184 0.255718 0.142502 -0.323584 -0.042959 0.276981 -0.023855 -0.185172 -0.057774 0.187416 -0.164917 
0.097268 0.588478 -0.145135 0.523873 -0.195238 0.264064 0.315138 -0.056899 -0.041633 -0.026345 0.213531 0.190230 0.542298 -0.519084 0.806052 0.078226 0.516880 -0.222378 -0.327558 -0.299351 0.373561 -0.294880 -0.120067 0.279170 -0.323819 0.321934 -0.242433 0.014914 -0.224105 0.653525 0.112014 0.095271 -0.223780 -0.543226 0.318655 -0.022220 -0.152204 0.024751 0.210273 -0.033630 -0.081533 0.117439 0.354603 0.014081 -0.177398 -0.216500 0.080115 0.087909 
-0.042821 0.519024 -0.250057 0.422377 -0.359469 0.081871 0.495999 -0.212844 -0.036749 0.082913 0.141052 0.080177 0.621106 -0.274641 0.968016 0.173584 0.810797 -0.322137 -0.313812 -0.193255 0.416009 0.059722 -0.113897 0.257200 -0.234800 0.069240 -0.444211 0.222171 -0.000080 0.689503 0.169971 0.124841 -0.313677 -0.373368 -0.075916 0.021961 -0.173080 -0.048184 0.088030 0.104172 -0.029166 -0.215066 0.284232 0.143401 0.012189 0.156829 0.140512 0.126878 
-0.190161 0.725451 -0.480892 0.416820 -0.161737 0.038566 0.446025 -0.377829 -0.110823 0.151903 0.186002 0.089840 0.493114 -0.313653 0.939251 0.232735 0.843456 -0.313310 -0.466941 -0.090177 0.135680 -0.080159 0.073004 0.273741 -0.320379 0.119129 -0.563880 -0.049866 0.008819 0.624339 -0.111560 0.145991 -0.299012 -0.497592 -0.069927 -0.125087 -0.194689 -0.336282 0.105496 -0.052137 -0.289278 -0.273124 0.091888 0.048051 -0.097427 -0.047930 0.067571 -0.054594 
-0.074870 0.458105 -0.404869 0.620344 -0.041281 0.052601 0.523214 -0.424815 -0.228828 0.010418 -0.021315 0.297608 0.411500 -0.184300 0.816994 0.225773 0.755474 -0.308044 -0.215536 -0.032470 0.154376 0.209424 0.007617 0.206172 -0.540339 0.337981 -0.848326 0.068142 0.045462 0.756688 0.084547 0.162715 -0.200866 -0.407647 0.024128 -0.221403 -0.034509 -0.033445 0.297804 0.294068 -0.140140 -0.046008 0.023306 -0.063164 -0.201981 0.108622 -0.037917 0.038051 
0.180120 0.414658 -0.381579 0.594490 0.068646 0.138922 0.393872 -0.256853 -0.369364 0.096702 0.166595 0.211700 0.307061 -0.199667 0.784157 0.182371 0.816071 -0.208619 -0.152914 0.078990 -0.003436 0.176570 0.125721 0.071465 -0.157095 0.296402 -0.407262 0.314100 0.319933 0.780301 0.011083 0.092710 -0.313919 -0.481638 -0.143628 -0.069904 -0.206051 -0.138296 0.203963 0.186342 -0.253883 0.080855 0.001439 0.060290 -0.142393 0.056109 -0.114403 0.089015 
0.268407 0.495331 -0.259479 0.625046 -0.209183 0.129979 0.529867 -0.090896 -0.101158 -0.092714 0.011530 0.080620 0.396900 -0.215710 0.703399 0.079671 0.819583 -0.319042 0.041226 0.222077 0.121163 0.424028 0.223201 -0.193824 -0.221172 0.150620 -0.618075 0.412456 0.081278 0.621904 0.151736 0.082933 -0.191315 -0.428189 -0.227401 -0.319560 0.022634 0.014504 0.184151 0.435566 -0.260520 0.055891 -0.032511 -0.051195 -0.143742 0.044290 -0.285753 0.078949 
0.333307 0.387201 0.043675 0.334474 -0.114391 0.171746 0.422375 0.087672 -0.105310 0.129844 -0.082680 0.130855 0.241591 -0.163513 0.740716 -0.022469 0.839765 -0.264908 -0.070843 0.140379 -0.169556 0.216479 0.081940 -0.102308 -0.002715 0.124131 -0.359831 0.309368 0.266337 0.506052 0.076193 -0.015571 -0.427693 -0.463374 -0.305842 0.003306 -0.063483 0.160516 0.012016 0.454907 -0.081805 0.057518 0.190859 0.239615 -0.026133 0.062594 -0.102628 0.421990 
0.388579 0.538098 -0.101547 0.567090 -0.301387 0.079944 0.438181 0.164866 -0.048702 0.297589 -0.050984 0.004455 0.030354 -0.066019 0.783119 0.023055 0.517309 -0.258598 -0.191868 0.021882 -0.042377 0.163368 0.215873 -0.184539 -0.047860 0.115735 -0.508503 0.400472 -0.186768 0.540211 0.008000 0.177540 -0.425116 -0.584748 -0.086467 0.118664 0.120778 0.086319 0.094841 0.489518 -0.099851 0.193619 0.296732 0.036687 -0.075004 0.138874 -0.167947 0.265499 
0.545482 0.552093 0.039889 0.506818 -0.144459 0.050301 0.726327 0.068311 -0.057690 0.234413 -0.010633 -0.264352 0.115011 0.094033 0.715682 -0.153868 0.400917 -0.197789 -0.072138 -0.073325 -0.010524 0.303778 0.094341 -0.117787 -0.223561 -0.061550 -0.328090 0.267077 -0.022763 0.313370 0.074122 0.247023 -0.311208 -0.706118 -0.158692 0.220744 0.000225 -0.024006 -0.191428 0.296498 -0.321349 0.295767 0.451079 0.221056 -0.126213 -0.017426 -0.321653 0.238365 
0.387455 0.404672 0.047232 0.570552 0.214104 0.412176 0.843940 0.056148 0.038680 0.241326 -0.017464 -0.101236 0.047955 0.166953 0.847232 -0.133586 0.351060 -0.228777 -0.168219 0.101235 0.029162 0.240322 0.082215 0.022137 -0.154005 0.027579 -0.533452 0.140116 0.054880 0.467404 0.024169 0.400263 -0.452138 -0.778747 -0.028193 0.100740 0.113309 -0.066577 -0.046018 -0.021376 -0.282792 0.182073 0.251722 -0.051225 -0.188124 0.067016 -0.224725 0.274319 
0.248719 0.641578 0.061573 0.494163 -0.032652 0.139241 0.678212 0.212325 -0.147226 0.284692 -0.132815 -0.135609 -0.143996 -0.091275 0.802285 -0.032056 0.616523 -0.459769 -0.103468 0.028885 0.051580 0.477875 0.086569 0.272588 -0.235735 0.122851 -0.509207 0.035246 0.088442 0.495031 -0.067217 0.287650 -0.603489 -0.667896 -0.216119 0.062528 -0.263400 -0.120495 -0.240563 0.326563 -0.101135 0.098421 0.245118 -0.060458 -0.039961 -0.125332 -0.033549 0.145815 
0.064903 0.453066 0.219144 0.600140 0.053094 0.117137 0.339906 0.146192 -0.060163 0.129397 -0.277640 -0.184439 -0.133224 0.037525 0.822831 -0.128599 0.728931 -0.403374 -0.029934 0.170580 -0.129558 0.423250 -0.072705 -0.053200 0.053515 0.087142 -0.454658 0.188065 0.240819 0.472741 -0.212410 0.334088 -0.472843 -0.543129 -0.199164 -0.057992 -0.046668 -0.154340 -0.048778 0.277477 -0.047487 0.278088 0.185393 0.096523 -0.024601 0.100598 -0.192792 0.216763 
0.003845 0.579041 0.017763 0.605552 -0.004334 0.339620 0.417153 0.150767 -0.094710 0.185209 -0.306024 -0.008239 -0.230251 -0.006642 0.581791 -0.223723 0.679521 -0.392260 -0.250415 0.074280 -0.014673 0.225151 0.100993 -0.123535 0.372727 -0.075751 -0.263362 0.116098 0.015324 0.311001 -0.041901 0.236205 -0.490521 -0.566879 -0.156279 -0.094954 -0.192044 -0.131731 -0.186950 0.398816 -0.131820 0.073470 0.160810 0.089638 0.012161 -0.178356 -0.299644 0.280938 
0.186649 0.334920 0.047511 0.391119 -0.001757 0.124245 0.236434 0.101324 0.108588 0.069704 -0.393322 -0.060736 -0.207839 0.259788 0.423378 -0.109235 0.616552 -0.111801 -0.381119 0.338157 0.038520 0.276058 0.330639 0.131628 0.184740 0.117864 -0.342303 0.556447 -0.032773 0.355750 0.039089 0.119685 -0.430991 -0.388901 -0.044883 -0.058623 -0.296044 -0.197471 -0.049460 0.274026 -0.115973 0.202053 0.430877 0.101338 0.035814 0.089693 -0.169419 0.151382 
0.066540 0.303508 -0.004792 0.535227 0.123823 0.164733 0.235710 -0.091989 0.281645 0.100110 -0.273519 0.146704 -0.246621 0.015104 0.556508 0.009533 0.616130 -0.347261 -0.276035 0.187341 -0.011564 0.123621 0.203273 0.129976 -0.068784 -0.156917 -0.206073 0.129327 -0.096371 0.472421 -0.073149 0.054917 -0.664207 -0.438042 -0.307824 0.035581 0.026622 -0.107452 -0.017260 0.190538 0.094237 0.017828 0.238805 0.246122 0.098598 -0.092945 -0.159588 0.069329 
0.179420 0.083055 -0.095288 0.390779 0.221817 -0.008679 0.205545 0.197918 0.133337 0.135322 -0.163045 -0.219960 -0.249176 0.043449 0.452910 -0.015296 0.296425 -0.438188 -0.086376 0.337841 -0.154845 -0.008755 0.282387 0.049948 -0.065408 -0.189903 -0.182638 0.367126 0.121726 0.254910 -0.160213 0.119627 -0.412946 -0.554791 -0.228202 0.018936 -0.099133 -0.320309 -0.188220 0.222474 -0.043746 0.096028 0.264198 0.092452 0.156262 -0.176368 -0.118281 0.300192 
0.444415 0.281062 0.013606 0.401100 0.162284 -0.031191 0.256733 0.225782 0.050628 -0.051689 -0.143699 -0.013473 -0.287661 0.076969 0.299440 -0.008726 0.420286 -0.159424 0.118024 0.102834 0.012118 -0.082806 0.194013 0.182132 -0.053139 -0.068238 -0.093228 0.181097 0.129724 0.331222 -0.077535 0.134359 -0.376848 -0.474786 -0.177606 -0.170452 0.123910 -0.020273 -0.028388 -0.119917 -0.003589 0.015188 0.216480 0.040209 -0.061396 -0.022671 -0.166330 0.357961 
0.342971 0.235077 0.197799 0.478342 0.175480 0.031736 0.003532 0.366107 -0.067304 0.048045 -0.116286 -0.024300 -0.247266 -0.208960 0.453672 0.087971 0.501444 -0.424806 -0.045626 0.335771 0.052469 -0.052454 -0.050742 0.150748 0.051064 -0.061276 -0.240969 -0.124263 0.116575 0.342311 -0.063386 -0.007615 -0.349886 -0.424702 -0.318079 -0.097173 -0.076014 -0.174737 0.097054 0.034974 0.057745 0.050028 0.197244 -0.042333 -0.121841 -0.087988 -0.137429 0.258488 
0.301168 0.260010 -0.031744 0.497267 -0.040387 0.024001 0.008031 0.356311 -0.274447 0.042983 -0.090714 -0.133485 -0.036771 -0.130184 0.242826 0.111416 0.400668 -0.366596 0.217339 0.252828 -0.096845 -0.219257 0.033580 0.306048 -0.068351 0.007557 -0.155369 -0.013596 0.041458 0.453016 0.017185 0.265011 -0.690228 -0.203171 -0.325462 -0.363921 0.086581 -0.117378 0.127577 0.039116 0.046053 -0.247130 0.266025 0.046920 -0.171833 -0.163144 -0.265409 0.091288 
0.410267 0.042103 -0.031083 0.362269 0.255771 -0.083088 0.004831 0.375748 -0.115018 0.043588 -0.193577 0.016068 -0.205670 0.127775 0.120984 0.147311 0.345341 -0.055904 -0.061885 0.143308 0.006319 0.044188 0.010402 0.282234 0.251511 0.114839 -0.281691 -0.019076 -0.116455 0.220691 0.120832 0.305816 -0.498721 -0.379552 -0.403950 -0.318964 0.025788 0.071985 0.144633 0.007642 -0.110770 0.114231 0.124158 0.139957 -0.164112 -0.044211 -0.040810 0.177035 
0.179438 -0.004020 0.199351 0.442860 0.067739 0.130689 0.002717 0.404706 -0.109022 -0.031643 -0.210554 -0.153318 -0.139574 0.318764 0.259754 0.086365 0.180966 -0.261278 0.090553 0.132470 -0.174160 -0.239965 0.242824 0.097839 0.150214 0.092715 -0.229912 0.262577 -0.189849 0.224436 0.141054 0.430694 -0.396269 -0.086613 -0.497470 -0.400986 -0.123234 0.001049 -0.020759 0.054046 -0.130768 0.015856 0.041659 -0.052472 -0.168215 0.095546 -0.082047 -0.096118 
0.163292 0.142616 0.029207 0.586331 0.105876 -0.034045 0.002252 0.158456 -0.174622 -0.151355 -0.228773 -0.223109 -0.098469 0.144699 -0.008952 -0.006129 -0.120730 -0.061364 -0.014199 0.157669 -0.167852 -0.277365 0.243971 0.337120 0.182052 0.036850 -0.171259 0.146079 -0.087912 0.114636 0.020030 0.267691 -0.418490 -0.169084 -0.227953 -0.240228 -0.026750 -0.109744 0.013038 0.222737 -0.111975 0.034687 0.160793 0.085284 -0.225049 0.040891 -0.077903 -0.101625 
0.493313 -0.086894 0.034652 0.333251 0.068332 0.169921 -0.143092 0.324350 0.173990 -0.279461 -0.040611 -0.133243 -0.102395 0.129488 0.174828 0.082306 0.167361 0.117068 -0.073763 0.137633 -0.138728 -0.346824 0.188696 0.148008 0.082565 -0.120031 -0.226490 0.385882 -0.170740 -0.017605 0.294328 0.268526 -0.523294 -0.168748 -0.449873 -0.067731 0.046765 0.029705 -0.297537 -0.098381 -0.098765 0.035338 0.233753 0.094334 -0.172320 -0.123656 -0.244686 0.010331 
0.336895 0.024016 0.195743 0.221515 -0.099436 0.205315 -0.075921 0.330683 -0.013126 -0.265607 -0.157557 -0.096783 -0.166403 -0.036449 -0.045921 -0.057966 0.058674 0.303333 -0.053490 0.031846 -0.152907 -0.109650 0.163098 0.004730 0.408476 -0.124900 -0.272967 0.200221 -0.167934 0.203777 0.075470 -0.084969 -0.095557 -0.044576 -0.296732 -0.298699 0.177491 0.200919 -0.229466 -0.142776 0.114823 -0.101917 0.183263 -0.117304 0.131005 -0.172170 -0.372571 -0.302914 
0.246059 0.004250 0.153992 0.305016 -0.003398 0.080134 -0.117371 0.575559 0.001371 -0.039877 -0.004185 0.115871 0.085538 -0.211547 -0.063587 -0.002182 -0.098362 0.199284 -0.077750 -0.090589 0.009708 -0.392003 0.174386 0.124019 0.232229 0.063188 -0.235154 0.340331 -0.339621 0.179232 0.091285 0.042269 -0.246742 -0.037191 -0.211410 -0.257220 -0.111097 -0.044859 -0.111818 -0.186489 -0.081547 -0.132016 0.255735 0.034950 0.099607 -0.154326 -0.180226 -0.150578 
0.205234 -0.257439 0.266284 -0.010466 0.116007 -0.143323 -0.062915 0.529931 0.152448 -0.038521 -0.049421 -0.098384 -0.142577 -0.284142 -0.014823 0.189271 -0.013653 0.296162 0.015573 -0.206932 -0.199206 -0.448768 -0.049891 -0.075750 0.374366 -0.110922 -0.509034 0.286567 -0.176446 0.086126 0.084063 0.238310 -0.288996 0.015811 -0.031738 -0.393557 0.162315 0.092983 -0.045164 -0.139071 0.025681 -0.096880 0.309372 0.133040 -0.069799 0.077994 -0.163734 -0.046637 
0.324257 -0.176030 0.302654 0.003992 -0.058839 -0.107737 -0.302510 0.622602 0.012834 -0.014126 -0.072254 -0.123410 -0.292688 -0.249821 0.041288 0.040043 0.079700 0.311264 -0.016662 -0.140723 -0.264350 -0.321139 -0.169545 0.184690 0.138022 -0.097989 -0.131588 0.206549 -0.074456 -0.014076 -0.023051 0.381681 -0.428938 0.000219 -0.071065 -0.160195 0.078625 -0.121538 0.085769 -0.149004 0.112766 -0.217551 0.324570 0.039156 0.102761 -0.130335 -0.228640 -0.213083 
0.373978 -0.073695 -0.129360 0.042583 0.115809 0.081537 -0.126288 0.537108 -0.288210 -0.035838 0.065857 -0.371902 -0.187678 -0.205419 -0.159280 0.079438 0.091160 0.043537 -0.105255 -0.011227 -0.345846 -0.201016 -0.222355 0.162967 0.147252 -0.153473 -0.143405 0.117265 -0.018069 0.082704 -0.062200 0.135918 -0.283882 -0.225780 -0.167936 -0.386842 0.038164 -0.044058 0.001123 0.016790 -0.067763 0.152615 0.162210 -0.050553 0.145137 0.084846 -0.412451 -0.244610 
0.277149 -0.004835 0.034464 0.016004 0.353922 0.035300 -0.198670 0.382762 -0.085999 -0.101210 0.124392 -0.284119 0.143251 -0.161136 -0.259083 -0.205068 -0.164283 0.187906 0.146310 0.084136 -0.158020 -0.200735 -0.160202 0.075356 0.331566 -0.230820 0.147545 -0.046171 0.119439 0.080501 -0.214060 0.208694 -0.088798 -0.106315 -0.232795 -0.239087 0.080220 0.001940 -0.027228 0.001023 -0.085888 0.128721 -0.008228 -0.145918 0.088095 0.089947 -0.294130 -0.406320 
0.331049 0.109056 -0.042393 0.062820 0.379007 0.020380 -0.009683 0.288316 0.139512 -0.216048 -0.057826 -0.348822 -0.228454 -0.232104 -0.076006 0.059285 -0.419112 0.195002 0.219171 0.246955 -0.216365 -0.174501 -0.248196 0.067226 0.269368 -0.235306 0.093219 0.010316 -0.075342 -0.002511 -0.084956 0.085483 -0.049233 -0.213658 -0.200194 -0.399935 0.234376 0.044569 -0.081802 -0.099501 0.022959 0.019262 0.322267 -0.021097 0.238517 -0.214127 -0.556098 -0.255027 
0.323206 -0.049613 -0.152985 -0.001592 0.399315 -0.142499 0.005740 0.145184 0.006540 -0.126215 0.130128 -0.319412 -0.132240 -0.004147 -0.032998 -0.152662 -0.577573 0.193917 -0.024571 -0.113851 -0.098894 -0.118743 0.140648 0.031626 0.300600 0.003593 0.022934 0.211774 -0.485767 -0.077696 0.038982 0.242796 -0.169208 0.023097 -0.165437 -0.466959 -0.001423 0.081023 -0.005590 -0.269675 -0.024580 0.206868 0.277256 -0.141167 0.045781 -0.070417 -0.405251 -0.151100 
0.031919 0.336432 0.067145 -0.108537 0.205498 -0.026226 -0.321527 0.164469 -0.040733 -0.207614 -0.137046 -0.433536 -0.116420 0.040742 -0.188159 -0.185365 -0.456455 0.135237 0.124695 -0.123854 -0.068475 -0.173730 0.284569 0.126063 0.296869 0.171147 -0.223093 0.153481 -0.477942 -0.063626 0.044799 0.525707 -0.153332 -0.151187 -0.072188 -0.268209 0.070265 0.066088 0.016137 -0.302227 0.176676 0.217245 0.186519 0.109531 -0.079867 -0.131342 -0.359534 -0.165876 
0.187267 -0.042360 0.084058 -0.128694 -0.079750 0.030265 -0.427297 0.054245 0.217882 0.031881 0.012672 -0.189839 -0.266928 0.096629 -0.209562 -0.218823 -0.398271 0.505505 0.149002 -0.276677 -0.105102 -0.293310 0.385054 0.319918 0.183696 0.017914 0.009578 0.118305 -0.586141 0.295688 0.053109 0.729166 -0.115951 -0.014306 0.004298 -0.434382 -0.073278 0.324614 0.016106 -0.447321 0.038992 0.056069 0.064093 -0.000390 -0.036420 0.163254 -0.255419 -0.043218 
0.017412 -0.083294 -0.017744 -0.054815 -0.329262 -0.034193 -0.303266 0.084694 -0.059568 -0.011373 0.126443 -0.185832 -0.291289 0.142718 -0.213140 -0.021692 -0.407466 0.411911 0.103165 -0.256033 -0.269642 -0.148466 0.137989 0.221736 0.390356 0.029037 0.182008 0.190522 -0.414862 0.299841 -0.039677 0.780269 -0.069523 0.004204 0.103256 -0.273706 -0.166963 0.190728 -0.211273 -0.332658 -0.046728 0.086095 0.114401 0.118509 0.032578 -0.060908 -0.214005 -0.214574 
-0.008127 0.020368 0.085465 -0.080346 -0.200387 -0.034306 -0.039632 0.212915 -0.040302 0.052292 0.042483 -0.268500 -0.288078 0.171504 -0.258009 -0.058316 -0.402363 0.443951 0.162338 -0.239674 -0.108867 -0.073452 0.150260 0.129612 0.180722 -0.028745 0.354115 0.364862 -0.444428 0.166892 0.110579 0.663041 -0.122435 -0.041763 0.310119 -0.075038 -0.029715 0.201943 0.035798 -0.183128 -0.132505 0.100590 -0.188714 0.046692 -0.015799 -0.064024 -0.275171 0.113122 
0.176101 -0.155342 0.178040 -0.272380 -0.245520 -0.216975 -0.239490 0.143208 -0.303108 0.003269 0.213060 -0.255256 -0.307796 0.085216 -0.298337 -0.373882 -0.735248 0.507634 0.179155 -0.129266 -0.049608 -0.126190 0.020361 0.365484 0.229977 -0.098313 0.560963 0.258463 -0.430796 -0.158549 0.027802 0.444950 0.035758 -0.148230 0.374625 0.053398 -0.033822 0.275086 -0.123619 -0.145178 -0.043452 0.193340 -0.161455 0.041469 -0.129729 -0.222582 -0.462476 -0.088902 
0.307442 -0.170678 0.110270 -0.282436 -0.242222 -0.225957 -0.097847 0.230469 -0.324890 0.066960 0.100667 -0.301545 -0.234810 -0.023685 -0.394978 -0.106620 -0.693794 0.396992 0.176057 -0.096414 -0.073259 -0.134841 0.206221 0.214483 0.213885 -0.079510 0.373723 0.276268 -0.533981 0.089833 -0.081688 0.672732 -0.031177 -0.326638 -0.012613 -0.081558 0.038891 -0.120229 0.003456 -0.198779 -0.098847 0.348693 -0.229226 0.080508 0.033554 0.025423 -0.421175 0.045317 
0.047352 -0.280563 -0.059640 -0.163018 -0.032050 -0.176755 -0.062908 0.169412 -0.056612 0.061318 0.187809 -0.295448 -0.325192 0.094620 -0.330348 -0.291718 -0.599629 0.425075 0.149353 -0.144461 0.181003 -0.182080 -0.170594 0.354482 0.144752 0.148325 0.388597 -0.005107 -0.433727 0.082606 -0.135891 0.423057 -0.033420 -0.381102 0.187140 -0.021033 0.241451 -0.074294 -0.027994 -0.415350 0.086146 0.247146 -0.051558 -0.057713 0.195121 -0.122241 -0.164549 -0.054485 
-0.057171 -0.318437 0.058295 -0.066737 0.091511 -0.119376 0.123996 -0.086580 0.126721 0.123993 0.339813 -0.529126 -0.189845 -0.058330 -0.359267 -0.251683 -0.446419 0.049602 0.329433 -0.355080 0.386927 -0.264623 -0.059263 0.325297 -0.007356 0.114803 0.522196 -0.093960 -0.587473 0.117005 -0.282571 0.373539 -0.068206 -0.051348 0.117117 0.036949 0.202941 -0.170797 -0.108030 -0.415203 -0.233660 0.379993 -0.103682 0.034412 0.061063 0.003944 -0.264465 -0.212275 
-0.155271 -0.408446 -0.163988 -0.315427 0.043549 -0.244862 -0.109838 -0.035839 -0.024633 0.080215 0.386113 -0.386481 -0.309399 -0.031705 -0.275857 -0.125640 -0.551140 0.223660 0.236244 -0.383147 0.711752 -0.130970 0.137770 0.627497 0.009409 0.235674 0.503530 -0.119624 -0.341714 -0.045941 -0.131377 0.162607 0.057324 0.091593 0.325083 0.041318 -0.059594 -0.105017 -0.141733 -0.603988 -0.157308 0.433555 -0.182282 -0.039107 -0.195868 0.048028 -0.340573 -0.055363 
0.050182 -0.346011 -0.059745 -0.207885 -0.136638 -0.072824 0.022479 0.173416 0.101304 0.353484 0.367868 -0.509859 -0.512628 -0.021766 -0.409350 -0.266556 -0.466368 0.424110 0.347598 -0.697145 0.754630 -0.049164 -0.021628 0.576422 0.150887 -0.058086 0.205412 -0.244347 -0.413541 -0.182027 -0.139121 0.127890 -0.002037 0.215595 0.329319 -0.159670 -0.047372 -0.060516 -0.376114 -0.587136 -0.052969 0.465828 -0.201782 0.034878 0.108550 0.165392 -0.389621 -0.219391 
0.037058 -0.221780 -0.103963 -0.136210 -0.372865 0.073382 0.043411 0.120220 0.028443 0.303455 0.182751 -0.310296 -0.487382 0.228570 -0.277203 -0.018973 -0.594539 0.619349 0.315411 -0.698827 0.817623 -0.047619 -0.329651 0.532851 0.509488 0.094109 0.369709 -0.055635 -0.334516 -0.154595 -0.137292 0.134474 -0.018569 0.302493 0.373371 0.002336 -0.003165 0.102301 -0.340473 -0.617092 -0.192150 0.506481 -0.296382 0.068501 0.004878 0.244929 -0.387776 -0.062546 
0.002118 -0.307450 0.247173 -0.090874 -0.308514 -0.224465 -0.121047 0.160810 -0.029204 0.209362 0.084238 -0.234613 -0.283460 0.295371 -0.402497 -0.043158 -0.615631 0.828856 0.153243 -0.544084 0.714502 -0.322330 -0.074803 0.417509 0.472962 -0.248452 0.322875 0.067814 -0.306033 -0.262874 -0.011351 -0.022052 0.183538 0.523913 0.452628 -0.149805 -0.214956 0.096860 -0.357006 -0.316450 -0.208424 0.413221 -0.070602 0.000571 0.035518 0.177862 -0.208901 0.087300 
0.167951 -0.163234 0.038709 -0.148604 -0.414593 -0.086063 0.043262 0.086776 0.107118 0.462442 0.190347 -0.225468 -0.306377 0.164627 -0.417106 -0.012596 -0.602146 0.692834 0.055988 -0.569000 0.533323 -0.440425 -0.129976 0.299844 0.515781 -0.294819 0.168096 0.304847 -0.372543 -0.243830 0.044893 -0.231209 0.152395 0.422817 0.194866 -0.069128 -0.111618 -0.002440 -0.329953 -0.312487 -0.041749 0.297798 -0.248841 -0.007833 -0.264110 0.018707 -0.020929 -0.219167 
0.143642 -0.345148 0.034157 -0.209588 -0.466464 -0.109267 -0.238421 0.009835 0.006159 0.260548 0.066995 -0.277815 -0.063472 0.269242 -0.538997 0.234596 -0.468289 0.604772 0.218763 -0.707774 0.570958 -0.508119 -0.121177 0.518634 0.168554 -0.138139 0.393855 -0.008283 -0.047527 0.161203 -0.166368 -0.311466 0.481685 0.419335 0.104820 0.236048 -0.130105 -0.021079 -0.297464 -0.496776 -0.104315 0.475050 -0.464116 0.064341 -0.044468 0.189718 -0.070231 0.022174 
0.209053 -0.387845 -0.111267 -0.329986 -0.157098 -0.078245 -0.135093 -0.324720 -0.334147 0.225553 0.140195 -0.304226 0.025462 0.170055 -0.519923 0.170182 -0.477366 0.484507 0.368345 -0.535583 0.190875 -0.438683 0.135890 0.634201 0.009736 -0.223583 0.408605 -0.273470 -0.329178 0.149857 -0.146011 -0.298679 0.670135 0.364028 0.226906 -0.033119 -0.412847 0.127589 -0.469432 -0.321443 -0.325682 0.297680 -0.587812 -0.159716 -0.285014 0.097848 0.005674 -0.050513 
-0.089447 -0.323639 0.039859 0.065021 0.067644 -0.146865 -0.130752 -0.287286 -0.250729 -0.100542 0.101843 -0.128528 -0.059776 0.364665 -0.328025 0.366430 -0.356236 0.545678 0.123210 -0.717473 0.565498 -0.215615 0.263692 0.770514 -0.069019 -0.222893 0.192740 -0.300381 0.028169 0.263318 -0.270528 -0.249010 0.570892 0.559525 0.340037 0.172466 -0.361207 -0.139027 -0.561952 -0.584998 -0.136127 0.452328 -0.648324 -0.051900 -0.344475 0.080128 -0.076884 -0.080296 
0.176939 -0.448953 0.074748 -0.100018 0.173719 -0.204570 -0.175366 -0.004246 -0.030203 -0.360334 -0.050100 -0.214052 -0.044388 0.409490 -0.486196 0.390803 -0.173191 0.429992 0.213942 -0.368162 0.739050 -0.490372 0.072878 0.674353 0.111138 -0.083849 0.536471 -0.151731 -0.052632 -0.061953 -0.198000 -0.396557 0.814810 0.742464 0.309907 0.443902 -0.359833 0.034495 -0.638180 -0.442427 0.045755 0.389802 -0.707717 -0.080312 -0.082958 -0.106234 -0.260193 -0.135809 
0.223000 -0.495572 0.322247 0.041422 -0.170613 -0.185435 -0.063259 -0.224706 0.131598 -0.379716 0.076474 -0.053551 -0.372149 0.467591 -0.628609 0.379339 -0.010566 0.504902 -0.031068 -0.680272 0.676776 -0.465170 -0.059585 0.372237 0.085106 -0.211701 0.662704 -0.167487 -0.164489 -0.220657 -0.155310 -0.731512 0.719396 0.881495 0.249063 0.489087 -0.555840 0.008769 -0.716664 -0.199193 -0.027272 0.520067 -0.393812 -0.084249 -0.317026 -0.096370 -0.239971 0.097592 
0.506117 -0.492440 0.361366 -0.340033 -0.046197 -0.095710 0.227716 0.025845 0.134950 -0.485749 0.061098 -0.149342 -0.295859 0.215528 -0.496558 0.436868 0.006432 0.467393 -0.325184 -0.573480 0.141813 -0.155434 0.172299 0.438910 0.334492 -0.015629 0.808509 0.240862 0.032732 -0.222042 -0.398337 -0.746847 0.908894 0.826708 0.206484 0.543354 -0.513901 0.098997 -0.729190 -0.116671 0.170384 0.514142 -0.336730 0.271562 -0.214864 -0.147721 -0.178499 0.065520 
0.357120 -0.702930 0.060308 -0.298756 0.155915 -0.234541 0.175985 -0.005497 0.265523 -0.704701 -0.040478 -0.162237 -0.236534 0.282799 -0.516511 0.703272 0.303106 0.216276 -0.076117 -0.641286 0.147191 -0.463623 0.051749 0.552052 0.281630 -0.223642 1.081746 0.026178 0.187703 -0.268837 -0.237283 -0.946320 0.903723 0.761868 0.250869 0.488880 -0.575316 0.041752 -0.843471 0.225263 0.208564 0.524442 -0.557856 0.155282 -0.432080 0.065916 -0.171926 0.145842 
0.542235 -0.684707 -0.072789 -0.466481 0.615636 -0.160859 0.131629 -0.289985 -0.088875 -0.825517 -0.142408 -0.182484 -0.294218 0.261308 -0.572232 1.034052 0.689760 0.253678 -0.008379 -0.519907 0.030955 -0.247919 0.023729 0.476050 -0.293854 0.208471 1.504966 0.155588 0.480421 -0.327867 -0.544812 -1.023803 1.180692 0.738966 0.295186 0.227631 -0.558885 0.110955 -0.714035 0.059790 0.037470 0.489380 -0.597054 -0.088351 -0.562420 -0.110496 -0.078795 0.119289 
0.411261 -0.756569 -0.266697 -0.351072 1.032762 -0.079794 -0.013192 -0.357099 -0.142596 -0.649535 -0.076549 -0.218914 -0.140153 0.431817 -0.745384 1.183200 0.840898 0.093827 -0.056805 -0.322562 -0.162354 -0.071577 -0.084476 0.749619 -0.357554 0.387196 1.869943 0.107449 0.427055 -0.052453 -0.847805 -1.234104 1.316359 0.752774 -0.099121 0.084513 -0.437443 0.108851 -0.865232 0.636491 0.247409 0.576944 -0.680841 -0.258690 -0.434138 -0.088302 0.017955 -0.178514 
