0.725054 0.057089 -0.531082 -0.008142 -1.017758 0.132743 0.435019 0.187112 -0.467959 0.052521 -0.391564 0.577913 -0.025776 -0.402764 -2.397936 -1.830085 
1.052316 -0.080654 -0.132072 -1.054166 0.920123 -0.911591 -0.072424 0.085776 -0.813933 0.012723 -1.025598 -1.792783 0.374517 -0.396152 -2.966652 -0.798207 
0.433138 -0.383714 0.341972 1.399753 0.171794 -0.601384 0.400607 -0.192368 -1.261713 -0.402526 -0.077494 -0.074219 -0.059049 -0.600300 -0.344901 -0.267969 
-0.331583 -0.640023 0.540304 0.924531 1.387713 -0.196561 -1.575801 0.220983 0.060158 -0.499953 0.067867 -0.701345 0.167559 0.631471 -1.060102 -0.100564 
-0.756888 0.071762 0.302144 0.172476 -0.597172 1.265086 -3.173735 0.416429 -1.311022 0.322506 -0.584550 0.376232 -0.066459 0.379567 -1.000580 -0.696829 
-0.111098 -0.182701 0.557313 -0.655464 -0.943924 0.903420 0.506230 -0.161019 -0.201104 -2.208548 0.552045 -0.458192 0.000023 0.649950 -0.667087 -0.046743 
0.368352 -0.596123 0.494771 -0.616440 -0.538869 -0.199925 -0.532357 0.264700 1.021781 -0.258815 -0.277588 -0.346536 -0.486790 -0.346475 0.906856 0.623174 
0.957970 -1.502645 -0.483868 0.541070 0.482438 -0.053219 1.183463 -0.680327 -0.351981 -0.279048 0.097917 -2.424330 -0.884814 -0.299300 0.212554 -1.413635 
1.247346 0.885977 -0.244139 0.756232 -3.358255 -1.228850 -0.465792 0.291961 -5.120266 -0.717966 -0.693384 1.725276 -1.701020 -1.197747 0.095233 -1.060018 
0.159712 0.513407 -0.346662 -1.560602 0.417556 0.819542 -0.555901 -0.236400 0.936565 0.181254 -0.242196 -0.072377 0.208678 -0.271372 0.552038 0.237879 
0.005895 0.704710 -1.110938 0.526182 -0.159976 -0.850379 -1.107250 -0.193337 0.583488 0.494813 -0.579346 1.809476 0.189451 -1.620573 -1.073974 -0.504202 
-0.313800 -1.688665 0.285350 0.579372 0.017491 -0.125891 0.879351 0.386274 -0.111987 -0.800371 0.689734 -3.313173 -0.679484 -0.070345 0.870536 -1.175711 
-0.318449 -0.580240 0.197228 -0.997223 0.401101 0.328247 -0.252082 0.444029 -0.106797 -0.316858 -1.925543 0.372624 0.788837 -1.007065 0.830587 -0.010066 
0.160061 -0.112719 0.342578 0.597931 -0.040375 -1.228580 -0.431643 -0.132172 -0.554448 0.313092 -0.284167 -0.145900 -0.649975 0.914894 -0.300326 -0.330899 
0.186481 -0.128734 0.372451 0.184024 0.331609 0.482441 0.254273 -0.268254 -0.072792 -1.643210 -0.999412 -0.643658 -0.927433 0.903423 0.661823 1.007690 
-1.213471 0.352687 0.204856 0.031320 0.160838 0.702955 0.067072 0.354295 -0.250296 0.560781 0.221276 0.170044 -2.668384 0.084456 -0.543906 -0.988501 
-0.782280 0.691763 -0.798783 1.991226 -0.614822 0.937998 -0.297387 -0.495405 -2.438455 1.493301 -3.914043 -0.067695 -0.569917 -0.447911 -0.517070 -0.167945 
-0.038401 0.513450 0.341476 0.530507 -1.964704 -0.098370 0.697863 0.253896 -2.045701 -1.524215 -0.862255 -2.082088 -0.286689 0.473894 -0.158705 0.245219 
-0.274840 0.233733 -0.017187 0.281648 0.302428 -0.455271 -0.094198 0.254985 -0.874530 0.604744 0.377105 -0.863316 -2.943835 -0.167389 -0.443733 -0.788754 
-0.242962 -0.769887 0.267928 -1.269356 -0.572492 -0.297462 -0.209333 0.224999 -1.037368 0.490543 -1.844545 -0.468417 0.903469 -0.364336 0.010211 -0.337754 
-0.708045 -0.257339 0.094036 -0.517851 0.700276 1.360361 0.019049 0.268931 -0.475347 -1.351066 0.277221 -0.605305 0.604756 0.436771 -0.352088 -1.110593 
0.539512 -0.385262 -0.248759 -2.823043 -1.052221 0.330526 -0.318495 0.079638 -0.205762 0.004933 -1.006516 -0.199740 0.173006 0.228355 -2.014675 -0.646040 
-0.066690 0.454768 0.250823 0.025823 -2.627989 -3.344772 -1.262478 0.196778 -1.757007 0.452697 0.060137 1.166723 -0.824248 -0.218952 0.186171 -0.362509 
-0.818254 0.016781 0.102347 -0.199236 2.461288 -0.121312 -0.158181 -0.528212 -0.088702 0.357949 -0.068709 -5.185461 0.858010 -0.516285 0.663511 -3.517257 
0.348771 -1.166886 -0.058347 -0.235606 -0.614620 0.104677 0.002098 0.083170 0.424000 0.698863 -0.296496 -0.377970 0.027486 0.464139 0.450482 -2.636043 
-0.522391 0.871479 0.124911 -1.584210 -1.421676 0.418762 -0.026834 -0.631216 -0.760855 0.107047 0.477842 0.454890 0.829709 0.074828 -4.615966 0.323068 
0.427768 -0.440053 -0.518842 -1.422820 0.866725 0.727715 -1.111886 -0.643656 0.222064 1.100902 -0.358107 0.852711 -1.251725 0.153044 -0.064126 -2.348173 
0.727988 0.219203 0.077749 0.669205 -4.294451 0.376976 0.541495 -0.013262 -0.515958 -0.719478 0.060138 1.109148 -1.001972 0.251019 -2.865258 -1.079526 
-0.516398 -0.944901 -0.122379 0.632585 -0.243297 0.399491 -0.598551 -0.077743 -1.699768 1.327888 -0.524348 -1.493774 -1.959452 -0.125432 -4.607942 -2.936116 
-0.777342 0.506400 0.201601 -1.637419 0.543631 0.214329 0.463790 -0.550140 0.051170 0.556930 0.322756 -0.385999 -0.658279 0.417151 -0.144883 -0.605356 
0.685887 -0.874532 -0.007326 -1.788371 0.437812 0.053146 1.332698 -0.241250 0.263282 -0.115862 -0.234784 -1.405551 -2.100439 0.042528 0.523461 0.976708 
-0.860037 0.036070 0.498917 -2.321720 -3.635386 0.834049 -0.910169 0.516313 -4.393114 -0.232824 -0.291569 -0.088666 -2.931391 -0.044652 0.017806 -0.631063 
0.222370 -1.712568 -0.289982 0.158129 -0.656953 0.884327 0.777318 0.160760 -0.618660 -0.489757 0.264444 -0.254380 0.941589 0.565245 0.738537 -3.386403 
-0.036524 1.282559 0.181156 -0.090613 -0.821897 0.642036 1.143020 -0.119254 -0.234186 -1.171620 0.349672 -1.660848 -2.182327 0.406635 -0.131189 -2.033275 
-0.017150 -1.045839 0.868166 -0.660845 1.761447 -0.918395 -0.333683 0.183271 -1.508666 -1.657471 0.725484 -2.262832 -0.184232 -0.700401 -0.451564 -0.549761 
0.173058 -0.200641 -0.018980 0.233860 0.915763 -0.380192 -0.370566 -0.317602 -0.067050 0.247372 -1.909554 0.243973 0.201272 -0.803455 -0.876258 0.154874 
-0.161773 0.184001 -0.021392 0.501956 -1.087049 -1.051206 0.085646 0.642772 -0.906758 -0.189018 -2.102267 0.088810 0.425277 -1.134552 -1.189619 -0.128511 
0.324499 -0.019015 0.099386 -1.160730 -1.863193 -0.396164 0.936854 0.386277 -1.800701 -0.983101 -0.065889 -0.147662 -0.156170 0.410444 0.611975 0.047099 
-0.294801 -1.214993 0.080782 0.349406 -0.518884 -0.491110 -0.274718 0.490710 -2.917371 0.841645 1.385305 -1.927505 -2.978736 -0.123448 -0.420999 -1.120070 
0.159430 0.439325 -0.422302 -3.111890 -3.910265 0.235776 0.290569 -1.085390 -0.124614 -0.464696 -0.079388 0.214603 0.576927 0.540252 0.736923 -5.897027 
0.104879 -0.041138 0.347683 0.031726 0.289940 0.047228 0.740055 -0.221484 -1.186201 1.586234 0.889235 -0.407744 -2.567824 -0.011660 -1.671707 -0.327601 
0.242752 -0.319710 0.106935 0.253008 -2.183817 -0.101846 -0.361274 0.178657 0.163697 0.296352 0.223228 -1.258436 0.266616 0.207850 0.494399 -1.063171 
0.174529 0.583573 -0.657456 -0.297324 0.024851 0.510800 0.523251 -1.373767 0.241740 -0.971320 -0.101941 0.760812 1.064158 -0.077591 -0.307228 0.338554 
0.107115 0.035989 -0.191932 -0.664676 -0.044698 -5.148164 -2.066601 -0.003772 0.303352 0.365680 0.006937 0.313064 0.132227 -1.352275 -0.049907 -0.114152 
-0.061812 -0.705987 0.028269 1.462658 0.637187 -0.492214 -0.354505 0.406057 0.309108 -0.881308 -0.374390 -0.607585 -0.912100 -0.318962 -1.557045 -3.141074 
0.097644 0.422347 0.084665 0.378558 -0.346268 0.647999 0.259551 -0.146054 -0.195589 -0.990949 1.077030 -0.042622 -2.079769 0.799936 0.148919 0.584411 
-1.209559 1.161516 0.247003 0.445444 0.544884 -0.188518 -0.144668 -0.650617 -0.559379 -0.569817 0.109901 -1.591678 -1.297417 0.776642 0.365221 -1.144919 
0.350859 0.379151 0.173286 -1.387153 0.324502 -1.974717 -2.281950 0.240506 0.413526 0.216429 -0.014378 0.413123 0.121955 -2.819296 -0.399271 0.688797 
