-0.737270 -0.859007 -0.799386 1.180261 
-0.584803 -0.696357 -0.199718 0.700945 
-0.369325 -0.680523 0.123756 0.560025 
-0.133283 -0.372832 0.083479 0.324560 
-0.386682 -0.663774 0.025472 0.312196 
-0.270110 -0.647734 0.018688 0.172518 
-0.205416 -0.960148 0.056337 0.501824 
0.030508 -0.840505 0.013226 0.111372 
-0.188037 -0.942401 0.148268 -0.005244 
-0.207232 -0.755652 -0.046138 0.067956 
-0.208065 -0.422843 0.098816 0.218899 
-0.173519 -0.493357 0.017323 0.302422 
-0.461451 -0.587637 0.052846 0.171558 
-0.233357 -0.332182 -0.097188 0.249080 
-0.104830 -0.300961 0.001530 0.332014 
-0.141067 -0.023534 0.068579 0.407403 
0.177472 -0.065957 0.070362 0.382692 
-0.013251 0.235718 -0.149306 0.296200 
-0.062786 0.192889 -0.026490 0.481929 
0.057630 0.246534 -0.115590 0.317226 
0.071918 0.253009 0.288693 0.078770 
0.097468 0.194982 0.020155 0.246871 
0.392827 0.246946 0.182308 0.103723 
0.181646 0.388444 -0.124496 -0.200919 
-0.052882 0.430120 0.229980 -0.276817 
0.163563 0.526345 0.031458 -0.535273 
0.084103 0.551694 0.021228 -0.635221 
0.182841 0.354930 -0.028945 -0.740228 
0.065693 0.360958 0.228222 -0.917627 
0.520396 0.266669 0.105554 -0.537011 
0.186800 -0.018799 0.083465 -0.650257 
-0.019139 0.148184 0.262321 -0.700486 
-0.048916 -0.127747 -0.005741 -0.441393 
0.144994 0.224538 -0.271774 -0.380371 
0.138676 -0.031089 -0.210226 -0.303811 
0.032902 0.279487 -0.150807 -0.298845 
0.049337 0.205042 0.188612 0.038072 
-0.019807 0.357851 0.299579 -0.204449 
0.245158 0.369409 0.299313 -0.018037 
0.393900 0.616133 0.221972 -0.095454 
0.256533 1.004838 0.349016 -0.156459 
0.366376 0.824280 0.376875 -0.191474 
0.308289 0.849330 0.256968 0.183642 
0.417495 0.895986 0.324026 0.210108 
0.461978 0.770790 0.353730 0.315287 
0.443392 0.796454 0.502152 0.357092 
0.232944 0.781891 0.497240 0.134476 
0.227498 0.623423 0.338126 -0.362574 
0.105643 0.695337 0.213361 -0.487698 
0.114704 0.658914 0.121910 -0.424103 
0.257883 0.380485 0.063118 -0.266096 
-0.051000 0.469302 -0.395301 -0.061062 
-0.034091 0.662373 -0.439471 -0.246948 
-0.228494 0.464372 -0.219722 -0.053408 
-0.387508 0.277695 -0.249607 -0.180592 
-0.447586 0.415605 -0.170619 -0.183175 
0.058073 0.284537 -0.308479 -0.280488 
0.233916 0.031274 -0.168334 -0.194873 
0.508871 -0.036274 -0.276851 -0.299615 
0.768784 -0.282003 -0.212109 -0.436086 
0.567712 -0.141088 -0.521437 -0.293679 
0.500071 -0.352414 -0.729610 -0.247581 
0.099513 -0.417733 -0.453808 -0.349934 
-0.601643 -0.623350 -0.685584 0.117025 
-0.766142 -0.457843 -0.739778 0.119500 
-0.976383 -0.464495 -0.864760 0.225198 
-0.507565 -0.212173 -0.503354 0.117170 
-0.058332 -0.373837 -0.204092 -0.436768 
0.483815 -0.297175 0.160542 -0.608914 
0.388488 -0.070522 0.526634 -0.776238 
0.501209 0.463705 0.432992 -0.311992 
0.984561 0.593633 0.116008 0.219941 
1.356150 0.792197 -0.072588 0.630750 
1.186143 0.622504 0.356380 0.361642 
0.945226 0.103106 0.526263 0.148612 
0.708122 -0.126292 0.020010 0.129184 
0.294907 -0.785035 -0.723936 0.875526 
-0.439157 -1.519303 -1.206988 0.971350 
-0.865957 -1.386234 -0.680906 0.857857 
-0.848620 -0.917718 -0.404988 0.615311 
-0.733443 -0.559373 0.475442 0.613273 
-0.416296 -0.431456 1.032123 0.504177 
-0.253381 -0.323004 0.676965 0.841641 
-0.019446 -0.259012 -0.010324 -0.129141 
0.419376 -0.054224 -0.483088 -0.527523 
0.004022 -0.301365 -0.560087 -0.770952 
-0.295585 -0.455826 -0.422936 0.154003 
-0.372833 0.030334 0.756637 0.939430 
0.022154 0.382841 2.375527 0.801150 
-0.226061 0.922923 2.981396 0.021631 
-0.243092 1.098802 2.542737 -0.125673 
-0.160908 1.197281 1.272435 0.652762 
0.229405 0.965256 0.761775 1.120293 
0.528139 0.344204 0.986723 0.795401 
0.239621 0.043886 0.606934 0.688612 
-0.164575 -0.052662 -0.434600 0.692218 
0.254254 -0.295502 -0.903481 0.057277 
-0.667075 -0.028518 -0.817822 -0.286879 
-0.752105 0.015866 -0.474679 0.000311 
0.317626 -0.399335 -0.052530 0.172193 
1.416922 -0.363495 0.404723 0.096512 
1.026496 -0.620234 0.329754 0.091365 
0.165996 -1.128375 0.587244 -0.185383 
-0.634970 -0.808224 0.402064 -0.206745 
-1.094802 -0.467560 -0.210541 0.015282 
-1.752400 -0.211792 -0.688018 0.237796 
-2.417279 0.025430 -1.202080 0.465972 
-2.203053 -0.317048 -1.164207 0.570672 
-2.123257 -0.674218 -0.609421 0.333982 
-1.568014 -1.058024 -0.364337 0.122693 
-1.198699 -1.000829 -0.103495 0.017041 
-0.583969 -0.972114 0.074260 -0.080675 
0.170819 -0.573171 0.056917 -0.154129 
0.662963 -0.529921 -0.086436 0.135597 
1.023148 -0.302298 -0.412784 0.384752 
0.854186 -0.334517 -0.659257 0.483199 
0.610292 0.145949 -0.643173 0.206290 
-0.072145 0.204387 -0.623297 -0.319803 
-0.341518 0.298868 -0.448381 -0.678765 
-0.898572 0.437867 -0.507888 -0.843498 
-1.108779 0.077214 -0.265618 -0.722345 
-1.099327 0.015822 -0.058431 -0.507784 
-0.543691 0.103767 -0.093395 -0.170493 
-0.204680 0.008671 0.196526 -0.314678 
0.016707 0.413266 0.493555 -0.324753 
0.518596 0.319500 0.456308 -0.193485 
0.833639 0.514942 0.419713 0.128992 
0.956586 0.393254 -0.035790 0.061248 
1.194858 0.673868 0.037988 0.466946 
1.057506 0.440509 -0.017011 0.749767 
1.255589 0.280303 -0.116177 0.930548 
0.762737 0.226178 -0.598596 0.986977 
0.324416 0.226865 -0.501094 0.942515 
0.157122 0.072480 -0.261708 0.503179 
0.079801 0.136695 -0.041456 0.290449 
-0.062823 -0.035491 0.024239 0.014962 
-0.005531 0.047970 0.198741 -0.442547 
-0.024960 0.084506 0.301592 -0.731525 
-0.012766 0.031474 0.305353 -1.134162 
-0.290984 0.017891 0.257593 -1.022165 
0.006128 -0.305400 -0.040953 -0.654068 
-0.088411 -0.604993 0.001608 -0.526444 
0.009407 -0.463353 0.035235 -0.318013 
-0.201179 -0.406209 -0.067588 -0.059149 
-0.112350 -0.507586 0.086635 -0.013798 
0.095519 -0.384744 -0.046356 0.209998 
0.146511 -0.444097 -0.210436 0.449641 
0.216896 -0.383424 -0.220939 0.383360 
-0.129028 -0.202197 -0.165528 0.312255 
-0.434886 -0.178428 -0.102652 0.230363 
-0.380100 -0.091091 -0.072606 0.172278 
-0.361902 0.056906 0.000824 0.254472 
-0.269833 0.035870 0.115393 -0.007168 
-0.253422 0.314284 0.021609 -0.232199 
-0.033069 0.356546 0.140482 -0.365895 
-0.118447 0.099819 -0.015333 -0.355590 
0.136740 0.232962 0.009987 -0.491281 
0.283536 -0.053241 0.069618 -0.484395 
0.167925 0.089885 -0.017575 -0.719801 
0.087738 0.208469 -0.183431 -0.673839 
-0.008579 0.155720 0.018086 -0.595108 
0.122613 0.347846 -0.035060 -0.799585 
0.074827 0.312456 -0.013618 -0.875443 
0.434881 0.416419 -0.046474 -0.734164 
0.314031 0.364131 -0.036506 -0.656628 
0.482789 0.153467 0.101220 -0.860522 
0.664068 0.360222 0.208483 -0.822945 
0.456918 0.603337 0.065875 -0.820058 
0.495988 0.671699 -0.084265 -0.792912 
0.122607 0.666340 0.106358 -0.644072 
0.008338 0.401413 -0.115325 -0.392431 
0.058860 0.125931 0.165050 0.082000 
0.086192 0.269873 -0.232621 0.166676 
0.144560 0.383142 0.007727 0.206630 
0.181437 -0.115799 0.016149 0.424474 
0.060608 0.111179 0.159574 0.562303 
-0.140015 -0.329891 -0.009460 0.980541 
-0.191965 -0.435617 -0.051865 1.150483 
-0.179492 -0.957115 -0.333321 1.277223 
-0.141861 -1.389938 -0.577473 1.543603 
