-0.499001 0.000113 0.086856 -1.322736 -0.372198 -0.270816 0.220074 -0.376878 -0.802450 0.018486 0.963120 0.104660 -0.775387 -0.558699 -0.265720 0.232119 0.502880 0.379760 0.155646 -0.812458 -0.487975 -0.032139 -0.315810 -0.166180 0.406159 0.386122 0.077547 -0.972931 0.233075 0.743204 -0.018527 -0.213091 -0.012640 -0.652393 1.337315 0.098828 1.460143 1.258487 -0.131337 0.004595 -0.093496 0.012421 0.186138 1.166809 -1.023336 -0.347883 0.066723 0.155478 0.006963 0.451297 
-0.497795 0.153966 0.269283 -1.267313 -0.381176 -0.391490 0.131015 -0.870171 -0.980979 0.104033 0.508803 0.335456 -0.409188 -0.352449 -0.137757 0.189886 0.399771 0.328621 0.113278 -0.871469 -0.078274 0.025548 -0.157418 -0.163501 0.253264 0.545523 0.113951 -0.839753 0.155203 0.418741 -0.027922 0.025681 -0.066753 -0.512127 1.226558 0.041623 1.405881 0.887065 -0.110341 -0.187607 0.186534 0.330395 0.251795 0.837756 -0.870886 -0.016050 0.021866 0.193000 0.067685 0.085853 
-0.380830 -0.087281 0.163745 -1.238574 -0.414463 -0.280308 0.111208 -0.846507 -0.903851 0.147049 0.438281 0.342287 0.194566 -0.467989 -0.175596 0.152665 0.530584 0.311920 0.158865 -0.619432 -0.031454 -0.184548 -0.256092 -0.238826 0.087884 0.276218 0.217153 -0.965425 -0.194713 0.069079 0.008569 0.031293 0.028014 -0.702479 1.187013 -0.093885 1.170484 0.603150 -0.034369 -0.058645 0.271988 0.098545 0.234558 0.800342 -0.737855 0.139913 -0.199407 0.308358 -0.095225 -0.008285 
-0.525900 -0.058847 0.142364 -1.193366 -0.380780 -0.063756 0.221219 -0.600804 -0.893791 0.088370 0.360273 0.211045 0.223244 -0.615894 -0.431028 0.078574 0.235351 0.503752 -0.030521 -0.540093 -0.006907 -0.062283 -0.439495 -0.411236 0.221273 0.203321 0.412872 -0.994824 0.037859 0.242464 -0.016528 0.109543 -0.247069 -0.811685 1.168047 -0.001005 0.902300 0.172025 0.000345 -0.147227 0.330697 0.059645 0.248417 0.695461 -0.494033 0.006187 -0.306405 0.403151 -0.140495 -0.253093 
-0.325777 -0.257337 -0.078119 -0.976114 -0.306056 0.046611 0.426368 -0.290597 -0.625409 -0.025227 0.155260 0.133279 -0.031331 -0.223165 -0.225620 -0.043052 0.217443 0.287224 -0.177830 -0.411783 0.134394 -0.173938 -0.426442 -0.717682 0.442620 0.114439 0.257398 -0.812853 0.096680 0.226860 0.267508 0.161841 -0.201719 -0.898639 1.102464 0.032340 1.029865 0.323232 -0.069257 -0.073898 0.311299 0.155450 0.092531 0.351766 -0.261388 -0.061798 -0.497279 0.258256 0.106631 -0.110616 
-0.450410 -0.209748 0.132839 -1.068921 -0.002909 -0.070001 0.172918 -0.349014 -0.516370 -0.073988 0.144867 0.222116 0.177972 -0.365095 -0.061167 -0.401094 0.140501 0.210618 0.032779 -0.031577 -0.006941 -0.037141 -0.352026 -0.452012 0.233637 0.162968 0.125400 -0.842180 -0.121768 0.213020 0.014299 0.216737 -0.207699 -0.883596 0.828601 -0.039077 0.820036 0.015411 0.103253 -0.290695 0.271667 0.215837 0.020742 0.316391 0.174297 -0.031488 -0.285794 0.282487 -0.069376 -0.067876 
-0.328987 -0.113148 -0.013127 -0.944623 -0.220333 0.193147 -0.045797 -0.245334 -0.397327 -0.091652 0.362664 0.445413 -0.063258 -0.299071 0.089152 -0.292569 0.087121 0.303524 -0.000760 -0.022635 0.021654 0.035596 -0.366221 -0.437298 0.174330 0.309809 0.139154 -0.531367 0.185874 0.175379 0.368103 0.295153 -0.060773 -0.678546 0.848137 -0.073731 1.028189 0.252147 -0.169117 -0.149646 0.321774 0.195653 0.045640 0.079030 -0.018466 0.088298 -0.348346 0.338008 -0.090865 0.043296 
-0.370066 -0.045240 -0.002827 -0.696198 -0.149532 -0.096893 -0.098274 -0.385149 -0.327463 0.036730 0.388433 0.384641 0.044989 -0.203382 0.085866 -0.212502 0.152467 0.300416 -0.114727 0.070319 0.114051 0.123994 -0.352606 -0.339124 0.091963 0.397996 0.155918 -0.353693 0.263796 0.030777 0.046345 0.159355 0.262936 -0.686171 0.424917 -0.134154 0.882905 0.181856 0.143579 0.047590 0.312635 0.253610 -0.131475 -0.119168 0.090626 0.193170 -0.286396 0.383528 0.145562 0.070559 
-0.384384 0.036630 0.019180 -0.775989 -0.183846 0.038183 0.063182 -0.191705 -0.236519 -0.103482 0.324336 0.480873 -0.192983 -0.339075 0.290384 -0.097158 0.030861 0.216078 -0.021640 0.234683 -0.047807 0.077173 -0.532507 0.063646 -0.105069 0.351464 0.184853 -0.289705 0.178540 -0.007635 -0.064037 0.174452 0.036549 -0.509537 0.624027 -0.011766 0.649183 -0.081393 0.204001 -0.040165 0.164671 0.456933 -0.294232 -0.162446 0.280440 0.025540 -0.059214 0.429246 -0.075970 -0.021157 
-0.247554 -0.177806 0.020379 -0.804071 -0.111975 0.035116 -0.122138 -0.179450 -0.145635 -0.356759 0.241679 0.387998 -0.107951 -0.482413 0.169662 -0.066145 0.057078 0.329894 0.064870 0.298512 -0.054471 0.120880 -0.590874 -0.237574 0.017153 0.223841 0.332374 -0.242896 0.357965 0.250332 0.092745 0.261321 0.026215 -0.664883 0.680859 -0.249544 0.691369 0.108638 0.069380 -0.150740 0.230464 0.133248 -0.370145 -0.432667 0.489182 0.125978 -0.080190 0.417554 0.070566 0.032362 
-0.312467 -0.066570 0.104494 -0.765857 -0.318025 0.160385 -0.000755 0.105693 0.190984 -0.261416 -0.062022 0.372609 -0.105683 -0.226985 0.258407 0.021989 -0.076032 0.485101 0.093031 0.305576 -0.298030 0.080682 -0.442534 -0.197145 0.042168 0.089730 0.144542 -0.137879 0.221525 0.214384 -0.078318 0.392235 0.078842 -0.809381 0.729933 -0.072945 0.488873 -0.034797 0.107330 -0.069110 0.590096 0.414048 -0.327054 -0.423472 0.243171 -0.065846 -0.226588 0.690094 0.101134 0.291353 
-0.164377 -0.107497 0.105758 -0.776461 -0.199144 0.121523 0.042554 -0.024004 0.301448 -0.272670 -0.015460 0.111929 -0.383977 -0.213091 0.093814 -0.040389 -0.086679 0.123744 0.258063 0.370245 -0.155169 -0.092692 -0.582752 -0.423207 -0.144930 0.040115 0.033262 -0.253317 0.291975 0.315009 -0.017218 0.132508 0.093494 -0.618911 0.942201 0.008161 0.575273 -0.118121 0.128132 -0.180043 0.172947 0.205370 -0.294692 -0.301541 0.473681 0.053652 0.037016 0.597118 -0.113461 0.242628 
-0.203074 -0.020020 -0.120520 -0.684133 -0.212169 0.348260 -0.162358 -0.190762 0.277740 -0.178494 0.097577 0.103248 -0.035711 0.005528 -0.128051 -0.149800 -0.057644 0.227729 0.173755 0.111742 0.022265 0.109114 -0.512908 -0.251292 -0.085110 -0.003344 0.059969 -0.141504 0.174167 0.102112 -0.019985 0.057884 0.289218 -0.689742 0.777439 -0.018735 0.682377 -0.135553 -0.006819 -0.052170 0.275452 0.062892 -0.382338 -0.493334 0.345946 -0.029578 0.031083 0.515607 0.032112 0.138893 
-0.424509 -0.096581 -0.025785 -0.325925 -0.236150 0.130936 0.116846 -0.344616 0.168389 -0.026395 0.168091 0.104020 0.069137 -0.041558 -0.085536 -0.103586 -0.165614 0.058664 -0.008116 0.126803 -0.323873 0.176313 -0.190228 -0.447534 -0.084433 -0.173408 0.225979 -0.212994 0.211397 0.090916 -0.032519 0.013278 0.167414 -0.581681 0.783495 0.107672 0.633339 -0.107573 -0.017338 -0.127557 0.460368 0.125346 -0.395406 -0.487329 0.499652 -0.050906 -0.176591 0.279975 -0.013324 0.308776 
-0.415394 -0.065687 -0.049331 -0.504304 -0.130554 0.206884 -0.232857 -0.087899 0.219469 -0.010258 -0.076427 0.043773 -0.139983 -0.359834 0.046425 0.006728 -0.243115 -0.087047 0.151262 -0.119920 0.047568 0.038437 -0.222420 -0.345615 -0.014321 -0.101718 0.277539 -0.332546 0.250042 -0.110224 -0.168206 -0.206295 0.093847 -0.394216 0.687223 0.157591 0.455173 -0.233243 -0.055202 -0.269862 0.392304 0.402477 -0.225469 -0.494215 0.767040 -0.007299 0.096426 0.348881 0.019423 0.216695 
-0.265134 -0.166541 -0.139979 -0.310619 -0.012838 0.130973 -0.127960 -0.021329 0.116537 0.074411 -0.195811 -0.109345 -0.120890 -0.176470 -0.027349 -0.089443 -0.263643 0.026505 -0.143713 -0.348769 0.056621 0.056377 -0.173349 -0.320081 -0.076900 0.099127 0.478695 -0.293139 0.279328 0.087649 -0.137902 -0.200519 -0.161935 -0.311645 0.346951 0.012030 0.423505 0.004107 0.079350 -0.285415 0.394062 0.526463 -0.441350 -0.607138 0.929037 0.054327 0.112717 0.106200 -0.045448 0.240167 
-0.073390 -0.067469 -0.163152 -0.113319 -0.131489 0.304698 0.078543 0.229568 0.041056 -0.038153 -0.314328 -0.244889 -0.365060 -0.305362 0.040229 -0.142325 -0.042291 -0.066476 0.037880 0.033715 -0.044030 0.136396 -0.141918 -0.543174 -0.101972 0.329670 0.168702 0.102080 0.265348 0.195552 -0.102517 -0.217966 -0.012189 -0.324009 0.407866 0.150588 0.207560 0.051254 0.092395 -0.168602 0.346615 0.502375 -0.498560 -0.378896 0.923637 0.092999 0.088882 -0.070198 0.027252 0.066277 
-0.079277 0.153722 -0.011725 -0.192000 -0.224729 0.437876 -0.072423 0.230167 -0.056365 0.111736 -0.396257 -0.191155 -0.203464 0.158763 0.028275 -0.142146 -0.116002 -0.220820 -0.070008 0.081920 0.109037 0.092255 -0.357055 -0.492974 -0.265058 0.278946 0.049122 -0.093266 0.157397 0.185041 0.294091 0.009202 -0.071411 -0.183405 0.395351 0.193876 0.523932 0.145954 0.169929 -0.243836 0.560719 0.486173 -0.778734 -0.297468 1.097440 0.033649 0.136679 0.038947 0.058407 0.203727 
0.101954 -0.172884 0.008896 -0.274130 -0.053186 0.256662 0.214710 0.003456 -0.084586 -0.111298 -0.770878 -0.093851 -0.221526 -0.052358 -0.011680 -0.226594 -0.102914 -0.057458 0.065676 0.011094 -0.203727 0.202488 -0.019301 -0.384073 -0.443707 0.086992 -0.008215 0.199492 -0.027679 0.161274 0.124426 -0.331085 -0.097857 -0.076177 0.565340 -0.174090 0.479405 0.310124 0.236167 -0.293943 0.252382 0.295530 -0.554722 -0.278710 0.829398 0.005664 0.040699 -0.242837 0.117122 0.262962 
-0.200322 0.050588 -0.057243 -0.097937 -0.186246 -0.087141 0.024054 0.131536 -0.297036 0.341469 -0.660476 0.167099 0.096482 0.125519 -0.248436 0.059259 -0.122034 -0.240188 -0.159681 -0.286075 -0.201198 0.216151 -0.002828 -0.651501 -0.401029 -0.094521 0.073550 0.204353 -0.319991 0.171536 0.116014 -0.118316 0.043509 0.099507 0.362467 -0.022916 0.336080 0.409785 0.104916 0.043381 0.320937 0.474576 -0.745257 0.095585 0.985832 0.148613 0.109598 0.071923 -0.004145 0.243841 
-0.236538 -0.362647 0.050147 -0.282197 0.043748 0.172928 0.023918 0.175702 -0.201984 0.540244 -0.741481 0.114451 0.413832 -0.150372 -0.045369 -0.027740 0.068170 -0.559024 -0.204547 -0.297895 -0.342987 0.245349 0.214667 -0.412309 -0.444862 -0.053277 0.262484 0.007204 -0.315585 0.078251 -0.217142 -0.451592 0.088898 -0.083620 0.439893 0.041980 0.549240 0.249287 -0.105574 -0.082846 0.262324 0.427449 -0.568932 0.307127 1.212550 0.110875 -0.077433 -0.233936 0.203066 0.161140 
-0.193064 -0.437857 -0.024968 -0.096409 -0.143915 0.174513 0.089335 0.104120 -0.054379 0.391634 -0.668849 -0.007668 0.180561 0.185953 -0.043633 0.189778 -0.013172 -0.629160 -0.090842 -0.486527 -0.436784 0.440521 0.105737 -0.489278 -0.414116 -0.022393 0.328879 0.015024 -0.447561 0.080607 -0.172065 -0.407661 0.326369 0.081648 0.282320 0.018363 0.585489 0.010469 0.012712 -0.322548 0.389689 0.513847 -0.572891 0.121716 0.983857 -0.178642 0.028249 0.128021 -0.035160 0.026646 
-0.052934 -0.266743 0.105200 0.013151 -0.137908 -0.003227 -0.194507 0.176317 0.108455 0.513140 -0.690737 0.026083 0.141208 0.068054 -0.040375 0.156725 -0.201900 -0.685205 0.221156 -0.603315 -0.440409 0.481393 -0.004108 -0.311952 -0.735752 -0.125605 0.234436 0.071891 -0.602294 -0.107341 -0.224856 -0.245754 0.109560 0.170247 0.243914 0.121990 0.691529 -0.154691 0.186037 -0.128689 0.401018 0.397188 -0.458931 0.180542 0.824554 -0.148370 -0.128566 0.044189 0.053009 0.020460 
-0.058066 -0.451227 -0.075490 -0.208227 -0.176506 0.287583 -0.019620 0.111646 0.091762 0.155211 -0.719251 0.253927 0.054477 0.122799 0.009479 -0.118515 -0.323894 -0.863077 0.382316 -0.375180 -0.324504 0.471031 0.034005 -0.345470 -0.689492 -0.039297 0.250771 0.221479 -0.540860 -0.072173 0.106045 -0.253421 0.251815 0.143647 -0.023941 0.200098 0.448615 -0.175807 0.366258 -0.304741 0.364936 0.274891 -0.543624 0.171651 0.951702 -0.021640 0.030889 -0.125365 -0.027643 -0.022154 
-0.140178 -0.251539 -0.187927 -0.020677 -0.223211 0.082917 -0.108271 0.210304 0.161404 0.234194 -1.050696 0.147381 0.357421 0.242249 0.251527 0.056044 -0.446926 -0.958423 0.515296 -0.169707 -0.499749 0.363562 0.029245 -0.462468 -0.775422 -0.249407 0.247214 0.160762 -0.523769 -0.050469 0.002368 -0.198274 0.112475 0.114075 -0.175788 0.107823 0.373403 -0.280259 0.109939 -0.058851 0.413478 0.311126 -0.589035 0.035235 0.559333 -0.039582 0.098804 0.078852 0.015431 0.118811 
-0.254282 -0.243323 -0.251173 -0.063164 -0.343470 0.131223 0.240660 0.012121 0.223468 0.301922 -0.898870 0.201630 0.697590 0.288059 0.195955 0.182240 -0.275274 -1.034087 0.620064 -0.092628 -0.286257 0.424524 -0.082155 -0.307540 -0.832375 0.037651 0.517142 -0.127012 -0.594347 0.013592 -0.186528 0.044834 0.245599 0.040084 -0.364748 -0.046160 0.100221 -0.117282 0.081842 0.241286 0.471381 0.301236 -0.640696 0.203154 0.111147 -0.149703 0.351939 0.093503 0.133342 0.083289 
-0.290310 -0.255145 -0.150513 0.052217 -0.339294 -0.172739 0.087801 0.294446 0.031204 0.241525 -0.829717 0.241634 0.637520 0.244786 0.110297 0.164463 -0.538295 -0.950454 0.541195 -0.529720 -0.325596 0.216993 0.010476 -0.395436 -0.449074 0.005615 0.050146 0.018009 -0.353751 -0.131873 -0.306794 0.185629 0.187147 0.298357 -0.291679 0.106139 0.205648 -0.151306 0.233729 0.097025 0.304671 0.357503 -0.453870 0.313477 0.297725 0.012633 0.379371 -0.066185 -0.007987 0.355522 
0.063198 -0.249708 -0.037638 -0.052250 -0.051605 0.165009 -0.160711 0.327115 0.114813 0.119339 -0.957654 0.222278 0.530258 0.277040 -0.007445 0.160756 -0.429266 -0.866167 0.495118 -0.745576 -0.240865 0.100515 -0.004539 -0.407306 -0.495845 -0.052408 -0.279881 0.020739 -0.500775 0.024602 -0.218482 0.117206 0.112892 0.092911 -0.332959 0.222275 0.531886 -0.195249 0.143814 0.110295 0.382096 0.309815 -0.576554 0.101202 0.254981 0.120983 0.340824 -0.135313 0.182644 0.313923 
0.084074 -0.265066 0.271669 0.214450 -0.000827 -0.094322 -0.258262 0.234572 0.223727 0.045524 -0.794694 0.043673 0.446598 0.220401 0.107816 -0.062071 -0.455783 -0.872182 0.374206 -0.720131 -0.168608 0.176333 0.107970 -0.329546 -0.234417 -0.434045 -0.138502 -0.015120 -0.468550 -0.089871 -0.140963 0.137195 0.010399 0.362988 -0.464260 0.242128 0.416460 -0.154115 0.260463 0.012954 0.404171 0.090336 -0.673943 0.287459 0.504545 -0.078480 0.210964 -0.259790 0.146090 0.264671 
0.364743 -0.166106 0.223715 0.222479 0.013977 -0.058708 -0.134357 -0.202277 0.344131 0.242722 -0.551960 0.140052 0.293535 0.322810 -0.042443 -0.002258 -0.237795 -0.528731 0.132083 -0.750402 -0.234529 0.242647 0.351363 -0.347115 -0.039506 -0.285788 -0.051958 -0.201293 -0.541555 -0.029249 -0.047941 0.109645 -0.141436 0.577435 -0.402679 0.211975 0.422173 -0.356761 0.186122 -0.127428 0.259313 0.037945 -0.521057 0.459028 0.708984 -0.059263 0.126435 -0.408689 0.160607 0.431458 
0.343979 -0.299204 0.007559 0.377569 -0.246303 -0.005010 -0.232164 -0.151083 0.364801 0.344736 -0.532809 0.092165 0.386453 0.202540 0.117178 0.150510 -0.309145 -0.498302 0.047535 -0.400330 -0.049653 0.272355 0.413494 -0.270873 -0.171361 -0.653446 0.094789 -0.008674 -0.336120 -0.186763 0.130883 0.007477 -0.147375 0.419082 -0.374543 0.390129 0.466155 -0.370820 -0.032640 -0.051090 0.223021 -0.074556 -0.406162 0.576104 0.746837 -0.276377 0.105977 -0.372374 -0.029269 0.121348 
0.214865 -0.291942 -0.236321 0.170603 0.225662 0.091628 -0.033527 -0.249382 0.181879 0.158876 -0.807279 0.190103 0.454766 0.082915 -0.001579 0.323546 -0.393701 -0.773452 0.215681 -0.531157 -0.018164 0.061549 0.514623 -0.215730 -0.136357 -0.406892 -0.029394 0.156109 -0.329240 -0.323311 -0.124080 0.180517 0.047253 0.794442 -0.353675 0.415236 0.475288 -0.614416 0.148261 -0.132047 0.110162 -0.130391 -0.168418 0.354140 0.573083 -0.167743 0.120671 -0.208665 0.166637 0.065869 
0.016004 -0.290487 -0.266872 0.224791 -0.020089 0.127140 -0.029512 -0.042142 0.314540 0.054097 -0.882331 0.178615 0.499426 0.280524 0.067753 0.202493 -0.432260 -0.682477 -0.073557 -0.693723 -0.246864 0.135941 0.665169 0.204099 -0.288380 -0.245571 -0.154716 -0.091540 -0.669583 -0.288952 -0.019268 -0.009919 0.048104 0.474884 -0.411496 0.241216 0.417874 -0.501394 -0.085945 -0.177792 0.048280 0.003104 -0.166841 0.412260 0.360119 -0.176041 0.252596 -0.065104 0.211924 0.366723 
0.222684 -0.437674 -0.004719 0.359534 0.274873 0.038105 -0.096457 -0.219297 0.520796 -0.084083 -0.593658 0.130503 0.492908 0.162898 0.095673 0.174834 -0.715980 -0.436613 0.062818 -0.777557 -0.021981 -0.043787 0.374838 0.072070 -0.194422 -0.155963 -0.522413 -0.236563 -0.654817 -0.338577 -0.239335 0.287025 0.163985 0.741560 -0.262214 0.352592 0.557603 -0.615668 -0.025335 -0.246484 -0.051120 -0.161908 -0.143878 0.274151 0.495703 -0.098808 0.276439 -0.410300 0.441711 0.188382 
0.193777 -0.181790 -0.017004 0.465096 0.197848 0.050125 -0.023139 -0.322806 0.552222 -0.065256 -0.534794 -0.017707 0.395272 0.391925 -0.005404 0.516764 -0.449148 -0.442932 0.105673 -0.781113 0.041556 -0.337223 0.655540 -0.078278 0.118204 -0.152052 -0.358302 -0.165327 -0.586296 -0.261539 -0.256387 0.242407 0.228154 0.583966 -0.198033 0.463780 0.189137 -0.642237 0.095702 -0.188303 -0.038794 -0.174373 0.029400 0.105240 0.463831 0.106648 0.326400 -0.270110 0.580481 0.120860 
0.045279 -0.098705 0.206322 0.372028 0.466000 0.084253 0.167861 -0.199225 0.588692 -0.174661 -0.515227 -0.011239 0.178164 0.190915 -0.088924 0.138254 -0.365398 -0.422220 0.284857 -0.614657 -0.177191 -0.324240 0.464262 0.100640 0.146590 -0.020436 -0.678661 -0.178344 -0.889117 -0.031630 0.002248 0.354347 0.200931 0.588830 -0.291409 0.282248 0.029307 -0.635193 0.200086 -0.046733 -0.165098 -0.265155 0.045816 0.204190 0.516417 0.124806 0.543129 -0.293897 0.449454 0.387042 
-0.099625 -0.051754 0.099038 0.136992 0.318657 0.242967 0.048124 -0.343127 0.648640 -0.064404 -0.430092 -0.066878 -0.197180 0.503756 -0.001937 0.186666 -0.528923 -0.270017 0.375923 -0.390675 -0.268596 -0.459109 0.581669 0.232825 -0.017725 0.056486 -0.746452 -0.275872 -0.681651 0.212929 0.454675 0.303673 0.133363 0.769798 -0.338649 0.295070 0.047611 -0.577571 0.342786 0.044105 -0.208810 -0.372875 0.049847 0.463731 0.679143 0.043671 0.526807 -0.557940 0.589670 0.418120 
0.008359 0.047942 0.115525 0.048674 0.340502 0.022502 0.261677 -0.259088 0.958206 -0.355482 -0.537931 0.016396 -0.299150 0.492748 0.206814 0.189438 -0.586522 -0.276829 0.626945 -0.539789 -0.355167 -0.316023 0.928815 0.288442 0.039070 -0.133032 -0.867326 -0.233249 -0.505608 0.188229 0.647142 0.195372 0.609294 0.832098 -0.540839 0.583767 -0.163738 -0.711842 0.122861 0.171590 -0.269235 -0.702010 0.133439 0.088401 0.400678 0.090757 0.305122 -0.871295 0.351483 0.467690 
-0.120369 0.051098 0.126253 0.451249 0.712105 0.024657 0.068187 -0.447251 0.813599 -0.756499 -0.532213 0.034194 -0.407079 0.606472 0.296221 0.346618 -0.521120 -0.201872 0.508874 -0.217369 -0.076031 -0.263361 0.804368 0.167801 0.068715 -0.164655 -0.891721 -0.610840 -0.689339 0.241486 0.603085 0.027751 0.396118 0.702275 -0.385719 0.781223 -0.321730 -0.663814 -0.005950 0.262968 0.053268 -0.553359 0.427951 -0.035218 0.371359 -0.052136 0.279086 -0.753420 0.214761 0.568136 
0.196487 0.018893 -0.002190 0.299560 0.587850 0.058733 0.275728 -0.416560 0.784191 -0.792308 -0.306862 0.191140 -0.371545 0.602484 0.293373 0.162083 -0.528804 -0.282123 0.550752 0.097655 -0.182296 -0.474669 0.787070 0.072758 0.517935 -0.302655 -0.768947 -0.660455 -0.893962 0.075067 0.583713 -0.003041 0.262540 0.648603 -0.285334 0.879735 -0.421104 -0.388884 0.186505 0.077290 0.136132 -0.560799 0.557391 -0.078503 0.620972 0.175588 0.155074 -0.838717 0.354656 0.413703 
0.218361 -0.123302 0.103331 0.418212 0.629875 -0.034723 0.496164 -0.278916 0.479486 -0.750146 -0.194248 0.213821 -0.355170 0.246868 0.244511 0.306912 -0.330206 -0.040820 0.710236 0.072546 -0.295152 -0.502302 0.746789 0.070218 0.579846 -0.693800 -0.779636 -0.795702 -0.806264 0.081658 0.552632 -0.245611 0.541663 0.735433 -0.396865 0.940312 -0.570648 -0.161594 0.173141 0.018874 0.155776 -0.718038 0.746999 0.282222 0.417267 0.042382 0.030562 -0.736794 0.260598 0.447730 
0.261303 -0.000423 -0.031899 0.431254 0.446724 0.025348 0.231285 -0.278165 0.444786 -0.826433 -0.309681 0.212264 -0.479557 0.169612 0.101349 0.591858 -0.261058 0.073118 0.688480 0.218948 -0.371720 -0.538236 0.589813 0.182495 0.655394 -0.614845 -0.901977 -0.720054 -0.594311 -0.241785 0.324796 -0.246939 0.640021 0.654110 -0.582537 0.802593 -0.561999 -0.110136 0.333360 0.045782 0.000676 -0.463415 0.686115 0.365763 0.499180 -0.043960 -0.117889 -0.691764 -0.051772 0.189200 
0.173342 0.034440 -0.037694 0.300819 0.321360 0.028888 0.207814 -0.216478 0.490604 -0.478708 -0.132048 0.187708 -0.785388 0.138180 0.044618 0.131045 -0.141613 -0.019865 0.789933 0.365268 -0.411560 -0.684294 0.583725 0.345862 0.620676 -0.692855 -0.926408 -0.446927 -0.392772 -0.134159 0.465181 -0.061082 1.015944 0.640622 -0.644606 0.648712 -0.661655 -0.045451 0.168237 0.233405 -0.206061 -0.498101 0.743617 0.395149 0.025586 -0.043280 0.009069 -0.845282 -0.051773 0.016705 
0.286297 0.171438 0.134730 0.161343 0.186107 0.192531 0.446487 -0.147740 0.410561 -0.309327 -0.202695 0.133406 -0.712807 0.115989 0.003376 -0.039711 -0.151901 0.010781 0.442635 0.227168 -0.118044 -0.639103 0.814374 0.475554 0.521794 -0.354798 -0.980674 -0.362272 -0.549411 -0.267785 0.202331 -0.024328 1.008569 0.870146 -0.607099 0.452513 -0.303237 -0.027836 0.281235 0.060932 -0.043033 -0.391237 0.795028 0.304691 0.305369 0.117022 0.233395 -0.691187 -0.142236 -0.308412 
0.049081 -0.047216 0.000311 0.308767 0.160992 0.079850 0.156621 -0.156765 0.336600 -0.520872 -0.108044 0.159994 -0.651949 0.047189 -0.162691 0.024355 0.160489 -0.122276 0.250073 0.121068 -0.215805 -0.620282 0.598335 0.422371 0.414401 -0.128744 -0.833483 -0.560667 -0.485044 -0.337445 0.287640 -0.187499 0.793029 0.679757 -0.575961 0.442534 -0.315905 -0.041774 0.005731 0.306996 -0.358087 -0.490235 0.724486 0.274135 0.102474 0.271083 -0.099107 -0.884229 -0.080054 -0.270139 
0.128780 0.067359 0.285179 0.523412 0.219478 0.134697 0.057554 0.304193 0.145749 -0.312450 -0.322175 0.180493 -0.414381 0.336415 -0.202367 -0.072474 0.285050 0.232602 0.155724 -0.054666 -0.263919 -0.754392 0.534267 0.160755 0.379686 -0.297645 -1.173045 -0.330098 -0.464694 -0.108305 0.162847 0.066962 0.618650 0.592888 -0.446300 0.359607 -0.746705 0.073511 0.204658 0.383907 -0.199164 -0.632670 0.725879 0.342236 0.290883 0.226894 -0.024581 -0.720446 -0.205954 -0.041331 
0.174210 -0.120954 0.273535 0.563770 0.144880 -0.181847 0.158283 0.336119 0.307950 -0.037962 -0.190807 0.244633 -0.274736 0.202792 -0.045011 0.190804 0.246958 0.253070 0.124671 0.289549 -0.569112 -0.653016 0.265956 -0.088455 0.600024 -0.251393 -0.990948 -0.391323 -0.330639 -0.191711 0.319208 -0.059386 0.247532 0.538127 -0.442280 0.034641 -0.737110 0.257036 -0.019968 0.413633 0.008040 -0.394530 0.624630 0.612234 0.132616 0.252520 0.267107 -0.651904 0.064828 0.081051 
0.096524 0.235026 0.026544 0.659749 0.171889 -0.053324 0.310022 0.201168 0.168434 -0.112227 -0.219621 0.231505 -0.153691 0.189205 -0.179844 -0.051702 0.235635 0.317010 0.107618 0.413623 -0.466375 -0.581647 -0.012184 0.065692 0.475654 -0.373338 -1.123520 -0.260674 -0.118013 -0.428766 0.311904 0.145851 0.292369 0.478571 -0.510181 0.212245 -0.500928 0.130357 -0.113737 0.366011 -0.099729 -0.367470 0.536757 0.562431 -0.134631 0.228157 0.120810 -0.418638 -0.071377 0.254453 
0.146631 0.520215 0.220611 0.485160 0.011362 -0.079653 0.102834 0.230675 0.000023 -0.047122 0.132841 -0.032456 0.021217 0.270378 -0.128274 -0.065199 0.336874 0.502586 -0.322354 0.610780 -0.321237 -0.538106 -0.084460 0.039306 0.647745 -0.233189 -0.906086 -0.425223 0.267351 -0.677314 0.229036 0.279856 0.337780 0.541537 -0.816860 0.062153 -0.378049 0.155535 0.216153 0.503746 -0.162710 -0.296399 0.280120 0.270443 -0.496345 0.186960 0.024710 -0.343664 0.061870 0.017849 
0.255737 0.692415 -0.018974 0.668118 -0.322417 0.277336 -0.135142 -0.030647 -0.140259 0.132925 0.280873 0.166905 0.029364 0.122033 0.098349 0.181983 0.261964 0.574542 -0.397105 0.285736 -0.397277 -0.559324 -0.079636 0.236042 0.182395 -0.347032 -0.805766 -0.493666 0.619718 -0.707724 0.149367 0.382145 0.151747 0.523754 -0.788607 -0.144908 -0.200469 0.008240 0.005303 0.413945 -0.468047 -0.421989 0.176990 0.387539 -0.546946 0.140003 0.206205 -0.016321 0.090723 0.143331 
0.126201 0.511259 0.157026 0.591390 -0.043819 0.075643 -0.097946 -0.063289 -0.126439 -0.024727 0.310409 0.092352 -0.028220 0.113373 0.174474 0.050536 0.283817 0.675466 -0.431715 0.208938 -0.304299 -0.196951 -0.332197 0.414414 0.157903 -0.637633 -0.903549 -0.209268 0.622740 -0.650255 0.167511 0.505190 0.164636 0.392375 -1.138541 -0.072724 -0.229192 -0.167782 -0.137391 0.451563 -0.490588 -0.584991 0.226808 0.297233 -0.766014 0.023421 0.368952 0.119467 -0.058370 0.157072 
0.270732 0.541170 0.076639 0.549713 -0.060046 0.201865 -0.106627 -0.144898 -0.414438 0.143287 0.525666 -0.139600 -0.181529 0.054252 0.412779 0.023450 0.295431 0.724204 -0.520817 0.628777 -0.386979 -0.050697 -0.337802 0.637938 0.178618 -0.645265 -0.820687 0.332929 0.892959 -0.841084 -0.042343 0.273165 0.570442 0.416561 -0.740525 -0.133187 -0.353197 -0.008104 0.150508 0.619046 -0.563872 -0.641434 -0.084118 0.252414 -0.663941 0.008878 0.222901 0.044231 -0.033837 0.111606 
0.095611 0.403302 0.129348 0.791305 -0.284899 -0.003627 -0.160087 0.122293 -0.329219 -0.034265 0.730562 -0.373389 -0.124855 0.091167 0.273651 -0.149080 0.500252 0.952626 -0.261119 0.573238 -0.116638 -0.186290 -0.457995 0.775893 0.171166 -0.554538 -0.689151 0.324924 0.782077 -0.827347 -0.171543 0.422144 0.382253 0.488776 -0.910865 -0.259842 -0.588342 -0.251555 0.138635 0.424512 -0.512539 -0.479618 -0.261023 0.310359 -0.505236 -0.074462 0.347978 -0.366149 -0.160007 0.145832 
0.101526 0.415427 0.204278 0.660675 -0.293213 0.319477 -0.391272 -0.166965 -0.333072 -0.007492 0.764443 -0.643202 -0.226482 -0.008069 0.686557 -0.117540 0.597968 0.774170 -0.524982 0.586535 -0.246551 -0.131820 -0.489812 0.909403 -0.145525 -0.320739 -0.484379 0.342493 0.752309 -0.842851 -0.296784 0.283364 0.580245 0.454553 -0.552795 -0.414864 -0.861782 -0.226626 -0.035818 0.773927 -0.262979 -0.206444 -0.329290 0.045938 -0.551407 -0.070569 0.486873 -0.339336 0.095889 0.220436 
-0.168233 0.580187 0.116921 0.718292 -0.232864 -0.004523 -0.352321 -0.157442 -0.210350 0.095008 0.737147 -0.509993 -0.046459 -0.171601 0.384978 -0.159423 0.216986 0.639558 -0.345624 0.886561 -0.041392 -0.200154 -0.259692 0.933666 -0.011974 -0.400777 -0.250293 0.102402 0.752293 -0.524857 -0.303506 0.128079 0.335317 0.363895 -0.708689 -0.306817 -0.753418 -0.195356 0.076655 0.687732 -0.287377 -0.255861 -0.491642 0.251702 -0.452818 -0.114988 0.375707 -0.079121 0.143785 0.187258 
-0.046228 0.507724 0.284134 0.679544 -0.253158 -0.180937 -0.373507 -0.238939 -0.269846 0.236939 0.704679 -0.376402 0.203237 0.013591 0.455623 -0.118181 0.181636 0.498744 -0.473423 0.557431 0.101279 0.059256 -0.361759 0.760954 0.050941 -0.237358 -0.294910 0.184898 0.741911 -0.827566 -0.240369 0.202486 0.246678 0.547787 -0.825620 -0.327685 -0.534783 -0.121623 0.287058 0.620785 -0.233825 -0.620525 -0.436109 0.031962 -0.523400 0.045577 0.361922 -0.033865 -0.035669 0.209154 
0.032045 0.582056 0.477154 0.686121 -0.236031 -0.104063 -0.330869 -0.303478 -0.422792 0.293843 0.596291 -0.169649 0.228730 0.079403 0.283534 0.193406 0.182062 0.652342 -0.511343 0.378655 0.260181 -0.077585 -0.470468 0.916139 -0.340596 -0.204241 -0.272112 0.032828 0.691818 -0.619520 0.121845 0.197526 0.162237 0.299700 -0.760859 -0.234903 -0.429920 0.049546 0.184469 0.496526 -0.282718 -0.771217 -0.608837 -0.164299 -0.130433 0.197386 0.318121 0.198422 0.005606 -0.043174 
-0.219513 0.664019 0.186419 0.518331 0.054465 -0.243098 -0.026155 -0.547327 -0.519842 0.138576 0.465007 -0.287027 0.173797 -0.125081 0.174185 0.390553 -0.155252 0.844431 -0.113647 0.401498 0.313289 0.252905 -0.362961 0.563969 -0.250572 -0.143419 -0.216279 -0.376662 0.434305 -0.542441 0.284325 0.002087 -0.169200 0.291579 -0.535208 -0.030070 -0.469010 -0.148317 -0.058281 0.264503 -0.164600 -0.627922 -0.852058 -0.062942 0.011863 0.006595 0.151541 0.296749 0.068959 0.007240 
-0.331175 0.312579 -0.193242 0.455717 -0.054497 -0.184222 -0.046511 -0.349185 -0.459970 0.047599 0.552195 -0.240604 0.265821 -0.121518 -0.142692 0.616302 -0.305028 0.538485 0.033917 0.402929 0.328790 0.338373 -0.382266 0.450627 -0.403221 0.010206 0.130500 -0.702854 0.450686 -0.560483 0.560741 -0.150313 -0.349492 0.260277 -0.715899 0.059808 -0.489283 -0.475010 -0.022615 0.153806 -0.027442 -0.655394 -0.821551 0.051790 0.281779 0.129356 -0.044229 0.860052 -0.170571 -0.296498 
-0.352269 0.472040 -0.322906 0.542603 0.002476 -0.200915 -0.011398 -0.591880 -0.299907 0.088829 0.720570 -0.367203 0.188494 -0.247869 0.036523 0.669454 -0.610525 0.320671 -0.011900 0.467854 0.160210 0.894655 -0.090091 0.552522 -0.609943 -0.036909 0.367622 -0.404758 0.712191 -0.476204 0.561122 -0.263679 -0.378507 0.190364 -0.726465 0.053290 -0.599598 -0.965067 -0.356797 -0.039221 -0.200306 -0.530751 -0.582829 0.189496 0.299149 -0.062612 0.118534 1.148203 -0.003769 -0.385778 
-0.086924 0.406958 -0.074214 0.932627 -0.178037 -0.067735 0.023865 -0.545664 -0.292258 -0.146778 0.546337 -0.237611 0.252919 -0.360972 -0.121623 0.687499 -0.713737 0.253325 0.174058 0.506249 -0.014765 0.715069 -0.201605 0.323783 -0.617507 0.027708 0.359638 -0.465102 0.658637 -0.375825 0.768250 -0.154197 -0.306147 0.213844 -0.494718 -0.146808 -0.483533 -0.464803 -0.277923 -0.175968 -0.178360 -0.582710 -0.450644 0.302748 0.131064 -0.160525 0.172024 0.732947 -0.299547 -0.141905 
0.026052 0.523143 0.002369 0.729351 -0.118051 -0.208691 -0.287518 -0.289212 -0.269248 -0.121244 0.456108 -0.295826 0.418134 -0.466510 -0.182360 0.471554 -0.811639 0.288068 0.132392 0.446829 0.031444 0.396987 -0.240782 0.349103 -0.275517 0.440155 0.096601 -0.436124 0.509410 -0.422045 0.541782 -0.406042 -0.459047 0.241891 -0.386781 -0.016508 -0.414965 0.389301 -0.028383 0.144112 -0.105881 -0.603447 -0.457289 0.080282 -0.020591 -0.089010 0.115780 0.388020 -0.050862 -0.067758 
0.341509 0.648227 0.007355 0.947961 -0.055832 -0.306289 -0.425980 -0.415343 -0.173630 -0.032790 0.418826 -0.287037 0.678708 -0.330074 -0.015361 0.579758 -0.523623 0.095081 0.417148 0.895675 0.122727 0.113960 -0.372354 0.493231 -0.273304 0.557303 0.008438 -0.276058 0.184878 -0.339723 0.548001 -0.485896 -0.321149 0.027709 -0.522017 -0.152300 -0.503427 0.731314 -0.151438 0.208139 0.150631 -0.829939 -0.588849 0.342686 -0.129694 0.115636 0.246170 0.207214 -0.266139 -0.013213 
0.386111 0.146067 -0.139761 0.773772 -0.071722 -0.223962 -0.234473 -0.136349 0.137077 0.002636 0.246996 0.034350 0.508617 -0.441906 -0.277543 0.931506 -0.620616 0.017657 0.168196 1.192097 0.076627 0.108429 -0.282266 0.446403 -0.311931 0.701234 0.080085 -0.368600 0.045956 -0.345231 0.139661 -0.814802 -0.361392 0.003122 -0.460558 -0.276485 -0.424298 1.085625 -0.119100 0.238805 0.410086 -0.475354 -0.577331 0.297207 -0.284428 -0.164303 0.041722 0.241714 -0.376962 -0.188124 
0.483925 0.109096 -0.206946 0.500095 -0.247302 -0.203636 0.051522 -0.084603 0.083513 -0.279007 0.256484 -0.173888 0.072088 -0.446169 -0.128701 1.041048 -0.663840 0.135186 0.304887 1.208376 0.319571 0.048184 -0.197563 0.393094 -0.124381 0.418456 0.241676 -0.273428 0.041629 -0.224127 0.412527 -0.463533 -0.645789 -0.176199 -0.452993 -0.187953 -0.321761 0.912551 -0.363349 -0.077079 0.507914 -0.392157 -0.346403 0.269650 -0.057410 -0.021900 -0.330474 0.244907 -0.148622 -0.100314 
0.369959 0.330108 -0.394847 0.703068 -0.151470 -0.232966 0.160197 0.143382 0.041065 -0.330970 0.217090 -0.147644 -0.363523 -0.436239 -0.063878 1.022429 -0.342840 -0.175185 0.117816 1.317924 0.079267 0.316155 -0.326920 0.311238 -0.348414 0.536208 0.504231 -0.401545 0.017435 -0.027760 0.137542 -0.536074 -0.610969 -0.218485 -0.353474 -0.107889 -0.524980 0.784000 -0.444317 0.026633 0.131116 0.013138 -0.191200 0.140315 -0.346019 0.075814 -0.655180 0.362661 -0.408808 -0.007680 
0.253773 0.234867 -0.449508 0.469992 -0.130892 -0.102115 0.378241 0.148183 -0.172825 -0.606432 0.033171 0.208797 -0.946598 -0.215623 -0.047129 1.440674 -0.164314 -0.063103 0.115363 0.915935 0.162273 0.236575 -0.098795 0.433091 -0.338291 0.351291 0.465154 -0.201831 0.245482 -0.031202 0.435798 -0.464999 -0.514513 -0.376557 -0.059366 -0.295542 -0.239259 0.301120 -0.437234 0.222303 -0.073292 0.161885 0.218815 0.070051 -0.251609 -0.123215 -0.769340 0.627174 -0.601548 -0.121930 
0.451595 0.166038 -0.229365 0.267417 -0.138745 0.023374 0.528293 0.145379 -0.596439 -0.245005 0.194325 0.296804 -0.799927 -0.350800 -0.257667 1.318875 -0.155362 0.228806 0.080682 0.775705 0.070120 0.252331 -0.209669 0.140249 -0.299531 0.326336 0.631250 -0.184660 0.430402 0.019589 0.146462 -0.022603 -0.485582 -0.473066 0.094868 -0.250172 -0.660214 0.210947 -0.502265 0.311622 -0.427150 0.159926 0.366732 0.155184 -0.660196 -0.081898 -1.044585 0.532536 -0.370037 0.035970 
0.356860 0.045333 -0.024811 0.302515 0.090120 0.102303 0.266002 0.072605 -0.608230 0.335098 0.208502 0.271017 -1.087718 -0.171165 -0.309577 1.202586 0.531295 0.381194 -0.181519 0.459067 0.222818 0.358273 -0.131156 0.379150 -0.060995 0.136569 0.607748 -0.207776 0.690073 -0.217489 -0.105571 -0.088521 -0.489830 -0.417777 0.187803 0.023864 -0.730525 -0.292830 -0.724727 0.159012 -0.403013 0.037436 0.608521 -0.190075 -0.144544 -0.089332 -1.253864 0.744757 -0.595552 0.077801 
0.535305 -0.352386 0.047337 0.250216 0.349025 0.192636 0.521243 0.136625 -0.614453 0.360098 0.118404 0.120031 -0.917213 -0.135298 -0.484327 0.996029 0.950206 0.357917 -0.167142 0.212302 -0.095940 0.237792 -0.109479 0.076153 0.102102 0.503035 0.874487 -0.280509 0.975009 -0.131451 -0.196515 -0.197110 -0.667103 -0.349609 0.182570 0.253112 -0.489303 -0.098147 -0.520345 -0.193650 -0.250198 0.403809 0.484878 -0.453059 0.074811 -0.217676 -1.369233 0.669854 -0.770198 0.238737 
0.311730 -0.525710 0.225242 0.437860 0.722462 0.168909 0.370178 0.675994 -0.463647 0.377763 0.066243 0.328038 -0.876260 -0.294591 -0.394010 0.411802 1.128096 0.204115 -0.408814 0.570886 -0.011818 0.242204 -0.365549 -0.206409 0.263385 0.475714 0.649880 -0.135168 0.943309 0.077531 -0.388963 0.036779 -0.871570 -0.376866 0.069854 0.141913 -0.706526 -0.253713 -0.482689 -0.397966 -0.351425 0.388688 0.271319 -0.439976 0.040883 -0.085590 -1.608572 0.475881 -0.886395 0.239788 
0.374640 -0.646258 0.439470 0.388891 0.790110 0.447364 -0.074426 1.182470 -0.270672 0.309975 -0.051107 0.268153 -0.747829 -0.072323 -0.621776 -0.058502 1.589007 0.264553 -0.394396 0.676705 0.084469 0.138930 -0.277724 -0.182442 0.111509 0.440291 0.506717 -0.065172 1.047191 0.173939 -0.284074 0.047481 -0.828532 -0.362667 0.220234 0.047929 -0.520800 0.027130 -0.412477 -0.486933 -0.298368 0.499390 -0.020178 -0.656385 0.246701 0.224686 -1.798638 -0.060972 -0.970102 -0.010760 
0.665601 -0.867741 0.598429 0.117108 0.979986 0.510568 -0.274547 1.095643 -0.143787 0.221995 -0.052144 0.350437 -0.652550 -0.410944 -0.762567 -0.169339 1.502095 0.070872 -0.640864 0.564489 0.239937 -0.140653 -0.541430 -0.407850 -0.163322 0.620582 0.431065 -0.171816 0.934594 0.427963 -0.320082 -0.221825 -0.438568 -0.387432 -0.198487 -0.104655 -0.287670 0.124936 -0.408037 -0.221060 -0.311565 0.530544 0.030001 -0.390878 0.168400 0.131154 -1.947246 -0.189279 -1.002741 -0.144340 
0.683706 -0.711184 0.663502 0.074763 1.037094 0.545104 -0.329086 1.019610 -0.065010 0.258480 0.297282 0.557223 0.046653 -0.478981 -0.889707 -0.366491 1.165544 -0.121823 -0.778151 0.368358 0.194361 0.092141 -0.109013 -0.602759 -0.369748 0.537476 0.503181 -0.367968 0.750457 0.490823 -0.166170 -0.044537 -0.449424 -0.356096 -0.123290 -0.083244 -0.328855 0.630055 -0.491335 0.170629 -0.343496 0.414588 0.013319 -0.561551 0.028064 0.342968 -1.950308 0.084025 -0.984234 -0.182541 
0.385318 -0.758876 0.645610 -0.096700 1.079715 0.280714 -0.129101 0.567120 0.058501 0.270994 0.463858 0.705563 0.619397 -0.432698 -1.166381 -0.651177 1.140545 -0.056546 -0.427240 0.102538 0.375581 -0.120866 -0.237448 -0.764526 -0.208789 0.678983 0.363979 -0.319740 0.445700 0.415038 -0.031042 -0.076933 -0.288172 -0.320230 -0.394911 -0.194451 0.130400 0.689225 -0.800544 0.395531 -0.497054 0.504380 0.176573 -0.579528 0.066608 0.160073 -2.113134 0.312902 -1.019946 -0.451497 
0.088920 -0.430640 0.875951 -0.550898 0.899892 0.304167 -0.175162 0.320268 0.274694 0.426222 0.237517 0.872743 0.757469 -0.404944 -0.803596 -0.374812 0.972582 -0.046477 -0.348283 0.000188 0.229026 -0.151527 -0.429785 -0.841373 0.062965 0.739149 0.259945 -0.297632 0.122995 0.617483 -0.174010 0.123261 -0.277106 -0.193097 -0.139119 0.048221 0.292958 0.748555 -1.029589 0.430875 -0.349023 0.292075 0.188813 -0.452926 -0.104502 0.067720 -1.738325 0.650744 -0.797876 -0.468958 
-0.035147 -0.104478 0.932561 -0.467785 0.511144 0.066866 -0.213761 0.210231 0.639653 0.505199 0.237001 0.972628 0.780029 -0.485136 -1.007463 -0.325634 0.355755 -0.028782 -0.122539 0.273493 0.064852 -0.225264 -0.162831 -0.839587 0.094456 1.010821 -0.084690 -0.322216 -0.147414 0.074956 -0.086193 0.068652 -0.078629 -0.215262 -0.002500 0.123449 0.088094 0.639062 -1.239273 0.420590 -0.202505 0.110485 0.174883 -0.560332 -0.312065 -0.325817 -1.267256 0.602176 -0.528343 -0.384046 
-0.371755 0.069505 0.663344 -0.507498 0.033111 0.024843 -0.233614 -0.059869 0.734352 0.321249 0.475004 0.881243 0.688433 -0.140306 -0.771311 -0.436389 0.132614 -0.402185 0.104825 0.241193 0.321685 -0.344316 -0.580071 -0.729249 0.255180 1.061508 -0.220268 -0.109536 -0.439721 -0.126347 0.002347 0.286627 0.273101 -0.588990 -0.086167 0.002122 -0.089385 0.635775 -1.455395 0.360835 -0.175605 0.528474 0.248757 -0.441800 -0.589017 -0.535441 -0.263206 0.369331 -0.540685 -0.660790 
-0.810254 0.396779 0.496128 -0.018834 -0.588473 -0.122483 -0.138380 -0.322807 0.915188 0.355798 0.495059 0.538471 0.265518 0.282199 -0.757116 -0.485210 -0.248792 -0.589836 0.138033 0.409953 0.366256 -0.427538 -0.714505 -0.756388 0.378523 1.028699 -0.078358 0.073500 -0.484380 -0.299936 0.144804 0.267020 0.479181 -0.536219 -0.240257 -0.385559 -0.123007 0.458410 -1.293522 0.094875 -0.163750 0.728681 0.203532 -0.751124 -0.680087 -0.810415 0.390326 0.199951 -0.221419 -0.625735 
-0.845836 0.572605 0.517326 0.095278 -0.816843 -0.351177 -0.129756 -0.594565 0.648801 0.133793 0.469548 0.054907 0.372614 0.949433 -0.464330 -0.791815 0.045962 -0.918046 0.002530 0.240983 0.346575 -0.676399 -0.787222 -0.821787 0.224349 0.640810 -0.185569 -0.131963 -0.086178 -0.717894 0.210032 0.097854 0.365744 -0.552674 -0.264157 -0.412663 0.073776 -0.141003 -1.078593 -0.054323 0.251570 0.778958 -0.158850 -0.935124 -0.101070 -0.889918 0.686513 0.200678 -0.022326 -0.807459 
-0.742786 0.465928 0.579775 0.408534 -1.144325 -0.345268 0.032524 -0.555491 0.191015 -0.148605 0.507807 -0.581846 0.030517 0.970476 -0.516919 -0.944819 0.215870 -0.449358 0.100794 0.357806 0.066803 -0.310626 -0.376016 -0.581121 0.035602 0.462610 0.072432 -0.273840 0.029757 -0.751212 0.230242 0.215556 0.474269 -0.290328 -0.354120 -0.489587 -0.040810 -0.716779 -0.564485 -0.506270 0.429109 0.909195 -0.196816 -1.090379 0.348675 -0.898586 0.652750 -0.034131 -0.390004 -0.792239 
-0.474339 0.141144 0.244186 0.013833 -1.198317 -0.087859 0.360851 -0.391898 0.222901 -0.606296 0.064669 -0.846852 -0.074835 0.798110 -0.312671 -0.346981 0.494127 -0.161916 -0.190671 0.391754 0.024467 0.098323 0.097092 -0.207625 -0.094199 0.351866 -0.009196 -0.132085 -0.059584 -0.508282 0.304843 0.122662 0.252885 0.181228 -0.071360 -0.353938 0.137582 -0.581810 -0.221444 -0.598578 0.767729 0.648368 -0.371558 -1.127167 0.528655 -0.893809 0.501500 0.001907 -0.987708 -0.974537 
-0.261065 0.010062 -0.200372 -0.469745 -0.681919 0.102152 0.295864 0.086507 0.384296 -0.921237 -0.180659 -0.603522 -0.297928 0.736499 -0.172645 0.175918 0.551352 0.191951 -0.173483 0.131766 -0.283646 0.437396 0.311243 0.018526 -0.287717 0.404064 0.213395 0.012205 -0.579936 -0.182582 0.038706 -0.194385 -0.073694 0.261707 0.017045 -0.557385 0.244984 -0.431717 -0.457320 -0.496419 0.757047 0.204430 -0.183448 -0.572409 0.321353 -0.880463 0.745936 -0.019478 -0.939746 -0.831817 
-0.116010 0.184606 -0.691606 -0.685562 -0.341605 0.326350 0.230075 0.238284 0.614251 -0.642892 -0.277550 -0.480162 -0.273701 0.148498 -0.172631 0.569508 0.459331 0.140587 0.155495 0.028618 0.007990 0.615999 0.733918 0.132827 -0.317092 0.126967 0.321892 0.335377 -1.043273 0.193562 -0.174378 -0.118607 -0.336223 0.415407 0.192590 -0.521204 -0.026629 -0.106037 -0.483729 -0.187558 0.998227 0.016169 -0.180770 -0.193090 -0.022015 -0.756941 0.926198 0.490152 -0.882677 -0.276968 
-0.077586 -0.033981 -1.158547 -0.534738 -0.155290 0.183080 0.192914 0.080001 0.657702 -0.318460 -0.622107 -0.448213 -0.070190 0.017297 0.000040 0.714090 0.315328 0.235179 0.324906 0.047494 -0.113311 0.707899 0.846825 0.285150 -0.082512 -0.250652 0.395795 0.574613 -1.243385 0.757560 -0.316099 -0.087086 -0.346932 0.504007 0.113071 -0.462949 0.354353 0.312029 -0.391724 -0.054233 0.916639 -0.125871 0.005436 -0.032907 -0.204798 -0.238183 0.514440 0.352635 -0.398442 -0.250739 
0.217936 -0.317621 -1.292131 -0.408243 -0.102437 0.247581 0.032358 0.163589 0.592837 -0.093643 -0.260695 -0.335150 0.237219 -0.263171 -0.284849 -0.032537 0.196559 0.069405 0.505087 -0.194262 0.074089 0.457505 0.678500 0.015651 0.291188 -0.532017 0.225374 0.458221 -1.071260 0.783485 -0.323799 0.281279 -0.247908 0.496046 -0.029239 -0.383173 0.207791 -0.181321 0.030144 0.184583 0.619462 -0.139976 0.059169 -0.410128 -0.351842 -0.191971 0.277287 0.465885 -0.148600 -0.037114 
0.305093 -0.166616 -0.812951 0.196331 0.001627 0.262613 -0.343542 -0.072758 0.222170 0.373727 0.044651 -0.521942 0.611442 -0.325279 -0.709962 -0.446908 0.109185 -0.039096 0.553021 -0.441225 0.305125 0.324620 0.238644 0.089034 0.490227 -0.357850 0.250384 0.289899 -0.318289 0.236211 -0.168314 0.305161 0.142129 0.207760 -0.016328 -0.083935 0.312555 -0.280285 0.775920 0.067473 -0.096044 -0.153701 0.061843 -0.761832 -0.354912 0.425073 0.345519 0.445605 -0.035905 -0.010885 
0.619763 -0.160742 -0.556877 0.370955 0.325911 0.493090 -0.718559 0.161920 -0.294040 0.507800 0.091722 -0.306348 0.421769 -0.143199 -0.644719 -0.986780 -0.038206 0.169766 0.451531 -0.489052 0.237776 0.241373 0.499556 0.457667 0.294604 -0.240585 0.029187 0.201821 0.474181 -0.237205 0.076716 -0.045083 0.303750 0.179686 -0.123558 0.623681 0.545263 -0.710400 0.805533 0.162133 -0.682854 -0.342710 0.428223 -0.925217 -0.245618 0.337844 0.208139 0.729062 0.511961 -0.302603 
0.572895 -0.204460 -0.733050 0.297682 0.481581 0.524338 -0.616571 0.335116 -0.918319 0.428259 0.447525 -0.289828 0.162849 0.103115 -0.010021 -1.081216 -0.356298 0.152347 0.250503 -0.512635 0.416530 0.172537 0.557489 0.378223 -0.068688 -0.015800 0.076386 0.018627 0.771483 -0.584376 0.172037 -0.414229 0.383358 0.088052 -0.235076 0.526528 0.677703 -0.817039 0.589026 0.139867 -0.999539 -0.244183 0.604597 -0.258031 -0.001932 0.870782 0.010373 0.574904 0.629521 -0.527726 
0.300002 0.148682 -0.895024 0.052479 0.600638 0.446347 -0.276213 0.473441 -0.871771 0.662451 0.484273 -0.061669 0.553830 -0.007504 0.195271 -0.895111 -0.523434 0.106347 -0.077689 -0.258941 0.333463 0.081399 0.379925 0.399614 -0.397728 0.078144 0.023837 -0.073591 0.625933 -0.694153 0.009140 -0.756888 0.335864 0.024306 -0.489348 -0.116359 0.048467 -0.070996 0.123124 0.705843 -0.836364 0.124471 0.065019 0.619479 -0.033911 1.666471 -0.252849 0.122967 0.553027 -0.129946 
0.283193 0.046807 -1.269346 -0.521025 0.819620 0.439322 -0.193258 0.298143 -0.531042 0.500200 0.114006 0.058056 0.479420 0.104081 0.300295 -0.577103 -0.758261 0.196704 -0.137526 -0.213158 0.237990 0.136968 0.087307 0.177130 -0.364989 0.166418 -0.211311 -0.051396 0.226179 -0.312564 -0.068015 -1.066859 0.070552 0.017265 -0.471885 -0.376211 -0.445447 0.224385 -0.207567 0.812117 -0.454622 0.202178 0.011106 0.665348 0.143130 1.996472 -0.299971 -0.554913 0.202049 0.276585 
0.125064 0.052876 -1.558697 -0.672231 0.739248 0.071736 0.117636 0.316757 -0.390729 0.127245 0.209577 0.117988 0.503285 0.448906 0.066308 -0.581368 -0.457444 0.315225 -0.289947 -0.151796 0.269501 -0.216635 -0.101438 0.113891 0.025353 -0.278453 -0.306583 0.307638 -0.295458 0.069881 -0.049532 -1.132261 -0.144280 -0.003192 0.058297 -0.325681 -0.321321 0.276549 -0.313125 0.541774 -0.573526 0.245983 -0.207159 -0.039162 0.029073 1.996407 0.049240 -0.990311 0.253340 0.752150 
0.335406 -0.071779 -1.560656 -0.125221 0.820390 0.000132 -0.026755 0.325081 0.035571 -0.236079 -0.102851 -0.035983 0.249465 0.425927 -0.162661 -0.606903 -0.350297 0.438327 -0.343484 -0.037263 0.527022 -0.319036 0.048696 -0.165352 0.511896 -0.354328 -0.238108 0.338498 -0.163880 0.727218 0.156959 -0.595931 -0.052053 -0.156697 0.548446 -0.082329 -0.338342 0.213534 -0.117753 0.324074 -0.508910 -0.238039 -0.212997 -0.313362 0.156782 1.341075 0.533007 -0.869603 0.141657 0.964827 
0.356515 0.279998 -1.316751 -0.051537 0.495728 -0.120787 0.347516 0.298352 -0.193323 -0.756829 -0.038737 -0.469326 0.271995 0.685389 -0.259115 -0.494268 0.141181 0.504821 -0.245235 -0.002056 0.622451 -0.189818 0.137345 -0.126843 0.394765 -0.306969 0.105509 0.026728 0.138871 0.942045 0.399774 -0.126039 -0.168392 -0.097266 0.196959 -0.404028 0.049548 0.190385 -0.069260 0.043908 -0.264044 -0.239297 -0.145298 -0.585253 0.345722 0.894389 0.593399 -1.071896 0.321268 0.618411 
0.085978 0.878321 -1.038244 0.251919 -0.024776 -0.539631 -0.107337 0.409569 -0.037985 -0.657452 -0.269206 -0.512631 0.390518 0.587620 0.026743 -0.278761 0.071926 0.448122 -0.185793 -0.245272 0.408407 0.447732 0.119571 -0.059266 -0.258264 0.011474 -0.011835 0.159493 0.304412 0.951317 0.473434 -0.026669 0.039584 0.636506 0.133244 -0.591692 0.221362 0.025688 0.117623 0.142687 0.254699 -0.084785 -0.169059 -0.288471 0.410915 0.461343 0.202591 -0.871325 0.209862 0.198672 
-0.252819 1.099446 -0.878229 0.108568 -0.277094 -0.528669 -0.168360 0.438657 0.131379 -0.715905 -0.505860 -0.450100 0.485212 0.670928 0.071716 -0.310406 0.403673 0.631749 0.165193 -0.246493 0.802657 1.122477 0.060009 0.111963 -0.737045 0.268137 0.000872 0.320039 -0.021317 0.549830 0.153375 0.238133 0.394905 0.839948 0.085550 -0.573515 0.311473 0.230129 0.462810 0.209726 0.501980 0.059495 0.019724 -0.254302 0.235745 0.227671 -0.281324 -0.448954 0.645195 -0.200534 
-0.508763 0.221527 -0.707163 -0.015496 -1.011595 -0.484566 -0.427227 0.231209 0.461632 -0.339587 -0.346039 -0.111616 0.451109 0.167154 -0.369963 -0.226305 0.250997 -0.030069 0.218380 0.164968 0.782664 0.818408 -0.029245 0.021088 -1.007760 0.140227 0.096689 -0.062373 -0.562116 -0.099693 -0.455972 0.235680 0.262260 0.749947 -0.110835 -0.180416 0.252778 0.063222 0.430253 0.101802 0.605765 0.359538 0.423914 -0.511535 -0.141771 -0.028410 -0.747003 0.152244 0.541400 -0.404539 
-0.496927 -0.892086 -0.281982 0.090388 -1.453985 0.087936 -0.564138 0.071403 0.507730 0.256134 0.125688 0.195263 0.052187 -0.388423 -0.526692 -0.220132 0.367338 -1.123455 0.225142 0.405102 0.479262 -0.185023 -0.280815 -0.065515 -1.150142 -0.205191 0.223270 -0.075416 -0.769035 -0.357640 -0.760504 -0.437636 0.527945 0.053952 -0.116978 -0.028918 -0.093809 -0.290591 0.548593 -0.187889 0.158392 0.699814 0.754775 -0.465734 -0.550204 0.205524 -0.427794 0.787000 0.394087 -0.725500 
-0.577094 -1.385111 -0.325954 -0.237554 -0.945219 0.162817 -0.800900 0.232512 0.288758 0.753910 0.069667 0.782833 -0.810654 -0.733855 0.023687 -0.232431 0.000234 -1.351952 0.121308 0.920947 0.326265 -0.877739 -0.388640 0.218493 -1.216153 -0.123849 0.185257 0.000383 -0.367735 -0.362532 -0.789935 -0.919166 0.926960 -0.336681 -0.309813 0.382847 -0.645886 -0.511198 0.377554 -0.188604 -0.014033 0.370657 0.994532 -0.480413 -1.211923 -0.160707 0.458856 0.986504 0.070235 -0.898321 
-0.586715 -1.274060 0.056705 -0.345990 -0.597015 0.215962 -0.390774 0.151847 0.432030 0.474879 0.056275 0.476336 -1.117272 -0.586394 0.007536 -0.223746 -0.239447 -0.860764 0.243134 0.895430 0.195771 -1.194339 -0.237134 0.134823 -0.761016 -0.097812 0.216262 -0.418299 -0.032418 -0.304469 -0.533563 -1.331101 0.867754 -0.630604 -0.375912 0.328879 -0.529134 -0.248429 0.287966 -0.353539 -0.365226 0.008030 0.851246 -0.396895 -1.221385 -0.113940 0.992648 0.884638 0.180045 -0.454150 
-0.437599 -1.213684 0.204924 -0.141855 -0.125563 -0.287753 0.249169 -0.145796 0.563607 0.111623 -0.209908 -0.103769 -0.669437 0.350936 0.143899 -0.314460 -0.086700 -0.638142 0.312416 0.592611 0.244718 -0.640193 0.162423 -0.037949 -0.209344 0.514721 0.286968 -0.395954 0.279220 0.189492 -0.020077 -1.396229 0.454922 -1.059667 -0.000461 0.460418 -0.368129 -0.226705 -0.166837 -0.583741 -0.329558 -0.401620 0.790279 0.213882 -0.782043 -0.523109 0.987567 0.637732 0.500653 -0.318580 
-0.814149 -0.819630 0.779305 -0.238752 0.235172 -0.565118 0.693682 -0.176369 0.572416 -0.424763 -0.375207 -0.515497 -0.377691 0.761967 0.137584 -0.423404 -0.133056 -0.296299 0.379233 0.268871 0.165966 0.053322 0.652386 0.329346 0.034344 0.699909 0.061655 -0.398422 0.524100 0.457111 0.299834 -1.147109 0.008553 -1.002702 -0.150898 0.522160 -0.148966 -0.321903 -0.312896 -0.661996 -0.070368 -0.822779 0.440092 0.226190 -0.472059 -0.438735 0.307777 0.114885 0.743334 -0.035170 
-0.813035 -0.825635 0.885046 0.122297 0.635837 -0.794040 0.413222 0.064698 0.397475 -0.410958 -0.060047 -1.296668 -0.437805 1.100785 0.172062 -0.228879 0.002024 0.056403 0.490005 0.267604 0.163802 0.361063 0.751041 0.466402 0.188486 0.710521 0.140669 -0.488350 0.747394 0.652462 0.502631 -1.252491 -0.027248 -0.839977 -0.143219 0.321531 0.093916 -0.334912 -0.497859 -0.361225 -0.050204 -0.705707 0.017623 0.142988 -0.419036 -0.474291 -0.062666 -0.332717 0.857893 0.051883 
-0.933177 -0.284695 0.795878 0.175455 1.073607 -0.762485 0.285975 -0.112718 0.148641 -0.469394 0.058374 -1.660725 -0.408604 0.795307 0.331329 -0.403403 -0.110356 0.246425 0.277539 0.150694 0.148291 0.142071 0.540478 0.759004 0.046699 0.850806 0.370784 -0.411020 0.959271 0.572470 0.256455 -0.714115 -0.315251 -0.587066 -0.114889 0.323367 0.327599 -0.775330 -0.405711 -0.183729 -0.022828 -0.454352 -0.214806 -0.094249 -0.357311 -0.599155 0.046449 -0.529537 1.315866 0.269253 
-1.049169 0.443856 0.977160 0.061527 0.851515 -1.096000 0.047399 -0.338337 -0.127186 -0.363894 -0.034867 -1.776844 0.025645 0.604639 0.307476 -0.102240 -0.020724 0.102520 0.208959 -0.205988 0.242797 0.095496 0.387103 0.533614 0.069977 0.786761 0.359071 -0.058920 0.739608 0.550908 0.003781 -0.509610 -0.522169 -0.567490 0.052419 0.043032 0.430989 -0.719197 -0.057640 0.114908 -0.065435 -0.131234 -0.646471 -0.137161 -0.057333 -0.392145 0.245289 -0.799212 1.344145 0.467183 
-0.935492 0.814518 1.008130 0.157813 0.667339 -1.542555 -0.365413 -0.766806 0.064519 0.188358 0.246576 -1.585601 0.096029 0.194325 0.159390 -0.028566 -0.059292 0.367828 -0.089746 0.019302 0.245187 -0.061041 0.304449 0.454638 -0.082024 0.719105 0.432599 -0.129447 0.469652 0.403058 -0.283502 -0.237151 -0.536594 -0.283318 -0.204504 -0.240788 0.189255 -0.150209 0.028580 -0.095488 0.083371 0.303762 -0.747160 -0.129125 -0.038352 -0.236296 0.133408 -0.796668 1.406774 0.309403 
-0.949816 0.902781 0.719260 0.089995 0.328751 -1.454488 -0.557006 -0.730867 0.145111 0.689348 0.211285 -1.056866 0.192832 -0.131603 0.273109 0.271337 0.231578 -0.042033 -0.290909 -0.041131 0.137572 -0.129853 0.101607 0.348178 -0.026566 0.500017 0.458115 -0.045113 0.460833 -0.014840 -0.663456 -0.197787 -0.186273 0.003456 -0.220726 0.003245 0.130898 -0.052072 0.106934 -0.130777 -0.056863 0.642186 -0.711170 -0.095581 -0.318012 -0.300672 0.298704 -0.716100 1.321793 0.146150 
-0.673399 1.219026 0.568094 0.017637 0.116462 -1.314897 -0.799772 -0.308955 0.161571 0.862275 0.162914 -0.501964 0.043580 -0.020853 0.115098 0.451481 0.309523 -0.062690 -0.490205 -0.019289 0.259461 -0.166451 0.119194 0.366766 -0.215951 0.607795 0.182757 0.333698 0.026246 -0.090755 -0.761391 0.164457 0.041187 -0.062263 -0.168273 -0.083556 0.058752 -0.008045 -0.186020 0.054489 -0.494399 0.292834 -0.596021 0.005278 -0.703059 -0.319974 0.296568 -0.660080 1.278906 -0.064345 
-0.417954 0.743704 0.079510 -0.393160 0.161007 -0.655933 -1.087965 -0.037090 0.059965 1.165951 -0.040368 0.105749 -0.000041 -0.099077 0.470025 0.587922 0.382093 -0.390207 -0.682969 -0.108695 0.243004 -0.056752 -0.009089 0.217936 -0.488315 0.498185 -0.076743 0.508651 0.004752 -0.269924 -0.867768 0.039061 0.164441 -0.014337 -0.052575 0.169192 0.205089 0.384585 -0.228298 0.053064 -0.561943 0.156110 -0.277834 0.490218 -1.100593 -0.219401 0.343468 -0.337172 1.136011 -0.318333 
-0.445307 0.838622 0.187916 -0.171952 0.187992 -0.706302 -0.806059 0.130968 -0.121932 1.239282 -0.240307 0.524556 0.140651 -0.127562 0.457171 0.936311 0.561446 -0.449004 -0.554744 -0.433629 0.218226 0.031722 0.006995 0.256224 -0.358213 0.382529 -0.066578 0.423661 -0.339359 -0.195478 -0.772956 0.342018 0.025187 -0.186103 0.180509 -0.001233 0.134816 0.697680 -0.547231 -0.008199 -0.216095 -0.087934 -0.166946 0.716133 -1.142991 -0.250335 0.497409 -0.195186 0.624368 -0.178899 
-0.562704 0.776744 -0.078434 -0.284202 0.281959 -0.396693 -0.632554 0.263086 0.030741 1.071525 0.009681 0.589463 0.147996 0.032758 0.398636 0.962507 0.484520 -0.210058 -0.603087 -0.584079 -0.099510 0.131325 -0.205516 0.251255 -0.195999 0.218629 -0.079730 0.553892 -0.428072 -0.008038 -0.900280 0.321804 -0.055281 -0.324109 0.070063 0.059579 -0.027317 0.654807 -0.650249 0.027071 -0.091924 0.180482 -0.204086 0.645912 -0.928831 -0.179865 0.543794 -0.329207 0.513219 -0.211838 
-0.330871 0.613955 -0.052357 0.014360 0.236787 -0.506065 -0.309891 0.588315 0.001749 0.965397 -0.126029 0.519289 0.181051 -0.192774 0.378664 0.894126 0.231810 -0.184026 -0.400542 -0.364769 0.119328 0.138451 -0.171627 -0.024610 -0.307243 -0.442412 0.086788 0.240611 -0.325901 -0.081059 -0.890059 0.461088 -0.178496 -0.301662 -0.038451 0.280618 0.052049 0.871929 -0.293561 -0.118277 -0.028225 0.232170 0.030295 0.810624 -0.939749 0.069672 0.239181 -0.413623 0.210874 -0.542163 
-0.397191 0.351905 -0.152728 0.175680 0.037720 -0.307028 -0.071829 0.808859 -0.163485 0.964063 -0.272511 0.175115 -0.155841 -0.079390 0.517291 0.954436 0.366769 -0.109881 -0.407809 -0.240131 0.053323 0.253707 -0.129821 -0.214042 -0.057346 -0.539501 0.276701 -0.120320 -0.075633 -0.072737 -0.690305 0.622986 -0.166786 -0.390673 -0.015628 0.299834 -0.133105 0.718593 -0.491429 -0.129451 0.182386 0.164856 0.194705 0.789717 -0.748411 -0.119836 0.357344 -0.593637 0.093555 -0.581494 
-0.060735 -0.106927 -0.095445 0.374189 -0.027786 -0.058068 -0.049739 0.780006 0.019496 0.572516 -0.201370 0.107397 -0.187657 -0.121566 0.370595 0.688284 0.009417 -0.109346 -0.315264 -0.235887 -0.080076 0.323007 -0.013986 -0.029881 0.099045 -0.912781 0.280019 0.011891 -0.010213 -0.128400 -0.556317 0.514058 -0.361241 -0.301757 0.180469 0.465908 -0.007390 0.678832 -0.533722 0.081389 0.521968 0.250094 0.384426 0.670494 -0.397911 -0.390753 -0.021248 -0.493574 -0.196844 -0.653744 
0.051431 0.059134 -0.118919 0.267779 0.122609 0.208045 0.298067 0.934413 -0.133908 0.557243 -0.194373 0.053073 -0.329320 -0.097053 0.386843 0.513947 0.138008 -0.112118 -0.289737 -0.102049 0.063590 0.492843 -0.106430 -0.161400 0.079861 -1.006572 0.305272 -0.119799 0.024542 -0.063209 -0.547020 0.476520 -0.368524 -0.051454 0.140177 0.436464 -0.003442 0.522048 -0.338148 0.028298 0.282158 -0.048816 0.492016 0.579616 -0.146117 -0.193327 -0.199240 -0.572399 -0.032906 -0.572167 
0.264967 -0.095996 0.027403 0.416086 0.010395 0.326265 0.034898 0.607371 -0.282774 0.726660 -0.452551 0.101482 -0.166537 0.229390 0.139966 0.451410 0.106472 0.070743 -0.301046 -0.536951 0.005455 0.221139 -0.078488 -0.216442 0.080981 -0.877141 0.237520 0.081634 0.204002 -0.167764 -0.587971 0.496687 -0.287659 -0.089979 0.226072 0.169331 0.149647 0.597918 -0.147755 -0.125466 0.078775 -0.179620 0.866079 0.564224 -0.341896 -0.090067 -0.282668 -0.496697 -0.253843 -0.469878 
0.114755 -0.160854 0.236157 0.347860 -0.063962 0.006261 0.050098 0.584467 -0.055421 0.515976 -0.421216 0.112140 -0.062104 0.056368 0.217291 0.186283 0.380668 -0.032796 -0.166157 -0.371900 -0.198006 0.078173 -0.129383 -0.282714 0.044142 -0.980769 0.213176 0.072844 0.237858 -0.118506 -0.650492 0.217603 -0.447677 -0.319426 0.346496 0.346436 0.085856 0.411531 -0.102784 0.012419 0.357497 -0.087594 0.868744 0.253065 -0.118380 -0.125456 -0.494952 -0.594795 -0.322823 -0.233701 
0.022844 0.335628 0.123199 0.210452 0.304319 0.228976 -0.108277 0.403866 -0.088165 0.242199 -0.208540 0.026115 -0.166652 0.121180 0.320156 0.176475 0.346219 0.086708 -0.093439 -0.644478 -0.163003 0.099151 -0.206761 -0.046580 0.329513 -1.018896 0.432593 0.377132 0.177911 -0.070017 -0.994785 0.170950 -0.371772 -0.211973 0.403032 -0.003884 -0.080007 0.413802 0.091864 -0.085774 0.111054 -0.082896 0.736831 0.161650 -0.146242 -0.303666 -0.397689 -0.298793 -0.309502 0.068863 
0.058436 0.372276 0.272228 0.098441 0.197518 0.319034 -0.017312 0.570407 -0.212690 0.114814 -0.064648 -0.097293 0.004502 0.015630 0.269429 -0.030474 0.224293 -0.052748 -0.101144 -0.679889 -0.107579 -0.316891 -0.072233 -0.233640 0.366951 -0.740041 0.135240 0.542491 0.008102 0.172190 -0.745294 0.234419 -0.574120 0.043798 0.190032 -0.005554 0.138937 0.167414 0.276914 0.045402 0.289264 0.040277 0.643111 0.022898 -0.113826 -0.258325 0.128370 -0.156478 -0.134948 0.050437 
0.016179 0.356761 0.231980 0.034691 0.014550 0.149336 -0.256204 0.367664 -0.098759 -0.083406 -0.023114 -0.023478 0.163733 -0.086034 0.261692 -0.268006 0.414055 -0.005601 -0.221959 -0.534907 0.114829 -0.299082 -0.214158 -0.261896 0.546567 -0.559390 -0.053444 0.312872 0.304823 0.019570 -0.817748 0.170892 -0.433290 0.169494 -0.113405 -0.230415 0.034733 0.081802 0.605866 0.137292 0.255640 0.173325 0.479702 -0.211807 -0.405369 -0.331753 0.366122 -0.218369 -0.143981 0.043342 
0.167203 0.343090 0.246036 -0.151519 0.187519 0.159381 -0.419682 0.211565 -0.116818 0.045078 0.195267 -0.241278 0.063376 -0.122083 0.270972 -0.014590 0.426317 0.218444 -0.429999 -0.244814 0.108826 -0.564565 -0.153360 -0.273329 0.457051 -0.551971 -0.122557 0.467039 0.055019 0.066782 -0.817302 0.138844 -0.391908 0.352929 0.192962 -0.463812 0.233370 -0.267107 0.668567 0.043433 0.226487 0.180270 0.234034 -0.390252 -0.277311 -0.269153 0.714867 -0.212114 -0.240711 0.106846 
-0.078645 0.181440 0.114162 -0.287494 -0.162750 0.323170 -0.598223 0.125192 0.027877 -0.164002 -0.006933 -0.204257 -0.030408 -0.043892 0.391806 -0.024718 0.243279 0.096990 -0.490090 -0.208037 0.065882 -0.702135 0.052885 -0.117862 0.049715 -0.303281 -0.199087 0.677755 0.066254 -0.095161 -0.827219 -0.077096 -0.535622 0.188543 0.271567 -0.328843 0.164910 -0.372316 0.437231 0.105826 -0.014989 0.214163 0.049467 -0.383332 -0.051150 0.009552 0.798737 -0.133327 -0.145437 0.047433 
0.102377 0.036474 0.250412 -0.309390 0.012463 0.526790 -0.198277 0.403125 0.066040 0.086858 -0.036244 -0.157524 0.001258 -0.143226 0.319923 0.168530 0.378655 0.313446 -0.523443 -0.274726 -0.079939 -0.704799 -0.216532 -0.082859 0.093404 -0.521810 -0.055937 0.453802 -0.142984 -0.211417 -0.544180 0.124158 -0.730214 0.084819 0.279985 -0.372582 0.110223 -0.368838 0.697909 0.171200 -0.001050 0.137958 0.301805 -0.015290 0.040445 -0.027003 0.900910 -0.070974 -0.138280 0.299920 
-0.193406 -0.004088 0.045873 -0.516602 -0.224854 0.525542 -0.115591 0.186776 0.088214 0.132995 -0.077318 -0.144948 -0.171082 -0.499706 0.423258 0.000781 0.440397 0.224884 -0.517995 0.039977 -0.260792 -0.500943 0.145043 0.064092 0.062551 -0.571272 0.089954 0.386798 -0.310572 -0.117085 -0.530545 -0.050836 -0.440691 0.157689 0.412458 -0.246345 -0.058501 -0.379944 0.688083 -0.015600 0.158203 -0.089972 0.263283 0.012085 0.457671 -0.080345 0.635042 -0.134824 -0.338605 0.088441 
-0.113867 -0.279063 0.134384 -0.433179 -0.135188 0.385716 -0.007442 0.084807 -0.009085 0.104014 -0.165313 0.064807 -0.042543 -0.339136 0.551028 0.014419 0.210588 0.185109 -0.396827 0.171298 -0.371522 -0.422674 0.271397 0.128866 0.057447 -0.731148 -0.115934 0.428268 -0.128331 -0.120360 -0.499697 -0.103864 -0.312807 -0.052200 0.114995 -0.058310 -0.052948 -0.433195 0.752042 -0.048577 0.081246 0.044065 0.132435 -0.001180 0.177735 -0.204856 0.349801 -0.151573 -0.322675 0.074201 
-0.080031 -0.371503 0.270337 -0.338609 0.067131 0.428654 0.092282 0.342643 0.188451 0.044270 0.113529 0.067920 -0.137481 -0.355193 0.270872 -0.160280 0.358117 0.199440 -0.242099 0.236607 -0.435204 -0.422494 0.115556 0.090187 0.131317 -0.776518 -0.001352 0.483237 0.045984 0.156016 -0.312476 -0.097908 -0.237485 0.038827 0.258567 0.195891 0.043862 -0.444402 0.700096 -0.066414 0.076651 -0.229730 0.214780 0.150850 0.475923 -0.065338 0.289591 -0.090181 -0.448524 0.288644 
-0.036251 -0.370816 -0.036492 -0.188673 0.034020 0.713227 0.170639 0.083880 0.342780 0.027807 0.150617 -0.007656 -0.068076 -0.310028 0.285671 0.023752 0.492144 -0.052124 -0.163640 0.100729 -0.370713 -0.143547 -0.039300 -0.149045 0.212696 -0.720617 -0.272303 0.184514 0.058506 0.288622 -0.297239 -0.009147 -0.132789 -0.007398 0.113233 0.276874 0.034788 -0.366243 0.955279 0.220720 -0.320337 -0.234332 -0.044112 0.272094 0.460788 0.134183 0.049243 -0.162700 -0.358135 0.347442 
-0.011788 -0.329281 -0.179322 -0.119502 0.080245 0.511324 0.140313 0.064412 0.279537 0.095842 0.457644 -0.211845 0.257344 -0.282760 0.306751 0.021562 0.036540 -0.067134 0.159151 0.328966 -0.147064 -0.326051 -0.044424 -0.018285 0.472672 -0.644055 0.006168 0.109054 -0.001086 0.018519 -0.229679 -0.108714 -0.140835 -0.307264 -0.064517 0.156440 -0.241725 -0.389520 0.870404 0.193289 -0.130930 -0.537274 -0.120735 0.422868 0.405250 -0.084539 0.229438 -0.015155 -0.444293 0.240388 
0.216065 -0.189400 -0.177256 0.085287 -0.194190 0.629849 0.371030 -0.025937 0.217455 0.025635 0.645357 -0.221347 0.033851 -0.249185 0.039461 -0.117193 -0.059254 -0.181629 0.244528 0.330948 -0.092024 -0.234033 -0.345733 -0.271493 0.393183 -0.523686 -0.118249 -0.122758 -0.067270 0.247751 -0.112652 -0.060341 -0.356600 -0.539110 0.008564 -0.042530 -0.440075 -0.276082 0.949945 0.000776 0.011217 -0.486099 -0.329142 0.394732 0.194273 0.111319 0.100787 -0.115690 -0.355816 0.230292 
0.224044 -0.148840 -0.060190 0.038417 -0.177914 0.511980 0.255695 0.043973 -0.050967 -0.118304 0.902726 -0.167857 0.337751 -0.239904 0.118041 -0.037961 0.114771 -0.219547 0.258027 0.456374 0.000840 -0.177083 -0.235631 -0.319760 0.758522 -0.421493 -0.150925 -0.181229 0.014698 0.033355 0.153346 -0.227818 -0.500879 -0.413673 0.110612 0.143810 -0.367377 -0.075956 0.700792 0.080218 0.082062 -0.877541 -0.214078 0.345809 0.211651 0.214657 0.198485 0.026606 -0.361609 0.078145 
0.237245 -0.188328 0.036431 0.030372 -0.089073 0.438756 0.250117 0.126697 -0.007591 -0.350982 0.699495 -0.310628 0.045003 -0.251209 0.056352 0.099079 -0.051486 -0.090591 0.235325 0.419968 0.240686 -0.242590 -0.518328 -0.393193 0.745201 -0.525455 -0.327166 0.141951 -0.038912 0.204581 0.122330 0.019164 -0.397900 -0.560083 -0.106223 0.391288 -0.326261 -0.149749 0.510833 0.076715 0.080478 -0.757609 -0.348893 0.386910 0.147354 0.246095 0.126169 0.110222 -0.133116 0.181450 
0.312734 -0.154787 -0.059017 0.053965 0.105618 0.446549 0.117260 0.015252 -0.107861 -0.392308 0.772622 -0.138861 0.081537 -0.228159 0.292629 0.119523 0.117227 -0.056307 0.402978 0.480659 0.342448 -0.067672 -0.414707 -0.142911 0.644905 -0.379279 -0.448630 0.116813 -0.069540 0.094747 0.017258 -0.021042 -0.398471 -0.241003 0.005605 0.334459 -0.432217 -0.254711 0.381867 0.077192 -0.026218 -0.859433 -0.347718 0.260234 0.239250 0.064884 0.176912 0.071312 -0.333511 0.157560 
0.098123 -0.206773 -0.225063 -0.113351 -0.059575 0.381507 0.095004 0.124265 -0.053121 -0.057509 0.802028 -0.141847 0.273307 -0.243851 0.205866 0.414673 0.096848 -0.031552 0.658240 0.568783 0.262797 -0.019994 -0.331289 -0.046519 0.802931 -0.385152 -0.415917 0.284323 0.010780 0.251887 0.053952 -0.038486 -0.276163 -0.180472 -0.015921 0.298957 -0.312678 -0.155953 0.274171 0.206395 -0.060141 -0.472932 -0.259203 0.003854 0.043054 0.032248 0.213837 0.017211 -0.140762 0.228665 
-0.034312 0.204759 -0.138897 -0.060474 0.221681 0.065267 0.148905 0.116867 -0.205487 -0.365907 0.527051 -0.268220 0.064192 -0.051226 0.141864 0.438828 -0.066446 -0.088447 0.440661 0.526391 0.174679 -0.098007 -0.496025 -0.257890 0.615491 -0.252387 -0.024439 0.320496 0.209574 0.253052 -0.062114 0.026472 -0.224809 -0.012416 0.053712 0.382527 -0.123089 -0.109711 0.564712 0.337748 -0.112307 -0.557424 -0.300862 -0.031191 -0.000281 0.195181 0.167989 0.060526 -0.070299 0.211571 
0.016871 -0.040365 -0.091817 -0.047201 0.205377 0.165307 0.102752 0.162554 -0.109822 -0.410212 0.574032 -0.438225 0.229476 -0.312173 0.109745 0.248026 -0.096717 0.097508 0.382362 0.438671 -0.248692 0.127117 -0.298432 -0.121340 0.606151 0.036633 0.022004 0.148447 0.127993 0.470676 0.184314 0.090149 -0.044435 -0.055175 0.105496 0.085215 -0.350514 -0.213733 0.536312 0.354631 0.152508 -0.311207 -0.298769 0.080582 0.000860 0.314385 0.188902 -0.051406 -0.305040 0.115817 
-0.100033 -0.046363 0.110580 -0.094654 0.341130 0.351595 0.024751 0.230964 -0.110481 -0.409815 0.398385 -0.473941 0.221145 -0.348337 0.122368 0.155355 -0.079096 -0.225400 0.264885 0.269352 -0.183577 0.204046 -0.047010 -0.057157 0.627105 0.097723 -0.057989 0.148257 0.207211 0.573152 -0.048068 0.132102 -0.115974 -0.112274 0.231559 0.325582 -0.077496 -0.552178 0.369261 0.246273 -0.041389 -0.420546 -0.404726 -0.255841 0.320773 0.268868 0.237917 -0.198752 -0.256226 0.105511 
0.134184 -0.065706 0.068378 -0.079119 0.192250 0.169518 0.212398 0.091801 -0.053439 -0.460246 0.443401 -0.438199 0.061306 -0.164066 0.076607 0.127624 -0.012869 -0.289122 0.701966 0.300226 0.151170 0.142076 -0.385502 -0.201526 0.545820 0.123754 0.144555 0.262958 0.091123 0.494643 0.036451 0.124133 -0.095226 -0.153200 0.215951 0.521545 -0.155569 -0.620512 0.504815 0.122231 0.134329 -0.363771 -0.326806 -0.297355 0.111682 -0.000687 0.266207 -0.042983 -0.270380 0.234937 
-0.016554 0.011917 0.121041 -0.040225 0.183103 0.088534 0.002813 0.348425 -0.123066 -0.337632 0.241508 -0.443264 0.252251 -0.148806 0.049920 -0.047736 -0.067319 -0.370380 0.669679 0.294892 -0.246938 0.321080 -0.321047 -0.252412 0.612559 0.089529 0.093561 0.028176 0.067139 0.635799 0.030970 0.081578 -0.229258 -0.128185 0.137463 0.227503 -0.191340 -0.790634 0.569946 0.229506 -0.034269 -0.521628 -0.100474 -0.167429 0.301117 -0.223587 0.318214 0.048734 -0.458501 -0.090776 
0.049724 -0.119963 -0.054739 0.064159 0.135619 0.061340 -0.094255 0.208089 -0.112047 -0.229988 0.399600 -0.130750 0.413403 -0.276453 0.222234 -0.141485 -0.146494 -0.352744 0.868181 0.242677 0.011958 0.185195 -0.212787 -0.139942 0.621953 0.128212 0.212292 0.115958 -0.063350 0.607801 -0.110462 -0.310739 -0.063905 0.052887 0.163458 0.452630 -0.423282 -0.313715 0.401495 0.163488 -0.137398 -0.355242 0.025614 -0.295441 0.059029 0.083162 0.296287 0.076129 -0.196902 0.047910 
0.081955 -0.112769 -0.160244 -0.162237 -0.022681 0.063243 -0.127164 0.021868 -0.052623 -0.115840 0.402203 -0.099556 0.276024 -0.262476 0.197547 0.037903 0.027618 -0.167532 0.668733 0.347205 -0.049169 0.326773 -0.106836 0.152923 0.365993 -0.081682 0.300601 -0.019707 0.034637 0.468736 0.009101 -0.293060 -0.181684 -0.023301 0.079791 0.284666 -0.350280 -0.412673 0.529537 0.196169 -0.140559 -0.293337 -0.140098 -0.321724 -0.032391 -0.001237 0.250131 0.131419 -0.347102 0.152582 
0.193221 -0.074701 0.215334 0.125239 -0.213283 0.201385 -0.094754 -0.039836 -0.171273 -0.191229 0.287495 -0.285280 0.196678 0.023152 0.118696 0.007454 -0.212159 0.110674 0.339460 0.170274 -0.017385 0.373332 -0.199119 -0.001495 0.580107 -0.073163 0.278686 0.163253 0.269780 0.424238 -0.217938 -0.251886 0.023227 0.022400 0.170580 0.009641 -0.274532 -0.305698 0.547746 0.034057 0.025105 -0.207793 -0.336990 -0.300536 0.306611 -0.031313 0.150762 -0.127853 -0.337975 -0.091113 
0.281382 0.049293 0.173197 0.099819 -0.148438 0.095790 -0.015367 0.066942 -0.209729 -0.198082 0.272046 -0.194249 0.238699 -0.006554 0.086783 0.348878 -0.281024 0.112081 0.113943 0.052942 -0.103274 0.362106 -0.338778 -0.033395 0.396626 0.190328 0.038009 0.127503 -0.003597 0.234065 0.155636 -0.244921 -0.065121 -0.080232 0.247160 -0.024014 -0.136571 -0.476689 0.356808 0.143646 -0.094971 -0.162826 -0.036874 -0.232422 0.160472 0.200323 0.097236 -0.002564 0.009860 -0.214324 
0.446796 -0.150661 -0.030321 0.174277 0.015872 0.157891 -0.218465 -0.005192 -0.375676 -0.140251 0.199766 -0.031019 0.300262 0.023808 0.032799 0.371902 -0.093294 -0.060254 0.478907 0.050564 -0.128026 0.469752 -0.420429 -0.016935 0.264510 0.069053 -0.124777 0.177358 0.075827 0.372079 0.179558 -0.319336 0.054480 -0.109216 0.104981 -0.007336 -0.264378 -0.209134 0.002827 0.411684 -0.051487 -0.289338 0.018705 -0.165921 0.053726 0.089768 0.128441 -0.184335 0.012523 -0.369730 
0.133865 -0.016021 -0.077607 0.012226 0.209807 0.302754 -0.376695 -0.038276 -0.271741 -0.268623 0.218438 -0.033121 -0.056764 0.201877 -0.073015 0.399562 -0.182416 -0.032091 0.279086 0.205330 0.016786 0.256002 -0.289972 0.055931 0.226874 0.073064 -0.017563 0.217902 -0.031703 0.198226 0.085746 -0.250934 0.200976 -0.338733 0.029736 0.011299 -0.224988 0.049284 -0.077978 0.277336 0.004711 -0.358292 -0.097121 0.105832 -0.074974 0.230150 -0.019175 0.274703 -0.109460 -0.204345 
0.174586 -0.131829 -0.177166 -0.044756 -0.051780 0.332847 -0.339119 -0.128826 0.001160 -0.270648 0.231625 -0.107468 0.129342 0.049184 -0.106247 0.294461 0.058416 -0.166662 0.296218 0.210443 -0.087844 0.495310 -0.428392 -0.038150 0.103912 0.176055 0.131164 0.235699 -0.174139 0.503531 -0.009192 -0.024169 0.151147 -0.139344 -0.144566 0.321449 -0.214163 0.007707 -0.045569 0.655613 -0.006597 -0.251092 0.051249 0.172563 -0.323582 0.036219 0.040805 0.168683 0.179235 -0.123555 
0.149838 0.038083 -0.015476 -0.156604 -0.181977 0.226937 -0.194103 -0.081030 -0.331104 -0.260306 0.398589 0.005888 0.027488 0.103432 -0.311298 0.120647 -0.110686 -0.318631 0.541479 0.209848 -0.006368 0.403359 -0.149066 0.060873 0.357587 0.088787 0.052801 0.246419 -0.260968 0.563121 0.002776 0.085249 -0.028061 0.030137 -0.149431 0.203840 -0.252587 0.185003 -0.070308 0.363926 0.001146 -0.289679 -0.110201 0.098501 -0.124166 0.060443 0.070106 -0.109188 0.038899 -0.170432 
0.344543 -0.017813 0.083752 0.151321 -0.161560 0.073928 -0.354360 0.005547 -0.186764 -0.134447 0.028153 -0.059771 0.235470 0.202858 -0.305355 0.209878 -0.233090 -0.186718 -0.000531 0.131170 -0.055675 0.349344 -0.122992 -0.032269 0.233252 0.146972 0.021675 0.039401 -0.111486 0.315394 0.164154 0.160633 -0.063052 0.112724 -0.211673 0.375281 -0.262731 0.047418 0.171943 0.198016 -0.180365 0.072817 -0.154195 0.012308 0.155480 0.091392 0.074648 0.116013 0.002061 -0.094675 
0.294958 0.002049 -0.091346 -0.069749 0.088875 -0.002413 -0.256160 0.031027 0.018552 -0.245176 0.159748 -0.071217 0.029922 -0.011062 -0.457162 0.190986 -0.219422 0.104848 0.124716 -0.082461 -0.001512 0.391696 -0.142595 -0.109148 0.223088 0.262891 -0.158212 0.273560 -0.032040 0.159057 -0.051066 -0.201666 0.037942 0.083900 0.183292 0.057894 -0.138500 0.155722 0.334177 0.301698 -0.130240 0.180201 0.113622 -0.021087 0.065961 -0.008323 -0.143085 0.055524 0.018392 0.028680 
0.228038 0.071904 0.196588 -0.036774 0.036989 0.005846 -0.279354 0.302213 -0.277457 -0.273126 -0.066455 -0.148520 0.004793 0.111050 -0.447791 0.433923 -0.143593 -0.048888 0.110043 0.032680 -0.116152 0.499688 -0.137651 0.171077 -0.001788 0.298378 0.025451 0.455756 -0.237645 0.237822 0.021608 0.068659 0.063061 0.154821 0.006217 0.274622 -0.379355 0.006603 0.219933 0.345336 -0.072666 0.148706 0.036197 0.006581 0.050810 -0.008929 -0.065440 0.076097 0.152310 -0.124968 
0.386144 0.008947 0.259549 -0.033099 -0.085662 0.173863 -0.272072 -0.033965 -0.247291 -0.332961 -0.213966 0.002907 0.026838 0.050084 -0.545450 0.292732 -0.062760 0.091452 -0.123756 -0.120817 -0.403480 0.442078 0.014261 0.003463 0.081812 0.085216 0.000657 0.223995 -0.207467 0.327065 -0.014940 0.052447 0.118130 0.164387 0.069795 0.277551 -0.209744 0.212401 0.224786 0.301289 0.214537 0.087301 0.013870 0.190710 0.022259 0.051921 -0.015078 -0.241526 0.036012 -0.000651 
0.519147 -0.164841 0.129465 -0.192778 0.052800 0.017299 -0.252392 0.047333 -0.002796 -0.173432 -0.059695 0.027318 0.021266 0.149339 -0.533074 0.210931 0.009552 0.173659 -0.058015 -0.209529 -0.335174 0.462857 0.055822 0.090464 -0.075573 0.005780 0.007650 0.441495 0.003091 0.150833 -0.245831 0.055196 0.358078 0.240755 0.193082 0.092381 -0.186373 0.141975 0.013697 0.436461 -0.042684 0.379706 0.026924 -0.063179 0.021778 0.207309 -0.029431 -0.014048 0.114348 -0.208992 
0.391849 -0.072284 -0.046386 0.143074 0.164475 -0.178673 -0.153437 -0.124729 -0.240905 -0.275631 -0.251034 0.087790 -0.039722 0.166268 -0.598788 -0.205631 -0.140111 0.073426 0.002181 0.120084 -0.447799 0.469285 0.228979 -0.028170 -0.137671 -0.140205 0.031579 -0.017330 -0.261294 0.241071 -0.072240 -0.060157 0.457361 -0.041488 0.273215 0.067152 -0.311805 0.300057 0.110345 0.197889 -0.006072 0.344305 0.254337 0.064029 0.228258 0.067189 0.008875 0.053201 0.156670 -0.140195 
0.159586 -0.143771 -0.063334 0.032426 0.002615 -0.306735 -0.294970 -0.056869 -0.090015 -0.057813 -0.272451 -0.027042 -0.175215 0.206460 -0.759080 0.030154 -0.224298 0.155904 0.121321 -0.057950 -0.432655 0.502839 0.148412 0.061504 -0.139249 -0.055471 0.169901 0.072458 -0.013603 0.258103 -0.159477 -0.143368 0.412894 0.156984 0.048707 -0.089064 -0.138837 0.414239 0.106533 0.124711 -0.185066 0.405299 0.155446 0.147417 0.249689 -0.009812 -0.077429 -0.214694 0.164278 -0.364672 
0.093697 -0.146832 -0.019721 -0.166328 0.196753 -0.481541 -0.447551 -0.146507 -0.080949 -0.028373 -0.104200 0.248003 -0.185787 -0.022010 -0.564145 -0.105217 -0.093312 0.135540 -0.009684 -0.177904 -0.454892 0.439780 0.372413 0.065278 -0.213889 -0.137897 0.012397 -0.041286 -0.220919 0.206600 -0.040178 0.001073 0.395894 0.125757 0.227394 -0.115765 -0.078921 0.378102 0.241255 0.291274 -0.085992 0.300265 0.240068 0.171823 0.184784 -0.073777 -0.166952 -0.240367 0.109759 -0.119518 
0.038797 -0.074296 -0.249961 -0.319883 0.147130 -0.459664 -0.471333 -0.266377 0.144461 -0.355887 -0.064691 0.112248 -0.283121 0.033146 -0.301232 -0.063199 -0.392199 0.034303 0.285244 -0.341175 -0.432567 0.438935 0.366168 -0.069379 -0.096439 -0.108414 0.026137 0.318853 -0.304956 0.312507 0.125458 -0.081378 0.636797 -0.070523 -0.053086 0.326840 -0.231165 0.330586 0.247970 0.184294 -0.088454 0.192057 0.454477 -0.024401 0.089410 -0.178593 -0.221309 0.117873 0.148738 -0.165719 
0.376410 0.071007 -0.034811 -0.092469 0.218272 -0.220473 -0.469281 -0.137932 -0.014667 -0.296129 -0.183959 0.435639 -0.160102 0.181744 -0.591707 -0.011475 -0.219901 -0.118576 0.406316 -0.091368 -0.430059 0.315423 0.199353 -0.069917 -0.450095 -0.053122 0.041890 0.263765 -0.086286 0.099051 0.211887 0.023808 0.445286 0.087373 -0.123704 0.380962 -0.094481 0.090141 0.057433 0.062313 -0.172867 0.288335 0.280797 0.116374 -0.108831 -0.269791 -0.174046 -0.041051 0.121595 -0.218362 
0.344038 -0.111533 0.119901 -0.015794 0.194542 -0.143306 -0.251415 0.087250 -0.193687 -0.131528 -0.266737 0.160734 -0.179629 0.265562 -0.587292 -0.228033 -0.487830 0.108010 0.244114 -0.197732 -0.413555 0.378609 0.367998 -0.057688 -0.383363 0.170294 0.120888 0.478909 -0.298347 0.152362 0.348245 0.186974 0.329350 0.214902 -0.278228 0.017507 -0.166607 -0.004536 0.165014 0.252307 -0.163506 0.203021 0.189918 0.105401 0.126856 -0.180313 -0.135959 -0.041479 0.248009 0.054421 
0.353241 -0.050941 -0.055747 -0.019526 -0.062371 -0.346077 -0.192066 -0.219060 -0.266252 -0.109200 -0.386179 0.085236 -0.103369 0.119494 -0.535742 -0.296405 -0.305549 0.081177 0.379142 -0.011005 -0.309527 0.326314 0.225982 0.093719 -0.150354 -0.111485 0.427560 0.174605 -0.301256 0.145091 0.543732 -0.172134 0.091386 0.158419 0.143190 -0.022721 -0.221650 -0.265730 0.118453 0.105241 -0.081733 0.344207 0.293254 0.008240 0.267175 -0.016929 0.047762 -0.066891 0.291410 0.101932 
0.362406 0.267314 0.348948 -0.240403 -0.058018 -0.502396 -0.041957 -0.342845 -0.081118 0.038667 -0.355357 0.295050 0.001238 0.106343 -0.530387 -0.121023 -0.467925 -0.165551 0.310119 -0.130973 -0.332081 0.146939 0.288880 -0.177819 0.013267 -0.120268 0.283145 0.067034 -0.311657 0.234183 0.495025 -0.134943 0.153332 0.134002 0.251452 -0.223292 -0.311322 -0.161499 -0.062740 0.155436 0.104231 0.320903 0.227504 0.274093 0.421605 0.149586 0.073941 -0.058170 0.313016 0.029618 
0.294015 0.188155 0.300413 -0.077555 -0.163576 -0.356013 -0.033298 -0.207374 -0.334272 0.044747 -0.234334 0.144768 0.162230 0.114377 -0.552293 -0.135585 -0.241003 0.070991 0.112300 -0.441906 -0.199159 -0.083787 0.077126 -0.155781 0.098402 0.131472 0.246858 0.108659 -0.201962 0.118037 0.423398 -0.048724 0.082046 0.266956 -0.100426 -0.354149 -0.150054 -0.212205 0.256827 0.274420 0.021881 0.636078 0.099878 0.081246 0.326010 0.102362 0.137050 -0.069083 0.254444 0.142285 
0.315080 0.063276 0.170166 -0.254032 -0.179527 -0.244640 -0.279503 -0.359171 -0.176158 0.049062 -0.216979 0.225214 -0.105408 -0.093416 -0.514810 -0.111610 -0.094105 0.266451 0.235440 -0.316672 0.005334 -0.027460 0.082139 -0.174578 0.008204 -0.049799 -0.002533 0.008562 -0.222285 -0.237617 0.277571 0.203940 0.342188 0.281800 -0.027300 -0.131391 -0.257776 -0.274444 0.062531 0.096123 0.148441 0.449032 0.098985 0.114083 0.302573 -0.075735 -0.103939 0.015958 0.123855 0.201729 
0.334106 0.214847 0.125793 -0.264897 -0.121005 -0.422208 -0.300982 -0.174547 0.033510 0.185709 -0.254387 0.516855 -0.041095 0.138214 -0.550675 -0.239154 -0.211705 0.248799 0.017279 -0.114791 -0.105384 -0.021259 0.168781 -0.166036 -0.098518 0.062089 0.000696 0.149261 -0.186612 -0.102693 0.163996 0.214956 0.480890 0.278493 -0.121257 -0.187564 0.014056 0.087346 -0.128279 0.081977 -0.013375 0.425666 0.048832 0.073049 0.281510 0.020855 -0.319353 -0.030888 0.158852 0.265075 
0.170909 0.137717 0.069980 -0.384288 0.074702 -0.334644 -0.099261 -0.231643 -0.187321 0.171169 -0.398470 0.643427 -0.053539 -0.030846 -0.366596 -0.291898 -0.124469 0.212741 0.265535 -0.170532 -0.058464 0.088662 0.156241 -0.098119 -0.182422 0.017419 0.105342 0.311672 -0.028169 -0.356256 0.367254 0.199873 0.547657 0.177866 -0.095462 -0.392118 0.083191 0.030127 -0.108317 0.117812 -0.210773 0.449982 0.057896 0.198514 0.087404 0.131096 -0.254349 0.067246 0.127812 0.339163 
0.161421 -0.046334 -0.069924 -0.526540 -0.134822 -0.313606 -0.136534 -0.189026 -0.065972 0.044203 -0.508795 0.692956 -0.024637 0.062308 -0.305117 -0.179275 -0.270150 0.091169 0.108389 -0.209361 -0.236882 -0.157925 0.238196 -0.054607 -0.222540 0.182741 0.280270 0.237193 0.080496 -0.302055 0.329432 0.144352 0.474322 -0.126391 0.039792 -0.470040 0.029615 0.118065 0.008074 -0.064279 -0.029306 0.642575 0.048979 0.011969 0.157924 0.073872 -0.265644 0.307266 0.319171 0.490882 
0.080883 -0.009111 -0.074598 -0.387258 -0.198403 -0.165783 -0.079322 -0.182521 -0.102467 0.302410 -0.523086 0.644552 -0.114995 0.154079 -0.216427 -0.182157 -0.198713 0.152892 0.118359 -0.344375 0.015505 -0.081690 0.106181 -0.028884 -0.322705 0.220588 0.323086 0.060097 0.092797 -0.249362 0.587827 0.189794 0.230098 -0.281332 0.094551 -0.611364 0.152766 0.099512 0.019490 0.077322 -0.202842 0.590242 0.201930 0.005382 -0.095380 0.140778 -0.144907 0.125272 0.253035 0.493143 
0.307564 0.024285 -0.084511 -0.237818 -0.175246 -0.146678 0.032057 -0.136475 -0.112970 0.042126 -0.521473 0.748060 0.235549 0.213522 -0.262628 -0.331241 -0.332186 0.058154 -0.174480 -0.270605 0.033857 -0.324336 0.018923 -0.126300 -0.170011 0.162468 0.277356 0.284076 -0.102511 -0.389998 0.339309 0.156642 0.033187 -0.232211 0.081864 -0.598886 0.175513 -0.067520 -0.266971 -0.041416 0.074914 0.517561 0.143883 -0.098252 0.055706 -0.089465 -0.109989 0.185854 0.124040 0.554979 
0.438634 -0.157087 -0.280777 -0.403687 -0.224360 -0.031764 -0.081963 -0.164873 -0.146561 0.215846 -0.698773 0.481715 0.044900 -0.030076 0.022747 -0.632239 -0.181142 0.052336 -0.291146 -0.221036 0.079043 -0.403356 0.062791 -0.316531 0.046693 -0.020642 0.459669 0.397358 -0.013069 -0.261539 0.624331 0.318207 -0.002646 -0.210820 -0.093181 -0.548016 0.122524 0.119883 -0.142293 -0.070729 0.086075 0.365978 0.206585 -0.297432 0.166059 0.070614 -0.199779 0.175399 0.251327 0.232206 
0.408346 -0.233231 0.076203 -0.289913 -0.113700 -0.210106 -0.083487 -0.136952 0.039138 0.239537 -0.423382 0.325173 0.081172 -0.078266 -0.104604 -0.547547 -0.438588 0.130610 -0.169821 -0.188737 -0.037514 -0.401519 0.159983 -0.239190 0.082188 0.110295 0.155120 0.365991 0.137549 -0.299880 0.629146 0.686510 -0.059774 -0.061298 0.153337 -0.503782 0.204677 -0.006399 -0.133380 -0.091842 -0.096908 0.607133 0.013738 -0.556829 0.198751 -0.006844 -0.145324 0.085999 0.313028 0.295042 
0.158178 0.059453 0.114012 -0.257793 0.020842 -0.044903 0.033176 -0.396578 0.112358 -0.030183 -0.506146 0.247110 0.217721 -0.099853 -0.009028 -0.617856 -0.393657 0.118386 -0.127661 -0.191258 -0.057615 -0.286273 0.117542 -0.057213 0.003766 0.070987 0.209198 0.430093 0.205492 -0.419379 0.780595 0.537297 0.100239 0.188010 0.089436 -0.770130 0.388748 -0.053962 -0.158363 -0.042739 0.019425 0.441456 -0.004276 -0.398873 -0.020246 0.006825 -0.380467 0.220367 0.172982 0.447225 
-0.092027 -0.030688 -0.073909 -0.355004 0.040362 -0.058954 0.021364 -0.355831 -0.064862 0.059721 -0.292730 0.315230 0.229723 0.099988 0.100514 -0.667629 -0.359860 0.465349 -0.331311 0.025875 -0.169772 -0.264826 0.211647 -0.081226 -0.247584 0.023002 -0.002836 0.480190 0.284731 -0.321188 0.606602 0.568155 0.269181 0.044753 0.007242 -0.704098 0.401671 0.030008 -0.261369 -0.038081 -0.117168 0.351611 0.060242 -0.515368 0.068474 0.174416 -0.152053 0.073554 0.100041 0.411457 
-0.052434 -0.111126 0.109402 -0.369143 -0.113923 0.176030 -0.095686 -0.173765 0.032794 0.140898 -0.005825 0.060404 0.380397 -0.013096 -0.054584 -0.241657 -0.332281 0.468645 -0.570773 -0.096287 -0.109033 -0.265663 0.203563 -0.105060 -0.096653 0.151620 0.064990 0.459557 0.392485 -0.563883 0.683291 0.430038 0.043999 0.090936 0.058404 -0.675521 0.570538 0.079510 -0.392542 -0.142265 -0.014204 0.297740 0.319731 -0.424362 -0.071777 -0.031454 -0.183438 0.146974 0.095002 0.444874 
0.013965 0.025763 0.047197 -0.163923 0.132598 0.334062 -0.178099 -0.278066 -0.298620 0.055747 -0.044538 0.021830 0.357703 -0.082646 -0.023299 -0.319189 -0.118291 0.288285 -0.745881 -0.208492 -0.026224 -0.312728 0.183012 -0.089297 -0.346969 0.196579 0.248735 0.319152 0.102310 -0.620522 0.712590 0.153801 0.007798 0.104142 0.269751 -1.002706 0.507411 0.243090 -0.350333 -0.281060 -0.358800 0.290241 0.397251 -0.410227 -0.059209 0.094535 -0.163617 0.006570 0.119273 0.299185 
0.142365 0.030838 0.082271 -0.009452 -0.046819 0.246963 -0.155055 -0.103150 0.008413 0.113491 -0.193172 -0.136671 0.113974 -0.123246 0.277134 -0.188915 -0.298959 0.321179 -0.654704 -0.087294 0.209735 -0.562611 0.194587 0.134337 -0.192967 0.283034 -0.012694 0.229192 0.057342 -0.714812 0.850302 0.095124 -0.050220 0.104997 0.024789 -0.794955 0.301297 0.348151 -0.403048 -0.428034 -0.245772 0.273054 0.406491 -0.438602 -0.245872 -0.031176 -0.153806 0.063142 0.091094 0.302807 
0.376215 -0.280431 0.073149 0.039765 -0.235088 0.287741 -0.242413 -0.186353 -0.178668 -0.032316 0.011890 -0.089841 0.127273 -0.054999 0.476365 -0.182408 -0.028873 0.103473 -0.625831 -0.143363 0.337036 -0.411095 0.195154 0.002300 -0.221747 0.272354 -0.158773 0.113618 0.133840 -0.498129 0.979495 0.213700 -0.015574 0.350833 0.105563 -0.765106 0.450635 0.480345 -0.207397 -0.407936 -0.099550 0.139846 0.312180 -0.719382 -0.534016 -0.220909 -0.146245 -0.078569 -0.287100 -0.058968 
0.262706 -0.109046 -0.158826 0.166493 -0.009489 0.463217 -0.053738 0.040743 -0.043657 -0.131610 0.089977 0.042279 -0.063285 -0.220922 0.553221 -0.503799 -0.100261 0.231194 -0.726191 0.179850 0.128865 -0.395361 0.155684 0.474324 -0.495063 0.385427 -0.127472 0.439363 -0.097737 -0.444141 0.714144 0.387634 0.322820 0.314947 0.158774 -0.967134 0.379933 0.438449 -0.299090 -0.304953 -0.226380 -0.040304 0.358097 -0.643680 -0.521104 -0.188667 -0.036653 0.064320 -0.383542 -0.241532 
0.381949 -0.147836 -0.003308 0.304537 0.045473 0.367302 -0.070078 0.025151 -0.022154 -0.205213 -0.140977 -0.109236 0.305122 -0.349054 0.472604 -0.564314 -0.324159 0.415766 -0.692521 0.170051 0.151398 -0.326436 0.469517 0.671481 -0.039026 0.255035 -0.009598 0.448168 0.030793 -0.184595 0.528101 0.082873 0.093356 0.443372 0.388276 -0.952923 0.382304 0.524945 -0.361670 -0.299495 -0.286189 0.009477 0.024534 -0.495926 -0.252811 -0.044370 -0.061463 0.034389 -0.271597 -0.344977 
0.027312 -0.062195 0.240217 0.272920 0.307736 0.146173 -0.000531 -0.160734 0.217736 -0.191359 0.076280 0.006477 0.216807 -0.178643 0.678268 -0.352683 -0.163542 0.370258 -0.695515 -0.248876 0.056476 -0.113247 0.614092 0.585741 -0.155733 0.159390 -0.050863 0.899154 -0.103026 0.101477 0.229673 0.282266 0.277155 0.505630 0.355749 -0.915678 0.375515 0.465646 -0.451000 -0.351196 -0.124088 0.389083 0.042422 -0.428909 -0.172806 -0.071823 -0.389597 0.343818 -0.361796 -0.547335 
-0.063739 -0.362419 0.102017 0.686854 0.175439 0.138650 -0.039972 -0.165995 0.512403 -0.343899 0.100742 -0.094570 0.471775 -0.234022 1.036448 -0.312081 -0.032068 0.379823 -1.061121 -0.481973 -0.040270 -0.272078 0.414143 0.813248 -0.174449 0.369542 -0.136751 0.949893 -0.221562 0.118816 0.237008 0.241645 0.028742 0.181036 0.229532 -0.935135 0.127708 1.040261 -0.480663 -0.614470 -0.315029 0.296511 0.158344 -0.337077 -0.476928 0.117113 -0.241597 0.529841 -0.547057 -0.485587 
-0.038358 -0.217703 -0.080105 1.061517 0.453147 0.366363 0.167860 -0.089301 0.335873 -0.455895 0.359675 0.129269 0.220663 0.215701 1.390264 -0.082080 -0.132834 0.321668 -1.071826 -0.517201 0.411017 -0.066354 0.102613 0.745617 -0.016850 0.219921 0.033691 0.783854 -0.062627 0.614338 0.401882 0.058773 -0.050486 0.082415 0.244281 -0.863974 -0.028434 1.548831 -0.560036 -0.743771 -0.107106 -0.148742 -0.072413 0.028475 -0.489322 -0.068939 -0.411619 0.641541 -0.393162 -0.635458 
-0.083317 -0.276567 -0.565591 1.010675 0.230738 0.595533 0.163435 0.020328 0.438982 -0.183906 0.274365 0.310584 -0.045485 0.278988 1.448685 -0.065450 -0.056681 0.291781 -1.173350 -0.417121 0.889444 -0.286487 -0.244785 0.586665 0.393175 0.428422 -0.147857 0.730304 -0.179616 0.807693 0.462696 0.035709 -0.266145 -0.110603 0.300408 -0.654942 -0.063677 1.995448 -0.532810 -0.740865 -0.095053 -0.198512 -0.043064 -0.129192 -0.632064 -0.221908 -0.193876 0.669092 -0.547040 -0.663322 
