-0.236859 -0.195559 0.628411 -0.343557 0.360379 -0.496946 -0.424208 0.328219 0.310162 -0.203392 0.407832 -0.396522 -0.012816 1.358281 0.054132 -0.420710 
0.657939 -0.204829 -0.154079 -0.696028 1.079961 -0.857366 -1.254544 0.215943 -0.076169 1.045928 1.444433 -1.917235 -2.943736 -0.152244 -2.078838 0.764248 
0.266596 0.614610 0.776659 -0.256660 -2.961946 -3.711617 -1.536137 0.312196 -4.951979 -0.438869 0.586962 0.956336 -1.285146 -0.360166 0.471133 -0.340933 
-1.365108 1.116448 0.220810 -0.325714 0.557838 1.125948 0.154807 -0.974614 -0.162828 -0.194861 1.064528 0.500259 -2.262223 0.570472 -0.401386 -2.061039 
0.602651 0.262186 -1.232903 -0.650198 -0.737188 -0.538027 -1.564497 -0.195121 0.347204 1.126613 -0.688645 1.795421 0.171513 -1.079366 -1.687463 -0.374853 
-0.985122 -0.754646 0.323753 1.026816 0.570059 1.673194 -2.673928 0.355536 0.060520 0.637473 0.541857 -1.189878 -0.118011 1.103610 -2.624825 -1.087417 
0.003582 0.304794 -0.213297 -0.024603 -0.073621 -0.258428 -0.489982 -0.394521 0.106048 0.309521 -1.636869 0.434242 0.525270 -0.549934 -1.259380 0.161052 
-0.627785 -0.775263 0.328619 -0.084419 0.042095 0.409122 -1.236386 0.240274 -0.891743 -0.001078 -3.514287 0.393382 0.696871 -1.209371 0.488186 0.026588 
0.753419 -0.055007 0.083120 -1.567358 -0.408928 0.440591 0.234801 0.154599 -0.622028 -0.326364 0.281914 -1.219142 -0.380268 -0.362602 0.768398 -1.679896 
-1.091489 0.630152 0.668286 0.389870 0.311906 -0.236923 -0.077105 -0.897393 -0.306443 -0.190444 0.168730 -2.627222 -0.424787 0.591625 0.685835 -3.210376 
-0.252883 0.796235 -0.157954 0.791665 0.663736 0.779421 0.695514 0.011140 -0.243285 -0.272518 -0.231661 -0.646076 -2.564164 0.032483 0.559656 0.926783 
0.346644 -1.074045 0.132628 -0.264996 -1.248919 0.156688 -1.223515 -0.314610 0.897587 1.214810 0.480503 0.461473 -0.877190 -0.766120 0.302122 -3.387598 
0.096584 0.283502 -0.223637 -0.978408 0.537519 -1.468328 0.014329 -0.428584 1.140785 0.642642 -0.042841 -0.433275 -0.096299 -0.888606 0.034921 0.239484 
-1.015785 0.822410 0.657085 -0.618443 -1.478462 -0.957718 0.018256 0.564728 0.163762 0.725104 0.065922 0.254947 0.507504 -0.105335 -0.632318 -0.179544 
0.755755 -0.916059 -0.494402 0.422672 0.940717 0.818386 -0.291603 -0.358323 -0.212122 0.284426 0.389226 -2.251099 -1.030755 0.258516 -2.034862 -2.174949 
-0.092676 -0.107570 -0.617803 0.486445 0.100517 -1.057668 -0.509887 0.597359 -5.320366 1.456898 -0.383088 1.598051 -1.516591 0.182251 -0.870278 0.031236 
-1.116183 0.516194 0.391865 0.010171 -0.172445 -0.345369 0.295546 0.481896 -0.492165 -1.056563 1.342614 0.753756 0.120207 -0.217294 0.504001 0.589024 
0.292807 0.090223 0.211904 -0.405858 -2.322831 -0.169439 -0.001999 0.222653 -0.712918 -0.915644 -0.542674 0.146869 0.068814 1.043790 0.810041 0.442256 
0.163988 -0.339281 -0.328799 0.395235 0.832938 1.101153 -1.344565 -1.066340 -0.095539 0.909063 -0.862776 -0.228108 0.033314 0.418005 -3.825026 0.245174 
0.693132 -0.919624 -0.320076 -0.516821 -0.545087 -0.307256 0.140496 0.297441 -0.409699 0.174697 -1.009884 0.001887 2.118383 -0.481516 0.349953 -4.405087 
-0.121093 0.008350 0.360060 -0.382475 -0.229860 -0.342424 -0.607717 0.163775 -0.073168 -0.001193 -0.386534 0.181964 -0.401437 1.024882 0.075949 0.305329 
0.659947 -0.068331 0.640516 -0.136106 -0.143274 0.561806 0.152487 -0.728703 -0.816198 -0.229580 -0.752866 0.149803 -0.198032 -1.840025 -1.921746 0.301348 
0.452310 0.133895 -0.399512 1.083063 -0.986886 -0.099434 1.529590 -0.524383 -0.451771 -0.566985 0.067676 0.175690 0.324866 -0.490191 -0.574424 -0.844042 
0.706114 -0.801048 0.401443 0.058731 -0.029362 0.258084 -0.211859 -0.391622 -0.603311 -1.048893 0.066717 0.587896 -0.595611 0.531572 -0.476004 -0.043386 
0.229553 0.728508 0.101043 -0.068363 -3.527897 0.081141 0.230762 -0.231795 -0.945887 -0.326738 -2.844771 -0.402048 0.003944 0.625359 -0.437312 0.984459 
0.014480 -1.695963 0.506551 -0.046337 0.029369 -0.255761 0.272924 0.273901 -0.666204 -0.006935 0.009845 -4.185572 -1.272278 0.756263 0.087610 -2.452416 
-0.410581 0.282603 -0.662878 0.695006 0.319892 0.276966 0.108344 -1.191877 0.335751 -0.363915 0.623942 0.119094 0.302729 0.404464 0.214955 -0.324340 
0.306546 -0.473266 0.365605 -0.576447 -1.576665 0.283705 0.198143 0.178278 0.343996 0.669109 -0.209272 -0.725524 -0.109471 -0.735797 -0.616043 -2.467695 
0.727686 -0.318641 0.406622 0.611786 0.598252 0.716010 1.045884 0.042946 0.676850 -1.849288 0.006686 -0.147471 -3.582838 -0.308881 -0.982642 -2.582625 
0.059609 0.187362 -0.314303 -2.730425 0.359332 0.536213 -0.722324 -0.169853 -1.106452 -0.633671 0.239890 0.425969 0.217309 0.048134 -3.643509 -0.190578 
-1.190370 0.567572 0.039853 0.478441 1.632366 0.209659 0.153497 -0.008388 -2.357488 -0.095063 -0.353521 -7.439811 0.708547 0.130110 0.646174 -6.598724 
-0.119848 0.085530 0.164847 -0.298461 -4.075630 -0.280593 -0.270577 1.423872 -0.179358 -0.377064 -0.858245 1.063797 -0.879961 -0.755960 -0.549500 -1.108236 
0.170552 -1.030158 0.283376 0.283095 0.062267 0.139485 -0.207267 0.144264 0.971858 -0.008911 -0.267119 -0.510876 -0.441893 0.167663 -0.119309 -0.078044 
0.813753 -0.035484 0.123874 0.134114 -1.613965 -0.611350 1.395869 0.291703 -1.597094 -2.176449 0.038536 -0.428117 -0.192533 0.413835 0.427218 0.358314 
0.048639 0.254774 -0.033093 -1.820765 -3.770157 -0.068352 0.643090 -0.282845 -0.001829 -0.068719 0.360607 0.437318 1.293852 0.016968 0.249442 -1.447689 
0.185534 -0.727329 0.071946 -0.673874 -1.765281 0.574654 0.534310 0.101111 0.067819 -1.275476 -0.576650 -1.358516 0.155135 0.271690 -0.701460 -2.033888 
-0.362906 -0.225501 0.445765 0.454660 -2.619375 0.543061 0.240896 0.370535 -5.238180 -0.467688 0.296696 -0.537882 -1.920754 0.110923 -1.293098 -1.301156 
-0.121878 0.488385 -0.366244 -2.294622 0.758877 1.095012 -0.454055 -0.614400 -1.352706 1.080106 -0.704525 0.359814 -1.307669 0.258468 0.378578 -2.816897 
0.226188 0.112336 0.492653 -1.900005 0.587385 0.118932 -1.889852 0.050638 -0.280655 -2.589558 -0.244488 -0.203152 0.050058 0.971838 0.576252 0.524781 
0.242723 -0.523784 0.278638 -1.652598 -0.083222 -0.133026 -0.838235 0.573926 -0.075451 0.256409 -0.359879 0.409463 0.111522 -2.675434 -2.657626 0.386026 
0.109715 0.192690 -0.057422 -0.698366 1.081616 -0.895072 0.113490 -0.050959 -0.168462 -0.078400 -1.211582 0.006767 1.191870 -0.036170 -0.051550 0.831715 
0.951042 0.542170 -0.385736 0.611384 0.881541 -0.132320 0.340396 -0.204925 -1.031088 -0.806092 -0.236641 -1.821382 -2.906352 -0.052258 -0.193806 -2.626913 
-0.392196 -0.433349 -0.667012 0.588854 -0.425236 0.820132 0.912415 -0.351150 -0.151090 0.250392 0.450269 -0.087699 1.132581 0.544918 -0.288127 -1.316860 
-1.038786 -0.102863 0.018249 1.662019 0.293789 0.038047 1.278431 -0.749716 -1.807203 0.979254 -0.694201 -4.252338 -2.148117 -0.447712 -6.489110 -1.494335 
-0.147013 0.455362 0.026802 0.737450 -1.405381 -0.153126 1.117238 -1.134047 -1.510493 -1.571706 0.066882 -0.466902 0.575537 0.375278 -0.226161 -1.543733 
0.222939 0.273211 -0.179655 -0.987478 0.441127 -5.923194 -2.635134 0.302921 0.489511 0.039189 -0.117117 0.378985 0.378289 -2.821141 -0.415892 0.171820 
-0.715862 -0.725236 0.126154 -1.530798 1.511189 -0.785976 -0.446430 -0.170943 -0.602216 0.885827 0.604130 -1.705438 -2.471868 -0.135808 1.465215 -0.463970 
0.208384 -0.118848 -0.031882 1.323549 -0.913128 -0.559757 -0.734465 -0.313915 -1.185676 1.347571 -0.012416 -0.026624 -1.267276 -0.318248 -1.480817 -3.453710 
-0.402374 0.412608 -0.187312 1.585443 -0.107682 -0.783820 0.125435 0.775090 -1.197817 0.785317 -0.171672 -0.356111 -2.223481 -0.534490 -0.656690 -0.902147 
0.196535 -0.023954 -0.400153 -3.346149 -0.387702 1.515395 -1.032971 -0.007011 0.265163 0.085824 0.448995 0.644321 0.350371 -0.178562 0.736094 0.321890 
