0.008582 -0.949929 0.119963 -0.352306 0.445419 -0.560795 0.466354 0.544473 0.435040 0.539191 1.650366 -0.366419 -0.415119 -0.075159 -0.125678 0.374716 0.194939 -0.319283 -0.268595 0.071145 0.537224 -0.398642 0.637311 1.233320 -0.117092 -0.694407 -0.192773 -0.019370 -0.361523 -0.451584 0.214695 -0.709671 0.282663 -0.531234 -0.227719 -0.976365 -0.046064 -0.307135 -0.651851 -0.083827 -0.051485 0.267887 0.485178 -0.202899 -0.192091 -0.222232 0.914687 -0.021524 0.503687 -0.300501 0.617069 0.062267 
0.071303 -0.913365 -0.067734 -0.208264 0.196210 -0.359615 0.597587 0.609751 0.482343 0.367711 1.523381 -0.296306 -0.203264 -0.112684 0.176082 0.055575 0.138998 -0.415435 -0.033124 0.027781 0.521000 -0.340123 0.557500 1.181734 -0.197464 -0.776168 0.142169 -0.057697 -0.381274 0.070727 0.156689 -0.504698 0.412176 -0.376114 -0.428769 -0.769112 -0.036353 -0.315132 -0.399237 -0.055751 -0.124961 0.171236 0.003020 -0.275314 -0.271022 -0.309385 0.782967 -0.340777 0.077782 -0.042735 0.563041 -0.117768 
-0.209056 -0.880813 -0.133021 -0.254662 0.139475 -0.278403 0.848363 0.693432 0.394394 0.119615 1.336747 -0.359711 -0.451931 0.039053 -0.188807 -0.143437 0.129712 -0.324404 -0.109224 -0.111498 0.488438 -0.518454 0.313272 0.723375 -0.167702 -0.457855 0.108570 0.055875 -0.463669 0.203902 0.280475 -0.664484 0.444788 -0.303414 -0.392835 -0.928073 0.038256 -0.298121 -0.530205 0.085033 0.011728 0.099138 0.013414 -0.263123 -0.474038 -0.204740 0.710354 -0.151160 -0.275484 -0.255673 0.325091 -0.097219 
0.004431 -0.818071 -0.244100 -0.235737 -0.087727 -0.180508 0.711327 0.691149 0.421616 0.074460 1.369100 -0.095213 -0.465771 -0.137606 -0.291662 -0.090058 -0.278948 -0.477262 -0.065834 -0.126601 0.226845 -0.501553 0.329624 0.820890 -0.217830 -0.501113 0.165883 0.296556 -0.352134 0.158713 0.402160 -0.341030 0.210869 -0.225515 -0.384153 -0.757896 -0.151977 -0.383850 -0.501503 0.058689 -0.083491 0.072183 -0.109535 -0.344665 -0.428054 -0.145803 0.573427 -0.348552 -0.230856 -0.223067 0.245654 0.024143 
0.251750 -0.770066 -0.252439 -0.287061 -0.016033 -0.194991 0.604284 0.530842 0.000297 -0.273433 1.265547 -0.027715 -0.470202 0.045956 -0.095812 -0.196636 -0.267510 -0.233890 0.127045 0.019513 0.288209 -0.564773 0.292272 0.832308 -0.145863 -0.350114 0.026380 0.135369 -0.511346 0.131024 0.258353 -0.405980 0.138472 -0.065236 -0.520529 -0.515509 -0.102776 -0.227978 -0.470734 0.124440 0.049856 0.358588 -0.205604 -0.336421 -0.520899 0.046651 0.718494 -0.236855 -0.419397 -0.200747 0.192598 -0.031002 
-0.100447 -0.872994 -0.219256 -0.142915 0.068365 -0.207654 0.640006 0.543228 -0.135851 -0.139480 1.176384 -0.004474 -0.593086 0.063501 -0.253883 -0.123183 -0.456853 -0.111080 0.078729 0.065705 0.186917 -0.575942 0.306875 0.680677 -0.036865 -0.300002 0.081276 0.144602 -0.324941 0.253553 0.088221 -0.441147 0.049749 -0.149342 -0.334636 -0.426048 -0.208436 -0.046045 -0.368579 -0.127242 0.055113 0.344477 -0.220708 0.006370 -0.674077 0.249968 0.528067 -0.126502 -0.297793 -0.190979 0.266383 0.224249 
0.002772 -0.705278 -0.229159 -0.383052 -0.173802 -0.031672 0.272422 0.396869 -0.218223 -0.010716 1.063197 0.056751 -0.276541 -0.120363 0.171025 0.041853 -0.356059 -0.245878 0.291459 0.046136 0.291992 -0.583697 0.047427 0.476347 -0.222277 -0.316010 0.043977 0.383941 -0.309384 0.159013 0.036158 -0.475463 0.126588 -0.107019 -0.534354 -0.109955 -0.341478 0.038987 -0.509287 0.037418 -0.146798 0.232774 -0.101468 0.120627 -0.673693 0.248009 0.447368 -0.114123 -0.235393 -0.080534 0.105824 0.146056 
-0.013060 -0.598090 -0.185066 -0.314698 -0.014808 0.032030 0.219689 0.465595 -0.282883 -0.058568 0.630397 0.048234 -0.316956 -0.078562 0.188160 0.000620 -0.233070 -0.184815 0.046005 0.164747 0.480238 -0.474108 0.125967 0.333936 -0.258996 -0.239406 -0.025753 0.318604 -0.398026 0.226486 -0.103697 -0.241375 0.054737 -0.198388 -0.476259 -0.007768 -0.221306 0.153112 -0.132006 -0.070774 -0.123732 0.198590 -0.089475 -0.033434 -0.381890 0.182946 0.434127 0.043167 -0.354833 0.110386 0.098756 0.204010 
-0.246781 -0.524084 -0.131757 -0.546316 -0.011798 0.018569 0.258739 0.464344 -0.169202 -0.030223 0.699842 0.332150 -0.171577 0.012724 0.239577 -0.096837 -0.287068 -0.141836 0.161173 0.261629 0.165486 -0.492107 0.071293 0.140531 0.067739 -0.473806 -0.261421 0.259433 -0.319012 0.215205 -0.120820 -0.132988 -0.181611 -0.158522 -0.493726 -0.069520 -0.345916 0.208593 -0.085052 0.055063 -0.311294 0.328250 0.046426 0.330123 -0.340947 0.197544 0.294202 0.029736 -0.216668 -0.095207 0.144736 0.352483 
-0.163087 -0.674040 -0.355281 -0.424753 0.009011 -0.049907 -0.103114 0.496725 0.106780 -0.086381 0.751318 0.155505 -0.355911 0.113222 0.311282 0.067429 -0.296292 -0.254263 0.005419 0.026582 0.261076 -0.336798 0.208688 0.107419 0.105171 -0.600493 -0.526439 0.227413 -0.245678 -0.101739 -0.195444 -0.049532 -0.193060 -0.020482 -0.432685 -0.359285 -0.419960 0.056009 -0.138112 -0.044925 -0.232832 0.281685 0.035072 0.042506 -0.295453 0.053974 0.475609 0.137066 0.109397 0.132346 0.023164 0.144859 
0.018135 -0.493374 -0.220502 -0.332044 0.009804 0.246736 0.128512 0.474943 0.052145 -0.115663 0.479571 0.022831 0.006899 -0.003792 0.032586 0.129347 -0.447847 -0.078520 0.034106 -0.320419 0.156137 -0.259159 -0.064288 -0.171916 -0.154997 -0.265861 -0.371078 0.230726 -0.305000 -0.140721 -0.364091 0.267848 -0.205124 -0.146735 -0.405799 -0.199742 0.032254 0.251948 0.078519 0.272025 -0.183288 0.089438 0.185825 0.050433 -0.268306 0.241711 0.250405 0.157733 0.063798 0.064861 0.151985 -0.013242 
0.045805 -0.239734 -0.358743 -0.413498 -0.000667 -0.034115 0.051208 0.411859 -0.025241 -0.126521 0.576963 0.026021 -0.241832 0.215971 0.072738 0.275840 -0.454485 0.318786 0.188099 -0.227418 0.016286 -0.218611 0.194239 -0.334418 -0.270516 -0.437761 -0.218359 0.156363 -0.043441 0.002673 -0.369205 0.110794 -0.066703 0.136072 -0.243941 -0.352510 0.011394 0.159109 0.057783 0.123231 -0.109538 0.200020 0.152762 0.011054 -0.251214 -0.022163 0.369981 0.027060 0.134625 0.094515 0.205006 0.095733 
0.135601 -0.369973 -0.347493 -0.267931 -0.182248 -0.105381 0.062119 0.154605 -0.200201 0.025358 0.479916 0.136085 -0.100674 0.307331 0.281466 0.278879 -0.095027 0.093870 0.462948 -0.351958 -0.055174 -0.460890 -0.213267 -0.441502 -0.504620 -0.518216 0.057010 0.220045 0.128562 0.139564 -0.381373 -0.105371 -0.134647 -0.012023 -0.179541 -0.030251 0.011092 0.492832 -0.068766 0.145625 0.080892 -0.178066 0.031205 0.050547 -0.346164 0.048241 0.239189 -0.046314 -0.011901 0.082987 0.080848 0.243068 
0.249744 -0.381797 -0.313584 -0.355026 -0.134485 -0.087028 0.287750 -0.218299 -0.208549 -0.139284 0.465234 0.017510 0.057254 0.187767 -0.034911 -0.035380 -0.048325 0.083792 0.460497 -0.072539 -0.017076 -0.302949 -0.246893 -0.562390 -0.421793 -0.193571 -0.120179 0.321079 -0.180901 -0.140771 -0.269561 -0.147897 -0.041553 0.075327 -0.295100 0.207678 -0.145214 0.377422 0.227819 0.218540 0.026526 -0.244509 0.023164 -0.134760 -0.418331 0.102640 0.071005 -0.003122 0.281283 0.155638 0.306564 0.039347 
0.318458 -0.260253 -0.507769 -0.392784 -0.105908 0.110535 0.497712 -0.066816 -0.283118 0.028018 0.464166 0.000798 0.085252 0.085202 0.225965 0.003878 -0.095513 0.342455 0.548603 -0.252120 -0.194401 -0.193118 -0.190744 -0.596064 -0.445030 -0.190210 -0.422777 0.076209 0.012414 -0.027764 -0.265098 0.102764 -0.043171 -0.091899 -0.032220 0.239435 -0.221780 0.373978 0.470823 0.169533 -0.057612 -0.363070 0.102260 -0.159574 -0.309479 0.260545 0.116999 -0.304075 0.416671 0.441280 0.198239 0.034638 
0.237719 -0.228722 -0.406615 -0.350869 -0.381762 0.458758 0.313654 -0.043550 -0.313575 -0.344079 0.304707 -0.100309 -0.018939 0.231984 0.118412 0.021020 -0.089303 0.208515 0.341475 -0.199873 -0.238143 -0.394239 -0.446739 -0.667540 -0.418755 -0.249610 -0.403142 0.083543 -0.030261 -0.142494 -0.158248 -0.134417 0.123524 0.100241 -0.056179 0.287831 0.115402 0.269613 0.512979 0.196230 -0.128942 -0.310958 -0.008729 -0.017757 -0.178067 0.349280 -0.178964 -0.435823 0.610071 0.148629 0.293411 -0.028256 
0.298221 -0.022250 -0.305708 -0.251725 -0.530248 0.228061 0.221340 -0.088314 -0.384471 -0.208457 0.376527 -0.117877 0.067540 0.167814 0.052364 0.022749 -0.085802 0.251926 0.550135 -0.185783 -0.287340 -0.331781 -0.180481 -0.644192 -0.404896 -0.250711 -0.277512 -0.125089 0.108280 0.042068 -0.262632 -0.103069 0.147780 -0.228707 0.136341 0.419562 -0.002926 0.016722 0.455450 0.177268 -0.137542 -0.102377 -0.000670 0.137534 -0.309735 0.082829 -0.249697 -0.338982 0.570874 0.121210 0.055296 0.056686 
0.301759 -0.088729 -0.238775 0.044121 -0.723549 0.344176 0.291157 0.055546 -0.163252 -0.232439 0.144538 -0.206724 0.387774 0.076959 0.359774 -0.143418 -0.254756 0.276204 0.535093 -0.190084 -0.295926 -0.418416 -0.111441 -0.416352 -0.273803 -0.052674 -0.223161 0.073783 0.058675 0.066213 -0.182250 -0.179831 0.162134 -0.158936 0.267040 0.536423 0.136727 0.228375 0.423143 -0.024512 -0.026134 -0.204364 0.027421 0.029646 -0.477315 0.306313 -0.447658 -0.319640 0.457239 0.056147 0.180652 0.025242 
0.400229 -0.158376 -0.115283 0.098281 -0.783608 0.072139 0.176953 -0.086534 -0.160879 -0.315496 0.138710 0.016036 0.436348 -0.133124 0.118993 -0.280388 -0.317983 0.350855 0.590343 -0.296397 -0.271599 -0.430461 -0.292949 -0.441304 -0.078362 0.153271 -0.161683 -0.032707 0.101689 0.023489 -0.253113 -0.068472 0.136919 0.021337 0.022934 0.525047 0.195776 0.135803 0.539611 -0.209424 -0.022803 0.078288 -0.113843 -0.384582 -0.491350 0.098201 -0.502802 -0.257475 0.378294 -0.094612 -0.248075 -0.135642 
0.336760 -0.235670 -0.424934 -0.009412 -0.722825 0.233680 0.118070 -0.146282 0.241215 -0.317202 0.425004 0.118954 0.300415 -0.139104 0.148781 -0.085145 0.078467 0.387839 0.432711 -0.268648 -0.300604 -0.275726 -0.373635 -0.229609 0.168418 0.051499 -0.285214 0.229987 -0.021935 0.021150 -0.095852 0.055939 0.164010 0.126472 0.177900 0.650729 0.058993 0.370680 0.670669 -0.155201 0.142956 0.083917 -0.288726 -0.129955 -0.337184 0.054477 -0.606804 -0.228608 0.233304 0.134134 -0.026379 -0.232947 
0.158720 -0.246164 -0.181577 0.101888 -0.663833 0.057126 0.334595 -0.106626 0.385614 -0.310273 0.074005 0.218824 0.488664 0.073704 -0.048656 -0.361413 -0.078023 0.279652 0.503076 -0.447539 -0.336203 -0.211396 -0.410346 -0.340692 0.068291 0.363292 -0.515099 0.343183 -0.072134 0.109118 -0.033458 0.082319 0.238331 0.176052 0.363245 0.606200 -0.045057 0.102529 0.600684 -0.031442 -0.006152 0.200724 -0.138109 -0.387326 -0.333522 0.187874 -0.472865 -0.531308 0.182604 0.131502 -0.153333 -0.067424 
0.307794 -0.047447 -0.215453 0.180615 -1.125823 0.070135 0.097518 -0.137691 0.286231 -0.361973 0.203194 -0.039851 0.459579 -0.100819 -0.087221 -0.286801 0.135394 0.295433 0.440536 -0.435086 -0.484064 -0.141594 -0.241260 -0.194692 0.110725 0.365785 -0.616489 0.212856 -0.008444 -0.094032 0.126780 -0.187440 0.224076 0.196344 0.347170 0.626417 0.013770 0.140502 0.634962 -0.199687 0.050097 0.291734 -0.101708 -0.368717 -0.440692 0.045407 -0.506625 -0.374490 0.333645 0.145934 0.088130 -0.027754 
0.127665 -0.329068 -0.213507 0.143037 -0.942886 0.165919 -0.020326 -0.124124 0.282082 -0.466814 0.199635 -0.054947 0.297202 -0.205812 0.097468 -0.607625 0.100355 0.272510 0.164384 -0.162935 -0.288151 -0.261131 -0.113276 -0.136244 0.238493 0.466374 -0.645675 0.342607 0.200827 -0.169283 0.028984 -0.139499 0.129110 0.090572 0.613921 0.468941 -0.245155 0.265312 0.594757 -0.117702 0.166712 0.402444 -0.129394 -0.110335 -0.389976 0.072227 -0.642046 -0.212795 0.152349 0.166750 -0.144723 0.048500 
0.018566 -0.050623 -0.349747 0.085968 -1.075088 0.156441 -0.178348 0.024972 0.196750 -0.327828 0.017597 0.117898 0.428240 -0.246445 -0.165712 -0.623387 0.112539 0.238579 0.172991 -0.380905 -0.465223 -0.081408 -0.288751 0.033941 0.024394 0.461907 -0.257918 0.455554 0.166196 -0.034461 0.026280 -0.127771 -0.006136 0.200736 0.629229 0.484120 -0.233140 0.397068 0.705929 -0.091795 0.302346 0.132276 -0.229511 0.004195 -0.414614 0.252104 -0.656332 0.163518 0.025981 0.311882 -0.003966 -0.007221 
-0.007694 -0.339549 -0.228330 -0.089281 -1.205256 0.199839 -0.129503 -0.090773 0.111040 -0.328038 0.106780 0.199628 0.517318 -0.295387 0.109547 -0.770267 0.134351 0.425015 0.316851 -0.311031 -0.521166 -0.149695 -0.421982 0.146319 -0.016658 0.689367 -0.341524 0.532811 0.097297 0.028413 0.011724 -0.076301 0.189937 0.278602 0.680107 0.568876 -0.328976 0.343017 0.438808 -0.142218 0.080024 0.161014 -0.311832 -0.054465 -0.425203 0.316283 -0.699542 0.039766 0.227206 0.428517 -0.021070 -0.027326 
-0.134304 -0.147804 -0.182528 -0.266665 -1.206205 0.239548 -0.032716 0.089093 -0.036265 -0.069121 0.137709 0.291899 0.536425 -0.223547 0.086831 -0.723565 0.271358 0.274905 0.584518 -0.299845 -0.555583 0.002046 -0.249237 0.117927 -0.069438 0.352998 -0.331118 0.582755 0.154335 0.149745 0.112550 -0.237326 0.097143 0.164487 0.799666 0.310959 -0.282356 0.330321 0.312662 -0.325697 0.197562 0.177568 -0.047895 -0.066335 -0.454123 0.194962 -0.957198 0.065381 0.291806 0.512187 -0.020430 -0.217527 
-0.101529 -0.007269 -0.256674 -0.149141 -1.048846 0.317822 -0.218103 0.131558 0.202857 -0.135856 0.176815 0.295850 0.537589 -0.306203 0.059120 -0.784076 0.134123 0.309668 0.275486 -0.242240 -0.423348 -0.129041 -0.065204 0.334282 -0.036286 0.312013 -0.224458 0.333201 0.156934 -0.004304 0.222011 -0.363037 0.125339 0.274433 0.520590 0.423670 -0.289145 0.077011 0.338478 -0.171021 -0.073188 0.252645 -0.232772 0.138015 -0.450697 0.156984 -0.612612 -0.064684 0.139579 0.152517 0.197796 -0.103559 
-0.074217 0.336604 0.047145 -0.207931 -0.763947 0.191373 -0.253889 -0.289291 0.320695 -0.409357 0.067522 0.357403 0.534253 -0.365537 0.182179 -0.752833 0.070085 0.446818 0.230028 -0.538525 -0.350147 -0.151074 0.096587 0.469785 -0.000324 0.366278 -0.289160 0.523332 0.275964 0.019046 -0.100376 -0.364274 0.128626 0.187132 0.399921 0.538018 -0.130526 0.032148 0.502958 -0.107817 0.028322 -0.000968 -0.062457 -0.022686 -0.466608 0.183472 -0.645985 0.123883 0.207567 0.137780 0.187647 0.072148 
0.079507 0.284406 -0.030256 -0.176051 -0.799961 0.167113 -0.253187 -0.380636 0.293041 -0.312559 0.148317 0.248547 0.550846 -0.360846 0.100488 -0.918647 0.052731 0.383742 0.152646 -0.192978 -0.389346 -0.012943 0.219028 0.412629 0.056767 0.216357 -0.141892 0.367340 0.331208 0.172760 -0.015528 -0.192131 -0.144968 0.008817 0.394477 0.626481 0.105610 -0.008919 0.290384 -0.050690 0.206179 -0.042259 -0.136181 -0.042984 -0.280407 0.174131 -0.579051 -0.201601 0.063477 -0.038886 0.098596 0.181768 
0.176659 0.315285 0.116412 -0.082140 -0.632608 0.274294 -0.420869 -0.195560 0.296315 -0.376451 0.293565 -0.002500 0.406788 -0.091461 0.054528 -0.697215 -0.175023 0.090749 0.171098 -0.242016 -0.369473 0.001760 0.171001 0.081056 0.234981 0.241308 -0.098197 0.304113 0.453480 0.091468 0.134970 -0.296225 -0.073414 0.011639 0.384020 0.859209 0.141158 0.418238 0.366805 -0.146297 -0.028993 0.096228 -0.207568 -0.070418 -0.075071 0.259627 -0.408641 -0.092886 0.056373 0.098978 0.299407 -0.005475 
0.316790 0.440189 0.277088 -0.049544 -0.597825 -0.080447 -0.362515 -0.084423 0.255759 -0.304328 0.219464 -0.012472 0.486088 -0.006702 -0.106876 -0.706478 -0.165218 0.239620 -0.020583 -0.002364 -0.407241 0.119528 -0.199509 0.050269 0.286490 0.125371 0.005316 0.376195 0.600127 0.250483 0.219861 -0.488842 -0.186153 0.120751 0.626294 0.744845 0.089325 0.267813 0.213326 -0.203377 -0.145172 0.093906 -0.423897 -0.293741 0.002519 0.117278 -0.441367 -0.117179 0.003787 0.328862 -0.021416 0.317896 
0.131017 0.368147 0.411072 -0.342306 -0.692452 -0.056181 -0.414222 0.092621 0.119260 -0.580780 0.056005 -0.153420 0.452298 -0.208167 -0.169479 -0.543269 -0.185582 0.257667 -0.065720 -0.044847 -0.098036 0.273778 -0.145509 0.223451 0.280400 0.175009 -0.022463 0.279121 0.612704 0.101287 0.020397 -0.623680 0.054156 0.276730 0.642438 0.769194 -0.179308 0.404937 0.239401 0.107425 -0.225166 0.138331 -0.414271 -0.140502 -0.086568 -0.016924 -0.406871 -0.024309 -0.146080 0.023585 0.208728 0.141111 
0.028013 0.346786 0.389298 -0.299438 -0.511048 -0.197357 -0.555084 0.136496 0.100433 -0.468271 -0.239033 0.078216 0.496095 -0.254355 -0.171666 -0.712304 0.026069 0.278987 -0.337701 -0.267817 -0.272174 0.211956 -0.080974 0.043638 0.476853 0.215105 0.043362 0.206283 0.519236 0.206559 0.155264 -0.385342 0.004501 0.390706 0.630557 0.826210 -0.055099 0.334887 0.188564 0.075634 -0.360301 0.053059 -0.265723 -0.077658 -0.002242 0.273399 -0.336259 -0.118968 -0.299444 0.255857 -0.034932 0.109051 
0.068715 0.452239 0.484688 -0.340208 -0.493056 -0.069471 -0.592528 0.023556 0.145724 -0.482699 -0.146795 0.005445 0.442004 -0.389563 -0.156117 -0.402230 -0.225287 0.326479 -0.431912 -0.300427 -0.002225 0.237192 -0.119739 0.068559 0.531292 0.182516 -0.004481 0.163550 0.415393 0.257542 0.021607 -0.367313 -0.228802 0.108191 0.310876 0.599432 0.036341 0.393455 0.307336 0.122515 -0.282790 -0.116931 -0.390129 -0.165081 -0.165776 0.168980 -0.320563 -0.155395 -0.438215 0.249727 0.077640 0.104012 
0.284510 0.543048 0.544893 -0.246157 -0.560349 0.063944 -0.522476 0.135602 0.204580 -0.293459 -0.098386 -0.177772 0.669633 -0.424366 -0.179359 -0.486879 -0.389558 0.188915 -0.346318 -0.492002 -0.098696 0.263876 -0.160671 -0.073324 0.440967 0.242974 0.036744 0.252265 0.557714 0.275738 0.146002 -0.324113 -0.043471 0.124601 0.401052 0.694515 0.164988 0.550260 0.331554 0.112834 -0.091609 0.040275 -0.289052 0.134490 0.160327 0.308236 -0.191538 -0.136563 -0.591137 -0.006251 -0.153217 -0.080585 
0.311946 0.612501 0.724448 -0.304414 -0.391185 0.058664 -0.548346 0.048467 0.066269 -0.303486 -0.069523 0.045495 0.761953 -0.391415 -0.014178 -0.180226 -0.242256 0.293963 -0.556878 -0.516119 -0.103944 0.185338 0.029457 0.364248 0.265422 0.026704 -0.168949 0.049242 0.474106 0.161869 -0.199719 -0.069600 -0.145789 -0.088254 0.363895 0.586438 0.290721 0.587307 0.374757 0.079608 0.065493 -0.108893 -0.237729 0.192794 0.342148 0.300855 0.101191 -0.059668 -0.259892 -0.016024 0.224369 -0.163617 
0.423362 0.515747 0.800192 -0.407689 -0.305413 -0.212740 -0.624418 0.164073 0.290980 -0.004530 -0.110199 0.000289 0.805249 -0.277527 -0.020220 -0.318870 -0.194644 0.363311 -0.511753 -0.479516 -0.048344 0.359398 0.385107 0.600114 0.461130 -0.098713 -0.097222 0.166364 0.790890 0.011575 -0.180733 -0.001490 -0.092163 -0.013618 0.344325 0.509092 0.387453 0.775099 0.217915 -0.094357 -0.046977 0.074731 -0.176094 -0.048399 0.373932 0.377415 0.239035 -0.049412 -0.118199 -0.230653 0.299150 -0.278734 
0.434286 0.432441 1.031267 -0.523108 -0.343290 -0.176753 -0.677194 -0.058881 0.293630 -0.081902 -0.491877 0.013104 0.620499 -0.236632 -0.017133 -0.133492 -0.107342 0.461861 -0.843069 -0.648566 0.276121 0.199297 0.216264 0.641140 0.222988 -0.220083 -0.228897 0.031755 0.803920 0.066628 -0.541483 -0.021098 -0.016011 0.046631 0.199125 0.393124 0.391046 0.901334 0.381548 0.022648 -0.130826 0.125852 -0.223430 -0.109080 0.227841 0.365913 0.230933 -0.078243 -0.124777 -0.082897 0.489889 -0.219127 
0.487715 0.464722 1.000324 -0.537726 -0.414326 -0.097894 -0.540557 -0.070751 0.388629 0.217495 -0.842820 -0.180893 0.273885 -0.124709 0.324302 -0.010835 -0.372353 0.629829 -0.805789 -0.425264 0.285068 0.340371 -0.084004 0.483029 0.081205 -0.058332 -0.203702 -0.052143 0.718090 0.051478 -0.531894 0.014085 0.131100 -0.113631 0.382712 0.714152 0.400139 0.791268 0.421529 0.045616 0.244800 0.104514 -0.211835 -0.179131 0.036199 0.436188 0.558667 0.047937 -0.387625 -0.311594 0.357147 -0.197094 
0.797072 0.647408 0.806810 -0.309326 -0.148344 0.040405 -0.556081 -0.035579 0.221848 -0.003172 -0.543626 -0.359085 0.070842 -0.200055 0.140127 -0.208509 -0.482018 0.627279 -0.801178 -0.514758 0.161089 0.282669 0.014400 0.176683 0.417664 -0.167320 -0.322338 0.044177 0.818745 0.031100 -0.512209 -0.151840 -0.077373 -0.033227 0.362886 0.600481 0.415904 0.911537 0.245888 0.117175 0.189532 0.215808 -0.221293 -0.252366 0.194337 0.195715 0.455453 -0.291890 -0.682976 -0.259884 0.154793 -0.056246 
0.848510 0.613036 0.986169 -0.379731 -0.065434 -0.065541 -0.532687 -0.334671 0.360133 -0.046074 -0.796452 -0.404074 0.131945 -0.209096 0.136453 -0.353646 -0.469530 0.651501 -0.823294 -0.342371 0.234127 0.238479 0.091604 0.050699 0.094683 -0.253416 -0.146047 0.174520 0.899914 -0.052931 -0.450413 -0.010115 -0.248965 -0.044106 0.440362 0.340916 0.398718 0.849989 0.115447 0.086438 0.193906 0.062416 -0.225268 -0.326790 0.418225 0.010043 0.588548 -0.254595 -0.470483 -0.400971 -0.015367 -0.025050 
0.689739 0.514731 0.966481 -0.327299 0.092468 -0.026455 -0.542095 -0.141179 0.182762 0.116726 -0.617535 -0.385557 -0.030658 -0.114028 0.115458 -0.348374 -0.462088 0.483933 -0.868394 -0.364778 0.408547 0.480560 -0.051934 0.234646 0.412334 -0.140279 -0.012445 0.000593 0.718076 -0.273945 -0.621741 0.240276 -0.223643 0.171696 0.280724 0.484972 0.401565 0.935757 0.191387 -0.075041 0.161459 0.161034 -0.141372 0.007716 0.361411 0.187076 0.812624 -0.134859 -0.243951 -0.440140 0.242904 0.027228 
0.498127 0.381278 0.794565 -0.269667 0.052787 -0.200813 -0.547453 0.015344 0.219832 0.152458 -0.613085 -0.377889 -0.029703 0.161330 -0.110059 -0.175544 -0.366156 0.569362 -0.815732 0.010312 0.162818 0.382290 0.216737 0.303152 0.127308 -0.286408 0.054870 0.034658 0.815994 -0.182576 -0.569977 -0.023456 -0.046592 0.160748 0.401434 0.408825 0.594815 0.937823 0.273057 -0.073553 -0.036634 0.341837 -0.027685 0.154334 0.433602 0.079902 0.778921 -0.229306 -0.306066 -0.358478 0.188060 -0.077398 
0.412092 0.415652 0.897878 -0.292156 0.185002 -0.177582 -0.581163 -0.165820 0.299686 0.430036 -0.733083 -0.366147 0.115643 0.074441 -0.003648 0.065711 -0.253796 0.227243 -0.910308 0.024225 0.264572 0.351756 0.032993 0.208948 0.280290 -0.324242 0.266377 -0.337851 0.701375 0.058870 -0.462764 0.176951 0.130338 0.024007 0.357478 0.183912 0.451951 1.073526 0.351422 0.144072 0.227309 0.258716 -0.057681 0.321509 0.224295 0.041596 0.443996 -0.429102 -0.434039 -0.559640 0.075710 -0.014974 
0.364648 0.573208 0.725858 -0.041346 0.235867 -0.152724 -0.712819 -0.119922 0.289463 0.322360 -0.582471 -0.261216 0.043532 0.086636 -0.063727 -0.145965 -0.315779 0.020227 -0.807535 0.175399 0.239554 0.456730 0.116463 0.142306 0.114430 -0.286564 0.096983 -0.570538 0.432852 -0.180102 -0.245487 0.121793 0.168921 0.038934 0.614408 0.048656 0.582783 0.710294 0.307578 0.059468 0.152053 0.162724 0.014059 0.137127 0.318551 0.116142 0.501074 -0.432869 -0.284964 -0.359512 0.038792 -0.099434 
0.220363 0.670844 0.663745 -0.054863 0.003814 -0.073199 -0.542363 -0.128757 0.195841 0.160775 -0.623383 -0.097163 0.039598 -0.196888 0.076068 0.135585 -0.540823 -0.074850 -0.628179 -0.086888 -0.016975 0.272926 0.050681 -0.109096 0.289119 -0.227796 0.046287 -0.324667 0.589883 -0.309204 -0.374108 0.178807 0.048228 -0.044709 0.743940 0.175265 0.546598 0.404552 0.258585 0.114986 0.097587 -0.027143 0.077802 0.352525 0.274085 0.069946 0.308552 -0.098071 -0.311341 -0.339479 0.210858 0.027980 
0.273344 0.744896 0.521530 0.044744 -0.029901 -0.144624 -0.511124 -0.315049 0.384650 0.263177 -0.968952 -0.017313 -0.132279 0.149781 0.209094 -0.148528 -0.319786 0.065724 -0.761662 -0.184193 0.105828 0.167387 0.091740 -0.092995 0.327678 0.044701 -0.095209 -0.322697 0.297927 -0.161615 -0.411958 0.234202 -0.222033 -0.094027 0.521102 0.131361 0.438413 0.243629 0.154609 -0.111209 0.021996 0.213099 0.079538 0.119299 0.194305 0.130875 0.487083 -0.127872 -0.140811 -0.509662 0.151405 -0.119803 
0.347263 0.547968 0.320758 -0.087442 0.201468 0.037759 -0.501478 -0.172753 0.137848 0.399692 -0.934571 0.164986 0.015164 0.062631 0.147440 -0.200660 -0.472343 -0.371678 -0.517939 0.054743 0.077910 0.286540 0.023884 -0.221119 0.477479 -0.121095 -0.046005 -0.171612 0.149484 -0.129227 -0.105904 0.037850 -0.091372 -0.067565 0.842294 0.145907 0.453047 -0.003260 -0.137397 0.007388 0.076648 0.166292 0.193930 0.166923 0.401810 -0.107258 0.263864 -0.170990 0.016381 -0.593791 -0.309505 -0.114979 
0.205040 0.488309 0.216901 0.052389 0.268578 -0.208673 -0.514405 -0.293741 -0.042936 0.440170 -0.824547 0.252305 -0.054757 -0.030363 -0.037704 0.079076 -0.009164 -0.503280 -0.577077 0.189578 0.037743 0.365874 0.223713 -0.059198 0.331589 -0.020519 0.136918 -0.539559 -0.081054 -0.206647 -0.196839 0.481323 -0.275699 -0.212608 0.510801 0.201972 0.422890 0.075435 0.027831 0.207182 -0.289116 0.177337 0.094741 0.068788 0.598945 0.071353 0.253134 0.042452 -0.037244 -0.570194 -0.105047 -0.118391 
-0.145704 0.282608 -0.058181 -0.101087 0.539435 -0.302198 -0.624352 -0.489490 0.285994 0.479463 -0.912842 -0.082222 -0.158703 0.149293 0.236927 -0.040566 -0.121282 -0.483297 -0.516041 0.139697 0.057201 0.512554 0.250280 -0.195007 0.556469 -0.118882 0.570689 -0.466942 -0.175038 0.062604 0.053092 0.377214 -0.027453 -0.052454 0.710550 0.178131 0.269429 -0.111816 -0.029297 0.071716 -0.300530 0.217790 -0.185078 0.225068 0.688893 -0.168145 0.245352 -0.124013 -0.107567 -0.753208 -0.259937 0.002169 
-0.264903 0.359175 -0.059995 -0.107493 0.647156 -0.228662 -0.728762 -0.377969 0.258273 0.510498 -0.798392 0.271030 -0.052877 0.134025 -0.082071 -0.010918 0.036605 -0.546320 -0.359285 0.463880 -0.075959 0.634668 0.383291 -0.010263 0.376383 -0.114043 0.856990 -0.349399 -0.197845 0.078686 -0.027023 0.335271 -0.076740 0.128932 0.384871 0.342698 0.216089 -0.191783 -0.305765 0.159539 -0.362787 0.134333 -0.181255 0.174658 0.688161 -0.223296 0.396874 -0.135197 0.094642 -0.757989 -0.071363 0.258353 
-0.131924 0.236514 -0.173436 -0.181170 0.756253 -0.138315 -0.610386 -0.269864 0.273074 0.718212 -0.947213 0.107962 -0.305727 0.239986 0.085489 -0.042931 0.090727 -0.498730 -0.432301 0.262897 0.145687 0.618174 0.104363 0.000974 0.115134 -0.140986 0.915669 -0.526412 -0.170597 0.101659 -0.150655 0.547300 -0.025702 0.060388 0.397848 0.210140 0.036612 -0.060191 -0.388520 0.077388 -0.362289 0.135262 -0.082711 0.193611 0.575168 -0.091149 0.297760 0.212325 -0.035803 -0.539430 -0.109981 0.089824 
-0.268992 0.087308 -0.312559 0.105680 0.604052 -0.055291 -0.739819 -0.316682 0.158537 0.628501 -1.040009 0.165101 -0.120104 0.009051 0.113068 0.224005 0.471349 -0.607089 -0.131101 0.172643 -0.019455 0.679090 0.297002 -0.455771 -0.118919 -0.255497 0.808644 -0.453715 -0.374984 -0.102394 0.050570 0.416486 0.044431 -0.150528 0.151999 0.196063 0.278743 0.056694 -0.439039 0.069543 -0.307479 0.206646 -0.200079 0.445886 0.781507 0.118587 0.458011 0.145111 0.272415 -0.599891 -0.313324 0.057821 
-0.625415 0.136199 -0.346611 0.001701 0.594891 -0.033303 -0.556972 -0.294021 0.181838 0.633159 -0.987766 0.114377 -0.202714 0.127241 0.079247 0.420518 0.532474 -0.586199 -0.082857 0.279854 0.053419 0.781515 0.105735 -0.353060 -0.023694 -0.292192 0.719023 -0.390874 -0.187595 -0.072329 0.044258 0.360086 -0.204075 -0.350486 0.135266 -0.007945 0.143158 0.194054 -0.346619 0.125474 -0.408994 0.355908 -0.152679 0.367475 0.872593 0.085699 0.515240 -0.019153 0.279246 -0.411409 -0.251050 -0.198687 
-0.525933 0.184351 -0.379793 0.027357 0.573759 0.153370 -0.440707 -0.532157 0.006189 0.715211 -0.801372 0.215645 -0.099012 -0.009463 0.175218 0.495081 0.602508 -0.460753 -0.217924 0.397980 0.245581 0.921450 0.227586 -0.255694 0.074358 -0.366654 0.682854 -0.373384 -0.017642 -0.160446 0.192395 0.406903 -0.039675 -0.436037 0.097059 0.168273 0.032331 0.206211 -0.368382 0.129036 -0.393556 0.328031 -0.163637 0.360047 0.959956 0.087136 0.279097 0.073939 0.320012 -0.200510 -0.418953 -0.108080 
-0.293535 0.199274 -0.390150 0.237710 0.919581 0.118947 -0.697561 -0.412590 0.163657 0.669827 -0.823808 0.021262 -0.124532 0.170405 0.307281 0.432648 0.444632 -0.418821 -0.109450 0.134007 0.232334 0.604117 0.241220 -0.337791 -0.097836 -0.572323 0.816987 -0.296350 -0.255143 0.066098 0.293089 0.386123 0.023017 -0.359632 0.007167 0.001922 -0.000487 0.158625 -0.207084 0.160771 -0.599950 0.191185 -0.099283 0.154699 0.649202 0.138834 0.492894 -0.006400 0.314301 -0.264050 -0.122112 -0.079919 
-0.280180 0.253543 -0.596663 0.084835 0.772500 0.070634 -0.527160 -0.464759 0.046862 0.673171 -0.760913 0.210521 -0.156727 0.191553 0.184109 0.195462 0.649429 -0.396135 0.035275 0.112383 0.235538 0.826858 0.404082 -0.163610 -0.104370 -0.658449 0.811567 -0.143992 -0.217923 0.089778 0.239355 0.235967 -0.065031 -0.379718 -0.068856 0.177299 0.042562 0.154254 -0.339454 -0.076822 -0.541565 0.497016 -0.260259 0.204088 0.651573 0.170733 0.496088 0.054667 -0.140699 -0.471648 -0.090889 -0.172237 
0.033673 0.373235 -0.644397 0.250873 0.755633 -0.064046 -0.511361 -0.342666 0.097435 0.600926 -0.545789 0.177920 -0.089441 0.120334 0.203599 -0.047471 0.466141 -0.337411 0.177305 0.109062 0.258746 0.642038 0.234245 -0.132441 -0.030405 -0.301175 0.616462 0.244093 -0.138141 0.208599 0.265802 0.568259 -0.028741 -0.430314 0.010584 0.332883 -0.046326 -0.454516 -0.190947 -0.212341 -0.366738 0.478678 -0.266915 -0.002235 0.390256 -0.170919 0.437576 -0.417082 -0.172344 -0.265268 -0.148358 -0.167747 
0.253482 0.262851 -0.701753 0.360764 0.686888 -0.148483 -0.515776 -0.206450 0.122002 0.080606 -0.426134 0.025346 -0.082085 0.102771 0.012657 -0.084329 0.495763 -0.455330 0.365474 0.052557 0.333275 0.628519 0.323753 -0.424280 0.133955 -0.321674 0.645856 0.425234 -0.201627 0.008323 0.467057 0.987857 -0.422774 -0.448573 -0.022233 0.105132 -0.018944 -0.451405 -0.173370 -0.428178 -0.295961 0.467252 -0.498757 -0.210484 0.138624 -0.074435 0.289682 -0.547591 -0.205055 0.120090 -0.310926 -0.068192 
0.478368 0.556969 -0.752580 0.106298 0.554541 -0.163167 -0.465637 -0.016153 0.223682 0.102389 -0.628267 0.215907 -0.055505 0.184245 -0.116474 -0.428651 0.423293 -0.297381 0.185814 0.131137 0.060907 0.723348 0.579732 -0.201568 0.056320 -0.445779 0.668611 0.230696 -0.120946 0.142183 0.267503 0.706844 -0.463960 -0.300113 -0.185998 -0.007883 -0.040976 -0.679651 -0.269419 -0.500160 -0.099138 0.362605 -0.346828 -0.080090 0.183975 -0.087533 0.391395 -0.802510 -0.383876 0.232854 -0.264293 -0.024423 
0.439959 0.504304 -0.626092 0.186097 0.384932 -0.038401 -0.500458 0.231298 0.375626 0.050748 -0.747975 0.002804 0.134178 -0.022663 -0.115439 -0.360350 0.562092 -0.354718 -0.058650 0.328916 0.178969 0.434240 0.451026 -0.264573 0.195905 -0.332955 0.958478 0.387995 -0.191888 -0.039278 0.212607 0.528506 -0.538314 -0.127005 0.156294 -0.039862 -0.246349 -0.867033 -0.333105 -0.587625 -0.082445 0.379241 -0.469220 -0.065790 0.282809 -0.192361 0.285794 -0.455753 -0.201320 0.327281 -0.242570 -0.013054 
0.221457 0.682673 -0.432627 0.059185 0.311067 -0.047485 -0.219837 0.177917 0.276967 0.412320 -0.583577 0.163519 -0.053815 -0.031525 -0.313740 0.031474 0.373239 -0.347311 -0.260475 0.361528 0.051092 0.326731 0.161614 -0.148072 0.034964 0.028684 0.987885 0.380997 -0.154631 0.034894 0.181161 0.216854 -0.482533 -0.213093 0.335119 0.053430 -0.093231 -0.493330 -0.261570 -0.588054 -0.268767 0.347751 -0.359336 -0.159956 0.296820 -0.223024 0.334723 -0.497428 0.010856 0.398752 0.159097 -0.105181 
0.062744 0.627102 -0.607857 0.008154 -0.032823 -0.109044 -0.191783 0.102381 0.185545 0.564609 -0.534651 -0.090186 -0.104046 -0.001328 -0.202843 -0.053551 0.469702 -0.380318 -0.204899 0.631086 0.012968 0.251528 -0.068790 0.098276 0.190418 0.160612 1.259566 0.377380 0.072456 -0.163768 0.045228 0.302790 -0.525898 -0.133002 0.133414 -0.122134 -0.309510 -0.781677 -0.262242 -0.538164 -0.096805 0.223175 -0.432455 -0.016633 0.183268 -0.516577 0.221365 -0.272300 0.292188 0.253794 -0.038538 0.071377 
0.066910 0.439921 -0.399535 -0.175731 0.028208 -0.093457 0.162124 0.359007 0.245167 0.457866 -0.522963 -0.082850 0.009514 -0.266136 -0.180115 -0.038378 0.336614 -0.256195 -0.302749 0.761138 0.158763 0.251873 -0.280253 -0.033470 0.073272 0.002009 1.162676 0.624394 -0.035849 -0.123760 0.195053 0.197062 -0.465343 -0.181632 0.301135 -0.068132 -0.200694 -0.616830 -0.106451 -0.278331 0.009223 0.057854 -0.217274 -0.283647 0.071332 -0.423879 0.012502 -0.051501 0.117206 0.208112 0.055497 0.012582 
0.165205 0.748609 -0.285826 -0.277840 0.224463 -0.140016 0.212331 0.285508 0.174237 0.275960 -0.459532 -0.175682 -0.176310 -0.196151 -0.115550 0.056833 -0.012787 -0.354330 0.028904 0.652727 -0.061813 0.107393 -0.143961 0.040464 0.278291 -0.021582 0.809078 0.458410 -0.154186 -0.232629 0.199137 0.489238 -0.632989 -0.244309 0.431226 -0.341885 -0.276175 -0.627726 -0.049024 -0.282994 -0.047101 0.134308 0.114908 -0.121558 -0.036182 -0.628879 0.088271 -0.304149 0.117454 0.156223 0.055205 0.135803 
0.041293 0.567883 -0.354324 -0.291494 0.290268 -0.016018 0.175305 0.228081 -0.047930 0.302739 -0.565090 -0.085870 -0.459817 -0.000199 -0.217286 0.170238 0.158444 -0.296241 -0.060392 0.812375 0.109231 0.061840 -0.126930 0.238557 0.386046 -0.172148 0.459228 0.377448 -0.071473 -0.431011 0.178679 0.916957 -0.314231 -0.024966 0.439492 -0.478209 -0.456233 -0.443961 -0.294159 -0.184392 -0.156740 0.087399 0.282068 -0.464389 -0.116904 -0.820827 0.164241 -0.008339 0.203309 0.277932 0.260313 0.043764 
-0.058176 0.223470 -0.128348 -0.038228 0.018980 -0.187848 0.258976 0.220569 -0.014161 0.295822 -0.384083 -0.206728 -0.541021 0.040642 -0.364533 0.263946 -0.240767 -0.245151 0.015082 0.689103 -0.053693 0.091306 -0.517945 0.303526 0.319774 -0.227766 0.002575 0.421536 -0.224564 -0.252554 0.096994 0.926270 0.063515 -0.216850 0.590924 -0.551845 -0.366656 -0.182862 -0.130849 -0.068892 -0.005579 0.307630 0.207377 -0.448707 -0.366989 -0.951633 -0.064698 0.223710 0.091860 0.164794 0.190401 0.091845 
-0.089697 0.251584 0.112957 0.193770 0.323610 -0.146437 0.153277 0.205099 -0.091686 0.283496 -0.277923 -0.012612 -0.744129 0.243726 -0.408766 0.020566 -0.205733 0.158720 0.072361 0.687783 0.046855 -0.022995 -0.527609 0.120927 0.036132 -0.152432 -0.278548 0.115934 -0.458735 -0.275152 0.376572 0.888270 0.238143 -0.366179 0.379146 -0.619086 -0.375931 -0.108775 -0.356700 -0.068195 -0.035789 0.340138 0.227540 -0.487641 -0.500647 -0.716226 -0.282982 0.171478 0.163426 -0.088180 0.157398 0.185266 
-0.223084 0.208500 0.033817 0.916860 0.389586 -0.121669 -0.051591 -0.266289 -0.261656 -0.015260 -0.369683 -0.265957 -0.922788 0.350749 -0.315807 -0.071347 -0.506022 0.101776 0.189480 0.708568 0.210247 -0.043585 -0.526490 -0.142245 -0.056366 -0.394320 -0.082108 0.024523 -0.390533 -0.241070 0.468817 1.003781 0.384484 -0.210324 0.062098 -0.665814 -0.399618 -0.060075 -0.213311 0.232816 0.001074 0.248710 0.085458 -0.409941 -0.371810 -0.323682 -0.100634 0.118244 -0.334295 -0.071139 0.139739 0.340491 
-0.070423 0.356361 -0.051237 1.012746 0.379886 0.230664 0.241980 -0.378785 -0.573512 -0.317443 -0.135052 0.047315 -0.834568 0.373262 -0.385349 -0.068813 -0.726519 0.268587 0.270461 0.846676 0.115984 -0.263348 -0.388539 -0.547550 0.006726 -0.180146 -0.224121 0.215058 -0.468862 -0.312692 0.353344 0.969512 0.243153 -0.289662 0.001660 -0.744078 -0.364288 -0.034946 -0.301481 0.286516 0.045539 0.442069 0.174507 -0.433668 -0.568979 -0.184820 -0.295536 -0.150411 -0.258276 0.173333 0.193676 0.115881 
-0.381791 0.284102 -0.054296 1.075208 0.416529 0.343072 -0.079794 -0.882665 -0.505470 -0.321054 0.128697 0.189180 -1.017485 0.447337 -0.223493 -0.094644 -0.651422 0.319896 0.668580 0.717222 0.061300 -0.311075 -0.200307 -0.783820 0.006684 -0.099016 0.111453 -0.016956 -0.532827 -0.324813 0.210492 1.019800 0.323585 -0.269450 -0.123786 -0.704132 -0.112911 -0.235802 -0.307110 0.467269 0.240642 0.561175 0.103688 -0.496034 -0.460548 -0.099775 -0.344536 -0.074989 -0.024840 0.172210 0.580408 0.090637 
-0.138729 0.080352 -0.115896 0.910852 0.380909 0.558893 -0.193211 -1.032391 -0.491269 -0.639666 0.046675 0.348540 -1.065454 0.453453 0.089081 -0.120136 -1.012299 0.317223 0.627535 0.984449 -0.016473 -0.401486 -0.201286 -0.813331 0.071985 0.017421 0.201869 0.029799 -0.468397 -0.367800 0.389118 0.618189 -0.070464 0.015427 -0.298932 -0.525081 0.038387 -0.222362 -0.188455 0.511741 0.557981 0.611154 0.545779 -0.180212 -0.313306 0.027164 -0.475994 -0.120914 0.406770 0.133590 0.933296 0.276558 
-0.043953 0.171678 0.002067 0.944065 0.056676 0.401537 -0.185605 -1.011774 -0.633423 -0.563112 0.126070 0.550678 -1.223652 0.518091 -0.065228 -0.329232 -1.162512 0.530211 0.620495 1.074905 -0.088619 -0.460318 0.085804 -0.487211 0.245680 0.360796 0.137171 -0.029431 -0.551726 -0.678810 0.056387 0.185824 -0.126302 0.255390 -0.614547 -0.760855 0.258537 -0.226143 -0.091400 0.392911 0.800587 0.654436 0.437973 -0.066930 -0.425861 -0.071085 -0.681581 -0.019867 0.277498 0.148931 1.071086 0.312888 
0.051574 -0.316320 0.106597 0.930572 0.196564 0.348485 -0.249113 -0.536298 -0.394564 -0.489447 0.105824 0.528789 -1.239489 0.580066 -0.209831 -0.413379 -1.035066 0.350123 0.455720 1.149605 -0.007313 -0.487970 -0.025962 -0.511625 0.644667 0.327392 -0.060472 -0.020119 -0.518409 -0.388581 -0.183515 0.266452 -0.252965 0.227565 -0.657698 -0.208050 0.113320 -0.366491 -0.271745 0.491462 0.909285 0.559297 0.315114 0.000925 -0.299320 0.008431 -0.649369 -0.086497 0.407460 0.023621 1.079043 0.336290 
0.319768 -0.468159 0.083521 0.971198 0.209897 0.398371 -0.226335 -0.143659 -0.095508 -0.344151 0.403146 0.266960 -1.301362 0.472250 -0.110411 -0.168323 -0.872492 -0.058508 0.416876 1.413483 0.085062 -0.635817 0.072764 -0.221609 0.921007 0.259574 0.119902 0.164811 -0.363417 -0.436886 -0.080331 0.286728 -0.207422 0.267590 -0.687853 -0.186582 -0.140280 -0.403273 -0.459387 0.584474 0.975528 0.485201 0.104953 0.248212 -0.228274 -0.072839 -0.654553 -0.197483 0.069234 0.143258 0.970925 0.466667 
0.267151 -0.621960 0.326071 0.952001 0.092286 -0.017511 0.036337 0.320588 0.096828 -0.359155 0.323073 0.149332 -0.929267 0.182565 -0.035684 -0.049408 -0.370511 -0.222183 0.169795 1.402764 -0.073049 -0.748638 0.288529 -0.161923 0.868730 -0.146654 0.394516 0.130977 -0.187390 -0.282184 -0.152929 0.292180 0.351339 0.278118 -0.706634 0.167045 -0.196432 -0.615549 -0.481839 0.445935 0.794133 0.335513 -0.059411 -0.019909 0.014565 0.052700 -0.646406 0.044998 -0.093360 0.252430 1.066750 0.401284 
0.173536 -0.782924 -0.009097 0.556403 -0.122342 -0.234613 0.175071 0.608541 0.287264 -0.097486 0.214981 -0.045962 -1.000265 0.017060 -0.076830 0.077150 0.120300 -0.741350 0.324769 1.151045 0.019961 -0.630426 0.319082 -0.333885 0.497089 0.018731 0.498920 0.175449 -0.281987 -0.058219 -0.501478 0.148885 0.408764 0.495989 -0.950358 0.049323 -0.467408 -0.601489 -0.857527 0.804578 0.475975 0.156857 -0.016309 0.304851 -0.170103 0.056337 -0.739691 0.302069 0.033837 0.613306 0.937939 0.357323 
0.453574 -0.793662 -0.055536 0.221339 -0.050159 -0.036368 0.314169 0.583220 0.295245 -0.011268 -0.071347 -0.176647 -0.370817 -0.338758 -0.539279 0.194545 0.288489 -0.697006 0.278919 0.977257 -0.394860 -0.676612 0.412698 -0.073523 0.135818 -0.252859 0.410825 -0.138951 0.026322 -0.189869 -0.407934 0.143348 0.819296 0.422607 -1.015196 -0.121638 -0.610217 -0.418867 -1.380053 0.720206 0.386509 -0.182992 0.213884 0.677349 0.159635 0.061935 -0.641076 0.397014 -0.088296 0.491939 1.197967 -0.037081 
0.440485 -0.493900 -0.385153 0.087212 0.149015 -0.233859 0.416638 0.749050 0.148491 0.424264 -0.242680 -0.469800 0.186276 -0.121038 -0.672495 0.268691 0.403705 -0.760298 0.441949 0.619191 -0.807283 -0.972371 0.300534 -0.046650 -0.052024 -0.200239 0.333201 -0.037903 -0.097695 -0.023472 -0.520107 -0.061194 1.051852 0.174914 -1.092398 -0.344137 -0.720180 -0.538760 -1.598767 0.942495 -0.143636 -0.212017 -0.146379 0.826564 0.184098 -0.013874 -0.870216 0.141394 -0.123521 0.683086 0.927852 -0.119163 
0.586805 -0.071450 -0.625761 0.279177 0.006484 0.039565 0.261986 0.372768 0.087227 0.087402 -0.102969 -0.689613 0.307859 -0.014129 -0.623965 0.298527 0.384528 -0.858519 0.416371 0.206482 -0.941093 -0.852149 0.399947 -0.243152 -0.611741 -0.090778 -0.099817 -0.263864 -0.117034 -0.115270 -0.430212 -0.097945 0.971755 -0.285678 -1.104020 -0.379769 -0.466647 -0.380947 -1.425883 1.192118 -0.525400 -0.361199 -0.077335 0.854312 0.318591 0.180877 -0.922672 -0.353833 -0.480247 0.459397 0.649582 -0.513341 
0.708802 0.525558 -0.236727 0.051346 -0.022454 0.337242 0.199399 0.062795 0.248601 0.110201 -0.071512 -0.808771 0.180573 0.201805 -0.391886 0.504144 0.231531 -0.459222 0.564310 -0.417845 -0.963134 -0.468006 0.467106 -0.202890 -0.748959 0.005186 -0.386164 -0.303178 -0.085261 -0.130894 -0.231657 0.089306 1.111093 -0.760223 -1.107828 -0.102372 -0.203581 -0.636646 -1.236947 1.344480 -1.148929 -0.193660 -0.272928 0.666483 0.321613 0.346204 -0.942232 -0.732976 -0.286841 0.147184 0.359818 -0.755240 
0.340992 0.524735 -0.234213 -0.280878 -0.218548 0.450998 0.009490 -0.215906 0.390176 -0.148306 -0.235101 -0.922943 -0.343708 0.373116 -0.325805 0.833016 0.301292 0.010437 0.619094 -0.487408 -0.525577 -0.135007 -0.014990 -0.136867 -1.076953 -0.003861 -0.638468 -0.182463 0.165513 -0.203066 -0.360340 0.376672 0.665520 -0.824972 -0.899803 0.101430 0.281406 -0.494423 -0.755336 1.051687 -1.254094 -0.121245 -0.050005 0.436185 0.538146 -0.064040 -1.146327 -0.713520 -0.180631 0.379476 0.233267 -0.795153 
0.015656 -0.068762 -0.126576 -0.581988 -0.193482 0.427721 -0.061626 -0.359587 0.803527 -0.052383 -0.225467 -0.772693 -0.692144 0.651592 -0.682198 0.598430 0.338074 0.256318 0.324158 -0.566991 -0.364193 -0.022056 -0.367837 0.294911 -1.348293 -0.225427 -0.521828 -0.093337 0.070263 -0.154804 0.001891 0.396450 0.161289 -0.811903 -0.229980 0.196330 0.443058 -0.403560 -0.187596 0.280013 -1.172270 0.250980 0.351402 0.346805 0.195691 -0.258654 -1.243892 -0.514968 0.215917 0.274731 0.003565 -0.684207 
-0.451933 -0.473756 -0.130316 -1.007268 0.009382 -0.298106 0.085055 -0.161576 0.720339 0.343278 0.051307 -0.657763 -0.381099 0.556581 -0.914267 0.475317 0.397783 0.273556 0.087195 -0.663825 -0.162356 0.237324 -0.538726 0.439495 -1.198260 -0.159811 -0.414118 0.022402 -0.218025 -0.054482 0.148133 0.405853 -0.299581 -0.424731 0.428405 0.232890 0.424168 -0.249805 0.340336 -0.186365 -0.715277 0.601136 0.379210 0.515486 0.409436 -0.683269 -1.176374 0.040997 0.541471 0.625987 0.203039 -0.164390 
-0.668956 -0.503585 -0.025924 -0.775391 0.017701 -0.684165 0.126958 -0.250737 0.383108 0.395206 0.162639 -0.253519 -0.186899 0.237724 -0.843496 0.307476 0.299223 0.629313 -0.187244 -0.308311 -0.148982 0.201340 -0.741099 0.460465 -0.637923 -0.082676 -0.099045 0.001424 0.191868 0.212815 0.338658 0.441119 -0.739277 0.069304 0.385879 0.215323 0.440764 -0.329018 0.582154 -0.653041 -0.447655 0.673572 0.214075 0.401378 0.372395 -0.715964 -0.821589 0.103505 0.154409 0.325701 -0.059237 0.198548 
-0.806578 -0.687909 0.089922 -0.629019 0.245570 -0.363110 0.452053 -0.044244 -0.248704 -0.114313 0.031315 -0.091160 -0.371603 0.017518 -0.410761 0.119184 0.564733 0.379937 -0.285604 -0.291217 -0.305437 0.239774 -0.580454 0.553396 -0.191243 -0.001922 -0.184456 0.173752 0.098804 0.392406 0.465734 0.388465 -0.822522 0.132613 0.415427 0.260924 0.268558 -0.562818 0.404996 -0.917414 0.124961 0.478844 0.104177 0.130527 0.402873 -0.290561 -0.353926 -0.232834 -0.214571 0.228757 -0.267322 0.138383 
-0.300974 -0.153435 -0.099244 -0.217638 0.212225 0.130745 0.282956 0.190897 -0.451781 -0.313485 0.132671 0.125909 0.004853 0.140523 -0.223523 0.191363 0.633462 0.218892 -0.138552 -0.198567 0.003828 0.121649 -0.348335 0.253867 0.090073 0.360237 0.201003 0.372415 0.050016 1.206857 0.421471 0.053000 -0.444179 -0.021222 -0.035485 0.401321 0.163797 -0.614209 0.476779 -0.694402 0.411329 0.127100 0.238026 0.142198 0.325920 0.148253 -0.079180 -0.686633 -0.202893 0.163045 -0.201390 0.314296 
-0.249546 0.146103 -0.098673 0.458980 0.199477 0.177395 0.119586 0.635866 -1.040727 -0.288086 0.252247 0.143202 0.201244 0.450543 0.171324 0.184832 0.792303 -0.052452 -0.039486 -0.293286 0.375180 0.600533 0.514447 -0.175851 0.571133 0.250771 -0.296418 -0.027259 0.385135 1.261181 0.337861 -0.166095 -0.085278 0.279495 -0.390570 0.541869 0.064120 -0.900240 0.095059 -0.738119 0.260463 0.075706 0.535337 0.065764 -0.202231 0.520436 0.156670 -0.910634 -0.246678 0.063367 -0.388900 0.611598 
-0.309716 0.480357 0.007356 0.604797 -0.003497 0.122145 -0.089098 0.380887 -1.240531 -0.314109 0.153413 0.253073 0.459014 0.446609 0.437929 -0.251455 0.670538 -0.278775 0.022488 -0.305986 0.640006 0.565562 0.741620 -0.688380 0.824741 0.298985 -0.256058 -0.131086 0.270028 1.274923 0.458792 -0.233680 0.324626 0.199324 -0.524632 0.269098 0.314178 -0.507554 0.196620 -1.216359 0.301266 -0.023672 0.402089 -0.152668 -0.441763 0.547681 0.088478 -0.594349 -0.135879 0.088489 -0.621689 0.369666 
-0.195616 0.071945 0.053828 0.197756 -0.327735 -0.213922 0.111570 0.222640 -1.542414 0.329779 0.141700 0.548485 0.384184 0.308442 0.325493 -0.706082 0.494285 -0.599981 -0.022518 0.443417 0.633779 0.383688 -0.069316 -0.665920 0.692200 0.645695 0.214063 -0.009112 0.147152 1.194664 0.425540 -0.680930 0.176326 -0.032779 -0.533160 -0.117688 0.329835 -0.223493 -0.157751 -1.600572 0.718041 0.025553 0.561324 -0.383414 -0.572130 0.227937 0.317413 0.348126 0.344145 -0.359363 -0.357591 0.495761 
-0.142456 -0.407598 0.078295 -0.234100 -0.104952 -0.085811 0.158888 -0.306942 -1.469563 0.490118 0.089850 0.864829 0.298883 0.071820 0.219918 -0.418298 0.326414 -0.548843 0.131879 0.205183 0.655942 0.268132 -0.684617 -0.599075 0.722692 0.936310 0.697849 -0.153294 -0.451672 0.980387 0.032288 -0.649746 0.130345 -0.199192 -0.227670 -0.343452 0.096071 0.189245 -0.355674 -1.758737 0.796441 0.069235 0.561523 -0.283641 -0.242294 -0.082801 -0.107311 0.798072 0.533481 -0.233668 -0.188139 0.326548 
0.029871 -0.213470 0.431437 -0.424517 0.003845 -0.025656 -0.143233 -0.344547 -1.539753 0.029427 0.141389 1.016908 0.294959 -0.189989 0.455943 -0.052938 -0.119857 -0.294881 0.216308 -0.356650 0.761956 -0.417394 -0.486681 -0.356061 0.479126 0.596100 0.881364 -0.136824 -0.553503 1.011292 -0.395744 -0.555196 0.251941 -0.062613 -0.143139 -0.608576 0.390790 0.426599 -0.402724 -1.732589 0.634727 -0.196834 0.534001 0.108643 -0.071018 -0.232950 -0.116072 0.407070 0.487809 -0.325595 0.151376 0.049841 
0.214187 -0.112386 0.389435 -0.556793 0.195084 -0.006685 -0.091466 -0.690323 -1.549630 -0.087840 0.035563 1.168000 0.061844 -0.357992 0.132834 0.501696 -0.293636 0.082262 0.007952 -0.953366 0.515513 -0.529473 -0.214112 -0.295260 0.274309 0.455123 0.850682 -0.132293 -0.566538 0.564699 -0.384616 -0.361918 0.445937 0.229809 -0.183365 -0.389746 0.457940 0.312951 -0.033706 -1.217342 0.250703 -0.439586 0.096293 0.354906 0.024819 -0.379358 -0.273296 -0.156100 0.466055 -0.235189 0.318991 -0.204494 
0.582747 0.068161 0.233647 -0.432908 0.229094 0.242924 -0.032997 -0.443522 -1.224420 -0.044075 -0.051071 1.053821 0.385091 -0.426116 -0.078391 0.413482 -0.175472 0.345030 -0.118514 -0.714172 0.266287 -0.545588 -0.057467 -0.233855 0.290891 0.397462 0.843878 -0.160770 -0.607453 0.404820 -0.400692 -0.107737 0.261059 0.106241 -0.224770 -0.127612 0.361953 0.010727 0.296742 -0.627802 0.125075 -0.405218 0.051437 0.522323 0.388859 -0.461854 -0.077367 -0.510013 0.488121 -0.298521 0.057098 -0.529661 
0.460257 0.422588 0.195365 -0.315095 0.109565 0.026355 -0.267699 -0.398639 -1.207874 0.573544 -0.276719 0.973068 0.342887 -0.084480 -0.536370 0.267543 -0.058807 0.575297 0.073128 0.012185 -0.094240 0.086932 -0.390482 -0.004010 0.082765 -0.040626 0.778673 -0.108193 -0.589118 0.255380 -0.343694 0.186927 0.240995 -0.013485 -0.181146 0.301735 0.223011 -0.405282 0.444797 -0.150555 0.035773 -0.374689 0.423576 0.246725 0.222860 -0.019270 0.297678 -0.219658 0.538238 -0.218638 -0.018127 -0.696399 
-0.461355 0.271866 -0.014459 0.125474 0.122356 0.081647 -0.163437 -0.207941 -0.876407 0.728923 0.047949 1.204029 0.063999 -0.239168 -0.479855 0.033831 0.181137 0.759777 0.502468 0.241069 -0.092830 0.425751 -0.581538 -0.026340 -0.027603 -0.424600 0.663034 -0.075418 -0.095908 0.238055 0.015914 0.284594 0.032210 -0.052980 -0.023927 0.981816 0.090657 -0.652344 0.592469 0.255218 -0.026554 -0.160805 0.263576 -0.511062 0.487581 -0.165421 0.454381 0.082429 0.352239 -0.307436 -0.200930 -0.388453 
-0.954411 0.373585 -0.138597 0.234208 -0.022245 -0.010493 0.097546 0.509905 -0.468280 -0.033420 -0.018409 1.064166 0.006267 0.189149 -0.458035 -0.138469 -0.264706 0.200384 0.405242 0.183459 -0.822668 0.501354 -0.392041 0.045465 -0.177160 -0.209169 0.462214 -0.005347 0.043201 0.295464 0.227200 0.473028 -0.136757 0.030640 0.127087 1.097076 -0.535869 -0.723149 0.434927 0.681211 -0.282722 0.465817 0.311673 -0.389719 0.395377 -0.159967 0.337695 -0.219535 0.182994 0.059688 -0.593031 -0.195139 
-0.860565 0.103168 -0.041699 0.543718 0.033631 -0.023939 0.557504 1.037524 -0.071848 -0.964836 0.161022 0.391093 0.021057 0.541088 -0.566276 0.016367 -0.580559 -0.540404 -0.092012 -0.117699 -1.346339 0.268887 -0.452384 0.187490 -0.496251 0.584801 -0.157597 -0.336621 0.206343 0.261441 0.394531 0.451583 -0.035344 0.223798 0.152364 0.457352 -0.984665 0.033821 0.159564 0.816215 0.081265 0.719854 -0.065844 -0.317301 0.087132 0.123276 0.438075 -0.337333 -0.036201 0.513944 -0.320957 0.176130 
-1.115388 -0.495658 0.222112 0.595413 -0.405019 -0.111636 0.631367 1.053543 -0.071873 -0.929827 0.006718 -0.252821 -0.096434 0.674756 -0.412466 0.015649 -0.465914 -1.060067 -0.244451 -0.214611 -0.799469 0.457584 -0.371811 0.170013 -0.733943 0.822009 -0.114284 -0.568141 0.201642 -0.047598 0.414178 0.235119 -0.074572 0.232392 -0.081870 -0.408909 -1.484025 0.670236 0.326150 0.348255 0.461572 0.584834 0.082894 0.141973 -0.101807 0.305226 0.969507 -0.087528 0.145246 0.702646 -0.100044 0.466397 
-0.641620 -0.292552 0.304989 0.145666 -0.459835 -0.467747 0.485323 1.191716 0.172101 -0.836744 -0.004678 -0.777422 -0.045567 0.417881 -0.159201 0.292568 -0.410344 -0.945734 -0.566933 -0.569355 -0.376520 0.421302 -0.558395 0.291995 -0.483750 0.903131 -0.032243 -0.375902 0.343636 -0.495256 0.177282 -0.008981 0.484614 0.102539 -0.209852 -0.770491 -1.338427 0.674418 0.318562 -0.088071 0.587567 0.351668 0.167136 0.154595 -0.530286 -0.037118 1.185321 -0.193711 0.109292 0.641219 0.146723 0.782246 
-0.056596 0.064778 0.229195 0.015662 -0.525393 -0.823224 0.213536 0.851617 -0.062246 -0.876077 0.427972 -1.053388 0.240542 0.163571 0.288368 0.950871 -0.119449 -0.401560 -0.571073 -0.372555 -0.057365 -0.052503 -0.367371 0.279153 -0.140753 0.848747 -0.197567 -0.016391 0.035187 -0.782029 -0.191760 -0.277938 0.649341 -0.380666 -0.335099 -0.641081 -1.065808 0.260339 0.221376 -0.268229 0.426644 -0.049928 0.436095 0.196050 -0.540453 -0.055510 1.210967 -0.363273 0.081766 0.692525 0.022308 0.560970 
0.579272 0.344331 0.455641 0.072854 -0.219064 -0.930239 -0.173824 0.881393 0.060784 -0.709908 0.167867 -0.591754 0.193035 0.031600 0.308354 0.799492 0.238865 0.026666 -0.518510 -0.600817 0.165967 -0.308458 -0.191035 0.237105 0.520821 0.294039 -0.067403 0.158891 0.236897 -0.646773 -0.100829 -0.407398 0.726425 -0.547265 -0.467899 -0.386278 -0.845066 0.002021 0.161864 -0.179612 0.183307 -0.418486 0.447165 0.024392 -0.558577 -0.324045 0.817133 -0.444736 -0.058000 0.666359 0.313962 0.435025 
0.519663 0.128131 0.568549 -0.128653 -0.067361 -0.652364 -0.450177 0.413824 -0.194204 -0.598323 0.323518 -0.539482 0.275877 -0.294058 0.677369 0.604781 0.431856 0.500645 -0.181847 -0.427526 0.653980 -0.410210 -0.162833 -0.196129 0.777479 0.039859 0.454260 0.185558 0.166106 -0.535219 0.023684 -0.525627 0.710011 -0.874806 -0.465404 -0.338204 -0.398020 -0.348675 0.044909 0.015147 -0.173378 -0.602373 0.354101 0.177725 -0.380122 -0.490994 0.812667 -0.484878 0.033391 0.474505 0.212438 -0.220336 
0.349898 0.217525 0.589173 -0.081156 -0.119671 -0.361899 -0.109662 0.064591 -0.434400 -0.316980 0.179400 -0.455993 0.508419 -0.357117 0.614311 0.265292 0.742023 0.765082 -0.004305 -0.509827 0.908386 -0.419100 -0.398263 -0.213689 0.800729 -0.030896 0.414066 0.094502 0.045916 -0.485031 -0.150477 -0.467648 0.955613 -0.946129 -0.594332 -0.407808 -0.334570 -0.489399 -0.115050 0.218751 -0.014993 -0.824231 0.148291 0.119290 -0.014055 -0.190006 0.576970 -0.591192 0.242703 0.662703 0.058932 -0.675644 
0.334588 0.201549 0.294574 -0.139604 -0.169953 0.032130 0.059791 -0.104012 -0.432720 0.245891 -0.042942 -0.448575 0.949640 -0.403360 0.680270 0.173162 0.918339 0.957168 0.246235 -0.719090 0.867416 -0.335262 -0.295475 -0.298697 0.864261 0.093113 0.487323 0.000324 -0.189746 -0.335623 0.148281 -0.527110 0.981719 -1.288126 -0.559771 -0.160823 -0.121745 -0.739699 -0.207690 0.447419 -0.007845 -0.989317 -0.044426 0.015536 0.305374 -0.174735 0.710538 -0.320202 0.225037 0.107980 0.021164 -0.934149 
0.029867 0.043723 0.128397 0.262462 -0.135163 -0.029706 0.256175 -0.341550 -0.263955 0.357278 0.242403 -0.400686 0.987021 -0.822932 0.331934 0.065075 0.839921 0.559836 0.295896 -0.488303 0.906754 -0.021045 0.121485 -0.181543 0.909954 0.134954 0.701932 -0.246109 -0.096789 -0.362260 0.130422 -0.042848 0.747401 -1.369645 -0.242745 -0.105023 -0.142733 -0.775814 -0.456895 0.530562 -0.160601 -1.218916 -0.541809 0.066263 0.402170 -0.170566 0.219378 -0.286936 0.056448 0.154238 -0.198801 -1.135839 
-0.417485 -0.214069 -0.052823 0.455672 -0.119906 -0.045400 0.682985 -0.223366 -0.097977 0.860060 0.271810 -0.418038 1.156886 -0.910890 0.285746 0.247515 0.639421 0.405631 0.230411 -0.346122 0.468753 -0.060024 0.135050 0.001203 0.572178 0.104012 0.634544 -0.155046 -0.200090 -0.079041 0.206639 -0.263247 0.694456 -0.885167 -0.101357 0.090560 -0.365852 -0.464958 -0.511450 0.345562 0.182772 -1.021204 -0.605022 0.088403 0.454244 -0.375530 0.183416 -0.181227 0.164820 0.157011 0.000075 -1.224891 
-0.616802 -0.282043 0.016034 0.663055 -0.165030 -0.257243 0.245452 -0.296196 -0.198534 1.036731 0.182833 -0.142553 1.203797 -1.003770 0.084630 0.207532 0.513443 0.085428 0.244586 -0.204268 0.282747 0.283952 0.281251 0.093504 0.517012 -0.100846 0.374614 -0.544279 -0.061974 -0.284319 0.475386 -0.164762 0.799290 -0.432468 0.106138 0.051822 -0.220022 -0.171178 -0.209985 0.452608 0.030598 -0.490402 -0.426499 0.183278 0.450913 -0.393447 0.077438 -0.056924 0.180738 0.154437 -0.105227 -1.076735 
-0.861804 -0.676760 0.065659 0.681491 0.033529 -0.498876 0.152372 -0.551833 -0.346063 0.830156 -0.023858 0.016923 1.331398 -0.779997 -0.064394 0.089723 0.314565 -0.306310 0.230400 -0.162579 0.050451 0.148512 -0.000194 0.152525 0.310892 -0.134639 0.058881 -0.495894 -0.033585 -0.113397 0.655905 -0.109857 0.614508 -0.018832 0.150568 0.152037 -0.601674 0.029821 -0.248606 0.268410 0.213294 -0.427124 -0.197955 0.565925 0.376536 -0.674371 -0.076973 0.117736 0.044641 -0.233200 0.045429 -0.636765 
-1.018151 -0.616324 -0.154291 0.601165 -0.157761 -0.400547 0.422480 -0.565144 -0.110212 0.705224 0.231760 -0.018831 1.152367 -0.796276 -0.106741 0.234881 0.313783 -0.234522 -0.052501 0.170311 0.059741 0.230885 0.194665 0.460379 0.028546 -0.342227 0.008558 -0.271021 0.259983 -0.076833 0.718515 -0.424177 0.390284 0.202901 0.536346 0.110589 -0.598970 0.008952 -0.264697 0.118128 0.238090 -0.351423 -0.030630 0.664721 0.313454 -0.652969 0.065342 0.309650 -0.011481 -0.291952 -0.015143 -0.576697 
-0.845258 -0.665750 -0.275332 0.597984 -0.183971 -0.691710 0.393930 -0.454696 0.008215 0.862099 0.026884 0.248193 0.905865 -0.826052 -0.094762 0.229670 0.292681 -0.160949 0.131127 0.273370 -0.053815 0.245668 0.119000 0.475016 -0.109204 -0.339587 -0.025389 -0.071987 0.401088 -0.135141 0.827795 -0.305251 0.083383 0.100257 0.439254 0.227379 -0.735040 -0.131127 -0.102431 0.200634 0.285486 -0.493966 0.272871 0.725993 0.127027 -0.835276 0.275454 0.474425 0.215627 -0.449392 -0.073818 -0.416447 
-1.015698 -0.609236 -0.189348 0.314222 -0.200057 -0.209961 0.351078 -0.504221 -0.031543 0.709503 -0.125078 0.074901 0.792092 -0.685261 -0.286367 0.124015 0.077352 -0.272191 -0.062718 0.106091 -0.094300 -0.033252 0.397063 0.513488 0.129471 -0.090703 -0.306062 0.075319 0.433968 -0.232860 0.844546 -0.103262 0.186711 -0.110901 0.361518 -0.007877 -0.572792 -0.060080 -0.040973 0.024499 0.182850 -0.312704 0.321216 0.580581 0.259868 -0.835957 0.289351 0.421104 -0.048647 -0.368472 0.259548 -0.181011 
-0.925658 -0.469208 -0.248943 0.238131 -0.201733 -0.157491 0.338971 -0.658090 -0.129717 0.231299 -0.242242 0.011400 0.672727 -0.632251 0.105629 0.296458 0.016785 -0.014399 0.218811 0.244832 -0.264451 -0.014404 0.056057 0.517069 -0.119477 -0.177915 -0.227880 0.182713 0.354403 -0.182544 0.793862 0.126688 0.183741 -0.097445 0.387034 0.124841 -0.469005 -0.269786 -0.064843 0.191787 0.232549 -0.033106 0.340883 0.523036 0.044095 -0.858600 0.331347 0.329172 0.237744 -0.593265 0.174698 -0.220388 
-0.718291 -0.288690 0.049552 0.087666 -0.174435 -0.261331 0.237022 -0.457067 -0.007792 -0.004582 -0.261678 0.112485 0.264023 -0.388177 0.031074 0.504124 -0.165530 -0.044690 0.247484 0.079494 -0.399804 -0.274667 -0.003277 0.458470 0.130800 -0.083984 -0.447811 -0.117614 0.474894 -0.237758 0.838470 -0.012159 -0.115298 0.078445 0.422662 0.035753 -0.160783 -0.358404 0.121437 -0.030216 0.065824 -0.037364 0.803434 0.187525 -0.206893 -0.703710 0.227908 0.171774 -0.073831 -0.612230 0.141081 0.189018 
-0.777517 -0.184883 0.032711 -0.013251 -0.375745 -0.112534 0.416872 -0.686237 0.123042 -0.001580 -0.148197 0.047045 0.197725 -0.554872 0.192976 0.650690 -0.391922 -0.186048 0.075653 0.134489 -0.322840 -0.286067 0.070136 0.311706 -0.028919 -0.019619 -0.651262 -0.005886 0.393006 -0.066292 0.895754 -0.119692 0.126814 0.074822 0.447961 0.075108 -0.209066 -0.143122 0.121614 -0.105815 0.213358 0.286497 0.822748 -0.082638 -0.174077 -0.538558 0.020325 0.213638 -0.033038 -0.706594 0.033623 0.227099 
-0.635257 -0.329692 -0.040334 0.224057 -0.200306 -0.164507 0.487989 -0.733360 0.028103 -0.195508 -0.073187 -0.073891 0.244181 -0.335599 0.040779 0.658306 -0.393753 -0.108292 -0.132831 0.051043 -0.343732 -0.318078 0.055778 0.030492 0.147214 -0.009831 -0.505624 0.010825 0.425170 -0.212782 0.937482 -0.023251 0.003910 0.083338 0.424127 0.073357 -0.020728 -0.232812 0.310375 -0.015829 0.044335 0.485509 0.688529 -0.077105 -0.163541 -0.628977 -0.093158 0.194637 -0.253592 -0.883531 -0.257831 0.248532 
-0.683590 -0.252039 -0.147527 0.285628 -0.019134 -0.083315 0.371575 -0.732697 -0.074677 -0.170202 0.148225 -0.212102 -0.175488 -0.237768 0.052815 0.685536 -0.296790 -0.122512 -0.150397 0.330342 -0.320778 -0.431940 -0.089065 -0.069958 0.136744 0.003196 -0.544117 -0.184305 0.363921 -0.311431 0.725632 -0.158718 -0.116805 -0.045696 0.142483 -0.019681 -0.218014 -0.091175 0.351962 -0.051937 0.140908 0.422422 0.345825 -0.297836 -0.105836 -0.548731 -0.094238 0.230409 -0.289177 -0.379176 -0.370834 0.231403 
-0.744194 -0.276520 -0.145236 -0.081979 -0.057620 -0.116646 0.319199 -0.629577 0.170483 -0.004549 0.104588 -0.259999 -0.140618 -0.310095 0.265426 0.543472 -0.209409 -0.070817 0.007620 0.138719 -0.006029 -0.185801 -0.210902 -0.585116 0.293927 0.017666 -0.312490 -0.186904 0.252888 -0.196839 0.629295 -0.012299 -0.210741 0.144029 0.093435 -0.067250 -0.135618 -0.095383 0.163490 0.152674 -0.058488 0.627750 0.424181 -0.102002 0.033925 -0.400023 -0.110535 0.324235 -0.158077 -0.204092 -0.201319 0.131367 
-0.746888 -0.256884 -0.011350 0.121383 0.010976 -0.007043 0.466484 -0.494034 -0.020873 0.144546 0.143713 -0.251609 -0.228341 0.025764 0.224590 0.350452 -0.143947 -0.214853 -0.002753 0.369550 0.132428 -0.188453 -0.166992 -0.389655 0.051473 -0.082107 -0.187178 -0.252595 0.003226 -0.179671 0.365709 -0.011924 -0.115343 0.217824 -0.190580 -0.058886 -0.120005 -0.185406 0.083992 0.374681 -0.009789 0.438226 0.513404 0.163193 -0.076535 -0.572799 -0.117890 0.342594 -0.051384 -0.229584 -0.208014 -0.105711 
-0.808032 -0.309506 -0.065308 -0.235989 0.161235 0.090234 0.320350 -0.527850 -0.038021 0.282290 0.470146 -0.342236 -0.363779 -0.118724 0.137215 0.206166 0.109054 -0.019691 -0.180956 0.272238 -0.017654 -0.035201 -0.193654 -0.547341 0.013746 -0.021254 -0.033139 -0.451402 -0.165933 -0.149019 0.165027 -0.048519 -0.177170 0.188822 -0.276910 -0.022559 -0.209591 -0.101569 0.027543 0.248763 -0.044866 0.794509 0.325607 0.468933 0.056147 -0.482990 -0.064356 0.284345 0.100096 -0.182331 -0.161819 -0.133149 
-0.671178 -0.203202 -0.281102 -0.290979 0.248784 0.168949 0.261198 -0.635507 0.138021 0.400290 0.411254 -0.159658 -0.270275 0.056368 0.151204 0.239551 0.300738 -0.237809 -0.072990 0.133719 0.136358 0.003440 -0.046679 -0.509564 -0.006346 -0.037876 -0.132053 -0.340460 -0.317472 -0.209104 0.304636 0.072719 -0.334528 0.324419 -0.404699 -0.147218 -0.197436 0.139926 0.023020 0.160553 -0.288481 0.480575 0.156335 0.622075 0.144943 -0.588395 -0.281825 0.077648 0.164077 -0.259462 -0.343674 -0.210783 
-0.448577 -0.364777 -0.345551 -0.277900 0.249481 0.320903 0.244790 -0.658365 -0.085549 0.305149 0.393568 -0.278344 -0.482643 -0.155042 0.442055 0.039004 0.240731 0.015757 -0.178786 -0.018139 -0.031845 -0.192472 -0.367743 -0.412518 -0.108451 -0.214494 -0.024580 -0.542549 -0.322250 -0.000398 0.084739 0.076700 -0.157952 0.343732 -0.380379 0.042055 -0.014224 0.308949 0.078501 0.440823 -0.182066 0.605740 0.245085 0.752129 0.168975 -0.404635 -0.191559 -0.008979 0.204972 -0.128533 -0.194392 0.025391 
-0.428940 -0.146387 -0.073919 -0.093146 0.118684 0.418260 0.177605 -0.433406 0.104831 0.037385 0.275419 -0.039170 -0.211554 -0.065157 0.243179 0.121169 0.212030 -0.136495 -0.277309 -0.234710 0.242267 -0.001046 -0.207565 -0.512339 -0.380055 -0.187076 -0.193683 -0.613843 -0.362631 -0.002385 0.118116 -0.082867 -0.155950 0.325179 -0.483967 -0.066524 0.061742 0.212346 0.386343 0.348054 -0.192468 0.264103 0.250494 0.800761 0.213771 -0.437382 -0.355145 -0.002096 0.299254 -0.249322 -0.406115 0.033560 
-0.472577 -0.201330 -0.181852 -0.237722 0.004415 0.426008 0.154725 -0.414632 0.235592 -0.061582 0.072540 -0.260928 -0.556507 0.002006 0.359167 -0.030518 0.188385 0.126353 -0.288676 -0.317829 0.266740 -0.158024 -0.214032 -0.588944 -0.295600 -0.085661 -0.190536 -0.465313 -0.416890 -0.153161 -0.026638 0.168191 -0.347299 0.181283 -0.540596 0.124750 -0.127781 0.485858 0.290701 0.205064 -0.150058 0.252473 0.129621 0.713217 0.144504 -0.113166 -0.186625 0.009671 0.071332 -0.204509 -0.506897 0.238450 
-0.343518 -0.464039 0.062248 0.025719 -0.050116 0.661892 0.229377 -0.251671 0.025607 -0.388943 -0.022619 -0.259496 -0.487389 -0.202848 0.377562 0.083250 0.245697 0.060837 -0.277374 -0.480723 0.231126 0.004736 -0.025411 -0.488995 -0.158141 0.057170 -0.485628 -0.458743 -0.224919 -0.216810 -0.147316 0.255448 -0.485937 0.050455 -0.470772 0.157689 -0.004739 0.425979 0.418922 0.075053 -0.226514 0.205349 0.074026 0.837593 -0.046052 0.194877 -0.261389 -0.265171 0.269768 0.064073 -0.359089 0.318699 
0.077113 -0.345912 0.017304 0.170388 -0.106027 0.573041 0.158614 -0.314074 0.126567 -0.470641 0.138715 0.059934 -0.712154 -0.305507 0.503261 0.052269 0.476835 0.205687 -0.346459 -0.518029 0.381861 -0.214758 0.274391 -0.390526 -0.077162 -0.108935 -0.650164 -0.314556 -0.204776 -0.103976 -0.148290 0.005140 -0.482566 0.088866 -0.632855 -0.039105 -0.021737 0.393953 0.396143 -0.010197 -0.154888 0.066142 0.026301 0.516482 -0.048481 0.250548 -0.056486 -0.185185 0.294848 -0.250812 -0.344632 0.080546 
0.146918 -0.067295 -0.122893 -0.194739 -0.043002 0.835368 -0.280411 -0.243929 -0.143060 -0.208158 -0.019532 0.234125 -0.480872 -0.227762 0.383286 -0.052534 0.236949 -0.027253 -0.364109 -0.231899 0.145385 -0.169947 0.227180 -0.164233 -0.053918 -0.078873 -0.284865 -0.203821 0.004831 -0.161086 -0.243272 0.093754 -0.407233 0.044998 -0.546493 0.051065 -0.004497 0.371897 0.542972 0.125279 -0.300881 0.012229 0.111881 0.624355 0.061586 0.339227 0.042902 -0.248334 0.131663 -0.235734 -0.434126 0.266346 
0.313433 -0.043662 -0.253729 0.107374 -0.001431 0.789043 -0.017810 -0.205261 -0.025914 -0.295277 0.093347 0.302882 -0.323147 0.159810 0.359923 -0.011017 0.428917 -0.177342 -0.382814 0.001942 0.227644 -0.461100 0.275326 -0.187010 0.032777 -0.052097 -0.215304 -0.208190 -0.097194 -0.202776 -0.153000 -0.214151 -0.458625 -0.124358 -0.300501 -0.186258 -0.046498 0.081841 0.322157 0.047019 -0.214885 0.026869 0.138165 0.485576 0.146245 0.393401 -0.130012 -0.302466 0.211131 -0.145825 -0.195523 0.460288 
0.545281 -0.093270 -0.205766 0.030987 0.054582 0.866055 0.026526 -0.238135 0.017320 -0.338834 -0.165604 0.361636 -0.420593 0.078076 0.257085 -0.321707 0.429252 -0.113291 -0.591402 0.112702 0.024369 -0.221018 0.146914 -0.051105 -0.231190 -0.063536 -0.103016 -0.063160 -0.171778 -0.105347 -0.093183 -0.253652 -0.423263 0.210961 -0.289716 -0.193763 -0.301831 0.079112 0.418273 0.093207 -0.251316 -0.085369 0.177023 0.495751 0.135635 0.196586 -0.020062 -0.448546 0.158789 -0.213336 -0.408189 0.654265 
0.450569 0.035808 -0.436615 -0.247591 0.103556 0.768068 -0.195751 -0.113252 0.069690 -0.337572 -0.425223 0.223518 -0.304239 0.062208 0.095893 -0.376938 0.439604 -0.042025 -0.486162 0.203453 0.123934 -0.376113 0.125290 0.104380 -0.240112 0.066099 -0.060859 -0.044621 -0.176908 0.021959 -0.278191 -0.463986 -0.568770 0.041582 -0.175951 -0.222209 -0.268948 0.077395 0.230732 -0.218774 -0.046217 0.174896 0.046328 0.443805 0.255172 0.194439 -0.013126 -0.174316 0.046684 -0.426746 -0.448315 0.564774 
0.403725 -0.169304 -0.516709 -0.268894 0.442087 0.664152 -0.135917 0.218032 -0.025497 -0.288947 -0.335611 0.261618 -0.423940 0.169006 0.178933 -0.427755 0.342447 0.118335 -0.466074 -0.032540 0.026133 -0.425019 0.146036 0.012715 -0.183457 -0.091059 -0.092038 -0.206758 0.041012 -0.178887 -0.404525 -0.436015 -0.323512 0.025000 -0.221850 -0.332771 -0.149001 -0.142369 0.070538 -0.126560 -0.040122 0.127232 0.101165 0.241826 0.201234 0.229881 -0.032829 -0.197573 -0.084543 -0.508317 -0.123211 0.665932 
0.297356 0.089015 -0.484073 -0.264696 0.406898 0.785604 -0.229789 0.131518 -0.021308 -0.175441 -0.271437 0.185298 -0.140960 0.291376 0.416730 -0.313616 0.409199 0.149188 -0.527353 -0.055458 0.100386 -0.497929 0.337923 0.087809 -0.327456 -0.036350 -0.043563 -0.420177 -0.042224 -0.071715 -0.552819 -0.428280 -0.413828 -0.069706 -0.054933 -0.512314 -0.272873 -0.020900 0.172197 -0.193250 -0.139978 0.147196 0.091804 0.275390 0.333710 0.389863 -0.059351 -0.267960 -0.277056 -0.359222 -0.309167 0.621178 
0.360976 -0.136698 -0.368728 -0.190522 0.466644 0.736360 -0.320395 0.385366 0.150378 -0.247126 -0.177250 0.183218 -0.139013 0.133744 0.441542 -0.399212 0.404225 0.074365 -0.649856 -0.170211 0.014672 -0.427352 0.006640 -0.038598 -0.275639 -0.060123 0.079787 -0.145132 0.205747 0.189138 -0.574353 -0.283754 -0.233431 -0.177851 -0.015091 -0.335506 0.025325 0.053368 0.002793 -0.182755 -0.082169 0.175119 -0.011783 0.289125 0.181415 0.438484 -0.047015 -0.433984 -0.214362 0.024464 -0.267322 0.392838 
-0.058171 -0.230201 -0.122595 -0.076945 0.363732 0.551097 -0.002881 0.104329 0.323915 0.028035 -0.260396 0.002265 -0.107858 -0.058090 0.394096 -0.441138 0.320392 0.312738 -0.462212 -0.236661 0.184645 -0.449725 -0.131678 -0.054134 -0.292784 0.013132 -0.120748 -0.002821 0.096883 0.128508 -0.516768 -0.307971 -0.428325 -0.030776 -0.150855 -0.338415 -0.026035 0.033372 0.230985 -0.241126 -0.050806 0.198468 -0.094548 0.275322 0.180539 0.243951 -0.194541 -0.039335 -0.209962 -0.067586 -0.279454 0.432012 
-0.052270 -0.078690 -0.212849 -0.223651 0.351793 0.796333 0.025049 0.204442 0.328379 -0.070058 -0.237892 0.121100 0.008600 -0.075440 0.432470 -0.236921 0.461353 0.483320 -0.306544 -0.158737 0.253048 -0.220302 0.092277 -0.034703 -0.314877 -0.210129 -0.119159 -0.011822 0.111113 0.147417 -0.397371 -0.285250 -0.180330 0.015360 -0.150391 -0.362638 -0.165785 -0.207651 0.146055 -0.023231 0.250835 0.201263 -0.141747 0.118271 0.071674 0.306697 -0.159331 -0.126662 0.118029 0.051284 -0.393259 0.285378 
0.108412 -0.186994 -0.156050 -0.116797 0.415133 0.849740 0.014816 0.280957 0.381079 0.182278 -0.016634 -0.020846 -0.232527 0.052770 0.344670 -0.482794 0.361759 0.257449 -0.393485 -0.288895 0.116490 -0.269939 0.355669 -0.269460 -0.521836 0.067363 0.000972 0.000109 0.092218 0.049220 -0.192719 -0.085947 -0.374098 -0.081692 -0.317104 -0.595401 -0.036636 -0.241404 0.284543 0.058606 0.358618 0.260625 -0.098151 -0.101806 0.105020 0.249328 -0.167198 -0.236548 -0.051208 0.086590 -0.416556 0.088203 
0.283959 -0.079243 -0.204791 -0.068382 0.497640 0.705188 0.043892 0.247751 0.117157 -0.101343 -0.121831 0.022060 -0.080608 -0.051624 0.367130 -0.355014 0.250362 0.285607 -0.255767 -0.375471 0.102467 -0.207417 0.323756 -0.351269 -0.630267 0.063264 -0.227881 -0.035882 0.111938 -0.101251 -0.455028 -0.299393 -0.343441 0.050076 -0.454779 -0.384161 0.255216 -0.338992 0.313008 0.105452 0.321588 0.310663 -0.126972 0.115076 -0.244056 0.584824 -0.252584 -0.125056 -0.394211 0.111703 -0.316686 0.288964 
0.086464 -0.008081 -0.268610 -0.299055 0.218626 0.542508 0.019345 0.077583 -0.098855 0.113169 -0.098227 -0.003189 0.074390 0.110492 0.326622 -0.452820 0.169942 0.316703 -0.502382 -0.326126 0.060796 0.024664 0.285260 -0.362657 -0.233400 0.105523 -0.494967 0.032647 0.202675 0.106960 -0.319295 -0.103153 -0.331112 0.063834 -0.499619 -0.234926 -0.010773 -0.089690 0.073738 0.043529 0.272802 0.186348 -0.150709 0.123855 0.079034 0.463808 -0.062030 -0.303000 -0.341739 0.185273 -0.398353 0.220509 
-0.105429 0.071107 -0.157791 -0.185944 0.514096 0.463835 -0.025966 0.024561 0.168306 0.003101 -0.244209 -0.120841 -0.241586 -0.029785 0.371669 -0.395796 0.156119 0.308321 -0.277798 -0.394645 -0.116872 0.137613 0.086424 -0.285953 -0.425311 -0.057898 -0.384331 0.205515 0.023121 -0.090269 -0.099540 -0.333530 -0.384639 0.055801 -0.330363 -0.436960 -0.173068 -0.093494 0.272231 -0.154610 0.166081 0.305468 -0.276594 0.006728 0.172141 0.686936 -0.411258 0.002594 -0.131271 0.154710 -0.304585 -0.010096 
-0.203635 0.052077 -0.066398 -0.326043 0.495107 0.399843 -0.031823 0.191592 0.083284 -0.069528 -0.120325 -0.169698 -0.073760 0.031493 0.316930 -0.220260 0.214806 0.458370 0.005991 -0.238215 -0.059822 0.060451 0.128245 -0.292602 -0.307674 0.059342 -0.029029 0.064517 0.077610 0.182578 -0.067710 -0.151250 -0.538547 0.012397 -0.034943 -0.364902 -0.015714 0.128136 -0.035617 -0.004606 -0.010770 0.323124 -0.333433 0.072173 0.062383 0.582959 -0.181906 0.112732 -0.006850 0.197910 -0.393372 0.070592 
0.066663 0.198702 -0.389320 -0.241885 0.427811 0.348627 0.253982 0.028732 0.419775 -0.132521 -0.030886 0.024341 -0.036736 0.118437 0.461574 -0.371180 0.187444 0.583696 -0.038769 -0.177906 -0.065559 -0.030306 0.266523 -0.260291 -0.201496 0.156323 -0.047781 0.079843 0.097737 0.145130 0.173821 -0.068270 -0.314515 -0.012031 -0.059720 -0.366340 -0.000131 0.075226 0.007230 -0.028867 0.136914 0.014148 -0.190765 -0.141328 -0.025789 0.520667 -0.058653 0.035043 0.050372 -0.046038 -0.369607 0.156985 
-0.041366 0.162218 -0.355341 -0.266673 0.361559 0.358174 0.070736 0.118412 0.347814 -0.135037 0.078189 -0.045676 -0.001210 0.010362 0.243883 -0.545159 0.021674 0.351015 0.053986 -0.179045 -0.161709 -0.074858 0.155212 -0.263795 -0.135294 -0.018510 0.046657 -0.017265 0.150914 0.222046 0.218751 -0.086957 -0.064450 0.096620 -0.004566 -0.385250 -0.033869 0.043683 0.170019 -0.024279 0.239147 0.062355 -0.287001 -0.122898 -0.067087 0.639010 -0.031131 0.002443 -0.072809 -0.037047 -0.069803 0.198428 
0.051854 0.104424 -0.261379 -0.119600 0.540040 0.416866 -0.210166 0.301205 0.236336 -0.151965 -0.111543 0.036474 0.078806 -0.041059 0.213121 -0.551913 -0.076096 0.202865 -0.175922 -0.400582 -0.185569 0.022123 0.140854 -0.098753 -0.131762 -0.178161 -0.115996 -0.072127 0.020292 -0.025688 0.086666 -0.329035 -0.260162 0.021188 -0.028096 -0.482229 0.004907 -0.182310 0.045574 -0.021063 0.176367 0.135517 -0.187011 -0.311438 -0.034426 0.664656 -0.085708 0.139539 0.136466 0.048259 -0.276144 0.229877 
-0.017852 0.166310 -0.275908 -0.073804 0.387384 0.254617 0.057663 0.228401 0.245012 0.094444 -0.045973 0.097961 0.101108 -0.229882 0.087490 -0.501693 0.008734 0.118854 -0.269559 -0.115534 -0.174000 -0.009163 0.122290 -0.128001 -0.058148 -0.033280 -0.067911 -0.162119 0.182220 0.050741 -0.080919 -0.342099 -0.063551 0.130383 0.195715 -0.327659 0.073565 -0.088667 -0.102750 0.063016 -0.013519 0.244571 0.018945 -0.043886 -0.121873 0.370496 -0.118431 0.230137 0.135037 0.225497 0.029216 0.120434 
0.030340 0.085588 -0.055850 -0.200713 0.409423 0.125751 -0.161517 -0.035749 0.332676 0.049141 -0.089542 0.333811 0.199502 0.071892 0.029092 -0.394655 0.170230 -0.011843 -0.237316 -0.033036 -0.094569 -0.149133 0.228328 0.212201 -0.294339 -0.008955 -0.112679 0.097191 0.137783 -0.118461 0.086262 -0.328373 -0.160970 0.108046 0.111847 -0.243954 -0.092701 -0.131816 -0.284107 -0.181750 0.117761 0.137512 0.111391 -0.002951 -0.255941 0.386032 -0.274476 0.086599 0.379089 0.177386 -0.143100 0.127394 
-0.022779 0.067912 -0.063305 -0.228990 0.308669 0.002223 -0.033903 0.202890 0.311395 -0.075463 0.121862 0.148927 -0.016995 0.031654 -0.024305 -0.459162 0.082087 0.009455 0.124846 0.054498 0.066963 -0.156712 0.096433 0.492194 -0.137815 -0.104679 -0.139489 -0.179293 0.269040 0.051403 0.058071 -0.266166 -0.024906 0.212793 0.153053 -0.492776 0.063450 -0.068453 -0.086051 -0.137603 0.213497 0.170113 -0.250062 -0.025722 -0.139925 0.188497 -0.331827 0.331748 0.387376 0.137671 -0.111128 0.251340 
0.101635 -0.050529 -0.239498 -0.009432 0.433702 -0.111821 -0.069139 -0.012188 0.551605 0.038088 -0.093395 -0.089743 0.022797 -0.013083 0.005686 -0.304562 0.237799 0.151352 -0.004792 0.080247 0.056940 -0.034197 0.182947 0.140561 -0.097052 0.047497 0.034950 -0.109791 0.253660 -0.007614 0.031078 -0.114482 -0.232795 0.295579 0.174143 -0.142351 0.247553 -0.471378 0.043766 -0.125332 0.207598 0.034335 -0.131811 -0.230676 -0.122307 0.316724 -0.506278 0.187302 0.074506 0.232988 -0.176877 0.107804 
-0.010288 0.087151 -0.010969 -0.187491 0.094337 0.065763 0.004513 0.345687 0.741011 0.022964 0.101840 -0.156235 0.010814 0.078238 0.155201 -0.066233 0.135121 0.220684 0.258731 -0.095692 -0.085585 -0.079531 0.203438 0.250062 -0.164885 -0.125402 0.028714 0.168159 0.175054 0.215474 -0.030421 -0.215379 -0.174404 0.239703 0.186426 -0.287915 0.152930 -0.237035 0.111624 0.040950 0.365455 0.101691 -0.027686 -0.116495 -0.367199 0.235397 -0.560299 0.262391 0.121243 0.150264 -0.309731 0.093205 
-0.079195 0.021492 -0.176739 -0.074388 0.240769 0.088536 -0.011814 0.301956 0.559803 0.024932 0.018623 -0.131604 0.117822 0.078975 -0.101436 -0.095299 0.114487 0.148590 0.352221 -0.059984 -0.088930 0.111997 0.210024 0.396784 -0.305682 -0.036394 -0.063531 -0.112957 0.251798 0.162416 -0.103027 -0.162298 -0.147903 0.168863 0.369294 -0.320819 0.217044 -0.339714 0.124755 -0.105852 0.350625 0.170775 -0.055310 -0.003162 -0.396656 0.346791 -0.670185 0.348324 0.251712 0.170763 -0.063120 0.063173 
-0.200129 -0.073633 -0.141012 -0.133763 0.260532 0.225119 -0.156864 0.049902 0.422234 -0.049119 0.227083 -0.067113 0.178497 0.160585 0.075642 -0.266648 0.010577 0.047043 0.149816 -0.013754 0.045477 0.131877 -0.043622 0.484118 0.093868 -0.305096 0.183428 -0.114212 0.230410 -0.001590 0.124867 -0.197108 -0.133253 0.468808 0.275047 -0.392381 0.467289 -0.330009 -0.127026 -0.039088 0.298968 -0.143634 0.068592 -0.169928 -0.162931 0.400560 -0.379826 0.266860 0.283559 0.180427 -0.073083 -0.065583 
0.010629 -0.054603 -0.115084 0.051419 0.436636 0.138624 -0.003646 0.058768 0.622492 -0.052377 0.164740 0.005566 0.121453 0.181350 0.099908 -0.125014 0.053832 0.150287 0.377639 -0.228712 -0.000185 0.367583 0.044154 0.532949 0.005244 -0.155555 -0.117584 0.043467 0.066378 0.011925 0.182825 -0.380075 -0.122325 0.250733 0.309600 -0.243784 0.371124 0.019666 0.248271 0.092495 0.191251 -0.103781 0.034596 -0.089939 -0.518496 0.625674 -0.332207 0.216218 0.236670 0.252267 0.188336 -0.004551 
0.061822 0.192875 0.010103 0.116256 0.223922 0.079620 -0.095110 0.066751 0.207362 -0.144428 0.329135 -0.006694 0.167084 0.034777 -0.138144 -0.257367 0.135442 0.214770 0.324432 -0.073564 -0.006854 0.206486 -0.070851 0.455275 0.234052 0.068145 -0.297418 -0.126999 -0.103480 0.082966 0.002201 -0.216122 -0.233512 0.155511 0.194834 -0.168601 0.249383 -0.283392 0.070362 0.127214 -0.067608 0.037080 -0.147494 -0.088390 -0.289168 0.391283 -0.150400 0.251057 0.532156 0.122626 0.086194 -0.278562 
0.005115 0.187175 0.008746 -0.182813 0.114370 -0.042045 0.190417 0.133034 0.325499 0.057308 0.338761 -0.187587 0.108195 -0.123470 0.052564 -0.225866 0.067462 0.137423 0.342888 0.041236 0.017637 0.258946 0.106117 0.687483 0.153512 -0.123459 -0.061631 -0.067753 0.063483 0.304699 0.186684 0.046209 -0.083724 -0.038793 0.138346 -0.194375 0.232208 -0.303629 0.029422 -0.053015 -0.027171 0.070768 -0.175086 -0.091678 -0.262603 0.308928 -0.161844 0.118109 0.379422 0.250522 0.164790 -0.082468 
0.108209 0.182663 0.143644 0.044868 0.086557 -0.061917 -0.006106 0.276126 0.103009 -0.118424 0.389787 -0.147432 0.112275 -0.130649 -0.117073 -0.183193 -0.069447 0.174472 0.447470 0.018417 -0.141057 -0.022724 -0.032658 0.675946 0.228274 0.011363 -0.070169 -0.076099 0.154093 0.042424 0.106955 0.227393 -0.120310 0.247303 0.070514 -0.013629 0.179844 -0.197460 0.181324 -0.038940 -0.121459 0.028229 -0.050338 -0.354936 -0.273870 0.427089 0.006369 0.178454 0.240780 0.346159 0.102532 -0.159950 
-0.147555 0.177981 0.259878 0.034577 0.166550 -0.125258 -0.120318 0.273624 -0.026863 -0.012163 0.424537 -0.129531 0.114261 -0.127906 -0.193399 -0.213678 -0.106176 0.097544 0.228608 0.196200 -0.002584 0.165085 -0.017437 0.552922 0.222498 0.103848 -0.123765 0.134531 0.247344 -0.089255 -0.068794 0.096515 -0.073427 0.165618 0.293935 -0.071333 0.173037 -0.327226 -0.022570 -0.035113 -0.008078 0.219806 0.245805 -0.544091 -0.388978 0.677976 -0.052158 0.361195 0.359156 0.381707 0.246255 -0.041176 
-0.102739 -0.034983 0.037076 -0.075441 0.095308 -0.149283 -0.129216 0.133645 -0.161304 -0.018584 0.124758 -0.312095 0.068743 0.041523 -0.104888 -0.114234 -0.205626 0.076455 0.320440 0.166669 -0.069833 0.227705 -0.275064 0.527154 0.014633 -0.018951 0.081886 -0.094097 0.198147 -0.105130 -0.089651 -0.079819 -0.157718 0.059226 0.159102 -0.000454 0.336022 -0.138396 -0.020218 0.065308 0.140524 -0.023581 -0.026902 -0.347364 -0.301171 0.522655 -0.175389 0.255860 0.164456 0.115194 0.211071 -0.121816 
0.012695 -0.071492 0.315980 0.115437 -0.118858 -0.273295 0.110276 0.244569 0.044349 0.040130 0.201645 -0.207343 0.224290 0.141037 -0.139642 -0.206992 0.083676 0.028233 0.320537 -0.025674 0.074890 0.318264 -0.279564 0.581803 0.246295 0.165839 0.057668 -0.121338 0.367933 -0.175392 -0.112569 -0.280977 -0.144150 0.271931 -0.004443 -0.035312 0.346815 -0.117482 -0.210339 -0.090416 0.012208 0.104582 0.322451 -0.384708 -0.324846 0.743488 0.012447 0.298688 0.066700 0.174596 -0.039475 -0.138548 
0.195123 0.172790 0.229704 -0.112952 -0.030629 -0.241675 0.061678 0.143886 0.197882 0.129517 0.295605 -0.007733 0.264183 0.064418 -0.031994 0.022416 -0.166021 0.362329 0.351045 -0.080849 0.084454 0.190149 -0.243801 0.343991 -0.119786 0.108144 0.010596 0.120991 0.094294 -0.149081 0.137074 -0.261990 0.029398 0.166129 -0.065994 0.101333 0.418332 -0.066567 -0.013521 0.152043 0.186517 0.100916 0.049477 -0.375201 -0.285163 0.597149 0.141138 -0.095449 -0.022660 0.174872 0.094295 -0.121418 
0.124763 -0.125740 -0.054098 0.057875 -0.018509 -0.280051 0.230578 -0.107234 0.570847 0.202521 0.252886 0.046780 0.112704 -0.024493 -0.009367 -0.030703 -0.055106 0.100469 0.243815 -0.217647 0.030141 0.109954 -0.201956 0.356485 0.092685 0.167078 -0.047036 -0.098451 -0.003451 0.274573 0.069411 -0.195414 0.186961 0.236491 0.258553 -0.052484 0.187555 -0.256257 -0.006788 0.164751 0.279263 0.040490 -0.153636 -0.332538 -0.264525 0.479764 -0.156381 -0.126172 -0.052804 -0.003984 0.154322 -0.412595 
0.219498 0.108871 0.087684 -0.064807 0.010175 -0.235684 0.302487 -0.081131 0.589969 0.294682 0.463920 -0.032703 0.031465 0.073278 -0.178080 -0.097336 -0.207302 0.009927 0.324603 0.001689 -0.008913 0.187982 -0.265749 0.419975 -0.007198 0.296971 0.293775 0.044191 -0.098182 -0.004268 0.050366 0.051010 0.007180 0.274014 0.181550 -0.172992 0.476344 -0.139261 -0.015929 0.034046 0.130723 0.066573 -0.261660 -0.429587 -0.254440 0.343979 0.046195 -0.147098 -0.103385 -0.106722 0.196260 -0.396002 
-0.029620 -0.050586 0.094462 0.050026 -0.086080 -0.161957 0.162848 0.178731 0.620821 0.395002 0.395372 -0.215558 0.104431 0.018083 -0.300462 0.063157 -0.364356 -0.034097 0.202939 -0.184377 0.158484 0.374849 -0.149880 0.347132 -0.019027 0.491949 0.097375 -0.117893 -0.002344 -0.005057 -0.093762 -0.068969 -0.129275 0.097512 -0.090903 -0.052071 0.397074 0.067682 -0.069434 -0.050759 0.291063 -0.104237 -0.284993 -0.350898 -0.489507 0.531177 0.108801 -0.108063 -0.007945 0.103434 0.128186 -0.470482 
0.133483 -0.093092 -0.070346 0.139544 0.011635 -0.416718 0.012069 0.212191 0.178177 0.396684 0.589067 0.008088 0.004073 0.131851 -0.096248 -0.051967 -0.185820 -0.153159 0.229965 -0.151848 0.134242 0.322731 -0.158042 0.637353 0.016146 0.145296 0.349203 0.084366 -0.185873 0.136333 -0.166811 0.125249 0.037510 0.109217 -0.007814 0.085593 0.351931 0.409259 -0.190732 -0.145000 0.109607 0.054071 0.017497 -0.490681 -0.390181 0.560256 -0.144037 -0.023390 -0.130771 0.098100 0.394883 -0.526574 
0.118724 -0.201224 0.137992 -0.164795 -0.036787 -0.166721 0.165163 0.306730 0.060151 0.245490 0.369710 0.032170 -0.028319 0.116307 -0.113981 0.030918 -0.334734 -0.060168 0.469510 -0.005623 0.218107 0.296621 -0.334925 0.742491 -0.110282 0.185464 0.165157 0.066128 -0.064285 0.191299 -0.263311 0.063119 -0.014069 0.324654 -0.092285 -0.061710 0.360199 0.267250 -0.044672 -0.186989 0.160010 0.112085 -0.127069 -0.488533 -0.312731 0.445645 -0.143246 0.248017 0.134707 0.077320 0.362679 -0.342998 
0.487842 0.116912 -0.054803 0.004475 -0.265750 -0.199696 0.130681 0.181063 0.054825 0.303832 0.304174 0.026124 0.016361 0.197040 -0.284516 0.144148 -0.073154 -0.201119 0.460855 0.095840 -0.056506 0.198217 -0.542808 0.749603 0.167103 0.107943 0.237232 0.212206 -0.316519 -0.049532 -0.460144 0.030528 0.029336 0.181233 0.102358 -0.021276 0.233718 0.329396 -0.156812 0.031425 0.399530 0.119179 -0.203068 -0.423779 -0.517345 0.409247 0.001600 0.105750 0.029192 0.212153 0.175600 -0.321401 
0.539449 0.103555 0.010871 0.114700 -0.248972 -0.235221 0.207747 -0.092559 0.074265 0.262412 0.542417 0.102428 0.176028 0.100603 -0.159199 0.084614 -0.339730 -0.294875 0.428083 0.010262 -0.124216 0.153896 -0.526792 0.557714 0.186095 0.240032 -0.047252 0.012588 -0.389240 0.112445 -0.148879 0.355074 0.020474 0.231234 -0.015233 -0.019974 0.178166 0.030352 -0.294103 -0.055152 0.194206 0.095028 -0.308623 -0.442118 -0.264079 0.385342 -0.119548 0.246992 -0.126620 0.170342 -0.031805 -0.325911 
0.459386 0.094443 -0.074930 -0.076332 -0.482372 -0.156374 0.119946 -0.119497 -0.072490 0.023641 0.237576 0.126308 0.345499 0.183737 -0.317778 0.034587 -0.510927 -0.248805 0.320186 -0.003535 -0.237611 0.065466 -0.636154 0.334086 0.050779 0.450856 -0.113311 -0.060421 -0.298802 0.047842 -0.319823 0.369203 0.125167 0.354825 -0.048407 -0.011292 0.442098 0.467628 -0.094496 0.000381 0.314440 0.203554 -0.196713 -0.496733 -0.399275 0.243759 -0.005410 0.202010 -0.101442 0.110178 -0.097097 -0.332038 
0.605988 0.054905 0.115178 -0.102887 -0.236137 -0.107530 0.014267 0.036352 0.066592 -0.083920 0.343466 0.130676 0.058133 0.355487 -0.025285 0.388876 -0.383189 -0.142509 0.172326 -0.033166 0.016365 -0.011600 -0.540195 0.308416 0.185324 0.662322 -0.219058 -0.153156 -0.181218 -0.078144 -0.238460 0.235863 0.078256 0.337030 -0.107025 -0.074275 0.553176 0.444613 -0.468154 0.126146 0.176702 0.123941 -0.185849 -0.344464 -0.235331 0.143294 0.108415 0.160649 -0.153914 0.205953 -0.033339 -0.096666 
0.502488 0.142773 0.037877 -0.201121 -0.338829 -0.356084 0.052643 -0.061255 0.153143 -0.023054 0.383780 0.152023 0.019450 -0.008673 -0.155761 0.524206 -0.216993 -0.339791 0.245688 0.065572 -0.082983 0.038474 -0.250082 0.242107 0.023747 0.302611 -0.143760 -0.102844 -0.452764 0.131180 -0.419400 0.385190 0.135919 0.082832 0.027330 0.299560 0.276052 0.491379 -0.245851 0.041890 0.375812 0.166412 -0.383461 -0.744280 0.077322 0.251128 0.401203 0.153890 -0.207483 0.192334 -0.132751 -0.180064 
0.619952 0.131075 -0.000226 0.103272 -0.086835 -0.149381 0.083352 0.012508 0.205710 -0.015498 0.037412 -0.031293 -0.070600 0.123334 -0.036540 0.799341 -0.218168 -0.497823 0.514474 0.028436 0.051280 0.392542 -0.309625 0.349613 0.082306 0.358349 -0.031945 -0.161909 -0.313641 0.099658 -0.369244 0.393974 -0.001093 0.327756 0.037987 0.061171 0.519565 0.353847 -0.047903 -0.029164 0.106531 -0.006007 -0.159937 -0.699485 0.055644 0.083009 0.212789 0.179731 0.103005 0.270291 -0.196825 -0.221140 
0.332471 0.112318 0.194331 -0.023902 -0.151153 -0.297026 0.029306 -0.087858 0.004252 0.111329 0.051340 -0.168518 0.058262 0.125033 0.124675 0.836328 -0.247749 -0.356802 0.528394 -0.012290 -0.151706 0.398975 -0.203238 0.400210 -0.056301 0.516039 0.034888 -0.194546 -0.436180 0.225625 -0.021119 0.475966 -0.025341 0.404469 0.127911 0.123982 0.358674 0.468043 -0.260274 0.169154 0.201360 -0.031787 -0.150210 -0.770903 -0.093946 0.026658 0.362677 0.140082 -0.041759 0.241954 -0.138849 -0.113755 
0.376867 0.145355 -0.016220 -0.067251 -0.424393 -0.264190 0.157367 -0.071146 0.000321 -0.154866 0.121357 0.022242 -0.209032 0.169158 -0.020757 0.873435 -0.316158 -0.448903 0.423621 0.232157 -0.095254 0.364074 -0.025961 0.179619 -0.247188 0.601929 0.149335 -0.176797 -0.749393 0.144967 -0.078844 0.122012 0.197252 0.266105 0.121118 0.230455 0.239597 0.501711 -0.134703 0.066665 0.104230 -0.097323 -0.226237 -0.434442 -0.017145 -0.292300 0.372326 0.226818 -0.201915 0.106223 -0.241929 0.055970 
0.348974 0.291000 0.162250 -0.090150 -0.165299 0.011076 0.396898 0.199256 -0.222983 0.000667 -0.021689 -0.060008 -0.004399 0.342909 -0.109134 0.820932 -0.298087 -0.391819 0.294367 0.199237 -0.252120 0.234968 -0.112275 -0.016891 -0.008305 0.469025 0.133478 -0.372465 -0.570210 -0.082501 0.118844 0.340196 0.197325 0.213363 -0.094368 0.333145 0.199861 0.547308 -0.160583 0.114722 0.131003 -0.104168 -0.198318 -0.414232 -0.126171 -0.368015 0.166044 0.201459 -0.179663 0.093826 -0.299013 0.040771 
0.284839 0.343328 0.140297 -0.008596 -0.374609 -0.218262 0.192556 0.224703 0.039817 -0.134163 0.039172 -0.240784 -0.063731 0.667299 0.011434 0.856901 -0.339488 -0.331378 0.210923 0.332147 0.000391 -0.005108 0.132138 0.163631 -0.099025 0.560526 0.159113 -0.527611 -0.759295 -0.195062 0.039244 0.195384 0.265233 0.166626 -0.073240 0.248471 0.069166 0.380887 -0.074581 -0.121456 0.057081 0.166903 -0.141168 -0.233627 0.073627 -0.588236 0.386526 0.093273 -0.175775 -0.132397 -0.295226 0.090201 
0.419943 0.316509 0.005765 0.117918 -0.268637 -0.316595 0.218855 0.020887 0.249204 -0.207128 0.016947 -0.158789 -0.162459 0.529219 -0.055483 0.744801 -0.388440 -0.668172 0.089766 0.448553 -0.304383 0.070964 0.164785 -0.175348 -0.068903 0.318508 0.234349 -0.484378 -0.708382 -0.012709 0.137910 0.048470 0.391116 0.315682 0.040908 0.326145 0.079531 0.421711 0.019946 -0.023102 0.213142 0.161800 -0.058036 -0.346070 0.159155 -0.477574 0.630792 0.194322 -0.105050 -0.254470 -0.356216 0.296596 
0.037432 0.144753 0.250258 0.021339 -0.211217 -0.489097 0.114704 0.134945 -0.018783 -0.317908 -0.155469 -0.158331 -0.326716 0.600272 -0.068995 0.920519 -0.055860 -0.402465 0.131117 0.124138 -0.144317 0.440664 0.363129 0.122325 -0.187381 0.284762 0.343700 -0.708239 -0.622765 -0.036103 -0.049792 0.155430 0.140829 0.262452 -0.127150 0.446270 0.394615 0.466072 0.028372 0.010690 -0.110034 0.001159 -0.060763 -0.295572 0.183339 -0.283629 0.520070 0.569354 -0.131398 -0.212555 -0.182520 0.163529 
0.070291 0.318529 0.338533 -0.106417 -0.186402 -0.715734 0.007848 0.239227 -0.037354 -0.098565 -0.124569 -0.057558 -0.347385 0.574731 0.182133 0.871049 0.124617 -0.230653 0.286739 0.215152 -0.126496 0.130896 0.523426 -0.150383 0.045804 0.258746 0.093223 -0.599344 -0.755508 0.199514 -0.047106 0.130321 0.126016 0.427078 0.025503 0.328859 0.192699 0.386158 0.121790 0.148027 -0.064477 0.052158 -0.013467 -0.652285 0.257877 -0.385325 0.446344 0.717678 -0.050125 -0.078902 -0.187858 0.384424 
-0.117051 0.279515 0.444683 0.084546 -0.079166 -0.710336 0.126522 0.332385 0.162410 -0.285101 -0.261445 0.123674 -0.343378 0.195257 0.168666 0.934047 0.118260 -0.295465 0.411990 0.168355 0.078893 0.277699 0.706200 -0.160285 0.478561 0.268264 -0.045620 -0.555088 -0.680497 0.123712 0.158340 0.266168 0.055796 0.273088 0.229713 0.401092 0.144439 0.546131 0.289223 0.280040 -0.323142 -0.155995 -0.002130 -0.630321 0.281024 -0.533415 0.219169 0.887965 -0.202999 0.022141 -0.242512 0.280014 
0.127322 0.256654 0.416521 -0.057247 0.099114 -0.957795 0.058286 0.436620 0.178153 -0.444498 -0.273222 0.136954 -0.258297 0.245330 -0.027739 1.110240 0.256995 -0.284352 0.184094 0.399548 0.103737 0.172603 0.722860 -0.139621 0.422607 0.210891 -0.039847 -0.568090 -0.621987 0.036850 0.174579 0.196234 -0.109730 0.240475 0.394844 0.357599 0.215269 0.308211 0.102770 -0.080419 -0.213707 0.033958 -0.068484 -0.586006 0.701777 -0.561458 0.331235 1.165066 -0.354242 0.055073 -0.557905 0.366549 
-0.025356 0.397589 0.254735 0.002305 0.201948 -0.861716 0.192137 0.593785 -0.109761 -0.508805 -0.446953 0.157397 -0.446720 0.440973 0.255858 1.021949 -0.021780 -0.138379 -0.129707 0.540255 0.001199 -0.007516 0.888736 -0.505735 0.470790 0.032930 -0.091929 -0.576416 -0.720335 0.029421 -0.159530 -0.101694 0.230502 0.388384 0.411451 0.163731 0.087344 0.669246 -0.099060 0.011278 0.008534 -0.130666 0.049866 -0.536497 0.579589 -0.775971 0.115452 1.535713 -0.555629 -0.085400 -0.397790 0.753882 
0.038179 0.571507 0.265209 -0.201317 0.376579 -1.195840 0.022022 0.626101 -0.206605 -0.509433 -0.603839 -0.014168 -0.417037 0.408657 0.271949 0.961797 0.120249 -0.006468 0.006195 0.625813 -0.019462 -0.326010 1.048720 -0.887658 0.690298 -0.313413 -0.007816 -0.489223 -0.732221 0.194244 0.102277 -0.164695 0.435756 0.240919 0.442580 0.431653 0.015851 1.017848 -0.165695 -0.268432 -0.298315 -0.077310 0.264027 -0.221789 0.779985 -0.839612 -0.118800 1.639466 -0.955572 -0.202448 -0.724736 1.020689 
