-1.163090 1.269589 -0.065501 -0.124703 0.260710 -0.276802 -0.332165 -0.616385 -1.518734 -0.581949 -0.075845 -3.858101 1.239138 -0.202182 0.584381 -3.203190 
-0.845657 0.468315 0.698995 0.432977 0.485499 0.407000 0.514753 -0.730409 -1.228810 -1.021106 0.165377 0.487865 -0.244297 0.501775 0.055528 -2.196944 
0.664811 0.031661 -0.421261 0.014405 -1.328106 -0.489926 0.953062 0.316394 -1.268370 -0.718898 -0.093050 0.897318 0.880864 -0.680069 -1.996064 -0.179209 
-0.532673 0.230667 0.694473 1.419819 -0.114478 -0.346980 -0.165120 0.226695 -0.290865 -1.085223 0.296843 0.439641 0.051240 -0.022903 0.054306 -0.058136 
0.052390 0.766326 0.292986 0.287900 -2.275953 0.136962 0.571744 0.098560 -0.559714 0.192534 -0.239957 -0.157414 -1.472162 0.592619 -0.797201 0.278085 
-0.015700 -0.054928 -0.166034 0.851702 0.713871 0.996495 -0.004281 -0.220697 0.423560 -2.152999 -1.286146 -0.570489 0.016306 0.602940 -1.145926 0.098653 
0.131673 0.387531 -0.912639 0.365026 0.559776 -0.378182 0.762633 -0.612917 0.296107 -0.021049 0.220894 0.056704 0.183446 0.283773 -0.304635 -0.400473 
0.138169 -1.517488 -0.313226 0.937437 0.291602 -0.043498 -0.304138 0.081955 -1.796044 1.221908 -0.833706 -1.408325 -1.934823 0.146859 -0.803050 -1.198446 
-0.801824 0.327513 0.178069 0.415061 -1.202071 -2.313565 -1.886614 0.073127 -3.254400 0.580804 0.306806 0.885881 -1.795335 0.106358 -0.358726 -0.367602 
0.446493 -0.352881 -0.076232 -0.919436 1.066591 -0.034936 0.304828 -0.032184 -0.965850 1.126755 1.083476 -1.800716 -2.511101 -0.308468 -2.187392 0.910179 
-0.607105 0.849835 0.478591 -1.411241 -2.169355 0.550997 0.189218 -0.318983 -1.172100 -0.853378 0.960860 0.610314 -2.843093 0.052495 -4.979524 -2.150738 
0.242437 0.339458 0.324610 -0.767365 0.055644 -2.176306 -0.896104 0.427986 0.213644 0.288436 0.155942 0.480603 0.417114 -3.089905 -0.265143 0.384704 
-0.910893 0.168439 0.058321 1.021057 0.103571 -0.215953 -0.348604 0.153567 -1.216023 1.695560 0.544304 -1.435581 -3.924235 0.129677 -0.321512 -1.867276 
-1.061475 0.094244 0.277480 0.663285 0.031615 -0.760733 -0.221521 0.070961 -1.727767 0.192903 0.083657 -0.173213 -0.342360 0.228211 -1.144768 -1.011355 
0.445480 0.308127 0.170293 -0.087700 -0.932100 0.005284 -1.613649 -0.398872 0.346348 -0.683860 -0.222198 -0.001118 0.082107 0.606027 -0.560823 -2.280159 
-0.121848 -0.356556 -0.080748 -0.997244 -1.721285 1.068502 0.407828 -0.301276 -0.415967 -0.486882 0.283466 -2.277187 0.709701 0.663717 0.433517 -3.596440 
0.539977 -0.236539 0.463983 -0.669448 0.560467 -0.250550 -0.349808 -0.303273 -0.226337 0.302902 -0.751520 -0.305222 -1.281064 -1.928831 0.103690 0.049799 
0.503347 0.136285 -0.497490 -2.808660 -0.506804 0.626460 0.140647 -1.076609 -1.056358 0.162678 -0.337526 0.553288 1.006690 0.723063 -1.086726 -0.079736 
1.115965 -0.000817 0.074995 0.553904 0.568764 -0.256918 0.221448 -0.426845 -0.949010 -0.534041 -0.667404 -1.342405 -1.337008 0.096920 -0.282876 -0.681491 
-0.626044 -0.402223 -0.267149 -0.001421 1.638070 0.189034 -0.238315 0.041014 -0.200237 0.876578 0.370274 0.276540 -3.612355 0.343793 -0.085190 -1.671709 
0.919228 0.177187 -0.557292 0.301764 -0.348998 -1.279515 0.263365 0.399917 -0.055492 -1.034714 -0.500432 0.370428 -0.352984 -1.046893 -0.662870 -0.271173 
0.392853 -1.245688 -0.001915 0.696809 0.581022 0.294624 0.000496 -0.107708 -0.047321 -1.361169 0.111728 -0.345356 -0.793381 0.473810 0.284163 -0.607253 
-0.142649 0.273508 0.374352 0.918351 -3.135500 0.822754 0.253661 0.227925 -1.501481 -0.078513 -1.425873 0.616113 -0.342371 -0.005720 -0.031417 -0.455369 
-0.401093 0.337058 -0.029575 -0.703734 -1.264285 0.831673 -0.177848 0.475520 -5.199172 0.446067 -2.010152 0.964665 -1.859578 -0.627990 0.660938 -0.078080 
0.273617 0.746922 -0.362765 0.662235 -0.404746 -0.173521 -0.650825 -0.174569 0.533844 0.406512 0.262182 1.446459 -0.351994 -1.385036 -0.032762 0.135755 
-0.162055 0.167808 -0.709856 -0.112298 0.615486 -0.096298 0.511114 -0.286279 0.890932 0.192390 -0.467148 0.240896 0.422667 -0.240894 -0.219843 -0.322969 
0.310649 -0.085665 0.218399 -1.721733 -0.033413 -0.726695 0.093767 0.301942 0.591239 0.312846 -0.630444 0.465036 -0.640731 1.106210 -0.280321 0.493446 
0.223759 0.322436 -0.136780 -0.200374 -0.063121 0.159164 -0.261730 -0.586348 0.623369 0.542331 -0.753851 -0.047377 0.314094 -0.280210 -0.747873 0.361129 
0.489801 -0.287839 0.566706 -0.106657 -1.281538 0.157083 -0.221251 0.814842 -0.189535 -0.432331 -0.472701 -0.451485 -0.047384 -0.180968 -2.209512 -1.734465 
0.027003 -0.003657 -0.059572 -0.085879 -0.127942 -3.673218 -1.638240 -0.091459 0.293553 0.024300 0.108458 -0.035297 -0.047914 -0.006372 0.103460 0.216238 
-0.582919 0.092249 -0.021003 0.472904 0.143659 0.023531 0.727850 -1.025892 0.083790 -0.988528 0.599530 0.451945 0.673862 0.880926 0.454383 -0.193603 
0.415152 -0.677141 -0.181761 1.245423 -0.712313 0.191233 -0.694716 0.247424 -0.548403 -0.634712 -0.240096 0.243517 0.787585 -0.398627 0.051244 -1.489962 
-0.991869 -0.353769 0.612937 0.672742 -0.539973 -0.661056 -1.332086 0.621712 -0.212979 -0.369621 0.113111 -1.196512 -0.150281 0.910395 -0.254743 -0.652682 
-0.152871 -0.320872 0.402378 -0.692494 -1.966423 -0.039892 -0.332300 0.118007 0.457730 0.799679 0.347442 -0.827629 -0.029279 -0.513384 0.502101 -1.171203 
-0.641924 0.818260 -0.394339 -1.009470 -2.794874 -0.219956 0.819168 -0.257717 0.110187 1.119679 -0.072862 -0.193530 -2.092239 0.506755 -0.031672 -0.785146 
0.160967 0.323851 0.335158 0.677934 -2.155590 0.741078 0.440512 -0.107077 -2.880432 -0.731334 -0.136676 -2.695264 -1.287509 0.351891 -0.420671 -0.983934 
-0.021340 0.194380 0.421152 0.164359 -1.299322 -0.908556 -0.346548 0.706590 -0.326810 -0.723367 0.136724 -0.122668 0.554090 0.558088 0.557652 0.257006 
0.868766 -1.475006 -0.436977 -1.390247 -4.513883 1.164879 0.167790 -0.309127 0.122664 -0.207112 0.690874 -1.236266 0.384132 0.065677 -1.051334 -0.570348 
0.185194 -0.383786 0.456467 -1.836518 0.570641 -0.360269 0.929402 0.169795 -1.596331 -1.550251 0.073590 0.459447 0.539657 0.109166 0.377524 -0.158574 
1.151833 0.306504 0.183850 -1.583011 -2.419596 -3.033614 -0.560828 0.577410 -4.545635 -0.632822 0.232827 1.323925 -1.432016 -1.300559 -0.293951 -0.561901 
0.047429 0.044944 -0.574352 -0.436490 0.302470 -0.495840 -1.973167 -0.061747 0.242593 0.428376 -0.269158 -0.010346 0.892232 -0.305199 -1.332056 -0.897590 
-0.126701 -0.684507 -0.340722 -0.005645 0.209506 -0.124753 0.066684 -0.136246 -0.452887 0.514390 -0.704862 -0.420253 0.908731 -0.096808 -0.333022 -0.906253 
-0.455898 -0.682945 0.465946 0.394177 -0.095404 0.691788 -2.627840 0.379456 -1.161480 0.047424 -2.003645 0.463329 0.272633 -1.175191 -0.094205 -0.200737 
-0.826891 0.147646 0.030042 -0.756823 0.813704 -0.088910 0.504926 0.272515 -0.800299 0.605184 0.015885 -0.843188 -0.476874 0.852064 0.775283 0.287819 
0.491244 0.593292 -0.327472 -1.604140 -0.290100 0.622949 0.413300 -0.101677 -0.712273 -0.561967 0.355137 0.534009 -0.592171 -0.230782 0.199358 0.530944 
0.257468 -0.919472 0.036814 0.109343 2.631262 1.012337 -0.631210 -0.107303 -1.607651 -1.404929 0.635843 -3.439108 0.024526 -0.027164 -1.090621 -1.854121 
0.030350 -1.159898 0.337042 1.019551 1.438136 -0.065499 -0.040119 0.634811 -0.803881 -1.447893 -0.432752 -3.812869 -2.612215 -0.057887 -1.822719 -2.839674 
0.329826 -0.426009 -0.258253 -1.486803 0.926158 0.115443 -0.638712 -0.154056 0.040842 0.539848 -0.940127 -0.575794 -0.207123 -0.562545 -0.035660 -0.295844 
0.111883 -0.215629 0.115363 0.000702 0.202253 0.308043 0.663468 0.365161 0.150553 -0.506065 -0.097979 0.035611 0.342580 -1.625508 -0.033950 0.049303 
0.561705 -1.200061 -0.037909 0.558121 0.028874 0.467741 0.631264 -0.683076 0.139199 -0.315260 0.551861 -1.579147 -1.093296 0.210125 0.117962 0.074356 
0.254780 -1.461109 0.152576 -1.114174 -0.540218 -0.095927 0.721668 0.114840 -0.072788 -0.258318 -0.242454 -2.250488 0.297261 -0.336325 0.669535 -1.949223 
-0.412122 -0.048867 0.284531 -0.927754 0.145453 1.557673 -0.862061 -0.554424 -0.354743 0.810125 0.068446 -1.176077 -0.353134 0.630044 -2.217767 -2.976445 
