1.149598 -0.000288 0.170288 0.073488 -0.157197 -0.493259 -0.482922 -0.375565 -0.434933 0.631813 -0.287561 0.057188 0.056858 0.121716 0.766568 0.323616 -0.645642 1.954945 -0.638136 -0.902357 -0.489952 -0.257773 -0.639735 -0.575651 -0.392723 0.893260 -0.150615 0.256818 1.177462 0.575640 0.335559 -0.058778 -0.495816 0.385795 0.038637 -0.858702 0.316163 0.291269 -0.022867 -0.046975 -0.769518 -0.725700 0.449241 0.559628 -0.188885 -0.237856 -0.100441 0.519637 -0.859580 -0.101203 -0.013500 -0.340135 0.327379 -0.317006 
0.659136 0.009601 0.323242 0.017278 -0.106158 -0.344242 -0.142971 -0.210570 -0.549189 0.394100 -0.355825 0.290670 0.049613 0.079873 0.529628 0.447358 -0.603480 1.357809 -0.623567 -0.868739 -0.406239 -0.256049 -0.561220 -0.608165 -0.523523 0.909395 0.005941 0.308219 1.042264 0.572587 0.004394 -0.079863 -0.197403 0.127805 0.064999 -0.647449 0.322071 -0.027620 0.200914 -0.082671 -0.429571 -0.412372 0.494292 0.570535 -0.197559 -0.134167 -0.107052 0.342201 -0.948909 -0.219248 0.166947 -0.443862 0.308466 -0.403982 
0.590891 -0.102450 0.275305 0.218591 -0.294560 -0.494934 0.032818 -0.264693 -0.588972 0.627959 -0.098562 0.025349 0.052457 -0.058454 0.579032 0.248442 -0.471833 0.986622 -0.434411 -0.736150 -0.519213 0.022237 -0.518059 -0.542086 -0.231958 0.699016 0.046671 -0.147734 1.165448 0.445803 0.046734 -0.151251 -0.359601 0.116930 0.139453 -0.877853 0.138600 -0.265988 -0.194302 -0.151206 -0.125138 -0.695383 0.425377 0.329163 -0.183063 -0.001947 -0.120915 0.439007 -0.561774 -0.387172 0.223370 -0.543766 0.126859 -0.407013 
0.499304 -0.106418 0.189836 -0.032142 -0.173932 -0.692851 0.231402 0.036900 -0.517578 0.231292 -0.091183 -0.198793 -0.208296 0.056357 0.363488 0.271103 -0.490830 0.867929 -0.222230 -0.995073 -0.430778 0.133748 -0.289964 -0.603899 -0.298321 0.832533 -0.158867 -0.276406 0.980178 0.316601 0.025212 0.012559 -0.260616 -0.047316 0.217366 -0.606695 0.354738 -0.148163 0.059148 0.178153 0.060319 -0.537302 0.219471 0.068044 -0.026281 -0.080663 -0.065721 0.352520 -0.847977 -0.476906 0.291705 -0.327558 0.340600 -0.194867 
0.152712 -0.193699 0.145156 0.319417 -0.333794 -0.617270 0.070694 -0.155403 -0.137056 0.214338 0.373780 -0.066392 -0.032991 -0.201405 0.359046 0.555147 -0.200346 0.947762 -0.158106 -0.838274 -0.207567 0.247898 -0.142672 -0.385151 -0.167139 0.741056 -0.149554 -0.659432 0.997407 0.195726 0.014802 -0.153751 -0.256460 0.046303 0.123303 -0.432283 0.300280 -0.098417 -0.080133 0.265094 -0.142696 -0.752103 0.174543 -0.093419 -0.153472 -0.220379 -0.051009 -0.055769 -0.856346 -0.085287 0.208303 -0.554941 0.195975 -0.054490 
0.082226 -0.275248 0.322533 0.179066 -0.194187 -0.310015 0.057136 -0.176165 -0.130583 0.173974 0.361845 -0.178125 -0.105693 0.048873 0.252688 0.433004 -0.512550 0.537910 -0.338196 -0.910037 -0.054844 0.532276 -0.142885 -0.306580 -0.205253 0.827962 0.005010 -0.532986 1.014071 0.249565 -0.143969 -0.095101 -0.078677 0.101322 0.122985 -0.679778 0.298576 0.113557 -0.161231 0.067309 -0.142450 -0.434052 0.081789 0.252103 -0.053052 -0.166709 -0.217116 -0.241062 -0.961834 0.111346 0.128900 -0.388383 -0.104414 -0.000792 
-0.181639 -0.101627 0.337651 0.214967 -0.247951 -0.217728 -0.016684 0.119896 -0.148772 0.098029 0.136543 0.043132 -0.094952 0.032757 0.227169 0.428984 -0.414676 0.459078 -0.275064 -0.748685 -0.123445 0.202215 -0.299393 -0.256851 0.011444 0.804645 0.136285 -0.453581 0.932428 0.420313 0.003329 -0.059563 -0.037286 0.046104 0.193541 -0.589696 0.182196 -0.149008 -0.274943 -0.083696 -0.160203 -0.510967 0.178564 0.306397 -0.127468 -0.230395 -0.271969 -0.248111 -0.956175 0.292236 0.117843 -0.431779 -0.086680 0.224170 
-0.250128 -0.112528 0.269779 -0.075436 -0.509786 -0.088217 0.056165 0.130712 -0.087798 0.300257 0.268575 0.067963 0.097696 0.026048 0.365092 0.180440 -0.409544 0.310761 0.028215 -0.704771 0.007261 0.358133 -0.084493 -0.267785 0.027432 0.592882 -0.041407 -0.440699 0.736016 0.252037 -0.030485 -0.018646 -0.108482 0.178644 0.361585 -0.390309 0.216515 -0.007393 -0.136078 -0.316228 -0.042964 -0.431632 0.179181 0.073782 -0.257604 -0.113893 -0.246795 -0.529682 -0.973509 0.386256 0.301114 -0.278542 -0.077630 0.143566 
-0.315833 -0.253580 0.287113 -0.095093 -0.287545 -0.136152 0.065913 0.371198 0.030272 0.240611 0.180711 0.005696 0.028212 -0.142364 0.177927 0.246448 -0.292012 0.333823 -0.214945 -0.397516 0.103344 0.579871 -0.134949 -0.240448 -0.079356 0.537280 0.133903 -0.718194 1.036182 0.147895 -0.078123 -0.001190 -0.147351 0.127456 0.350606 -0.371017 0.307651 0.046443 -0.032356 -0.273223 -0.072915 -0.737117 0.216044 0.038415 0.026059 -0.104519 -0.092329 -0.181727 -0.739803 0.264784 0.113564 0.147107 0.069791 0.362964 
-0.107820 -0.329051 0.131909 -0.011084 -0.440403 -0.098283 -0.066207 0.250108 0.132226 0.178750 0.402613 0.109923 -0.151898 -0.046398 -0.044487 -0.025666 -0.192784 0.239966 -0.066195 -0.470681 0.113915 0.670278 -0.132479 -0.256813 -0.010419 0.463149 -0.128278 -0.623639 0.771432 0.154515 0.031329 0.068036 0.126259 0.100677 0.178046 -0.206929 0.377983 0.040361 -0.048710 -0.135410 0.071391 -0.372199 0.443743 -0.008664 -0.018887 -0.163293 -0.186125 -0.271771 -0.746772 0.327996 0.055634 0.026356 -0.031045 0.274585 
-0.214226 -0.251774 0.174549 -0.185765 -0.207698 -0.026127 0.263776 -0.052708 0.219882 0.105071 0.575217 0.039933 -0.129444 0.068893 0.104951 0.335051 -0.142764 0.285743 -0.177426 -0.391585 0.332679 0.701311 0.142253 -0.101112 0.049722 0.444739 0.027278 -0.627453 0.626748 0.061179 0.237245 -0.044805 0.036352 0.014021 0.283205 -0.220584 0.382161 -0.142311 -0.023088 -0.096718 0.039715 -0.493729 0.255221 0.119793 -0.273169 -0.272778 -0.080380 -0.060232 -0.522820 0.238063 0.095518 0.042690 -0.111277 0.296535 
-0.513984 -0.231921 0.257909 -0.124680 -0.132803 -0.069444 0.012309 -0.112881 0.208870 0.030341 0.503658 0.233321 -0.191468 0.419296 0.214565 0.261531 0.016857 0.362161 -0.264478 -0.216896 0.198961 0.644955 0.181326 -0.033239 0.075611 0.297537 0.162906 -0.741232 0.903529 0.034513 0.162141 -0.185659 0.094273 -0.033618 -0.105311 -0.153808 0.453292 0.023873 0.253917 -0.289198 -0.137700 -0.572085 0.118441 0.274180 -0.161554 -0.247484 0.044670 -0.208942 -0.608226 0.090037 0.040380 -0.069534 0.052723 -0.025847 
-0.530264 0.014277 0.093695 -0.169608 -0.133853 -0.200108 0.068221 0.048575 0.076103 -0.099936 0.362402 0.222130 -0.073265 0.198372 0.066464 -0.132231 0.148453 0.178824 0.155047 -0.394511 0.422127 0.408192 0.075331 0.094601 0.254051 0.501948 -0.083022 -0.862356 0.691482 0.108154 0.033116 -0.030939 0.238225 -0.086542 -0.261225 -0.254635 0.363364 0.059474 0.188425 -0.199454 0.114370 -0.546609 0.281034 0.296910 -0.317149 -0.256268 0.245806 -0.121249 -0.379086 0.014010 0.044430 0.191475 -0.065615 -0.023557 
-0.486077 0.105783 0.369336 -0.155203 -0.055333 -0.161394 0.028682 0.008341 -0.086157 -0.329256 0.383207 0.178028 0.110914 0.025092 0.262420 -0.119032 0.028692 -0.086361 0.223929 -0.277340 0.357222 0.470055 0.265943 0.196580 0.363994 0.793171 0.122730 -0.893789 0.908596 -0.019381 -0.004645 -0.281603 0.002330 -0.188158 -0.331974 -0.087745 0.156917 0.037798 0.161154 -0.149950 0.287477 -0.840140 0.243937 0.165399 -0.534920 -0.208721 0.112062 -0.460070 -0.248985 -0.035935 0.218040 0.271345 0.126363 -0.022095 
-0.483523 0.255528 0.492774 -0.060832 -0.147089 -0.533388 -0.184351 -0.061007 -0.074760 -0.126303 0.400438 0.091304 -0.105951 0.084621 0.066312 -0.065478 -0.064922 -0.217056 0.242976 -0.242841 0.475815 0.335719 0.366328 0.285216 0.052278 0.900363 -0.140575 -0.540917 0.489102 0.261581 0.321953 -0.191948 0.252202 -0.301278 0.046752 -0.019953 0.202680 -0.111209 0.126099 -0.449797 0.196471 -0.422249 0.046055 0.044241 -0.618969 -0.160083 0.130908 -0.399395 -0.255614 -0.001694 0.069641 0.009687 -0.010092 0.170695 
-0.344451 0.195033 0.316936 0.113234 0.084334 -0.359518 0.099005 0.140534 0.093671 -0.038021 0.746246 0.168298 -0.146053 -0.155086 -0.079159 -0.103493 0.149860 -0.361862 0.206182 -0.112686 0.771210 0.384860 0.430865 0.182168 0.218075 0.608294 -0.163348 -0.700603 0.309888 -0.116031 0.207559 -0.086118 0.274883 -0.232948 0.024275 -0.092846 0.212709 0.167710 0.114107 0.126762 0.286659 -0.268697 0.324075 -0.148208 -0.394214 -0.210966 0.421701 -0.460434 0.049197 0.032307 0.013300 0.113596 0.142641 0.162900 
-0.410401 0.051807 0.234943 -0.256827 -0.116449 -0.263611 -0.173684 0.148814 -0.036857 -0.062002 0.780571 -0.028316 -0.015515 -0.182656 0.199550 0.188369 0.121035 -0.325882 0.236504 0.128452 0.567956 0.543782 0.318653 0.317960 0.064842 0.666761 -0.060851 -0.834842 0.493268 -0.203825 0.162778 0.180298 0.391408 -0.351289 -0.053218 -0.072642 0.145213 0.089722 0.154698 0.060731 0.144612 -0.412227 0.271721 -0.163629 -0.582200 -0.448530 0.259143 -0.544894 -0.068035 -0.140692 -0.296379 -0.277936 -0.174276 0.217845 
-0.429663 0.350474 0.163635 0.052732 0.093451 -0.213904 0.057949 0.011633 0.029230 0.185782 0.661317 -0.028482 0.037317 -0.185246 0.130726 0.327347 0.195074 -0.300199 0.214064 0.023834 0.547625 0.294826 0.298920 0.196607 0.366291 0.673324 -0.126578 -0.825291 0.545011 -0.079380 0.307332 0.060304 0.406696 -0.213878 0.000511 -0.152664 0.292213 0.033111 0.285839 0.246937 -0.026005 -0.283818 0.294514 -0.235408 -0.556163 -0.494009 0.095521 -0.333842 -0.020218 -0.245272 -0.256847 -0.296941 0.060826 0.193048 
-0.231339 0.143995 0.039425 -0.013803 0.209917 -0.129619 0.204876 -0.103269 -0.285722 0.172378 0.666717 -0.009136 -0.147481 0.070331 0.203112 0.508110 -0.033462 -0.175138 0.151794 -0.143167 0.803060 0.411179 -0.142428 -0.074392 0.356302 0.350264 -0.144933 -0.852831 0.658732 -0.336432 0.225510 0.065942 0.328733 -0.296826 0.120854 -0.152423 0.290345 0.122280 0.151960 0.347392 0.196898 -0.291452 0.207360 -0.016603 -0.601234 -0.565222 0.290444 -0.079158 0.109542 -0.143747 -0.469938 -0.414463 0.026888 0.137135 
0.092664 0.193339 0.276676 0.200822 0.292303 -0.091762 0.174683 0.033685 -0.105468 0.241520 0.510473 -0.077258 -0.310830 -0.116268 0.432657 0.567036 0.086102 -0.452587 0.068990 -0.141869 0.770489 0.436067 0.045495 -0.020110 0.142858 0.339541 -0.016777 -0.666951 0.597363 -0.554152 0.255777 -0.291987 0.376985 -0.419021 0.140112 -0.220772 0.013865 0.213211 -0.095398 0.193449 0.465304 -0.195153 0.078040 -0.302424 -0.446447 -0.400561 0.430392 -0.049576 0.120109 -0.469142 -0.578305 -0.127606 -0.060813 0.017780 
0.132524 0.179059 0.310836 0.189158 0.289114 -0.233800 0.122636 -0.071916 -0.243502 0.201361 0.606695 -0.093371 -0.093713 -0.070671 0.173572 0.183915 0.099045 -0.683462 0.150056 0.081632 0.827098 0.498959 -0.155647 -0.159062 0.040739 0.242201 0.146119 -0.927675 0.498271 -0.462025 0.348594 -0.276826 0.495459 -0.201602 0.063316 -0.234981 -0.221027 -0.112622 0.108814 0.203613 0.604293 -0.183066 0.088426 -0.124636 -0.470745 -0.303866 0.423147 0.072563 0.529025 -0.450614 -0.403245 -0.210213 0.062284 -0.072000 
0.314319 0.132505 0.324850 0.141054 0.211611 -0.167528 0.125674 0.032775 -0.026210 0.146067 0.435713 0.069156 -0.084085 -0.055008 -0.071366 0.338599 0.235048 -0.635101 0.079138 0.090555 0.522557 0.536250 -0.069976 0.010493 0.130820 0.207584 -0.148366 -1.154666 0.626516 -0.390707 0.439475 -0.253751 0.503988 -0.171124 -0.006383 -0.079814 -0.340366 -0.190057 -0.023110 0.052301 0.658454 -0.192274 0.321180 -0.089820 -0.505448 -0.399383 0.456378 -0.038829 0.439887 -0.519198 -0.370505 -0.220571 -0.106710 -0.154814 
0.110271 0.002561 0.042663 0.203159 0.170084 0.407419 -0.154873 -0.027859 0.118353 -0.007063 0.144666 -0.016213 -0.121412 -0.020993 0.000682 0.255032 0.191972 -0.616641 0.411733 -0.052289 0.311628 0.229078 0.008246 -0.067982 0.332759 0.164105 0.075600 -0.920516 0.508602 -0.316105 0.400332 -0.267558 0.426453 -0.154191 -0.013495 0.008967 -0.244237 -0.072434 -0.069083 0.014611 0.473393 -0.051975 0.154382 -0.047368 -0.558000 -0.308176 0.494965 0.151086 0.590493 -0.543651 -0.634400 0.079274 -0.084791 -0.078305 
-0.033499 0.243299 -0.125889 0.280406 0.266386 0.145169 -0.227973 0.190273 -0.048836 0.064207 0.362288 0.072857 -0.220675 0.025598 -0.095648 0.434406 0.132480 -0.646090 0.449933 0.056847 0.389521 0.367725 -0.190686 -0.119234 0.116780 0.039721 -0.034350 -0.997648 0.732409 -0.147023 0.462761 -0.222543 0.353923 -0.416534 0.178747 0.040132 -0.196540 -0.115892 -0.345381 -0.168549 0.162888 0.202581 -0.012066 -0.141177 -0.582563 -0.044325 0.523103 0.060373 0.501131 -0.424682 -0.544689 0.001605 0.048014 -0.074172 
-0.192382 0.138879 0.233357 0.229660 0.456166 0.439534 -0.215017 0.194644 -0.278152 0.023164 0.097192 0.010099 -0.135829 -0.326089 -0.023977 0.219812 0.002196 -0.768459 0.785917 -0.150950 0.170744 0.458519 -0.319915 -0.154635 0.212214 -0.022346 -0.108705 -0.863432 0.661450 -0.077783 0.372604 0.015386 0.401906 -0.413786 0.115711 0.001270 -0.399501 -0.145660 -0.467508 -0.262684 0.403008 0.032859 -0.216686 0.175788 -0.545223 -0.424577 0.524532 -0.129843 0.719981 -0.468297 -0.431785 -0.139040 -0.048499 -0.234896 
-0.206754 0.372081 -0.045285 0.100574 0.388532 0.268870 -0.020848 0.284624 -0.189700 0.061149 0.119983 -0.070484 -0.202147 -0.353691 0.086613 0.268162 -0.095982 -0.969625 0.627785 -0.260494 0.315407 0.581159 -0.097647 -0.022196 0.037557 0.255750 -0.152445 -1.117008 0.584700 -0.122782 0.646211 -0.178912 0.273475 -0.223730 0.290804 0.049873 -0.358167 -0.387007 -0.417732 -0.358819 0.487494 0.159741 -0.150526 0.178973 -0.491687 -0.446697 0.402435 -0.047247 0.747630 -0.449250 -0.583420 -0.099362 0.104597 -0.164224 
-0.073986 0.038310 0.193573 0.090456 0.461740 0.420549 -0.203901 0.226618 -0.078899 0.134834 0.177427 -0.109503 -0.281670 -0.262015 0.075632 0.203145 0.043963 -0.892865 0.668073 -0.133011 0.289759 0.430882 -0.126093 -0.036176 0.173138 0.039881 -0.296378 -1.247749 0.410648 -0.243320 0.308515 0.102114 0.168056 -0.321234 0.379280 0.064403 -0.124557 -0.298233 -0.383863 -0.343113 0.377905 0.129025 0.031365 0.258473 -0.595138 -0.289432 0.270908 0.127279 0.519710 -0.182129 -0.450159 -0.180177 0.040767 0.001509 
0.090479 0.243064 -0.147520 0.076460 0.460275 0.419768 0.000789 0.185029 0.110412 0.168502 0.295872 -0.066428 -0.022054 0.007302 -0.038979 -0.051553 -0.028533 -0.654657 0.430860 -0.165135 0.162090 0.485130 0.231725 -0.129575 0.010741 0.261789 -0.523061 -1.145430 0.580329 -0.327612 0.329560 -0.042774 0.115467 -0.213844 0.258748 -0.085428 -0.303319 -0.053705 -0.347778 -0.243084 0.201581 0.255634 -0.292854 0.226861 -0.400781 -0.189200 0.287208 0.092683 0.388511 -0.157675 -0.439345 -0.158827 -0.135691 -0.102276 
-0.002007 0.112806 -0.203584 0.066601 0.448971 0.324978 -0.057058 0.112819 -0.020179 0.143562 0.101709 0.060917 0.048383 0.106527 -0.042882 0.055440 0.126163 -0.477090 -0.049985 0.100826 0.284548 0.369691 0.215484 0.099436 -0.166635 0.184267 -0.412999 -1.080031 0.531443 -0.352240 0.335731 0.062225 0.311052 -0.179198 0.320670 0.030883 -0.153190 -0.364422 -0.155279 0.007905 0.411673 0.351884 -0.355403 -0.004297 -0.130942 -0.022790 0.245724 0.288110 0.289134 -0.282696 -0.463363 -0.016730 0.118270 -0.139288 
-0.071847 -0.001807 -0.245687 0.038549 0.480580 0.192498 -0.048292 0.028996 0.271005 0.284274 0.239089 -0.166798 0.137226 0.109854 -0.154374 0.004834 0.221119 -0.496491 0.092206 0.077455 0.202877 0.158139 0.314466 0.084789 -0.155955 0.180542 -0.193800 -0.832959 0.717916 -0.442193 0.083447 -0.056658 0.486122 -0.174246 0.392351 -0.039141 -0.264154 -0.281359 -0.354177 0.121299 0.321331 0.779325 -0.065826 0.123357 -0.181135 -0.168948 0.253057 0.302692 0.547690 -0.194157 -0.217150 -0.194426 0.055593 -0.149529 
0.046565 0.234388 -0.113425 -0.022941 0.250017 0.167388 -0.090622 0.068780 0.065446 0.184022 0.142240 -0.042986 0.025419 0.052053 -0.053083 0.027690 0.202907 -0.698439 -0.027741 -0.041028 0.137416 0.263156 0.143243 -0.183500 -0.228229 -0.053085 -0.096269 -0.532516 0.574895 -0.480057 0.089839 -0.297555 0.345194 -0.277445 0.038872 -0.113219 -0.148085 -0.430459 -0.269520 0.119370 0.394543 0.523393 -0.005387 0.165433 -0.150922 -0.105515 0.300738 -0.033167 0.648854 -0.412244 -0.542882 -0.044291 0.069137 0.112940 
0.138155 -0.103000 -0.475081 -0.012281 0.109465 0.256013 0.085717 -0.015739 0.005259 0.183100 0.123452 -0.084567 -0.095888 0.170054 -0.305416 0.055677 0.071894 -0.879846 0.265092 -0.069227 -0.019149 0.029526 0.225047 -0.011557 -0.212638 -0.041629 0.184348 -0.396639 0.473154 -0.771011 0.161750 -0.363836 0.243950 -0.255423 -0.054730 -0.237866 -0.217529 -0.311282 -0.545970 -0.029391 0.362251 0.780430 -0.237894 0.382696 0.117070 -0.000051 0.336392 -0.111419 0.746399 -0.239428 -0.494603 0.016563 0.030284 0.053373 
0.259650 0.071007 -0.518542 0.030596 0.376718 0.183892 0.039013 0.350410 -0.149508 0.239001 0.173309 0.145793 -0.046417 0.114163 0.033628 -0.162762 -0.221366 -0.912494 0.312239 0.108554 0.057907 0.220577 0.056199 -0.118194 -0.064132 -0.115305 -0.073257 -0.379749 0.336953 -0.610680 -0.017720 -0.253183 0.384376 -0.358634 -0.060372 -0.042663 -0.152183 -0.307149 -0.253911 0.065871 0.631382 0.799755 -0.322589 0.546188 0.050247 0.118065 0.180395 -0.151237 0.693282 -0.365787 -0.561727 -0.077232 0.272036 -0.015331 
0.073478 -0.162658 -0.593660 -0.217018 0.625620 0.127556 -0.114820 0.110405 0.274287 -0.009149 0.038639 0.052412 -0.092587 0.588210 -0.158652 -0.114988 -0.104434 -0.724845 0.252093 -0.054513 0.009803 -0.136944 0.077187 -0.097184 0.135145 -0.192093 -0.205876 -0.126819 0.343800 -0.543854 0.082875 -0.200154 0.509559 -0.544198 0.092442 -0.048567 -0.042702 -0.393341 -0.363297 0.089152 0.420551 0.576240 -0.167411 0.351598 0.062550 0.074826 0.159562 -0.122239 0.740634 -0.556252 -0.596289 -0.174126 0.253241 -0.167144 
0.126359 0.087352 -0.508135 -0.246984 0.598635 0.113097 0.026364 -0.088947 0.276917 -0.051003 0.319418 0.150873 0.007796 0.558190 -0.015283 0.034359 0.149523 -0.514969 0.022953 -0.120978 0.002706 -0.089120 -0.054142 -0.191420 0.083095 -0.441640 -0.355108 0.043048 0.220098 -0.486277 0.096856 -0.161971 0.541855 -0.273979 0.095812 -0.132983 -0.039919 -0.444794 -0.033916 0.323048 0.283877 0.548464 -0.121992 0.485839 0.076113 -0.079777 0.317778 -0.031013 0.676539 -0.587049 -0.453820 -0.150656 0.080067 -0.002822 
0.342281 0.121703 -0.593949 -0.163170 0.769241 0.006896 -0.177397 -0.071284 0.207339 -0.125704 0.397883 0.054376 0.037402 0.751465 -0.304741 0.138443 0.294288 -0.094840 -0.248285 -0.066344 0.116229 0.003926 0.006009 0.001423 -0.069645 -0.512724 -0.554835 -0.014943 0.112627 -0.288075 -0.072932 -0.069839 0.377144 -0.236979 0.034992 -0.095763 0.038382 -0.426877 -0.058675 0.406191 0.060351 0.675805 -0.051340 0.538682 0.253700 0.324198 0.238750 0.160349 0.493889 -0.489976 -0.523507 0.121990 -0.042061 0.194960 
0.360595 0.191429 -0.759264 -0.472956 0.656281 -0.100841 0.015185 -0.031366 0.520312 -0.014577 0.543827 0.195587 0.205971 0.745912 -0.083096 -0.000782 0.450240 -0.090488 -0.288501 -0.368696 0.017302 -0.080803 -0.112443 0.214793 0.189484 -0.502442 -0.283574 -0.055023 -0.038383 -0.447204 0.090310 -0.173061 0.578742 -0.268971 0.133814 -0.157847 0.150962 -0.245365 -0.050956 0.541219 -0.063030 0.664245 0.052817 0.329271 0.308297 0.276507 0.367415 0.160739 0.119805 -0.292065 -0.645985 0.078677 -0.342296 -0.032681 
0.464413 0.168123 -0.755269 -0.700704 0.614750 -0.176283 0.037777 0.022874 0.402931 0.173586 0.876086 -0.146773 0.165970 1.034545 0.187833 0.340395 0.223844 -0.203494 -0.507683 -0.315989 0.297635 -0.024796 -0.059181 0.158161 0.238142 -0.336928 -0.301438 -0.202285 -0.085612 -0.603391 0.251093 0.054071 0.728847 -0.437971 0.224973 -0.057237 0.209235 -0.204923 -0.173789 0.322400 -0.013987 0.754167 0.080440 0.480243 0.257517 0.331198 0.409941 0.055377 -0.023495 -0.162688 -0.583244 -0.059297 -0.248792 0.134494 
0.464152 0.187491 -0.678801 -0.822352 0.478300 -0.467611 0.029224 -0.174369 0.405797 0.100204 0.652322 0.133544 0.394824 1.218635 0.344717 0.255716 0.170387 -0.434533 -0.684654 -0.461424 0.278496 0.183066 0.069752 0.210316 0.191919 -0.312662 -0.053272 0.150432 -0.556397 -0.767318 0.188513 0.335286 0.624366 -0.608742 0.324413 -0.103808 0.260275 -0.137519 -0.071659 0.436469 -0.331368 0.829717 0.160026 0.405232 0.270417 0.228051 0.393458 -0.046383 0.234939 0.165129 -0.796978 -0.008733 -0.056928 -0.002429 
0.616158 -0.234197 -0.579112 -0.655283 0.187505 -0.397275 0.191026 -0.388835 0.409803 0.133377 0.684637 -0.122260 0.462225 1.370003 0.431682 0.421885 0.460808 -0.328250 -0.840196 -0.224617 0.121293 0.142694 0.354419 0.250041 0.104916 -0.532855 -0.194313 0.180449 -0.636995 -0.707948 0.334991 0.212018 0.502166 -0.342818 0.134726 -0.200837 0.031899 -0.295865 -0.011228 0.396558 -0.283041 0.841785 -0.074075 0.444444 0.203014 0.311335 0.484516 -0.109790 0.651716 -0.146403 -0.613483 -0.163449 0.101966 0.029437 
0.510880 -0.148122 -0.494909 -0.645423 0.180852 -0.423168 0.061882 -0.664033 0.535844 0.132272 0.430316 0.183642 0.386143 1.406366 0.475196 0.665747 0.326146 -0.381876 -1.009128 0.024193 0.126135 0.083287 0.202519 -0.173069 0.113182 -0.626040 0.125255 0.036151 -0.828386 -0.627134 0.554929 0.164888 0.427069 -0.167006 0.287960 -0.393247 0.132240 -0.327352 -0.215588 0.487587 -0.182480 0.728107 -0.172847 0.505380 0.256563 0.401446 0.471515 0.038502 0.582017 -0.089462 -0.333527 -0.064081 0.004398 0.176529 
0.457137 -0.026869 -0.592862 -0.885227 -0.021802 -0.357149 0.135135 -0.640052 0.529793 0.403908 0.208634 0.176163 0.618163 1.271656 0.486277 0.519457 0.383857 -0.004261 -0.817282 -0.072901 0.018901 -0.033901 0.125392 -0.147006 0.163923 -0.709972 0.383632 0.323176 -0.863198 -0.383569 0.293847 0.357978 0.519419 -0.045734 -0.004995 -0.285491 -0.007081 -0.263772 0.024372 0.403400 -0.156544 0.832677 -0.287522 0.593485 0.380959 0.518989 0.382294 0.223202 0.644761 -0.115591 -0.448432 -0.145502 -0.155746 -0.169689 
0.493648 -0.105591 -0.575814 -0.714465 0.227582 -0.393825 0.250257 -0.497435 0.389488 0.289831 0.142412 0.260898 0.672617 1.192030 0.161464 0.185268 0.327220 -0.179940 -0.670362 -0.062628 0.240024 -0.160865 -0.048048 -0.045277 0.228381 -0.868116 0.200235 0.159070 -0.796982 -0.226995 0.219504 0.125365 0.697340 -0.010543 -0.085699 -0.413245 0.067476 -0.234433 0.072765 0.242841 -0.620798 0.850249 -0.055961 0.845222 0.322126 0.734857 0.342068 0.144080 0.406815 0.013104 -0.221521 -0.221921 -0.146400 -0.092257 
0.524461 -0.190497 -0.909846 -0.726747 0.086889 -0.612962 0.398030 -0.325083 0.343363 0.425913 0.135640 0.262631 0.417456 0.959864 0.078005 0.300631 0.151941 -0.036248 -0.617835 0.073565 0.070271 -0.225490 0.124875 -0.081532 0.058268 -0.862448 0.210478 0.307055 -0.813122 -0.182404 0.131599 0.077922 0.379777 0.170157 -0.193204 -0.393234 -0.159741 0.098365 0.246109 0.241752 -0.648305 0.625121 -0.274400 0.502516 0.166435 0.802748 0.271859 0.148443 0.457350 0.168105 -0.149872 -0.198143 -0.214979 -0.042857 
0.365314 -0.134669 -0.776451 -0.382577 0.247295 -0.692184 0.287664 -0.452141 0.336913 0.320715 0.214116 0.223091 0.455592 1.043317 -0.057642 0.118072 0.206086 -0.078405 -0.812050 0.064296 0.021565 -0.494177 -0.003181 0.245725 0.036098 -0.572643 0.298753 0.445903 -0.683887 -0.008642 -0.180490 0.119225 0.453967 0.056079 -0.088772 -0.067117 0.096009 0.195074 0.283829 0.124471 -0.528202 0.447217 -0.185010 0.585405 0.223062 0.857286 0.426867 0.043396 0.301189 0.038564 -0.250429 -0.119841 0.032898 0.090264 
0.273784 -0.303366 -0.783131 -0.364398 0.350215 -0.591216 0.023318 -0.088390 0.165460 0.259438 0.368247 0.333710 0.395064 0.893906 -0.026707 0.066092 0.266820 -0.035028 -0.748909 -0.048504 0.125638 -0.293960 0.156949 -0.090795 0.081925 -0.399918 0.183919 0.339031 -0.799492 -0.017263 -0.074359 0.022366 0.163530 0.142143 0.105731 -0.295428 0.004915 0.270121 0.372481 0.370936 -0.507754 0.703770 -0.164810 0.173884 0.114853 1.034159 0.433101 0.328684 0.408561 0.012368 -0.270897 -0.286251 -0.202954 0.056258 
0.222168 -0.333512 -0.622225 -0.374111 0.241902 -0.341189 0.239804 -0.017295 0.424731 0.396274 0.102163 0.303782 0.236530 0.932002 -0.102784 0.058554 0.172725 -0.038553 -0.582587 0.044869 -0.074419 -0.456171 0.069552 -0.088121 0.344638 -0.500200 0.007330 0.451997 -0.961008 0.061062 -0.050041 0.149659 0.104571 0.303509 0.197074 -0.056724 -0.085104 0.162315 0.505043 0.356971 -0.580676 0.339504 -0.107254 0.029632 0.088317 0.825213 0.370595 0.266805 0.430787 0.126066 -0.264794 -0.314822 0.009424 -0.065311 
0.150054 -0.222108 -0.528120 -0.416224 0.429133 -0.251540 0.100050 0.174495 0.257983 0.467562 0.112947 0.432887 0.420018 0.733230 -0.090316 -0.398585 0.248558 0.028474 -0.617506 0.184636 -0.321986 -0.541664 0.078384 -0.038902 0.239127 -0.521442 0.199371 0.446850 -1.067436 0.153170 -0.341572 0.189646 -0.006739 0.478856 0.075982 -0.090525 0.079117 0.069371 0.547259 0.154231 -0.325160 0.408086 -0.020664 -0.069813 -0.026373 0.640928 0.362867 0.250575 0.632087 0.281655 -0.201240 -0.029843 0.237320 0.250922 
-0.110803 -0.482397 -0.472749 -0.256117 0.149206 -0.490822 0.072089 0.009428 0.137000 0.484874 -0.081932 0.294990 0.286911 0.260507 -0.471676 -0.584976 -0.009589 0.191791 -0.489802 0.065025 -0.349497 -0.734732 -0.142468 -0.027390 0.164383 -0.322727 0.371097 0.585287 -0.949784 0.562480 -0.441401 0.224553 -0.180407 0.247528 -0.044689 0.133803 -0.093912 0.131139 0.419400 -0.098419 -0.336802 0.565339 0.117122 -0.160957 -0.033526 0.617663 0.304248 -0.047713 0.641563 0.210480 -0.079716 0.055370 0.117827 0.270704 
-0.205614 -0.382595 -0.482428 -0.355456 0.172467 -0.408889 0.073655 0.125759 0.035993 0.544208 -0.208082 0.553635 0.195677 0.338464 -0.548407 -0.508738 0.205804 -0.160112 -0.665581 0.421687 -0.493381 -0.852455 0.458897 -0.205836 0.227438 -0.243815 0.337505 0.827792 -0.786703 0.575484 -0.416060 0.054164 -0.132302 0.343014 0.124504 0.136477 -0.072174 0.074331 0.551416 -0.201069 -0.492724 0.400095 0.322264 -0.132173 0.030038 0.452725 0.167526 0.274461 0.499644 0.468644 0.148844 0.164836 0.193906 0.017772 
-0.185259 -0.428088 -0.414201 -0.209865 -0.090427 -0.147759 0.166278 -0.128968 0.151936 0.479057 -0.038677 0.582366 0.208726 0.138966 -0.304614 -0.617481 0.019976 -0.064448 -0.637749 0.437516 -0.536350 -0.476572 0.204106 0.035549 0.175549 -0.016391 0.360442 0.860959 -0.684887 0.761100 -0.507119 -0.022083 -0.434103 0.174209 0.075376 0.340298 -0.134269 0.000247 0.531750 -0.230501 -0.335411 0.507103 0.095128 -0.081353 0.227224 0.344868 0.088378 0.138471 0.406211 0.631814 0.007288 0.187617 0.120205 -0.079968 
-0.286774 -0.454410 -0.291051 -0.074408 -0.078580 0.011945 0.185199 0.114554 0.143798 0.459909 -0.208467 0.473242 -0.005745 -0.159140 -0.492995 -0.669387 -0.009060 -0.007064 -0.719083 0.620507 -0.697978 -0.626605 0.363108 -0.035231 0.030028 -0.129139 0.354607 0.724106 -0.848493 0.795200 -0.518230 0.169958 -0.276452 0.252553 0.106281 0.440910 -0.141841 -0.037799 0.509656 -0.413938 -0.411071 0.641498 0.265684 0.012895 0.201652 0.546178 0.119785 0.102151 0.371692 0.676973 0.072745 0.364033 0.071434 -0.002894 
-0.296707 -0.388175 -0.311088 -0.099989 -0.268645 -0.044467 -0.066993 0.114883 0.227677 0.452794 -0.104636 0.622667 -0.167995 -0.402186 -0.569079 -0.738679 -0.076354 -0.122039 -0.576309 0.695911 -0.425676 -0.600714 0.142026 -0.034713 0.304578 -0.154638 0.111897 0.394507 -0.972424 0.783500 -0.522336 -0.061995 -0.502434 0.146558 0.219169 0.585043 -0.250738 0.180166 0.443649 -0.260085 -0.367837 0.621261 0.358176 -0.242729 0.372093 0.393272 0.057847 0.170763 0.312369 0.679405 0.367990 0.317570 -0.302439 0.047389 
-0.216304 -0.311715 -0.158932 0.022935 -0.142863 -0.137718 -0.220908 0.145874 -0.089247 0.438798 -0.158500 0.274996 -0.299554 -0.305659 -0.447758 -0.611857 0.010363 -0.117873 -0.382142 0.888100 -0.605414 -0.403910 0.044280 0.035055 0.226186 -0.129797 0.132480 0.683192 -0.814175 1.020503 -0.396162 0.144241 -0.238338 0.273344 0.086767 0.570437 -0.244750 0.020470 0.253970 -0.238081 -0.465153 0.279964 0.362318 0.028337 0.335673 0.395219 0.030390 0.037129 0.226676 0.771151 0.247738 0.490346 -0.611104 0.098964 
-0.198925 0.002005 -0.244637 0.009448 -0.418063 -0.344793 -0.037054 0.259279 0.011371 0.406661 0.020464 0.338714 -0.411114 -0.258294 -0.628369 -0.763076 -0.074825 -0.220777 -0.215405 0.777836 -0.450834 -0.202152 -0.106879 -0.091786 0.122379 -0.160522 0.345292 0.734609 -0.941105 0.821896 -0.455462 0.021365 -0.255305 0.261629 0.310110 0.742138 -0.522019 -0.247731 0.316402 -0.284110 -0.230236 0.475107 0.283760 0.035952 0.514499 0.543138 -0.286622 -0.147109 0.115476 0.602276 0.065894 0.449889 -0.597870 0.114497 
-0.171360 -0.092076 -0.216011 0.071896 -0.290427 -0.314112 -0.073132 0.380631 0.183855 0.106631 -0.218101 0.419133 -0.238145 -0.223216 -0.823871 -0.868608 0.076757 -0.239275 -0.168648 0.590119 -0.377738 -0.522257 0.239927 0.023843 -0.071183 0.012335 0.560326 0.658181 -0.854666 1.020300 -0.419588 -0.106040 -0.362549 0.390738 0.181897 0.724746 -0.299419 -0.326401 0.422258 -0.244765 -0.296509 0.487914 0.378945 0.028136 0.296047 0.485347 -0.219290 -0.164440 -0.012049 0.430836 0.224946 0.355076 -0.406116 0.132235 
-0.394171 -0.037685 -0.160548 -0.030903 -0.206863 -0.171744 0.133812 0.203271 0.181457 0.191557 0.004886 0.296310 -0.182672 -0.190982 -0.656774 -0.768834 0.229218 -0.048864 -0.194107 0.244725 -0.377800 -0.168010 0.082628 0.102697 -0.100252 0.154723 0.534168 0.815781 -0.647620 0.792348 -0.325125 -0.006628 -0.242665 0.152041 0.093998 0.900937 -0.289022 -0.160296 0.181326 -0.259465 -0.368199 0.438768 0.340362 -0.397965 0.190724 0.521568 -0.096769 0.110865 0.149235 0.568027 0.248981 0.554769 -0.343096 -0.030063 
-0.337135 -0.110517 -0.344852 -0.030047 -0.145351 -0.554327 -0.024137 0.243567 0.271200 -0.305741 -0.005161 0.243489 0.218043 -0.115910 -0.522108 -0.764273 0.406346 -0.251272 0.150953 0.384146 -0.311429 -0.077547 0.008539 0.120922 -0.158868 0.098748 0.555451 0.560772 -0.471082 0.670857 -0.152947 0.098608 -0.286672 0.045880 0.063625 0.943983 -0.447969 -0.361216 0.269910 0.156223 -0.094573 0.176682 0.192639 -0.346698 0.277758 0.313382 0.225833 0.126794 0.483988 0.709019 0.441748 0.561315 -0.396912 -0.159099 
-0.542808 -0.172857 -0.486919 -0.242300 -0.272525 -0.772419 0.021479 0.267172 0.159744 -0.458070 -0.149560 -0.087981 0.368915 -0.279956 -0.537582 -0.759093 0.529467 -0.026751 0.396110 0.300789 -0.239593 0.249681 0.158599 -0.024730 -0.448365 -0.067622 0.529556 0.289672 -0.643173 0.397597 0.047661 0.205699 -0.337622 -0.078389 -0.215005 0.855345 -0.833132 -0.448895 0.304608 0.091295 0.108727 0.302285 0.012704 -0.570373 0.145729 0.190016 0.715773 -0.134027 0.396457 0.695410 0.681059 0.304435 -0.364297 -0.298612 
-0.384573 -0.264289 -0.157495 -0.239722 -0.074116 -0.474648 -0.025430 0.325961 0.260242 -0.612235 0.049492 -0.146908 0.473115 -0.271478 -0.690847 -0.822064 0.639436 -0.008873 0.541128 0.456676 -0.622428 0.386573 0.274983 -0.289706 -0.241590 -0.073199 0.459528 -0.137056 -0.794658 0.228075 0.079907 0.185248 -0.228218 0.019053 -0.169759 0.870650 -0.981099 -0.489030 0.365217 0.135782 0.038229 0.048914 -0.020962 -0.276247 0.420887 -0.028855 0.510043 -0.092635 0.302514 0.657439 0.489387 0.317031 -0.277052 -0.505076 
-0.358900 -0.114475 -0.248411 -0.278526 0.070138 -0.403327 -0.219112 0.188194 0.101797 -0.387310 -0.172278 -0.001105 0.331446 -0.081456 -0.962971 -0.796272 0.670148 -0.264548 0.637869 0.314774 -0.394386 0.247694 0.094547 -0.397989 -0.499830 0.040482 0.231364 0.012688 -0.427527 0.445794 0.238054 -0.109773 -0.479556 0.069201 -0.084619 0.741372 -0.841020 -0.445363 0.343448 0.302576 0.335155 0.012163 -0.168385 -0.458335 0.214534 0.081944 0.371879 0.087279 0.294507 0.545629 0.478065 0.193202 -0.188707 -0.577384 
-0.297389 -0.200712 0.007913 -0.184320 0.069025 -0.375575 -0.229406 0.155371 -0.043127 -0.153271 -0.005249 0.280118 0.536951 -0.017987 -0.803414 -0.758285 0.713333 -0.281666 0.438412 -0.074266 -0.172232 0.233347 0.186716 -0.313894 -0.308931 -0.114278 0.075704 0.428078 -0.692168 0.849149 0.250064 -0.048110 -0.390120 0.541094 0.121642 0.784309 -0.251601 -0.466693 0.028527 0.125296 0.193022 0.031984 -0.066187 -0.203979 0.246238 -0.061831 0.197154 0.380868 0.236840 -0.057481 0.355220 0.377013 0.262616 -0.497232 
-0.148360 -0.246173 -0.090086 -0.383469 -0.047785 -0.279908 -0.018361 0.348567 -0.398581 -0.027255 -0.103496 0.298573 0.361239 0.201678 -0.811729 -0.978576 0.550829 -0.311823 0.177920 -0.026364 -0.268489 0.018356 -0.133587 -0.613897 -0.550883 0.121607 -0.171809 0.548425 -0.348521 0.775795 0.120325 0.057418 -0.484511 0.769110 0.313248 0.498554 -0.248620 -0.591660 -0.203572 -0.045015 0.239080 -0.097676 -0.216105 -0.368128 0.202826 0.050232 0.351703 0.580250 0.084006 -0.055836 0.214544 0.466542 0.516774 -0.345632 
-0.121852 -0.255312 0.402197 -0.431588 -0.118655 -0.001851 -0.270949 0.215901 -0.188206 -0.207729 -0.240038 0.237655 0.345704 0.097729 -0.767189 -0.641360 0.322775 -0.428988 0.372460 -0.110935 -0.256419 0.163065 0.083883 -0.604017 -0.225458 -0.107066 -0.118673 0.923515 -0.498889 0.963710 0.266989 0.033117 -0.430892 0.734540 0.302464 0.772415 -0.251728 -0.186069 -0.311657 -0.186179 0.097735 -0.031474 -0.168595 -0.463607 0.119778 -0.054432 0.637540 0.461530 0.242766 0.062328 0.150514 0.081635 0.572591 -0.149540 
-0.142018 -0.288181 0.388059 -0.448110 -0.113446 -0.126651 -0.060152 0.071282 -0.089658 0.172475 -0.179670 0.148576 0.417089 0.018421 -0.592859 -0.600962 0.168823 -0.646658 0.109923 0.047777 -0.302669 0.199059 0.104438 -0.624823 -0.391299 -0.059699 -0.073678 0.755823 -0.454444 0.549289 0.168621 0.125649 -0.411808 0.615729 0.105628 0.801951 -0.203614 -0.029847 -0.370504 -0.345442 0.113746 -0.498380 -0.117606 -0.655192 0.003580 -0.040815 0.834555 0.121599 0.244221 -0.072414 0.106383 0.217063 0.200341 0.098223 
-0.151255 -0.156451 0.485389 -0.393900 -0.364348 -0.305477 -0.327178 0.017658 -0.236983 -0.099362 -0.348054 0.100489 0.274408 0.144070 -0.572194 -0.348297 -0.060607 -0.682755 0.462824 0.149028 -0.572706 0.328950 0.083986 -0.625167 -0.530599 -0.091257 -0.311270 0.269073 -0.603514 0.357736 0.040141 -0.012537 -0.496825 0.512791 -0.044134 0.734212 -0.226034 0.105552 -0.438432 -0.391951 -0.175584 -0.471746 -0.026700 -0.685021 -0.014557 0.060647 0.979167 -0.010387 -0.059297 0.058873 0.145275 -0.087520 0.418922 0.491648 
-0.274718 -0.322209 0.561500 -0.365152 -0.593210 0.044410 -0.176733 -0.160792 -0.268496 0.074005 -0.442290 0.130510 0.352096 -0.065669 -0.137637 -0.204709 -0.283862 -0.573984 0.464539 0.019816 -0.417018 0.354481 0.302952 -0.890246 -0.446754 -0.143113 0.069776 0.151055 -0.558491 -0.021962 -0.150167 -0.041910 -0.435199 0.223050 -0.072872 0.591573 -0.336105 0.338648 -0.527589 -0.418419 -0.369027 -0.471780 -0.084586 -0.467779 0.143571 0.036872 0.770454 -0.072511 0.110820 0.037225 0.207310 -0.021216 0.219559 0.609469 
-0.148365 -0.288415 0.208414 -0.037680 -0.826361 -0.252526 -0.039235 -0.374670 -0.337003 -0.229710 -0.580041 0.085021 0.327734 -0.212624 -0.213026 -0.083884 -0.375368 -0.307287 0.512004 0.180282 -0.389838 0.622019 0.354224 -0.761545 -0.508267 0.078192 -0.049126 -0.120341 -0.656190 -0.313193 -0.232104 0.215122 -0.396960 0.092728 -0.293701 0.516432 -0.113089 0.432250 -0.440527 -0.534717 -0.441426 -0.327131 -0.436355 -0.413405 -0.027094 -0.122090 0.590383 -0.123006 0.175074 0.131823 0.223922 -0.320329 -0.064876 0.473082 
-0.357767 -0.453840 0.051948 -0.164054 -0.773640 -0.059765 0.170107 -0.228631 -0.040324 -0.383436 -0.807880 0.206705 0.084941 -0.447820 -0.290675 0.179094 -0.503972 -0.303485 0.518713 0.413965 -0.313400 0.665165 0.190992 -0.768063 -0.399196 0.413618 -0.013237 0.161004 -0.390649 -0.508876 0.167756 0.185451 -0.015039 -0.153693 -0.140381 0.613103 0.046180 0.382188 0.076265 -0.196967 -0.478015 -0.460146 -0.470374 -0.794893 -0.196024 -0.298448 0.606714 -0.175399 -0.268602 0.196829 0.335502 -0.046941 0.158453 0.751740 
-0.084062 -0.540511 -0.068718 0.213656 -0.942655 -0.226438 0.187800 -0.418949 0.311091 -0.450144 -0.737211 0.129958 -0.071961 -0.256962 -0.469371 0.151421 -0.565224 0.051564 0.436334 0.590317 -0.090816 0.474519 0.158287 -0.786307 -0.309485 0.613929 -0.177250 0.005937 -0.648385 -0.809263 0.040187 0.445121 0.032749 -0.372481 0.014812 0.766490 0.422690 0.500261 0.391962 0.112245 -0.311145 -0.497750 -0.521614 -1.157317 -0.293822 -0.565793 0.446327 -0.422748 -0.177770 0.140179 0.262052 -0.529014 0.152293 0.785182 
-0.281502 -0.738731 0.038092 0.311714 -0.857356 -0.545848 0.081965 -0.311766 0.379038 -0.198840 -0.802990 0.095188 -0.203578 -0.080137 -0.414788 0.189163 -0.593959 0.101642 0.574329 0.783209 0.081257 0.239233 0.025230 -0.510458 0.048716 0.716624 -0.211885 0.129642 -0.655834 -0.980096 0.024213 0.560224 0.230809 -0.066766 0.004114 0.775827 0.315980 0.500531 0.679046 0.322499 -0.332483 -0.298510 -0.493048 -1.241745 -0.316610 -0.664687 0.404999 -0.602925 -0.301977 0.373184 -0.054176 -0.440661 0.225005 0.552989 
0.206326 -0.530207 0.116790 0.295322 -1.171227 -0.437597 0.205735 -0.237559 0.515672 0.046153 -0.471390 -0.165466 -0.168809 -0.063218 -0.609723 0.392391 -0.771306 0.364406 0.860396 0.734797 0.113178 0.094555 0.056954 -0.326893 0.349756 0.749499 -0.115122 0.117919 -0.669301 -1.037854 0.056521 0.808002 0.364797 0.250493 -0.357735 0.503390 0.380696 0.642801 0.762618 0.608995 -0.559807 -0.298414 -0.586808 -1.376606 -0.304521 -0.484527 -0.180310 -0.306035 -0.136842 0.286078 -0.254235 -0.776290 0.277274 0.758175 
0.452071 -0.606956 0.152060 0.359529 -1.207840 -0.285937 -0.087950 -0.013580 0.673388 0.154010 -0.443192 -0.437008 -0.246401 -0.174611 -0.590133 0.209188 -0.593644 0.058492 1.100461 0.633997 0.251250 0.035551 0.155380 -0.269742 0.763022 0.650867 -0.130735 0.228182 -0.494563 -0.737106 -0.162615 0.909023 0.013888 0.743433 -0.527802 0.209342 0.112507 0.730949 0.600347 0.691042 -0.134977 -0.362909 -0.924754 -1.050419 -0.157993 -0.216502 -0.153929 -0.555095 -0.349742 -0.215559 -0.216467 -0.929900 0.260455 0.520748 
0.640760 -0.393507 -0.126087 0.322635 -1.347355 -0.015845 -0.114502 0.292921 0.528354 0.324879 -0.633608 -0.656119 -0.274014 -0.286818 -0.545652 0.469692 -0.724123 0.225151 0.854692 0.644787 0.202675 -0.051774 0.151793 -0.229173 0.859676 0.789715 0.070610 -0.098110 -0.354675 -0.498958 -0.307678 0.900424 -0.057837 0.953632 -0.875952 0.161944 0.133165 0.282106 0.435369 0.730229 -0.100122 -0.402949 -1.143786 -0.750345 -0.156744 0.085141 -0.456493 -0.367700 -0.257415 -0.083056 0.105656 -0.797300 0.631505 0.513247 
0.754776 -0.621157 -0.220638 0.332863 -1.111289 0.008880 -0.093184 0.123337 0.522470 0.461250 -0.669887 -0.770958 -0.199110 -0.162389 -0.803302 0.508600 -0.721424 0.134864 1.015739 0.464367 0.016625 0.035421 0.096025 -0.350501 0.712753 0.490486 0.104207 0.151632 0.108835 -0.127143 -0.342578 0.971177 -0.447479 1.207049 -0.836864 -0.054810 0.069050 0.084991 0.501687 1.022103 0.160763 -0.372570 -1.148790 -0.272343 -0.263153 0.388855 -0.409683 -0.192107 -0.492724 -0.292624 0.356965 -0.451136 0.905541 0.429235 
0.693381 -0.519340 -0.192125 0.249039 -0.744432 0.173878 -0.359876 -0.021403 0.468492 0.397924 -0.518033 -0.811974 -0.030581 0.332421 -0.748424 0.567779 -0.842722 0.016389 1.069947 0.200699 -0.043510 -0.179433 0.115038 -0.273362 0.744620 0.338488 0.065317 0.090886 0.101452 -0.033325 -0.319171 0.912811 -0.712997 0.877396 -0.428108 -0.417815 -0.000345 0.163110 0.216355 1.037645 0.236600 -0.261094 -1.207386 0.452916 -0.150048 0.421602 -0.487507 -0.057296 -0.430920 -0.314030 0.488572 -0.231761 1.061463 0.316695 
0.533542 -0.271722 -0.425918 0.155601 -0.543950 0.329238 -0.490148 -0.337190 0.347547 0.273714 -0.789486 -1.034755 -0.194064 0.498047 -0.284443 0.208681 -0.816470 0.150203 0.928686 0.079422 -0.191625 -0.169186 -0.251838 -0.234788 0.716742 0.512851 0.353159 0.486161 0.140098 0.516068 -0.641953 0.441611 -0.643820 0.738693 -0.104426 -0.678605 -0.299291 -0.045511 0.076443 0.923013 0.248495 -0.058860 -0.998164 0.881230 0.046233 0.462161 -0.376481 0.101273 -0.623761 -0.359594 0.636361 -0.041145 1.054164 0.510485 
0.233281 -0.048445 -0.164454 0.201559 -0.151927 0.406444 -0.765070 -0.383352 0.107230 0.075950 -0.545417 -1.306068 0.102875 0.354326 -0.384657 -0.008174 -0.675352 0.120822 1.055310 0.307610 -0.647684 -0.520275 -0.430853 -0.223431 0.761865 0.351572 0.210073 0.222636 -0.200734 0.860430 -0.550497 -0.040823 -0.978859 0.539236 -0.159168 -0.780891 -0.397937 0.250009 -0.111513 0.910844 -0.151315 -0.285045 -0.707546 1.082453 -0.433728 0.619084 -0.499190 0.089370 -0.650262 -0.330629 0.768910 0.136627 0.942684 0.818723 
-0.290490 -0.047177 -0.102143 0.153154 0.350742 0.217285 -0.833902 -0.464113 -0.056833 0.122218 -0.782056 -1.585228 -0.073673 0.553304 -0.488788 -0.278153 -0.439804 0.349147 1.088509 0.309246 -1.039968 -0.537620 -0.432056 -0.332941 0.277766 0.091614 -0.061555 0.331306 -0.282217 1.158881 -0.539823 -0.411614 -0.980387 0.083439 -0.217970 -0.813000 -0.873764 0.131217 -0.042425 0.736929 -0.208597 -0.329240 -0.430362 1.072485 -0.625822 0.803636 -0.620859 -0.215176 -0.743908 -0.250951 1.038355 -0.089345 0.437132 0.820489 
-0.815005 -0.180358 0.010364 -0.020261 0.686294 -0.044884 -0.548139 -0.639914 -0.318724 -0.001988 -0.390221 -1.256483 0.020217 0.152784 -0.262545 -0.165232 0.165569 0.491743 1.201961 0.593317 -0.659074 -0.353745 -0.538873 -0.103416 0.203590 0.233834 -0.407870 -0.005088 -0.257450 1.317651 -0.596142 -0.681467 -0.831138 -0.409989 -0.362649 -0.448520 -1.493695 -0.085853 -0.079258 0.919507 0.045847 -0.277045 -0.454075 0.961937 -0.748987 0.521010 -0.966407 -0.183133 -0.743623 -0.087589 1.217393 -0.018616 0.079469 0.830627 
-0.953985 -0.173871 -0.189692 -0.016632 0.572102 -0.446487 -0.382636 -0.602027 -0.268690 0.259886 0.032655 -0.976020 -0.090547 -0.246678 -0.466365 -0.133373 0.183577 0.523129 0.640022 0.631514 -0.376277 -0.368885 -0.592492 0.141836 -0.156484 0.251535 -0.543644 0.298444 0.074912 0.810365 -0.368103 -0.708545 -0.213434 -0.750834 -0.477096 -0.393925 -1.484548 -0.032982 0.202426 0.833017 0.034738 0.094200 -0.546399 0.711906 -0.708751 0.340764 -0.919041 -0.254549 -0.666515 -0.117559 0.983736 -0.266903 -0.507566 1.003859 
-1.115910 -0.016142 0.079744 -0.239644 0.143354 -0.701999 -0.244937 -0.539184 -0.365120 0.278800 0.496620 -0.775212 -0.004456 -0.296341 -0.218236 -0.110331 0.211473 0.370336 0.118800 0.251518 0.052644 0.082918 -0.316370 0.232600 -0.595646 0.176458 -0.292475 0.284428 -0.152463 0.365848 0.046586 -1.057857 0.442979 -0.631323 -0.413207 -0.486280 -1.286616 -0.017657 0.393166 0.701439 -0.003213 0.347946 -1.008912 0.228079 -0.435833 0.062969 -0.617518 0.122993 -0.638079 -0.050659 0.651386 -0.081798 -1.038507 0.921032 
-1.022098 0.364075 0.073521 -0.234144 -0.300803 -0.367108 -0.129816 -0.667077 -0.459094 0.374540 0.349026 -0.945580 0.293222 -0.548280 -0.135882 0.177472 -0.513228 0.102691 -0.043772 -0.049657 -0.139540 -0.230579 0.232790 -0.100817 -0.473399 0.264054 -0.208432 0.321706 0.023393 0.362591 0.006732 -0.828783 0.593148 -0.519355 -0.449893 -0.550007 -0.751751 0.111028 0.014756 0.107894 -0.468927 0.224528 -1.366670 0.213888 -0.183311 0.047388 -0.399058 0.308974 -0.045753 -0.337632 0.078463 -0.062302 -1.135333 0.499130 
-0.846349 0.682624 0.632438 -0.051428 -0.399180 0.211482 -0.004391 -0.739922 -0.175583 0.171122 0.471234 -1.031446 0.153427 -0.298959 0.088393 0.291057 -0.871229 -0.250316 -0.199776 -0.307844 -0.567593 -0.358473 0.554985 -0.230249 -0.807821 -0.123518 0.077404 0.383638 0.172898 0.271532 0.215974 -0.601093 0.586825 -0.316475 -0.081782 -0.720852 -0.109291 0.035549 -0.273201 -0.464952 -0.702140 0.313827 -0.973637 -0.143818 0.235745 -0.169189 0.048814 0.333316 0.317191 -0.683433 -0.169620 0.473925 -0.928262 0.099085 
-0.673384 0.355650 0.693223 0.010688 -0.339188 0.680788 0.283136 -0.184433 -0.045885 0.185892 0.412257 -0.616475 0.098741 -0.150327 0.198464 0.485772 -0.782627 -0.297187 -0.349555 -0.266508 -0.531622 -0.445785 0.374478 -0.619227 -0.538248 -0.336702 0.302904 0.269471 0.242811 -0.053027 0.365568 -0.706609 0.232965 -0.141532 -0.069417 -0.477098 0.291750 -0.045778 -0.661007 -0.882137 -0.499629 0.356315 -0.703349 -0.183534 0.684875 0.005876 0.131063 -0.027531 0.339779 -0.877300 -0.097104 0.736772 -0.496996 -0.415687 
-0.335481 0.142581 0.807167 0.300722 -0.516255 0.330618 0.513476 0.115383 0.110883 -0.070310 0.321327 -0.184697 0.136459 -0.267695 0.132443 0.213570 -0.671447 -0.088906 -0.155748 -0.212433 -0.227521 -0.456353 0.255994 -0.669780 -0.361761 -0.353937 0.293660 0.182645 0.046392 -0.376594 0.526471 -0.824899 0.151500 -0.154688 0.087779 -0.059315 0.090682 -0.101235 -0.470871 -0.751409 0.101148 0.299950 -0.205692 -0.192325 0.641033 -0.020283 -0.386434 -0.251649 0.539656 -1.182537 0.004686 0.896171 -0.176827 -0.547074 
0.231710 0.183187 0.339136 0.337121 -0.336389 0.240063 0.697934 0.384589 -0.248815 -0.085138 -0.134876 0.376466 -0.141853 -0.174995 -0.272784 0.071669 0.037707 0.034326 0.027877 -0.118998 -0.037973 -0.497250 0.252213 -0.565280 -0.217291 -0.285184 -0.195180 0.285967 0.143328 -0.220131 0.854140 -0.303191 0.056720 -0.334333 0.003653 0.487087 -0.209333 0.074918 -0.098198 -0.357736 0.370983 0.212790 0.021502 0.110355 0.494491 0.103238 -0.847058 -0.423006 0.289472 -0.996064 0.458003 1.005159 0.145455 -0.945639 
0.258472 0.171550 -0.317076 0.265291 0.189687 -0.239849 0.834570 0.103377 -0.101559 -0.113676 -0.079985 0.896258 0.218629 -0.190634 -0.691986 0.013320 0.540174 0.043940 0.103247 -0.128322 0.075739 -0.077975 0.396931 -0.242594 -0.229076 -0.182912 -0.086875 0.137303 0.331849 -0.227838 0.688834 -0.214289 0.027233 -0.946920 -0.480135 0.742828 -0.096109 0.346773 0.399556 -0.150439 0.621925 0.152534 0.677748 0.087253 0.533168 0.067565 -0.975319 -0.536271 0.103007 0.029530 0.728743 0.851238 0.206422 -1.232091 
0.417209 0.014649 -0.486770 0.095538 0.624485 -0.048390 1.145142 0.354985 -0.033342 -0.251566 -0.024323 0.808095 0.280792 -0.074983 -0.708232 0.011362 0.608249 -0.038106 0.248647 0.230917 0.181820 0.103338 0.178960 0.130693 0.097970 -0.189615 -0.122043 0.035442 0.323668 -0.083103 0.295269 0.418299 0.034582 -0.795503 -0.406097 0.821501 -0.007584 0.349975 0.412039 -0.247161 0.732525 0.259660 0.937585 0.091199 0.753596 0.125597 -0.675239 -0.850711 -0.028908 0.410779 0.697443 0.388708 0.057579 -1.868134 
0.729801 0.056864 -0.308003 0.331589 0.386211 -0.217462 0.954271 0.777113 0.023352 -0.268384 0.168647 0.343177 0.065637 -0.209748 -0.418056 0.034297 0.542875 -0.372373 0.143130 0.007373 0.257298 -0.282717 0.137380 0.259011 0.577430 -0.475564 0.127277 -0.311994 0.292449 0.285329 0.026637 0.724460 -0.237154 0.407903 -0.048538 0.187207 -0.220635 0.552465 0.020436 -0.387108 0.849346 -0.061196 0.619988 0.155699 0.686018 0.165290 -0.246583 -1.070667 -0.241287 0.553305 0.306596 -0.112560 0.016007 -1.915201 
0.581620 -0.097856 0.160075 0.061257 0.221631 0.042947 1.100076 1.401611 0.126088 -0.287473 0.115311 0.120359 -0.212457 -0.223827 0.092889 0.224033 0.539228 -0.126563 -0.034043 0.035879 0.249924 -0.148573 -0.141692 0.094872 0.881557 -0.517115 0.511788 -0.106991 0.113834 0.746240 -0.059219 1.239563 0.072520 0.598902 0.567185 -0.200892 -0.249135 0.780636 -0.611937 -0.283932 0.556714 -0.161075 0.214735 0.235730 0.539859 -0.322512 0.216991 -1.265141 -0.090234 0.175591 -0.072928 -0.377448 -0.149806 -1.940477 
0.530362 -0.017329 -0.254362 -0.125852 0.372677 0.278440 0.951856 1.011709 0.097986 -0.537842 0.306337 -0.186143 -0.438530 -0.078736 0.738653 0.132042 -0.017079 0.226848 -0.181610 0.049222 0.292525 0.079068 -0.143485 -0.335431 0.756433 -0.205477 0.880970 0.269997 -0.123951 0.307615 -0.372593 1.121454 -0.032247 -0.486702 0.768860 -0.652703 0.170810 0.711197 -0.843619 0.100898 0.590638 -0.023086 -0.112349 0.154000 0.412638 -0.267285 -0.177031 -1.280895 -0.334092 0.076399 -0.307332 -0.225916 -0.038073 -2.106737 
0.345306 0.290604 -0.228704 -0.207369 0.373547 0.023197 0.892319 1.074674 0.069037 -0.303680 0.259353 -0.023323 -0.102755 -0.183768 0.760875 0.442638 -0.248591 0.813944 -0.387987 0.375649 0.346651 -0.047866 -0.214553 -0.579051 0.286827 0.025545 0.607530 0.545920 -0.070851 0.026673 0.040149 0.715045 -0.175735 -1.303231 0.403940 -0.470054 0.364691 0.521191 -0.573735 0.455106 0.395934 -0.099431 -0.034309 -0.149623 0.222595 -0.391546 -0.037686 -1.354890 -0.384735 -0.060612 -0.335969 -0.105979 -0.152038 -1.349367 
-0.098120 0.034135 -0.035802 -0.392993 0.095715 -0.093704 0.789783 1.029470 0.075128 0.082881 0.255469 -0.223844 0.194297 -0.248878 0.533723 0.241968 -0.145088 0.510183 -0.455623 0.166580 0.345033 0.161908 -0.006474 -0.642712 0.135294 -0.070930 0.321208 0.369543 -0.104642 0.075340 -0.098020 0.684706 -0.340812 -0.643477 0.318009 -0.463150 0.241900 0.369753 -0.351243 0.922763 0.213551 0.102965 -0.018529 -0.123410 -0.239554 -0.043360 -0.332005 -1.275941 -0.346476 0.132649 0.091044 0.062331 -0.153577 -0.961060 
-0.465947 0.215142 0.330418 -0.557109 0.082488 0.130560 0.637234 1.019738 -0.460065 0.516188 0.072997 0.268653 0.376956 -0.243297 0.372388 -0.043033 0.035163 0.273357 -0.323627 -0.060264 0.356074 0.023947 -0.105796 -0.274222 0.003020 -0.188954 0.116243 0.205661 0.087984 0.280439 -0.004609 0.271750 -0.257827 0.110570 0.585479 -0.112377 0.263108 0.639478 -0.040872 0.466100 -0.170186 0.405605 0.297875 -0.316891 -0.398792 -0.062382 -0.222378 -1.250263 -0.031407 0.546875 0.114434 0.086085 -0.347750 -0.282238 
-0.726931 0.170504 0.513674 -0.510382 -0.097240 0.497843 0.334699 1.242360 -0.518278 0.773632 -0.332345 0.563025 -0.024915 0.139521 0.116323 -0.311074 -0.003952 -0.095222 0.066525 -0.472955 0.316473 0.170321 -0.113612 0.042734 -0.160795 -0.202330 0.020439 0.113834 0.326072 0.072525 0.197475 -0.218216 0.033659 0.908084 0.765069 0.255312 0.195455 0.248349 -0.223490 -0.018323 -0.744311 0.988160 0.627592 -0.200724 -0.344627 0.040637 -0.311926 -1.029764 0.315075 0.151111 0.023940 0.152498 -0.103385 0.556262 
-0.297755 -0.077932 0.350110 0.082418 -0.147347 0.161045 0.023720 0.922586 -0.729248 0.981710 -0.753511 0.394439 -0.031208 0.752278 -0.304095 -0.244410 0.055558 -0.394914 0.462277 -0.646821 0.201607 0.202375 -0.127056 0.162708 -0.334565 -0.263719 -0.116783 0.128109 0.599506 -0.294821 0.213782 -0.741736 0.295743 0.527815 0.660620 0.146735 0.025423 0.272681 -0.139546 -0.677532 -0.473019 0.722558 0.990976 0.052394 -0.410131 -0.027463 -0.365814 -0.672426 0.692030 -0.806563 0.013477 -0.009717 -0.321577 0.663794 
0.575464 -0.460799 0.084617 0.826335 0.001554 -0.236502 -0.074762 0.209514 -0.563414 1.149089 -0.324346 -0.029088 -0.300459 0.756731 -0.312818 0.326644 0.237865 -0.450110 0.534278 -0.031667 -0.210964 -0.185039 0.195979 0.033632 0.386212 -0.497582 -0.352262 0.130277 0.082768 -0.716725 0.094678 -1.311700 0.501562 -0.066182 0.215259 0.012329 -0.339002 0.126923 -0.299328 -0.916470 -0.260353 0.037735 0.772219 0.589710 -0.376001 0.034852 -0.486211 -0.248454 0.932236 -1.328097 0.227248 -0.534853 -0.347537 0.609172 
1.086401 -0.580656 0.105556 1.016813 -0.237901 0.072340 -0.386138 -0.868559 -0.687371 0.995012 -0.642830 0.119034 -0.810585 0.369892 -0.422242 0.628498 0.481988 -0.582931 0.289411 0.349796 -0.414734 -1.093421 0.302027 0.156555 0.685365 -0.344581 -0.239323 0.044352 -0.492738 -0.276387 0.031993 -1.056025 0.874099 -0.516583 -0.322878 0.018347 -0.361230 0.305271 -0.922596 -1.555340 -0.267723 -0.605798 1.009846 0.965887 -0.278248 0.128518 -0.256040 -0.057711 0.526833 -0.942419 0.386184 -0.680280 -0.546512 -0.031551 
0.838528 -0.323939 -0.271980 0.615296 0.027278 -0.122910 -0.473446 -1.245335 -0.437851 0.899848 -0.379604 -0.144515 -0.244528 0.496857 0.000458 0.694021 0.587804 -0.186794 -0.059126 0.223683 -0.625723 -0.859043 0.415502 0.004011 0.460469 0.150436 -0.347474 0.182181 -0.293385 -0.350010 -0.119791 -0.605682 0.435021 -0.896397 -0.549150 0.290176 -0.694025 0.439418 -1.236202 -0.915327 -0.081729 -0.874509 0.721593 0.934015 -0.143507 0.219646 -0.267144 0.293497 -0.184523 -0.669835 0.224428 -0.838444 -0.407061 -0.476565 
0.596704 -0.216362 -0.489346 0.160233 0.000766 -0.715937 -0.509705 -1.134182 -0.138604 0.842533 -0.264781 -0.399531 -0.014503 0.452644 0.111008 0.570725 0.405770 0.166540 -0.222580 -0.306740 -0.474270 -0.459207 0.238014 0.154853 0.326927 0.299418 -0.528090 0.803684 -0.056498 -0.583065 0.003630 -0.338685 0.318269 -0.478549 -0.827395 0.430658 -0.687396 0.265226 -1.050570 -0.041668 0.233544 -1.094444 0.989172 0.628084 -0.089353 -0.124294 -0.271782 0.097601 -0.527138 -0.408858 -0.210769 -0.328891 -0.615995 -0.724773 
0.581934 0.233520 -0.658620 -0.374879 0.084314 -0.766755 -0.644234 -1.005765 -0.168462 0.648244 0.117619 -0.646530 0.385584 0.618006 0.145913 0.576210 -0.061240 0.254255 -0.222713 -0.418104 -0.273815 0.185691 -0.016619 0.217059 -0.326081 0.751457 -0.235682 0.844400 0.094352 -0.844622 0.438684 0.125088 0.186887 -0.546664 -0.692474 0.423254 -0.468977 0.505219 -0.898380 0.547195 0.144696 -0.775856 0.795089 0.483544 0.444067 -0.127950 -0.096407 0.273830 -0.757784 -0.122679 -0.182834 0.279704 -0.674795 -0.719263 
0.123587 0.336889 -0.529875 -0.385361 0.411058 -0.810915 -0.601330 -0.603598 0.166489 0.467878 0.232990 -0.376584 0.332333 -0.150652 0.316014 0.267764 -0.233973 0.652591 -0.221138 -0.479259 -0.326295 0.195906 -0.356474 0.250613 -0.329227 0.836649 -0.267075 0.987674 0.328096 -0.739226 0.491554 0.446339 -0.113077 -0.664153 -0.492349 0.374575 -0.134790 0.509476 -0.703430 0.914478 0.492341 -0.665145 1.010685 0.199091 0.774450 -0.036025 -0.391412 0.116431 -0.675338 -0.046552 0.051864 0.626121 -0.851798 -0.425612 
0.255637 0.742550 -0.150616 -0.222936 0.735710 -0.737260 -0.595061 -0.553521 0.188973 0.251528 -0.080521 -0.415156 0.235515 -0.161046 0.663373 0.089566 -0.278832 0.684783 -0.164085 -0.447341 -0.119417 0.129461 -0.514371 0.518066 -0.640225 0.891729 -0.246501 0.484267 0.202553 -0.239784 0.673009 0.589787 -0.233650 -0.544483 -0.049317 0.285820 -0.162765 0.376024 -0.681830 0.910059 0.468828 -0.476519 1.059255 0.087691 0.705835 -0.195610 -0.876168 0.295423 -0.449804 0.516411 0.056280 0.773380 -1.221699 -0.404987 
-0.018493 0.629621 0.384799 0.067960 1.002702 -0.895228 -0.502912 -0.301818 -0.021410 0.360937 -0.122628 -0.327392 -0.075155 -0.436472 0.590805 0.040290 -0.443109 1.103971 0.017263 -0.093176 -0.027417 0.046551 -0.684373 0.601722 -0.877342 0.669583 -0.357050 0.463589 0.143569 -0.073635 0.468677 0.905241 -0.193676 -0.361048 0.051958 0.230295 -0.126193 -0.133556 -0.537033 0.652672 0.422856 -0.417367 1.150179 -0.138812 0.659833 -0.255886 -0.904112 0.073662 -0.018881 0.656872 0.181916 0.888345 -1.192968 -0.186645 
-0.031370 0.749650 0.862904 0.194367 1.311530 -0.855288 -0.612401 -0.241487 -0.151035 0.321592 -0.350489 -0.329145 -0.504175 -0.466158 0.474230 -0.058897 -0.530203 1.044899 -0.103594 -0.005086 -0.232998 -0.097902 -1.109374 0.570204 -0.763364 0.692979 -0.239986 0.251821 0.333572 0.370716 0.150778 0.716444 -0.371911 -0.241459 0.254530 0.178646 -0.063240 -0.476403 -0.315859 0.175225 0.267175 -0.143861 1.191245 -0.456526 0.415378 -0.300139 -1.008859 0.107713 0.346673 0.626908 0.251574 0.884750 -1.079280 0.182254 
-0.130680 0.824462 0.954929 0.344710 1.436091 -0.474039 -0.651459 0.073061 -0.351781 0.450332 -0.761087 -0.044168 -0.777166 -0.291017 0.341163 -0.155968 -0.398492 0.802517 0.061288 0.091712 -0.356442 -0.198355 -1.431097 0.518656 -0.681296 0.626783 0.165704 0.345714 0.160647 0.536209 -0.301982 0.761440 -0.306312 0.024521 0.372269 0.263432 -0.157794 -0.467923 -0.321588 -0.130536 0.299713 -0.117834 1.219426 -0.236077 0.409332 -0.023619 -0.453314 0.438209 0.277963 0.614434 -0.105599 0.463864 -0.640090 0.303547 
0.116247 1.014229 0.837201 0.655614 1.462846 -0.076520 -0.570126 0.020351 -0.427493 0.536585 -0.365892 -0.068995 -0.769429 -0.311700 0.219419 -0.155836 -0.317989 0.468906 -0.009770 -0.114212 -0.581612 -0.312337 -1.438421 0.299357 -0.508057 0.537702 0.315910 0.297033 0.313092 0.692263 -0.466305 0.352762 -0.306094 -0.219669 0.003459 0.218278 0.008269 -0.260050 -0.251189 -0.383270 -0.030630 -0.277332 1.058110 -0.000805 0.128843 0.271680 -0.217110 0.412980 0.214673 0.444893 0.072668 0.377483 -0.116314 0.343159 
-0.052877 1.280296 0.679098 1.116133 1.106723 0.544556 -0.586698 0.230817 -0.452927 0.416021 -0.688076 0.043777 -0.855858 -0.111359 0.262976 -0.293669 -0.451910 0.280481 -0.153942 -0.403711 -0.786804 -0.628543 -1.306147 0.299013 -0.432642 0.457801 0.435925 0.397571 0.373484 0.554112 -0.496033 0.148910 0.073788 0.064532 -0.120436 0.566492 0.069526 -0.147938 -0.323855 -0.720079 -0.050576 -0.239980 0.554863 0.148717 0.184634 0.352972 0.050494 0.265838 0.135201 0.368796 -0.147627 0.094108 0.223285 0.386880 
-0.026681 1.193063 0.421937 1.009886 0.974143 0.846761 -0.223460 0.264885 -0.392961 0.222276 -0.736268 0.118060 -0.872867 -0.153993 -0.122684 -0.532348 -0.253034 0.338606 -0.445746 -0.358156 -0.680890 -0.308791 -1.095398 0.173437 -0.340004 0.421044 0.123270 0.262992 0.312173 0.286948 -0.717682 0.046547 -0.249349 0.058068 -0.290370 0.281220 0.133522 -0.133432 -0.383848 -0.774487 -0.426296 -0.323883 0.441490 0.069627 0.171595 0.595775 0.215916 0.359327 0.034361 0.419098 -0.398487 0.231838 0.437924 0.193367 
-0.053876 1.336529 0.279695 1.047854 0.607113 0.735722 -0.420143 0.424976 -0.512713 0.047543 -0.361474 0.097202 -0.677858 -0.078336 0.242308 -0.421108 -0.248787 0.588720 -0.313094 -0.417790 -0.532657 -0.234334 -0.882483 0.166959 -0.198753 0.430685 0.049887 0.234442 0.502520 0.473513 -0.307203 -0.075979 -0.155524 0.275145 -0.509011 0.328093 0.109452 0.143191 -0.424051 -0.893874 -0.388524 -0.347854 0.304372 0.180905 0.086416 0.502158 0.399898 0.331330 0.065833 0.386629 -0.244379 0.185115 0.336017 0.411892 
0.069946 1.184574 0.627007 0.804096 0.542443 0.528235 -0.036669 0.435335 -0.477983 -0.262803 -0.396968 -0.172795 -0.607301 -0.137736 0.080044 -0.548186 -0.360154 0.397373 -0.588045 -0.193184 -0.674677 -0.043984 -0.344499 0.290369 -0.122981 0.299957 0.104755 -0.003201 0.167519 0.275826 -0.147523 -0.179781 -0.046294 0.214665 -0.290036 0.164354 0.004265 0.251951 -0.251846 -0.832607 -0.316906 -0.429535 0.220385 -0.351302 -0.020911 0.366922 0.495484 0.357504 0.235340 0.615476 -0.282520 -0.018986 0.185343 0.361733 
0.043385 1.176866 0.422691 0.900734 0.240662 0.329851 -0.115812 0.263989 -0.175321 -0.534003 -0.138989 -0.246838 -0.654944 -0.080746 0.040071 -0.405890 -0.062177 0.322368 -0.423636 0.127925 -0.379980 -0.053688 -0.388466 0.129621 -0.031463 0.202137 0.028819 -0.069347 0.220519 0.098297 -0.071208 -0.057423 -0.068803 0.268553 -0.459120 -0.075517 0.008872 0.477606 -0.159405 -0.808888 -0.221724 -0.292417 -0.076469 -0.418836 -0.169791 0.358420 0.498582 0.130782 0.257949 0.791752 -0.491334 0.074372 0.045131 0.423060 
-0.026618 0.971349 0.501756 0.952425 0.106961 0.397244 -0.144338 -0.020782 -0.240361 -0.781959 0.071392 -0.247519 -0.495815 0.076067 0.211746 -0.302786 -0.145777 -0.125643 -0.607192 -0.027386 -0.183496 0.099757 -0.197539 0.042428 0.112496 0.146799 0.270739 0.179326 -0.189489 -0.199692 0.167860 0.176515 -0.024080 0.159876 -0.328821 -0.129167 0.000887 0.565339 -0.179510 -0.675302 -0.218265 -0.217568 -0.298277 -0.624341 -0.195742 0.539182 0.527871 0.151858 0.302359 0.818053 -0.535863 -0.303653 0.071958 0.290703 
-0.025988 0.979947 0.167311 0.880190 0.282770 0.293509 0.283834 -0.083963 -0.084238 -0.769064 0.265627 -0.194728 -0.584283 -0.190974 0.042660 -0.061183 -0.005187 -0.376405 -0.502286 0.259433 -0.038191 0.136812 0.145591 -0.024323 -0.024160 0.100788 0.737727 0.418203 -0.090564 -0.314617 -0.190485 -0.005794 -0.095483 0.248743 -0.464816 -0.354351 0.033840 0.754174 0.131384 -0.336112 -0.190577 -0.171112 -0.405955 -0.822388 -0.135928 0.440548 0.746040 0.220096 0.468855 0.809775 -0.586310 -0.279004 0.153045 0.298199 
-0.178676 0.754936 0.356699 0.927039 -0.067848 0.213653 0.110561 -0.107443 -0.206739 -0.733534 0.513660 -0.151167 -0.454853 -0.158837 0.296002 0.039505 -0.013031 -0.510108 -0.258189 0.232726 -0.074764 0.037360 0.180913 0.089795 0.185407 0.006760 0.890215 0.184168 0.198885 -0.314715 -0.348129 0.087215 -0.235415 0.294410 -0.212716 -0.276420 0.094013 0.700317 -0.068142 -0.515702 -0.167843 -0.195026 -0.269099 -0.734787 -0.153149 0.597399 0.535888 0.192079 0.456522 0.788422 -0.594561 -0.585847 0.201683 0.117304 
0.066639 0.638772 0.321306 0.810019 0.006504 0.339618 0.068638 0.029179 -0.365677 -0.766240 0.324640 -0.107990 -0.684397 -0.429344 0.083529 -0.158183 -0.029787 -0.715810 -0.176396 0.321205 0.391253 0.210390 0.291087 -0.008172 0.153448 0.046077 0.903282 0.247704 -0.009056 -0.539172 -0.317608 -0.014419 -0.218650 0.253649 -0.253399 -0.314557 0.391356 0.588165 0.158298 -0.527512 -0.031994 -0.204465 -0.600873 -0.668264 -0.249929 0.521613 0.497810 -0.003620 0.182663 0.579468 -0.582855 -0.253663 0.166765 0.152618 
-0.088740 0.348344 0.313460 0.733498 -0.040496 0.482867 -0.098773 -0.314469 -0.188490 -0.700150 0.110874 0.217619 -0.820768 -0.321095 0.275391 -0.095679 -0.173347 -0.585788 -0.331296 0.015012 0.016064 -0.069129 0.237277 -0.056085 -0.103625 -0.012653 0.782517 0.066045 -0.002186 -0.299874 -0.133421 0.019777 -0.055388 0.346341 -0.012244 -0.137365 0.530550 0.543264 -0.192317 -0.677690 0.088496 -0.174157 -0.623954 -0.391505 0.017014 0.866965 0.219949 0.159806 0.075645 0.527653 -0.571886 -0.205214 0.033733 0.256303 
-0.187765 0.343658 0.412119 0.574374 -0.037947 0.502442 -0.229696 -0.239842 -0.179958 -0.561880 0.127130 0.179221 -0.566775 -0.103108 0.223739 -0.168046 -0.194945 -0.091655 -0.289943 0.058899 0.218323 -0.323159 0.302029 0.111967 0.115639 -0.172946 0.724626 0.058186 0.245110 0.044811 -0.157044 0.112331 -0.042534 0.269081 -0.017647 -0.045038 0.399816 0.410364 0.075924 -0.741294 -0.086968 -0.033384 -0.588394 -0.341862 -0.295213 0.763227 0.253743 0.265626 -0.057599 0.421831 -0.380222 0.147033 0.265812 0.015623 
-0.187800 0.567209 0.280768 0.681045 -0.201514 0.409908 -0.208860 -0.417126 -0.222778 -0.505214 -0.206310 0.250058 -0.615010 -0.211068 0.090108 0.005958 -0.294296 -0.134918 -0.287843 0.156976 0.231839 -0.336266 0.240008 0.313256 -0.063590 -0.147777 0.489483 0.119513 0.026999 0.112021 -0.284164 0.000603 -0.342185 0.157884 0.196451 0.062313 0.323485 0.384844 0.111058 -0.383157 -0.166664 0.141323 -0.412347 -0.025309 -0.089512 0.855989 0.343573 0.286230 -0.023646 0.236611 -0.344434 0.216097 0.117365 0.062988 
-0.206716 0.784763 0.405516 0.368222 -0.091706 0.645378 0.046112 -0.256141 -0.253558 -0.094656 0.195155 0.506317 -0.376824 -0.244056 0.284729 -0.167561 -0.576306 0.170866 -0.228159 0.252329 0.211033 -0.319537 0.230827 0.358527 0.100545 -0.137099 0.523959 -0.005248 0.101479 0.404160 -0.284034 0.134122 -0.151551 -0.154765 0.040576 -0.257799 0.344847 0.256601 0.017391 -0.468960 -0.431225 0.145443 -0.285202 -0.094716 -0.271185 0.726798 0.119389 0.142714 -0.251774 0.054624 -0.284575 0.236352 0.042542 0.199077 
-0.185398 0.891379 0.343136 0.474534 -0.299579 0.472179 0.046318 -0.262330 -0.059711 -0.041462 0.248593 0.467059 -0.232685 -0.265295 -0.017067 -0.127190 -0.370679 0.021714 -0.241787 0.272721 0.324213 -0.482289 0.196273 0.262489 -0.067866 -0.071226 0.667838 0.037781 0.146081 0.294244 -0.097404 0.072769 -0.182881 -0.123276 0.033938 -0.037315 0.243559 0.144685 -0.171918 -0.414737 -0.272088 0.099663 -0.292625 -0.300958 -0.305313 0.630925 -0.038784 0.109031 -0.211299 -0.185132 -0.176280 0.218980 0.125001 0.223396 
-0.105226 0.571302 0.371269 0.712094 -0.289987 0.181540 0.017705 -0.123165 -0.237491 0.310265 0.510025 0.581846 -0.187802 -0.425766 0.228633 0.183697 -0.595623 0.160611 -0.195345 0.377809 0.465553 -0.468768 0.389858 0.424911 -0.099819 0.043365 0.626071 -0.120297 0.154771 -0.097933 0.082197 0.044837 -0.192518 -0.272118 0.109291 -0.071712 0.168201 0.263925 -0.025797 -0.118780 -0.350511 0.215662 -0.396454 -0.307196 -0.246894 0.431321 0.177984 0.120347 -0.262974 -0.127874 -0.310045 0.152674 -0.002079 0.064910 
0.095002 0.307599 0.158051 0.635289 -0.371930 0.312167 0.038683 -0.188180 -0.008279 0.361413 0.542649 0.378563 -0.261930 -0.392817 0.262828 0.141099 -0.444576 0.107093 -0.519116 0.249955 0.546995 -0.357419 0.267317 0.281077 0.082231 -0.023783 0.444648 0.060114 -0.157021 -0.019897 0.059733 0.098941 0.036753 -0.579346 -0.062546 -0.109791 0.154450 0.044890 0.093905 0.143863 -0.262074 0.115150 -0.244798 -0.142634 -0.056192 0.445298 0.177078 0.274130 -0.140726 0.062451 -0.306697 0.109694 -0.045995 0.240963 
0.259088 0.276453 0.280708 0.380835 -0.487672 0.137975 0.000870 -0.415468 -0.009944 0.509454 0.440669 0.330643 -0.402756 -0.202473 0.103132 0.443403 -0.555611 0.125919 -0.270768 0.391849 0.720911 -0.085840 0.120416 0.424860 0.056155 0.052357 0.347691 -0.061371 -0.115271 -0.256024 0.234473 -0.095930 -0.122565 -0.474253 -0.192737 -0.093885 -0.099464 0.030306 0.028809 0.251704 0.115072 0.184661 -0.216528 -0.198427 0.071273 0.172744 0.292368 0.220252 -0.301338 -0.128258 -0.510452 0.095587 -0.067564 0.136855 
0.325999 0.324922 0.115507 0.481006 -0.545777 0.139627 -0.032064 -0.158068 0.012254 0.632417 0.370379 0.643872 -0.395690 0.119471 0.089820 0.205900 -0.539815 0.297595 -0.120301 0.393978 0.447512 -0.105409 0.145454 0.449824 -0.002053 -0.192346 0.043915 -0.158170 -0.324334 -0.487658 0.132514 0.145840 -0.082880 -0.364371 -0.068622 -0.241934 0.094761 -0.055002 0.177712 0.460188 0.081166 0.186814 -0.235241 -0.220716 0.020903 0.109633 0.154821 0.108499 -0.283414 0.083566 -0.268322 0.209685 -0.052146 0.153975 
0.291902 0.194941 -0.077758 0.350024 -0.463732 0.264605 0.118001 -0.034971 -0.037128 0.604535 0.298728 0.466625 -0.193007 0.123413 0.014499 0.104123 -0.441451 0.355341 -0.167803 0.518394 0.388608 -0.186870 0.287924 0.400484 -0.119396 -0.018676 0.049073 -0.040484 -0.257947 -0.108600 0.194107 0.000130 -0.193886 -0.497035 -0.161456 0.014607 0.056779 0.038368 0.245866 0.656163 -0.097728 -0.024541 -0.147779 -0.225518 0.079454 0.132240 0.175498 0.010492 -0.336197 0.056442 -0.379565 0.386239 0.153882 0.206745 
0.187504 0.230121 -0.156027 0.281827 -0.289650 0.081591 -0.035963 0.170245 0.165342 0.548380 0.411632 0.524854 -0.119610 -0.059395 -0.137324 -0.214519 -0.203127 0.444237 -0.326141 0.770301 0.469740 -0.248720 0.492576 0.241333 0.089892 0.058403 0.026426 -0.357738 -0.295267 -0.134399 0.229114 0.147768 -0.455711 -0.069225 0.018993 -0.079428 -0.173930 0.108499 0.432380 0.667661 0.038844 -0.470403 -0.191661 -0.379868 -0.114178 0.057800 0.226558 0.161303 -0.270352 -0.079094 -0.176096 0.472086 0.186580 -0.026961 
0.143518 0.192433 0.045994 0.099142 -0.380851 -0.153724 0.136031 0.099467 0.094199 0.355493 0.092947 0.243466 -0.139321 0.045617 -0.124226 -0.005236 -0.168597 0.424248 -0.213913 0.849040 0.303280 -0.117292 0.480690 0.289663 0.065978 0.008588 0.164235 -0.168359 -0.359983 -0.033150 0.240004 0.071283 -0.387391 0.045630 -0.063685 -0.176224 -0.250861 0.089047 0.382181 0.476841 0.272531 -0.290333 -0.284690 -0.478623 -0.076559 -0.025499 0.327399 0.041921 -0.376045 -0.032892 0.057593 0.680353 0.325494 0.147078 
-0.028538 0.328880 -0.094675 0.362835 -0.463202 -0.417476 0.040978 0.350109 0.487499 0.293811 0.081041 0.021638 -0.007094 -0.087800 -0.196411 -0.155699 -0.121715 0.114499 -0.464782 0.754400 0.279801 -0.209144 0.541739 0.447865 0.052925 0.022136 0.135989 -0.238318 -0.523372 -0.213016 0.176147 0.061150 -0.703655 -0.011402 0.129515 -0.160800 -0.196405 0.164008 0.138125 0.577717 0.148449 -0.574411 0.033735 -0.618245 -0.161402 -0.091602 0.337316 0.047375 -0.263979 0.112870 0.157467 0.472722 0.188576 0.013679 
-0.034054 0.056358 -0.453190 0.124134 -0.285168 -0.139899 0.082231 0.214216 0.728674 0.212440 -0.048455 0.252841 0.048040 -0.040606 -0.108582 -0.140146 -0.239568 0.107956 -0.462780 0.651210 0.366662 -0.433680 0.551972 0.486447 0.042078 0.043750 -0.002683 -0.194967 -0.399954 -0.044761 0.205938 0.115479 -0.808451 0.074685 0.103402 -0.219441 0.094427 0.127661 0.237710 0.483004 0.312981 -0.583981 -0.125259 -0.482305 -0.278716 -0.296856 0.270069 -0.036171 -0.287815 -0.275945 0.091799 0.449953 0.275262 0.177177 
0.017393 0.136388 -0.327076 0.174900 -0.184347 -0.013200 -0.014554 0.154805 0.686128 0.214880 -0.027439 0.122220 0.220201 0.006812 -0.253081 -0.125593 -0.172185 0.116445 -0.348614 0.617593 0.260029 -0.411921 0.516690 0.449380 0.012821 -0.147211 0.164807 -0.079863 -0.297996 -0.075421 0.314263 0.150746 -0.733788 -0.020610 -0.022280 -0.130739 0.039695 0.047732 0.329508 0.268393 0.065833 -0.529160 -0.125556 -0.473995 -0.116501 -0.304014 0.129667 -0.166140 -0.234931 0.049235 0.217374 0.360624 -0.132164 0.105129 
-0.068736 -0.068156 -0.435075 -0.147739 -0.113570 -0.048552 -0.079104 0.182602 0.688332 0.185435 -0.136785 0.193310 0.014087 0.038868 -0.193713 -0.241056 -0.302595 0.122696 -0.065573 0.423693 0.476738 -0.376500 0.306094 0.359086 0.177547 -0.083735 0.011344 0.045388 -0.027406 0.010557 0.179478 0.232106 -0.529240 -0.023509 0.038187 -0.115067 0.062303 -0.035889 0.414744 -0.003012 -0.103545 -0.217424 -0.092740 -0.381936 -0.131629 -0.240980 0.223797 0.058527 -0.283754 0.053283 0.066581 0.427142 0.073751 -0.101683 
-0.281850 -0.120968 -0.223128 -0.029086 -0.056547 -0.122366 0.126959 0.169920 0.668641 0.120472 -0.074986 0.309635 -0.040297 -0.058479 -0.050945 0.185585 -0.097269 0.232970 -0.046472 0.383729 0.353523 -0.286154 0.390066 0.442080 0.085992 -0.306101 0.018922 -0.089371 0.001947 0.120975 0.223991 0.324762 -0.440206 -0.122546 0.355359 -0.070592 0.094290 -0.197598 0.142146 -0.058399 0.040309 -0.159653 -0.048264 -0.364655 -0.122509 -0.454998 0.172007 0.084157 -0.389243 0.048484 0.155032 0.502312 -0.009194 -0.039261 
-0.129089 -0.098306 -0.138348 -0.261471 -0.142321 -0.096111 0.103284 0.080868 0.480867 0.069902 -0.160640 0.101380 0.010843 -0.065310 0.341253 0.105302 -0.062256 0.035322 0.122940 0.340652 0.508660 -0.147373 0.201961 0.547331 0.090980 -0.221523 -0.003416 0.099926 0.026396 -0.075552 0.622613 0.319937 -0.303115 -0.045673 0.270520 -0.110153 0.237251 -0.157004 0.022319 -0.207703 0.395579 -0.293849 -0.089471 -0.465957 0.032170 -0.098510 0.037730 0.068659 -0.268591 -0.182405 -0.153141 0.366764 -0.302223 0.010823 
-0.276554 -0.223907 -0.086151 -0.256715 -0.312935 -0.072123 0.081267 0.159500 0.524283 -0.187328 0.098974 0.181059 -0.081804 0.065924 0.409660 0.203428 0.065707 0.035196 -0.111039 0.244727 0.428317 -0.040989 0.053246 0.301413 0.101979 -0.270264 -0.166001 -0.290888 -0.293802 -0.115773 0.476208 0.458065 -0.390519 -0.025866 0.263460 -0.121782 0.295981 0.071791 0.240150 0.219893 0.317761 -0.144687 0.055819 -0.487289 -0.145624 -0.372672 -0.006665 0.208569 -0.669624 -0.166799 0.013412 0.217068 -0.280520 0.051673 
-0.463017 -0.156329 -0.346754 -0.140522 -0.224246 0.061480 0.163108 0.074298 0.712869 -0.063410 -0.002542 0.062981 -0.042404 -0.178093 0.178120 0.280469 0.246751 -0.004663 -0.047738 0.204787 0.483269 -0.052113 0.257192 0.353538 0.045405 -0.261822 -0.202646 -0.342736 -0.213294 -0.171497 0.435855 0.218631 -0.391574 -0.155373 0.145202 0.060257 0.293126 0.057895 0.056417 0.029977 0.115889 -0.345185 -0.209416 -0.487639 -0.179608 -0.200698 -0.040615 0.030263 -0.605824 -0.086783 -0.218834 0.246719 -0.456382 0.160830 
-0.197957 -0.128882 -0.053681 -0.165919 -0.145897 -0.119178 -0.006624 -0.000593 0.793729 -0.127922 0.035891 0.261667 0.019525 -0.133921 0.011603 0.202161 0.126201 -0.150311 0.074230 0.303636 0.511867 -0.132521 0.198379 0.302572 0.142397 -0.406410 -0.067592 -0.277964 -0.004717 -0.260116 0.617985 0.239263 -0.030817 -0.160856 0.212759 0.085477 0.183723 -0.110368 0.049781 -0.001990 0.313020 -0.440570 -0.104213 -0.256750 -0.192477 -0.160319 -0.142615 -0.074231 -0.528443 -0.035301 -0.122201 0.279805 -0.462397 0.015356 
-0.124817 -0.110543 0.102163 -0.050267 0.002157 0.093507 -0.082340 -0.080527 0.824017 -0.093407 -0.227829 0.337155 -0.081340 -0.156592 0.234676 0.004228 0.152654 0.077467 0.265021 0.101515 0.343458 -0.046748 0.244567 0.138299 0.031136 -0.151673 -0.098758 -0.222313 -0.306199 -0.177572 0.642150 -0.151675 -0.154669 -0.204000 0.185755 -0.039435 0.220601 -0.226277 0.203875 0.207902 0.356734 -0.378742 -0.119988 -0.127413 -0.076669 -0.207244 -0.084837 0.054097 -0.443307 -0.073427 -0.072545 0.329060 -0.439468 -0.112441 
-0.433606 0.084590 -0.121628 -0.009401 -0.076720 0.180272 0.003867 -0.075316 0.869901 -0.007163 -0.088106 0.349799 -0.123949 0.029578 0.347063 0.058563 0.037370 0.072190 0.047299 0.310106 0.483917 -0.012310 0.039112 0.185358 0.006027 -0.185828 -0.197913 -0.261137 -0.241559 0.086972 0.537971 0.059687 -0.177657 0.000845 0.464531 -0.138867 0.162878 -0.052776 -0.128201 -0.057367 0.120843 -0.189753 -0.299501 -0.226518 0.012059 -0.154715 -0.302683 -0.149717 -0.287225 -0.056272 0.188093 0.422731 -0.553387 0.080646 
-0.310738 -0.137970 -0.215216 -0.089021 -0.004704 0.100714 0.250949 0.116379 0.819064 -0.143086 -0.259768 0.426183 0.014353 -0.209226 0.114353 -0.037643 0.194171 0.032965 -0.053343 0.169404 0.329155 -0.132526 0.175236 0.141883 -0.158283 -0.203933 0.003276 -0.279709 -0.136338 -0.244768 0.670188 -0.034193 0.071188 -0.171369 0.405020 0.100426 0.031837 -0.362034 0.218991 0.099763 0.101322 -0.176702 -0.183460 -0.325926 -0.061176 -0.121652 -0.409993 0.134404 -0.247250 -0.099152 0.038309 0.340002 -0.345557 -0.024874 
-0.488259 -0.218645 -0.248275 -0.158735 0.204183 0.131301 0.238593 0.123161 0.849144 -0.220902 -0.162107 0.270557 -0.094856 -0.493415 -0.186036 -0.068765 0.187896 0.041857 -0.034098 0.144925 0.130145 -0.191096 0.212548 0.029776 -0.036740 -0.360259 0.050676 -0.301924 0.055564 -0.039633 0.395964 0.014933 -0.241550 -0.039725 0.001219 -0.028597 0.153061 -0.145091 -0.026436 -0.036207 0.045002 -0.391011 0.030139 -0.143112 0.050860 -0.020454 -0.202326 0.046967 -0.019153 -0.253819 0.193555 -0.038695 -0.372494 0.028568 
-0.452226 -0.330823 -0.285551 -0.288787 0.286331 0.353599 0.012493 0.215314 0.724483 -0.014341 -0.172670 0.187486 0.053349 -0.314130 -0.129674 0.031760 0.252516 0.130136 0.035758 0.001078 0.167438 -0.141513 0.300515 -0.027261 0.121433 -0.341774 -0.055845 -0.283396 -0.217634 -0.082044 0.358339 -0.033867 -0.273225 0.058253 0.054553 0.154274 -0.053526 0.043749 0.024313 0.121026 0.245292 -0.278367 0.050131 -0.204263 -0.115833 0.017595 -0.472805 0.214336 -0.040069 -0.418557 0.143505 -0.027430 -0.487724 0.189705 
-0.405876 -0.245281 -0.093766 -0.429686 0.230004 0.335215 0.145638 0.282458 0.581207 0.153938 -0.166510 0.149133 -0.029133 -0.261048 0.150563 -0.126693 -0.011215 -0.024181 0.070551 0.015313 -0.109526 -0.237517 0.255120 0.278844 -0.103135 -0.331684 -0.121733 -0.238242 -0.133573 -0.116346 0.478692 0.010738 -0.200527 0.192496 0.277620 -0.039349 0.140427 0.089607 -0.109148 0.044518 0.206809 -0.502171 0.044707 0.150709 0.033634 0.200323 -0.305175 -0.004260 -0.111894 -0.221020 -0.059482 0.079225 -0.287275 -0.047766 
-0.057430 -0.232441 -0.094562 -0.111329 -0.106497 0.457453 0.020661 0.029169 0.541542 0.170306 -0.229382 0.177902 -0.004512 -0.265995 0.074830 -0.223549 0.107453 0.099397 0.191917 -0.040953 -0.143067 -0.377055 0.279602 0.046890 0.111246 -0.410559 -0.084258 -0.106931 -0.024881 -0.041011 0.390349 0.075491 -0.198306 0.456238 0.114214 -0.030655 0.193935 -0.052729 -0.096509 -0.150041 -0.004709 -0.183700 -0.092950 0.165176 -0.244684 0.110899 -0.392087 0.141285 0.007980 -0.317679 -0.143343 0.237555 -0.204367 -0.111318 
-0.344011 -0.181479 -0.034529 -0.295348 0.024254 0.417932 0.034512 0.260153 0.468970 0.098183 -0.379444 0.245515 0.124427 -0.208367 0.093626 -0.068878 0.211135 0.195783 0.360634 -0.062187 -0.073112 -0.345490 0.375406 0.004370 -0.064677 -0.355103 -0.106123 -0.175691 0.080414 -0.154997 0.392675 -0.142821 -0.257318 0.359791 0.196918 -0.100630 0.073615 -0.135440 0.076936 0.035762 0.135686 -0.400770 -0.150344 0.050153 -0.087633 0.357489 -0.431103 0.071225 0.138653 -0.511210 0.008834 0.135504 -0.153521 -0.137327 
-0.185993 -0.211443 -0.223667 -0.199069 -0.047905 0.231144 0.063694 0.124503 0.606014 0.210762 -0.494019 0.081469 0.096236 -0.342071 -0.105096 -0.108310 0.141492 0.114549 0.490605 -0.253298 0.171533 -0.285051 0.459045 -0.161487 -0.037059 -0.217840 0.011628 0.145892 0.029236 0.075388 0.317669 -0.148008 -0.321176 0.248595 0.276461 -0.098383 0.014504 -0.030684 -0.010948 -0.005164 -0.024118 -0.081798 -0.019502 0.033385 -0.031011 0.327082 -0.574048 0.656030 0.051027 -0.524618 0.168189 -0.028290 -0.033742 -0.055826 
-0.229589 -0.304956 -0.053794 -0.113768 0.177206 0.293074 0.088266 0.197750 0.380708 0.121818 -0.298216 0.270769 0.184729 -0.381853 -0.076979 -0.129343 0.110397 -0.106329 0.206056 -0.216464 0.228325 -0.188787 0.266196 -0.199306 -0.096313 -0.192876 0.246467 0.135700 0.043010 -0.172787 0.354824 0.114696 -0.228567 0.162682 0.098821 -0.146302 0.181050 -0.030216 -0.105245 0.109345 0.017285 -0.113948 -0.154642 0.009414 -0.100602 0.410210 -0.462931 0.667521 0.367576 -0.587044 0.176542 0.038490 -0.170018 -0.085222 
0.104529 -0.320720 -0.000096 -0.194132 -0.145890 0.147576 -0.085657 0.000658 0.235003 -0.040062 -0.371809 0.258730 -0.066370 -0.177224 -0.071582 0.017301 0.429983 -0.061078 0.387010 -0.115989 0.078922 -0.210593 0.323938 -0.082629 -0.232955 -0.378835 0.302730 -0.002143 0.200164 -0.004948 0.021089 0.010069 -0.218859 0.163328 -0.093659 -0.163048 0.229901 0.030779 -0.037140 -0.318728 -0.186256 -0.116774 0.022177 -0.011067 0.067619 0.370504 -0.330117 0.539768 0.418346 -0.420583 0.151349 -0.108434 -0.087040 -0.048121 
-0.020519 -0.149351 -0.023179 -0.198919 0.001797 0.109358 -0.020460 0.116640 0.376411 -0.039603 -0.108957 0.296698 0.099014 -0.449220 -0.076200 -0.012882 0.272071 0.295232 -0.008349 -0.219519 0.049680 -0.158495 0.109571 0.096410 0.066680 -0.374097 0.172280 0.136196 0.177766 0.213691 0.226037 0.005775 -0.135497 0.038649 0.026019 -0.046258 0.150523 -0.052419 -0.066196 -0.023845 0.050102 -0.061650 -0.115599 -0.034464 -0.042087 0.336890 -0.432706 0.578116 0.303441 -0.587182 0.023358 -0.036303 -0.180632 0.057926 
0.200543 -0.297315 -0.074906 -0.036706 0.066008 -0.115443 0.052325 0.140644 0.179760 0.149649 -0.131665 0.343819 -0.062863 -0.360638 -0.193277 -0.306235 0.362496 0.128877 0.096261 -0.185601 0.232449 0.103870 0.178341 0.044674 -0.040733 -0.447084 0.401786 0.177719 0.163334 -0.071035 0.251915 0.015812 0.306375 -0.168985 -0.206401 -0.047000 0.401714 -0.188132 -0.056803 -0.166332 0.067768 0.113359 -0.065604 0.142007 -0.059716 0.269127 -0.437746 0.468244 0.217278 -0.207141 0.166461 -0.293425 -0.224763 0.064233 
0.291023 -0.290778 -0.139621 -0.196228 -0.080547 -0.052532 0.195636 0.204974 0.166772 0.137158 -0.256030 0.143208 -0.015326 -0.395510 -0.326929 -0.238190 0.377086 0.110865 0.191056 -0.207953 0.302158 0.001363 0.149688 -0.151344 0.032338 -0.195955 0.157777 0.038032 0.079740 -0.008740 0.141541 -0.151358 0.125290 -0.013640 -0.245466 -0.073555 0.229998 -0.123990 0.099346 -0.207131 0.181873 0.030209 -0.125266 0.026488 0.052517 0.344922 -0.620234 0.410495 0.222927 -0.251389 0.252751 0.010159 -0.218855 0.126241 
0.538945 -0.120120 0.178772 -0.224230 -0.031635 -0.027304 0.029432 0.143205 0.183594 0.288299 -0.296550 0.280866 -0.027230 -0.406455 -0.434326 -0.137921 0.084671 0.083785 0.326510 -0.153056 0.235552 -0.005711 -0.113721 0.007323 -0.162619 -0.046588 0.264596 0.235202 0.220945 0.095552 0.078098 -0.067916 0.236827 -0.007049 -0.301519 -0.001148 0.145206 -0.144577 0.094843 -0.142538 0.315653 0.319442 0.086216 0.052944 0.207288 0.342294 -0.417587 0.350696 0.302644 -0.145619 0.206927 0.065248 -0.110661 -0.140480 
0.643168 -0.139054 -0.126862 -0.257018 0.035855 0.034154 -0.039910 -0.120788 0.085592 0.389815 -0.466287 -0.067198 -0.202412 -0.224707 -0.271130 -0.467652 0.202351 0.366189 0.258739 -0.162847 0.244746 0.043699 -0.266870 -0.074049 -0.191220 -0.072523 0.328234 0.103301 0.332274 0.095153 -0.035102 -0.103528 0.205711 -0.054146 -0.278172 -0.169481 0.164116 -0.272186 0.137007 -0.260701 0.130962 0.305683 0.145077 -0.062867 0.124195 0.195886 -0.439618 0.454276 0.318268 -0.406815 0.186839 0.004710 0.010053 -0.147088 
0.432549 -0.164661 -0.037714 -0.210675 -0.010282 0.086538 -0.151245 -0.289479 0.263707 0.333047 -0.244211 -0.178216 -0.015838 -0.065047 0.053644 -0.082161 0.120297 0.243379 0.333218 -0.162752 0.224117 -0.112921 -0.267684 -0.190413 -0.108149 -0.190495 0.370631 0.127308 0.233293 0.177665 0.198260 -0.348149 0.141168 0.092916 -0.338866 0.012855 0.199377 0.073004 0.040224 -0.273960 0.195249 0.324793 0.040697 0.253985 0.015864 0.414508 -0.345345 0.149807 0.071780 -0.203516 -0.134835 -0.168580 0.073501 -0.001071 
0.435764 -0.383177 -0.244745 -0.418607 0.047823 -0.056086 0.094355 -0.371757 0.328946 0.220466 -0.435517 0.046191 0.162906 -0.011298 0.009834 -0.205002 0.205085 0.223463 0.069286 -0.581823 0.091039 -0.327681 -0.209075 0.162978 0.024880 -0.286612 0.426866 0.103233 0.329339 -0.169330 0.033008 -0.178279 0.055027 0.127782 -0.574549 0.051431 0.163825 -0.085914 -0.172613 -0.278782 -0.008489 0.128863 0.039534 0.413021 0.013562 0.343278 -0.381246 -0.024122 0.210996 -0.278555 -0.097453 -0.172186 0.149124 -0.073699 
0.530562 -0.078870 0.125376 -0.630853 -0.009638 0.072924 -0.058329 -0.150304 0.445737 0.101827 -0.270175 -0.167745 0.127263 -0.258100 0.092898 -0.070429 0.231049 0.166605 0.349096 -0.470151 0.121834 -0.313685 -0.022980 0.119326 0.122643 -0.276663 0.280422 0.041943 0.071448 0.082656 0.041832 -0.160071 0.078021 0.061095 -0.558846 -0.062220 0.343782 0.149017 0.050887 0.041836 -0.094017 0.216530 0.075229 0.373252 0.194690 0.401978 -0.543345 0.076228 -0.147676 -0.197319 -0.109590 -0.254418 0.062256 0.136879 
0.395328 0.104426 0.042997 -0.319650 0.121169 -0.311364 0.020785 -0.216949 0.051010 0.351082 -0.196273 -0.024237 0.388093 -0.157550 -0.084959 -0.051567 0.356824 0.251187 0.460415 -0.554665 0.077163 -0.202942 0.012440 0.015513 0.020949 -0.357680 0.021811 0.264605 0.101045 0.138898 0.132472 -0.152742 0.042683 -0.156610 -0.208319 0.024567 0.165011 0.022583 -0.076240 -0.079504 0.122068 0.094999 0.097487 0.339312 0.046851 0.549585 -0.641149 0.267566 -0.107895 -0.458461 0.106138 -0.286593 0.022619 0.164004 
0.204746 -0.191030 0.076487 -0.162100 0.213428 0.049315 0.284543 -0.127477 0.034040 0.234618 -0.130857 0.008758 0.191310 -0.345341 -0.014392 -0.048134 0.457482 0.346714 0.396844 -0.487666 0.254569 -0.062011 -0.303561 -0.189712 -0.020781 -0.232069 0.013731 0.094906 0.125731 0.096214 -0.054806 -0.083447 0.289214 0.038334 -0.034383 0.034571 0.327832 -0.151005 0.098090 0.075930 0.056424 0.120738 0.126015 0.118683 -0.082182 0.380089 -0.566867 0.427390 0.004342 -0.600571 0.317707 -0.317067 0.240785 0.222436 
0.079331 0.027671 0.163320 0.007950 0.013897 -0.165220 0.089477 -0.023951 0.094528 0.233703 -0.034929 -0.125046 0.066744 -0.213753 0.206037 -0.101062 0.427230 0.241355 0.179828 -0.425643 0.123689 -0.032563 -0.371048 -0.176594 -0.007020 -0.284672 -0.099477 0.189417 0.129648 0.213640 -0.180778 0.068123 0.309039 -0.178573 -0.001887 -0.151694 0.076790 -0.173032 0.103869 0.078091 0.187786 0.222091 0.174878 0.125808 0.141681 0.554470 -0.583925 0.550623 -0.074772 -0.436531 0.148043 -0.542450 0.132015 0.107492 
0.016521 -0.013993 -0.017244 -0.372423 -0.035370 -0.036847 0.050733 0.102069 0.186699 0.041455 -0.073688 -0.196757 -0.054809 -0.076604 -0.154267 -0.047448 0.221835 0.195850 0.246319 -0.481620 0.088791 0.046981 -0.364855 -0.425042 -0.139940 -0.369084 0.148564 0.131529 0.008943 0.320879 -0.052846 -0.034767 0.434288 -0.016733 0.210983 -0.273161 0.255469 -0.460754 0.165932 0.007153 0.196362 0.291551 0.185756 0.200403 0.033447 0.534187 -0.389513 0.550183 0.038787 -0.565573 0.079949 -0.588861 0.173054 0.018920 
0.045116 0.083328 -0.221963 -0.343242 -0.043440 0.050629 -0.002900 -0.019369 -0.090783 0.106370 0.077108 -0.093845 0.047296 0.027133 -0.098160 -0.091194 0.299440 0.570707 0.253642 -0.621697 0.140368 -0.074277 -0.576275 -0.224841 -0.005311 -0.200303 0.094283 0.122736 0.128063 0.301339 -0.228857 -0.066941 0.287508 -0.003266 0.203300 -0.166396 0.259935 -0.350114 -0.090686 -0.069703 -0.004637 0.256756 0.130185 0.503424 0.143066 0.223037 -0.098749 0.327268 0.120167 -0.507076 0.122108 -0.425863 0.261515 -0.013054 
0.139923 -0.077615 -0.137867 -0.342648 0.003262 0.246189 -0.184254 -0.022784 0.203686 0.103665 0.107765 0.064629 0.168186 0.127892 -0.064628 -0.085879 0.374487 0.272596 0.459784 -0.486493 -0.044680 0.296053 -0.628620 -0.120471 0.045184 -0.256669 -0.058355 -0.082400 0.208685 0.140724 -0.317748 0.017201 0.274823 -0.110991 -0.040146 0.037452 0.362387 -0.323713 -0.138408 0.155835 0.091667 0.227456 0.121059 0.121826 0.045659 0.423423 -0.285515 0.257795 0.087405 -0.261777 0.100726 -0.664714 0.643078 -0.276843 
0.174746 -0.102515 0.177801 -0.445870 0.018470 0.049556 -0.052171 0.164663 -0.051725 0.160862 0.228609 0.035122 0.442513 -0.155201 0.008828 0.134376 0.256458 0.573348 0.324292 -0.441953 0.003850 0.032785 -0.362217 -0.236635 0.000797 -0.428493 0.147453 0.093253 -0.050654 0.143022 -0.272449 0.085183 0.230488 -0.093071 0.031167 -0.077487 0.213711 -0.173841 -0.087667 0.013398 -0.066843 0.116014 0.236615 0.384385 0.142488 0.221773 -0.271522 0.202270 -0.070008 -0.231986 0.013945 -0.613872 0.763699 -0.277890 
0.308546 -0.226478 0.273931 -0.262841 0.172890 0.138334 0.024399 -0.000497 -0.109402 0.327368 0.256757 -0.197397 0.368330 -0.091064 0.119865 0.186375 0.241834 0.623691 0.320217 -0.373326 0.184184 0.076114 -0.483339 -0.273199 0.149401 -0.640887 -0.065559 -0.123369 0.110085 0.031105 -0.311766 -0.172295 0.168427 -0.151934 0.007835 -0.216457 0.252403 -0.306087 -0.142939 0.228101 0.127801 0.159698 0.312792 0.147959 -0.073070 0.127767 -0.287995 0.363676 -0.027797 0.014397 -0.088649 -0.779761 0.630475 -0.007840 
0.197031 -0.052066 0.369191 -0.442646 0.369671 -0.030906 0.252408 0.114646 -0.184470 0.169145 0.210554 -0.195554 0.469521 -0.104760 0.315724 0.184518 0.216031 0.449263 0.426550 -0.319378 0.115819 0.264183 -0.417194 -0.422940 0.164897 -0.431891 0.023814 0.105092 -0.141906 0.012702 -0.394541 0.110294 0.198979 -0.171113 -0.112791 -0.157560 0.353866 -0.102013 -0.089236 0.133822 0.094646 0.033835 0.238702 0.157374 -0.155880 0.239523 -0.307577 0.189757 -0.035788 0.034405 0.009436 -0.599797 0.688082 -0.023475 
0.159881 -0.136970 0.215386 -0.256891 0.202870 0.247475 0.048848 0.019744 -0.317845 0.142987 0.374252 -0.360640 0.419238 -0.163263 0.221711 0.218659 0.250552 0.138889 0.166977 -0.392643 0.120380 0.162372 -0.306159 -0.256654 0.228852 -0.536761 0.026447 -0.049525 -0.148863 0.063935 -0.306483 -0.118159 0.203316 -0.012121 0.187495 -0.018594 0.298506 -0.172516 0.070929 0.091773 0.018155 -0.018845 0.120016 0.206349 0.010819 0.042635 -0.305489 -0.036029 0.155039 -0.041543 0.015616 -0.602572 0.652176 0.207026 
0.101701 -0.211041 0.096828 -0.524906 0.119048 0.111131 0.103661 0.002761 -0.494653 0.095587 0.374059 -0.326984 0.321138 -0.235322 0.329980 0.229094 0.344162 0.420873 0.364152 -0.392293 -0.024399 0.072415 -0.392572 -0.204191 0.114189 -0.500879 0.242833 -0.075465 -0.081709 -0.062883 -0.335650 -0.267128 0.227770 -0.158196 0.203288 -0.125490 0.216721 -0.414723 0.065430 0.358807 0.191893 0.094818 0.138354 0.115053 0.027611 0.102787 -0.337476 0.220610 0.051431 0.117841 -0.034087 -0.419029 0.651368 0.175664 
0.136635 -0.227705 0.102305 -0.440201 0.131440 0.176079 -0.014807 -0.050247 -0.680996 -0.134476 0.552750 -0.234582 0.220559 -0.322097 0.020882 0.229559 0.415122 0.340556 0.332382 -0.300101 -0.119641 0.059765 -0.374612 -0.155443 0.029264 -0.469051 0.204617 0.094510 -0.056865 0.159520 -0.323562 -0.252578 0.440426 -0.130066 0.085380 -0.155766 0.132927 -0.410687 0.081937 0.263520 0.266888 0.506741 0.314685 0.295269 0.091641 0.119574 -0.187174 0.181255 -0.096452 0.186716 0.070006 -0.413821 0.501820 0.001347 
0.118914 -0.009217 0.168556 -0.254331 0.056973 0.337985 -0.003918 0.166570 -0.876994 -0.140577 0.635208 -0.297468 0.046961 -0.282960 0.240156 0.054164 0.530551 0.352384 0.351370 -0.289110 -0.019965 0.182466 -0.296208 -0.249544 0.006796 -0.330126 0.275707 -0.004759 0.057640 0.102901 -0.506851 -0.109011 0.292612 -0.115697 0.118474 0.001208 0.122802 -0.410732 0.053398 -0.023153 0.286197 0.489532 0.157992 0.106142 0.274126 0.005364 -0.122007 -0.078627 0.191624 0.210573 -0.103093 -0.265307 0.612879 -0.024996 
0.254541 -0.070778 0.187029 -0.155155 -0.041809 0.295195 -0.157456 -0.093070 -0.599647 -0.049292 0.712701 -0.457045 0.336399 -0.187275 0.006209 -0.035985 0.470911 0.162782 0.210213 -0.123599 -0.130669 -0.045808 -0.284183 -0.445028 -0.149492 -0.377034 0.354709 0.107934 -0.008632 0.320174 -0.728481 -0.249355 0.126621 -0.160150 0.040524 -0.061394 -0.232334 -0.225288 0.049812 -0.059791 0.356010 0.490400 -0.076152 0.252847 0.165644 -0.167052 -0.163938 0.063275 0.299318 0.384673 0.096508 -0.448926 0.539415 0.132044 
0.206494 -0.287739 0.244423 -0.246546 -0.103452 0.167027 -0.000722 -0.066846 -0.705170 -0.155151 0.478824 -0.222738 0.456872 -0.305342 0.174003 -0.194405 0.397055 0.326853 -0.265155 0.094780 -0.151055 -0.218832 -0.022004 -0.220658 -0.016536 -0.365432 0.583663 0.247552 0.104452 -0.009708 -0.721984 0.131099 0.333424 -0.008565 -0.121402 -0.181497 -0.349708 -0.171724 0.042164 -0.145171 0.259905 0.271656 0.157518 0.158420 0.117791 -0.211935 -0.261767 -0.085674 0.277078 0.517484 0.156140 -0.405128 0.236664 -0.301601 
-0.031846 -0.252454 0.154598 -0.078261 -0.144293 0.264392 -0.063861 -0.150027 -0.869004 -0.180155 0.421554 -0.322252 0.519830 -0.266603 0.028129 -0.203319 0.810294 -0.028534 -0.188155 0.239803 -0.186546 -0.224948 0.183423 -0.056338 0.093362 -0.485889 0.503937 0.241792 0.005202 0.093917 -0.520895 0.077417 0.059209 0.040461 -0.108750 0.042844 -0.282741 -0.201624 0.133702 0.143865 0.002747 0.341289 0.086278 0.326933 0.108989 -0.289056 -0.093178 -0.062050 0.222157 0.524264 0.339838 -0.426754 0.426944 -0.009914 
-0.019844 -0.328569 0.021675 -0.201033 -0.104214 0.423448 -0.135352 -0.161784 -1.087608 -0.062884 0.349890 -0.298331 0.432797 -0.093437 -0.040525 -0.107327 0.921657 -0.005767 0.000555 0.140083 -0.224621 -0.324334 0.237409 -0.193319 -0.002064 -0.286448 0.568808 0.184877 0.162222 0.054721 -0.701820 -0.214648 0.281888 0.178709 -0.022539 0.168345 -0.289024 -0.098633 0.352484 0.109532 0.057484 0.295905 -0.021095 0.348386 0.077350 -0.216260 -0.171480 0.156193 -0.013036 0.451923 0.393323 -0.185725 0.288242 0.096593 
-0.128899 -0.411538 0.047861 -0.107105 -0.089483 0.618731 0.012836 -0.007326 -1.310664 0.140395 0.531071 -0.156541 0.218164 -0.189177 -0.018903 -0.094288 0.700725 0.122767 -0.223507 0.256945 -0.296080 -0.399077 0.297712 -0.199113 0.033229 -0.314881 0.344541 0.549964 -0.055652 -0.089627 -0.599748 -0.112557 0.461954 0.134680 -0.053303 -0.060038 -0.331477 -0.071310 0.227794 -0.091528 0.066184 0.438105 -0.296865 0.393738 0.028595 -0.444511 0.020213 0.004807 -0.062782 0.507166 0.305041 0.081410 0.199773 0.237959 
-0.227500 -0.480115 -0.001035 -0.051740 -0.249708 0.676682 -0.037761 -0.063436 -1.162681 -0.273934 0.579528 -0.429876 0.259458 -0.169460 -0.105721 -0.006602 0.485972 0.181474 -0.247041 0.144873 -0.388977 -0.234767 0.195249 -0.255075 -0.181134 0.151158 0.439932 0.796234 -0.157260 -0.431789 -0.439756 -0.005664 0.588510 0.003526 0.135103 0.228060 -0.248976 -0.101801 0.344802 -0.021907 0.120893 0.418581 -0.138215 0.442399 0.296461 -0.375175 -0.170852 -0.173779 0.039971 0.587209 0.214995 0.152891 0.011019 0.267852 
-0.429868 -0.447632 -0.005892 -0.182654 -0.493565 1.052707 -0.043797 0.055521 -1.134523 -0.180415 0.227414 -0.252847 0.259528 0.086713 0.162941 -0.191307 0.165026 -0.129741 -0.316986 0.293366 -0.280386 0.064443 0.338591 -0.114827 -0.237529 -0.022842 0.739176 0.860421 -0.075525 -0.587303 -0.608023 -0.179384 0.588600 0.059431 0.356672 -0.000559 -0.104624 -0.333092 0.527169 0.037037 0.249817 0.402202 -0.321206 0.377198 0.326526 -0.352644 0.051082 -0.171931 0.326180 0.578047 0.133036 0.607691 -0.067303 0.033157 
-0.269683 -0.720060 0.043736 -0.365788 -0.426839 1.134070 0.085338 -0.043805 -1.061853 -0.343344 0.126431 -0.258581 0.495278 0.035275 0.103205 0.081436 -0.014421 -0.111596 -0.389750 0.252837 -0.405597 -0.057450 0.658902 -0.122647 -0.413358 -0.051371 0.505949 0.916031 -0.002721 -0.413163 -0.876612 -0.100978 0.328622 0.308862 0.427314 0.029893 -0.041406 -0.194313 0.296793 0.027504 0.246193 0.383929 -0.443574 0.416467 0.459678 -0.242139 0.012242 -0.064082 0.391670 0.972909 0.256745 0.699601 0.115234 -0.100414 
-0.549979 -0.745323 0.114216 -0.311223 -0.312391 1.509434 -0.127026 -0.104672 -1.118379 -0.288586 0.070276 -0.577588 0.949169 0.123786 0.352437 0.444413 -0.364720 -0.131036 -0.307494 0.324926 -0.439684 -0.230211 0.600868 -0.201785 -0.600331 -0.027634 0.698299 0.856321 -0.123232 -0.581555 -0.903620 -0.191249 -0.152570 0.605266 0.499327 -0.147283 -0.031524 -0.344539 0.200157 0.014378 -0.039692 0.135728 -0.328004 0.400136 0.543669 -0.349909 0.188565 -0.141342 0.456150 1.327319 0.479774 0.948159 0.318211 -0.104491 
-0.782749 -0.850846 0.015832 -0.253160 -0.295497 1.444968 0.015308 -0.187124 -0.878758 -0.430184 -0.223718 -0.323528 1.163976 0.155745 0.445448 0.479660 -0.409689 -0.159422 -0.617025 0.676960 -0.375821 -0.115751 0.908546 -0.462206 -0.435362 -0.170871 0.861721 0.999742 0.160989 -1.024895 -1.149079 -0.057900 -0.244035 0.796017 0.498298 -0.110934 -0.103615 -0.078583 -0.063797 -0.141282 -0.486602 -0.167691 -0.075095 0.397965 0.197999 -0.386075 0.111725 -0.388997 0.479728 1.605408 0.763075 1.008429 0.486386 -0.142496 
