0.044315 0.368664 -0.570227 0.826544 0.317610 0.988331 0.365546 -0.089558 0.711878 -0.576333 -0.097544 0.277607 1.200187 -1.453263 0.054157 -2.139442 
0.564660 -1.041813 0.382081 -0.393512 -0.055060 -0.187928 -0.219852 0.276120 -2.975440 0.967287 1.265546 -4.533023 -3.425544 -0.230204 0.215794 -0.516952 
0.285777 0.257286 -0.810433 -0.540870 1.086711 0.360663 0.590068 -1.229565 0.013209 -0.257602 0.810527 -0.062320 0.240677 0.214764 0.558925 0.264807 
-1.214114 0.977417 -0.119516 0.584585 0.546335 -0.088345 0.223129 -0.277325 0.072215 -1.283867 -0.622960 -0.826699 -0.365241 0.764335 0.497511 -0.602809 
-1.081836 0.431612 0.384279 0.502478 0.006339 -0.174365 -0.367690 -0.115516 -0.898337 1.283458 0.584135 -0.377102 -4.923266 0.088885 0.296024 -1.517761 
0.131326 -0.635987 0.095744 -0.608741 -1.594707 0.334865 -0.194224 0.034186 0.518332 0.812360 -0.837198 -0.618655 -0.065361 -0.331933 -0.411934 -1.623737 
-0.051563 0.217454 0.059965 -0.079276 0.047002 -4.062757 -0.916159 0.255597 0.179039 0.015396 0.200330 0.237842 0.298197 -0.173985 0.166736 0.096916 
0.069420 0.281246 0.338133 -1.105871 0.210812 -2.987481 -1.161752 0.150548 0.208639 0.121589 -0.216364 0.183985 -0.074110 -3.359795 -0.264590 0.376064 
0.016561 -0.051594 -0.275969 -0.030610 -1.807903 1.130602 -0.494444 -0.381749 -1.204901 -0.744443 -1.997879 -1.954318 -0.297168 0.963555 -5.707651 -1.577013 
-0.085861 -0.650244 -0.175463 0.325224 0.673002 -0.270162 -0.173243 0.150279 -0.624388 -0.223437 -1.482368 0.136952 0.970686 -0.629367 0.266945 -1.335724 
-0.387828 -0.005682 -0.001065 0.381074 -2.176926 0.836063 0.182493 0.351633 -1.094003 -1.105982 0.084242 -0.339753 0.913162 0.104390 0.269634 -0.729044 
0.262535 -0.396754 0.950343 -2.190124 0.114608 -0.383045 0.195956 0.255611 -0.471990 -1.394536 0.724758 -0.106249 -0.680986 0.975102 -2.133292 0.087500 
-0.818319 0.290311 -0.139423 0.489563 -0.040619 0.278918 -1.045929 0.000886 -2.078982 0.666983 -0.515504 -2.473295 -0.281386 0.241965 0.055823 -2.758380 
0.502308 0.100862 0.006029 -1.751111 -1.359935 0.052854 -0.033999 0.029987 -0.259046 0.387978 -0.425789 -0.523945 0.052775 -0.312761 0.321446 -1.932187 
0.193288 0.000630 -1.062075 -0.435248 -0.144943 0.170385 0.391940 0.098236 -0.085672 0.440244 0.023600 0.180755 0.720829 -0.007773 0.343358 -0.158434 
0.040730 0.054444 -0.342078 0.268508 -0.031857 -0.133722 -0.585360 -0.008639 -0.153681 0.213133 0.725102 0.138562 0.350625 1.265954 -0.702774 -0.232300 
-0.637149 -0.247214 0.233558 0.260744 1.911163 0.435538 0.627665 -0.032510 -0.810747 -0.525693 0.158916 -4.122237 0.001044 -0.094920 0.301416 -5.037748 
-0.032454 0.729354 0.499389 -1.312962 0.202991 0.804987 0.651537 -0.036695 -1.648693 -1.229475 -0.311339 -1.205540 -1.169886 0.036339 -1.407792 -2.583865 
0.976027 -2.446670 -0.017912 0.668691 0.438831 0.126635 0.061862 -0.339252 -2.108211 -0.022284 -0.655527 -0.660489 -0.783472 -0.295866 -0.256255 -1.487488 
-0.812357 0.484816 -0.195891 1.173702 0.485994 0.702340 0.838081 0.132088 0.239079 -1.203791 -0.365997 -0.240504 -0.666460 -0.140997 1.069887 0.174950 
0.413409 0.073549 0.020451 0.212150 -0.120502 0.585321 0.184799 -0.320473 0.143804 -1.482531 0.109647 -0.508442 0.513975 0.141601 -1.611689 -0.117512 
0.180245 0.360137 0.036366 0.179736 -0.376969 0.132330 -0.547021 -0.493420 0.558998 0.306296 -1.145938 0.094943 0.346839 -0.152741 -0.502803 0.162521 
-0.964919 -0.127815 0.313334 0.796983 0.247598 0.988886 -0.752346 -0.855193 -0.541713 1.139715 0.062721 -0.911867 -0.365164 1.014374 -1.078334 -0.684786 
0.267373 -0.313987 0.398933 0.163649 0.542953 0.117506 -0.196481 0.166827 -0.503272 -0.424414 -0.081594 -0.001869 -0.533218 -0.008389 -2.316102 0.074671 
-0.017297 -0.094807 -0.158707 -1.436424 0.210665 -0.607889 -0.121811 0.225936 0.524457 0.490338 0.269999 -0.017023 0.134981 -2.233002 -1.129609 0.028430 
0.199435 -0.953041 0.677156 -0.125915 -1.081620 -0.245445 1.040461 0.378512 0.325995 -0.826726 0.376907 -5.280292 -0.267208 0.187984 0.351970 -3.110918 
0.111296 -0.282227 -0.384582 0.923195 -0.867807 0.126737 -0.875084 -0.091236 0.490135 0.512687 -0.795871 1.097893 0.037673 0.863812 -0.232998 -4.365896 
0.106783 -0.055770 0.034047 -1.347401 -1.365153 0.729670 0.641821 -0.200550 0.246184 -0.221715 0.683644 0.087275 0.757078 0.854617 0.376225 -1.264555 
-0.336214 0.724855 0.597733 -0.367000 -1.823116 0.395146 0.018911 0.021642 -2.509401 -0.052499 0.549950 0.351913 -2.716041 -0.069353 -3.141093 -0.846775 
0.360335 -0.754743 -0.063287 -0.692538 1.052056 -0.344167 0.508804 0.067146 0.357656 0.417040 -0.563018 -3.087658 -1.856611 0.148739 -0.003538 0.498900 
0.143887 -0.395164 -0.602561 -1.751415 0.748331 0.731771 -0.220275 -1.266979 -0.145463 0.031413 -0.958174 -0.040049 0.533337 0.364557 -1.578766 -0.061742 
0.556941 0.016291 -1.134346 -0.299363 -0.057663 -2.694455 -1.484900 0.223285 0.192905 0.870975 -0.388278 1.418633 -0.316585 -0.988637 -1.933659 0.215297 
0.254100 -0.821220 -0.027810 0.191815 0.763780 -0.501828 0.509318 -0.302837 -0.908473 -1.022437 -0.341120 -0.080942 0.408812 -0.481435 -0.226109 -2.069235 
-0.681720 0.141065 0.131649 -0.928336 1.943536 0.382932 0.078965 0.441578 -0.901252 0.365586 -0.354636 0.292979 -2.341815 -0.358460 -0.256327 0.333818 
0.398059 0.330261 -0.185521 -2.455971 0.547718 0.216050 -1.991545 -0.232554 0.188319 -0.429934 0.079876 0.039592 0.019440 -0.060044 1.063942 0.534566 
0.156706 -0.796971 0.529189 0.649435 0.040017 0.401311 -0.085076 -0.648546 0.586496 -0.976739 1.082861 0.084227 -0.913105 0.357121 -0.687002 0.352641 
0.054615 -0.144543 0.086224 -1.634498 -2.973205 0.191472 0.085697 0.200413 -0.244409 -0.033378 -0.313171 -0.167786 0.123299 -0.066706 -1.105355 -0.108634 
-0.649507 -0.898531 0.582438 0.332122 -0.297962 -0.020793 -3.884421 0.653098 -0.875278 -0.072816 -2.018162 0.638507 0.625304 -1.101869 0.022414 -0.078019 
-0.026916 0.376357 0.432835 0.890986 -2.684030 -0.691338 0.200147 0.549217 0.034678 -0.815375 0.197835 0.065676 0.215939 0.110108 0.367286 -1.466316 
-1.202406 0.671892 0.397582 -0.382358 1.235052 -0.515067 -0.305066 -0.003291 -2.529699 -1.356023 1.028821 -1.829238 1.803647 -0.574537 0.127173 -1.309347 
0.080012 0.164672 -0.127292 0.087557 -0.009636 -1.311505 0.510762 -0.692615 1.220365 0.177249 0.082364 -0.162660 0.215740 -0.466241 -0.183328 -0.319216 
0.619831 -0.077892 0.181859 0.180431 -1.863028 0.018767 0.896579 0.309446 -1.580441 -1.859784 -0.026362 -0.412682 -0.276602 0.285007 -0.539571 0.429851 
0.028610 -0.252478 -0.264028 1.531153 0.255640 -0.574386 -0.650895 0.739416 -0.522955 -0.048155 -0.813415 -0.225034 -1.729476 0.221407 -0.783733 -0.467064 
0.219276 -1.462109 0.174486 0.132205 0.361033 -0.393676 -0.157524 0.111872 0.841139 0.682780 0.014654 -2.358625 -1.011718 0.292952 0.481480 -1.302332 
0.638854 0.425304 -0.109185 0.535577 -0.721229 -1.159936 -0.211004 0.036327 -0.528107 -0.405897 -0.433296 0.700411 0.283315 -0.201411 -1.880348 -0.279323 
-0.049635 -2.542871 0.544328 -0.593195 0.708974 0.095195 0.078148 0.119152 -0.443133 0.404389 -0.030427 -2.852207 -0.006510 -1.411400 -2.520159 0.096039 
-0.634150 -1.146720 -0.472081 0.285100 -0.394456 0.062801 0.391450 -0.557359 -1.189470 1.591837 -0.601331 -1.083756 -0.687601 -0.232482 -4.471992 -1.706383 
-0.588577 0.283585 0.441880 -0.339804 -1.380339 -1.835193 -0.622044 0.092880 -3.355756 0.455284 0.343767 0.690695 -1.099522 -0.346263 0.343567 -0.056659 
-0.243303 1.197144 -0.530081 -0.485038 -1.119536 -0.177789 0.573969 -0.443256 1.132095 0.066499 0.550773 -1.538119 -1.590896 0.555582 0.301331 -0.562649 
0.484686 -0.346279 -0.105806 1.021448 0.515745 0.654650 -0.460153 -0.437990 -1.196952 -0.494889 -0.234586 -0.984066 -3.712235 -0.022646 -0.742593 -2.663667 
-0.311211 0.233025 0.006478 0.734789 -0.647655 -0.521822 -0.282252 -0.135162 -0.134602 0.320590 -0.066325 -0.559412 -1.271001 0.555803 -0.289084 -0.030195 
0.647924 0.096988 0.063614 -2.517374 0.234672 0.314294 -0.757835 -0.092182 -0.854064 0.436818 -0.721276 -0.102979 -0.936706 -1.240641 0.299543 0.464061 
-0.366308 -0.207938 -0.145966 -0.772468 -2.255169 0.390075 -1.207835 -0.520331 1.056319 0.908627 0.583040 0.004551 -0.570341 0.359447 0.315429 -4.247190 
1.180721 0.721104 -0.002842 -0.519565 -2.912703 -2.678855 -1.169855 0.450894 -8.919064 -0.255471 -0.470515 1.160922 -2.108589 -0.508339 0.104785 -0.810383 
