0.422796 0.410327 -0.003575 -0.824502 0.736220 -0.914999 -0.573755 0.116796 -0.723243 -0.400177 0.413191 -0.676489 -0.389105 -1.116565 1.208416 0.841807 
0.188301 -1.525998 0.191802 0.359923 0.761625 -0.051675 0.049838 -0.238307 -0.271637 0.495824 -0.105471 -2.465278 0.675132 -1.060682 -1.020379 -0.190649 
-0.129927 -0.006892 0.132786 -1.022111 -0.298874 -0.897766 0.774563 0.302171 -0.797123 0.088000 1.407578 -0.347683 0.535924 0.067485 0.548739 -0.089320 
-0.257680 -0.511117 0.294962 -2.318857 0.307218 0.298396 -0.145653 -0.190486 0.110121 1.125053 -0.182590 -1.176484 -0.380344 -0.419196 0.228626 -0.830416 
0.160343 -0.142568 0.135409 0.169800 -0.149484 0.781077 -1.901387 0.194914 -0.718003 0.337623 0.487223 0.006081 -0.169990 0.804564 0.014304 -0.113904 
0.477359 -0.633514 -0.051061 0.638138 -0.158688 -0.251163 0.068483 -0.247842 -2.445019 0.946699 0.448872 -0.901031 -1.809697 0.306745 -0.264772 -2.115533 
-1.114758 0.797588 0.488846 0.820099 -0.176832 0.546542 0.550140 -0.620074 -0.323055 0.414746 0.177981 -2.236006 -3.548730 0.068898 -0.353306 -5.604904 
0.531335 -0.940313 -0.238299 0.405424 1.075091 -0.050632 0.010272 0.097335 -0.005393 -0.603496 -0.047558 -1.771526 -0.905314 0.217349 0.283435 -8.847721 
0.808669 -0.236013 -0.090301 0.026544 -1.610574 -0.545080 1.058694 -0.034210 -1.652142 -1.874662 -0.063518 -0.165289 0.105759 0.394928 -0.039556 0.217239 
-0.025765 -0.380088 0.392668 -0.429980 -0.141036 0.111434 0.169286 -0.407615 -0.374333 -1.096949 0.735923 0.316727 -0.164948 0.029712 0.201147 0.221048 
-0.049093 -0.675979 0.006014 0.741871 -0.006408 0.195943 -0.987565 -0.125217 0.460430 0.184078 0.238776 -0.403282 0.194163 -0.543557 -0.135799 -1.904318 
0.301892 -0.046301 0.373342 -1.988800 -0.596174 -0.301756 -0.468042 0.289673 0.871697 0.593086 -0.158133 0.502000 -0.640150 0.126576 0.734665 0.423079 
0.552788 0.398613 -0.778682 0.994993 -0.691803 -1.558688 -1.193312 0.087751 0.354581 0.158844 -1.229125 0.719942 0.494809 -2.123152 -2.191999 -0.206795 
0.547780 -0.303418 0.942857 -2.525064 -0.156728 0.112779 -0.731230 0.254442 -1.099202 -1.382081 -0.316527 -0.596319 -0.505964 0.541726 -3.968419 -2.184910 
0.139623 0.141965 0.265028 -1.036934 -0.596427 0.603923 -0.649597 -0.226354 0.132208 -0.133585 -0.394601 -0.090688 0.365311 -0.101092 -1.776430 0.356336 
-0.339652 -1.074178 -0.184169 -0.647490 -0.921951 0.066400 0.880551 0.495435 -0.839041 0.992805 -0.137001 -0.658418 -1.625011 0.016354 -5.394010 -2.814266 
0.344862 -1.210811 -0.614519 0.278806 -1.580159 0.353226 -0.429173 -0.139820 -0.410562 0.240422 0.421210 -0.596283 -0.274816 0.722480 0.762758 -1.098319 
0.005608 -0.322090 0.247474 0.732827 0.006582 -1.197824 -1.315420 0.197310 -0.572023 0.049632 -0.671869 -0.314272 -0.261908 0.321831 0.286651 -0.549535 
0.446493 -0.157881 -0.974542 -0.134666 -0.253780 -0.029239 0.297470 0.245329 -0.286713 0.095714 0.084064 0.167092 0.683905 0.413840 1.183741 -0.744819 
0.382876 0.487098 -0.298853 -2.905215 0.040947 -1.121661 -1.067785 0.451846 -0.443957 0.022459 -0.476781 2.057787 0.021282 -0.831122 -1.668524 1.274881 
0.079984 0.915234 -0.727912 0.041213 0.871472 -0.035751 -0.168824 -0.191150 0.215956 0.296335 -0.744414 0.734387 0.173366 0.156699 0.050459 -0.474413 
-0.104858 0.136970 0.093395 0.618106 -0.865219 -0.576293 -0.281504 0.185455 -0.084164 -0.048968 -0.536639 0.190688 -0.140291 0.660329 -0.258843 -0.580767 
-0.927118 0.233075 0.468467 0.354752 0.219624 0.528635 0.014964 -0.001055 -2.582883 0.325545 -0.401463 -4.902939 -0.110416 -0.109644 0.711605 -3.433067 
-0.098361 0.087114 0.481431 -0.772554 -1.611018 -0.148294 0.110082 0.092132 -0.498871 -1.086648 0.700654 0.934425 0.461042 0.238576 0.622290 -0.018964 
-0.650682 -2.036564 0.566547 0.500665 1.284974 -0.213804 0.295634 0.498315 -0.613300 -1.307335 0.396019 -4.345985 -2.854193 0.592337 -0.253924 -1.589081 
0.662801 -0.184674 0.019407 -1.035414 -5.031338 -0.134761 0.189256 -0.510276 1.474388 0.270157 -0.193811 0.335719 -0.520601 -0.075704 -0.812490 -2.896749 
0.084639 0.259178 -0.069060 -0.143532 0.313469 -4.194743 -1.722693 0.138595 0.438313 0.203163 0.235499 -0.058659 0.076238 -0.222567 -0.445555 0.001219 
-0.515833 1.120239 -0.249613 1.593373 -1.295896 -1.174523 -0.581892 -0.742674 -2.395954 1.299585 -2.370018 1.232474 -1.709985 0.232167 -5.157795 -0.084675 
0.019836 0.212713 -0.050055 -0.284068 0.473868 -2.187737 -0.362846 0.256307 0.425704 0.123860 0.019330 0.619189 0.399213 -3.751189 -0.679713 0.400733 
-0.005821 -0.031728 -0.405010 -1.246098 0.181809 0.608120 0.872044 -0.339130 0.339713 0.462225 0.260184 -0.046134 0.006052 0.620884 0.312154 -0.171261 
0.211715 0.001088 0.243432 0.193397 0.574241 -0.164807 1.090882 0.212035 -0.044195 -0.649830 -0.323963 -0.104373 -0.002226 -1.288731 -2.470241 -0.391285 
-1.041391 0.491367 0.087529 1.015814 -0.146965 0.144086 0.835251 0.464867 -1.005544 -0.107069 -0.615426 0.000514 -1.818393 0.283964 -0.757159 0.042220 
-0.119605 0.354869 -0.050688 -1.795944 0.254419 0.402890 1.039468 -2.121019 -0.118598 -0.803264 -0.138763 0.336190 0.764504 0.048674 -1.287536 0.340780 
-1.035683 -0.143590 0.018810 0.810274 0.881972 -0.403489 -0.269697 0.308724 -0.439039 -0.348278 -1.077994 -0.456272 0.023602 0.502771 1.043935 -0.401126 
-0.391581 -1.066958 0.343510 0.571500 -0.133780 -0.104111 0.302516 0.219529 -1.386553 -0.641767 -0.890348 0.838377 0.722187 -0.114679 -0.217069 -2.276834 
0.306521 0.327732 0.303670 0.924415 -1.736891 0.431893 -1.010567 0.100463 0.233721 -1.107141 -1.146344 -0.641709 -0.044600 0.507654 -1.083590 0.038532 
0.427570 0.413205 0.084063 -0.051834 -1.330141 0.303607 0.032982 -0.128546 -0.493722 0.152284 -0.765388 -0.647831 -0.430000 -0.661131 -0.795637 0.162338 
0.416599 -0.901109 -0.613109 1.189704 -0.151165 0.776038 0.544302 0.699207 -0.347305 -0.342472 -2.773385 0.617406 0.646582 -1.289213 -2.445867 -0.399253 
-0.416923 -0.370078 0.300674 -0.351865 -0.096270 0.521155 -1.777379 0.290744 -0.357241 0.405915 -2.080402 0.183497 0.005741 -1.817447 0.043717 -0.124247 
-0.447649 -0.343461 0.450004 0.528931 0.914771 -0.320149 -0.451214 0.209770 -1.193160 1.913162 0.737043 -1.930809 -4.345352 0.238937 -1.597146 -0.425269 
-0.011441 0.185110 0.027363 0.077122 0.053326 -0.457058 -0.200278 0.085362 0.623407 1.427193 -0.471334 0.272725 0.033967 -0.777317 -2.517096 -0.274299 
-0.224573 -0.203575 0.505470 -0.589299 0.644971 0.050638 -0.987781 0.135420 0.182502 -2.026783 0.169208 -0.015861 0.295190 0.898088 1.096698 -1.074767 
-1.281531 0.312459 -0.593918 -0.255923 1.758205 0.755021 -0.350047 -1.219912 -2.161877 -1.831384 0.493481 -11.943215 1.450902 0.370324 -2.756458 -2.006658 
-0.203463 -0.423667 -0.105577 -1.178136 -2.099639 -0.087575 -0.386071 1.051749 -4.769359 -0.029772 -0.539867 1.598416 -1.816811 -0.309119 -0.318453 -0.490006 
-0.859695 1.109767 0.418860 0.772587 -0.479894 0.228015 0.488915 0.186504 -0.366969 -1.443961 0.210026 0.279114 -0.146515 0.153122 -0.861642 -1.442574 
0.265060 0.582401 -0.282237 -0.414598 -0.694514 0.017297 -0.012261 -0.047780 -0.534847 0.164891 -0.416354 0.117834 -0.031016 -0.382717 -1.693935 0.021458 
0.319954 -0.942674 0.381635 -2.478607 0.035439 -0.378737 0.217534 0.341062 -1.478006 -0.016056 -0.202470 -4.823420 -1.004534 0.194036 0.634256 -3.324919 
0.665698 -0.257660 -0.442640 0.078472 -0.673884 1.312829 -0.088289 -2.111210 -1.189464 -0.011200 -0.308210 -0.144939 -1.310193 -0.037415 -3.933789 -1.942415 
1.096345 -0.500964 -0.081156 -0.257342 0.281065 0.309289 0.790371 -0.256767 0.189410 0.152485 0.176112 -1.577379 -2.384997 0.448841 -0.099403 1.008271 
-0.149241 0.112982 -0.429959 -1.060048 2.335674 2.284436 -1.621299 0.327868 1.277739 0.436869 -0.720302 -0.787298 -0.070510 -1.224103 -2.813625 0.075703 
-0.174701 1.511894 0.019370 0.175408 -1.941718 0.152368 0.699859 -0.154049 -1.618117 0.403736 0.295685 -0.046039 -2.093992 -0.301189 -0.564077 -5.245652 
-0.017158 -0.152636 -0.479553 1.369335 0.273957 0.654806 -0.690057 -0.593823 0.294552 0.056825 0.312139 -0.427209 -3.480518 -0.139406 0.203911 -0.767186 
-0.694757 0.278786 0.547960 -0.345788 -1.535852 1.013203 0.241322 0.154207 -2.891679 -0.544137 1.358188 -0.185226 -2.103538 0.757761 -3.144036 -0.753480 
-0.376771 -0.310404 0.282462 0.318532 0.871540 -0.575620 -0.763512 -0.046951 0.322281 0.510280 0.467130 -0.900171 -0.348803 0.620746 0.457802 -2.334092 
-1.238914 -0.050307 0.485956 1.046872 -1.576110 -0.554739 0.874735 0.371887 -1.531579 -0.361324 0.384493 0.941705 -0.703893 0.021363 1.158358 -0.177674 
0.947471 0.536618 0.299652 -1.295092 -3.506210 -3.490152 -1.916083 0.239175 -6.503700 0.075518 0.114923 1.272509 -1.925105 -1.042569 0.515921 -0.440193 
0.795779 -0.917263 -0.097434 0.373209 -0.239109 0.959543 0.330132 -0.221022 0.266430 0.112345 -0.401415 -1.423760 0.218329 -0.181334 -0.171585 -0.974405 
0.177276 -0.258405 0.029841 -0.118847 -2.506585 0.427710 -0.039842 -0.073257 -0.464652 -0.931998 -0.271216 -1.373985 0.559719 0.898347 -0.544760 -2.565676 
