0.168391 0.062772 -0.377946 1.259187 0.484337 -0.685601 -0.228056 0.773161 0.055117 -0.388824 -1.462634 -0.475622 -1.374112 0.029342 -0.618807 -2.385488 
-1.009698 1.443763 0.542103 -1.095326 -2.244548 0.342072 0.445072 -0.677294 -1.362462 -1.009517 1.019436 0.685807 -2.344917 0.197994 -4.968174 -1.365490 
-0.071455 0.394248 -0.768359 -1.027740 -0.209241 0.005495 0.537134 -0.908766 0.060344 -0.322815 0.850997 0.218534 0.539072 0.206065 0.372407 0.105046 
0.182460 -0.522089 -0.452843 0.978860 0.781703 0.091680 -0.576393 -0.399615 0.067993 0.486092 0.360588 -0.465144 -0.024046 -0.040717 0.087720 -0.645339 
-0.155840 -0.243457 0.266049 0.550248 -2.893679 0.762162 0.191764 0.399582 -1.883947 -0.642889 -0.323972 -1.624790 -0.428147 0.808519 -0.266732 -0.112230 
0.163037 0.083410 -0.042423 0.206581 0.129019 -0.547544 0.795203 0.161833 -0.337318 -0.481003 -0.127912 -0.031827 0.228710 0.223198 -2.202744 -0.069803 
-0.584951 0.722638 -0.197229 0.235928 1.104510 -1.410694 -0.154051 -0.489410 -1.487707 1.362649 -1.714726 0.710928 -2.298681 0.299744 -2.903325 -0.742229 
-0.277748 0.003803 0.131013 -1.918187 0.793019 -0.481606 -2.686281 -0.135493 0.024084 0.115001 -0.698335 -1.081424 0.821314 -1.115208 0.433553 -0.206157 
0.004260 -0.129988 0.443484 -1.569918 -3.015459 0.325693 -1.334378 0.570410 -0.464208 0.125837 0.069963 -1.019521 -0.130678 0.968011 -4.931373 -0.282620 
-0.377727 0.268563 -0.146475 -0.193899 -0.187257 0.136889 0.301907 -1.284146 -1.798966 -0.315749 0.681550 -3.667392 1.365169 0.106160 -0.031834 -4.069531 
-0.837872 -0.160884 0.178562 -0.163080 0.791821 -0.497111 -0.078331 -0.298926 -1.434292 1.574194 0.746080 -1.805036 -4.183880 0.142313 -0.114817 -0.524391 
0.514638 -0.708166 0.010738 -1.722225 0.596382 0.191693 -0.426609 0.525131 -3.249277 0.791365 -1.037219 1.144929 -0.879474 -0.924187 0.390465 -2.199782 
0.142666 -0.153713 0.240872 0.048921 0.428814 0.096471 0.340513 -1.916526 0.246263 -0.389398 -0.292585 0.116034 0.264543 0.093731 -2.574814 -0.197362 
-0.506440 -0.356472 0.353410 0.301889 -1.042090 0.798946 -3.879898 0.256003 -1.308704 0.599743 -1.379997 -0.057004 0.204639 0.355189 -0.406843 -0.516613 
-0.108631 -0.921432 0.008189 -0.475532 -0.005865 0.916213 1.364388 -0.092262 0.165568 0.276050 0.305206 -0.908551 -1.507342 0.880103 0.304428 -0.076688 
-0.237937 0.574122 -0.380849 0.422150 0.841918 0.360821 0.200432 0.032002 0.907416 -0.794396 -1.297011 -1.458140 -0.513983 -0.137309 0.226084 0.172500 
0.152030 0.525255 0.618888 0.405342 -3.557024 -2.069938 -1.164297 0.817515 -4.739910 -0.523103 0.107453 1.495609 -0.628984 -0.470095 0.018676 -0.419773 
0.325852 -1.302782 0.416989 -1.301467 -0.515164 0.133672 0.050249 0.062938 -0.238650 -0.364800 -0.564923 -1.689214 0.716711 -0.131642 -1.379628 -0.549100 
0.171598 0.080106 -0.194850 -0.436777 0.074519 -2.192857 -1.336238 -0.052656 0.248325 0.064078 0.136789 0.032344 -0.003167 -0.645517 -0.314255 0.002080 
0.572005 -1.229974 -0.364690 0.443214 0.892830 0.165762 -0.263189 -0.425939 -1.121616 1.143914 -0.467489 -0.408982 -1.188699 0.336797 -0.729357 -4.577014 
-0.210077 0.576503 0.413354 -0.510012 -1.356824 -0.031221 0.119887 0.671906 -0.790075 0.973001 -0.033252 1.178545 -1.851126 -1.068638 -0.627235 -0.072583 
0.299369 0.387434 -0.164361 0.742728 -1.819338 0.165777 -0.300605 -0.126457 -0.455152 -0.960278 -0.144019 0.069437 -0.284312 0.060521 0.755842 0.693131 
-0.376123 0.201973 0.235416 -0.706621 0.634651 0.668005 0.905063 0.414362 -0.760413 -0.795174 -0.125983 0.159648 -0.346624 0.203719 0.284589 0.448056 
-0.015769 0.601672 -1.001046 0.196878 -0.358283 0.328976 -0.487648 -0.690390 0.463830 0.733464 -0.023332 1.495842 -0.572559 -0.977108 -0.690366 0.071321 
0.393252 0.264823 -0.225799 -0.572821 0.225427 0.023706 0.022619 0.524992 -0.556259 0.017367 -3.131824 0.274977 0.491045 -0.086452 -0.702770 -0.205354 
-0.079845 0.244142 -0.087514 -0.573016 -3.390208 1.001299 0.407109 0.212122 0.240912 -1.138235 0.303571 0.975917 0.408392 0.020167 0.843195 -2.619784 
0.086431 0.213533 -0.503654 1.967163 0.770059 -0.586496 0.352625 -1.074854 0.037752 -1.921444 -0.008305 -0.172726 0.716769 0.673548 -0.784059 0.250258 
0.474390 0.393206 0.010268 -0.203365 -0.300640 -1.700633 0.029366 0.074394 0.038552 -0.366993 0.158614 0.556429 0.161041 -1.154733 -0.285006 0.375807 
-0.859816 -0.888362 0.698963 1.359279 0.546283 -0.553380 -0.022860 -0.038126 -0.977986 -1.938020 0.441291 -7.092580 -4.620348 0.071387 -1.358195 -3.785429 
0.223141 0.166957 0.323538 0.593123 -0.198501 1.625398 0.536848 -0.887804 0.540806 -0.693249 -0.235248 -0.178142 -0.142062 0.599135 -0.205802 0.025355 
-0.321756 -0.518250 -0.125174 0.595881 0.531038 -0.905881 -0.037787 -0.089276 -0.032206 0.250562 0.521599 -0.527454 -0.499495 0.684867 -0.757131 -0.484586 
0.104019 0.114719 -0.486359 0.197095 0.099140 1.078519 -0.716802 -0.054491 0.267090 -0.127867 -0.787336 0.218722 0.640429 -0.811706 -2.164238 -0.378781 
-0.761912 0.194864 -0.155389 -0.367061 1.652347 0.733133 -0.436867 0.207586 0.373402 0.789084 0.380884 0.906483 -4.179368 0.025379 -0.276572 -0.788599 
-0.283917 0.462995 0.307125 0.017814 -1.560746 0.200000 -0.275578 -0.099618 -0.578713 0.283647 0.140405 -0.215587 -0.713955 0.622627 -1.260041 -0.904334 
-1.128344 0.625618 0.111425 -0.308521 0.541762 1.128128 0.257323 -0.043786 0.077428 -0.533912 -0.329804 -1.681229 0.345012 -0.039543 0.014370 -4.060911 
-0.591862 -0.800736 0.173851 -1.580256 2.004056 0.302457 1.113316 -0.450362 -0.443240 -0.125496 0.507511 -1.172514 -0.601281 0.533203 0.843683 -5.197181 
0.745414 -0.205956 -0.573650 0.069058 -0.131168 0.124310 0.826198 -0.599263 -0.707453 0.607687 -0.554905 0.689844 0.239858 -0.986632 -0.110370 0.587234 
0.418209 -0.388131 0.673082 0.111594 -0.251678 0.105095 -0.122169 -0.109924 0.172230 0.124484 0.544833 0.082479 -0.371288 -0.406621 -1.872397 -0.068189 
0.442116 -0.638227 -0.062869 -0.133496 -0.169985 0.339791 0.196462 -0.057795 0.332187 -0.237271 0.118182 -3.305571 1.305500 -0.352018 0.476364 -4.927835 
0.123579 -0.457844 -0.016283 -2.470284 0.217556 0.505338 0.051376 -0.024035 -0.798875 0.748517 -1.074903 -0.809680 -0.104722 0.072628 -0.206411 -0.836847 
0.134153 -1.977162 0.624276 -0.256085 -0.070725 -1.022107 0.036448 0.295344 -1.051788 -1.351986 0.261603 -2.311130 -0.585041 0.017120 0.708800 -1.527369 
-0.703512 0.311744 -0.047281 0.436083 1.302446 -0.015882 -1.153069 -0.345295 -1.707479 -0.133593 -0.386268 -2.678369 0.264149 0.033915 0.915618 -3.900343 
0.443225 -0.132717 0.248263 -1.748992 -0.734744 -0.457040 -0.014953 0.089427 0.290710 -0.833262 -0.844237 1.189837 0.778513 -0.060391 -0.000610 0.331309 
1.264133 -0.425003 -0.258613 1.330938 0.634233 -0.860113 0.167194 0.026661 -0.927627 0.005036 0.865601 -0.999738 -3.888556 0.242022 -4.127153 0.869802 
-0.075335 -0.576575 0.155849 1.136151 -0.554428 0.028800 0.202772 -0.214466 -0.939656 0.146069 0.338335 -0.069117 0.040290 -0.488254 0.574277 -0.784113 
-0.636224 0.211409 -0.030714 0.959249 -0.059154 -0.808771 0.052659 0.163577 0.220719 -1.040075 0.144097 0.198657 0.226054 1.063920 0.330694 -0.613365 
0.078837 -0.564120 0.397251 0.139755 -0.325207 0.029333 0.667267 0.223833 0.413828 -1.194418 0.559389 -0.485361 -0.060360 -0.098684 -0.486863 -1.027722 
-0.524226 -0.348346 0.347944 -0.037461 1.401524 0.954852 -0.300737 -0.166217 0.238793 -0.275700 0.010303 -1.169687 -0.401968 0.723157 0.306439 0.293469 
0.301190 -0.195649 -1.052009 -0.176468 0.253101 -0.036953 -0.149164 0.386893 0.010400 0.051482 0.034328 0.530739 0.671718 0.398868 0.802295 -0.254401 
0.536214 -0.008047 0.124468 -1.312504 -1.920351 0.976670 0.626756 -0.004702 -1.183450 -0.557199 0.462935 -0.932897 -1.265538 0.250268 -0.192888 -3.229505 
-0.296701 0.119569 -0.093206 0.508287 -1.407964 -0.771573 -0.365940 -0.335889 0.154576 0.758924 -0.877671 0.227872 0.039836 -0.945369 -1.712880 -0.290505 
0.533347 -0.782044 -0.374358 -1.065897 -2.818610 0.267488 -0.282232 -0.925184 1.354391 1.251395 -0.144248 -0.598754 0.292640 -0.138281 -0.331270 -4.445426 
0.035454 0.076340 -0.082378 -0.093278 0.567970 -4.076866 -2.031986 0.179642 0.762623 0.467948 0.115927 0.072277 0.508297 -0.317394 0.431148 0.081475 
0.218339 -0.401013 0.118900 -0.017863 -0.659551 0.278760 0.016716 0.445892 -0.897090 0.013221 -0.247180 0.342646 -0.501825 -0.336373 -0.180815 0.044251 
-0.711660 -0.577414 0.465885 0.753182 -0.192251 0.568082 -2.125938 0.261990 -0.907482 0.448173 -1.192904 0.442710 0.704528 -0.522881 0.758615 -0.142586 
0.296259 0.266697 -0.101550 -0.650390 0.242163 -2.966225 -2.323437 0.049998 0.317530 0.339627 0.170148 0.079183 -0.082525 -3.365302 -1.079933 0.067347 
0.483921 1.151537 0.255370 0.046444 0.105800 -0.737834 0.393836 0.092886 -0.674080 -0.042752 -0.568085 -2.409954 -4.007950 0.795382 -0.127043 -0.844832 
0.580547 0.128024 -0.068898 -0.203932 0.465031 0.227954 0.126042 -1.318544 0.431976 -0.361443 -0.036038 0.077454 -1.271483 0.496836 -0.033609 0.728521 
0.708687 0.066998 -0.143712 0.024574 -0.880190 -0.544205 0.894046 -0.228249 -1.331731 -1.273782 0.103906 0.348289 0.311851 0.447492 0.401289 0.237789 
-0.142866 0.193282 0.325775 -2.002050 0.002488 -0.181768 -0.229176 0.313865 -0.056293 0.082793 -0.899461 0.002777 0.004447 -4.622683 -0.599251 0.557095 
