0.955454 -0.007016 -0.053682 -1.417009 -1.086665 -1.263908 0.273063 0.206930 0.724175 -1.046395 -0.226446 0.727161 -0.532085 0.342148 -0.798575 0.746583 
0.215584 -1.499111 0.492494 0.876402 0.151581 0.384198 0.826141 0.296921 -1.909822 -0.856698 0.835712 -2.283488 -0.278628 0.648700 -0.383668 -2.170805 
0.039414 0.229635 0.009521 -1.432548 0.012859 -2.292019 -1.264620 0.326768 -0.090904 -0.080393 0.012227 0.068015 0.170759 -1.177235 -0.813641 0.490973 
-0.804779 -0.012155 -0.028894 0.518163 0.743409 0.048827 -0.587399 -0.396843 -0.891310 0.543574 0.708318 -0.293777 -0.531051 0.128342 0.693431 -2.285588 
0.271809 -0.800613 0.119642 -1.242455 2.535208 0.648878 -0.790626 -0.147401 -0.389058 0.513607 0.143745 0.289660 -2.935840 -0.068908 0.353439 -1.499077 
-0.093483 0.024976 0.589366 -0.531183 -2.257684 0.017447 -0.131494 -0.030417 0.501968 -0.198022 -0.419735 -0.344635 0.002617 0.209671 -5.032348 -0.512300 
-0.158315 -0.628088 0.411936 -3.003203 0.426123 0.440466 -0.792386 0.000995 0.640362 0.700292 0.149444 -3.300606 -2.636564 -1.185879 0.281494 0.322210 
-0.016084 -0.371859 0.564274 -0.937073 -0.082727 -0.492160 0.840735 0.494100 -0.115588 -0.737878 0.079696 -0.262373 -0.107650 0.083618 -1.568654 -0.717329 
0.748577 1.169692 0.025809 -0.085769 -3.742014 -3.130682 -0.612863 0.222442 -6.016150 -0.312883 -0.551938 1.787737 -2.990937 -0.418206 -0.009437 -0.165190 
0.485774 0.088458 0.089073 0.174924 -0.087347 -1.716746 0.074383 -0.102722 -1.324767 0.001987 -0.213138 -0.227001 0.042116 1.341030 0.314683 0.122504 
0.780191 -0.964538 -0.428640 -2.440096 0.398489 0.896010 -0.006707 0.059856 -0.958773 0.451258 0.124853 -1.357519 -3.652507 -0.404984 -1.405046 -2.306960 
-1.718890 -0.426324 0.277956 0.657459 0.199146 -0.805710 1.333410 -0.339431 0.457172 0.819823 0.424637 0.636154 -1.512543 0.355267 -1.923519 -1.181307 
0.141610 -1.535232 0.472902 -0.102914 -2.366850 -0.009527 -1.085334 0.863621 -3.167176 -0.071587 -0.111856 0.706332 -0.615504 -0.401614 0.949795 -1.007742 
-0.003021 -0.299562 0.093634 -0.950792 -0.504420 0.793355 0.525629 -0.105085 0.617802 -1.255037 0.385293 -0.351645 -0.076312 0.791341 0.743929 -0.115121 
0.425978 0.183214 0.287084 0.526090 -0.614267 -0.236810 -0.179576 0.062571 -1.080484 -0.036467 -2.735075 0.038608 0.263364 -0.567737 -3.417897 -0.921645 
0.063074 0.118543 0.186943 -0.476190 0.369129 -2.464448 -0.865755 0.061310 0.013416 0.369895 -0.278379 0.194247 0.070724 -3.510022 -0.315193 0.408127 
0.923846 -0.552493 -0.286942 -2.823573 -0.236967 -0.035577 0.480733 -0.770321 0.556069 0.868427 -0.061483 0.881546 -1.827397 0.207596 -0.397077 -4.047000 
0.262936 0.004868 0.598563 0.259167 0.423941 0.107922 -1.130904 -0.122329 0.268518 -0.371979 0.382811 0.296088 -0.414625 -0.885242 -1.979968 0.239480 
0.025576 -0.431873 -0.693342 -0.055652 0.094620 -0.213974 0.234156 0.414272 -0.882132 0.599326 0.121669 0.041584 0.108385 -0.268803 0.772279 -0.544333 
-0.029975 -0.551210 0.349563 -0.721802 -1.475536 0.239449 0.160143 0.303638 -0.318867 0.793854 -0.791617 -0.339571 -0.311968 -0.157163 -1.416914 -2.351651 
0.180298 -0.107979 0.015879 0.404881 -0.148988 0.529289 0.231200 -0.840974 -0.164754 -0.756327 0.396005 0.472589 0.178014 0.883240 -0.346657 -2.316787 
1.081041 -2.288497 0.109482 0.300346 0.657032 -0.765308 0.859175 -0.634378 -1.040307 0.670556 -0.564382 -0.025930 -0.487675 0.450762 0.433040 -1.983669 
0.700754 -0.239971 -0.167953 -0.379537 0.601176 1.062006 0.145280 -0.396415 0.652844 0.179222 -4.381426 0.285667 -0.071067 -0.547227 -2.695129 -0.153387 
-0.125984 0.485016 0.698486 -1.173387 -1.181258 -0.913016 -1.532401 0.517496 -0.682736 0.003685 0.695684 -0.345456 -1.680333 -0.993808 0.312424 0.032078 
0.584485 -0.894571 -0.277324 -0.245497 -0.149771 0.248053 0.601073 -0.146514 0.269335 -0.591029 -0.754075 -1.073767 0.606380 -0.517309 0.408298 -0.831292 
0.159911 0.130351 -0.305345 -0.755880 0.154202 0.030546 -0.301885 0.542830 -0.030550 -0.731074 -0.076296 0.007299 0.011257 0.209638 1.719695 0.294653 
-0.538906 0.686470 -0.553966 0.712301 -1.088310 -0.314098 -1.696692 -0.014115 -3.609921 0.855594 -1.302516 1.921800 -2.385825 0.487645 -2.876881 -0.257750 
0.278832 0.055116 -0.093191 0.383562 -2.888018 0.526807 1.460816 -0.250005 -1.398485 -1.025353 0.253402 0.316264 1.311767 -0.808683 -1.490943 -0.914707 
-0.606135 -0.031183 0.035552 0.331143 -0.022823 0.308083 -0.416148 -0.172409 -0.241550 1.354727 -0.259346 0.061304 -0.068279 -0.935885 -0.786544 -1.946044 
0.316669 -0.430887 -0.502313 1.021408 -0.340655 0.282595 -0.695484 0.098238 0.034966 -0.378194 -0.713350 -0.278006 1.070190 -0.465739 1.227860 -2.826294 
-0.391003 0.796470 0.264451 0.006852 -1.486673 0.343150 0.466854 0.132648 1.115106 -0.973839 0.706071 0.787182 -0.325682 -0.442264 -0.113654 0.770574 
-0.540728 -0.573968 0.266077 0.065103 0.311253 0.011201 -1.487833 0.562422 -0.229898 -0.217344 0.589245 -1.040919 -0.818956 0.159687 0.752179 -0.224536 
0.229242 -0.010324 -0.322464 -0.112708 0.081068 -0.435095 -0.100841 -0.087848 0.067872 0.123591 -0.766315 0.452620 0.704970 -0.753471 0.612997 -2.616486 
0.223005 0.451356 -0.441155 -0.319414 0.117437 0.385320 0.759633 -0.237835 0.229917 0.100227 0.061499 -0.479807 -1.116001 0.586261 0.400207 0.444304 
0.106331 0.531061 -0.408102 -0.354882 -0.409405 -0.345271 -2.845357 0.190017 -0.058528 0.363551 -0.244172 1.701301 -0.108026 -0.494883 -1.254962 0.371359 
0.184336 -0.019895 0.111508 -0.359676 -2.638038 0.545620 -0.362670 0.033119 0.000661 0.013162 -0.741340 -1.410699 1.405719 -0.419279 0.546013 -3.095487 
-1.183611 -0.247524 0.254668 0.539391 1.096817 -0.151549 -0.353926 0.138320 -0.967010 0.404606 -0.609743 0.072435 0.430959 -0.249622 0.355896 -0.133974 
-0.390767 0.560768 -0.351343 -0.289049 0.752014 0.423702 -0.475348 0.190594 -1.266133 0.569161 -0.455130 -1.886103 -0.068250 0.349552 0.212212 -2.393197 
0.084013 0.091078 -0.449266 -0.574674 -0.126959 0.098058 1.210821 -1.390996 0.391641 -0.991335 0.383284 0.308572 0.950175 -0.076013 -0.714229 -0.021500 
0.260791 0.324540 0.338079 -0.308520 0.226740 -0.299200 0.601139 0.068624 0.435712 -0.038282 0.657234 -0.039290 0.070184 -1.728518 1.201562 0.535864 
-0.459238 0.464838 -0.435668 0.510047 1.168274 0.859586 0.106469 -1.458502 -1.234953 -1.500291 0.834801 -11.458266 1.385406 0.406097 -1.380306 -1.571741 
0.559527 0.028713 -0.034117 -1.610654 0.724939 0.951776 -1.530810 0.958059 -0.614183 -1.487199 -1.491515 -0.887881 -0.312145 0.027029 -0.029534 0.496442 
0.064703 -0.795242 0.408623 0.862709 -1.011631 -0.101771 -0.465307 0.458883 -0.571101 -0.212054 0.038875 -1.056774 -1.322945 0.493798 -0.967072 -1.437831 
-0.405563 0.493335 0.188204 0.658246 -2.358632 0.493854 0.420410 0.545408 -1.321552 0.203542 -0.333485 -0.385910 -1.924269 0.274428 0.253947 0.258190 
0.111425 0.197043 -0.261721 0.088423 -0.014780 0.478529 -0.714191 -0.775397 -0.099209 -0.763435 -3.663485 0.226484 0.401182 1.164723 -3.284858 -0.059451 
-0.787892 -0.080868 0.364111 0.774521 -0.227109 0.454408 -4.205635 0.638867 -0.981182 0.241707 -1.591491 0.573978 0.030984 -0.421009 -0.109429 -0.344870 
0.465130 -0.728915 -0.455488 0.895889 0.605121 -0.441354 0.393241 0.610163 -0.728135 -0.331356 -0.812599 0.231102 -0.453474 0.231674 -0.666502 -0.981945 
-0.841329 0.574213 -0.657424 0.888490 0.242673 0.263541 -0.104440 -0.520781 0.737382 0.858252 0.284326 -2.588545 -0.486765 0.244621 -0.691620 -2.136128 
-0.753594 1.281657 0.654457 -0.901421 -1.912816 0.661534 0.409635 -0.814952 -1.143529 -1.049475 1.399630 -0.130763 -2.491596 0.489140 -4.739785 -0.284206 
-0.387300 -1.609065 0.542089 0.016111 -0.470022 -0.662611 -0.051993 0.344754 -1.852559 -0.187275 0.358477 -3.048413 -0.745843 1.075743 0.554704 -2.487210 
-0.444790 -0.906090 0.616259 0.706890 0.369461 0.488402 -2.930327 0.151363 -0.150941 -0.062559 0.520481 -0.847542 0.296241 0.950635 1.142379 -0.163695 
-1.224457 0.927337 0.090034 0.246042 0.613784 0.120907 -0.619434 -0.115455 -0.978840 -0.852144 -0.274029 -2.945208 0.396950 -0.018384 0.408980 -1.224616 
-0.665037 0.508488 0.173463 1.039781 0.343465 -0.199577 -0.320637 0.465904 -0.599751 1.249995 0.094912 -0.952054 -3.942210 0.268385 -0.418406 -1.478650 
0.179645 -0.002387 -0.547566 -0.879994 -0.150674 0.685941 -0.071706 -0.280452 0.209679 0.590992 0.228604 0.051272 0.413304 -0.216707 0.297831 -0.620721 
0.410227 0.379559 -0.352808 -0.007458 -2.193778 -1.421194 -0.447133 0.158689 0.235313 -0.477742 -0.399171 1.545006 -0.175153 0.405866 -3.136842 -1.357696 
-0.037563 -0.101580 -0.126030 -0.283959 0.172225 -3.538405 -2.674949 0.007150 0.680724 0.185443 0.195563 0.054358 0.198175 -0.576430 -0.027877 -0.035481 
0.472825 -0.449653 -0.102222 -2.176658 -1.316675 0.371024 0.039615 -1.368390 -0.994617 0.132735 -0.036559 -2.327414 -0.667884 0.171633 -6.861879 -3.893010 
0.296424 0.401370 -0.282491 -0.174517 0.260903 0.339206 -0.464541 -1.324825 0.403767 0.442723 -2.003646 0.394339 0.323761 -1.389838 -0.448428 0.227563 
-0.382329 0.366124 -0.659190 0.134661 0.526669 -0.268351 0.784486 -0.410529 0.582043 0.554789 0.011450 -0.794270 -0.540013 0.538767 0.008058 -0.384849 
-0.419211 -0.189471 0.557009 1.507393 0.883391 -0.010249 -0.034296 -0.411899 -0.072727 -2.121281 -0.021160 -3.670526 -2.680323 0.046409 -1.755382 -3.711778 
0.051075 0.839119 0.262383 0.461321 -1.177195 0.248258 1.151600 -0.068136 -1.240124 -0.696821 -0.254389 -3.095283 -2.231941 0.176576 -0.435609 -1.073322 
0.539520 -0.055678 -0.192950 -0.176387 0.164919 -0.405398 0.315703 -0.141300 -1.603173 1.345145 1.013519 -0.443819 -1.923789 -0.489046 -1.130083 -0.086401 
