0.444147 -1.506386 0.092166 -0.345321 0.746275 -1.716828 -0.836416 0.654474 -2.791092 0.593720 0.003347 -2.223849 -0.428604 -0.733634 -0.154371 0.090186 
0.584500 -0.321067 -0.329865 -0.088253 -0.616691 -0.041507 1.033085 -0.106111 -0.570025 -1.194933 0.151197 -0.189415 0.353778 0.043910 0.824046 -0.078291 
0.751647 0.743019 0.288187 0.640761 -1.513650 -2.446977 -0.784960 0.051745 -5.525940 -0.165040 -0.107808 1.117044 -2.234941 -0.024091 0.110480 -0.384123 
-0.096340 -0.019881 0.115508 0.593588 0.373802 1.187736 -0.279446 -1.152291 -0.217055 -1.748959 -0.462514 -0.193329 0.198710 0.249816 -1.804409 -0.071185 
-0.134708 0.259261 -0.605466 -0.097960 0.030297 -0.261574 -0.073037 -0.553375 0.447181 0.295393 -0.081803 -0.025964 0.438803 -0.451241 0.070767 -0.530559 
0.558648 0.259259 0.149823 0.756979 -1.498409 -0.727424 -0.567831 -0.370526 -0.586774 0.032765 -0.514201 0.655728 -1.071601 0.789805 -5.103079 -0.571525 
-0.181157 -0.750169 0.530809 0.291688 -0.147556 -0.223042 -0.035113 0.390384 -0.294678 -0.345269 0.823609 -0.206601 0.065832 0.514398 0.765465 -0.101102 
0.231696 -0.404941 -0.345770 1.366784 0.485858 -0.847764 -1.194375 0.687464 -0.284511 -0.385982 -0.540881 -0.149945 0.886686 0.076314 1.048646 -0.043970 
0.122055 -1.294072 0.690011 0.146924 -0.531258 -0.238683 1.056337 0.312865 -1.522502 -1.755281 0.643772 -1.957503 -0.159061 -0.056085 0.163413 -2.134167 
0.214644 -0.145861 0.444744 0.356098 0.231207 -0.791059 -0.806772 0.046587 0.532624 0.472164 -0.369593 -3.298508 -1.897659 0.490088 -0.102107 -1.355332 
-1.321503 0.580658 0.820349 0.162714 0.160440 -0.115471 -0.149306 -0.081666 -0.998722 -0.483068 -0.258430 -0.885103 -0.666114 0.310870 0.329983 -0.633665 
0.351040 0.423300 0.088765 0.318587 -0.460620 -1.751669 -0.283963 -0.164573 -0.462666 -0.237224 0.079321 0.437627 0.268436 -1.912703 -1.707830 -0.000588 
-0.004827 -0.166316 0.569697 0.091031 0.506483 -0.297809 0.121097 0.342241 -2.520361 -2.086481 0.737357 -7.019753 -1.362439 0.133614 -0.132528 -1.486359 
0.367501 0.342584 0.262970 -0.938630 -0.192506 -0.123515 -0.325062 0.243767 -0.336475 0.421281 -0.211354 -0.826511 -1.666680 0.209887 -0.215002 0.404992 
0.201232 0.656948 -0.072497 -0.384802 0.217026 -0.362367 1.437488 -0.321277 -0.573869 -0.464732 0.170996 0.021934 -0.333658 -2.461785 -1.494037 0.659354 
-0.076178 -0.479020 0.282940 -2.746530 -0.266778 -0.069532 -0.249475 0.368830 -0.958526 0.471901 -0.963893 -1.256227 0.415561 -0.221642 -0.080559 -0.117675 
-0.461670 0.832554 -0.329354 -0.230800 0.846127 0.473970 0.644798 -0.261151 0.338521 0.446547 0.442720 -0.302107 -1.108852 0.444417 0.194015 0.097971 
-0.259724 -0.484067 0.243470 -0.308621 -0.063303 0.509184 0.102051 0.264315 -0.678740 -0.067391 -0.673794 0.443741 0.452826 0.437578 -0.194893 -0.127021 
0.045262 -0.107563 0.210886 -1.320597 0.171613 1.082123 -0.024309 0.338486 -0.518245 -0.120164 -0.853522 0.000369 -0.106055 -0.638741 0.546572 0.105200 
-0.228695 -0.661360 -0.437006 0.476747 0.633038 -0.102034 0.044881 -0.236552 0.080254 0.426786 0.543159 -1.636173 0.396470 0.281784 -0.451193 -0.360059 
-0.731049 0.896921 0.387518 -2.716140 -2.892575 0.853982 0.512319 -0.904852 -2.082177 -0.326894 1.138183 0.576914 -1.270404 0.552117 -1.825606 -4.239174 
-0.487750 0.374738 -0.006665 -0.401849 1.203995 1.540316 -0.730196 -0.261586 -0.653242 -0.481779 -0.788973 -4.963755 -0.045909 0.229444 -1.391062 -3.502202 
0.465272 -1.191123 0.292760 0.137098 0.495754 -0.665217 0.121558 -0.014984 -0.197850 -1.078729 -0.021299 0.179540 -0.127999 1.049163 0.666294 0.149573 
1.116774 -0.897173 -0.422487 0.561484 -0.165284 -0.441213 0.428804 -0.527720 -1.124966 1.135068 0.256247 -0.390529 -1.761241 0.112280 -0.775530 -2.816832 
0.307206 -0.012904 -0.093795 -2.215593 -1.375665 0.670969 0.225962 -0.008025 0.218219 -0.886423 0.712783 -0.398826 0.119104 0.368084 0.998568 -0.210928 
0.550251 -0.727843 -0.388299 0.250243 -0.361268 0.531759 0.340998 -0.062802 -0.566644 -0.506851 -0.590013 -1.655965 0.647781 0.082323 0.761046 -2.620095 
0.907108 -0.548364 -0.375889 -0.448439 0.075755 0.817352 -0.324918 -0.421956 -1.482983 0.867794 0.032723 -1.777859 -0.399388 -0.176563 -3.147615 -1.097466 
0.225149 -0.182811 0.387880 -0.784264 0.480017 0.412107 0.138063 0.731805 0.166267 -1.046381 -0.763622 -0.267422 0.288054 0.462498 0.382804 0.042793 
0.242606 0.233537 0.248294 -1.612565 0.221453 -4.391206 -1.581302 0.236671 0.225109 0.200601 0.394097 0.135250 0.257781 -1.981753 -0.083027 0.450559 
0.062659 0.111049 -0.125168 0.054619 0.128966 -3.076909 -1.596850 0.173077 0.209692 0.376334 0.224970 0.255115 0.117043 -1.164391 -0.000490 -0.297355 
-1.077801 0.295379 -0.090157 0.194073 0.938477 -0.697309 -1.722944 0.534429 -1.498450 -0.518952 0.115622 0.211017 0.691590 0.347096 0.636045 -2.112045 
-0.189546 0.176763 -0.618118 1.776689 0.001755 0.421595 -0.302419 0.221192 0.295892 -0.820647 -0.927846 0.912380 -0.781883 -0.322188 -1.217176 -4.424852 
0.259719 0.072290 -0.638480 -0.227685 -0.228832 0.994282 0.678927 -0.695938 0.197147 -0.333523 -2.363273 -0.215347 -0.651693 0.657836 -2.910776 0.132497 
-0.207131 0.958858 0.182289 0.626284 -1.284484 0.455917 0.686002 0.335140 0.726231 -1.388625 0.486146 -0.003513 -1.416511 -0.083537 0.973993 0.933710 
-0.283071 1.513822 0.565325 -2.442115 -1.933450 0.200107 -0.788689 0.380979 -2.533085 -0.283293 -0.055786 0.944394 -1.061275 -1.145799 0.309173 0.084164 
0.373755 -1.495853 0.028112 0.159163 -0.909729 0.423807 0.711959 0.178885 -0.644287 -0.380576 0.257671 -1.305647 -0.148907 0.798017 0.660458 -4.328635 
0.081384 1.081777 0.252224 0.526820 -1.415466 0.321329 0.963617 0.305053 -1.497136 -0.737773 -0.285926 -0.799867 -0.655558 -0.323378 0.159920 -0.079470 
0.442819 -0.733744 0.543518 -0.026438 -2.111508 0.273900 0.355469 0.105746 0.211659 0.403268 -0.355090 -0.274682 -0.218271 -0.036740 -0.455242 -1.748830 
-1.017927 -0.068324 0.228530 -0.152454 0.369346 0.276729 0.400306 -0.690548 -1.830736 -0.259388 -0.234670 -9.812673 1.054678 -0.128829 -0.049719 -1.539139 
0.420678 0.091292 -0.829410 -0.951953 0.747803 -0.331351 -0.118173 -0.103675 -0.059060 0.383195 -0.275976 -0.199509 0.204293 0.183962 -0.928701 -1.774434 
-0.018084 -0.058134 0.434475 0.508227 -1.176633 -0.275741 0.094992 0.405144 -0.941090 -0.969929 -0.058461 0.184789 0.006900 0.622921 -1.104471 0.118472 
-0.264939 0.044550 -0.355048 0.861768 0.773440 0.175126 -0.588027 0.146592 -1.225549 -1.045264 -0.441402 -2.942450 -0.300639 0.614151 0.403092 -4.899879 
0.495805 -0.887356 -0.255262 -0.667211 0.776142 0.396248 0.150048 0.138514 0.671319 0.451756 -1.226165 -2.270220 -1.505064 -0.675144 0.398999 0.457204 
0.187477 0.504439 -0.099131 -1.892823 -4.184086 0.317148 0.336479 -0.296869 0.251299 0.083488 -0.073601 0.416381 -0.012832 -0.008202 -0.555411 -2.310232 
-0.015639 -0.110108 -0.002271 0.463737 0.351367 0.144470 -0.373579 0.803408 -0.645343 -0.246240 -0.513832 0.427896 0.132320 -0.349865 -0.282490 0.159954 
0.434089 -1.087893 0.377991 0.214134 -2.624400 0.101749 -0.444516 0.389060 -1.289966 0.329964 0.056568 0.511138 -0.167059 -0.550717 0.365953 -0.864237 
0.400388 0.488555 -0.419371 -0.861722 -0.315638 0.229848 -2.382121 -0.391784 -0.183065 0.300995 -0.595801 1.153229 0.223023 0.281104 0.141919 -4.010801 
-0.436784 -0.280934 0.290704 0.684220 -0.071592 -0.723785 -2.452287 0.287868 0.174502 0.837523 -0.635289 0.087051 0.241846 -0.082425 -0.758303 0.005438 
0.401940 0.521212 -0.097286 -0.675595 -0.588820 0.210335 -0.227634 -0.866795 -0.112972 0.113748 -0.231880 0.246539 0.149933 -0.030646 -0.929248 0.351359 
-0.761614 -0.126416 0.064864 -0.943310 1.168374 0.063469 -0.622637 -0.308697 0.542328 0.729297 -0.325708 -0.129283 -0.789312 -0.011025 -0.312272 -2.125128 
0.081545 0.310596 -1.234478 -0.360011 0.731097 0.225270 0.057255 -0.008412 0.667472 0.632573 0.458923 0.300158 0.534702 0.174562 0.800330 0.287746 
0.205777 0.368082 0.029738 -0.225475 -0.381348 0.450674 -1.614021 0.212604 -0.385438 0.316949 -1.271071 1.268577 0.144213 -1.995331 -1.891920 0.375546 
0.129691 0.219601 0.061206 -0.738218 -1.736288 0.024086 0.224218 -0.039803 -0.262237 0.231663 -2.193397 -0.101741 -0.010910 -0.135850 -4.011373 0.329404 
0.487133 0.295292 -0.907976 0.196096 -0.401671 -0.254791 0.149420 0.261863 -0.087735 -0.206038 -0.926306 0.259076 -0.007106 -0.395791 -1.163447 -0.197663 
-0.532046 0.187438 0.213053 0.678374 -2.337743 0.050581 0.104310 1.186277 -0.537387 0.214604 0.064284 0.584833 -1.832657 -0.472552 0.529860 0.457096 
-1.206910 0.454669 -0.174137 0.462771 -1.736650 0.390056 -1.061981 0.290785 -1.656378 0.998817 -0.678388 -0.565576 0.379078 -0.089083 -0.390154 -0.838747 
-0.503147 -0.260200 -0.120940 -0.354792 1.241981 0.188350 -0.065201 -0.280322 0.848809 0.059197 0.138176 -5.021747 0.612549 -0.230679 0.519190 -2.379989 
-0.762640 -0.069611 0.409375 0.247981 0.038681 -0.273668 0.052018 0.077323 -2.319981 1.332171 0.545202 0.030380 -3.510214 0.488431 -0.744509 -1.264891 
-0.504285 -0.252983 0.482010 -0.004197 -0.275818 -0.175650 -0.144297 -0.463750 0.110852 0.955140 1.113033 -0.084308 -0.145831 0.456180 -0.652772 -1.367803 
-0.405879 -0.363820 0.683114 0.851835 -0.055652 0.060152 -0.214160 0.011285 -0.128372 0.970487 0.415741 -1.469839 -1.613221 -0.053589 -0.760083 -2.588786 
0.083576 -0.329711 0.450159 1.279399 0.692851 0.089158 0.201577 -1.878650 0.393412 -0.840165 -0.533336 0.130798 -0.301715 0.053265 -0.661450 0.146888 
-0.024766 -0.653330 -0.350112 -0.037957 2.358075 0.334160 -0.727137 -0.547155 0.291676 0.773621 0.315250 -0.368445 -3.826018 0.194423 0.083127 -2.092666 
0.346968 0.357622 -0.526608 0.300020 -0.141601 0.359475 0.511645 -1.123140 0.360764 -0.392383 0.790187 0.283391 0.288061 0.551409 -0.108270 0.181762 
-0.126822 0.151565 -0.436653 0.180574 0.091467 -0.185426 0.358811 -0.570106 1.199685 0.434256 -0.422733 0.832004 0.633144 -0.643908 0.136692 -3.932448 
