0.549140 -0.832809 -0.167737 0.145733 -0.819312 0.201736 0.479862 -0.165088 -0.307771 0.142039 -0.213165 -0.439127 0.623439 -0.634164 0.146266 -3.152072 
0.486894 0.223916 -1.230797 1.362194 -0.094132 -0.557263 -0.332924 -0.075781 0.300601 -0.349020 -1.344992 0.421396 0.381782 -1.406763 -1.231402 -0.355352 
0.271502 -0.554952 0.269271 -0.183470 0.049799 -0.402666 0.056418 0.363144 0.509209 -0.758383 0.628753 -0.063577 -1.315487 0.408027 0.436182 0.315303 
0.376657 -1.444351 0.641434 -0.523045 0.942538 0.178249 -1.673655 -0.074036 -0.123368 0.275648 -0.132514 -2.729593 -0.669425 -0.587727 -0.267525 0.635396 
0.040842 -0.065874 0.539080 0.057342 0.454745 -0.203989 0.587869 -0.262865 -1.385460 -0.779802 0.442575 -0.277275 -0.279562 0.211998 0.742862 0.075127 
0.282632 -0.183606 0.525184 0.956041 -4.316362 0.199900 -0.106928 0.428904 0.192576 -0.199358 -0.962332 0.718406 -0.635683 -0.206780 0.038432 -0.867466 
0.150911 -0.025479 0.021734 0.122378 0.206169 -3.836376 -1.664893 0.052097 0.208577 0.602875 0.093537 0.103074 0.437011 -1.143074 -0.414155 -0.141151 
0.172093 0.359950 0.063979 0.308693 0.046463 -0.232927 -0.140782 -0.109449 0.352658 0.689532 -1.568059 0.201047 0.295139 -0.520681 -1.929620 0.295517 
-0.125683 -0.359077 0.328961 -0.799067 0.310293 0.057718 0.405025 0.036838 -0.482585 0.289618 -0.912289 0.026920 0.158103 -0.358696 0.587926 0.110620 
-0.604293 0.590320 0.397664 1.145152 0.715796 -0.754393 -1.047577 0.347806 -1.890901 -1.694778 -0.130974 -9.259439 -3.842923 0.264571 -4.193677 -2.617601 
-1.088312 0.723405 0.069620 0.245054 0.714222 -0.448151 0.579113 0.145989 0.009731 -0.433007 -0.341929 -0.620003 -0.552236 -0.141139 0.798794 -0.353832 
0.331575 -0.046236 -0.203377 0.734266 0.356297 0.295094 -0.218181 0.106104 0.186715 -0.974880 -1.932823 -0.983369 0.146080 0.583382 -1.089470 0.282604 
0.123808 0.227249 0.176578 0.023686 0.221360 0.399338 1.010490 -1.456953 0.514862 -0.910022 -0.493310 0.311659 0.502705 -0.297114 -1.387734 0.014186 
0.030856 -1.090814 -0.134684 -0.724779 -3.717203 0.700099 -0.455740 -0.028972 -1.419880 0.943385 0.132437 0.434744 -1.100523 0.632879 -0.164932 -2.911996 
0.070496 -0.461728 -0.042555 -0.970133 0.844904 -0.568975 -0.554924 0.510615 0.025794 0.106590 -0.372672 0.514386 0.313011 -1.736394 -1.760293 -0.418382 
0.308002 0.407360 -0.069236 -0.435630 0.299057 -1.653807 -3.294674 -0.006753 0.493501 0.009195 -0.187837 0.110890 0.062398 -2.395415 0.062011 0.166261 
-0.815706 0.283511 0.169513 0.012813 0.815913 0.387208 -0.206874 -0.452167 -1.511623 0.259956 0.022866 -3.541090 0.029109 0.092580 0.293185 -3.834615 
-0.133674 0.245096 -0.102188 -1.766490 -0.584251 0.335400 0.900909 -0.644527 -0.623624 -0.238495 0.372912 0.050679 0.352802 0.186207 -3.211650 -0.137171 
-0.226461 0.013395 0.354377 0.132441 -0.412326 -0.276522 -2.328428 0.430399 -0.186795 0.527746 -1.339573 0.115067 -0.236603 -0.789750 -0.000716 0.227872 
-1.158329 0.499131 -0.069235 0.639276 1.756905 0.319379 -0.424537 -0.709915 -2.354377 -1.243414 0.766255 -4.328513 1.265240 0.257417 -1.029611 -1.574586 
0.155866 1.166689 0.007897 -0.662868 -1.482936 0.756195 0.804026 -0.092517 -0.528862 -1.313000 0.261800 -0.317580 -2.258165 0.063230 0.213072 -2.149522 
0.279240 1.132429 0.463537 -0.558515 -1.750633 -3.695946 -1.088742 0.359783 -2.864377 0.173068 0.446266 1.281244 -0.569807 -0.707041 0.200048 -0.115619 
-0.415110 -0.829106 0.336105 0.979242 1.395098 0.375272 -0.252030 -0.020843 -0.462975 -1.141747 0.455640 -0.989784 -1.702894 0.439672 -0.899916 -3.594297 
0.364519 0.286706 -0.214008 -1.331022 -0.488639 -1.209855 -0.574491 0.302898 0.010525 -0.504667 -1.358657 1.788482 -0.314985 0.774597 0.285177 0.116955 
0.402588 -0.213680 -0.234196 -0.423250 0.130183 0.823106 0.349586 -0.296888 0.267659 -0.629519 0.653068 -0.436843 -1.211469 -0.150648 0.888420 -0.208746 
1.053543 -0.205802 0.336051 -0.117612 -3.239723 -0.189493 0.313736 -0.529288 -0.627109 0.361022 -0.139905 -1.203217 -1.022356 0.107747 -0.538765 -1.501050 
0.461063 1.137236 -0.068521 -0.811693 -0.794249 0.578440 1.195064 -0.210487 -1.113507 -0.779703 0.361808 -0.386248 -2.234023 0.151007 0.065806 0.709363 
0.122572 -0.420013 -0.014996 0.799068 -0.010542 -1.014375 -0.560559 0.094019 0.227253 -0.021455 -0.171242 -0.227309 -0.139186 0.647753 -1.058252 -1.030746 
-1.095201 0.739500 0.371790 0.507625 -1.397595 0.639248 0.026838 -0.106551 -2.698986 -0.945224 1.179367 -0.196566 -2.296404 0.463127 -3.263680 -1.048733 
-0.492980 0.289123 -0.204838 0.537242 0.418789 0.104415 -0.555413 0.315211 0.391462 0.542552 -0.552725 -0.521776 -0.013200 0.497091 -0.127403 -0.493452 
0.293922 -0.035307 -0.722272 -0.410497 0.259505 0.544694 0.440847 -0.777332 0.657161 -0.197628 0.918306 0.134728 0.226287 0.900438 -0.050708 0.062127 
-1.017147 0.446467 0.457394 1.109805 -0.102561 -0.263948 -0.278096 0.697140 0.720836 -0.630730 -0.125666 0.045325 -1.338591 0.485957 -0.234980 0.675993 
0.318039 0.938426 -0.401085 -1.081276 0.166771 0.190656 0.632655 -0.652362 0.090583 0.326305 -0.053606 -0.347330 -1.246781 -0.234345 -0.294823 0.402978 
0.092509 -0.448379 -0.327150 0.139953 -1.068934 0.772765 -0.627679 -0.377787 0.105011 -0.157255 -0.727679 -0.659081 1.902311 0.386409 0.157766 -3.136020 
0.407923 -0.110285 -0.407923 -0.365722 -0.137373 -0.194883 -0.059137 0.103040 0.356964 0.445301 -0.667429 1.022277 -0.089656 -0.026256 -0.596420 -0.513712 
-0.757042 -0.076587 0.396076 0.011678 -3.168056 -0.031963 -0.553652 1.007778 -0.699484 0.244352 0.000551 0.051594 -0.490433 -0.048653 -0.621327 -0.335602 
-0.052788 0.297590 -0.242867 0.700067 0.421840 -0.217849 0.456604 -0.466061 0.602505 -0.202377 -0.266375 0.040633 0.424887 0.386030 0.266144 0.383596 
0.817876 0.572851 0.001167 -0.683526 -3.342779 0.211343 0.066976 0.680250 -4.162398 -0.031280 -1.426237 1.655477 -1.485379 -0.841662 0.073339 -2.165624 
0.844618 -0.720104 -0.410682 -2.153957 -0.349217 0.576624 -2.270817 0.528213 -1.433700 0.688014 -3.269235 -0.696526 0.513261 -0.244527 -1.714149 -0.198509 
-0.402737 -0.078756 -0.374832 -0.861476 3.149761 0.211424 -0.475779 -0.636306 1.223361 0.589505 0.415728 -0.496209 0.076126 -0.009257 -0.536391 -2.509343 
0.051406 -0.011261 -0.183018 -1.295023 -1.892852 -0.117141 0.276739 0.286057 -0.397371 0.117561 -0.221785 -0.052682 0.885495 -0.706092 0.350072 -0.416221 
-0.831458 -1.825233 0.662645 0.535904 -0.547088 -1.215539 -0.603604 0.238553 0.293561 0.253590 0.050901 -1.722013 -1.539073 0.649273 -0.028674 -2.350282 
0.049203 0.052621 0.108533 -0.305867 0.189903 -1.665459 -1.944306 0.140336 0.357049 0.238554 0.188022 0.076883 0.193235 -0.241191 0.154890 0.147068 
0.507367 -0.447615 -0.334026 0.250252 0.573835 0.259561 -0.291696 -0.227876 -0.186602 0.172852 0.056535 -0.575293 -1.094348 -0.552252 -1.366335 -0.773814 
0.099965 -0.015191 -0.901170 -1.539144 1.297618 0.030040 0.478472 0.231925 -0.835601 0.309074 0.228851 0.338719 0.314937 0.400539 1.191736 0.430523 
-0.125268 0.138870 0.282047 -0.202308 -1.011291 0.200590 0.221173 0.389986 -0.449552 -1.100375 -0.010431 -0.275280 0.478289 0.520436 0.836213 0.467939 
-0.358782 -0.281573 -0.143648 0.531032 1.874734 0.104070 -0.224440 0.096732 0.133293 -0.002130 -0.669173 0.238516 -0.328833 -0.296521 1.263015 -0.819035 
0.198318 -1.339624 -0.069902 -1.817755 -1.503278 0.535989 -0.746555 -0.813673 -0.463107 0.881714 -0.445148 -2.091346 -0.628499 0.533730 -9.735352 -1.625976 
0.172803 0.307301 -0.255577 -0.996959 -3.883793 0.007450 -0.820797 -0.000287 0.868524 -0.164895 0.031499 1.277777 0.322688 -0.085299 -1.862928 -3.507459 
0.237329 0.160444 0.211510 -1.653211 0.323541 -3.676760 -1.403736 0.333128 0.445492 -0.312188 0.192945 0.157793 -0.084825 -1.824253 -0.326892 0.716852 
-0.413019 -0.324852 0.337794 -2.264542 -0.196048 0.132657 -0.875736 0.369122 -1.315874 0.412962 -1.932361 -2.086152 -0.181420 -0.827817 -0.254567 0.024320 
0.229340 -1.115299 0.329732 0.057637 -1.281731 0.122686 0.848583 0.117051 0.006999 -0.405601 -0.089134 -0.299208 -0.600315 0.381681 -0.515170 -2.019967 
-0.287614 0.142191 0.067744 -0.472712 1.543504 0.555438 -0.644423 -0.581372 0.282147 0.298353 0.362792 -1.869038 -0.546831 -0.082080 0.336711 -2.417171 
-0.118829 -0.108655 0.354394 0.160510 -0.398463 0.047542 0.127979 0.096103 -0.072879 -0.426508 0.438585 0.559821 0.175375 0.613263 -1.384047 -0.531283 
0.360027 0.169125 0.193322 -2.546933 -0.677611 0.501231 -0.818997 -0.652469 -0.031399 -1.225661 0.102677 -0.352553 0.188187 0.614638 0.350561 -0.287525 
0.031528 0.409492 -1.033827 0.127565 -0.299444 0.823490 0.845818 -0.049098 0.251026 1.564689 0.445083 0.809479 -0.604308 -0.435119 -0.560998 -0.213983 
-0.740424 -0.550015 0.297580 0.502011 0.002918 -0.656369 -0.655293 0.449716 -0.960806 -0.546730 0.038788 0.662773 0.674476 -0.094669 0.404969 -0.124590 
0.634538 -0.399350 -0.137513 0.218968 -1.791591 -0.844079 1.253410 -0.005888 -1.405847 -1.859138 -0.244744 -0.379687 -0.056487 0.393344 0.569168 -0.340390 
-0.599662 -0.743895 0.465797 0.678206 1.167593 0.065201 0.410332 0.223929 -0.005767 -0.976904 0.703999 -1.884380 -0.515414 0.112174 0.120669 -1.157244 
-0.085175 -1.716495 -0.498159 0.987352 -0.022443 0.357288 0.373381 0.328677 -1.746598 1.405411 -0.048067 0.437827 -0.729266 0.197031 -1.045253 -0.670098 
-0.412689 0.266433 -0.008989 -0.029538 0.074201 0.404879 0.840208 -0.232151 -1.417249 2.110695 0.206411 -0.638558 -3.945688 -0.613120 -1.314577 -1.172293 
0.680640 -1.724991 0.377843 -0.046929 0.294243 -0.134745 0.372284 0.213691 -2.237512 -1.297983 0.000084 -0.837253 -1.527475 -0.467703 0.563428 -2.140004 
-0.258893 -0.034943 0.200261 0.559275 -0.452133 -0.286210 -0.745770 -0.234221 -0.881607 1.010221 0.575722 -0.303989 -0.686571 0.301069 -0.746453 -1.878905 
-0.040682 -1.482818 0.151031 0.320537 -0.249090 0.051741 -0.040912 0.164001 -0.530020 0.343781 -0.298144 -2.118439 -1.375362 0.640772 -0.005702 -0.594310 
-0.085553 0.253227 -0.454573 0.238408 0.566528 0.586377 0.638707 -0.332855 -0.340752 0.458579 -2.127101 -0.186712 0.250556 -0.500387 0.095507 -0.054513 
-0.292996 0.647466 0.370305 -2.295197 -0.943653 0.113458 -0.001761 -1.120380 -0.044459 0.139457 0.146271 0.981045 0.977450 -0.167232 -1.650952 -1.080884 
