0.460925 -0.217835 0.187660 0.137707 -0.624810 0.040362 1.853470 0.013011 -1.822670 -0.034880 -0.027546 0.012630 0.516711 -1.098046 -3.015439 -0.137474 
0.029928 -1.334989 0.207929 0.688614 0.499626 -0.624824 0.274993 0.514411 -0.882057 -2.382668 -0.369671 -1.547629 -0.101356 0.091797 -0.447934 -1.007996 
0.931832 0.898969 -0.100139 -0.768845 0.144927 -3.142311 -1.409430 0.287577 -5.343403 0.302300 0.105997 1.793759 -1.480951 -0.984859 0.064585 -1.344857 
0.442959 0.218977 -0.528486 0.727417 -0.404594 -1.774262 -0.859728 0.154116 -0.250508 0.934909 -0.670057 0.130912 -0.891012 -1.203021 -2.218412 -0.128761 
0.196510 0.224440 -0.170856 0.178698 -0.088581 -1.713197 -0.808221 -0.020351 -0.357539 -0.232232 -0.289794 -0.056043 0.150307 0.426991 -1.655275 -0.236107 
-0.453542 -0.250229 0.279202 0.833275 -0.371040 0.038084 -2.196850 0.377278 -0.710196 -0.174700 -1.442324 0.670493 0.510484 -0.897205 -0.021851 -0.315788 
-0.949426 1.045221 0.181948 0.801794 -1.243883 0.228879 0.418044 -0.026782 -0.208578 0.377010 0.611851 -0.105391 -2.245340 0.292004 -0.597359 -0.271325 
-0.015908 -0.993753 0.581563 0.331775 0.569544 0.034255 -0.217724 0.188467 -1.423737 -0.854237 0.600787 -0.741871 -0.305118 0.084551 -0.206909 -1.783720 
0.503757 -0.884234 0.076475 0.505505 -0.743850 -0.328635 0.287379 0.102986 -0.458773 -0.111201 0.400001 -0.662160 -1.355022 0.439200 -0.141678 -0.578652 
-0.006687 -0.814743 -0.164489 0.371597 0.261865 0.002630 0.915497 0.136085 -0.636880 -0.386306 0.234458 0.335700 0.257098 -0.328501 -1.047042 -1.154154 
-0.025169 -0.225248 0.133118 0.866601 0.806671 0.065927 -0.011078 -0.926293 0.582043 -0.188302 -0.120931 -0.104029 -0.369873 -0.206433 -1.577898 -0.131523 
-0.059634 -0.840106 0.242982 0.059198 -5.079808 -0.094164 -0.135051 0.929077 0.452015 0.411734 -0.016910 0.668056 -0.920086 -0.565322 0.369369 -1.836014 
-0.542160 -0.003557 0.448259 -1.563865 0.259042 0.273019 -0.092327 0.359436 -0.923529 0.377809 -0.852532 -3.689064 -1.323302 -0.319894 0.385143 -0.040653 
-0.834686 -0.261487 0.127059 -0.031580 1.889460 0.210149 0.232093 0.200232 -1.296291 0.282903 -0.403853 0.528091 -0.687739 -0.083841 0.146965 -2.746590 
0.178590 0.500733 0.361104 0.630059 -2.060011 0.247947 -0.512752 0.206760 0.086792 -0.310882 -0.833414 -0.516700 -0.197673 0.183777 0.325374 0.173061 
-0.806258 0.308656 0.315483 0.085007 -0.167708 0.103526 -0.415764 0.196231 -2.449050 -0.560300 -0.462321 -3.175006 -0.121777 0.398422 0.155475 -2.300702 
0.014460 -0.129096 0.227265 0.108621 -0.221338 0.316883 0.240400 -0.529377 -0.524246 -2.208669 0.102554 -0.646511 0.484006 0.802249 1.077340 -0.243317 
-0.057519 0.945656 0.043513 -1.486987 -2.079572 0.331292 0.975222 0.162961 -0.464958 -0.558075 0.900574 0.552916 -0.686523 0.037623 -0.075075 -0.239290 
-0.802137 1.232946 -0.272826 0.552120 0.575790 -0.071415 0.411083 -0.920162 0.433304 -0.661898 -0.026320 -1.231135 -0.142917 0.824781 0.051185 -0.478467 
0.163569 -1.294493 0.219014 0.650468 -0.201452 -0.294462 -0.367635 0.163675 -0.231457 0.130517 0.269279 -2.307379 -0.942131 0.405415 0.401334 -2.442276 
0.214585 0.385073 -0.027772 0.763629 0.179682 0.393957 0.517098 0.207969 -1.447505 -0.591699 0.749130 -1.607984 -2.231537 -0.043331 1.164464 -0.920594 
-0.053418 -0.251524 -0.263954 0.585327 0.133316 0.289027 -0.143489 -0.179918 0.146937 -0.122278 0.868036 -0.404919 -0.470468 0.276316 0.557956 -0.034199 
0.118524 0.057135 -0.011350 -0.079140 -1.426941 0.803527 -1.262527 -0.127569 0.338739 -0.967479 -0.135061 -0.694199 0.793107 0.832623 0.561186 -2.145816 
0.123485 -0.330851 -0.200126 -1.432562 -0.412858 0.368515 0.365560 -0.668694 -0.526830 -0.143215 -0.881319 -0.402323 -0.013191 0.537133 -0.384704 -0.338153 
0.600513 -0.155333 -0.456869 -0.974933 -0.662304 0.033212 -0.453595 0.044255 0.358281 0.214174 -0.201597 -0.358188 0.032646 -0.086647 -2.680367 -0.937050 
0.375558 0.035155 0.241374 0.236883 -0.375262 0.016271 -0.031508 -0.288666 0.271486 -0.397753 0.091552 -0.150825 -0.039217 -0.179652 -2.386171 -0.494090 
-0.130787 -1.653077 0.512413 -0.263951 -0.631942 -0.516266 0.043425 0.011409 -1.635638 0.836853 1.234308 -3.164496 -1.793617 0.191004 -0.384196 -2.048878 
0.289094 -0.384884 -0.125736 -0.885617 0.704975 0.160614 -0.179126 0.050099 0.866013 0.644776 -0.855879 -0.635199 -0.485516 -0.427224 -0.210622 0.432718 
0.166444 -0.051762 0.177807 -1.062532 0.603524 0.520506 0.310551 0.239048 -0.882392 -0.149945 0.209334 -0.805389 -1.281964 0.731653 -2.215136 0.580208 
0.097630 0.008849 -0.466701 -0.430495 0.140135 1.127968 1.174703 -0.175113 0.244243 -0.111369 0.021364 -0.019434 0.352819 0.110044 0.377019 -0.412654 
-0.036144 -1.710795 0.617564 0.155796 -0.626089 -0.612184 0.064625 0.433763 -0.473417 -0.583473 0.279374 -2.844842 -0.178278 0.050620 0.633308 -1.183942 
0.360458 0.242213 -0.674128 1.055818 1.299101 0.159883 -0.298242 0.285429 -0.123645 -0.673778 -1.169413 -0.640546 0.324898 -0.297802 0.389464 0.154719 
0.540582 -0.440334 -0.123128 -0.694053 -1.916408 0.328128 0.428839 -0.541663 0.370149 0.735154 -0.274571 -1.437721 -0.875920 0.052621 -1.126482 -2.544818 
-0.166282 0.655844 0.447652 0.014727 -2.245110 0.605435 0.388353 0.154340 -2.729931 -0.771641 0.206144 0.484888 -0.458769 -0.129817 -1.985373 -1.406875 
0.496010 -0.912443 0.078996 -0.610579 -0.040259 1.621700 -0.162024 -0.526025 -2.191510 0.096025 -0.246596 0.593170 0.580023 -0.217245 0.586568 -1.728321 
0.541794 0.153844 -0.120291 -0.463637 -1.314041 -1.624504 0.926128 0.508473 -0.283583 -0.794065 -0.826627 0.623404 -0.176207 -0.002590 -2.174723 0.693468 
-0.922546 -0.030098 0.235704 0.956204 0.365981 1.041635 -0.526813 0.375537 -0.035807 0.635299 -0.116353 -0.038221 -0.040878 -0.452919 -2.176558 -0.907737 
-0.047875 0.229443 -0.056397 0.128258 0.020051 -0.448102 0.467427 0.077540 -0.085863 0.095219 0.759360 -0.147312 -0.342510 0.695467 0.170948 0.070125 
0.234647 -0.416638 0.075939 0.514018 -2.042183 -0.316218 -0.520679 0.023654 -1.239537 -0.418977 -0.013203 0.792479 -1.039591 0.562658 -2.868541 -0.807374 
0.162004 -1.371333 -0.104691 0.416038 -0.243579 0.153266 0.928727 -0.728792 -0.317012 -0.220219 0.069780 -0.984578 -1.017994 0.174693 0.295573 -0.359237 
-0.481724 0.471454 0.885964 -1.463315 -1.806467 -0.634180 -0.233877 0.435460 -2.474637 -0.191408 0.255052 0.880020 -1.340683 -0.978497 0.253414 -0.333446 
0.602995 -0.550074 0.406100 0.902188 0.710687 -0.553393 -0.215619 0.347762 0.496880 -2.396608 -0.065351 -0.300959 -0.197615 -0.080672 1.245167 -1.622923 
-0.086176 0.952750 -0.543175 -1.561305 -0.077073 0.061897 0.734026 -1.785442 -0.558390 -0.442205 0.485640 0.465286 0.006170 0.131927 -1.614961 0.380055 
-0.193943 -0.564127 0.373929 -0.980964 0.799302 -0.013113 -0.480849 0.412066 -0.551489 -0.092383 -0.766231 -0.254750 -0.339483 -0.072192 0.798685 0.308390 
-0.045694 -0.066949 0.324515 0.499999 -0.402060 0.677320 -2.520796 0.317066 -0.489435 0.258629 -1.818712 0.156526 -0.258422 0.327955 -0.624599 -0.298325 
0.146205 0.146274 0.188447 -2.440327 -2.620590 0.292701 -0.574771 -0.170651 0.279297 -0.089476 0.266806 -0.225063 0.292169 0.506867 -1.368955 -0.419912 
0.066819 0.466016 -0.690992 -1.105761 -0.005409 1.266225 1.215064 -0.507327 0.624953 -0.424460 -0.271141 0.103550 0.253967 0.247730 0.043916 0.009849 
0.587707 -0.025678 0.041064 -1.243310 0.081354 0.444169 0.440707 -0.100126 -0.472842 -0.479961 0.676768 -0.241703 -0.674440 0.657930 0.390067 0.582764 
-0.072738 0.346318 -0.634992 -0.071129 -0.057481 0.069980 -0.229554 -0.434824 0.493024 0.917927 0.475312 1.522658 -1.361310 -0.409756 0.213491 -0.014084 
0.234110 0.005392 0.035275 -0.982962 -0.414413 0.637795 -0.204632 0.038431 -0.277778 0.434892 -3.102538 0.126117 0.078591 -0.481878 -1.699429 0.510934 
-0.644983 0.082727 -0.150508 0.459492 0.482273 -0.211274 0.085186 0.670846 -0.560124 -0.267859 -0.192776 -0.176708 0.323939 -0.006624 0.384197 -0.209127 
0.329508 -0.351496 0.399345 -1.401547 0.484523 0.675818 0.100335 -0.785200 0.468766 0.392460 -0.664427 0.182043 -0.392014 -1.193238 -0.126255 0.235001 
-0.213662 -0.614120 0.624076 0.157590 -0.404760 0.000948 0.237019 0.265163 0.032833 0.045853 0.285566 0.037061 0.463362 -0.393736 0.162433 0.152681 
-0.315271 -0.209178 0.115325 -0.484770 0.733646 0.407658 -1.283160 0.190027 0.101260 0.493667 0.659294 -1.066389 -2.231564 0.690695 -0.152597 -0.362275 
0.114847 0.224915 0.053857 -1.040853 0.052752 -2.587568 -1.557979 0.155258 0.404665 0.187593 -0.037026 0.186270 0.208608 -3.417732 -0.424812 0.274542 
0.098075 -0.840574 -0.479490 -0.122436 1.590540 -0.087112 0.072766 0.502297 -2.205535 -0.727422 -0.874824 0.065858 1.017836 -0.176585 -0.778278 -0.851140 
0.133320 -0.759628 -0.726961 0.142439 -1.866442 -0.101574 -0.637194 -0.150339 0.213246 0.718027 0.386389 -0.840479 -0.141057 0.387474 -0.431722 -2.106997 
0.046656 0.090288 -0.091382 -0.269925 -0.083582 -3.958652 -1.776290 0.019702 0.378672 -0.077056 0.075452 0.378256 0.436656 -0.508055 -0.337618 0.092436 
0.361804 -0.566254 -0.301721 0.614029 0.038376 -0.224910 -0.766700 -0.239246 -0.373753 1.335533 -0.276882 0.025937 -0.527144 -0.178300 -1.175523 -2.768869 
-0.001592 -0.139190 0.011591 -1.143557 2.950471 0.222597 -0.481533 0.095222 0.009495 0.464709 0.165196 0.447182 -0.950264 -0.158778 0.423685 -0.900197 
-0.883911 -0.197889 -0.057627 0.912952 0.931195 -0.359252 -0.269063 -0.332217 -2.497608 1.325684 -0.880617 -1.496657 -2.834735 0.565091 -5.392190 -5.694968 
0.247407 0.391799 0.279749 -0.006362 -0.769824 0.408655 0.148283 0.213572 -0.486783 -0.540192 -0.569288 -1.193527 -0.909491 -0.119012 0.108072 -0.069937 
0.149943 0.493864 -0.194387 0.271095 0.193597 -0.356219 -0.540376 -0.037098 -0.031362 0.226895 -1.248511 0.356429 1.019676 -0.411476 -0.483178 -4.063941 
-0.155240 -0.014388 0.494628 0.076105 -0.212656 -0.845356 -0.051881 0.045354 0.458824 0.716151 0.495242 -0.547540 -0.047462 0.752113 0.586889 -0.908546 
-0.278712 0.331338 -0.776480 -1.369849 1.118737 0.151391 -0.740854 -0.405195 0.526582 0.856196 -0.212653 -2.747942 0.610437 0.063921 0.270860 -4.635762 
-0.758641 0.746487 0.013646 -0.079507 1.594949 -0.298820 -0.132365 -1.298639 -1.889531 -1.177274 0.230601 -3.864895 1.546044 0.045190 0.242840 -3.404674 
-0.757426 0.586514 0.031105 1.485150 -0.137100 0.169823 -0.288800 0.501881 -1.299919 1.302494 -0.628422 -0.223809 -2.178901 -0.379867 -0.985007 -1.632907 
0.190158 0.367833 0.019447 0.190880 -0.519638 -0.209549 -0.305430 -0.216641 0.067241 0.311245 -1.508166 0.218452 0.137712 -0.488364 -2.768797 -0.006846 
