0.215116 -0.499199 0.453321 -0.142211 -1.815765 0.125983 0.190740 0.016822 -0.777826 -0.643918 0.697860 -4.938496 -1.516944 0.437124 -1.542589 -1.622662 
0.479883 0.409743 -0.535593 0.762021 -0.413456 -2.220438 -0.279768 -0.118275 -0.223884 0.114004 -0.536855 1.046666 -0.285496 -1.259920 -1.025674 1.049535 
-0.209366 -0.086385 0.254232 -0.364035 -2.004577 0.119165 -0.644001 0.266978 -0.678380 -0.595101 0.180748 0.448466 0.420827 0.162512 0.304669 -0.290248 
-0.188975 0.389859 0.154088 -0.683015 -0.355021 0.685523 -0.646287 0.124130 0.602948 0.136327 -1.298906 0.391617 0.994769 -0.130560 0.056970 -0.708492 
0.226749 -1.194689 -0.081728 -0.091656 1.261166 -0.221194 -0.017096 -0.111973 0.899335 0.120330 0.012997 -1.024839 -1.299198 0.341670 0.187660 -0.597399 
0.012782 0.260164 -0.189391 -0.486976 0.136337 -1.242371 -0.900940 -0.177983 0.355015 -0.532414 -0.199776 0.424279 0.392987 -0.715602 0.609321 -0.094688 
0.118843 0.316107 0.001975 -0.902178 0.393459 -0.406001 0.411969 0.263099 -0.469970 0.039845 -0.800866 -1.874415 0.380382 0.269626 0.145953 0.447364 
0.094857 0.060000 -0.024354 0.072717 0.361262 -0.120872 -0.486179 0.162883 -0.365252 0.797805 -0.943459 0.254821 -0.005529 -1.180656 -0.593103 0.023326 
-0.483757 0.070177 0.597346 0.222665 0.851384 0.222615 -0.421795 -0.040529 -0.441147 -0.997786 -0.228510 -2.893971 0.244804 0.611850 -0.998326 -1.015813 
0.042090 0.545936 0.361814 -0.276392 -0.105789 0.097997 0.223550 0.156766 -0.055893 -0.330008 -1.009361 0.247437 0.245718 -2.747930 -2.362601 0.285451 
-0.537866 0.938241 0.195701 -1.852084 -0.892220 0.920221 0.454811 -0.262185 -1.110930 -0.995916 0.366227 1.314994 -3.294622 -0.254158 -1.772420 -1.959773 
-0.358156 -0.737024 0.297633 1.107379 1.123572 0.092697 -1.120003 0.468976 -0.831936 -1.064521 0.188197 -1.657540 -1.173784 -0.038698 0.408441 -0.293621 
-0.600481 -0.051309 0.628377 -1.745869 -1.355763 -0.904504 -0.270344 0.656712 -0.935760 -0.725761 0.800592 -0.001656 -0.622516 0.105526 0.525655 -0.033584 
0.756300 -1.096152 -0.436910 0.499850 0.260620 0.476042 1.297608 -0.680389 -1.041603 -0.215320 0.286287 -1.033480 0.236523 -0.176032 0.292201 -0.279730 
0.219444 -0.975428 -0.199930 0.516764 1.303632 -0.250114 -0.072194 0.171574 1.118616 -0.333558 -0.058359 -3.483497 -0.657043 0.459495 0.916567 -5.133376 
-0.257445 -0.914656 0.095736 1.941306 0.827967 -0.248986 -0.740442 -0.376683 -1.162749 0.104698 0.320128 -0.386064 -1.425943 -0.274980 -3.944927 -0.634481 
-0.127143 -0.273242 -0.081508 0.803945 -0.075187 -0.515472 -1.122827 -0.076627 0.194882 0.448919 -0.059052 -0.048398 -0.019318 0.499163 -0.595049 -0.643166 
-0.608879 0.361871 0.838556 -0.240861 -0.854738 -0.162375 0.119658 0.361632 -2.334176 -0.180610 -0.272423 -1.820233 -0.299057 -0.950848 -0.186436 0.123227 
-0.297920 -1.151911 0.210274 0.500309 0.235181 0.166713 -0.078272 -0.377239 0.097409 -0.985375 0.458257 0.364844 0.208135 0.275915 -0.334074 0.241501 
0.245606 0.358223 0.108687 -0.155276 0.198589 -4.660161 -2.141788 0.229670 0.401057 0.361181 -0.011602 0.267348 0.002261 -1.945092 -0.167170 0.184972 
-0.428995 0.605095 -0.317427 -1.131926 2.055814 0.886749 -0.340351 -0.722987 -0.749770 0.833711 -0.000818 0.864860 -4.201958 0.121936 -0.043156 -2.375041 
-0.236540 -0.066412 0.013345 -0.429696 -0.419475 -1.838659 -0.554253 0.344503 0.059760 0.308782 -0.012955 0.254973 0.485060 -1.759476 -1.065406 -0.263027 
-0.804345 -0.045545 0.292356 0.413317 0.434448 -0.407081 0.353027 -0.619727 -0.254220 0.001471 0.559386 -0.875548 -0.753937 0.155240 0.053144 -0.130168 
0.153094 0.234652 0.497374 0.161841 -1.343966 0.303456 0.273841 0.308848 -1.627944 -0.936986 -0.015964 -1.943933 -0.485339 0.467556 -0.195732 0.124270 
0.649401 -0.447658 0.140270 -0.243810 -3.702509 -0.219564 -0.043614 -0.169827 0.197105 0.522293 -0.183260 0.287930 -0.177515 0.080099 0.368084 -3.234771 
0.364171 -0.456024 0.165367 -0.641296 0.991635 0.343316 -0.619487 -0.157239 0.906280 1.409171 0.366171 -1.570768 -0.107804 -0.314752 -0.738466 -2.006465 
-0.372167 0.728423 -0.181221 -3.411002 -1.926676 0.639094 0.251123 -1.181750 -2.721198 0.008707 0.683348 0.285289 -2.071076 0.652668 -2.795934 -6.225124 
-0.643897 0.440630 -0.733932 1.035963 0.116695 0.471968 0.116686 -0.823244 0.731627 0.691598 0.227771 -0.017542 -1.480001 -0.260300 0.026211 -2.507507 
0.686416 -0.176792 -0.221693 -0.153534 -0.302808 0.684289 0.764318 -0.823475 0.537140 -0.170984 0.851749 -0.304360 -1.573300 0.444917 -0.381856 0.399379 
-0.172408 0.021799 -0.265055 -1.355208 -0.894443 0.435733 -0.418292 0.050262 0.388524 0.674074 -0.674390 -1.642763 2.000602 -0.452151 0.372756 -3.446785 
-0.107174 -0.679501 0.227272 -0.674565 0.662216 -0.226247 -0.050964 0.244305 0.962484 0.380620 0.134070 -0.618998 -0.558804 -0.842203 -0.125005 0.227235 
-0.278744 -0.631403 0.445775 -0.205472 0.618971 1.071260 -1.678707 0.058842 -1.173114 0.932786 0.361712 -0.891739 -2.631555 -1.466536 -0.629220 -0.055206 
0.129507 -0.356921 0.164307 -0.747375 -2.013590 0.260451 0.561207 0.347210 0.294905 0.425386 -0.523031 -0.085958 -0.078862 -0.171815 -0.339656 -1.274150 
0.465920 -0.792387 -0.226487 -0.130891 -1.568283 0.324630 0.591221 -0.080103 0.378034 0.818257 -1.132300 0.408913 0.227762 -0.852063 0.111170 -1.771577 
0.156523 0.123707 0.236534 -0.914271 -0.549843 0.207940 0.031227 0.075403 -0.743432 -1.119286 0.856287 -0.349033 -0.656547 -0.100663 0.378425 0.353039 
-0.140308 0.610953 0.202545 0.256002 -2.744691 0.535960 0.975112 0.316755 -0.587044 0.018080 -0.600241 -0.378580 -1.693930 -0.126163 -0.939811 -0.148823 
0.225228 0.043220 -0.039078 -1.486700 0.167649 0.021115 -0.238699 -0.076427 0.086178 -0.300594 0.868107 0.419685 0.517241 -0.228883 -0.590716 0.220853 
0.368762 0.288558 -0.081048 -1.616922 0.320191 0.247491 -0.102695 0.002486 0.474949 -0.186172 0.176031 -0.091855 -0.155453 -0.970466 -0.002175 0.708259 
-0.871006 0.278469 0.102011 0.122148 0.715401 0.170995 -0.701819 0.033263 -1.044642 0.176385 -0.226407 -5.233207 0.251999 0.341034 0.352557 -4.329222 
0.609067 0.362225 0.016971 0.496413 -0.215745 0.225761 -0.006468 -0.486258 -0.487209 -0.211465 0.192674 -0.729658 -1.131161 -0.255607 -3.080393 -1.141395 
-0.670993 -1.372170 0.560479 -0.516337 -1.426937 0.043070 -0.322243 0.570418 -1.296476 0.218978 -0.400808 -2.388367 0.575486 -0.684518 0.134849 -1.626638 
-0.059823 -0.279904 0.049705 -0.068031 0.642574 -0.909741 -0.434443 -0.460954 -0.745331 0.630078 0.032091 -0.055420 -0.241404 1.117664 -0.013523 -2.716081 
0.428604 -0.072623 -0.864482 -0.347718 -0.495511 -0.699964 -0.336727 0.074661 0.059827 0.165327 -0.369471 0.889009 0.810510 -0.813590 -0.581841 -0.865392 
0.684244 -0.645981 -0.393278 1.383355 -1.254684 0.774540 -0.860552 -0.004129 -0.447669 0.141342 -1.121994 0.757633 -0.257261 -0.180086 -0.875019 -0.370774 
0.539705 -0.968109 -0.008915 0.416862 -1.310139 0.133666 1.005375 0.151439 -1.355248 -0.717083 0.298126 0.006364 -0.118037 1.073154 0.200386 -3.593372 
-0.173864 -0.380016 0.191355 -0.517624 -0.164817 -0.618773 -0.055828 0.341762 -0.464590 -0.224044 -0.316341 -0.026826 -0.306926 1.050901 -0.387116 0.067767 
-1.230775 0.236319 0.473374 0.517897 -0.598681 -0.045875 0.057003 0.256052 -0.772041 0.362334 0.413352 0.078529 -1.360499 0.660693 0.142679 -0.489053 
-0.005624 0.231655 -0.796752 0.317849 -0.161476 0.062532 0.221163 -0.247060 -1.547940 0.405631 -0.205974 -1.318835 0.423021 0.346283 -0.037469 0.025079 
-0.984313 -0.378963 0.033768 -0.493592 -0.303854 -0.338663 0.147355 0.057991 -2.149818 0.981634 -0.761757 -2.738054 -2.850359 0.492225 -4.832320 -0.967838 
-0.245283 -0.022539 -0.132752 -0.795109 0.833741 0.110554 -3.447163 0.246855 -1.334346 0.260243 0.289317 -0.293436 0.022385 0.153673 0.630196 0.097088 
-0.176620 0.425711 -0.664623 0.991914 -0.128866 -1.837183 -0.374587 0.765322 -0.466655 0.619409 -0.399777 0.479876 -0.387362 -0.411604 -0.900908 -0.347645 
-0.541765 -0.538687 0.410819 -0.370161 0.512840 0.450412 1.068818 0.033943 -1.074756 -1.120053 0.482992 -1.055549 -0.139885 0.326478 -0.187557 -1.984659 
0.721131 -0.124271 0.115365 0.193001 -1.057027 -1.128014 0.801767 -0.025769 -1.079944 -0.508717 -0.249670 0.182818 -0.028008 -0.052970 -1.298593 0.040969 
0.865573 0.631021 -0.079577 -0.216233 -2.219616 -3.557957 -1.135552 0.351871 -4.896616 0.356283 0.034362 2.247433 -1.434224 -0.814995 0.116286 0.206349 
-0.097701 0.188494 0.164748 0.348667 -1.238328 0.210937 0.095561 -0.107950 -0.031344 -0.151347 -1.603406 0.106834 0.440466 0.089332 -0.412048 0.289049 
-0.318798 0.015257 0.402484 0.179525 -0.190876 -0.718501 -2.491173 0.433803 0.111481 0.005229 -2.504316 0.384190 0.316554 -1.329324 -0.314993 -0.178158 
-0.107736 0.356717 -0.293639 -0.903132 0.069976 -0.381483 0.536866 -0.295269 0.204881 0.319079 -0.114780 -0.806150 -0.333369 1.189481 0.224486 0.112246 
0.272844 -0.424801 0.115815 0.807680 -0.679346 -0.410862 0.500386 0.314451 -0.091916 -1.455953 0.148431 -0.402617 0.312531 -1.184918 0.040759 -1.570767 
-0.858605 0.700768 -0.214459 1.463321 0.473505 0.155094 0.711402 -0.432571 0.477346 -0.986855 0.216004 0.092930 0.444430 -0.427813 -1.026349 -0.057519 
0.485938 -0.595007 -0.038997 0.784701 -1.550448 -1.293632 -0.296714 0.045928 -0.547500 0.536721 -0.518136 0.639566 -1.641263 -0.136120 -0.695238 -2.923934 
-0.068475 0.311004 -0.374438 -0.548227 -0.002260 0.330631 0.484381 -0.252952 0.280764 -0.097215 0.353990 0.358215 0.728409 0.510528 -0.229315 -0.551831 
0.192876 0.144877 0.206191 0.024355 -0.531719 0.525522 -1.260417 0.268858 0.138797 -0.990971 -1.912555 -0.422647 0.290262 0.380935 -0.570358 -0.037020 
0.553875 -0.784996 -0.024839 0.172600 -0.443674 1.172401 -0.037508 -0.546475 -0.015395 -1.018255 -0.763610 -1.008814 0.323374 0.440410 -2.757356 -2.928935 
0.388668 -0.117027 -0.835329 -1.145563 -0.429295 0.081524 0.261455 -0.290057 0.206415 0.197095 0.382317 0.259178 0.111435 0.693195 0.760505 0.003148 
0.143922 0.138221 0.085747 -1.341803 0.303580 -1.922896 -1.366636 0.135024 0.074060 -0.012813 0.323342 0.047739 0.037610 -1.627461 0.544040 0.412458 
0.353407 -0.003335 0.294591 0.264696 -0.371892 1.285626 -0.327366 -1.107898 -0.865524 -0.080215 -2.034182 0.134094 -0.132329 -0.341903 -2.951244 0.017690 
-0.314508 0.353263 -0.246193 -0.204632 0.826944 0.040723 0.440931 0.037111 0.040489 -0.494575 -1.120490 -0.345725 -0.194285 0.120559 0.757964 0.232151 
0.396509 -0.090796 0.460248 -2.460923 0.497735 -0.238905 -1.304978 0.139889 0.311952 -1.702055 0.385214 -0.366000 -0.076446 0.584034 -1.098500 0.541676 
-1.065307 0.764802 -0.288223 0.091447 1.254326 0.305377 -0.124496 -1.050716 -3.834931 -1.488059 0.477917 -2.942231 1.399962 0.412186 -0.311412 -1.457295 
-0.427150 0.057326 -0.219630 0.327607 -0.344772 -0.208622 0.028509 -0.229075 -0.689511 0.509646 0.213759 0.011386 -0.221903 0.410607 -1.674669 -0.686624 
