-0.752732 1.217342 0.057670 -0.900070 -1.952477 -0.153417 0.685311 -0.170190 -1.878278 -0.970308 0.214950 0.524328 -0.324606 -0.034566 -1.171041 -4.461919 
0.055003 -0.247645 -0.523396 0.011961 0.426062 0.277794 -1.906018 -0.227346 -0.970419 0.741961 -0.387708 -1.057678 -0.330834 -0.160909 0.007044 -0.251873 
0.094133 0.144772 0.399185 -1.291885 -0.093658 -0.586560 -0.366659 0.279007 -0.305367 0.261436 -0.991490 0.188538 0.020519 -3.090408 -1.225171 0.431090 
-0.773126 0.834711 0.376064 -1.624457 -1.385726 1.070418 0.788146 -0.186438 -2.767790 -0.601627 -0.810278 -1.944601 -1.390437 -0.742501 0.093422 -0.166027 
-1.035301 0.646721 -0.103338 0.366344 0.277062 0.542422 -0.535898 -0.091705 -1.140412 0.583525 0.299614 0.508908 -0.279525 -0.435901 -0.337959 -2.234259 
0.149481 0.126792 -0.464637 0.094103 0.088121 -0.043210 -0.073045 0.195979 -0.411378 0.463407 -1.535652 0.266715 0.454490 -0.401102 -0.384745 -0.021993 
-0.576489 1.350863 0.117565 0.188994 -1.210227 0.032303 0.171932 0.537249 0.730016 -0.926655 -0.645444 0.200754 -0.723120 -0.219892 -0.006603 0.762442 
0.358728 -0.366644 -0.162544 0.700613 -0.034407 -0.155117 0.445460 -0.363428 0.317865 0.312425 0.422029 1.050469 0.201757 0.310032 -0.108895 -0.676133 
0.140812 -0.644707 -0.099877 0.293247 1.195747 -0.130223 -0.435618 0.590640 0.009190 0.136268 0.525887 -2.583278 -1.691818 -0.122643 0.520354 0.442758 
0.639745 -0.419413 0.080770 -0.681524 0.416877 0.226953 0.683905 -0.704906 1.107241 0.166986 -0.213367 0.239049 -0.850245 -0.598854 0.310336 0.781123 
-0.953936 -0.181891 0.350651 0.324112 0.240212 -0.298967 -0.600349 -0.236562 -0.828078 0.307524 0.791231 -2.006507 -1.601960 0.490905 0.217764 -0.690915 
0.046662 -0.311585 -0.075195 -0.001249 0.496363 -0.723052 -0.033553 0.236852 0.284969 0.024398 -0.057135 -0.265897 0.149968 -0.167207 -0.842548 -0.207089 
-0.094013 0.361247 0.244080 -0.742812 -1.469663 0.457523 0.215070 0.161106 -0.323613 -0.118621 0.860132 0.125645 -0.765298 0.378656 -0.148741 -0.057904 
-0.167538 0.063622 0.390503 1.522916 0.350929 0.256106 -0.279742 -0.402298 0.385170 -0.381408 0.010122 -0.570929 -0.879036 -0.248242 -0.510498 -0.515159 
-0.982937 0.412427 0.033563 1.020110 -0.802010 0.004563 -0.183273 -0.257176 -1.389854 -0.193674 0.489409 -0.907445 -2.509078 0.751001 -0.523329 -0.626638 
0.149966 -1.484503 0.319182 0.803505 0.815613 0.298940 0.356093 0.066878 0.050864 -0.442450 -0.242869 -0.150635 -0.339278 -0.530833 -0.278672 -0.379806 
0.462993 -0.442687 0.446913 0.217593 -1.239544 -0.417378 0.471034 0.217196 0.292357 -1.347756 0.239176 -0.057414 0.264282 0.568773 0.442478 -0.507332 
0.090742 -1.762525 0.101962 0.666852 0.617008 0.005278 0.097640 0.108100 -0.035687 -0.569152 -0.130139 -1.307239 -0.568983 0.480613 -0.005920 -4.415759 
-0.575744 0.431438 0.304355 0.502811 -0.264582 0.381666 -0.304994 -0.625435 -1.880741 0.914513 -0.587468 -4.151380 -3.161017 -0.005881 -3.342086 -4.420077 
-0.111190 -0.638274 0.352354 -0.139840 -1.370143 -0.113890 0.400106 0.206162 0.440643 0.321659 -0.660675 -1.903110 -0.322825 -1.133215 -0.144305 -0.699045 
0.436308 -1.908848 -0.749868 1.579306 -1.501977 0.850297 0.064576 -0.116552 -1.915143 0.230398 -1.030765 -0.150704 -0.131347 0.526989 -3.967445 -1.699441 
-0.339702 -0.396601 0.234652 0.342437 -0.742121 0.280804 -1.525772 0.311800 -0.926204 -0.388954 -0.778311 0.388477 0.212831 -0.202642 -0.250493 -0.020896 
-0.609819 1.135692 -0.047454 -0.340657 1.139162 -0.030017 -0.270769 -0.694947 -1.250167 -1.218102 -0.816343 -4.173143 1.098261 -0.020768 0.688267 -2.061696 
-0.066612 -0.015851 -0.137995 0.316182 0.094684 0.073548 0.205361 -0.030508 0.027875 0.501492 -0.201538 -0.339486 -0.644194 0.421985 -0.435313 -0.114949 
0.897944 0.075617 -0.284109 -0.516262 -1.910472 0.583352 0.578249 -0.713392 -0.075755 0.298566 0.210788 -1.609999 -0.105397 -0.082298 -0.556645 -2.244718 
0.340754 0.254300 -0.570619 0.342188 0.220664 -2.426639 -1.219937 0.079883 0.256519 -0.528745 -0.559084 0.301362 0.191823 -0.932155 -0.601730 0.181110 
-0.176816 -1.736544 0.151944 0.046094 -2.273604 -0.141862 -0.520035 0.911439 0.296265 -0.187824 0.546813 1.277784 -1.273832 0.389918 0.213676 -1.095464 
0.469244 -0.849040 -0.443471 -0.772628 0.111617 1.121633 0.502277 -0.461762 0.371642 0.072717 0.189771 -0.896013 0.115391 0.199932 0.121249 -0.954450 
-0.245525 0.081015 -0.212166 -0.432020 1.895485 0.605922 -0.787520 -0.567081 0.461222 0.836738 -0.176053 -0.301168 -1.822792 0.234357 -0.089609 -2.191520 
0.368995 0.164166 0.074909 -1.061666 -3.032487 0.558228 -0.521800 -0.528818 0.245638 0.069322 0.008364 -0.587236 0.182711 0.373117 0.297327 -0.118307 
0.073515 0.041807 0.112193 -1.883167 0.557182 -0.553070 0.446791 0.397305 0.411668 0.407494 0.379552 -0.222226 -0.093867 -3.167816 -0.693547 0.275369 
0.421272 0.133520 0.384361 -1.389939 -0.734176 -0.500164 0.072236 0.395176 -0.088950 -1.914327 -1.119087 0.451354 -0.172343 0.375732 -3.868684 -1.324432 
-0.319504 0.509935 0.202074 1.251239 0.200529 -0.452947 -0.232697 -0.001999 -1.655269 -1.083648 -0.234143 -0.643997 0.526873 0.078501 -1.120378 0.626406 
-0.529013 1.301912 -0.350691 -0.240552 -1.347744 -0.284793 -0.007373 -0.666061 -1.112571 0.302079 -0.186739 0.211158 -0.437398 0.445005 0.089490 -0.216862 
-1.381473 -0.468528 0.026441 0.946427 0.579282 -0.541062 -0.548282 0.235705 0.429183 0.255309 -0.690783 -0.252189 0.314274 0.069066 1.097555 -0.519357 
0.188287 -0.571609 -0.533048 0.986020 0.723500 -0.021476 -0.016159 -0.119538 -0.424905 0.542698 0.058711 -0.062820 -0.082410 -0.433285 -4.507637 -0.653370 
-0.050890 -0.641314 0.087069 0.278129 0.804602 0.259753 -0.512888 -0.250311 -1.144493 -0.571743 0.106564 -1.333039 1.278369 0.825872 0.279729 -1.347802 
0.212785 0.257138 0.142991 -0.548072 0.157254 -1.490132 -1.683442 0.183530 -0.035555 -0.222843 0.715649 0.159617 0.047254 -0.327058 0.231611 0.179115 
0.166259 0.156836 0.107925 -2.555945 -2.576941 0.280134 -0.508841 0.275998 -0.173191 -0.156262 -0.326789 0.638422 0.358385 0.356977 0.726129 -0.175241 
0.279636 0.122920 0.244368 -1.352313 -0.704273 0.123889 0.796627 -0.939829 -0.261577 -1.720249 1.212991 0.321771 -0.859799 0.196229 -2.349329 -0.255043 
-0.353236 0.316400 0.005784 0.188297 -0.446902 -0.305704 -3.329855 0.020701 -1.071901 0.175119 -4.635258 0.344251 0.308791 -0.852714 -0.612189 -0.203826 
-0.464555 0.190522 0.032725 0.771790 -0.215919 -0.346640 0.291838 0.428266 -0.887269 0.827804 0.564455 -0.063819 -2.256660 0.215440 -2.253572 -1.442851 
0.433635 -0.232396 0.175563 -1.115332 -0.214728 -0.492797 0.841420 0.266227 -0.867853 -0.448821 -0.129217 -0.783103 -1.774888 0.350898 -0.614113 0.461039 
-0.048204 -1.090087 0.189035 0.454672 0.118953 0.226920 -0.352762 0.110095 -0.810021 0.216917 0.082782 -1.509119 -0.847447 0.493239 0.305510 -1.457743 
-0.445879 0.416047 0.444968 0.220237 1.248816 0.867916 -0.466074 -0.987660 -0.082183 -0.095842 0.447416 0.546489 -2.031019 -0.066560 -0.205385 -1.227852 
-0.363502 -0.002635 0.019367 -0.387827 0.635509 0.083810 1.245111 1.064589 -1.568348 -1.737574 -0.086908 0.265539 -0.277190 0.536972 0.133964 0.799899 
0.624363 -1.534283 -0.183566 0.090623 -0.835405 -0.025058 -0.602877 0.544083 -1.847108 0.049736 -2.247182 -3.926512 0.895757 -0.304441 -0.397420 -0.897610 
-0.797175 -0.442784 0.287562 0.167377 0.346558 -0.207101 -1.132948 -0.422448 -0.782754 1.165021 0.160854 -0.630226 -0.276059 0.584882 -1.639903 -1.972502 
0.224114 0.732064 0.333277 -0.524938 -1.850698 -3.355492 -1.452333 0.540661 -3.231421 0.227486 0.407823 1.048243 -0.911322 -0.776823 0.368867 -0.079994 
0.685101 0.150413 -0.059151 -0.216978 -0.040612 0.773684 1.162566 -0.980886 -0.295062 -0.404029 -0.415220 -0.218599 -0.423718 -0.653641 -0.564247 0.178408 
0.002442 -1.173157 0.248056 0.802851 -0.204165 -0.526796 0.175633 0.096400 -0.873881 -0.076656 -0.049389 -0.720673 -1.222518 0.691835 0.147289 -1.532685 
0.076094 0.126360 0.075224 -0.419416 0.288016 -0.715162 -0.158974 0.101970 -0.055376 -0.481882 0.140917 0.126854 0.125136 -2.090688 -0.142524 0.098660 
-0.760894 -0.098248 0.127718 0.172955 0.021773 0.350936 0.776740 0.156470 -0.680825 -0.552126 -0.032564 -5.947874 0.118419 -0.154301 0.530995 -8.237103 
1.104625 -0.319543 0.157583 0.481063 -2.230611 -1.461468 0.238662 0.261503 0.649675 0.448749 -0.680522 0.690317 -1.370104 -0.451025 -0.314649 -2.948075 
0.106154 0.770514 -0.156737 -0.011942 -0.377937 0.450326 -0.568978 -0.075047 -2.739308 0.097949 -2.271774 0.496222 0.232401 -0.714017 0.000055 -0.001474 
-0.228142 -0.260239 0.342072 0.094376 -0.457029 -0.462077 0.088781 0.085140 -0.460902 -0.924229 -0.037331 0.077794 0.095387 0.402616 -0.079459 -0.695711 
-0.031678 -0.205957 -0.109615 -1.629618 0.941072 -0.112315 0.249489 0.362039 0.070034 0.226320 0.092675 -0.430012 0.153341 -0.023233 1.194528 -1.356005 
0.273391 0.365217 -0.648055 0.066743 0.055110 -0.727363 -1.007397 -0.023239 0.081847 1.271266 0.112212 1.303425 -0.341629 -0.851651 -0.922703 0.114701 
0.279662 -1.328546 0.369009 0.016400 0.654057 -0.331887 0.822151 0.298059 -1.699337 -1.286962 1.392600 -1.276390 -2.091074 0.254726 0.854202 -1.119945 
0.303150 -0.178472 -0.337885 -1.354397 -1.069590 0.324088 0.182681 -0.498201 -0.169038 0.683834 -1.782486 -0.078454 0.274714 -0.532543 -3.939291 -1.607248 
0.364684 0.428076 0.079202 -1.218403 -1.517869 0.260315 0.124899 -0.158491 0.216479 0.340456 -1.161875 -0.496703 -0.508073 -0.452111 0.156425 -0.659056 
0.003917 0.264596 -0.331167 0.554492 0.028984 0.251627 -0.321272 0.151087 0.282545 0.009001 -0.896814 0.406124 0.580761 -0.309663 -2.459610 -0.728451 
0.667272 0.039025 -0.037784 -0.649654 -1.463901 0.564230 0.906061 -0.012472 -1.635992 -0.300417 0.225930 -0.888699 -0.657996 0.067174 0.579058 -0.790186 
0.202333 -0.581263 -0.008041 -0.807714 -0.847973 0.201055 0.543753 -0.163581 0.085798 -0.248927 -0.871246 1.022410 0.564870 0.398288 -1.766284 -0.660541 
-0.601761 -0.271125 0.103986 -0.982091 0.748559 -0.180399 -2.369476 0.010537 -0.419173 1.330773 -1.198558 -0.318773 -1.053405 0.278951 -1.097781 -0.392069 
0.425136 0.276933 -0.020296 -1.799086 0.463723 0.073130 -0.886481 0.104924 0.162688 -1.167025 -0.783589 -0.186785 0.219824 0.600327 0.579295 0.260959 
0.167123 -0.735810 -0.174031 0.575131 0.770459 1.081085 0.317923 -0.596553 -2.075889 -0.917798 0.855693 -3.672948 0.753250 0.127058 -3.228940 -0.386130 
-0.091864 0.947433 -0.326559 -0.707530 -0.930722 -0.285510 0.118297 -0.278304 0.544413 0.028390 -0.014193 0.082469 0.991284 -0.797472 0.369837 -3.260324 
-0.051199 0.386028 -0.354847 0.466713 -0.050612 0.022833 0.568355 -0.619511 0.716633 -0.379175 -0.010250 0.067454 1.127633 -0.340600 0.077371 -1.042238 
0.198355 0.104946 -0.039604 -0.205141 0.171493 -3.878250 -1.955701 -0.055260 0.532590 -0.100053 0.079172 0.477564 0.535552 -0.824854 -0.380873 0.022380 
-0.086155 0.257694 -0.661559 -0.714010 0.084484 0.248630 0.750091 -0.716331 0.880793 0.241277 -0.000680 -0.103731 0.057560 0.631509 0.183365 0.272661 
-0.284879 -0.384374 0.312883 -1.574562 0.304079 -0.047357 -1.517747 0.507482 0.946572 0.021903 -1.015439 -0.634377 -0.182923 -0.258895 0.359961 0.113033 
