-0.680635 0.878093 0.039939 -1.006343 0.697664 0.307870 -1.195689 0.473646 -0.510202 -0.083787 -2.274163 0.007220 -0.026680 -0.480574 0.045658 0.141526 
0.150589 0.099143 0.011906 -1.608382 -4.074140 0.398306 -0.302991 -0.251375 -0.121141 -0.277418 -0.127837 -0.837008 0.108966 0.366127 -1.117499 -0.014446 
-0.191764 0.232133 -0.471417 0.191181 0.090160 -0.035922 -0.236363 0.134771 0.625872 0.390217 -0.498443 0.034054 0.175837 0.496431 -0.557276 -0.689675 
0.489559 -0.553239 -0.556502 0.783577 0.421124 0.515039 0.216994 -1.164225 -2.207410 0.432934 -0.133297 -0.620161 -0.710538 0.356996 -3.526524 -2.182432 
0.514337 -0.450876 0.173920 -3.337385 -0.687109 0.620692 0.522503 0.084596 -0.427709 -0.266832 -0.206007 -1.265941 0.052118 0.303341 -0.219339 -3.380953 
0.507826 -0.355498 -0.728913 -0.656787 -0.215177 0.633636 -0.852414 -0.367326 -0.145397 0.922407 -0.515172 0.725284 -2.135688 0.175873 -0.412144 -3.253484 
-0.324156 -0.046265 0.464122 -0.549731 -0.089385 -0.043616 0.022789 0.499481 -2.312441 0.345842 -0.573191 -0.827222 -0.640781 0.467791 -0.481576 -0.150664 
-0.638380 -0.552809 0.677213 0.615772 0.061244 -0.390461 -0.491553 0.281444 -1.861000 -2.769311 0.397237 -2.350393 -1.751842 0.113541 -0.076586 -0.522637 
-0.528534 0.101255 -0.293204 0.807002 0.027301 0.829776 0.708831 -0.061207 0.284974 -0.799396 0.192038 -0.327207 -0.903826 0.122491 0.251152 -0.005727 
-1.078146 1.138625 0.101442 -0.194423 -2.322150 0.689622 0.116529 -0.028753 -1.088027 -0.521578 0.795207 1.375795 -2.307261 0.123816 0.846080 0.620072 
0.130156 -0.429193 0.430305 0.070341 -0.385936 -0.357687 -0.658069 0.258061 -1.070678 0.003774 -1.369624 0.407715 0.074017 -1.041877 -0.245680 -0.082321 
0.976098 -1.155793 0.550003 0.040968 -0.724600 0.749922 0.840421 -0.882962 -0.797589 -1.073930 -0.537376 -1.941636 0.373134 0.153710 -1.899955 -0.989946 
0.218048 -0.137733 -0.891744 0.413424 -0.032270 -0.176470 -0.338136 0.323397 -0.360559 0.360460 -0.160778 0.376264 0.414768 0.063901 1.220245 -0.855091 
-0.205194 -0.020225 -0.126774 -0.115541 2.262461 0.958508 -0.669173 -0.349409 0.967330 0.386421 -0.056337 0.216350 -3.719031 0.504346 -0.535119 -1.967135 
0.063009 0.071931 0.064868 0.185940 0.452173 -0.332448 0.393434 0.242958 0.464183 0.116710 0.160013 0.007210 0.193803 -3.004116 -0.378411 0.286630 
0.154340 0.640957 -0.950764 -0.301843 -0.290624 -0.996329 -1.162419 -0.311724 0.502489 0.184511 -0.725603 1.366393 0.664455 -1.894281 0.030178 -0.096287 
-0.234488 0.021916 -0.090183 -0.026690 0.122051 -2.428113 -1.227345 -0.008592 0.524639 0.417118 -0.132577 0.117414 0.229051 0.050144 0.081745 -0.021122 
-0.803151 0.581335 0.206259 0.177850 0.313299 0.439032 0.683190 0.090421 -2.135418 -1.036198 -0.352869 -3.274385 0.630188 0.176040 0.450622 -1.369895 
-0.204300 0.821415 -0.085879 -0.076588 0.899883 0.290415 0.037137 0.093780 -1.605793 -0.593930 -0.331012 1.557892 -3.583249 -0.305722 -2.689216 -4.010713 
0.948604 0.943078 0.048977 -0.816787 -2.273658 -4.270949 -1.194219 0.392044 -4.140223 0.612970 0.010146 1.669986 -1.450324 -1.259642 -0.077166 -0.397880 
-0.109064 -0.921679 -0.060434 0.823051 0.157072 0.100361 0.259206 -0.435807 -1.628301 0.807876 0.203863 -0.978455 -2.092320 0.611271 -0.341384 -4.041449 
0.136515 0.102661 0.068687 0.312789 0.453032 -0.217326 -0.256131 -0.332126 0.364213 0.038426 -0.910301 -0.085417 -0.078391 -0.531776 -1.387988 0.452549 
0.515291 -0.515766 -0.298953 0.849875 -1.718703 0.842915 0.002817 -1.432211 -0.768885 0.455508 -0.008660 -3.466133 -0.098408 -0.079299 -4.338216 -0.811416 
-0.453679 -0.307683 -0.079893 -0.129881 0.646382 0.055745 0.681773 -0.726939 0.711942 -1.481386 0.358613 0.245846 0.404704 0.029284 0.648914 0.159757 
0.230749 -0.227312 -0.072076 0.467179 -0.261641 -0.329738 1.493145 -0.032097 -3.152815 -0.857263 0.440911 -0.082593 0.696800 -0.545583 -0.402639 -0.528171 
0.273687 0.237748 -0.149130 -0.694199 -2.066178 0.117178 -1.061810 -0.729158 0.521594 -1.069707 -0.371996 1.057981 0.666826 0.452625 -0.174760 -0.845618 
1.065406 -0.242784 -0.015707 -0.640152 -0.517652 -0.917847 -0.775155 -0.108267 0.632567 -0.013316 0.039197 0.318410 -2.288080 -0.114853 -3.037141 -0.172244 
0.666422 -1.244353 0.289226 0.202561 0.599256 -0.043875 -0.447242 0.306924 -0.276641 -0.838961 -0.357089 -0.939873 -0.939123 -0.192332 0.847369 -0.319126 
-0.320009 -0.064233 0.580486 0.121910 -0.073598 -0.233677 -1.004431 0.133440 0.290050 0.378871 -0.214253 0.049469 0.252071 -1.667619 -0.566059 -0.135652 
0.189438 0.466610 -0.384769 -0.262002 0.390613 -0.799602 0.007122 -0.166550 -0.229602 -0.416762 -0.011490 -2.397916 0.406029 0.653155 -0.478643 0.151544 
-0.023938 -1.001208 0.085194 0.490297 0.000448 -0.797124 -0.445583 -0.081002 0.391939 -0.010832 0.269423 -1.290938 -0.792922 0.862412 -0.002875 -1.620434 
-0.405970 -0.356383 0.325712 -0.498811 0.051348 0.291321 -4.474516 0.428250 -0.374374 0.126320 -1.701541 0.227279 0.243755 -0.931517 0.498553 0.228902 
0.167966 0.160957 -0.174830 0.803526 1.059904 0.078060 -0.517579 -0.612967 -0.072359 -0.410043 -1.072013 0.265045 0.555155 0.253223 -0.421882 -0.011497 
-0.118870 -0.278057 0.236777 1.007466 -2.836421 -0.275905 -0.298321 0.757923 -4.642006 -0.809914 -0.702518 1.165017 -0.936361 0.056907 0.301910 -1.209814 
-0.053377 -0.028713 -0.049511 0.320855 -1.406931 -0.207308 -0.231987 0.051117 -0.139421 0.579369 -1.825818 0.508820 0.229076 -0.814042 -1.882987 -1.369104 
0.296577 0.299017 0.150550 -1.024892 0.345952 -4.475530 -2.486289 0.112477 0.160143 0.044153 0.102985 -0.064465 0.022421 -1.498592 -0.147084 0.310612 
-0.362029 -0.520583 0.083960 -0.567213 -0.445732 0.759353 0.154283 -0.825701 -0.430707 -0.495690 0.850303 -0.975828 1.017860 0.623825 -0.694420 -2.490530 
-0.377279 1.170392 -0.515942 0.768831 0.253289 0.478762 0.804828 0.343604 -1.176085 -0.012812 -3.623469 1.284445 1.045054 -0.290642 -0.363795 -2.173217 
-0.301625 1.368042 -0.098563 0.165694 -1.106846 -0.194563 0.042032 0.185633 -0.816199 -0.066022 -0.107517 0.160275 -1.503713 -0.160260 -0.360075 -5.384683 
-0.352097 -1.267681 0.119630 0.928294 1.861904 -0.149376 -0.891618 0.110269 0.648592 -0.092336 -1.488698 -4.007195 -0.009058 -0.554326 -2.106965 -1.763647 
0.624078 -0.296359 -0.573328 1.167813 -0.983651 -0.729390 0.681076 0.098020 -0.409555 -0.636193 -0.042690 0.604444 0.058677 0.047809 -0.547184 0.027441 
0.703966 -0.185096 -0.896366 -0.477163 1.270513 -0.059924 -1.685886 -0.101726 -0.519556 -0.031459 -1.617027 -1.487855 -0.384337 0.468751 0.899513 0.486738 
0.285988 0.185209 -0.204940 -0.443178 0.720120 0.057266 0.448517 -0.199103 0.621338 0.628845 -1.183591 -2.150262 -0.499753 -0.478865 0.464666 0.379062 
-0.007334 0.014183 0.618699 -0.149221 -2.096850 0.277339 0.469519 0.247935 -1.641419 -0.195603 0.291068 -2.258416 -2.151573 0.413965 -0.586965 -1.309030 
-0.265683 -1.252927 0.251345 0.115124 0.288688 -0.470372 -0.284684 0.710250 -1.391964 -1.567008 1.270588 -2.055014 -1.839939 0.176366 -1.458297 -0.498288 
0.176062 -1.251501 -0.077863 -0.957160 1.873949 0.394062 0.239507 0.133768 1.130183 0.598174 0.335451 -1.511629 -0.035985 -0.597131 0.775575 -1.798609 
0.738360 -1.326236 -0.233390 0.255520 0.119246 0.765039 1.112368 -0.646716 -0.669620 0.027638 -0.481864 -0.826218 0.052421 0.032590 -0.516324 -0.098392 
0.549935 0.681356 -0.167962 -0.951152 -2.195582 0.545273 -0.306224 -0.189907 -0.210008 -0.035872 -1.699111 -1.498498 -0.889541 -0.125948 0.893122 -1.210279 
-0.192764 -0.479483 0.300990 -0.400878 0.298917 -1.106927 -1.978537 0.539672 -0.353356 0.214555 -0.590619 -0.159607 -0.128446 -0.572973 -1.539778 -0.086625 
0.312842 0.243533 0.059766 -0.607374 -0.608540 -0.069257 0.348605 -0.176004 -0.981458 -0.367720 -0.363586 0.284433 0.000376 -1.760854 -1.249349 0.252254 
-1.239216 -0.274177 0.252207 0.315159 -1.192745 -0.509471 -0.379679 0.175405 -2.434642 0.096609 0.694049 0.037442 0.461246 0.761524 0.389096 -0.259100 
-0.800959 -0.015907 0.076651 1.614671 -0.018230 0.297117 -0.508811 -0.508873 -0.914194 0.431762 -1.181621 -3.236076 -3.476601 0.122210 -7.178123 -4.641538 
-0.148002 0.268306 -0.274470 -0.209976 0.027347 0.323564 -0.850956 0.018956 0.412511 -0.035295 0.059617 -0.203447 -0.375871 0.727244 -1.432372 -0.826030 
0.091881 -0.283799 0.321656 -0.918865 0.513668 0.042046 -0.347640 0.160932 -1.220750 -0.745279 0.850599 -0.440952 -0.526549 0.354943 1.046132 0.168179 
0.247677 -0.426005 0.316186 0.074369 -2.317316 -0.169010 0.947092 0.167380 0.505679 0.122428 -0.331231 -0.390875 -0.440673 -0.411944 0.297504 -1.941427 
0.393124 -1.259385 -0.431982 -0.879448 -0.966688 0.859611 0.808704 0.041900 -1.177935 -0.127977 0.487657 -2.400940 0.347519 0.345530 0.668319 -4.291409 
-0.597543 -0.068994 0.053388 0.241004 0.415193 -0.552869 -1.595156 -0.222450 -0.231027 0.863911 0.041480 -0.328146 -0.204481 0.097412 -0.524885 -1.559414 
-0.538692 0.653834 0.057913 0.156567 -1.923046 0.137452 0.018829 -0.805027 -0.637877 0.617954 0.584875 -0.617183 1.067184 -0.148635 0.270149 -2.339567 
-0.252620 0.596427 0.606278 -1.883533 -1.471367 0.359449 0.245212 0.335935 -0.601015 -0.461630 -0.320031 -0.600924 -1.273528 -1.262156 0.131432 -0.294692 
0.301256 -0.037477 -0.607564 -0.280228 -0.045528 0.046303 0.238429 -0.326026 0.389908 0.434150 -0.898958 0.358545 -0.041026 -0.348238 -0.108868 -1.068306 
-0.378284 -1.836656 -0.358010 0.134224 -0.309407 0.548076 0.372099 -0.107905 -0.167104 0.185745 1.087874 -1.262056 0.867376 0.607299 -1.252625 -0.404446 
0.329629 -1.514639 -0.164261 0.094367 -1.859821 0.229993 0.959909 0.280824 -1.397453 0.995739 -0.150538 -0.778847 -0.848339 -0.575855 -0.701944 -0.001675 
0.391936 0.154241 0.076936 -2.149340 -0.141462 -1.684328 0.087773 0.461835 -0.471790 -0.817915 -0.524545 0.482402 -0.368577 -0.095819 -0.466317 0.588541 
0.083519 -0.443328 0.440366 -1.368657 0.778404 0.074044 -0.279334 0.780817 0.224049 0.143759 0.374805 -0.544290 -0.746266 -0.304191 -0.430441 0.611112 
0.148566 -0.156551 0.067216 -0.108504 0.613148 -0.938073 -0.992965 0.244604 -0.879040 0.063580 -0.243686 0.491862 0.329674 0.281981 -0.804244 -0.908567 
-0.616953 0.167065 0.106985 1.127307 -0.172335 -0.342077 0.145628 0.112575 -0.804476 2.210104 0.087034 -0.779814 -3.817633 -0.371016 -1.247003 -1.411549 
-0.053709 -0.375971 0.600786 -1.593440 0.211562 -0.146555 -0.312691 0.027869 0.365022 -1.561425 0.604921 -0.222901 0.333033 0.402025 -1.968774 -1.362814 
-0.626326 0.320646 0.194414 0.362995 -1.058472 -0.395658 -0.299380 0.150426 -1.544148 -0.526378 0.258870 0.568276 -0.293029 0.431886 0.208700 -0.072685 
-0.896021 -0.131319 0.375376 -0.773403 0.098282 0.031276 0.508585 0.073204 -0.644635 0.497904 0.255060 -1.661890 -2.841185 0.701257 0.125291 -0.504710 
-0.491491 0.844256 0.167626 -1.269800 -1.542805 -0.039149 0.182481 -0.848937 -0.406278 -0.140281 0.902072 0.706100 0.258392 0.190120 -2.927858 -0.590717 
0.249581 0.597799 -0.484732 0.136626 0.002497 -0.046498 0.541058 -1.406504 0.213123 -0.525502 0.848368 0.222753 -0.353379 0.188502 -0.052880 0.506717 
-1.210601 0.036541 -0.018543 0.874478 0.321640 -1.105274 0.050102 0.354581 -0.041498 0.514167 -0.505507 -0.316658 0.839514 0.001132 0.339474 -0.513715 
-0.199935 -0.690709 -0.001045 -0.053529 -0.714130 0.765243 -0.686124 -0.031396 -0.043478 -0.576135 0.366653 -0.016540 0.985836 0.118441 1.379040 -0.442706 
-0.205292 0.792989 0.266815 -0.089690 -1.553377 -0.241132 0.734335 -0.040631 0.368238 -1.472794 0.416572 -0.151059 0.227640 0.128536 -2.435382 0.463654 
