0.535978 -0.666957 0.004912 -0.103913 -1.266585 0.014666 0.495553 -0.167526 -0.663152 0.755410 0.260822 0.081447 -1.394195 0.204736 0.164415 -3.040209 
0.276576 0.076883 -0.533812 -0.299918 -0.604911 -0.155825 0.541167 -0.267826 0.264669 -0.236340 -0.071883 0.539367 0.661076 0.842883 -0.437126 -0.946677 
-0.249665 2.283347 -0.501533 0.246728 0.202332 -0.382951 0.411515 -0.195560 -2.806117 0.144931 -4.320567 1.245911 -1.038463 0.086209 -0.117893 -0.065061 
-0.093152 0.454472 -0.102403 -0.183514 -0.196730 -1.495486 -0.844442 -0.192565 -0.578185 -0.086615 0.020313 -0.134767 0.384839 0.198435 -0.281334 0.071419 
0.102533 0.555328 -0.211123 0.158826 0.173678 -0.221680 0.218046 -0.305049 0.830041 0.149496 -0.425777 0.100173 0.555652 0.469059 0.438997 -1.843463 
-0.017511 0.007101 -0.275855 -0.945762 -0.166922 0.341682 0.788413 -0.242083 -0.971206 -0.784213 0.959514 -0.010923 -0.249525 0.864083 0.778890 0.106269 
-0.542497 0.120844 0.397283 -0.827506 -0.047306 -0.109106 0.603457 0.042606 -1.228053 -1.212517 0.616626 -0.292543 -0.191275 0.101045 0.460528 0.407431 
-0.707276 0.216267 0.457279 -1.788437 -1.195261 0.068847 0.324305 0.326648 -0.634967 0.176194 0.574834 0.149453 -0.722431 -0.946425 0.113518 -0.286575 
0.357654 -0.039493 -1.040029 -0.194145 0.425635 -0.259791 0.269973 -0.018442 0.486668 1.006420 0.006324 0.065414 -0.874514 -0.039621 0.041004 0.319864 
-0.707339 -0.109106 -0.538907 0.225054 1.315450 -0.655778 0.966058 0.334376 -2.734478 1.081942 -0.261812 -0.720090 -2.702940 0.317666 -3.517735 -0.635202 
0.930421 0.512274 -0.749979 1.547210 -0.573529 -0.748367 -0.621164 -0.178903 0.386801 -0.243708 -1.360482 1.252644 0.689490 -0.556017 -0.361900 -0.937410 
-0.624501 0.644126 -0.088465 -1.827905 -0.939325 0.673679 0.044760 -1.358961 -2.117480 0.570747 0.613678 0.449543 -2.357959 0.642217 -1.739012 -2.923782 
0.002265 -0.345097 0.377605 -0.395687 -1.222540 0.360221 0.290954 0.351995 -1.370456 0.395457 -1.298775 -0.182867 0.025452 -0.757272 0.081311 0.320943 
-0.089975 -0.194834 0.104375 0.357622 -0.729084 -1.300971 -0.161046 0.175775 -0.464509 0.296172 -0.461184 0.552040 0.624270 -0.245039 -0.960353 -0.648949 
-0.414909 0.437269 0.410977 1.145675 0.936151 -0.168883 -0.172687 0.173690 -0.980781 -2.314267 -0.109214 -2.193051 -3.295434 0.049229 -1.426387 -2.930127 
-0.465338 0.104635 0.529294 -0.413336 -0.396750 0.704600 -3.399874 0.521155 0.044144 0.017840 -1.157167 0.000411 0.037023 -0.421725 -0.261133 -0.140399 
0.193571 -2.323502 0.234001 -0.025911 -0.445007 -0.280415 -0.374447 0.183176 -1.826651 1.746386 0.637187 -2.198576 -2.211210 -0.713726 -0.340845 -1.908498 
0.225526 0.071609 -0.304309 -0.669350 0.442638 0.201533 0.439170 -0.070136 0.623934 0.563585 -1.425239 -1.224616 -0.485075 -0.162447 0.099161 0.230250 
0.042068 0.221401 -0.715523 -0.260704 0.493529 -0.044340 0.228470 -1.227324 0.548868 -0.185791 0.466848 0.044998 -0.058532 -0.073439 -0.573242 0.361547 
0.093035 -0.140698 0.191548 -1.642003 0.493730 -0.315249 0.029789 0.067833 0.052751 -0.733289 0.438531 -0.045743 0.063040 0.299820 1.642822 0.070306 
0.281106 0.337263 0.442063 -0.706795 -2.512903 0.122168 -0.416198 0.207863 -0.430256 0.035829 -0.272882 -0.304574 0.084556 -0.280876 -1.072666 0.209987 
0.410476 -0.288154 0.418539 0.143134 -0.808544 0.524912 0.429773 0.008522 -1.059545 -0.168321 0.654984 -0.211467 -0.061604 -0.577391 0.874156 0.337313 
0.675285 -0.452547 0.188268 0.856963 -2.643352 -0.446181 0.716262 0.284718 -0.823728 -1.926084 -0.145379 -0.166171 0.121221 0.327630 0.357603 0.043162 
-0.485591 0.712506 0.297947 0.612287 -1.750299 0.435921 -0.811924 0.227588 0.867592 0.043253 -1.215969 0.528075 -0.181842 -1.326879 -1.456485 0.836701 
-0.673904 -0.540398 0.292850 0.030836 -1.365782 0.082932 -1.757136 -0.356498 -1.858146 0.552484 -0.330338 -3.119558 -0.938552 0.636070 -4.522229 -2.489233 
0.581818 -1.312739 -0.070801 0.534829 -0.153484 0.640937 0.578630 -0.247194 -0.841216 0.407967 -0.237633 -1.167181 0.025442 -0.492446 0.182722 -0.160618 
-0.713184 0.680042 -0.254771 0.817052 -0.825873 0.515647 -0.439416 0.279834 -0.700601 -0.383580 0.601847 0.475458 -3.079859 0.133908 -0.888498 -2.360323 
0.470913 0.179398 0.270851 0.341859 -2.771161 -0.933383 0.252150 0.429225 -4.682440 -0.109252 -1.288800 0.842126 -2.600462 -0.285672 0.398718 -1.141820 
-0.412958 0.334910 -0.011713 -0.701887 1.830762 0.208628 0.237287 0.725836 0.079925 0.236342 0.280406 0.140265 -2.218863 -0.522632 -0.021015 -0.233131 
0.057253 -1.411576 0.424942 -0.183671 0.883012 -0.724273 -0.701916 0.411470 -0.808443 -1.097795 0.235871 -1.431151 -1.341526 0.517985 0.413548 -1.731315 
0.374586 0.288258 0.161954 -1.275777 -0.094901 -1.269511 -0.805942 0.302736 0.567677 0.329019 -0.079002 -0.329439 -1.556459 1.119232 0.396503 0.590992 
-0.363267 0.058372 0.067185 0.104003 0.627344 -0.104882 -1.114576 -0.555642 -0.964380 0.690031 -0.562137 -0.277085 -0.050691 0.598864 -1.142656 -0.694441 
0.219777 -0.204437 0.619488 -1.783969 -2.719326 -0.182970 0.501405 -0.117302 -0.608829 -0.853998 0.390464 -0.714055 0.986513 0.010906 -0.453779 -1.983954 
0.223028 0.282195 0.209407 0.226552 0.373141 -1.779824 -3.258818 0.064966 0.140623 0.299638 0.194575 -0.007320 -0.292784 -2.664899 -1.191038 0.106466 
0.354482 -0.155426 0.385028 0.401438 0.003206 0.045895 0.400411 -0.876565 -0.380055 -0.828389 -0.085068 -0.134951 -2.229688 0.329208 -0.407999 0.003067 
-1.302468 0.618329 0.182881 0.345686 0.873274 -0.313218 -0.834356 0.310978 -0.904172 -0.348507 -1.232034 -1.278917 -0.836031 0.544620 0.871105 -0.150814 
0.125731 0.323715 0.150642 -0.587977 -1.840858 -1.610162 -1.223831 0.035578 -1.131525 -0.232595 1.087174 1.350702 -0.546805 0.491644 0.204205 -0.171712 
0.115017 0.062203 0.229241 -0.851689 0.638708 -0.244647 -1.094217 0.456369 -0.430277 0.221073 -0.624508 -0.287527 -0.274041 -1.091294 0.189856 0.204939 
0.198869 -1.465729 -0.286294 0.584290 1.236917 -0.110115 -0.010471 0.105044 0.213977 -0.261474 -0.298823 -3.399790 -0.758137 0.681631 0.056748 -9.553042 
0.325371 -0.795593 0.003678 0.166186 -0.990202 0.661443 -0.461280 -0.447654 -0.415264 -0.251806 -0.231811 -0.551860 0.094863 0.187931 -3.964875 -2.817115 
0.316995 0.768294 -0.609267 0.716835 -1.371755 0.250766 0.460897 -0.388909 0.544156 -1.061606 -2.123495 0.194475 0.007252 0.583987 -0.513552 -1.956813 
0.503495 0.229562 -0.320184 -1.070440 -1.997219 0.858739 -0.946896 -0.357430 -0.406089 0.770600 -1.215795 0.200542 -1.153589 0.531875 -0.006983 -3.867208 
-0.003450 -0.790074 0.014421 0.026576 -0.461324 0.112516 -0.739327 0.020476 -0.003788 -0.410080 0.420256 -0.212565 -0.174210 0.179801 -0.577467 -0.115527 
-0.444989 0.134042 0.666451 0.229674 -0.615051 0.511966 0.043449 0.156719 -0.088022 -0.746700 0.577481 -0.441755 -1.186095 0.445761 -0.041620 -0.070585 
0.143816 -0.097942 -0.380421 -1.874125 -0.158281 0.786951 -0.396705 -0.372707 0.951613 -2.103420 -0.028437 -0.560246 0.435652 0.451123 0.442825 -0.269753 
-1.259910 0.903056 0.145651 0.947791 -1.746955 0.321508 0.046094 0.339910 -0.859262 -0.134111 -0.160618 0.690776 -0.618096 0.235787 -0.073505 -0.912708 
0.244765 0.066142 0.304940 -0.084743 0.292042 0.598453 0.044635 -0.045730 -0.615831 0.082110 -1.043050 0.159887 -0.209247 -2.509161 -2.839042 0.489590 
-0.652068 -0.186424 0.115113 0.336693 1.609414 -0.828880 0.135684 -0.073696 -1.008241 0.417462 0.451040 -1.139020 -1.069060 0.412860 0.137323 -2.316717 
0.195866 -2.642185 -0.386897 0.117389 0.075343 -0.222197 0.344891 -0.260009 -0.656283 0.425835 -0.818263 -2.778370 0.323688 -0.151688 0.301358 -0.165057 
-0.084134 0.264299 -0.152361 -0.993116 1.223165 0.689398 0.387323 -0.113473 0.379181 -0.137835 -1.192324 -1.345571 1.241983 -0.624603 -1.802438 -0.532508 
0.349402 0.022406 -0.678107 -0.144277 -0.184763 -0.795817 -0.446298 0.010027 0.303887 0.079485 -0.299170 1.191949 0.773888 -1.578333 -0.302245 -2.639052 
-0.049703 -0.117189 -0.713892 -1.290918 0.517859 0.143960 0.374801 0.393252 -1.045326 0.600021 -0.643904 0.299733 -0.343120 0.184345 -0.458306 -0.013774 
0.887104 0.580433 0.348200 -1.434033 -0.706300 -0.559681 0.911478 0.124835 -1.374164 -0.365057 -0.338125 0.094961 -0.723761 -1.080092 0.254914 0.129923 
0.206697 0.261949 -0.294505 -0.587725 2.077065 0.334474 0.098261 -0.326702 -1.065941 0.844020 -1.297357 -0.168074 -0.513042 -0.642456 -0.096563 -1.663379 
0.038566 -0.638037 0.058815 -0.238243 -1.519951 -0.446564 0.297263 0.352084 -0.140685 -0.569910 0.193036 -0.241071 -0.140329 0.608783 -1.655300 -1.833974 
-0.293086 0.100443 -0.138409 0.641043 -0.361312 -0.289306 0.135449 -0.139995 0.359184 0.239335 0.364262 1.385625 -3.110605 0.210897 0.298141 -0.983681 
0.357225 0.172860 0.240318 0.424588 -0.657819 -2.563879 -1.850284 0.014496 -1.299937 0.245976 0.446161 0.522467 -0.729157 -0.230568 -0.009963 0.011961 
0.377922 0.326112 -1.017689 0.311528 -1.291927 0.107579 -0.520446 0.314338 -1.138198 0.228141 -0.768197 0.956610 0.870011 -0.601925 0.494595 -0.617431 
-0.068325 -0.319104 0.430728 0.441681 0.437033 -1.142309 -0.163980 -0.044798 0.162981 0.627465 0.461168 -2.801618 -2.719460 0.356201 -0.045824 -1.225675 
0.668156 -2.125645 -0.526733 1.851705 0.033094 0.610087 -0.478681 -0.601232 -1.781795 0.231499 -0.184889 -0.012811 -1.610106 -0.080606 -2.105649 -1.523241 
-0.561155 0.454350 -0.145645 -0.449083 1.970140 0.602946 0.338460 -1.138544 -0.820669 -0.784680 0.479034 -3.682913 1.905623 0.003745 -0.100564 -2.243594 
-0.124055 -2.412650 0.338482 0.204797 0.743143 -0.040991 -0.866403 0.252483 -0.128741 -0.244968 -0.247405 -1.603495 0.782796 -1.332291 -0.345891 -0.789248 
-0.787784 0.435694 0.186770 0.478861 -0.145690 0.995672 0.057033 0.028715 -0.952977 -0.193794 -0.306168 -2.637686 0.334510 0.134333 0.395288 -5.825629 
-0.014604 0.106348 0.075830 -0.915865 0.582758 -0.340218 0.908726 -1.468410 -0.699261 -0.624670 -0.282423 0.245357 0.594370 -0.013152 0.100056 -0.161878 
0.111941 0.193982 -0.042488 0.758222 -0.343374 -0.115217 -0.324669 -0.207200 0.296750 -0.031979 -1.130587 0.432081 0.187507 -0.051055 -1.521631 -0.241823 
0.125061 0.011289 -0.696692 -0.101855 -1.182144 0.360882 0.315133 -0.666413 0.682272 0.183845 0.213802 -2.311264 0.585671 0.163158 -0.295651 -1.220993 
-0.333054 -1.051262 0.509019 -0.318684 -5.646616 0.226657 -0.899161 1.074959 -0.203561 0.174148 -0.289090 0.452348 -0.409993 -0.286914 0.117920 -0.657838 
0.870389 -0.453015 -0.587849 -0.840236 -0.255608 -0.194836 0.307133 0.019182 -0.093918 0.594977 0.013508 -1.748805 0.239413 -0.530182 -2.981940 -2.955693 
-0.168380 -0.840265 0.036799 0.748533 0.250016 0.347647 0.208746 -0.160473 0.064288 -0.494341 0.006751 0.361256 0.607785 0.012611 0.391159 0.122898 
-0.563928 -0.215634 -0.015505 -0.305128 1.744497 -0.129540 -0.421893 -0.600382 0.490156 0.861685 0.722927 -1.327797 0.140040 0.107971 0.086925 -3.510401 
0.203957 -0.722168 0.218113 -1.278920 0.112303 0.811431 -0.515799 0.569168 -2.441363 -0.047016 -0.046522 -4.403814 -1.219551 -0.641756 0.087537 -1.105652 
0.090559 0.198960 0.108675 0.274532 -0.228367 -0.855222 -0.942302 0.014818 -0.126242 0.229412 -0.536956 0.222377 0.254201 -0.332649 -0.465654 -0.033893 
-0.024628 -0.112017 0.547979 0.486142 0.479449 0.010462 1.093344 -1.266886 -0.311292 -1.439128 0.587846 -2.146876 -2.538194 0.275515 -4.619670 -5.278358 
-0.700051 -0.493247 0.278850 0.892762 0.441561 0.602466 -2.266068 0.323039 0.421746 0.691592 0.142877 -0.613240 -0.142523 1.028599 -1.050604 -0.389694 
0.050603 0.199903 -0.054780 -1.142947 0.386804 -4.927296 -1.798101 0.338525 0.216467 0.388668 -0.264021 0.383067 0.184117 -2.363887 -0.415117 0.233995 
-0.732722 1.835887 -0.151918 -0.830953 -0.408446 0.617069 0.793705 -0.118931 1.311639 -1.589323 0.030031 0.775801 -2.164329 -0.449398 0.346535 -2.923845 
