0.123946 0.161894 -0.424248 -2.160625 -0.424659 -0.136107 0.197437 -0.221617 -0.027112 0.410080 -0.190409 -0.621296 -0.729352 0.309249 0.388779 -1.980796 
0.399181 -1.105317 -0.135036 0.288871 0.576659 0.370488 0.577547 -0.298186 0.798968 0.245929 -2.931849 -0.694319 0.297541 -0.038928 -0.441153 -0.449708 
-0.440416 -0.354562 0.228712 0.134806 -0.221479 0.449370 -0.740506 0.360309 -0.438894 0.231471 0.038983 -0.270336 -0.897819 0.247708 -0.320789 1.068164 
-0.238419 -0.321574 0.357723 0.180495 -0.240858 -0.387056 -2.884521 0.414744 -0.811046 0.143285 -1.753533 0.073735 -0.155796 -0.666459 -0.204560 0.005350 
0.692537 -0.018450 -0.103539 -1.512285 -1.148087 -0.801559 0.994460 0.300690 -0.143941 -0.929764 -0.329922 0.377750 -1.499410 0.681138 -0.977415 0.631157 
-0.024979 0.040394 -0.115307 0.417586 0.231540 -0.422439 0.021575 -0.282736 0.643400 0.548837 -0.229270 -0.329969 -0.188783 0.695250 -0.475664 -0.060228 
0.736532 -1.369307 0.196017 0.661021 0.933635 -0.306239 -0.000440 0.085483 0.083108 -0.237970 0.308098 -1.003729 -1.765337 0.084154 0.500906 -1.292811 
0.238274 0.198198 0.371517 -1.200452 0.017099 0.355198 0.619374 -0.918234 -0.058638 0.501003 0.468999 -0.548958 -2.619860 -0.541949 -0.406973 -0.116945 
-0.081564 0.666023 0.324344 0.584442 0.359749 0.677861 0.418226 -0.036416 -1.997912 -2.324965 -0.392634 -0.465653 -3.641320 0.622037 -4.756332 -1.894065 
0.179164 0.114842 -0.609211 -0.913146 0.426580 0.229254 0.368169 -0.082889 -0.031466 0.396386 1.251966 0.211620 0.235152 0.134220 0.571072 0.255590 
-0.071667 0.059519 -0.031943 0.216515 0.670492 -1.370383 -0.242811 0.056742 -0.765957 -0.773461 0.241858 0.154608 0.277628 -0.031565 -1.160684 0.364043 
0.020161 -0.131024 0.005957 -0.008369 -0.209009 -0.312647 0.338829 -0.064997 -0.539075 0.077571 -0.185395 0.052350 0.089851 1.377430 0.232457 -0.347684 
0.310530 0.372298 -0.677974 0.544927 0.018219 -1.092535 -2.997071 -0.180940 0.307950 0.058642 -1.019148 1.274593 0.526348 -1.083531 -0.918384 -0.823073 
0.570900 -1.351600 -0.015210 -0.563715 1.510298 0.516786 0.296484 -0.427984 1.646910 -0.076199 0.486611 -1.255960 0.109758 -0.236226 0.220051 0.011302 
-1.202622 0.921824 0.308136 1.144933 -0.259632 0.688517 0.056031 -0.191796 -0.333325 0.294748 -0.501025 -0.507711 -4.500752 -0.020903 -0.459971 -7.466585 
-0.099251 -0.179586 0.338797 0.349697 -0.023912 0.038133 0.310608 -0.510545 0.049604 -0.393004 1.366922 -0.142357 -0.377973 0.468604 -2.586588 -0.244646 
-0.041814 -0.043672 -0.233623 -0.746483 -1.009352 0.989502 0.546418 -0.179889 0.277161 0.412895 0.712167 0.002581 0.730065 0.279983 0.540424 -1.364882 
0.361602 0.122512 -0.000730 -1.846975 0.248547 -0.175543 -0.652436 -0.802176 -0.443877 -0.470012 -1.530324 0.175425 0.707494 -0.607658 -1.184288 0.179514 
-0.390774 -0.997469 -0.177837 0.039524 0.886342 0.570363 -2.197876 0.701182 -0.167383 1.060935 -1.010927 -1.893516 -1.011167 0.159597 -5.727274 -0.006369 
-0.066363 -0.408549 -0.294749 -0.075173 0.195278 0.103540 0.638869 -0.562437 0.419620 -1.185618 0.612810 0.167226 0.462596 0.448768 0.671155 -0.039854 
-0.694342 0.411180 0.298426 1.263097 -0.195299 -0.033341 -0.030542 0.036493 -1.959612 0.092075 0.988259 -0.521616 -3.197456 0.311990 -1.482823 -2.706541 
0.203643 0.041164 -0.161639 0.311038 0.318452 -4.185007 -1.847332 0.009759 0.498368 0.134726 0.349358 0.223412 0.303256 -1.879439 -0.785064 -0.181570 
0.349592 0.360801 -0.007724 -1.032202 0.542837 0.186689 -0.473130 0.438033 0.327438 -0.989508 -2.224906 -0.746877 -0.254152 0.701112 0.518158 0.100142 
-1.029495 0.829448 -0.200784 0.043190 0.520723 -0.016922 0.500280 -0.286696 -2.308253 -0.636600 -0.458852 -1.964292 0.943606 -0.349731 0.129249 -0.226429 
0.070284 0.051307 -0.073043 0.068801 0.235234 0.187147 -0.647968 -0.690078 -0.180811 0.336757 -2.010133 0.513879 0.189944 -0.229443 -2.446511 0.165459 
-0.317284 0.567090 -0.070775 0.865815 -0.150457 0.023111 0.034527 -0.269647 -0.509672 0.492520 0.717946 0.216073 -1.198786 0.436709 -0.926084 -3.342109 
0.327965 -1.691920 0.018932 0.847504 1.211947 0.380716 0.234750 0.366730 0.036989 -0.503451 -0.163984 -3.085791 -0.383828 -0.165773 0.129959 -8.490966 
-0.095965 -0.070010 -0.533955 0.167103 0.623339 -0.182581 -0.211728 0.436240 -0.768505 0.312320 -0.791775 0.238771 0.414353 -0.367680 0.176353 -1.167239 
0.369339 -0.435099 -0.201402 1.116917 0.128850 -0.747179 0.776055 0.548938 -0.005826 -1.257102 -1.376444 0.737289 0.496293 -0.908905 -3.891642 -1.711674 
-0.492054 0.174720 -0.189151 -0.230300 0.509932 -0.273119 0.089296 -0.299885 -0.114263 0.410133 -0.296128 -4.815244 1.061952 0.092169 0.805010 -0.885665 
-0.817359 -0.231751 0.792535 -1.687337 -1.944245 0.215246 -0.084071 0.656816 -2.236299 0.237899 0.541994 0.370624 -1.889774 -0.829112 0.238192 -0.300795 
0.263865 -0.536670 1.130737 -1.997408 0.873191 -0.281643 -1.209100 0.542322 0.792836 -3.005293 -0.206243 -0.341194 -0.274733 0.617355 -4.948583 -0.496783 
0.169544 0.638713 0.094830 -0.766189 -2.193890 0.520662 0.875099 -0.070614 -3.971198 -0.435544 -1.076833 0.748010 -1.131315 -1.770636 -0.087809 -0.035085 
0.222485 -1.895583 -0.240728 0.818881 -2.823390 0.927384 -0.136152 0.141553 -1.884673 0.636924 0.414800 -0.406028 -0.795224 0.371263 -0.225316 -2.746324 
0.180830 0.300532 0.069038 -1.216035 0.200841 -4.399719 -2.496121 0.036310 0.518081 0.274986 0.210639 0.013672 0.086827 -1.980430 0.103990 0.388767 
0.048761 0.538702 -0.337218 0.513629 -0.070528 -0.473161 -1.033378 0.431690 -0.437616 0.913152 -0.183004 0.325976 -1.070080 -0.642735 -1.967605 0.059585 
0.209892 0.319502 -0.364156 0.259577 -0.868152 0.003890 -0.652150 -0.465678 -0.055012 -0.093096 -1.147033 0.221265 0.316970 -0.108671 -0.870893 -0.021169 
-0.904534 1.019036 -0.092608 0.171286 0.882048 -0.231367 1.035228 0.310481 -0.396222 -0.944055 -0.946229 -0.643586 -0.384706 -0.016205 0.740364 0.252076 
0.475498 0.814807 -0.697054 -0.877560 -0.735793 0.118694 0.122441 -0.697038 0.549295 -0.091109 -0.373916 1.352528 0.060757 0.146611 -2.289772 -4.365134 
-0.429452 -0.529202 -0.177319 -1.545782 1.521726 0.221441 -0.473718 1.134463 0.529766 0.424626 0.019357 0.329444 -1.092236 -0.188118 0.161215 -0.164299 
0.255247 -0.561207 0.184977 0.327988 -0.033944 0.242568 0.408215 -1.172169 -2.796023 -0.073194 -0.007415 -4.280193 -0.948358 0.814089 -2.762889 -1.975576 
-0.393681 1.694018 -0.421579 1.092451 -0.626855 -1.141182 -0.261332 -0.128118 -4.900831 0.469365 -5.158800 1.736192 0.360365 -0.308649 -0.045976 -0.130722 
0.544982 -0.358923 -0.470163 0.700100 2.186413 1.233148 -1.175393 -0.702679 -0.284648 -0.015263 0.294602 0.967231 -3.141546 -0.007940 -0.440181 -0.486811 
-0.646987 -0.856672 0.388539 -1.885110 0.072211 0.471485 -1.268685 0.591789 -1.760125 -0.083935 -1.195995 -2.311211 0.073066 -0.064410 0.680723 -0.355564 
0.118072 0.050212 0.396074 0.093834 -1.002136 0.754236 0.343340 -1.426993 -0.873733 -0.972978 -0.050042 -0.266139 0.487193 0.105856 -1.305673 -0.008278 
-1.119923 -0.183247 0.353928 0.535844 0.547967 0.471467 -1.703504 -0.476590 -0.047869 1.145659 -0.286412 -0.709076 -0.318539 0.638762 -1.241498 -1.281871 
0.023078 0.243304 0.190456 -1.484831 -1.272207 0.507743 0.858750 0.206785 -0.009920 0.375140 -1.692715 0.491732 0.097229 -0.195712 -2.985224 0.779257 
0.216419 0.320866 -0.902085 -0.385101 -0.278494 -1.028385 -1.383196 0.415059 0.116505 1.308717 -0.093042 0.693732 -0.983489 0.180906 -3.493980 0.036845 
-0.280550 -1.156253 0.534644 -0.218040 -0.823894 -0.429884 0.687920 0.313119 -0.278584 -0.610042 1.321157 -2.176243 -1.082060 0.383220 0.119276 -2.320780 
-0.604468 -0.451866 0.236612 -0.311006 1.953502 0.213626 -0.064596 -0.049196 -0.145375 0.816326 -0.107726 -0.306099 -1.252326 0.050152 -0.538301 -3.062222 
0.002920 -0.028054 -0.044253 -1.648944 0.556601 -1.908417 -0.472278 0.099217 0.240295 0.118787 -0.031331 -0.011629 0.083145 -1.579873 -0.506756 0.261304 
-0.681424 0.585531 0.090075 1.106522 -1.276597 -0.649363 -1.247951 0.157463 -1.563522 -0.672240 0.098598 0.596349 0.659997 0.734971 -0.116550 -2.576105 
0.082943 -0.032588 0.342878 0.489589 -2.214044 0.566210 -0.180737 0.312088 -0.824166 -0.832036 -0.659907 -1.789295 0.768884 0.732114 0.285259 -0.581039 
-0.144462 -0.584220 -0.573007 0.730822 0.165441 -0.084963 0.166718 0.045781 -0.762325 0.283905 -0.787665 -1.580680 0.921089 0.500091 0.486301 -0.103086 
-0.565070 -0.563376 0.323167 -0.252434 -0.437797 0.282364 0.159700 0.454932 -0.390217 0.012556 -1.927191 0.439908 0.956609 -1.347808 -0.431042 -0.202356 
-0.367864 1.771848 0.154360 -0.551697 -0.687396 -0.882599 0.471581 0.074465 0.401757 -0.272937 0.546966 0.527110 -0.468678 -0.438185 -0.824669 -1.712052 
0.131341 -2.410225 0.434551 0.211097 -0.882253 0.080733 -2.007815 0.241055 0.308436 0.895910 1.301577 -2.331212 -0.619131 -0.148516 -0.459475 -1.926932 
-0.066582 1.160731 0.308889 0.490028 -1.127415 0.401657 -0.250194 0.084337 -1.013311 -0.676001 -0.656144 -0.248385 -1.927368 0.591397 -0.261432 0.063175 
0.299575 0.572741 0.094167 -0.082510 -0.665725 0.025918 0.551556 -0.175929 -1.437134 -0.552989 -0.078288 -2.041035 -3.068894 0.408842 0.067681 -2.294560 
-0.802141 0.209721 0.272898 0.469229 1.354961 -0.196178 -0.586382 -0.254551 -2.058232 -0.234979 -0.700627 -5.606908 0.056352 0.553990 1.201933 -4.252737 
0.085236 -0.210930 0.574665 -0.597141 -0.476330 0.251962 -0.281285 0.594724 -0.034880 0.123040 -0.054367 -0.404799 -0.614746 -0.421534 -0.272656 0.908867 
-0.046964 -0.221242 -0.103689 -0.333204 -0.315865 0.423722 0.529932 -0.251774 -0.197269 0.152742 0.400641 0.352445 0.405649 0.346553 0.648693 -0.944123 
0.188660 -0.149406 -0.066875 -1.110019 0.075067 0.694728 0.523963 0.450713 0.399931 -0.394928 -0.936350 0.391952 0.379561 -2.085455 -0.896783 -0.110574 
0.089838 0.101795 0.217382 -0.155805 -1.895511 -0.402296 0.390777 0.084453 0.505577 0.261731 -0.232912 0.264661 0.305210 -0.712402 0.384435 -0.098118 
-1.683002 0.592650 -0.225973 0.877595 -1.468906 -0.642920 0.779502 -0.758191 -2.261414 1.324841 -1.080988 -0.023717 -2.494661 0.155810 -3.851233 -0.609958 
0.860396 -0.849117 -0.276809 0.539938 -0.106968 -0.629595 -0.091439 -0.312730 -1.121499 0.315615 0.834512 0.379524 -1.800795 -0.350107 -0.437859 -2.854458 
0.603460 0.154051 -0.591447 -1.666639 -0.409388 0.143337 0.260607 0.206106 -0.048058 0.713406 -0.478300 0.363298 0.130033 -0.414791 -3.277430 -0.685218 
0.592807 -0.511032 0.155867 0.202274 -0.953910 0.447789 -0.169631 0.006840 0.287124 0.127427 -0.424351 -0.724414 -0.037680 -0.155973 0.896313 -2.050090 
0.528771 -0.656497 0.108315 -0.581589 -1.206384 0.472853 0.914662 -0.120359 -0.309713 -2.031294 0.603207 -0.070100 0.307538 1.100614 0.656539 -0.313847 
-0.093392 -0.047436 0.101066 -0.976340 -2.784511 1.135077 -0.144209 -0.160012 -0.772761 -1.004227 0.308982 0.706753 0.798701 0.110755 0.889233 -1.619821 
0.172092 0.160572 -0.547610 1.855634 0.252241 0.479958 0.653404 -0.823690 -0.030263 -0.584375 -0.660608 -0.225580 0.589878 -0.705545 0.195129 0.472258 
-0.805226 1.444680 0.682367 -0.757035 -2.483464 0.805178 0.224650 -0.570436 -1.069948 -0.014235 1.288498 0.719757 -1.835328 0.330328 -0.149393 -0.170520 
0.411628 -0.103429 0.261770 -0.066488 -2.975987 0.666376 -0.120361 -0.536517 0.678637 0.492233 -0.446211 -0.885979 0.361681 0.092590 -0.665597 -2.428815 
0.057878 -0.367173 -0.118781 0.503948 -0.171046 -0.695816 0.746777 -0.045439 -0.396720 0.160800 -0.007799 -0.017627 0.631133 -0.164558 -2.954069 -0.752344 
0.226694 -1.611477 0.549044 -0.723715 1.303256 0.101322 -0.381735 0.386881 0.077711 -0.375186 -1.876251 -0.303218 -0.271327 -2.208305 -1.393295 0.116248 
0.847140 0.222786 -0.001974 -0.113702 -1.672103 -4.325276 -1.721405 0.357588 -5.869899 0.041813 0.216666 1.493852 -1.841186 -0.585817 0.158984 -0.208307 
0.055442 0.233293 -0.264328 -2.932280 -4.428609 0.328224 0.084485 -0.184553 0.579765 0.095577 0.807292 -0.738531 0.471380 0.677744 -0.053698 -3.381756 
-0.492368 -0.354903 0.593903 -0.396765 0.772265 -0.860019 -1.346171 0.295831 0.324958 0.480868 0.143181 -1.068231 -0.359493 0.041978 1.034690 -0.646709 
