0.355204 -0.059404 0.034347 -1.582192 -0.216783 0.229842 0.130244 0.224955 0.508840 -0.584895 0.321259 0.126926 -0.379296 0.206674 -0.777465 0.101640 
0.227285 -0.470886 0.227966 -1.144611 -0.810866 0.491200 0.464399 0.816260 -0.619181 -0.827778 -0.850030 -0.547458 0.237123 0.247169 -0.857680 -1.713001 
-0.863492 0.501795 0.241400 0.073136 -0.005260 0.821403 0.132181 0.012616 -0.625989 -0.193865 -0.595040 -1.787183 0.004261 -0.102815 0.119693 -1.081861 
0.251867 0.506690 -0.283093 -1.058824 0.177126 0.265795 0.671596 -0.244856 -0.555867 0.392422 -0.197733 -0.928226 -1.024084 0.085789 0.085311 0.254933 
-0.173659 -1.254559 0.538065 -0.579861 -0.659483 -0.299309 0.633363 0.272696 -0.468080 -0.607795 0.907497 -3.863162 -0.287825 0.602391 0.215877 -1.329908 
-0.796705 0.526716 0.310095 0.436989 0.072119 -0.181602 0.210495 0.217146 -0.875219 -0.048563 -0.003680 -2.346311 -1.722253 0.251318 0.231999 -0.581488 
-0.057568 0.875417 0.132017 0.885442 -1.103956 -0.013499 0.040005 -0.264604 -0.146111 -0.991245 -0.534167 -0.106251 0.038902 -0.234131 0.594896 0.124687 
-0.242831 0.597221 0.179121 0.277848 0.476421 0.168837 0.399433 -0.192303 0.910967 -1.036046 -0.352963 -0.602663 -1.149236 -0.093030 1.262853 0.462634 
0.930472 -1.758792 -0.345870 0.701504 1.471969 -0.218676 -0.215590 0.187449 -0.797219 -0.570670 -0.427746 -0.861063 -0.290160 -0.419458 0.310144 -1.167171 
0.223935 0.085892 -0.253048 -0.674137 -0.153959 0.803987 -1.274531 0.103571 0.647984 -1.335977 -0.224200 -0.435671 0.309881 0.743489 0.038984 -0.096003 
0.622613 0.202557 -0.041673 -1.420853 -2.518847 0.626748 -0.441590 -0.921428 -0.430629 -0.278344 0.209473 -0.470965 0.366507 0.161706 -2.328433 -0.270084 
-0.604938 1.144856 0.321712 0.235213 -1.267457 0.557491 0.005362 -0.136371 -1.548102 -0.861526 0.423751 0.401749 -1.834069 -0.168560 -3.678033 -0.877235 
0.276784 0.091288 -0.302675 -0.378554 -0.770449 -1.098237 0.528832 0.033141 0.185478 -0.264565 -0.258891 0.693333 0.311365 0.266758 -0.147246 -0.178262 
-1.262197 0.612019 0.296425 0.685709 -0.883749 -0.357479 -0.286724 0.441340 -0.352125 0.291336 -0.176276 0.175716 -1.382561 0.426359 -0.537335 -0.267006 
0.142380 0.426268 0.183248 -0.541919 -0.179988 -0.070127 0.009219 0.320033 -0.911252 0.287293 -0.508090 -1.795079 -1.141221 -0.681519 0.102915 0.449501 
-0.077882 -0.040515 -0.088916 -0.386375 0.287878 0.288424 -0.858415 0.050474 0.125607 0.270881 0.582495 -0.227561 -0.035183 -1.806941 -0.264974 0.108567 
0.254064 0.063085 0.255926 -0.017784 0.439145 -0.152325 -0.546634 0.218116 -0.328500 0.480698 -0.453022 -0.542859 -1.180404 -0.978279 -0.638709 0.517840 
0.126857 0.463716 -0.734399 -0.178941 -0.661765 -0.248890 -1.167892 -0.043509 0.172350 0.462291 -0.536765 1.200117 -0.052551 -0.518601 -1.071790 0.267967 
-0.075554 -0.173617 -0.358180 -0.059676 -0.462118 -0.144919 -0.333813 0.016272 0.239022 0.565051 0.073822 -1.675546 0.728846 0.320376 -0.919959 -0.453562 
-0.166239 -0.932998 0.319575 -0.135736 0.011859 0.083579 -0.290768 0.133393 -0.266063 0.079145 -0.060762 0.192481 0.006892 0.228956 -0.150941 0.213004 
0.519213 -0.039247 0.074119 -0.352575 -3.626179 0.098905 -0.123450 -0.440881 0.781413 0.738552 0.491115 0.078888 -0.105630 -0.058468 0.145525 -2.668426 
-0.036262 0.351749 0.370184 -0.559969 -0.515028 -0.104866 -0.681384 0.038004 0.243003 0.042031 -1.368909 0.134642 0.008822 -0.591470 -0.257061 0.001268 
-0.136089 -0.025495 -0.080065 -1.251024 2.112134 0.812263 -0.624692 -0.510870 0.498565 0.605151 -0.131683 -1.534329 -0.150862 -0.205904 0.483803 -3.955466 
-0.408631 -1.106689 0.316285 0.020519 -0.587337 0.299525 0.129601 -0.206470 -1.128242 -0.137086 0.439092 -0.775460 0.703914 0.405642 -0.220088 -1.976502 
-1.103761 0.248668 0.140792 1.126358 -0.799974 -0.654625 -0.189341 -0.378172 -2.129348 1.325333 -1.430365 -0.418061 -1.955466 -0.072442 -2.622616 -0.231354 
-0.242795 -1.088430 0.345789 -0.579336 -2.664650 -0.613301 -0.163140 1.450334 -0.582328 -0.111494 -0.334386 0.722558 -0.721040 0.219381 -1.048343 -2.063575 
0.142756 0.040810 -0.779083 0.185867 -0.115004 0.288146 0.629980 -0.214590 -0.006276 -1.090952 0.746361 0.381994 -0.197431 0.864258 0.291388 0.060779 
-0.739599 0.427601 0.029356 0.619396 0.142261 -0.424254 -0.336902 0.002966 -0.619016 0.014568 -0.283779 -0.227642 0.331619 -0.086737 0.434852 -0.456424 
-0.195698 0.176752 -0.487937 -1.699914 -0.994822 0.657772 0.286742 -1.700044 -1.620481 0.574582 0.586829 0.019448 -1.709276 0.369875 -0.875731 -2.698792 
0.162835 0.133682 0.057046 -0.089215 0.184821 -1.739662 -0.993615 0.154767 0.147508 -0.067799 0.323567 0.086449 0.210946 -2.640053 -0.020264 0.150774 
-0.052700 0.090026 -0.252954 0.493088 0.365023 0.731510 0.646093 -0.747422 0.657382 0.510403 0.228743 -0.506804 -0.128886 -0.234409 0.339815 -0.867573 
-0.421543 -2.422196 0.485463 1.063933 0.636159 -0.387524 -0.660534 0.239042 0.172865 -1.221946 -0.199130 -5.185309 0.224548 -0.064468 -0.961084 -0.714063 
-0.208628 0.384993 -0.558252 0.647138 1.485179 -0.338708 0.651327 0.064901 -1.439760 -0.997556 -0.575268 -2.979144 -0.077210 0.476379 0.474741 -4.070976 
0.580864 -0.654134 0.015093 0.029302 0.105011 0.644807 1.390679 -1.221876 -0.113890 -0.267493 -0.884396 -0.041906 0.083065 0.129565 -0.578918 -0.094407 
0.147660 0.149376 -0.177066 -0.230771 -0.141395 -2.249180 -0.783227 0.082490 0.462463 0.208743 0.182753 0.353409 0.231387 -1.718193 -0.479329 0.012810 
-0.319071 0.145029 -0.039113 1.392173 0.175927 -0.523744 -0.481784 0.233220 -0.775390 1.788297 0.261911 -0.306439 -2.796142 -0.113326 -1.049500 -0.989306 
0.033513 -0.001420 -0.764005 -1.168501 1.027777 -0.046762 0.297146 0.183989 -0.297581 0.136911 -0.042585 -0.305875 0.471490 0.066158 0.907949 0.392081 
0.083872 -1.835374 0.159988 0.107435 0.552035 -0.079497 -0.374761 0.321833 -0.326945 -0.497573 -2.859524 -0.486411 0.309798 -1.731296 -1.166743 -0.437667 
-0.040729 0.050857 -0.134960 0.114223 -0.091483 0.075237 0.350702 -0.319791 0.065667 0.454145 -1.119045 0.306701 0.269639 0.151756 -0.320855 0.177298 
0.489725 0.290618 -0.545008 -0.672750 -0.133415 -0.585490 -2.521935 0.135165 0.212072 0.345304 -1.592845 0.531772 0.404534 0.099583 -2.205634 0.376550 
0.095589 0.146546 0.243760 -0.367108 0.105742 -0.159060 -0.288136 0.321474 0.125385 0.172769 -1.354758 0.160104 0.051741 -2.229263 -1.773132 0.146428 
0.171733 -0.581868 -0.481112 0.215240 -0.851532 0.626072 1.363669 0.361131 -0.231071 -0.477267 0.426725 -0.436964 0.177889 -0.635887 0.286058 -1.642404 
-0.089668 0.402348 0.152115 -0.448063 0.398952 -0.287101 0.702168 -0.071557 -0.996931 -0.184401 0.179365 -0.127023 0.150856 0.397839 -2.472688 -0.193686 
0.128762 -0.229911 1.071334 -1.944225 1.084243 0.086280 -0.292702 0.174968 -0.186569 -2.220828 0.307076 -1.040268 0.001680 1.005773 0.852364 -0.193422 
-0.267742 0.170573 -0.646041 0.154149 0.391589 -0.161496 0.571605 -0.387794 0.390453 0.282513 0.400154 -0.256328 0.249840 0.482658 -0.150609 -0.819227 
0.171968 0.011077 -0.221789 0.929556 -1.099894 -0.811768 1.069939 0.002593 -0.875267 -0.334739 -0.656794 0.563586 1.099498 -1.180592 -2.898183 -1.093422 
0.275794 0.289441 -0.015270 -0.166509 -0.150550 -0.137077 -0.660618 0.306156 -0.353617 -0.071345 -2.113214 -0.127569 0.052084 0.559401 -0.944073 -0.020371 
-0.483453 -0.042398 0.220089 0.163624 0.533804 -0.290389 -0.404581 -0.152856 0.270525 0.481942 0.213789 -3.269838 -0.143208 0.127182 0.673213 -3.570590 
-0.065781 0.271978 0.357331 -1.061203 -0.625941 0.087609 -0.616976 0.261636 0.954702 0.239391 -0.310260 -1.317817 -1.499749 0.383480 0.379341 -0.308109 
0.467408 -1.871892 -0.640131 1.209211 -0.536105 0.985231 -0.020840 -0.063998 -1.508860 0.322988 0.072553 0.146176 -2.806758 0.033225 -3.949275 -1.340658 
-0.348173 1.086971 -0.075100 0.062301 -1.105266 -1.024172 0.758141 -0.081025 -0.439892 -0.104985 -1.486139 0.549089 -0.074704 0.383906 0.381178 0.150960 
0.284264 -0.385534 0.190130 0.080286 -0.091287 0.670399 0.178784 -0.609896 -0.090078 -0.639020 1.143472 0.031105 -0.160878 0.160753 0.569580 -0.110611 
0.394602 0.307327 -0.612099 -0.848263 0.218695 0.288518 0.017469 -0.740385 0.091703 -0.163956 -0.554700 0.045661 0.206538 -0.054097 -0.723904 0.455084 
0.510038 0.725680 0.367060 -0.863105 -2.122993 -3.460558 -1.229402 0.405953 -3.490577 0.004511 0.176397 1.173808 -1.329967 -0.976733 0.322961 -0.222849 
-1.094429 1.730513 0.052638 -1.542460 -1.468490 -0.427638 0.662479 -0.015003 -0.186449 0.028749 0.769014 0.699961 -1.032251 -0.235395 0.001714 -2.660739 
-0.280582 -0.394988 -0.032894 -1.670370 0.726376 -0.366688 0.518682 -0.536269 0.197011 0.590764 1.037981 -0.711012 -0.071110 -0.065282 0.614287 -0.326499 
0.418105 -0.223326 -0.074843 0.058092 -1.503860 -0.321536 0.558067 0.133383 -1.116779 -1.534726 -0.008128 -0.243228 -0.116588 0.575148 0.443600 0.352285 
0.028072 -0.118271 0.274882 -0.535471 -1.536783 0.503994 0.332813 0.159097 0.021993 -0.445537 -0.011418 0.682627 -0.299523 0.307135 0.783799 -2.450141 
0.145260 0.140508 0.083173 0.191579 0.199445 -0.129657 -0.215382 -0.626272 0.573123 0.013167 0.362630 0.009583 -0.075852 -0.070890 -0.619001 0.394418 
0.208022 -0.888472 -0.346729 0.606227 0.687489 -0.209975 -0.279871 0.066838 -1.053312 1.005051 -0.404431 -1.818649 -1.799480 -0.173664 -0.136456 -2.501168 
0.196040 0.147507 -0.030354 -2.299559 -2.553777 0.373706 0.109346 0.082066 -0.290452 0.033357 -0.407044 0.258203 0.764222 0.019427 0.647853 -0.295800 
0.221345 -0.874403 -0.072294 0.286630 0.121638 -0.192353 -0.816490 -0.457196 -0.981166 1.024432 0.571699 0.264229 -0.275697 0.416308 -0.654506 -1.708942 
0.509938 -0.959627 -0.165134 -0.079450 -0.947868 0.702890 -0.155698 0.074402 0.880017 -0.831737 -0.395266 0.524543 0.216285 -0.534539 0.848954 -2.104265 
0.134686 0.169493 0.126413 -1.052491 0.493222 -4.295864 -1.375370 0.169953 0.180489 -0.002641 -0.378931 0.083762 0.010158 -1.597957 -0.266637 0.386793 
0.580457 -1.237660 0.382988 0.039235 1.834056 0.720790 0.036247 0.115352 -1.254576 0.048687 0.031685 -0.191759 -0.639039 -1.328820 -0.204459 -0.147222 
-0.732945 -0.246441 0.203567 0.484865 0.221294 0.819434 0.528166 -0.604866 -1.186557 -0.993208 0.313931 -0.593828 0.518079 0.403450 0.012451 -0.997511 
-0.862493 0.574976 0.037586 0.043514 1.805460 -0.452627 -0.895562 -0.201303 -2.014696 -1.591734 0.167260 -0.127749 1.129804 0.158046 0.266108 -0.461844 
-0.392426 0.371396 0.167483 0.245316 -2.179190 0.334907 0.104726 0.684499 -0.418037 0.069552 0.167400 0.585877 -1.839047 -0.520983 -0.492295 -0.092635 
0.143576 -0.275902 -0.059590 -0.760090 0.946503 0.403354 -0.117714 -0.187063 0.275334 0.632773 -0.390554 -0.215154 -0.389351 -0.041349 -0.279199 -0.108943 
0.115277 -0.157763 0.073009 -0.548252 0.135321 0.228612 0.032710 0.104949 -0.629617 -0.118685 -0.208476 -0.732503 -1.579047 0.912001 -0.256216 0.228505 
0.063222 -0.113453 0.042508 0.463064 -0.459772 0.642293 -0.588890 0.032250 -1.406545 -0.433377 -0.644462 0.680891 0.537956 -0.599742 -0.143830 -0.199470 
-0.127809 -0.345896 -0.088130 0.677033 0.090408 0.079038 -0.079169 -0.632913 0.504265 -0.023585 -0.579759 0.106136 0.328561 -0.042679 -1.866686 -1.813761 
0.255190 -0.434668 0.185833 0.206380 -0.800704 -0.410652 -0.226854 -0.041596 -0.436271 0.800423 0.098404 0.124330 0.024458 -0.352851 -0.696723 -1.894833 
0.081537 -0.658823 0.135022 0.866880 0.419945 -0.380070 0.101589 0.597535 -0.328199 -0.309035 -0.042213 -0.256123 -0.608991 -0.391397 -4.927943 -1.573253 
-0.430309 -0.266070 0.271224 -0.386288 0.274835 -0.080126 -2.471530 0.400934 -0.428771 0.272868 -1.916098 0.092091 0.376503 -0.657639 0.232443 0.099963 
0.708619 -0.115060 -0.605178 1.138225 -1.814047 0.712149 -0.439984 -0.614971 0.032133 0.214369 -0.086879 -0.601365 -2.703140 0.250979 -2.233361 -1.453682 
0.880957 -0.548254 0.224336 1.203713 -3.669560 0.529304 0.678590 -0.379360 -0.923915 -0.607996 -0.869807 0.818732 -0.820976 -0.043300 -0.279534 -2.189703 
0.129608 -0.751562 0.296446 0.294229 -0.633417 -0.115635 -0.372170 0.026509 -1.129796 -0.219208 0.334034 -1.995554 -0.507629 0.946950 -0.181774 -2.598899 
0.060312 0.026652 -0.080994 0.034804 0.134372 -1.106863 -1.370246 0.076164 0.207400 0.379597 0.272265 0.149454 0.166291 0.929433 0.062133 -0.019896 
-0.464882 0.092391 0.418765 -0.199396 -0.483801 0.775159 -1.654277 0.429781 0.140942 0.081788 -1.253436 0.370095 0.099527 -0.556980 -0.310097 -0.609228 
