0.264488 0.107591 -0.143567 0.121937 -0.042987 -0.971860 -2.355483 0.156349 0.208974 0.083723 -1.321131 0.802627 0.187081 -1.534092 -0.329554 0.194398 
-0.221273 -0.238810 -0.096589 1.015373 -0.373890 0.188040 -0.616321 -0.274051 0.436450 0.320371 -0.502547 -3.010935 -1.487681 -0.572591 -1.925350 -3.436144 
1.028027 -1.999432 -0.620417 1.527530 -1.135325 1.348130 -0.440954 -1.234226 -0.127780 -0.270788 -0.440478 0.976704 -1.645351 -0.306677 -0.787940 0.203988 
-0.853103 0.486409 -0.055179 -0.513193 1.183978 1.018396 -0.600476 -0.149917 -0.571560 0.027265 -0.642630 -1.418778 0.199974 -0.223351 -0.096729 -3.189573 
-0.588286 -0.242090 0.152436 -0.269614 -0.003821 -0.173307 0.075434 0.273657 0.269256 0.244679 0.049147 0.332733 0.585419 -0.444749 0.770606 -0.773597 
-0.298523 0.853085 -0.068364 -0.192193 -2.875401 0.271417 0.757639 0.623070 -1.178435 -0.351095 -0.464037 -0.199696 -0.958063 0.284771 -0.256720 0.662464 
-0.081887 0.389633 -0.677735 0.081402 0.039622 0.532845 0.623397 -0.719486 0.114462 -1.031501 -0.356164 0.381888 0.766817 0.096690 -0.365481 0.216777 
0.357360 -0.375962 0.132067 -1.220906 -3.113631 0.118040 0.320007 0.088132 -0.183554 0.165600 -0.375355 -0.078825 0.659468 -0.411614 0.261243 -3.435964 
-0.612232 0.277315 -0.050732 0.893309 0.860918 -0.705457 -0.827219 0.344446 0.946453 0.487109 -0.156076 -0.902044 0.045336 0.393604 -0.134402 -0.560225 
0.209985 0.467291 -0.565331 -0.066012 -0.872744 -0.411667 -0.692800 0.043490 0.248973 -0.047342 -0.205523 2.308774 -0.405288 0.688351 -0.171500 -0.421406 
-0.611241 0.460164 0.225263 -1.296217 -0.344393 1.263336 -1.218056 0.473557 -0.942175 0.254613 0.489382 -0.123892 -0.746375 -0.488402 0.296337 -0.301158 
-0.367762 -0.062009 0.294101 0.810768 -0.428683 -0.950929 0.312030 0.301820 -1.125039 0.017929 -0.468123 -0.018047 1.312613 -1.419915 -0.631571 -1.223059 
-0.513171 -2.329441 0.543324 -0.380303 -1.404295 0.128838 -0.090112 0.171386 0.305308 1.367579 0.072500 -2.101093 -1.676903 -0.035128 0.260073 -2.337157 
0.996380 1.143482 -0.038498 -0.829581 -1.461509 -3.626561 -1.452010 0.153125 -2.870305 0.273734 0.115163 0.991182 -1.305314 -0.778019 0.266267 -0.477173 
0.660363 -0.143033 0.056704 -0.796340 -1.078542 0.434614 0.662563 0.211391 -1.406968 -1.428624 0.196513 -0.383064 -0.831072 -0.063258 0.222755 -0.153536 
-0.472156 1.233738 0.314552 -1.255242 -2.517632 -0.110469 0.887888 -0.756088 -0.273099 -1.198044 0.775779 0.355708 0.223937 0.269801 -2.726339 -1.928671 
-0.120343 0.610877 -0.621457 0.296924 -0.368424 0.254941 0.370781 0.180831 -1.658930 0.262225 -0.199988 -1.481371 0.524376 -0.046770 0.156051 -3.146534 
-0.030410 0.051846 -0.314642 -0.058917 0.037666 0.216555 0.369305 0.136448 0.374073 0.259102 0.327305 -0.038630 0.226094 0.159026 -0.765970 -0.471789 
0.402699 0.212017 -0.494533 -0.975030 -0.646630 -0.071647 -0.012050 -0.519529 -0.000566 0.124864 0.069777 0.275323 0.563227 0.451135 -0.072614 -0.455401 
-0.756517 0.580303 0.183349 0.185159 -0.058423 -0.021832 0.084655 0.465588 0.335346 -0.756421 0.519375 -0.079022 -0.533688 -0.426500 0.862380 0.694120 
-1.011983 0.806469 0.319846 0.927435 -0.750044 -0.099161 0.000518 0.287239 -0.074201 0.577576 0.220263 0.436956 -1.655537 0.450993 -0.356801 -1.801119 
0.174833 0.293197 -0.039669 0.293164 0.199964 -1.104066 0.400417 0.009452 0.257366 -0.257483 0.429350 0.003382 -0.715612 -0.448551 0.309813 0.135860 
-0.439045 1.298327 0.017432 1.046685 -0.176970 0.267309 -0.219741 -0.252925 -0.932776 -1.737702 -1.184020 -1.069528 -3.848516 0.088440 -4.724715 -2.508862 
0.361363 -0.015275 -0.205162 -0.790373 0.098943 0.584030 0.512022 -0.555516 0.080492 -0.117126 -0.073287 0.053652 -0.600123 0.448402 0.069740 0.211448 
0.108282 0.757649 -0.551758 1.237015 0.458261 0.069545 -0.185326 0.254336 -1.173179 -0.947920 -1.114622 0.355780 -0.281213 0.272773 -0.701212 -3.572534 
-0.023513 -0.090907 0.309635 -0.802425 -0.426141 -0.048631 0.745794 0.143564 0.153159 -0.380688 0.364044 -0.045369 0.223985 0.424082 1.769646 -0.318714 
-0.234487 -0.137379 -0.776025 -0.071769 0.298301 0.742635 -0.073950 -0.366876 0.219213 0.702887 0.902889 -0.080915 0.002610 0.016838 0.292293 -0.176418 
-0.930049 -1.045769 -0.135330 0.358661 0.249849 -0.711009 0.500243 -0.332579 -1.044789 1.800247 -0.450829 0.558964 -2.436913 -0.111922 -4.886581 -0.224467 
0.092158 -0.175277 -0.092236 -1.880284 2.700537 0.455713 -0.679446 -0.474592 -0.040859 0.884580 -0.509016 0.781820 -1.626271 0.136915 -0.283048 -1.660774 
-0.232186 -0.055661 -0.038414 0.727515 0.340701 -1.160030 -1.183659 0.221098 0.017378 0.895323 -0.079476 0.160905 -2.768846 -0.435864 -0.723518 -1.502137 
0.403123 0.113622 -0.136731 -0.547656 0.361981 0.086707 -0.342498 0.086569 0.805239 0.694753 -1.471963 -0.802377 -0.426719 -0.412570 0.161580 0.331346 
-0.911068 0.212101 0.012780 0.463913 0.547761 -0.329980 -1.062946 -0.210883 -0.862906 0.645358 -0.754546 -0.165640 0.175905 -0.430160 -1.401230 -0.337950 
-0.213143 -0.258786 0.279421 0.468036 -0.229376 -0.105226 -0.044917 0.396033 -0.967365 -0.516288 1.022587 -0.014191 0.002517 0.506127 -0.908020 -0.112455 
0.600244 -1.247770 0.308818 -0.110946 0.289773 0.949558 -0.417599 -0.283888 -3.336359 -0.772096 0.643805 -0.012294 -1.679918 -0.453623 0.036837 -1.280785 
-0.157202 -0.841304 -0.001578 0.483346 0.700530 0.109902 -0.509769 -0.292449 -1.996257 -0.915058 -0.108201 -1.274716 -0.637803 0.582152 0.764091 -3.577506 
-0.230606 -0.111758 0.407911 0.182742 -0.359824 0.470130 -0.050560 -0.309361 0.146869 -0.366673 0.857849 -0.481657 -1.454159 0.153760 0.204644 0.319865 
0.238551 -0.691735 -0.000451 -0.491401 0.179510 0.104803 0.346390 -0.527971 0.209926 -0.000562 -1.389375 0.052562 0.372493 -0.643874 0.103434 0.058700 
0.307368 0.437574 0.154688 0.089106 -1.186482 0.745676 0.897651 -0.169182 -2.368576 -0.446890 0.461098 -1.647906 -2.614578 -0.217013 -0.903027 -2.739651 
0.146582 -1.125707 -0.013891 -0.275251 -0.277918 -0.722221 0.460432 0.049449 0.092727 -0.011696 -0.230408 0.476642 0.316822 1.099327 -0.135616 -0.512164 
-0.031731 0.241171 0.187448 0.449924 0.135365 -0.456600 -0.145076 0.232972 0.565115 -0.471568 -0.329728 0.109728 0.030138 0.016635 -1.215109 0.277340 
0.514293 -0.268331 -0.201572 -1.475695 0.376838 0.942763 -0.387371 -0.513996 -1.144239 -1.037053 0.141610 -0.939324 -0.109841 0.617580 -0.858818 -2.259065 
0.078387 0.025524 -0.463400 -0.024336 0.131492 0.153244 -0.158055 -0.606677 -0.088421 0.249602 -1.993719 0.427244 0.248045 -0.377345 -1.405598 0.146050 
0.010979 0.213273 0.261133 0.179451 -2.481775 -0.746499 0.786749 0.494638 -0.670038 -0.282916 -0.500978 -0.409951 0.045815 0.281935 -0.656921 0.270101 
0.213438 0.223498 0.221169 -1.245915 0.170569 -2.209073 -0.702197 0.262852 0.241411 0.068503 0.071488 0.079882 -0.058991 -2.850860 0.159508 0.540626 
-0.668029 0.146782 -0.144338 -0.597203 1.661969 -0.053890 -0.518711 -0.039071 0.672151 0.465912 -0.110469 -2.138529 0.172952 0.065676 0.540786 -1.302383 
0.422871 -0.858464 -0.312855 0.687389 -0.618994 0.131132 -0.359330 -0.370529 -1.180466 1.177064 0.544162 -1.719719 -1.588504 -0.062443 -0.765588 -3.652438 
0.244695 0.210738 0.235863 0.253084 -0.173550 -0.313699 -0.278569 -0.037187 -0.384579 -0.299661 -2.498400 0.450621 0.292595 -1.694652 -2.653545 0.154899 
-0.144116 0.195674 0.198741 0.420538 0.144641 -0.501217 0.324433 -0.107036 -0.234084 0.589725 -0.263101 -2.055826 -2.672059 0.394703 -0.911928 -0.206831 
0.046801 -0.300263 -0.155375 0.566389 0.040052 -0.014415 0.324334 0.101161 -0.602342 -0.149541 -0.154718 -0.044299 0.201920 0.142078 -1.267010 -0.925145 
-0.502786 0.399026 0.525847 -0.556087 -1.429021 0.406242 -0.206492 -0.074215 -1.519847 -0.190696 1.178137 1.397017 -1.701570 0.529936 -3.605945 -0.865986 
0.213086 -0.254151 -0.057397 -0.196317 1.048727 -0.164576 -2.160223 -0.089025 -0.348209 0.262331 -2.260773 -0.513446 -0.231462 0.617102 -1.447800 -0.078874 
0.339045 -1.891694 -0.258256 -0.523971 -1.437024 -0.241557 0.398497 0.555585 1.130292 0.641026 -0.030862 0.298347 -0.498649 0.259215 0.049072 -1.128488 
-0.792505 0.594640 0.174407 0.179001 1.096908 -0.118525 0.401133 -0.380161 -0.239455 -0.539776 -0.293060 -0.856182 -0.581234 0.943584 0.584366 -0.099567 
0.008455 1.749281 -0.617013 0.281819 -1.350549 -0.406269 0.748809 -1.070480 -0.501427 0.138986 -3.825800 -0.733448 -0.313063 0.276278 -0.858446 0.170625 
0.310668 -0.665123 0.112805 0.489585 -0.802559 -0.958606 -0.320192 -0.060995 -0.610656 -0.381723 -0.137225 -1.330195 -0.146669 0.512306 0.368086 -1.744135 
-0.013225 -0.038901 -0.256511 -0.748710 0.225395 0.125192 0.613750 0.129347 -1.004552 0.304218 -0.324735 -0.396703 -0.263779 0.800100 0.011452 -0.338098 
0.213780 0.044528 0.414283 -2.889335 -0.553428 0.139669 -0.647249 0.359111 -0.038296 -0.750486 -0.705857 -0.453717 0.174385 0.543600 -0.738164 -0.266536 
0.022017 -0.091445 0.417465 0.465639 -0.204977 0.164877 -1.562805 -0.211054 -0.152925 -1.277696 0.545715 -0.330734 0.146065 0.927202 -0.011976 0.163338 
0.144641 0.041298 0.344190 -0.355131 0.283343 -1.129198 -1.327234 0.266341 0.092625 0.252177 0.699303 0.291105 -0.038432 -2.335533 -1.149095 0.197228 
0.841022 -0.116373 -0.407946 0.768303 -0.099690 0.663793 0.513095 -0.610628 -0.475547 0.109859 -0.667434 -1.744464 -2.034293 0.728298 -2.253611 -0.630976 
0.047569 -0.364076 0.013054 -0.804200 -1.878363 0.579254 0.415534 -0.512194 0.282256 0.073792 -1.086388 -0.546896 0.196067 0.436720 -2.777683 -2.487362 
-0.497412 0.384489 0.453272 -2.047183 -1.735867 0.227754 0.089280 0.489838 -0.758613 0.180305 -0.299659 0.434902 -1.201757 -0.923735 0.375633 -0.371706 
-0.516338 0.224425 -0.382576 -0.201731 0.057468 0.957919 -0.250537 -1.094240 -1.613734 -1.069570 0.909466 -5.067381 1.482224 0.257895 -1.157271 -1.388883 
0.275792 0.011610 0.620190 0.454055 -2.146456 -0.015741 -0.453565 1.085268 -5.881979 -0.493770 -0.849372 1.118049 -0.777326 -0.714029 0.277662 -0.260970 
0.171465 0.627872 0.099175 0.156064 0.125611 -0.739741 -1.400274 0.052738 0.912464 -0.174218 -1.763350 0.460151 0.256198 0.761208 0.762125 -0.518894 
0.044137 -0.039646 -0.177285 -1.214324 0.531038 -0.092120 -0.636639 0.255988 0.193639 -0.404954 0.077641 0.149052 0.088821 -0.533880 -0.871847 0.421596 
-0.013609 -0.498687 -0.386257 0.080934 -0.044511 0.511963 -0.032537 -0.378379 0.111025 -0.103658 0.586703 -3.612158 1.251745 0.417620 0.626508 -5.745894 
0.474755 0.390624 -0.826124 0.366517 -0.298502 -1.230762 -0.557444 0.228676 0.085372 0.454580 -0.740833 0.245415 0.106742 -1.985264 -1.051831 -0.326979 
-0.078039 -1.073789 0.349731 -0.023090 0.995872 -0.272026 0.014129 0.244378 -2.737848 -2.006932 1.185733 -5.918780 -1.127335 -0.090442 -0.275489 -0.789755 
-0.183719 -0.153525 -0.001621 0.129839 0.904190 -0.433425 0.251791 -0.347625 0.799172 0.567466 0.241829 -0.410325 -0.254349 -0.035852 -0.581292 -3.077880 
0.479910 -1.623974 -0.274775 -0.583242 -0.287481 0.722238 -0.053822 -0.037012 0.704420 0.013704 0.105381 -0.449319 0.025891 -1.112941 0.329854 -0.459609 
-0.012248 -0.349329 0.139570 -0.464925 -0.332590 -0.068912 -0.096130 0.300814 0.303840 0.254821 -0.170200 -0.149840 -0.358850 -0.733689 -0.578185 -0.173686 
0.545775 -1.560492 -0.144633 0.732430 0.654784 0.582944 0.491221 0.212266 0.782164 -1.134352 -0.418268 -3.412879 0.713447 -0.590418 -1.024397 -1.082033 
-0.094357 -0.189314 0.147833 -1.835062 0.835058 -0.135853 0.521250 0.206394 -1.199878 0.242248 0.113085 -4.398499 -1.913781 -1.050211 0.015822 0.319513 
0.129304 0.090626 0.089812 0.076951 0.142049 -3.045659 -2.012238 -0.061722 0.338510 0.178350 0.382348 0.131183 0.056936 -0.672013 -0.402268 0.078751 
0.337523 0.571771 -0.458601 0.013950 0.177477 0.050524 1.100923 -1.270878 0.282495 -0.203110 0.452687 0.300543 -0.513970 0.424862 -0.431607 0.492095 
-0.034392 -3.334560 0.349623 0.316140 0.671323 0.213776 0.039991 -0.228379 0.158677 0.160032 -0.893373 -1.477391 0.452600 -1.106699 -2.044364 0.040076 
0.065891 0.068380 0.119903 -0.940446 0.080841 -1.266177 -1.509575 0.234495 -0.331657 -0.020557 -0.046697 0.388252 0.295987 -1.427920 0.039794 0.099158 
-0.768432 -0.316719 0.370907 0.760293 -1.057245 -0.827840 -0.640532 0.308905 -1.401362 -0.051971 0.682473 1.016418 0.146222 0.601245 0.408430 -0.020555 
0.131438 0.224429 0.176919 0.555151 -1.007648 -0.227105 0.263232 0.211286 -0.958092 -0.120864 -0.401544 0.619404 0.204524 -2.302540 -1.084194 0.169517 
-0.097198 -0.556201 0.358693 0.186602 -0.078711 0.154371 -2.928307 0.235816 -0.832334 0.394641 -1.294367 0.530680 0.385107 0.023693 -0.118782 0.119486 
0.008061 -2.218780 0.469257 -0.310806 -0.191165 -0.056816 0.709800 0.312655 -0.556898 -0.916517 0.121015 -2.331578 -0.137989 0.238925 -0.000125 -1.419621 
