-0.351436 0.661982 -0.083399 0.343816 -0.035403 0.307479 1.415570 -0.696974 0.315237 -0.381902 0.403463 -0.683773 -1.647320 0.326396 -0.172986 -0.346247 
0.010436 0.167203 -0.148638 -0.073001 -0.585438 0.921084 -0.656076 0.542021 -0.359215 0.335635 -2.984523 -0.014035 0.426938 0.147261 -1.129307 -0.755678 
-0.279489 0.723722 0.015241 -0.492324 -4.486506 0.389111 0.247082 0.772615 -2.045664 0.016087 -1.402088 1.133885 -1.431833 -0.480983 -0.040943 -0.597113 
-0.292672 0.106729 -0.004650 -1.589108 -1.171445 0.072611 0.342004 -0.559163 -0.164598 -0.383175 0.697051 -0.025477 0.775367 0.690699 -3.353274 -0.192474 
0.106070 0.197172 -0.438375 -0.191160 0.113134 0.323627 0.758060 -0.259029 0.312844 0.361006 -0.026298 -0.003664 0.589582 0.600209 -0.186012 -0.444745 
0.426809 -1.513761 -0.541962 1.205184 0.113138 1.029042 -0.358041 -0.505033 -1.206299 0.866549 -0.347681 -0.000582 -2.475943 0.082911 -2.537159 -1.695470 
-0.003352 0.648274 -0.066377 0.031172 1.903088 -0.060769 -0.776800 -0.764615 -1.139959 -1.090827 0.243489 -2.790745 0.867257 0.231781 0.340054 -0.669804 
0.709718 -0.230995 -0.194612 0.444968 -0.617192 -0.444810 0.459829 -0.184769 -1.393361 0.685081 -0.609039 -0.053447 -2.767686 -0.063081 -0.653591 -2.342736 
-0.181686 -0.515991 0.198657 -0.727010 0.189319 -0.770464 -0.625879 0.169028 0.627827 -0.113189 0.514705 0.470180 -0.553097 -0.375478 -0.233011 0.156923 
-0.643801 -0.120872 -0.103110 0.403383 -2.416945 0.479803 0.659164 0.163275 -0.811441 -0.210086 0.641096 -0.564169 -1.665826 0.251035 -0.745347 -0.304579 
-1.098583 1.715378 0.483005 -0.807770 -2.305212 0.494965 0.328591 -0.654551 -1.766679 -0.527444 0.796639 1.245277 -2.260208 0.248161 -0.268103 -3.469747 
0.672662 0.605595 -0.264202 -0.829559 0.219428 -0.845133 -0.466612 0.112997 0.150815 -0.186084 -0.182506 1.349166 -0.726807 0.142407 -1.060475 1.217466 
0.225387 0.179487 0.279151 -0.842265 0.995138 -1.126033 0.177386 0.714591 -1.859197 -0.718391 0.377817 -1.243011 0.022584 0.244982 1.266610 0.620997 
-0.003860 -0.719564 -0.109247 0.464942 0.983717 -0.132092 0.190876 -0.023952 -0.097479 -0.321892 -0.214393 0.312474 0.420351 -0.234121 0.959395 -1.798478 
0.162513 -0.019782 -0.521588 -0.801547 -0.586553 0.031081 -0.088008 0.382539 -0.171507 0.556296 0.312821 0.327335 -0.003783 0.263939 0.556192 -0.024295 
0.078347 -0.528490 -0.090262 -1.018495 3.120214 0.204352 -0.160617 0.087952 0.506846 0.308787 -0.284775 0.062759 -1.731491 -0.179200 0.365212 -0.799294 
-0.363260 -0.157632 0.169883 -0.112788 -0.085946 0.067888 -0.404439 -0.306713 -2.123998 0.927344 -0.792172 -3.777312 -2.502694 -0.047718 -3.749112 -2.052397 
0.240867 0.405022 0.417332 1.087626 -1.129819 -0.437618 0.163532 -0.042330 -1.732855 0.489442 -0.459608 -1.705999 -2.034970 -0.018535 -0.819271 -2.320898 
0.070244 -1.531152 -0.159187 -0.178961 0.355590 0.555093 0.532814 0.021790 -0.117609 -0.706002 0.484560 -0.363101 -0.531033 -0.456821 0.815787 0.007308 
-0.164034 0.528039 -0.311409 0.785923 -0.012628 -0.269609 0.536404 -1.088774 0.747114 -0.569230 0.163650 0.401850 0.728518 -0.403593 0.070499 0.337013 
0.618416 0.062778 0.123052 -0.973704 0.305392 1.143045 -0.494692 -1.196359 0.052309 -0.427682 -1.081585 0.105726 -0.467768 -1.055401 0.045396 0.595632 
-0.690522 -0.139031 0.260707 0.239242 1.724927 0.258080 -0.903917 -0.603773 -0.945496 0.085546 0.006807 -1.418468 -0.185522 0.189556 0.546207 -1.451562 
0.301939 0.118717 -0.226315 -1.130130 -0.839762 -0.074464 -0.270990 0.375378 -0.323806 -0.163141 0.087266 -0.048088 0.148535 0.211104 -0.745177 -0.662514 
0.439427 -1.336569 -0.043670 -0.214723 -1.407788 0.659864 0.481099 0.066588 -0.803909 -0.623522 0.148183 -2.174825 -0.777560 0.853977 0.546799 -4.814092 
0.222613 -0.283329 -0.701303 0.015029 0.809070 0.120149 -0.018766 0.354321 0.335126 -0.004506 0.223528 0.714697 0.415455 0.059183 0.303256 -0.423940 
0.692658 -2.566670 -0.158737 0.425749 0.505011 1.352497 -0.262327 0.363985 -0.721572 -0.399472 -0.153375 -1.390445 0.489507 -0.517694 -2.728103 -1.084468 
-0.319585 0.447869 -0.451940 0.255775 -0.422022 0.211270 0.422002 -1.279147 -0.138720 0.198292 0.006393 0.279477 0.832453 0.087990 1.976188 -2.901907 
-0.075823 -1.300675 0.477981 -0.294024 -3.440708 -0.681911 -1.128263 0.982713 -4.515601 -0.148087 -0.020029 0.940735 -1.069363 0.082563 0.589815 -0.713430 
0.658643 -0.122152 0.036061 -0.427483 -0.996287 -0.432389 0.801876 0.112345 -1.614079 -1.601824 -0.023981 -0.592167 0.103814 0.341999 0.383710 0.189459 
-0.040538 0.262688 -0.391666 -1.726599 0.298695 0.066290 0.601656 -0.521226 0.588768 0.322828 -0.641828 -1.171092 0.809753 -0.592022 0.543111 -3.037446 
-0.128594 -0.094777 0.127631 -0.362850 1.280403 -1.712763 -2.637685 0.050371 0.431375 0.119437 0.168525 -0.832100 -0.364966 -0.619428 -0.085586 0.123064 
-0.077440 0.881762 0.113424 0.219148 -0.782034 0.176889 0.033530 0.083754 0.299012 -0.505556 -0.453131 0.035113 -0.260763 0.469558 -0.113067 -1.102849 
-1.734919 0.143539 0.425073 0.318361 0.832011 0.478809 0.004784 -0.004011 -0.547134 0.901942 -0.663589 -0.593456 -0.335549 0.472718 -2.596482 -0.691898 
0.001434 -0.325096 0.294252 0.034310 0.267696 -0.781508 -0.375930 0.335692 0.023387 -0.210909 0.928011 0.690061 0.677871 -2.014539 -1.939997 0.641962 
-0.731199 0.347095 -0.178494 0.327983 0.235160 -0.702110 -0.017690 -0.346707 -0.462173 -0.401738 0.056122 0.633131 0.557537 0.542272 -0.135610 0.036403 
0.181941 0.151289 -0.010938 -1.027792 -0.016458 -5.564390 -1.900418 0.211803 0.353449 0.038352 0.530087 0.105757 0.137726 -2.125935 -0.232405 0.035016 
-1.624906 0.043893 0.346922 -0.528133 -0.905483 -0.871220 0.315622 -0.246594 -1.073737 0.185999 0.621446 0.227849 -0.970787 0.519712 -0.609350 0.198235 
-0.087050 -0.328220 0.374254 0.177283 -1.198740 -0.570953 0.842758 0.388075 0.159268 -0.005371 0.423642 -0.442966 -0.302402 -0.013501 -0.967206 -1.404813 
0.364650 -2.234501 -0.138393 0.558280 0.751761 -0.049962 -0.827685 -0.284632 -1.435955 0.461233 -0.690197 -1.854602 0.418213 -0.831488 -0.642252 0.126209 
0.043535 -0.172933 0.096704 -0.809604 1.131721 0.434459 -0.097572 0.261931 0.476770 -1.615705 -0.958839 -0.138971 0.257186 0.341055 0.868577 0.275690 
-0.082558 0.051604 0.464693 0.006152 -1.684803 -0.454657 0.478313 0.260891 -0.548254 -0.562866 0.501722 -1.219576 0.780667 -0.037675 0.338059 -1.621689 
0.395743 1.070748 0.478953 -0.698366 -2.124790 -4.424140 -1.687896 0.392056 -2.394077 -0.344669 -0.092214 1.193034 -0.813582 -1.103126 0.182440 0.009356 
-0.048225 0.629477 -0.404589 0.855967 -0.028731 -0.549021 0.008258 -0.138841 -2.434275 0.987505 -0.714225 1.373485 -0.894411 -0.026450 -2.812879 -0.220886 
-0.384187 0.466830 -0.507138 1.270725 0.011793 -0.607918 -0.353449 0.294433 0.096093 0.652559 -0.204820 0.259905 -1.561052 -0.218869 -0.810862 -3.635201 
0.373218 -0.852929 0.529777 -0.034462 -0.134910 0.385578 -0.338461 -0.226930 0.673990 -0.792313 0.597874 -0.195668 -0.649891 1.061356 0.019239 0.460498 
0.042491 -0.155270 0.163205 0.697168 0.293735 -0.059799 0.201836 0.262550 0.156348 -0.124743 -0.425694 0.114139 0.337111 -1.346533 -3.842474 -1.089830 
-0.381888 -0.572121 0.372087 -0.605366 0.012962 0.590686 -1.600975 0.171991 -0.518576 0.301274 -1.047627 0.329392 0.382581 -0.749322 0.122938 0.054455 
-0.460155 0.187552 0.387168 0.188837 -0.420243 -0.401139 -0.617302 -0.317818 -0.709368 0.428705 0.422628 0.103724 0.300218 -0.294542 0.485688 -1.669897 
-0.093678 0.284934 0.371636 -0.033377 -0.978174 -0.727212 -0.666032 0.188412 -1.887013 -0.339816 0.079243 -0.312288 0.275885 0.492824 -1.080905 0.418276 
0.667730 -0.387865 -0.304557 0.564210 0.934320 0.168985 -0.092712 -0.895708 -0.294171 0.276867 -0.085985 -0.691334 -0.726873 -0.402653 -3.959322 -0.990974 
0.048021 0.001022 0.531664 -0.226017 -1.819883 0.137182 -0.401051 -0.052906 0.293856 -0.050359 -0.386401 -0.246646 0.113194 -0.199584 -5.589573 -0.195516 
0.590611 0.463208 -0.500124 0.215602 -0.446783 -1.397984 -0.246558 0.086847 -0.158290 0.575875 -0.532736 0.483274 -0.844799 -0.625418 -0.783025 0.170632 
-1.011874 0.352169 0.107955 0.112939 0.616486 0.899032 0.631619 0.335844 0.571809 -0.785633 -0.566461 -5.211302 0.528602 -0.191476 0.303601 -4.156921 
-0.268004 -0.163331 0.122824 0.996638 -0.070039 0.229184 -2.740607 0.112209 -0.490236 -0.084897 -0.883670 0.320006 0.459750 -0.093799 -0.056342 -0.412885 
-0.600240 -0.052153 0.344774 0.144802 0.227761 -0.128219 0.217532 0.157294 -1.217833 -0.125951 0.865092 -0.552521 -1.305255 0.638440 0.332577 -0.162397 
0.288817 0.475606 -0.300303 -0.794860 -0.684265 0.868919 0.984597 -0.065036 -3.372048 0.151352 0.082216 -4.072160 -1.887618 -0.411107 0.421003 -0.726700 
0.088077 -0.725546 0.282672 0.241141 0.202036 -1.066861 -1.033426 0.067815 0.352739 0.178474 0.365241 -0.823683 0.275816 0.501297 0.320057 -0.859090 
-0.267654 -0.184103 0.224422 -1.988771 0.326376 0.765502 0.334589 0.417682 -1.138541 0.493106 -0.992266 -1.908732 -0.879950 -1.075922 0.283099 0.174800 
0.199851 -1.033052 -0.491550 0.372155 1.085006 0.464963 0.069169 -0.552387 -0.379059 0.519542 -0.194342 -1.860963 -1.715349 0.422253 -0.250062 -4.976830 
0.203901 0.208427 -0.393033 1.228212 1.484675 -0.117958 -1.277131 0.132875 -0.068517 0.112292 -4.925113 -0.996535 0.220663 0.205342 0.822174 0.170001 
-1.287911 -0.513243 0.530465 1.497445 1.127701 0.035016 -0.497888 -0.243481 0.020451 -1.598571 0.581713 -7.007270 -2.141218 -0.183485 -1.545251 -1.130573 
0.611406 0.505773 -0.453976 -3.600464 0.850280 0.124993 0.030813 0.491542 -2.906842 0.433631 -0.046307 0.472915 -0.922017 -0.803515 -0.847271 0.162408 
-0.052295 -0.011463 0.175178 0.017463 0.302373 -1.154865 -1.882457 0.134850 0.436061 0.490892 -0.468312 0.026936 -0.178427 0.632367 -0.157928 0.211276 
0.496982 -0.710961 0.328982 0.771519 0.436837 0.557980 0.161989 0.141271 -0.199523 -0.967554 -0.090971 -0.380429 -0.950660 -0.121654 -1.765847 -1.247360 
1.107574 -0.187034 -0.417156 1.542488 -0.530924 0.113694 0.104027 -0.831986 -1.234310 -0.288926 0.221477 0.604074 0.348093 -0.832576 -1.029992 0.442523 
0.508147 -0.346096 -0.117466 -0.127746 -0.456888 0.483319 0.439403 -0.161060 0.445939 -0.053380 -1.414025 -0.208380 0.157131 -0.952603 -0.106052 0.544492 
0.516885 -0.775721 -0.889587 -0.951819 -1.448577 0.660170 -0.030789 -0.470329 0.112179 -0.124979 0.438402 -5.186999 0.408831 0.612152 -0.122850 0.054732 
0.517700 -0.015000 -0.380145 -0.540777 -3.157515 0.543695 -0.030317 -1.105493 0.433668 0.604879 -0.146610 -1.106886 -1.104118 0.042633 -0.494398 -2.591507 
0.303175 0.222013 -0.182082 -0.405867 -2.330595 0.551779 -0.728487 -0.397034 0.399750 -1.319495 0.049124 0.464599 0.487908 0.312749 -1.598609 -2.887065 
-0.736896 0.025339 0.428363 0.205149 0.107144 0.360306 -1.494983 0.688558 -2.140225 -0.704219 0.529716 -2.258326 -0.811452 -0.058543 -0.119293 -0.780302 
-0.006081 -0.575301 0.089829 -0.128257 0.697890 -0.136097 -0.351999 -0.297298 0.047110 1.447610 -0.021513 -0.819472 -2.045788 0.127678 -0.838420 -0.493865 
-0.407927 0.149715 -0.309670 -1.718611 -1.295224 0.779074 -0.637524 -0.315995 0.959602 0.496637 -0.184994 -2.123266 1.591330 -0.154238 0.119544 -5.476803 
-0.900018 1.415554 -0.220206 0.070133 -2.116210 -0.735541 0.591099 -0.123002 0.677379 0.114962 -2.911360 1.425350 0.027613 0.487485 0.044782 0.146356 
0.067503 0.054597 -0.350531 -1.121183 -0.361198 0.284873 -0.734170 -0.240776 -0.454989 0.196560 -2.563357 0.153691 0.163791 0.668744 -0.983050 0.003179 
-0.026869 0.741775 0.113154 0.162691 -1.932806 -0.642309 0.592306 0.133266 1.149576 -0.783466 -1.050624 0.339527 -0.423480 -0.287127 -0.680359 0.518041 
0.185905 0.237992 0.206972 -0.382396 0.587540 -0.408153 -1.035242 0.201006 0.132371 0.474717 -0.394774 0.088879 -0.061371 -3.414269 -1.073960 0.351836 
0.162535 -2.260721 0.391116 0.046671 0.169025 -0.106882 0.602924 -0.078722 -1.125975 -0.912307 0.585557 -2.684551 0.185746 0.362200 0.417714 -1.322666 
-0.120002 -0.344109 -0.022099 0.467438 -0.799063 -0.330132 -0.653163 -0.172012 -0.271031 1.225396 0.821221 -0.163315 -0.364935 -0.198338 -0.785167 -2.683815 
0.249341 -0.299295 -0.441555 -0.086372 0.920554 0.116645 -1.405802 0.341403 -1.558160 -0.299933 -1.295092 -2.182545 -0.379780 0.619774 0.631100 -2.784313 
0.411585 -0.007633 0.061413 -1.844830 -0.679973 1.057264 -0.364554 0.058331 0.021881 -1.129634 -0.848905 1.703125 0.073925 -0.176227 0.662240 0.186036 
0.136647 0.273150 -0.077928 0.443303 -1.293495 -1.094424 1.226962 -0.038649 -0.658098 -0.881890 -0.313931 0.589801 0.820668 -0.841326 -4.687648 -0.408161 
-0.565753 0.503252 0.367923 -0.545252 0.197903 0.277713 0.320352 -0.321023 -1.084828 0.086834 1.151058 -0.239826 -2.943783 0.243855 0.912358 -0.600832 
-0.266464 -0.622874 0.254312 0.756484 -0.700003 0.564849 -0.174397 0.413182 -0.404059 0.116584 0.593703 0.539741 0.240818 -1.988549 -1.048236 0.537874 
-0.166586 -0.126730 -0.344513 0.131147 0.000546 -0.152217 -0.242889 -0.169709 0.463829 0.298902 0.100630 0.520424 0.194516 0.484317 0.601041 -0.003872 
