0.456322 -0.459832 -0.238660 0.025637 0.397265 -0.335254 -0.565036 -0.307490 
0.329183 -0.168383 -0.117152 -0.203042 0.178013 -0.165104 -0.465651 -0.291887 
0.148137 0.323769 -0.058212 -0.095828 0.151455 0.172411 -0.441034 -0.282577 
0.082687 -0.047756 0.006225 -0.066887 -0.144935 -0.024351 -0.517679 -0.187725 
0.119064 -0.204138 -0.075577 -0.124783 0.119103 0.022392 -0.592449 -0.246935 
0.045175 0.013202 0.109661 -0.288360 -0.080239 -0.161413 -0.522831 -0.258234 
0.292012 -0.012766 0.087280 -0.321263 0.204801 -0.199741 -0.358807 -0.072920 
0.046350 0.184068 -0.000879 -0.199998 0.020319 -0.212474 -0.468961 -0.104140 
-0.160285 0.287844 -0.159913 -0.215720 0.107875 -0.072763 -0.351779 -0.052624 
-0.266818 0.054338 -0.061207 -0.244871 -0.269872 -0.036493 -0.022288 0.029867 
-0.369730 0.037345 -0.085781 -0.247006 -0.205759 -0.178131 -0.237566 -0.175494 
-0.276795 -0.077013 0.108156 -0.511018 0.037375 -0.406106 -0.197899 -0.026062 
-0.165723 -0.052590 -0.085010 -0.434716 -0.021096 -0.287366 -0.162786 0.040908 
-0.047071 0.030974 -0.196282 -0.083981 -0.049267 -0.390830 -0.214686 0.089672 
0.029195 -0.249473 -0.149122 -0.145297 0.058396 -0.382859 -0.155753 -0.301118 
0.039604 -0.068533 -0.038785 -0.310155 -0.364265 -0.100150 -0.165084 -0.170013 
0.004562 -0.021820 0.035004 0.021576 -0.420491 -0.195578 0.188375 -0.239588 
-0.036481 0.378978 -0.060596 -0.052785 -0.215988 0.053070 -0.050859 -0.496275 
0.063276 0.054127 0.145970 0.021805 -0.289195 0.041956 -0.089694 -0.047773 
0.142005 -0.073130 0.017752 0.024952 -0.295510 -0.147097 -0.038832 -0.076812 
0.079462 -0.014790 -0.257875 0.270569 -0.099483 -0.038948 0.065500 -0.134563 
0.178557 -0.311242 0.036397 0.103067 -0.232234 -0.333065 0.161729 -0.062259 
0.211742 -0.318730 -0.007216 0.003208 -0.052933 -0.457531 0.189259 -0.060216 
0.080787 -0.298747 0.192128 0.264469 -0.200990 -0.528873 0.511730 0.278240 
-0.228480 0.012899 -0.145725 0.091962 -0.351547 -0.661277 0.138782 0.119982 
0.071511 0.205656 -0.153106 0.072029 -0.507375 0.000416 0.228928 0.428856 
-0.200254 0.227501 -0.067450 -0.091388 -0.587816 0.105683 0.129413 0.132824 
-0.053197 0.244695 -0.036344 -0.026869 -0.324150 0.173013 0.267156 0.102357 
-0.453208 -0.061040 0.027323 0.173841 -0.257304 0.265219 0.382255 0.245731 
-0.214277 -0.072184 0.213001 0.223656 -0.208986 0.024155 0.187954 0.287503 
-0.185859 -0.278124 0.243601 0.043477 -0.257617 -0.040345 0.323970 0.185756 
-0.351947 -0.372267 -0.043274 0.041827 0.034060 0.016923 0.337797 0.260201 
-0.147958 -0.245020 0.076275 0.018959 0.101668 0.182249 0.267866 0.172683 
-0.328105 0.132858 0.072353 0.036744 0.140356 0.283398 0.232116 -0.085257 
-0.522209 0.080853 0.055130 0.039651 0.384666 -0.010929 0.093971 -0.141005 
-0.505074 0.021657 0.028799 0.456432 -0.032694 -0.117443 -0.035462 -0.244206 
-0.288592 0.149310 0.050136 0.251485 0.094694 -0.200202 -0.171164 -0.035135 
-0.631767 0.241654 0.256299 0.417019 0.161996 -0.139469 0.013699 -0.006878 
-0.767101 0.362818 0.289009 0.328886 0.206963 -0.232579 -0.272358 -0.080683 
-0.711779 0.415861 0.688521 0.850916 0.313642 -0.257137 -0.207096 -0.125476 
-0.607227 0.136863 0.456652 0.913384 0.403130 -0.458322 -0.083324 0.061090 
-0.603956 0.188727 0.585834 0.784008 0.618627 -0.402821 0.116333 0.391490 
-0.011098 0.193153 0.500586 0.834209 0.808049 -0.398610 0.086877 0.207611 
0.017780 0.049151 0.459410 0.761229 0.837308 -0.204835 -0.051160 -0.096808 
0.143991 0.003626 0.388566 0.768588 0.535971 0.129527 0.043048 -0.214486 
0.401389 0.169473 0.339254 0.775432 0.415921 0.432747 -0.268578 0.028576 
0.560894 -0.044564 0.257012 0.597824 0.395336 0.617945 -0.176412 0.156045 
0.536781 0.169000 0.138340 0.696117 0.229838 0.665726 -0.052289 0.165308 
0.155098 0.105838 0.035262 0.279377 0.359096 0.820110 0.282055 -0.140048 
0.109941 -0.092789 0.018211 -0.081339 0.534923 0.682111 0.416389 0.088484 
0.078378 -0.068533 0.198339 -0.076627 0.428182 0.779661 0.414389 0.183742 
0.015724 0.145055 0.062556 -0.431005 0.656295 0.922927 0.711828 0.192856 
-0.148095 -0.298697 -0.545464 -0.595400 0.412152 0.758133 0.728694 -0.002686 
0.175672 -0.005477 -0.552664 -0.556631 0.202291 0.697986 0.974842 -0.058853 
0.307488 -0.074408 -0.678172 -0.274993 0.415445 0.326353 0.888202 -0.068600 
0.158877 0.005646 -0.857877 -0.281814 0.258331 0.394256 0.619982 -0.189138 
-0.044039 0.307106 -0.372378 -0.179458 -0.131536 0.381640 0.849576 -0.148606 
0.148132 0.088389 0.096639 0.206517 -0.559253 -0.033810 0.647851 -0.094200 
-0.122338 0.241405 0.673219 -0.024209 -0.872443 -0.820623 0.660918 0.245219 
-0.101178 -0.017874 1.046837 0.127080 -0.787665 -1.020424 0.802880 0.209742 
-0.334612 -0.193931 1.083162 0.434379 -1.003163 -0.855168 0.805111 0.043944 
-0.432182 -0.211446 0.699923 0.211074 -1.010175 -0.423055 0.635934 0.115733 
-0.446359 0.239196 0.425854 0.055479 -0.757137 -0.090107 0.366277 -0.170738 
-0.286613 -0.014216 0.218470 -0.197662 -0.789287 0.002307 0.455595 0.066786 
-0.098212 -0.172618 -0.148280 -0.294524 -0.339389 -0.306285 0.120248 0.087693 
0.053980 -0.137394 -0.545237 -0.288490 -0.264042 0.128360 -0.069786 0.475264 
0.163641 -0.205338 -0.379112 -0.049017 0.078259 -0.240373 -0.401644 0.533727 
0.470730 -0.096901 -0.289535 -0.138769 0.079602 0.048778 -0.425933 0.558527 
0.885885 -0.101481 -0.283701 -0.186839 0.332733 0.293447 -0.532946 0.360365 
1.090585 -0.410149 -0.136431 -0.220132 0.639841 0.192101 -0.613018 0.506021 
0.953664 -0.088281 -0.307129 -0.237529 0.492045 0.125674 -0.473694 0.099151 
0.718894 -0.074461 -0.112454 0.460995 0.442363 0.109427 -0.512308 -0.255500 
0.501825 0.203899 0.178452 1.162527 0.202791 0.087867 -0.948994 -0.131851 
0.364702 0.106625 0.884783 1.142079 0.407584 0.211223 -0.765721 0.253744 
0.312632 -0.024073 1.093988 0.412458 0.631386 0.428143 -0.776919 0.315841 
-0.078900 0.126161 1.286729 0.199260 0.555741 0.712409 -0.499478 -0.194145 
-0.677752 0.141361 0.552399 -0.129191 0.701411 0.827090 -0.569923 -0.812243 
-0.713117 0.320319 -0.147103 -0.957673 0.644307 0.415491 -1.033609 -1.092667 
-0.686882 -0.149471 -0.678011 -1.654875 -0.424347 -0.052863 -1.016847 -1.128854 
-0.371907 -0.282657 -0.816604 -1.707335 -1.664588 -0.881784 -0.426478 -1.157650 
-0.178055 -0.761525 -0.886987 -1.439868 -2.144519 -1.302092 0.143140 -1.409432 
0.161604 -1.525671 -0.509503 -1.108892 -1.855703 -1.306487 0.524974 -1.237217 
0.205497 -1.577501 -0.357357 -0.897919 -0.624545 -0.922688 -0.284444 -0.688697 
0.228454 -1.351690 -0.100160 -0.319472 0.719745 -0.452091 -0.467498 -0.134940 
0.129308 -1.187039 -0.080897 0.103944 0.724201 0.302126 -0.420997 0.274242 
-0.066108 -0.488884 -0.337964 0.283338 0.111842 1.198152 -0.319497 0.462728 
-0.335641 0.399279 0.112178 -0.072210 -0.494765 1.209579 0.152440 0.216895 
0.253666 0.759526 0.258882 -0.517301 -0.242005 0.873346 1.076861 0.223807 
0.625339 0.855322 0.348390 -0.072284 0.097882 -0.203296 1.647906 0.308021 
1.066699 1.710124 0.041918 0.659966 -0.393234 -0.778015 0.987485 1.195915 
0.622937 1.792402 -0.410606 1.183873 -0.420993 -1.208679 0.207506 1.153969 
-0.065708 1.616581 -0.678847 1.410727 -0.121651 -1.406775 -0.487946 0.672765 
-0.704899 1.271722 0.054703 0.929275 0.342996 -1.170844 -0.865443 0.214078 
-0.607426 1.311893 0.629994 0.697698 0.516536 -0.910413 -1.061675 -0.228947 
-0.030823 2.034645 0.638356 0.412328 0.223185 -0.324667 -0.518574 -0.595124 
0.431066 1.592105 0.120052 0.621265 0.255540 0.608231 0.600295 -0.589517 
0.692042 0.808269 0.210175 0.166342 -0.194005 0.482207 0.583710 -0.204474 
0.780166 -0.122658 -0.434368 -0.353917 0.574202 0.041374 0.520815 0.546873 
0.734611 -0.384165 -0.799175 -0.779696 1.009053 -0.340935 0.713188 0.629347 
0.406374 -0.785779 -0.062853 -0.560801 1.193527 -0.679466 -0.046835 0.083936 
0.129449 -1.025441 0.670997 -0.425634 0.910743 -1.259602 -0.938913 -0.678396 
-0.558897 -1.011991 0.810012 -0.408747 0.329179 -1.178053 -1.225268 -0.716173 
-0.856322 -0.654488 0.491691 -0.994984 -0.023997 -0.827949 -0.944309 -0.732101 
-0.656249 -0.522842 0.068960 -1.092576 -0.868592 -0.838521 -0.715706 -0.755569 
-0.757357 -0.582825 -0.659322 -0.577057 -1.062253 -0.934277 -0.081213 -0.703724 
-0.766897 -0.700913 -1.254256 -0.297098 -1.221462 -0.390054 0.349986 -0.532446 
-0.548241 -0.689598 -2.009732 -0.600436 -0.787279 -0.193279 0.732492 -0.280558 
0.232458 -0.440433 -2.076609 -0.996655 -0.294829 0.199365 0.836639 0.063436 
0.799401 0.083679 -1.893111 -1.402319 0.435152 0.446407 0.330599 0.419442 
0.962062 0.388928 -1.639653 -1.480752 0.347815 0.819717 0.281148 0.680824 
1.023258 0.657396 -1.240437 -1.263056 0.781486 0.594484 0.309614 0.297847 
0.972230 0.344268 -0.939777 -0.793105 0.173097 0.385219 -0.057408 0.414794 
1.087325 -0.009181 -0.569793 -0.417961 0.138233 0.601961 0.017131 0.278756 
0.845951 -0.347921 -0.075468 0.121665 -0.054565 0.269050 -0.395054 0.186045 
0.871594 -0.315000 0.110228 0.359304 -0.132921 0.197084 -0.496720 -0.030030 
1.231960 -0.417782 0.199762 0.446251 0.102685 0.414230 -0.449337 -0.052546 
0.999933 -0.434538 0.199109 0.138208 0.348221 0.219822 -0.427856 -0.033863 
0.830273 -0.319163 -0.098346 0.042157 0.534361 0.469256 -0.247145 0.103871 
0.514197 -0.063813 -0.373653 -0.178427 0.484330 0.535414 -0.220962 -0.090232 
0.256344 0.313217 -0.658002 -0.039178 0.282260 0.471467 0.113875 -0.166423 
0.036143 0.434583 -0.482608 -0.290574 -0.268061 0.246474 -0.181413 -0.287894 
0.020776 0.478669 -0.195475 -0.397960 -0.178455 -0.004377 -0.446751 -0.190418 
-0.040524 0.208063 -0.251114 0.114305 -0.280166 -0.268075 -0.234974 -0.442469 
-0.168906 0.037838 -0.231211 0.061655 -0.295855 -0.505455 -0.060500 -0.369165 
-0.411351 -0.140897 0.106205 0.057868 -0.105915 -0.845722 -0.185230 -0.445631 
-0.353793 -0.180119 0.139860 0.151623 0.135033 -0.492490 0.078507 -0.307177 
-0.704117 -0.268872 0.350157 -0.076274 0.208717 -0.235188 -0.334560 -0.089836 
-0.406827 -0.460488 0.315373 0.021162 0.077242 -0.148685 -0.288561 -0.237658 
-0.320508 -0.308449 0.505770 0.255537 -0.322524 0.010717 -0.712970 -0.028741 
-0.488084 -0.488857 0.656362 0.040275 -0.308129 0.193135 -0.781583 -0.084172 
-0.481718 -0.121747 0.540209 -0.132469 -0.354933 0.225066 -0.826525 -0.133844 
-0.398030 0.245753 0.460630 -0.190787 -0.314298 -0.075229 -1.041022 -0.158066 
-0.333810 0.277523 0.347476 -0.111908 0.017143 0.113180 -0.570783 -0.283483 
-0.429084 0.312554 0.174338 0.276898 0.117225 -0.070753 -0.458294 -0.055421 
-0.201825 0.150115 0.265995 0.272368 0.252859 -0.059634 -0.068383 0.225595 
-0.373315 -0.109351 0.330092 0.325103 0.385113 0.022524 -0.021090 0.186739 
-0.182020 -0.127302 0.393308 0.504481 0.110040 0.066231 0.087707 0.207323 
-0.059558 0.019757 0.342815 0.319488 0.220097 0.060655 0.219437 0.395048 
-0.143422 -0.058628 -0.027771 0.345903 -0.056841 -0.280448 0.012892 0.220731 
-0.010060 -0.071543 0.034608 0.531917 -0.085453 -0.545634 0.131659 0.244153 
0.116322 0.170659 0.310712 0.406579 -0.355485 -0.239277 0.223091 0.009522 
0.224815 0.264439 0.165422 0.161269 -0.599097 -0.090454 0.074958 0.074047 
0.047547 0.239096 0.335441 0.101524 -0.357865 -0.146813 0.115538 0.108974 
-0.114381 0.147900 0.063907 0.123533 -0.118791 -0.258359 -0.065539 0.009047 
-0.199590 -0.180916 0.193518 0.076791 -0.089633 -0.382056 0.148223 0.188341 
-0.217354 -0.046905 0.274433 -0.001732 -0.212139 -0.151489 0.059455 0.234550 
-0.035696 -0.070163 0.105057 -0.047174 -0.138837 -0.012556 0.179463 0.234919 
-0.205965 -0.177464 0.274785 0.297355 -0.151372 0.147881 0.288070 0.330216 
-0.313524 0.069467 0.128491 0.203467 -0.342998 -0.042476 0.320005 0.352822 
-0.113787 -0.042115 -0.189474 0.146214 -0.299877 0.154301 0.579899 0.277503 
-0.220227 -0.007551 -0.251039 0.091356 -0.182302 0.168439 0.738604 0.173373 
-0.144963 0.076353 -0.252446 -0.033767 -0.263745 0.437120 0.647317 0.311788 
-0.069603 -0.025902 -0.290862 -0.026918 -0.267677 0.345183 0.458228 0.523697 
-0.255623 0.118727 -0.277466 0.350957 -0.289695 0.487433 0.521929 0.353985 
-0.353242 -0.002679 -0.304404 0.277104 -0.344094 0.268110 0.389374 0.574847 
-0.438198 -0.076658 -0.077867 0.149705 -0.553374 0.067913 0.530672 0.326965 
-0.274191 -0.147673 -0.058729 -0.010205 -0.426904 0.297242 0.514569 0.306310 
-0.067649 -0.069946 -0.025952 0.020307 -0.579236 0.021484 0.135831 0.368169 
-0.336827 -0.105937 -0.115581 0.077273 -0.438351 0.177815 0.229918 0.317137 
-0.384734 0.014673 -0.001576 0.231973 -0.373415 0.360067 0.268784 0.223816 
-0.268268 -0.085077 -0.158698 0.418398 -0.428827 0.267800 0.121784 0.216286 
-0.170543 0.077101 0.099212 0.147706 -0.300642 0.371665 0.323151 0.211463 
-0.146419 -0.155719 0.209444 0.441135 -0.133396 0.208716 0.436371 0.165451 
0.141235 -0.010680 0.297397 0.298228 0.297591 0.251508 0.142791 0.194272 
-0.201790 0.125806 0.434242 0.058584 0.212392 0.283403 -0.019995 0.268996 
-0.087042 0.108912 0.594170 -0.089237 0.282929 0.315271 -0.395630 0.302220 
0.074344 0.099652 0.327492 0.298491 0.290604 0.293125 -0.267806 0.082310 
-0.271059 0.106979 0.408605 0.588387 0.385228 0.330906 0.093537 0.185830 
-0.166657 0.022895 0.135008 0.548675 0.251944 0.357697 0.431172 -0.102774 
-0.195572 0.099000 -0.013432 0.596385 0.204232 0.193369 0.197683 -0.174630 
-0.085716 -0.033291 -0.057002 0.566346 0.242255 -0.110050 -0.234756 0.082259 
0.115949 -0.339504 0.113189 0.119865 0.310805 -0.041344 -0.218974 -0.125620 
0.176676 -0.004720 0.193678 0.134118 0.431614 0.046984 -0.123820 -0.142884 
0.158249 -0.094276 0.301377 -0.167667 0.365356 0.014108 0.059012 -0.182248 
0.163049 -0.042443 0.244234 -0.177290 0.486422 0.067783 0.036932 -0.387001 
0.074268 -0.114389 0.070023 0.230538 0.323195 0.008500 0.189258 -0.562267 
-0.156995 -0.281466 -0.031053 0.229370 0.590225 0.245719 0.334746 -0.675856 
-0.249660 -0.023142 0.118103 -0.323357 0.365499 0.249989 0.040483 -0.451502 
-0.147863 0.074077 0.590996 -1.027562 0.750451 0.383615 -0.255664 -0.292710 
-0.189752 0.116418 0.452033 -1.551908 1.033108 0.317732 -0.189911 -0.119700 
