-0.497487 0.525081 0.441496 -0.418495 -0.293128 -0.981632 -0.191006 0.303966 -0.852185 0.504580 0.286131 -1.386083 -1.449304 0.232843 0.418874 -0.549210 
-0.658952 -0.550123 0.362148 0.744810 1.057355 -0.569003 -0.067969 -0.186835 -0.130364 -0.570635 0.925507 -0.562671 -0.783862 0.820869 -0.068431 -1.936292 
0.155431 0.275760 0.046695 -0.155344 -0.196478 0.183552 -0.625138 -0.153424 0.157692 0.033869 -1.694966 0.250850 0.167695 -0.220139 -1.232158 0.371368 
0.830170 0.687108 0.412148 -0.799380 0.022286 -3.177073 -0.882350 0.234172 -3.148361 -0.000328 0.091423 0.963486 -0.396093 -0.616388 0.399909 0.141958 
0.821868 -0.813094 -0.570003 1.130728 -0.327822 1.589049 -0.665563 -0.667754 -1.783717 0.051470 -0.038016 -0.490959 -1.139099 0.209311 -1.554811 -0.629928 
0.067517 -0.059069 -0.294274 0.859742 -0.341380 0.047881 0.250433 -0.156245 -0.008949 -0.174769 0.023034 -0.080336 -0.521452 -0.084190 0.543594 -0.036122 
-0.126503 -0.376666 0.307916 -0.166174 0.210174 -1.217182 -1.024119 0.325341 0.453962 0.910347 -0.221733 -0.844841 -0.505522 0.553637 -0.827442 -0.165504 
-0.835584 0.926031 0.431166 -0.136049 -1.938582 0.683840 0.187478 -0.338150 -1.677972 -0.605340 0.971847 0.237036 -2.362797 0.284790 -4.621224 -1.469690 
-0.515121 0.083488 0.513399 0.011486 -0.044949 0.863909 -1.291938 0.105889 -0.412926 1.021918 0.099296 -0.501187 -0.395411 0.272670 -1.055686 -0.284983 
0.080471 -1.219023 -0.470457 0.329526 -0.240997 -0.057479 0.283554 0.278537 1.322031 0.343148 1.121009 -0.357386 0.143786 -0.263256 -0.820997 0.048109 
0.351169 -0.471792 0.217128 0.126030 0.458570 -0.861620 0.617064 0.380157 -0.145934 -1.639120 0.085373 -0.522776 -0.406988 -0.543915 -2.415424 -0.596712 
0.177823 0.396110 -0.913624 0.106760 -0.109049 -1.110906 -2.387272 -0.267124 0.365868 0.474568 -0.966045 0.885052 -0.130069 -0.765260 -0.765745 -0.098503 
0.083441 -0.411166 -0.648732 0.027499 -0.094332 0.341404 0.797772 -0.923673 0.123788 -0.579822 1.043681 0.047508 0.305498 0.841709 0.455656 -0.153623 
-0.175951 0.576206 -0.320986 1.064602 -0.582172 -0.012680 -0.396570 0.489335 0.637414 0.153368 -0.247170 1.702394 -1.067056 -0.282371 -1.935030 -2.308848 
-0.278376 -0.168677 -0.491878 0.227810 0.399060 -0.333829 0.796165 -0.256925 -0.402712 -0.027116 -0.388561 0.475700 0.676978 0.330778 -0.296812 -0.889630 
-0.511673 0.550414 -0.006179 -0.223462 0.957205 0.021360 0.599710 0.288121 -0.355126 -0.830045 -0.546076 -0.704448 -1.040327 0.517824 0.867834 0.174260 
0.199361 -1.461929 -0.136713 -1.491664 1.344099 0.418474 -2.056699 0.399754 -1.129681 -0.578161 -0.205785 -2.906983 0.178583 0.020490 -0.591294 -0.842013 
0.149150 0.169220 0.060587 -1.859625 0.282600 0.298403 -0.595916 0.234902 0.252644 -0.633379 -1.277620 -0.207521 0.173633 0.518890 0.015427 -0.039192 
-0.300404 0.404505 0.371051 0.263495 -2.229488 -1.934476 -1.127044 0.296606 -1.605775 -0.157559 0.196600 0.906295 -0.951181 -0.086463 0.278410 -0.177692 
-0.323623 -0.416694 -0.597053 -0.490622 0.801709 0.357049 0.018534 -0.061994 -1.082991 0.688051 -0.244935 -0.865298 -0.299059 -0.315713 -4.508183 -1.300380 
0.257217 0.090182 -0.114033 -1.189784 -3.096418 -0.478379 0.324261 -0.099295 -0.916295 0.514456 -0.154928 -0.258730 0.147185 0.509147 0.891911 0.497638 
0.166383 -0.039659 0.247716 -0.306264 -0.377736 0.530335 -1.415861 0.049700 0.142557 -1.999065 0.418292 -0.333531 0.230677 0.326016 -2.609200 -0.084292 
0.202150 -0.453495 0.273699 0.803486 -1.213606 -0.129771 0.714480 0.151364 -0.300734 -0.990454 0.155797 -0.693625 -0.145637 0.474303 0.048425 -1.344730 
0.425854 0.196788 -0.273516 0.295169 0.531677 -0.156168 -0.030890 -0.267062 0.427524 -0.387266 -2.327562 0.459753 0.582493 -0.521727 -0.366623 0.275235 
0.256021 0.088931 -0.654385 -0.491501 0.202790 -0.185085 0.040775 0.466505 -0.547218 0.401002 -0.069060 0.385987 0.490167 -0.130598 0.741087 -0.177183 
0.294931 0.292294 -0.298857 -0.831587 0.256929 -3.599958 -1.939069 0.002042 0.369281 0.039619 -0.164804 0.305277 0.134501 -0.080026 -0.317734 0.265580 
-0.382807 0.282133 0.441809 0.237558 -0.273211 -0.618700 0.323904 0.680381 -1.760013 -0.039361 0.434156 -2.520455 -1.553668 0.215863 -0.087782 -1.075534 
0.680923 -0.237541 -0.323995 -0.484490 -0.565333 0.416406 0.376156 -0.157337 0.004162 -0.008304 0.352811 -1.790753 -0.281238 -0.498037 -1.665930 -0.088846 
-0.016893 0.129052 0.321842 -1.050729 -1.393772 0.708908 0.577249 0.005439 0.181470 -0.087875 0.035378 0.313386 -0.194632 0.425204 -1.033399 -1.422689 
-0.256305 -0.218332 0.323023 -1.064344 0.373636 -0.000295 -0.526342 0.405881 -0.911063 0.317894 -0.929233 -2.620753 -0.742351 -0.267199 0.228437 -0.069415 
-0.040760 0.092388 -0.393742 -0.159126 0.354227 -0.369653 0.598819 -0.019637 0.339879 -0.011564 -0.055447 1.139028 -0.011708 0.467361 0.508340 -0.275817 
0.098963 -0.292435 -0.032141 0.454812 0.195593 0.116350 0.028342 -0.024061 -0.521064 -0.029940 -0.092082 -0.277614 0.068684 0.086281 1.023551 -0.174222 
-0.960205 0.103048 0.380907 -0.410527 -0.633242 -0.475163 0.104303 0.302264 -0.068592 -0.913804 0.448311 0.410541 1.015422 -0.094025 -0.017741 0.038736 
0.228374 0.109649 0.000244 0.555870 -0.114028 0.145143 -0.497746 -0.115390 0.084320 0.436414 -2.130602 -0.007145 -0.151585 0.273045 -1.139948 -0.003070 
0.724553 -0.985541 0.141005 -0.414246 -0.508378 0.195237 0.749732 0.048582 0.198107 -0.142280 -0.804545 0.144935 0.451193 -0.526882 -0.056725 -1.042747 
-0.313698 0.549618 -0.372569 0.810504 0.404193 -0.428251 -0.001521 -0.505632 -0.650012 0.815277 -1.302072 0.812381 -0.610082 -0.065271 -3.715640 -0.082346 
-0.154056 1.451153 -0.023967 -0.535774 -1.481672 -0.253142 0.463135 -0.696450 0.044257 -0.671949 0.509669 0.893136 0.571774 0.232941 -1.460859 -5.190053 
-0.081437 1.372106 -0.542811 -0.139552 -0.137864 -0.242717 -0.039559 -0.054464 -2.528646 0.018612 -2.001810 0.244109 0.172732 -0.445396 0.713901 -0.119020 
0.394352 0.293336 -0.483546 0.535895 -0.842702 0.365656 0.834899 -0.380620 0.667636 -0.264348 -0.233189 -1.670304 -0.932902 -0.321709 -0.937920 -0.576881 
-0.576332 -0.362228 0.359631 0.541935 0.504893 0.896350 0.328525 -0.354941 0.012028 0.482348 0.537923 -0.582963 -3.181311 -0.085767 -0.396832 -2.178708 
-0.127817 0.043050 0.043179 0.766563 0.222070 -0.522838 -0.821595 0.193722 0.090690 -0.266116 -1.262291 0.325373 -0.015679 0.397108 -0.878685 -0.867103 
0.076939 0.007823 -0.151853 -0.582218 -0.218699 0.071432 -0.123949 -1.421172 -0.081593 -0.852333 -0.059146 -0.251055 0.801207 0.464018 -1.114372 -0.152176 
0.242765 0.204280 0.178940 -0.163479 -0.742621 -0.318677 0.291809 0.184353 -0.285117 -0.434898 0.754797 -0.377033 -1.469625 0.958211 0.345065 0.441661 
-0.235250 -0.148799 0.140189 0.550009 0.938563 -0.926682 0.375093 0.074589 -0.042846 -0.925207 0.372369 -0.315935 0.194798 0.586348 -1.027701 -0.154255 
-1.068600 0.379357 -0.106468 -0.123625 2.100038 0.134097 0.145327 -0.292016 -1.255802 -1.434242 0.316013 -0.958543 0.581458 0.466996 0.141877 -1.324568 
0.030995 -2.316040 0.675801 -0.085859 0.830127 0.184181 0.373992 0.204098 0.127039 0.165029 -0.720953 -2.166317 0.569942 -1.148778 -2.261608 -0.014064 
0.409576 0.078389 0.118499 -0.307283 0.334313 1.261234 0.076164 -0.542520 -0.089991 0.497576 -2.744427 -0.416163 -0.612991 -0.506590 -0.363896 0.356188 
0.039075 0.076243 -0.039343 -0.503531 0.263186 -1.418277 -0.869241 0.204286 0.393908 0.231617 -0.121225 0.148752 0.057046 -3.539091 -0.593152 0.119471 
0.222070 -1.218655 0.175465 0.455571 -1.810095 0.038640 -2.807188 0.148199 -0.497522 -0.444006 -0.284304 -1.135881 -0.485622 0.442248 0.521262 -0.927776 
0.194323 0.179069 -0.546720 -0.980940 0.378237 0.467049 -0.303473 -0.058096 -0.288064 0.880487 0.249166 -0.098314 -0.877218 0.324886 0.013776 0.239270 
0.203000 -0.609197 -0.156826 -1.058279 -1.033975 0.354721 -0.033314 0.008678 -0.739430 0.052285 -0.248967 -0.925234 -0.009247 0.338062 -0.584178 -2.693539 
-0.262834 -0.728175 0.574570 -0.178488 -3.614762 0.540789 -0.512824 1.188768 -0.666154 0.246471 -0.558551 1.032991 -1.804106 -0.005730 0.514716 -1.115859 
0.797069 -0.240242 0.188012 -1.116517 -1.815571 0.390088 0.570811 0.107363 -1.207940 -1.446265 0.393812 0.140840 -0.867718 -0.189961 0.462835 0.557389 
0.738468 0.141248 -0.269150 -2.369328 -1.857575 -0.027538 0.186243 -0.133301 -0.983023 0.040932 -0.778751 0.038086 0.031266 -0.405624 -1.346517 -0.367088 
0.108209 -0.027320 -0.133266 -0.741543 0.838078 0.154791 0.307858 -0.319031 0.055260 0.477541 0.575317 -1.324268 -0.552547 -0.398930 0.757188 0.073922 
0.353096 0.036604 -0.128911 1.174406 0.148654 -0.467770 1.167885 0.126203 -1.738447 -0.207448 -0.522819 0.421020 0.726909 -1.390574 -4.317925 -0.446830 
0.193198 0.334359 -0.315750 -0.694044 -0.224126 -0.307151 0.453805 0.430423 -0.177435 -0.100219 -0.410966 0.643670 0.270135 -0.972029 -2.215562 -0.124432 
-0.289854 -0.245611 0.092032 0.241122 0.351326 -0.056715 -0.643262 -0.255406 0.461031 0.473727 0.629450 -0.463302 -0.085493 -0.563936 -0.276843 -1.420013 
-0.108457 -1.065378 0.066434 0.338423 0.693178 -0.317644 -0.393387 0.052285 0.865169 0.127346 0.032620 -1.464918 -0.589921 0.177667 -0.105133 -1.787177 
0.447573 0.073175 -0.171855 -0.490875 -1.036017 0.529312 -0.022547 0.144909 0.090865 0.078169 0.160105 -0.307568 -0.025429 -0.540711 -0.642727 -0.154282 
0.452217 -0.839461 -0.149861 1.069477 0.751687 0.688244 -0.455100 0.212718 -0.315257 -0.407095 -0.146397 0.006666 -0.464057 -0.278266 0.643771 -0.686590 
0.061040 -0.872402 0.488818 0.527675 -0.422143 -0.007117 0.148175 -0.287344 -1.979719 1.015838 0.691980 -0.408513 -0.158250 -1.000728 -0.206187 -0.924409 
0.066622 -1.297398 0.415774 0.610243 0.611059 -0.130597 -1.039601 0.439324 -2.854093 -1.624467 1.122166 -2.683886 -3.414464 -0.614913 0.936551 -0.742350 
-0.000912 0.064922 0.295856 0.256022 0.404636 -0.067340 1.121520 -0.573779 -0.467427 -0.400483 0.069881 0.181162 -0.077702 -1.563896 -1.362416 0.158433 
1.158077 -0.255461 -0.164656 -0.168990 0.180884 0.261503 0.427232 -0.172550 -1.248256 -0.418188 -0.403109 -2.472021 -0.494638 0.191541 0.134000 -0.446435 
-0.824124 0.235837 0.106614 -0.826632 2.162674 0.410408 0.102561 0.198485 -0.780574 0.489229 0.621986 0.302909 -3.190618 0.203054 -0.014323 0.403366 
0.547607 -0.348689 0.696344 -1.638356 0.669748 0.548254 0.113149 -0.228083 -0.046778 -1.717581 -0.890838 -1.555111 -0.531925 0.723771 -0.685650 -0.429487 
-0.179466 -0.038005 -0.120026 0.652555 -0.369998 -0.656145 -0.296149 -0.244395 0.282894 0.496831 -0.165740 -0.310538 -0.089651 0.929101 -0.363306 -0.571064 
-1.139472 -0.199849 0.143248 1.250303 -1.567719 -1.208253 -0.223024 -0.208638 -2.639404 0.772988 1.389620 0.838149 -0.919040 0.282694 -2.393229 -0.326678 
-0.352563 -0.498940 0.355828 -0.383763 -0.416870 0.139951 -2.241217 0.196014 -1.113362 0.077508 -1.081602 0.354808 0.379746 -0.228091 0.150299 -0.020045 
0.276297 -0.309338 -0.199974 -1.018205 -1.181810 -0.052971 0.010542 -0.522616 1.554073 0.951932 0.114423 -0.443823 -0.544337 0.183134 -0.130817 -2.884604 
-0.166099 1.352102 0.268046 0.164586 -0.911397 0.016266 0.654571 0.164548 0.076312 -0.309723 -0.435105 -0.479771 -1.339816 0.209875 -0.034179 0.039066 
-0.646387 0.274825 0.177231 0.351551 1.527249 0.245932 -0.256295 -0.116989 -1.355789 0.243074 -0.398642 -3.932981 0.182399 0.337455 0.600626 -4.829812 
-0.093433 -0.585543 0.383946 -0.416157 0.351550 -0.231232 -1.149273 0.322684 -0.157859 0.327859 0.338300 0.019629 -1.026811 -0.753060 -0.272796 0.086772 
-0.406150 0.376464 -0.059991 1.736744 -1.778888 0.064248 -0.073272 0.294523 -1.246564 -0.723856 -1.443915 -0.131219 -0.469187 -0.275812 -0.241286 0.459709 
-0.224544 0.140008 -0.395097 -0.145961 -0.153626 -0.619374 -0.617199 -0.787326 0.848331 0.375244 -0.643718 0.285887 1.064865 -0.115945 0.188781 -3.037210 
0.755580 -0.332342 -0.336079 0.658510 -2.242256 0.613614 -0.214662 -0.130649 -0.713753 0.224928 -0.310892 -0.368397 -0.400847 0.863054 -4.399810 -2.102401 
-1.346669 0.848010 0.162363 0.146536 0.081123 0.063339 -0.502158 0.168868 -1.974337 0.290304 0.133344 0.424000 0.234659 0.042093 0.238355 -0.649904 
0.051633 0.103251 0.474450 0.875098 0.595284 0.126123 -0.024181 -0.317280 -0.298830 -0.638242 -1.279407 -0.145145 -1.196646 -0.079866 -0.950066 0.173120 
-0.657746 0.267408 -0.262753 -0.508998 1.141175 0.489912 0.431163 -1.229785 -1.641123 -0.800125 0.261462 -7.995980 1.278328 -0.021106 -0.572444 -0.868366 
0.377423 -1.111339 -0.138982 0.172197 1.069114 0.502597 0.035374 0.282153 -0.203776 -0.377240 -0.350521 -2.755039 0.030137 0.221132 -0.126053 -6.101821 
0.242099 -1.177540 -0.186609 0.447497 0.969111 0.477364 -0.576294 -0.130390 -0.477250 0.636007 -0.303106 -1.085439 -0.315638 -0.763388 -0.574490 -0.912775 
0.179792 -0.615571 -0.065545 -0.541507 -0.424947 -0.097862 0.536050 -0.308450 0.442337 0.444106 0.067920 -0.499097 -0.111267 -0.227823 0.453431 -0.146019 
0.651542 -0.112802 -0.061324 0.701371 -1.205274 -1.207591 0.139173 -0.004485 -0.401404 0.788327 0.052398 0.290736 -1.250748 0.079392 -0.852482 -2.108671 
-0.049703 -0.424749 -0.074279 -0.754736 -1.480800 0.703770 -0.263163 -0.138892 0.254440 0.583356 -0.699095 -0.294750 1.617808 0.183737 0.149895 -0.536908 
-0.048803 0.046716 0.179002 -0.579846 -2.264056 -0.277924 -0.057954 -0.128153 0.002639 0.087901 0.110158 -0.207810 0.191441 -0.439586 0.508704 -0.427144 
-0.387683 0.110650 0.257213 -0.107916 -3.035225 0.816707 0.368242 0.348924 -1.080122 -0.810247 0.180598 -0.193161 0.538751 0.213201 -0.100710 -0.283583 
-0.261948 -0.435113 0.556955 0.864915 0.165107 0.191447 0.156407 -0.487587 0.332395 -0.185948 0.728530 0.136254 -0.531617 0.139807 -0.255433 0.196423 
-0.512064 -0.119645 0.291595 0.730637 -0.651110 -0.053726 0.308872 0.908596 -0.557401 0.023300 -2.311934 -0.020317 0.750150 -0.066768 -0.412617 0.011759 
0.072089 0.126192 0.035198 -0.668562 0.099890 -3.206453 -1.248382 0.179331 0.166124 0.303551 -0.091044 -0.005176 0.139701 -1.467562 -0.118115 0.154743 
