0.225365 0.226866 -0.125018 -1.247295 -0.277206 -1.235371 -0.093900 0.131454 -0.070025 -0.325908 -0.470625 0.182540 0.146022 -0.300678 -0.874704 -0.038836 
-0.029143 0.462030 0.038626 -2.078005 -3.501784 0.099493 0.662396 0.097944 -1.878805 0.296656 -0.478224 -0.446023 0.839746 0.057057 0.141478 0.071926 
-0.410585 1.231330 0.436276 -0.652753 0.826401 0.847283 0.556905 -0.087441 -2.485701 -0.556042 0.539953 -1.624378 -0.795788 -0.622751 -0.087000 -0.179933 
0.579131 0.489132 0.150627 -1.542840 -1.670603 -2.895408 -0.933246 0.300432 -2.494041 0.624516 -0.150170 0.878396 -1.083992 -1.615834 -0.135758 -0.284025 
-0.095737 0.983308 0.341080 -1.258497 -1.285301 0.616904 0.625053 -0.499804 -0.350731 -1.283607 0.691532 0.999897 -2.336471 -0.187688 -3.794201 -3.063961 
-0.216413 -0.414627 0.081358 -0.078680 1.082075 -0.897178 -1.477541 0.187175 -0.124857 0.253475 -0.404592 -0.334657 0.041499 -1.521155 -0.744757 -0.095229 
-0.397953 -0.239493 0.069480 -0.274670 0.608724 -0.416949 -0.925774 -0.710139 0.952097 0.941306 -0.302054 0.009754 -0.061587 0.025649 -1.603578 -0.639250 
0.075429 -0.234466 0.337582 -1.240399 -2.965379 0.661423 -1.500486 0.298004 -2.582285 -0.740777 -0.504523 -0.768811 -1.512084 0.314332 0.424931 -3.904439 
0.265894 -0.405750 0.183244 -1.899606 0.519653 0.951108 -2.134004 0.283762 0.266399 0.183404 0.715202 -0.333062 -1.679826 -0.790288 0.177717 0.599129 
-0.034871 0.150913 -0.254637 -0.315933 0.044607 0.150554 -0.791253 0.337687 0.441805 0.172127 -1.975661 0.411296 0.160144 0.310288 -2.261684 -1.295965 
-0.540063 0.454277 -0.110088 0.665386 -1.248333 -0.241800 0.002081 -0.419517 -2.945566 1.205913 -2.533453 -0.535721 -1.190672 -0.056743 -3.322185 -1.433969 
-0.675076 -0.199048 0.239857 -0.185762 -0.505967 0.275838 0.350166 0.329379 -0.722502 0.049914 -0.123473 0.693487 1.125098 0.094329 0.681692 -0.247839 
0.221699 0.400437 -1.036193 -0.489706 -0.513332 -0.660482 -1.762522 -0.027632 0.310077 0.738623 -0.448804 1.633347 0.229118 -1.571247 -1.209385 0.446586 
-0.873538 -0.113715 0.461190 0.259294 0.253513 0.194557 -0.041184 0.018943 -0.026351 -0.210877 1.007634 -0.112679 -0.884225 0.345926 0.148212 -1.161947 
0.431704 -1.002075 -0.310182 0.488751 1.248919 0.476664 0.546665 -0.360438 0.906177 -0.250491 -0.028001 -0.654375 0.041677 -0.196873 -1.293271 -0.631162 
0.139557 -0.707411 -0.135272 0.285125 -0.316431 0.220653 0.646975 0.029693 -2.319487 -0.659709 0.290385 0.121179 0.716563 -0.055600 -0.034742 -0.576571 
-0.691570 0.426468 0.112007 0.130437 1.433616 -0.000855 0.419868 -0.143500 -0.760472 -0.014393 -0.155243 -5.442924 -0.002724 0.263994 0.537478 -2.180254 
-0.307340 0.361486 0.106255 0.054611 0.100201 -0.512910 -0.450695 -0.130817 -0.616101 0.061565 -1.395317 0.319861 0.427357 -0.431681 -0.276743 -0.270195 
-0.652414 0.407691 -0.011092 0.383742 0.459598 0.213109 0.991948 0.259413 -0.469762 -1.352671 0.291251 -0.498072 -1.090724 0.191152 0.746999 0.625711 
0.245231 0.347524 0.040557 -0.537098 0.186832 0.352434 0.091394 -0.248696 0.005109 -0.216453 -2.617389 0.420910 0.166883 -1.178181 -0.793953 0.390146 
-0.359777 0.299725 0.434839 0.102915 -3.460574 0.556632 -0.528884 0.156078 -0.435004 -0.495023 -0.115727 -1.065499 0.739249 0.038877 0.136182 -2.748393 
0.039814 0.036114 0.265155 -0.117156 0.881301 -0.210165 -0.739227 0.213183 -0.174494 0.213080 0.000453 -0.413611 0.021680 0.429831 -2.655339 0.180299 
-0.362830 1.093378 0.350268 0.335318 -1.329880 -0.622980 -0.386247 0.147598 -3.138081 0.500158 -0.266441 -1.367891 -1.482978 -0.097207 -0.104527 -3.305502 
-0.251162 -0.880690 -0.364977 0.326475 0.149793 -0.156855 0.251693 0.142027 -1.544664 0.123522 0.122941 -1.162814 1.001561 0.140200 -0.506352 -0.120551 
0.636052 -0.618137 -0.558953 -0.888726 -1.321943 0.730542 -0.544221 -0.742738 0.590141 0.010106 -0.281367 -3.359554 0.012451 0.150027 -1.750829 -2.271692 
0.594984 -0.054402 -0.431042 1.033144 -0.686211 -1.354737 -0.384361 0.034634 0.242272 -0.960090 -0.603644 0.570777 0.324198 -1.164172 0.949655 -0.618154 
-0.107577 0.574097 -0.548342 -2.627576 -2.018040 0.417152 0.399897 -0.995257 -1.896673 0.025628 0.672858 1.029577 -2.620676 0.702162 -1.312669 -3.932325 
0.146190 0.026082 -0.071566 -1.324833 0.578212 -0.605104 0.829349 -0.043068 0.678711 0.051115 0.004411 -0.210896 -0.450716 -1.235750 -0.632909 0.246868 
0.142012 1.256143 -0.035681 -0.068636 -2.158032 0.130603 1.139441 -0.166339 -1.522979 -1.202149 0.202988 -0.668436 -1.667192 0.075128 -0.258895 -1.054148 
0.434122 -0.576361 -0.116020 0.188192 0.979020 0.234367 -0.368532 -0.085068 -0.552538 -0.252677 -0.619877 -2.417183 -0.274624 0.420623 -0.505686 -6.205156 
-0.497121 0.637280 -0.217790 -0.127674 -0.938992 -0.657851 -0.291801 -0.351842 0.191598 0.102666 -0.806871 1.371150 -1.021914 0.340830 -0.050074 -0.312720 
-0.064627 0.348919 0.287661 1.013389 -1.195437 -0.108092 0.093961 0.533482 -1.123550 -1.193697 -0.196354 0.966525 0.591661 -0.573690 0.044603 -1.288477 
0.344842 0.230687 -0.369952 0.015839 -0.231932 -0.172755 -0.231090 -0.590808 0.091142 0.124497 -0.791847 0.162344 0.430292 -0.115270 -0.937679 -0.760183 
0.028439 -0.137678 0.200636 -0.482054 -1.588310 0.366999 0.292093 -0.370112 0.134727 -0.165552 -0.153556 -0.156237 0.270999 0.233898 -2.818855 -0.971219 
0.289253 0.815867 -0.688546 -0.258162 0.444682 0.928396 -0.373086 0.049348 -1.146628 0.180499 -1.319728 0.611185 0.431448 0.015009 0.282975 -0.816743 
-0.517361 0.373690 0.283703 -0.039872 -0.162388 -0.150002 -1.681617 0.342667 0.377354 0.343307 0.180485 -0.040447 -0.170816 -0.874015 -0.255759 -0.033424 
-0.345336 0.065893 0.089683 -1.191194 2.999697 0.886685 -0.667570 0.073402 0.346832 0.538686 -0.427179 -2.018185 0.437040 -0.261375 0.713747 -6.675216 
-0.796983 0.458961 0.042165 0.544515 -0.754170 0.420804 0.264873 0.142570 -0.177149 0.153563 -0.527602 0.018169 -0.831284 0.471889 0.008352 0.250211 
-0.159447 -0.833493 -0.524391 0.889031 0.539906 0.490126 0.633278 0.161880 -2.805171 -0.029546 0.908343 -0.190304 0.605996 0.337764 -2.209736 -0.244512 
0.271949 0.592295 0.113234 0.655293 -1.176759 0.192487 -1.179345 0.127926 -0.084400 -0.201042 -0.233220 -0.139692 -0.433852 -0.448022 -2.034528 0.349267 
-0.927803 -2.096706 0.439897 1.157739 0.564590 -0.336469 0.246383 0.176585 0.348366 -1.971834 0.571639 -3.457167 -1.561048 0.396004 0.086296 -0.793629 
0.058489 -0.138947 0.104088 0.031192 0.251903 -0.358785 -1.140939 0.852314 -0.126808 -0.116807 -0.059282 -1.173953 -0.559358 -0.952168 -1.268618 0.183628 
0.215808 0.151091 -0.167102 -1.152351 0.524532 -0.048563 -0.438441 0.559460 -0.010394 -0.207904 -1.425270 -0.350616 0.044630 0.678441 -1.039202 0.112037 
0.214986 -1.109883 0.094594 -0.160298 -0.497404 0.470276 0.519026 0.286359 -0.072457 -0.578551 0.423091 -1.129942 0.081927 -0.076871 0.721772 -0.912062 
0.012544 -0.004128 -0.697887 -0.874316 0.039197 0.108014 0.305221 -1.288915 0.407152 -0.690797 0.422211 0.152828 0.433421 0.309197 -0.210691 0.119918 
0.030924 -1.033926 0.080996 0.154481 0.524445 -0.460668 -0.379972 -0.053775 0.284830 0.247921 0.034717 -1.852685 -0.663231 0.479158 -0.123928 -1.363876 
-0.512536 0.011463 0.396903 1.193187 0.606859 -0.422703 -1.196737 -0.040249 0.183140 -0.625564 -0.046112 -0.258634 -1.771866 -0.150255 -1.153327 -3.699600 
0.025221 -0.449170 0.231695 0.691760 -0.208022 -0.123230 0.312788 0.038302 -0.650496 -0.118314 -0.645890 -1.831249 -1.151594 0.714659 0.541332 -1.849788 
0.960113 -0.418725 -0.234971 -0.181807 0.461466 -0.681952 0.931935 -0.407903 -0.059467 0.019783 -0.002565 -1.044296 -0.691368 -0.325653 0.024682 -3.303404 
0.523437 -1.966540 -0.315001 0.686802 0.089514 -0.040977 0.115427 -0.642889 -1.501011 1.357376 0.070547 -1.043898 -1.374949 0.442684 -0.174267 -2.704929 
0.324679 -0.963068 -0.401286 0.930712 0.674345 -0.180729 0.829286 -0.566197 -0.037617 0.114510 -1.603733 -0.733524 0.811518 -0.127248 -0.192295 0.058429 
-0.638619 -0.243102 0.213953 -0.086959 0.586171 -0.133558 0.547092 0.154152 -1.130360 1.727623 0.112079 -1.080028 -3.653327 -0.081998 0.393823 -1.040386 
0.079737 0.167640 0.077350 -0.951340 0.155550 -1.368908 -0.730560 0.014317 0.530528 0.167727 0.288059 0.037852 0.010884 -1.230838 0.456211 0.250573 
-0.692600 0.370521 0.487043 0.065935 -0.476661 0.373850 -0.104554 -0.059278 -1.263074 0.359727 0.504191 0.203424 -0.818551 0.430374 -3.105072 -0.610345 
-0.047832 -0.456318 0.198000 0.119351 -0.034798 0.140742 0.252234 0.506403 -0.687507 -0.283303 -0.356394 0.004630 -0.369404 0.396670 -1.021333 0.073971 
-0.382833 0.272414 0.339285 0.259275 -0.029076 -0.265747 -0.118690 0.211480 -1.001382 -0.756450 0.111364 -0.165581 -0.378201 0.377045 -0.557858 0.604686 
0.422671 -1.313725 0.537829 0.033579 -3.769636 -0.107419 -0.116175 0.949589 -5.756771 0.187333 -0.685969 1.110179 -0.743354 0.015252 0.459513 -0.544661 
-0.063339 0.051891 0.235332 -0.562693 -0.300631 -0.279484 -0.035781 -0.463793 -0.109637 -1.072202 0.295899 0.205522 0.235622 0.876582 0.212050 0.163736 
1.094511 0.666357 -0.110545 -0.083622 -1.248341 -2.725774 -0.989272 0.071996 -3.071309 -0.101280 0.109050 1.421024 -2.220328 -0.555237 -0.006303 -0.154649 
0.398075 -0.813249 -0.340496 0.393920 -0.042584 -0.337265 0.571644 -0.443170 0.318763 0.376535 0.210366 0.202356 -0.057275 0.072597 -0.941447 -0.861413 
0.289852 0.184919 0.280925 0.177311 -2.428598 -0.426459 0.548153 0.353698 -0.199866 -0.027016 0.111671 -0.260292 0.123268 -0.186024 -0.289922 -0.151876 
-0.193967 -0.886752 0.486033 0.003726 0.373051 -0.173083 0.160417 0.272559 -1.126073 -0.474550 0.337400 -0.001770 0.144697 0.398377 0.200537 0.105435 
0.053349 -0.280716 0.255458 -0.055627 0.044447 0.419252 -0.080943 0.280177 0.067889 0.156100 -0.214416 -0.393266 -0.729852 -0.486492 -0.521670 0.503793 
0.114368 0.159871 -0.025807 -0.258991 0.202914 -3.889459 -1.654750 0.033322 0.503662 0.033028 0.126825 0.190712 0.242761 -1.050681 -0.105134 0.114023 
-0.944510 0.183048 0.033782 0.102054 0.224870 -0.047362 -0.224018 -0.215466 -0.173414 0.492643 0.359417 -2.672554 -1.153100 0.545163 0.215205 -0.897974 
0.458869 -1.813369 0.108441 -0.678179 -0.268948 0.253594 0.105308 0.248261 -0.437266 -0.751780 -0.321297 -3.063016 0.250564 0.570908 0.166155 -1.126576 
-0.240388 0.811045 -0.128277 0.300596 0.655604 0.123405 -2.060109 -0.275088 0.009517 -0.194732 -0.298652 0.131867 0.375948 0.375798 -0.796045 -2.717652 
0.161918 -0.899836 0.371014 0.376507 0.604675 0.388162 0.413910 0.030190 0.673088 -0.221203 0.362148 0.148159 0.218506 -1.836517 0.608395 -0.124768 
-1.093341 0.512368 -0.491250 0.216569 2.072186 0.361288 -0.310075 -0.795677 -2.678551 -0.972054 0.432310 -2.267664 1.572904 0.127131 -0.321932 -2.235047 
0.173968 -0.425352 0.594186 -1.730422 1.418223 -0.325359 -0.288131 0.118215 -0.710306 -2.059123 -0.069204 -0.701890 -0.394109 0.671507 1.034615 0.075753 
0.380562 0.149411 -0.082449 -0.426104 -0.927734 0.472589 -1.083534 -0.316522 0.483063 -0.805778 -0.465136 -0.368876 -0.050362 0.396259 -0.821759 0.162932 
-0.333131 -0.117889 -0.368928 -1.044952 -3.205909 0.119768 -0.695881 -0.459744 1.357787 0.948345 0.689309 0.215586 0.192928 -0.295940 0.135660 -3.777569 
0.332690 -0.796956 0.127868 0.515815 -0.253316 -0.291474 -0.010612 0.195267 -0.166506 -0.660967 0.370040 -0.246024 -1.058402 0.508131 0.087139 -0.727461 
0.195738 -0.461721 0.124523 -0.425251 -1.747390 0.340894 0.700512 0.509465 -0.404401 -0.274965 0.283814 -0.153144 0.631488 -0.009984 -0.878460 -2.233968 
0.653524 -0.060533 -0.263687 1.109733 -1.122884 0.469483 0.003705 -0.327939 -0.494618 0.254530 0.031423 -0.372391 -3.847353 0.624342 -0.864946 -0.384226 
0.311524 -0.281887 0.427722 -0.022839 0.024333 1.219225 -1.398071 -0.073106 -1.219162 -0.359146 -4.083145 0.342582 0.560852 -0.850826 -1.385793 0.272620 
0.592723 -0.364875 -0.168740 -1.218915 0.092944 0.031026 -0.021266 0.110940 0.579720 0.353069 -0.453343 -0.407483 -0.166583 -0.791637 0.441973 0.246747 
-0.485071 0.258622 -0.294200 0.787250 -0.996274 0.479555 0.098974 -0.100238 -0.743742 0.376565 -0.048083 0.426051 -0.713098 0.030769 -0.041539 -2.405498 
-0.199948 -0.088235 -0.336255 0.486790 0.158228 0.331150 -0.387656 -0.068719 -0.019834 0.407332 0.195735 -0.304372 -0.132763 0.600455 -0.679881 -0.524166 
0.175620 -0.543557 0.301084 0.688469 -0.248399 -0.063350 0.832342 0.196615 -1.342831 -1.025236 0.467809 -0.672019 -0.658118 -0.421591 0.810521 -0.778325 
-0.124322 -0.128270 -0.101877 -0.138685 0.166245 -0.525860 -1.003190 0.044787 0.398191 0.218961 -0.283577 0.188842 0.245814 -3.899537 -0.543548 -0.194888 
0.117119 -0.040691 0.424929 -1.037440 -0.232832 -0.177318 -2.026285 0.326145 -0.748452 0.256257 -0.211939 0.115899 -0.714839 0.556560 0.238083 0.303652 
0.441192 -0.051337 -0.014285 -0.371808 -0.795238 0.367444 0.170183 -0.826734 -0.282709 -0.119344 0.853074 -0.336366 -1.569103 0.342257 0.048668 0.286681 
0.188645 -0.191669 -0.244073 -0.246775 -0.083508 0.132667 -0.240624 -0.210430 0.061401 0.681178 -0.295818 -0.559758 0.006118 -0.129492 -0.070687 -1.365912 
0.004879 0.078017 -0.924558 -0.365792 -0.065060 0.374748 0.193642 0.352859 0.385659 -0.148394 0.258911 0.113836 -0.083199 -0.177534 -0.412427 0.129868 
0.181507 0.337506 -0.237459 -0.184109 -0.440654 -0.262217 -0.401196 0.001848 -0.397821 -0.139291 -1.653383 0.398720 0.295493 -1.508740 -1.866833 -0.032477 
0.194213 -0.574231 -0.079538 -0.027647 -0.401539 0.138509 1.086100 -0.037969 -0.426409 -0.097313 0.614914 0.448833 0.480703 1.154367 0.478897 -0.309635 
0.134513 0.250699 0.121458 0.522771 -0.166249 -1.187517 -0.455856 0.497598 -0.056030 -0.104037 -0.914330 0.382681 -0.743122 -1.141663 -1.341899 -0.461218 
0.077172 0.162823 -0.438948 0.858620 0.155689 -0.499325 -0.351297 0.313346 -0.109181 1.002392 0.026934 -0.100104 -1.136546 -0.841903 -2.581242 0.381035 
-0.815139 -0.149683 0.316726 0.600190 -0.691064 -0.777732 0.104251 0.251456 -1.493454 0.390903 0.646824 0.777330 -0.324797 0.665921 0.099366 0.008543 
0.324542 0.036824 0.054443 -0.800024 0.056553 0.649833 0.288755 -0.685108 0.327931 0.210516 0.055616 -1.127419 0.389054 0.310738 0.096634 -1.345174 
-0.806763 0.076519 0.645935 0.484352 -0.146268 -0.453735 -0.673730 0.182900 -0.665752 0.052107 0.323950 -0.949936 0.160499 0.117031 0.226487 -1.370692 
