0.028448 -1.019302 -0.879405 1.207168 0.889383 -0.018169 0.635453 0.604067 -1.419094 0.672062 -1.917562 0.461731 -0.090227 -0.761395 -3.307095 -0.804404 
0.241684 0.360603 -0.951335 0.408407 0.072612 -0.758941 -1.430216 -0.083337 0.282092 -0.039528 -0.401394 1.284603 0.525608 -1.626833 -0.037893 -1.940125 
-0.574220 0.224419 0.351580 1.285136 0.119605 -0.086017 -0.621823 -0.694769 -1.271442 0.624166 -1.026424 -5.404050 -1.833327 -0.174218 -4.172427 -3.117963 
0.900417 1.500084 -0.385249 0.889528 -2.975989 -1.726138 -0.104620 -0.370725 -0.414297 0.051232 -0.773245 1.371426 -0.963818 -1.530521 -0.252675 -2.043127 
0.331957 -0.048189 0.083471 -0.368015 -0.879765 -0.201839 0.790526 0.071970 -0.215380 -1.792118 0.069932 -0.185230 0.009309 0.521794 0.307687 0.086634 
-1.071510 -0.687466 0.136793 0.614883 0.749745 -0.351986 -0.646621 0.357896 -0.038851 0.310706 0.103048 -0.484425 -1.394127 0.769677 -0.183826 -0.684265 
-0.045480 0.419639 -0.405260 -0.314311 -0.447279 -0.047086 -0.555877 -0.262738 0.364503 0.283483 -0.549894 0.083919 0.863695 -0.056739 -0.078535 -3.017771 
0.131710 -0.548022 -0.378516 0.008410 1.388323 0.116325 -0.702840 -0.302455 -0.900285 0.730312 -0.779802 -0.188885 -0.176931 -0.020249 -0.434571 -3.799214 
0.567631 -1.040096 0.084188 -0.021564 1.173607 0.161737 -0.546639 0.143983 -0.700552 -0.517786 -0.292467 -0.580089 -1.246460 -0.196044 0.444696 -1.113019 
-0.178061 -0.038801 -0.407239 -1.959807 -1.044159 0.574479 0.411634 -1.146051 -2.854759 0.148582 0.337787 -0.380380 -0.702191 0.636317 -0.484498 -1.172037 
0.083707 0.156443 -0.488123 0.076779 0.083869 0.081308 0.831543 -0.761120 0.262751 -0.199839 -0.447603 0.343801 0.664960 -0.429775 -0.493787 0.032809 
-0.038341 -0.363175 0.942650 -1.636794 0.111963 0.129543 0.472285 -0.091206 0.015349 -1.380093 0.114080 -0.383464 -0.127093 0.787299 1.724819 -0.650161 
-0.702730 0.533334 0.283910 0.084611 -1.456136 -0.053390 -0.208945 0.187354 -3.204163 0.216864 -0.358741 0.461146 -0.128491 0.205914 0.262525 -0.857040 
0.052221 0.322011 -0.116886 0.347149 0.252005 0.037916 -0.320361 -0.195034 0.102300 0.046626 -1.361682 -0.449684 0.056124 0.245479 -0.499764 -0.479057 
0.065774 -0.225992 -0.240145 0.153024 0.288810 0.044276 -0.167406 -0.517305 -0.840904 0.626040 0.742629 -0.091282 -0.618552 0.276255 -0.698911 -1.921562 
0.124758 0.290923 0.027385 -1.383152 -0.973266 0.312924 0.225086 0.505127 -0.275604 0.288745 -0.372411 -0.414166 -0.426016 -0.084227 -0.556781 0.349810 
-0.276476 -0.602983 0.186268 -1.342471 -0.293111 0.058396 -0.975885 0.407278 -1.823366 0.131244 -2.582064 -0.973678 0.097481 -0.873217 0.516984 0.051633 
-0.707285 0.710927 -0.149423 -0.035625 0.646888 0.606291 0.149189 -1.026480 -1.042361 -0.713468 0.105770 -2.431902 1.953676 -0.128821 -0.041465 -1.299136 
0.116801 -0.000332 -0.231812 0.195729 0.973072 -0.241790 -0.312982 0.202869 -0.524365 0.074151 -1.185778 -0.250962 -0.156520 0.747517 -1.187481 0.164885 
0.050515 -0.084025 -0.173390 -1.490201 0.591507 0.863896 -0.840316 0.378505 0.380669 -0.722716 -1.590002 -0.756981 -0.102677 0.304916 -2.409917 0.342614 
0.300093 -0.494736 0.415968 -0.093828 -0.973985 0.404768 -1.326568 0.170250 -0.352108 -0.329368 -0.221890 0.277770 0.366831 0.484682 0.811954 -1.321940 
0.238195 0.037548 0.049899 0.607212 -1.123821 0.458872 0.481329 0.132668 -1.444811 1.098429 0.353997 0.709608 -2.106822 -0.694725 -3.306166 -1.364950 
-1.094065 0.494760 0.428335 1.226347 0.786504 -0.159541 -0.295679 -0.316585 -0.553475 -0.907077 -0.130294 -3.438082 -2.526671 -0.139923 -1.089342 -2.800562 
0.478288 -0.603442 -0.382685 -2.542838 -1.979291 -0.454594 0.085270 0.002004 -1.936573 -0.104909 -0.197526 0.278278 -0.443771 0.223412 -1.378517 -2.139403 
-0.266779 0.227107 -0.158073 -0.752331 0.962933 -0.464128 0.221389 0.096643 -1.532956 0.504346 -1.641383 -0.368337 -0.587996 0.457699 0.257817 0.267167 
0.202621 -0.159697 -0.569083 0.503683 -0.868425 -0.156564 -0.192279 0.263010 -0.738886 0.437029 -0.483125 0.505555 0.640930 -0.559913 -1.964793 -1.424201 
-0.018557 0.359039 -0.307198 -1.376756 -0.618962 -0.662814 -0.227763 0.020840 0.409961 0.084009 -0.214601 1.768789 0.007926 -1.000324 -0.655674 0.483678 
-0.130962 -0.191432 0.088658 0.525686 0.453186 0.321756 0.604540 -1.164168 -0.677961 -0.838104 -0.228194 -0.280158 -0.191278 0.386310 -0.873563 0.344178 
0.059265 -0.051129 -0.156195 -0.623060 0.023713 -5.242442 -2.162205 0.044619 0.413225 -0.047372 0.061500 0.070990 0.262752 -1.911459 -0.218648 0.041930 
0.024508 -1.070538 0.321181 -0.098525 0.512793 -0.113963 -0.231617 0.191862 -0.002488 -0.143238 -0.578938 -0.106880 0.498101 -1.777933 -0.892079 0.007107 
-0.401863 0.437879 -0.039809 1.196866 -1.430910 -1.142805 -0.381750 -0.180159 -2.201430 0.952075 0.176686 0.792308 -0.296282 -0.148566 -0.988364 -0.263872 
0.316404 -3.693615 0.445660 -0.063523 -0.007741 -0.628773 0.434216 0.503497 -2.338924 -1.924127 0.801219 -2.280980 -0.562814 -0.441739 0.244389 -0.804787 
-0.623280 -0.095419 0.545495 0.078472 -0.048734 0.275743 0.339715 -0.039988 -0.004820 -0.266043 0.453826 0.406335 0.263416 0.301228 0.352540 -0.131987 
0.277458 -0.295239 0.089232 -0.459694 -1.548299 0.298874 0.317656 -0.358174 -0.125143 0.178321 -0.786329 -0.538391 0.157680 0.147901 -1.148648 -2.703198 
0.145355 0.336817 0.283230 -0.635294 -0.061988 -0.224133 -0.412710 0.266345 -0.759087 0.039188 -0.844424 0.427371 0.242454 -2.674125 -1.773592 0.269276 
0.014521 -0.117095 -0.145946 0.697228 0.224069 0.639183 -1.020591 -0.085783 -3.144933 -1.044231 -1.312203 -2.795714 -1.342209 -0.046257 -0.219285 -4.094728 
0.191850 -0.303219 0.191754 -0.197676 -2.394028 0.133486 -0.288212 0.670205 -0.401267 0.044939 -0.767798 -0.422203 -1.051931 -0.622727 -0.398560 -2.389287 
0.051053 -0.146836 -0.391476 1.201277 -0.013940 -0.086990 0.619166 -0.028988 -0.876361 -0.203837 -0.559021 0.015331 0.591561 -0.416749 0.670645 -0.542218 
0.930427 0.484071 -0.379676 0.478887 0.459039 0.268065 0.299873 -0.359610 -0.058609 -0.746792 -0.788127 -1.020295 -3.184050 0.015227 -0.357935 -0.741071 
0.151681 0.165091 0.197549 -0.989613 -0.269230 -1.191805 -0.158437 0.118521 0.646251 0.143070 -0.377483 -0.284406 -0.659074 0.973390 -0.133477 0.115659 
0.163065 -0.134451 -0.000569 -0.207432 0.381552 0.695870 -0.492434 -0.031486 -0.143052 0.185738 -0.031433 -0.028311 -0.088636 -0.082967 -1.491996 -0.207929 
-0.111610 0.120242 -0.287785 0.195340 0.098141 0.426420 0.848987 -0.492756 0.186128 0.225931 -0.691108 -0.686256 -0.691384 0.010650 0.278134 -0.270876 
-0.075418 -0.808050 -0.080307 -0.125108 -0.033624 -0.174267 0.737756 -0.049490 0.193467 -0.458330 -0.235011 0.338590 0.855312 0.584852 -0.163117 -0.641792 
0.163137 0.039339 -0.017148 -2.134029 0.990109 0.167412 -1.365196 0.206562 0.022822 0.418719 0.007833 -0.002655 -0.384233 -0.277562 -0.291640 0.211981 
-0.021500 1.126666 0.345428 -0.152901 -1.348884 0.315055 0.431931 0.108726 -0.349422 -0.310062 0.461692 -0.041529 -1.251113 0.148575 -0.644924 0.859814 
-0.266452 0.203365 -0.155577 0.507822 -0.238221 -0.870380 -0.230016 0.324560 -0.200521 1.369007 -0.337508 -0.377937 -2.796885 -0.069283 -0.684955 -0.879743 
0.420424 -0.252590 -0.113331 0.630468 0.867716 0.181571 -0.140386 -0.776411 0.600398 -0.294663 0.312612 -0.135175 -0.777953 0.284803 -1.474401 -1.805277 
-0.610642 0.462872 0.075991 0.135829 0.761240 1.074286 -1.004347 -0.158087 -1.459223 0.399578 -0.274909 -0.604888 -0.463440 0.095368 0.453813 -2.008107 
0.444780 -2.355385 0.456464 0.260587 -0.220973 0.035559 0.691088 0.238683 -0.185212 -0.295340 0.000846 -2.830922 0.358573 -0.097954 0.125340 -0.739792 
0.238640 -1.417407 0.049896 0.544354 -0.257640 0.103612 0.037280 -0.137806 -0.389117 0.404506 0.581989 -1.478685 -0.903598 0.135057 -0.069021 -2.210110 
0.526011 0.107240 0.022766 -1.344014 -0.777133 -0.414308 0.318322 0.332855 -0.086942 -1.031029 -0.459034 0.753643 -0.154489 0.337592 -0.834996 0.661954 
-1.106057 -0.118724 0.035367 0.723869 -0.315791 0.735286 -0.530478 -0.058947 -0.527971 0.176887 -0.434677 -0.821602 -0.005691 0.997327 -1.720370 -0.546640 
0.286974 0.227457 -0.211927 -0.375388 0.078291 -0.256379 -0.940880 -0.356513 -0.825688 0.141726 -1.237702 -0.032073 0.525003 0.081589 -1.381214 -0.206982 
0.035213 -0.080474 0.109721 0.476557 -0.248955 -0.148883 -0.323505 0.021369 -1.338252 0.148118 -0.293953 0.073398 -0.167491 1.149378 -0.573948 -0.223513 
0.541419 0.242198 -0.535971 1.290313 -0.635663 1.061110 0.422210 -0.617147 -1.200742 0.393791 -0.249529 -0.137656 -1.454642 -0.271666 -3.145524 -0.660360 
-0.084232 -1.046153 -0.272043 -0.833679 0.542297 0.182600 0.093131 0.159221 1.087474 0.269658 0.867547 0.859156 -0.337714 0.461318 -0.210618 -1.104542 
-0.566922 0.569872 0.078713 0.295893 0.939054 0.310839 0.817432 0.040740 -1.175632 -0.972448 0.062470 -3.981633 0.282720 0.016492 0.608686 -3.764117 
0.294741 0.408971 -0.199305 0.271672 -2.066891 -0.196313 0.428489 -0.443429 0.292730 -0.148004 -0.430910 0.085780 0.302576 -0.412913 -0.176177 0.008097 
0.130088 0.066243 0.272722 -0.013628 0.258787 -0.353984 -0.157336 0.146738 0.341570 0.107520 0.204546 0.056569 -0.189703 -2.475321 -1.119391 0.200262 
-0.363012 -0.029931 0.223076 -0.025311 -0.018300 0.063090 -0.570201 -0.110121 0.032482 0.408149 0.288343 -2.031185 -0.458307 0.086121 -0.101353 -2.358140 
0.172744 -0.155839 0.474586 -2.193342 -1.393044 0.076253 -0.185519 0.825270 -1.051976 -0.097332 0.024993 -0.593074 0.201253 0.621995 -4.309420 -0.706785 
0.364363 -0.664141 -0.012377 0.191642 -0.166284 -0.717676 -0.192673 -0.046588 0.377490 -0.916238 0.235508 0.305441 0.019897 0.468146 -0.345252 -0.603174 
0.331419 -1.347104 0.037714 -0.104874 1.232591 0.317079 -0.433175 0.202454 -3.477588 -0.310621 0.031207 -1.192654 -0.116891 0.056238 0.605962 -0.360918 
-0.817396 -0.065547 0.118017 0.832671 0.504184 -0.421866 -0.662330 -0.039217 -0.565855 -0.219566 -0.747508 -0.036477 0.240219 0.305490 0.197356 -0.185113 
0.101925 -0.208540 -0.102276 0.300489 -0.010610 0.721136 0.049981 -0.109308 0.063076 -0.027213 0.574520 -0.695203 -1.784705 -0.121410 0.661153 0.321762 
0.491089 -0.668402 -0.524082 -0.887762 0.367433 0.122538 0.173665 -0.083712 1.017529 0.193509 0.008798 -1.863381 -0.374233 0.108107 -3.043601 -2.701799 
0.206878 0.151923 -0.209397 -0.165263 -0.002160 0.169735 -0.229470 -0.392117 0.006375 -0.351104 -3.099597 0.227235 0.332695 0.550753 -2.625150 -0.020834 
0.039931 -0.071235 -0.400034 -0.265941 0.050064 -0.036631 0.170969 0.263875 -0.313405 0.156117 -0.065084 0.374839 0.421975 -0.039434 1.334954 -0.398625 
-0.497178 0.492086 0.301026 -0.659435 -0.992804 -0.178682 -0.389266 0.118287 -1.630952 -0.823450 1.287896 -1.426581 -0.909859 0.288497 0.266870 -0.367452 
0.158859 -0.296821 -0.048646 -0.980937 -3.559027 -0.189864 -0.056361 -0.161198 0.961265 0.888046 0.131378 -0.664295 -0.254142 -0.030984 -0.149994 -2.475449 
0.048906 0.234805 0.286358 0.576533 -1.974298 -0.513769 0.427433 0.202600 -1.341623 -0.310726 -0.309191 -2.007927 -0.182517 0.575708 -0.444646 -0.033887 
0.157253 -0.061068 0.050911 -0.569642 0.620732 0.648203 0.358331 -0.370833 0.541820 0.577702 -0.014728 -0.936725 -1.871814 -0.100895 0.587347 0.478598 
0.292482 -0.232909 -0.042568 -0.260960 -0.879596 0.519475 0.488975 0.154156 -1.136243 -0.477578 0.122792 0.220202 -0.094962 -0.178611 0.493791 -0.015458 
0.358263 -0.844439 -0.024350 -1.387231 2.385801 0.561607 0.015524 -0.497447 -0.209345 0.191977 0.528533 -0.006859 -0.477848 0.027920 -0.016683 -2.146478 
-0.125044 -1.853031 -0.514471 0.701382 -0.029384 -0.292338 0.095353 0.388651 -2.470647 0.583573 0.561151 0.839951 -0.839706 0.386562 -1.187121 -0.492706 
0.289114 0.449674 0.221155 -0.331229 -2.166826 -2.869717 -1.395303 0.077856 -1.363044 -0.050689 0.165098 0.964670 -0.486940 -0.196125 0.016830 -0.146750 
-0.110034 -0.626933 0.070614 0.340188 -0.021275 0.091005 0.815252 -0.040326 -0.036940 0.485654 -0.298204 -3.538611 -1.831335 0.837320 0.183990 -0.598431 
-0.452875 0.419585 -0.267188 -0.972796 1.331921 0.067137 1.247476 -0.049574 -1.681933 1.001303 -1.183256 0.275901 -0.503465 -0.638440 -2.766227 -0.750701 
-0.447723 0.402361 0.574368 -1.066693 -1.446981 -0.619075 0.147251 0.395571 -1.850974 -0.552172 1.523189 0.452294 0.025162 -0.460488 0.882574 -0.363493 
0.301617 0.204604 -0.537906 -0.830894 0.334273 -0.004109 0.186867 -0.351935 0.568510 0.176946 0.164931 -0.032613 -0.464973 -0.499915 0.446850 0.350063 
-0.305269 -0.287921 0.411176 -0.139580 0.183819 0.086944 -0.595679 -0.386600 0.365029 0.434252 0.759170 0.205572 0.033804 -0.251559 0.262193 -0.260440 
0.023320 0.044536 0.107566 -0.938349 0.087911 0.028282 0.646246 0.352637 0.057317 0.220545 -0.275884 0.141547 0.198518 -3.581289 -0.776793 0.114303 
-0.527068 1.442207 0.232022 0.467174 -1.619284 -0.197280 0.723412 -0.030904 -1.742242 -1.134950 0.069006 -0.679964 -1.456426 -0.213073 -0.288024 -2.007480 
-0.100584 -0.253330 -0.028097 0.265851 -0.845721 -0.972591 -0.365941 0.004978 0.325725 0.389560 -0.513917 -0.100578 0.129016 0.302553 -0.832998 -1.296429 
-0.032225 0.261203 -0.137579 -1.862563 -3.803595 0.485312 -0.272556 0.045849 1.354940 -0.091882 -0.063879 0.376858 0.170923 -0.033164 -1.019514 -2.278361 
-0.089469 0.457920 -0.746602 -0.932706 0.126274 0.377635 0.582779 -1.142782 0.396930 -0.242700 0.788091 0.123026 0.269000 0.226250 0.118984 0.085686 
0.304621 -0.451903 0.041092 0.269779 0.476542 0.347540 -0.317059 -0.224786 0.165517 -0.245675 0.742562 -0.300490 -0.864714 0.058067 -2.652714 -0.382166 
-0.980602 -0.106976 0.482216 0.579253 -2.557584 -0.136231 -1.263722 0.644142 -1.062901 0.219768 -0.655360 1.108112 -1.542502 -0.078571 0.767277 -0.083859 
-0.056122 0.376048 0.010811 -0.109812 -2.221385 -0.734250 0.107315 0.126861 -0.779604 -0.056833 -0.013440 -0.493688 0.186176 0.279079 0.315342 0.502892 
-0.168943 -0.056502 0.073428 0.906759 0.322337 -0.096130 -0.332980 -0.705746 0.339059 -0.295326 -0.516388 0.052534 0.014350 0.133798 -0.374708 -0.089166 
-0.361082 0.424014 0.395188 -0.760324 -0.147193 0.941931 -1.705662 0.497976 0.528702 0.051935 -0.053100 -0.015761 -0.235850 -0.846174 -0.057128 -0.139486 
0.288616 -0.171989 -0.175745 -0.515459 0.320562 0.605942 -0.810099 -0.306492 -0.240257 -2.043940 0.500062 -0.584285 0.112710 0.258038 0.529305 -0.090595 
0.019711 0.523764 0.080866 -0.060582 -0.705128 0.062388 -0.491533 0.001477 0.178957 0.270267 -4.507118 0.438043 0.123652 -0.920993 -0.081981 0.557842 
-0.691447 0.764843 0.566229 -1.265410 -1.806660 0.593031 -0.000368 -0.609931 -1.645509 -0.857912 1.266690 0.153369 -2.504653 0.241718 -4.237081 -1.021221 
