0.261383 -0.091706 0.073376 0.651192 -0.348825 -0.915452 1.040734 -0.068461 -1.228660 -0.253371 -0.252538 0.300898 0.293553 -0.377898 -2.936417 -0.276057 
-0.543771 0.233211 -0.240032 -0.763398 0.788956 0.315457 -0.645833 -0.449071 1.317562 0.951364 0.258283 -1.489763 0.350946 0.163330 -0.152290 -2.259973 
0.332920 -0.192700 0.254410 -0.703210 -0.989787 -0.307548 0.386193 0.306101 0.596605 0.231305 -0.551104 -0.230990 0.215784 -0.447378 -0.082345 -1.672094 
-0.997125 1.545608 0.120359 -0.734280 0.492749 0.373069 0.210240 -0.002884 -0.681310 -1.330317 0.696089 0.752072 -1.167197 -0.303148 0.850039 -2.118073 
0.019320 -0.539376 1.118487 -1.255838 0.583656 -0.207945 -0.088151 -0.062872 -0.712617 -1.529463 -0.476129 -0.979182 -0.361323 1.223314 -0.944136 -1.005792 
0.134337 0.068702 0.239402 -0.806430 -2.688737 0.342325 -1.029661 -0.269766 0.412355 -0.179589 0.068882 -0.499447 0.059432 0.223594 -5.030639 0.070201 
0.263663 0.307261 -0.082719 -1.099440 -0.467611 0.068723 0.398085 0.011915 -1.020320 -0.137093 -0.202148 0.442003 -0.110131 -0.611845 0.195057 0.442277 
-0.372310 0.832826 -0.352891 0.066907 0.367158 0.460963 1.068531 -1.199428 0.152295 -0.204727 1.086089 -0.012086 -1.140565 0.172726 -0.372590 0.183506 
0.397856 -1.308101 -0.016069 -0.003041 -0.233457 -1.079849 -0.081743 0.011903 -1.324571 0.177631 -0.641243 -1.008795 0.265713 0.756035 0.120091 -0.012686 
0.164213 0.175124 -0.108587 -0.264813 0.097733 -3.797161 -2.165988 -0.064651 0.390253 0.208646 0.017010 0.192483 0.020593 -2.020422 -0.142977 0.233378 
-0.334006 -0.440641 0.123436 -1.471001 -0.411173 0.390604 -1.541083 0.188056 0.914487 0.060154 -0.720720 0.194504 -0.172384 -0.217398 0.586874 -0.110067 
0.250471 -1.282429 0.232174 0.768431 -0.204079 -0.187348 0.195486 -0.065418 -1.255379 0.714916 0.832981 -0.542728 -1.578124 0.247122 -0.298522 -2.470020 
-0.550042 -0.073784 0.285537 -0.147475 0.411696 -0.953177 0.744727 0.112175 -1.379840 0.624810 0.785568 -3.591050 -2.783362 -0.578851 -0.064602 -0.291365 
0.118413 0.125457 -0.212922 -0.062758 0.719783 0.075696 -0.525288 -0.251937 -0.139687 0.816654 -1.261435 0.249087 0.046406 -0.160168 -1.777448 -0.816740 
-0.520737 0.955231 0.164094 0.213391 -1.331390 0.770080 0.358953 0.419608 -0.556432 -0.435303 0.259481 0.654999 -2.130708 0.461138 0.138287 1.104364 
0.286284 -0.123066 0.163086 -0.631506 -2.261241 -0.217400 0.990776 0.019487 -2.498898 -1.355636 0.209690 -0.755660 0.784626 0.674478 -1.425683 -1.020139 
0.093387 0.094018 -0.686304 0.322115 -0.489471 0.696431 0.582297 -0.445662 -0.243598 0.722004 0.101863 -0.010753 -0.116705 -0.391342 -1.245905 -0.700176 
-0.087774 -0.308319 0.300609 0.237996 0.887390 -0.102300 0.227565 -0.781701 0.730407 -0.237782 0.199414 -0.112008 -0.502527 0.549108 -0.576199 0.424896 
-0.122602 -0.036290 0.176833 -1.582509 0.089449 -0.145841 -0.669829 0.070189 0.187912 -1.093868 0.330519 0.178690 -0.057455 0.041108 1.375765 0.113628 
-0.025336 0.258802 0.266704 -0.050753 -2.706108 0.077264 -0.595738 0.330091 -1.180591 -0.583453 -0.443642 -1.637207 0.315847 0.086634 0.235239 0.331120 
0.170849 -0.438939 0.062158 -1.010835 0.235854 0.870889 0.246643 -1.090941 0.341150 0.303543 0.965919 0.121240 -0.360453 0.054756 0.107798 -0.029667 
0.565554 -0.943977 -0.063969 -0.259071 -0.888891 0.233478 -0.205253 -0.218423 -3.763821 0.882819 0.378225 0.903329 -1.600619 -0.380175 0.504056 -2.175033 
0.336891 0.333494 -0.293858 -0.535663 -0.424292 0.096081 0.475842 -0.478446 -0.385131 -0.302320 0.341938 0.298422 0.484335 1.055448 0.037827 0.225107 
1.209564 -1.396772 0.001883 0.767503 0.957655 -0.161706 0.120028 -0.025242 -1.352180 -0.370585 -0.588465 -1.245032 -0.156808 -0.405042 0.066610 -1.438529 
0.255030 -0.177974 0.243613 0.405085 0.121972 -0.354940 0.048193 0.441447 -2.788614 -3.060636 0.198496 -5.776649 -2.690603 0.265671 -0.234575 -0.928035 
0.302065 -0.292779 0.037227 -0.478836 -0.444004 -0.145706 0.841229 -0.128468 -0.544046 -0.599641 0.345597 -0.125899 -0.417298 0.405564 0.292373 -0.255989 
0.252403 0.009463 0.356555 -0.656510 -3.010351 -0.153164 -0.320938 -0.874394 -0.294968 -0.291448 0.350407 0.736300 0.107427 0.197981 -1.161218 -0.863521 
0.231558 -0.185508 -0.253562 -1.458769 0.413524 0.822078 0.352625 -0.350044 -0.020034 0.395315 -0.965522 -0.531434 -0.677563 0.101468 -0.157079 0.417095 
-0.426000 0.534200 0.571321 0.592097 -1.376657 -0.724149 0.523447 0.342594 0.863416 0.011635 -0.419402 0.025628 0.309789 -0.164371 -0.793797 -0.330998 
0.584747 0.078564 -0.071140 -0.452343 -0.986258 -0.818816 0.594096 0.162815 0.017141 -0.890747 0.018134 0.465728 -0.105934 -0.027611 -1.744769 -0.256733 
-0.479926 -0.034231 0.213611 -0.881037 0.411937 0.003548 -4.143341 0.409523 -0.794706 -0.076097 -1.598086 0.377667 0.208892 -0.586880 0.130909 -0.070569 
0.113636 0.016904 0.040199 0.022807 0.158465 -4.242358 -1.462588 0.118847 0.162661 0.261155 -0.019759 0.107029 0.124671 -1.291340 -0.172198 0.197937 
0.222364 0.419528 -0.064027 -0.501475 0.613625 0.337454 0.833097 -0.030604 -0.509547 0.352125 -0.669203 -0.245728 -0.351574 -1.932515 -0.870513 -0.261847 
-0.525713 0.374273 0.374718 0.481922 -0.736659 -0.102015 -0.003959 0.107063 -2.176626 -0.029934 0.458724 0.165695 -1.399570 0.507826 -1.448913 -0.179999 
0.119403 -0.319735 -0.133326 -0.317050 1.948412 0.511771 -0.047768 0.131934 1.159835 0.128710 -0.195062 -0.479125 -0.478350 0.107979 -0.442698 -0.196929 
0.091363 0.348996 0.020197 0.258179 -0.167757 -0.414222 -0.170997 -0.000852 0.391298 -0.242583 -1.984004 0.133464 0.199000 -2.398961 -1.294251 -0.063152 
0.257274 -0.166098 -0.205785 1.233552 0.231840 0.163435 0.643412 -0.020630 -0.422319 -0.126622 -2.718064 -0.305627 0.165326 -0.189096 -1.613351 0.217058 
0.167292 0.099788 -0.674821 -0.572174 0.208754 -0.098338 -0.000178 0.497520 -0.531071 0.386344 -0.497431 0.693789 0.449758 -0.049649 0.121399 -0.434180 
0.225969 0.452220 -0.923073 -0.650895 -0.822566 -0.099746 -0.626284 -0.245819 0.338138 0.467357 -0.438388 2.003331 0.514788 0.080231 -0.210957 0.390891 
0.073475 -0.450521 -0.308199 -0.010675 -0.535012 0.927764 -0.013776 -0.943695 -0.570204 -0.959400 -0.246276 -0.600016 0.665778 0.671139 -1.934073 -0.703476 
0.234564 -0.043507 -0.044688 -0.386582 -0.058957 0.005907 0.366685 -0.179728 0.122741 0.497166 -0.239311 -1.145198 -0.532981 0.493820 0.038870 -0.261752 
0.754830 0.052217 -0.243751 0.988639 0.199034 -0.079250 -0.575678 -0.545644 -0.279310 -0.072041 -0.272024 -2.200743 -3.194565 0.549720 0.509466 -2.017723 
-0.971716 -0.757657 0.442870 0.248631 0.145692 0.051057 -0.464663 0.549553 -0.550804 0.377387 -0.423025 -0.093506 0.704797 -0.168026 0.590886 -0.176066 
-0.046000 -0.723974 0.460030 0.330869 -0.014718 0.286531 -0.919144 0.482060 0.581942 0.075464 0.161659 0.692121 -0.343007 -1.818437 -1.989247 0.782724 
-1.175827 0.338937 -0.252704 0.320664 0.431001 0.738722 -0.194356 -1.094941 -0.957874 0.685810 0.222837 -0.745510 0.219330 0.311202 0.904055 -2.130545 
-0.693622 0.516531 0.083543 -0.101942 1.398443 -0.164634 0.275912 -1.106515 -0.916287 -1.021531 -0.164111 -6.731561 1.166138 -0.008997 0.746133 -2.584725 
0.048143 0.237967 -0.169946 -0.132392 -1.540792 0.130118 0.498548 -0.327348 0.761406 -0.380563 0.339834 -1.800622 1.972989 -0.620631 0.281851 -3.435205 
0.128847 0.140618 -0.205629 0.923258 -0.444224 -0.134549 0.373504 0.283948 -0.420461 0.013171 -0.192135 0.728306 0.951637 -2.366778 -2.435956 -0.981269 
0.254837 0.225417 -0.746377 -1.514374 0.625102 0.010211 -0.312187 -0.304536 0.468374 -1.193500 -0.136809 -0.069152 0.574665 -0.133842 0.351386 -0.096740 
0.254066 0.206949 -0.247062 -0.310963 -0.539159 -0.602609 -0.124480 0.328075 0.299635 -0.342620 -0.114999 0.504842 -0.161582 0.638891 -0.866176 0.197200 
0.654606 -1.828455 0.056690 0.669252 0.394574 0.842097 -0.214934 0.317141 -0.209986 -0.490898 -0.529202 -1.219571 0.585953 -0.164992 -1.453695 -0.272646 
-0.200621 -0.197813 0.193613 0.134185 0.567222 -0.323446 0.378627 -0.169333 0.462586 0.214374 0.884600 -0.851007 -0.437979 0.270365 0.463362 -1.113244 
-0.157808 -2.239944 0.487740 -0.054691 -0.762752 -0.470138 -0.313779 0.093739 -1.007365 0.962518 0.677509 0.115664 -1.722531 0.238406 -0.026584 -1.255837 
-0.363081 0.157149 -0.185113 0.440970 0.510433 0.382772 -0.375255 0.226428 -0.072975 0.459603 0.840836 -0.812193 -0.095234 -0.914564 -1.473271 -0.204635 
-0.328945 0.434410 0.090179 -1.407345 1.609903 0.296347 -0.425367 -0.233309 -0.580252 0.321259 0.719150 -0.504806 -2.910763 -0.225180 0.548556 -0.107345 
-0.685760 0.640935 -0.182065 0.619159 0.837884 0.059012 0.283093 -0.265633 0.043479 -0.846601 -1.208627 -0.566971 -0.811554 0.345598 0.434586 0.278654 
-0.398000 0.069149 0.097707 -0.054016 0.794910 -0.190525 0.414602 -0.044267 -0.265107 0.121610 -0.009548 -2.429795 -0.158189 0.072102 0.605452 -1.927213 
-0.331708 0.458642 0.363127 0.431361 -0.954209 -0.585389 -1.078290 0.243905 0.568526 -0.357999 -0.397098 -0.160453 -0.305601 -0.105908 -0.251901 0.204894 
-0.077285 0.358095 0.625120 -2.875307 -1.116577 -0.015794 -0.788643 0.176830 -0.374275 0.055403 0.145513 -0.763744 -1.006894 -1.101603 0.125858 -0.205964 
-0.530119 0.539810 -0.020913 1.295810 -1.542417 -0.959970 0.782624 0.123832 -0.809272 -0.279769 -2.204764 1.336333 -0.880352 0.390654 -0.164512 -0.105806 
0.252215 -0.646495 0.144151 -0.219461 -1.666281 0.415932 0.099608 0.089951 -0.303833 0.097797 -0.379969 -0.715325 -0.334743 0.792987 -0.359352 -1.916437 
0.052823 0.182914 0.147651 -1.552194 -1.838217 0.188105 -0.074461 0.412590 -0.338777 0.214296 -0.184802 0.239981 0.134373 -0.017105 -0.068455 -0.102284 
0.546485 -1.306093 0.009720 -0.022815 0.332532 0.416503 0.137054 -0.040452 0.009365 -0.717334 0.554364 -0.904173 -0.833190 -0.180532 0.592188 -1.104817 
0.086783 -2.416231 0.095682 0.542529 0.621682 -0.233973 -0.405306 -0.044120 -1.261429 0.129653 -0.533370 -2.538672 0.543687 -1.320386 -1.501964 -0.145092 
0.459641 -0.441663 0.176940 0.129499 -0.175334 0.066877 -0.122703 0.242151 0.560540 0.041007 0.239791 -2.220576 -1.976464 0.349276 -0.553414 -3.159429 
0.114949 0.023124 0.138000 -0.815946 -0.691141 0.904682 -0.536725 0.324572 -0.147762 -0.155065 -2.071664 0.818202 0.567443 -0.185010 -2.091117 -1.035383 
-0.232207 -1.726946 -0.095497 0.170403 -0.378081 0.168360 0.386300 0.179325 -0.229202 0.418197 0.197315 -0.699433 -0.506854 0.744467 0.336340 -0.508202 
-1.080700 0.420337 -0.144269 0.697498 -0.122989 -0.375783 -0.178172 0.044733 -0.337412 1.260669 -0.062457 -0.126040 -4.461934 -0.150077 -0.104198 -5.325385 
-0.868493 0.052076 0.138079 0.385904 -0.124524 0.080732 -1.148974 0.260963 -0.287616 0.768735 -0.515674 -0.699348 -0.465000 1.123128 -1.150982 -1.172494 
0.225287 0.001402 0.091861 -2.845586 0.750489 -1.444309 -0.975211 0.290217 0.521369 0.083819 0.242578 -0.270005 -0.081883 -0.733906 -1.110639 0.226417 
-0.187729 0.151322 0.281752 0.654332 -0.879332 -0.763297 -0.815642 0.104036 -1.388589 0.016468 0.130169 0.170223 -1.775141 -0.478427 -0.228948 -0.061235 
-0.029179 -0.068943 0.062517 -0.586987 0.371741 0.393167 -0.545881 0.455034 0.336071 -0.877926 -1.116537 -0.258306 0.043489 0.409840 -1.792607 -0.342349 
0.002315 0.356559 0.068745 -0.175000 -0.379729 0.632230 -0.161239 -0.007479 0.554055 -0.067935 -0.158509 -1.137465 -1.797650 0.440331 0.374524 0.268343 
-0.957078 0.131208 0.508903 1.279708 0.934645 -0.251664 -0.581108 -0.144366 0.184653 -0.900162 0.394955 -2.112017 -2.525885 0.522679 -2.292087 -2.962300 
-0.475894 -0.587927 0.123908 -0.052321 -1.200969 -1.001250 0.003049 0.642067 -1.455114 -0.210370 1.002771 0.509523 -0.243432 0.436505 0.387425 -0.082685 
-0.344490 -0.135875 -0.325682 -0.032966 -0.121239 1.050370 0.697006 -0.018036 0.199003 -0.982939 -0.215979 -2.514330 0.613510 0.268432 0.170464 -1.723904 
-0.898200 0.316594 -0.269661 -0.440197 -1.180182 -0.211839 -0.679386 -0.477356 -1.541986 1.375060 -0.989474 0.549622 -1.114230 0.075222 -2.592054 0.111976 
0.157841 0.143624 -0.398197 -0.939861 0.343619 0.010822 0.348595 0.027391 -0.118856 0.009338 0.017931 0.280083 0.260363 -0.067930 1.012728 0.128115 
-0.002574 0.458164 -0.266381 0.743098 0.069481 -0.096657 -0.524889 -0.028984 0.058675 -0.374091 -0.954971 0.253183 -0.013098 -1.294209 -1.504092 -0.799194 
0.260532 0.152246 -0.428599 -1.351661 -1.435694 0.298699 0.664787 0.479994 -0.183692 -1.258689 -0.121510 0.334841 0.420530 -0.304569 0.533984 -2.315668 
0.500175 -0.216886 0.014902 0.738911 -0.326519 0.928309 0.334872 -1.205532 -0.085995 -0.159722 -0.903197 0.305162 0.124817 -0.706319 -2.118524 0.346000 
-0.229294 -0.060592 -0.330409 0.253346 -0.010285 -0.085200 0.359413 -0.283010 0.086080 0.067892 0.108645 0.095130 0.386497 0.965000 0.168578 -0.781120 
0.903386 0.547916 -0.139064 -0.936093 -2.635236 -3.120857 -1.289972 0.092287 -3.742124 0.223307 -0.078879 0.967385 -2.287979 -0.569429 -0.002073 -0.065662 
-0.148719 -0.060225 0.354378 -0.287139 -4.402310 0.206653 -0.154405 1.007288 -0.861756 0.099856 -0.894654 0.810757 -1.381558 -0.641885 -0.271063 -2.384614 
0.246822 1.034640 -0.090115 0.408439 0.774155 -0.175943 -0.378939 0.181752 0.240040 -0.262411 -0.291969 -0.119173 -0.824116 -0.481342 -0.455537 -0.630988 
-0.081025 -0.740502 0.335092 0.012087 -0.230796 -0.459885 -0.052263 0.093098 -0.765719 -0.329615 0.107988 -0.931108 -0.449773 1.007362 -0.012400 -0.264853 
0.864395 -1.345265 -0.161984 1.069783 0.695557 -0.170208 -0.033389 -0.353092 0.107090 0.267825 -0.677124 -3.102440 -0.275894 0.120352 0.491444 -0.406501 
-0.623490 0.055252 -0.079331 0.240364 1.188209 0.279731 -0.011747 -0.440022 -2.246300 -1.192903 0.753871 -2.293767 0.983886 0.647052 -0.058748 -1.103428 
-0.712293 0.201982 0.326924 -0.180355 -0.190864 -0.087540 0.032873 0.266574 -0.506756 -0.829616 0.759654 -0.034852 0.406714 -0.137495 0.075428 0.310215 
0.229670 0.222420 -0.308860 0.125398 0.402826 -0.443639 -1.959540 0.061717 0.263262 -0.401863 -0.818367 0.126024 0.176216 -1.724136 0.705726 0.239704 
-0.015345 0.988877 -0.420229 -0.187679 -0.005583 -0.144558 0.556147 -0.330227 0.335573 0.034608 0.220159 0.532031 1.086901 -0.356037 -0.042237 -3.604459 
-0.205523 -1.366958 0.310716 0.754674 -0.508657 0.406766 0.586355 0.058965 -0.668695 -1.018510 0.433384 -1.378784 0.677104 0.244757 0.973714 -1.413617 
0.532587 0.086111 -0.583359 0.186145 0.399932 -0.690608 -0.304264 0.113481 -0.336196 1.041377 0.099979 -0.416938 -1.648341 -0.068448 -1.795269 0.274132 
0.366887 -0.423326 0.200538 0.837620 0.225847 0.250113 -0.122232 -0.440879 -0.136056 0.374831 0.232523 -0.552772 -0.464381 -0.226873 -1.683213 -0.530369 
-0.267528 0.350955 -0.466134 0.174818 1.911957 0.325913 -0.785978 0.032858 -2.630021 -0.207891 -1.260535 -4.013221 -0.494285 0.277704 0.800822 -2.894771 
0.132096 -1.123484 0.206746 -0.158116 -0.505943 0.690915 0.564111 0.067568 -0.948058 -0.727332 -1.577797 -0.191919 0.839143 -0.257579 -0.253751 -0.249750 
