0.230941 0.115560 -0.231453 -0.112526 0.151708 -1.804684 -1.182328 0.023008 0.464689 -0.144849 -0.038491 0.368605 -0.192322 -0.470185 -0.242901 -0.075326 
0.469632 0.452564 0.024997 0.986508 -1.172588 -2.745124 -0.697685 -0.196679 -1.646782 0.121310 0.300898 1.300174 -0.958114 -0.486702 0.286325 -0.167637 
0.004636 -0.096954 -0.204313 -0.978483 1.333782 0.415005 -0.410265 0.069488 -0.058213 -0.316324 0.676246 -0.231152 0.098409 -0.732057 -1.465060 -0.256441 
-1.791194 0.329027 -0.022292 1.398473 -1.523104 -0.060446 -0.172100 -0.552966 -1.980044 0.996061 -0.631795 0.476323 -1.041857 0.258388 -2.794532 -0.605020 
0.457927 -1.136394 0.364252 0.883764 0.369927 0.365295 0.374132 0.160960 -0.159746 -0.953149 -0.716099 -1.638347 -1.558216 -0.472492 -0.056046 -1.241144 
-0.451771 -0.147585 0.191944 -0.182626 0.370689 -0.835162 -0.595848 -0.039899 0.149350 0.655607 -0.031022 -0.324413 -0.093992 0.842306 -0.165697 -0.996143 
-0.005262 0.350833 -0.032464 -0.487441 -2.249143 0.049534 -0.946722 0.070349 -0.433541 0.399993 -0.798401 0.160625 -0.495870 0.518666 -0.138194 -1.958009 
-0.100319 0.048738 -0.076299 0.115997 0.167856 0.246213 0.060452 -0.356784 0.457937 -0.300562 -0.193253 -0.223313 0.497188 0.053573 -0.077613 -0.967896 
-0.414921 -0.369601 0.310950 0.008288 -0.048575 0.098582 0.408257 0.365574 -0.267857 -0.847982 0.504488 0.249128 -0.301285 0.730067 -0.573713 0.294215 
-0.119845 0.250374 0.113850 -0.149632 -1.094686 0.094429 -0.528944 -0.087073 -0.276564 0.189138 -1.636583 0.317748 -0.002203 -0.378247 -2.206753 0.266120 
-0.144867 0.455754 0.090615 -1.441649 -1.749012 -1.232043 0.757378 0.126745 0.010215 0.486288 -0.364011 0.405709 0.292430 -0.472038 -0.619083 0.327719 
0.189753 0.234031 -0.516261 -0.364029 0.362391 -0.001165 -0.095655 -0.211529 0.140618 -0.217834 0.288158 0.220882 0.561991 0.600897 0.495538 -0.023496 
-0.381669 1.144377 0.365849 -0.654700 -2.229246 0.230258 0.442037 -0.485126 -0.499626 -1.082136 1.078855 1.129481 -2.668763 0.128378 -4.255202 -2.765628 
0.624936 -0.176537 0.056036 -0.366075 -0.916940 -0.327971 0.230293 0.305836 -0.358165 -1.404891 -0.141592 -0.328247 -0.469125 0.273667 0.078893 0.492323 
0.196841 0.224488 -0.058729 -2.381433 0.322434 0.091413 1.081231 -0.306475 -0.623442 -0.360244 0.471319 -0.159224 -0.525945 0.392419 0.315371 0.471298 
-0.257842 0.345123 0.287321 0.091776 0.327694 -0.005599 0.055402 0.445245 0.390559 -0.734933 -1.021805 -0.433501 -0.443400 -0.116769 -0.619297 1.035432 
-0.291840 0.083767 0.006708 -0.061803 0.041434 0.222383 0.096288 0.214393 -1.439192 0.533992 0.219620 -0.018728 -0.529869 0.954683 -1.539063 -0.421954 
0.238831 -0.536711 -0.088501 -0.324761 0.396577 0.436561 0.563922 -0.235251 0.538325 0.587192 -1.714112 -0.443847 -0.037615 -0.650477 -0.343981 0.088186 
0.268290 0.127971 -0.375616 0.194857 -0.230990 0.978156 0.784977 -0.295191 0.073010 0.230929 0.361318 -0.087096 -0.761896 0.349578 0.491563 -0.002588 
-0.540026 -0.123257 0.104105 0.070892 0.598354 -0.160893 -0.395728 -0.423284 -1.213545 1.462332 0.465890 -1.444716 -2.813124 -0.061557 0.263887 -0.586073 
0.031089 -0.342712 0.138349 0.213755 -0.585769 -0.189432 -0.299374 0.087535 -0.256181 -0.000013 -0.880586 -0.339182 -0.869204 0.719473 0.091707 -1.352647 
0.559300 -0.898677 -0.028383 0.686426 0.986613 -0.341034 0.128918 -0.073616 0.027934 -0.964427 -0.598754 0.248486 -0.001704 -0.673984 0.247727 -0.480707 
-0.246077 0.320460 0.244918 -0.793161 -0.180638 0.306537 -1.235985 0.282962 -0.324713 0.197837 -1.783619 -1.683442 -0.586279 -0.013026 0.059259 0.093262 
-0.167690 -0.298977 0.576636 0.028164 -0.902908 0.329792 0.462941 0.111962 0.127894 0.165649 0.132562 1.243912 -0.606391 -0.737271 -1.807575 -0.841667 
0.171689 1.367841 -0.216726 -0.696231 -0.499654 -0.836206 -0.577712 0.045366 -2.683760 0.263253 -3.361541 1.348635 0.012160 -0.079383 -0.869608 -0.322245 
0.086245 0.177943 -0.445179 -0.006973 -0.175388 0.288279 -0.159547 -1.242637 -0.355337 -0.304063 -1.203763 0.241516 0.386419 -0.208432 -0.524674 0.151213 
-0.373836 -1.235875 0.466712 -1.596044 -0.641451 0.197094 -0.310253 0.528316 -2.782590 -0.234790 -0.151235 -1.433070 0.551135 0.203112 0.158717 -0.221446 
0.082754 0.054311 0.228873 1.029945 -2.230149 -0.172266 0.074467 -0.186223 0.635547 -0.256641 -0.917971 -0.237079 0.118406 0.199328 -1.222184 -0.225092 
0.077201 -0.340500 0.444467 -1.104265 0.026046 0.064327 -0.451290 0.450605 0.038266 -0.163692 0.070505 -0.387868 -0.249817 -0.252996 0.141794 0.019352 
-0.048705 0.309639 -0.022855 -0.655958 0.053993 0.296458 0.539514 -0.705156 0.575802 -0.029429 0.275743 -2.854444 1.296424 0.008152 0.353493 -1.382304 
0.107778 -1.062237 0.543124 -0.313613 -2.871382 -0.194905 -0.687212 1.204023 -5.018646 -0.120729 -0.390610 1.182638 -1.410087 -0.065780 0.233408 -0.663827 
0.183913 -1.137420 -0.673898 0.659464 -1.226502 0.165760 0.430757 -0.053113 0.459942 0.432397 1.002605 -0.258337 0.159428 0.239294 -0.203983 -0.012642 
0.002804 -0.032142 0.169558 -0.440655 0.213991 0.025549 -0.152112 0.169524 0.067188 0.185476 0.080117 -0.185555 -0.056316 -2.170711 -0.299126 0.107521 
-0.418394 -0.175363 0.037464 -0.776254 -1.622377 0.875165 -0.160106 -0.057832 -1.445658 -0.114127 -0.124233 -1.251466 0.571966 -0.086488 -0.004562 -3.431945 
-0.430021 0.562280 -0.199961 0.869410 -0.662865 -0.552370 -0.180715 -0.540307 -1.687926 -1.195738 0.168914 -5.506047 0.823408 0.361147 -0.361459 -1.840750 
0.249835 0.075552 -0.162655 0.497846 -0.493510 -0.392398 0.003462 0.139391 -1.165572 -0.241472 0.024289 -0.080038 0.467482 -0.651262 -1.268725 -0.353310 
-0.936674 -0.208885 0.299483 0.043885 1.274330 0.467311 -0.010021 0.110238 -0.500565 0.397397 0.704801 -0.541054 -3.129707 0.474780 -0.532325 -0.941780 
0.106438 0.446591 -0.134376 -1.723562 0.884735 0.336188 0.243561 -0.050930 -1.304066 -0.280019 -0.186966 -0.516086 0.421244 -0.539681 0.141471 -1.197820 
0.587633 0.012912 -0.323197 0.877892 0.261348 0.264879 0.268074 -0.121106 -1.171100 -0.311265 -1.771255 -3.820894 -0.239063 -0.040217 -1.034430 -0.860745 
-0.595460 -0.516209 0.264411 -0.158869 0.062366 -0.602352 0.142008 0.324633 -0.624323 0.193387 -0.044126 -0.372809 0.369621 0.168565 0.888993 -0.091195 
0.080792 0.132099 0.054550 -1.217264 0.215522 -4.637573 -2.292176 0.054504 0.489428 -0.002405 0.118030 0.133425 0.149760 -1.842867 -0.325686 0.155586 
0.322152 -0.475127 -0.473509 -1.135189 1.306090 0.110210 0.363112 -0.349231 0.238522 1.112219 0.119183 0.028011 -0.577168 -0.133086 -0.040092 -2.170777 
0.164698 0.267405 -0.680393 -0.229104 -0.137468 0.043144 -0.090976 0.191907 0.244100 0.027945 -0.589369 1.062790 0.722130 -0.985637 -0.769600 -0.901755 
0.451194 -2.279742 -0.033359 0.356489 0.402686 -0.092529 -0.733749 -0.370233 -0.699286 0.964687 -0.033644 -2.578282 -1.129836 0.618438 -0.066695 -1.159009 
-1.218371 0.471300 0.001719 0.060357 1.742620 -0.700078 -0.795122 0.026679 -2.455727 -0.877502 -0.183452 0.306526 0.679961 0.046617 0.347238 -2.426110 
0.568600 0.119998 -0.690918 -0.112720 -0.103608 -0.680642 -2.418354 0.588750 0.360850 0.165251 -1.287978 0.723478 -0.089630 -0.826151 -2.438978 0.152422 
0.525059 -0.167510 -0.084140 -0.161837 -0.176473 -0.931495 0.311754 0.115924 -0.455535 -0.074419 0.328527 0.067963 -0.430847 0.158062 0.417334 0.179695 
-0.171530 -0.031267 0.357705 -0.774263 -0.582121 -0.204712 0.398610 -0.382793 0.064315 -0.808006 0.322713 -0.304507 0.208668 0.711328 0.388826 -0.648413 
-0.019236 1.225026 -0.033350 -0.804062 -1.933694 0.266743 0.814453 -0.498375 -1.578945 0.204531 0.229788 0.257405 -3.052360 0.028277 -1.355043 -6.072266 
-0.104352 -0.017198 -0.087101 0.340637 0.059171 -0.870162 -0.480710 -0.025480 0.399321 -0.026221 0.179281 -0.066819 0.163045 1.124069 -0.385999 -0.455561 
-0.235644 -0.212189 -0.535328 0.035289 0.191975 -0.441416 -0.142969 -0.648533 0.759694 0.819632 -0.089545 0.091271 0.590173 -0.198446 0.199364 -0.698574 
0.035183 0.489084 0.009077 -0.928245 -1.974899 1.299722 -0.361929 0.017466 0.381253 -0.653289 -0.155998 0.195933 -0.370985 0.077345 0.551622 0.208910 
0.056077 -0.826959 0.099019 0.499812 -0.558450 -0.545051 -0.134950 -0.133005 -1.795083 -0.146829 0.072891 -1.884827 -0.825759 0.703658 0.614026 -1.815801 
-0.086191 -0.000086 0.168098 -0.513080 -1.522882 0.410170 0.272240 -0.091288 -0.020712 0.196524 -0.372510 -0.292621 0.619775 0.270918 -0.564197 -2.026272 
0.445248 -0.121276 -0.039327 0.578795 -1.689253 -0.828972 0.457881 0.015556 -0.016974 0.544649 -0.144535 0.747835 -1.541814 -0.377044 -0.668866 -2.585120 
-0.643730 0.119027 0.278423 0.469951 1.228562 -0.302191 0.352552 0.045954 -0.414416 -0.717041 0.205237 -4.495555 -0.044839 0.321328 0.441167 -4.705513 
0.311057 0.660801 -0.440994 -0.321007 0.260801 0.241986 -0.504439 -0.127827 0.301649 0.060181 -0.059992 -0.603147 0.240107 -0.281819 -0.395463 0.018801 
0.190516 -0.945737 -0.139128 0.309939 -0.028151 0.501265 0.491051 -0.124828 0.152368 -0.890093 0.521339 0.601258 0.190396 0.612077 0.381418 -0.369955 
-1.229169 -2.192220 0.489786 0.921651 0.777061 -0.182442 -0.047168 0.074204 -0.350681 -0.471294 -0.042044 -4.124658 -1.606549 0.056494 0.188763 -1.086400 
0.365918 -0.098067 -0.075506 -0.039093 0.333584 -0.857073 -0.792430 -0.016472 -0.138957 -0.132563 -0.593183 0.280125 -0.094337 0.298395 -0.937991 0.033238 
-0.228526 -0.394073 0.309857 0.282009 -0.043917 0.242378 -0.882381 0.220837 -0.502167 -0.319208 -1.757173 0.346600 0.535573 -1.182523 0.098929 -0.120430 
0.274504 0.362003 0.133915 0.000742 0.108798 0.340751 -0.201909 -0.333194 0.790182 0.020185 0.174246 0.130902 -0.498532 -0.878303 -0.213104 0.298817 
0.220632 0.012498 -0.458047 0.935980 -0.456031 -0.856658 1.080349 0.184828 0.042808 -0.166534 -0.465808 0.499748 0.655039 -1.404331 -1.859073 -0.277751 
0.445122 -0.305623 -0.113922 -0.435991 0.735710 0.345180 0.769408 -1.204061 0.520936 -0.235293 -0.674286 -0.832574 -0.121713 -0.672933 -0.605490 0.688279 
-0.022841 0.042242 -0.400804 -0.059102 -0.342476 0.389213 0.440682 -0.406515 0.899869 -0.050002 0.505434 -2.671924 0.793589 -0.146796 0.576332 -4.009484 
0.038023 -0.573502 0.144915 0.335269 0.143293 -0.141085 -0.467345 -0.136887 0.348930 0.184122 -0.612730 -0.187592 -0.129990 -0.334534 -0.517680 -0.292872 
-0.716326 0.045041 -0.079549 0.361841 0.883769 1.805340 -1.562539 -0.489497 -1.824506 0.555453 -0.270683 -0.909924 -0.636123 0.154348 0.114151 -1.677561 
0.587038 0.492886 -0.053230 0.029441 -0.903170 0.252108 -0.860270 -0.729296 -0.353888 -0.365305 -1.798130 0.567912 -0.167807 0.415657 -6.075149 0.244323 
0.109501 0.114157 0.033069 0.599255 -0.038632 -0.214307 0.592795 0.001402 -0.988944 -0.494844 -0.714553 0.271901 0.192214 -0.808411 -2.724499 -0.031382 
-0.064657 0.548158 -0.610982 1.034629 -0.089921 -0.803073 -0.432341 0.470194 0.307332 0.211918 -0.322336 0.424490 -1.840066 0.033872 -1.398012 -1.936908 
0.339100 0.499765 0.055115 -1.069350 -2.089999 -2.601200 -0.390637 0.418203 -2.975873 0.304735 -0.207486 1.243427 -0.870016 -1.122317 0.067484 -0.194334 
-0.560835 0.214222 0.653871 -0.301160 -0.728327 -0.725303 -0.027608 0.427635 -1.255101 -0.703574 0.677101 0.553517 -0.232983 -0.315478 0.305477 -0.218593 
-0.076717 0.557526 -0.250193 0.675436 0.736482 -0.332801 -0.589021 -0.173902 -0.073767 0.215170 -0.682830 0.160806 0.267109 -0.380808 -0.559150 -0.226608 
0.641805 -0.668557 -0.376599 -2.014275 -0.099720 1.369107 -0.418858 -0.528430 -0.518571 -1.423430 -0.186233 -0.997054 0.360191 0.615556 -0.882584 -1.936412 
0.684806 -1.490590 0.546040 -0.768062 0.038372 0.835783 0.276668 -0.496182 -1.392784 -0.884088 -0.677241 -2.150341 0.264071 0.010752 -1.213027 -0.428449 
-0.117176 -0.312337 0.078610 -0.168812 0.164422 -0.129188 0.008670 -0.024084 -0.121306 0.122080 0.125922 0.261672 0.186357 0.350693 -0.216693 0.059003 
0.084272 0.055116 0.123590 -0.654070 -4.024223 0.103134 -0.023429 0.208524 0.206179 0.385476 0.376442 -0.319359 0.157760 0.113334 0.005279 0.305372 
0.011569 -0.141813 -0.505002 -0.809240 -0.154991 0.314288 0.327150 0.331328 -0.253164 -0.235645 -0.186641 0.116808 1.140455 -0.147234 0.523198 -0.893640 
0.322924 -1.384811 -0.266683 0.569590 -1.452561 -0.212753 0.087772 -0.146920 -1.519303 -0.121017 0.669948 -0.185224 0.931928 -0.143016 0.142177 -2.478504 
0.168688 -1.025360 -0.051839 -0.535749 1.491044 0.583328 -0.554480 0.197302 1.154707 0.567456 -0.296611 -3.700629 0.118173 -0.425513 0.693551 -2.903261 
0.074710 0.192581 -0.324252 0.061341 0.265316 -0.105552 -0.364220 0.365085 -0.304034 0.423619 -0.941669 0.332753 0.129310 -0.288583 -0.542016 -0.216054 
0.176757 -1.767585 0.203963 -0.600351 1.341918 -0.270259 -1.766538 0.510899 -0.273566 -0.663746 0.322163 -0.698664 0.302734 -0.865527 -0.089068 -0.494249 
0.089269 0.622876 0.094317 0.002472 0.504997 0.276783 -1.879255 -0.328860 -0.690458 0.025773 -1.148479 -0.623819 0.308684 0.486180 0.002371 -0.194398 
0.272173 0.472154 0.028723 -0.618696 -0.025243 -0.041033 0.492748 -0.083600 -0.708890 -0.273706 -0.664869 0.360558 0.153744 -1.550043 -1.618077 0.048766 
-0.103500 -0.538444 0.312288 0.253329 -1.237875 0.035794 0.464244 -0.078709 -0.201032 -0.543308 0.493267 -0.347728 -0.326954 0.390157 -0.110521 -1.491277 
0.187495 -0.328815 0.219592 0.667564 -1.207484 -0.569714 0.498193 0.106491 -0.964320 0.479942 0.276170 -1.062895 -0.060962 0.385356 -1.495466 -2.743338 
0.531667 0.042115 -0.524909 -0.393986 -0.696032 0.142078 0.044160 -0.280310 0.266097 0.364488 0.130392 -0.379695 -0.574169 -0.388696 -1.007435 -0.804655 
-0.132965 -0.073894 -0.086401 1.039333 -1.322473 0.517810 0.436177 -0.095180 -2.825711 -0.966735 0.092758 -0.793842 0.234563 -0.030572 1.091500 -0.419608 
-0.042601 0.479608 0.319686 -0.538524 0.291162 -0.253422 -0.119562 0.349823 -1.117077 -0.950829 1.518771 -1.473498 -0.588373 -0.022443 0.380730 -0.807994 
-0.916039 0.291532 0.411759 0.062836 -0.142475 -0.457124 0.165780 0.293287 -1.798159 0.253054 0.530873 -3.479917 -2.784342 0.190435 -0.103915 -1.600060 
-0.067866 -1.064879 -0.146999 -0.411271 0.205553 0.422212 -0.015386 0.245870 -0.587864 0.640251 -0.096597 -0.464744 0.048745 -0.020490 -3.581386 -1.231148 
-0.694666 0.379998 -0.074493 0.735189 0.614369 -0.282234 -0.983768 -0.199636 -0.038274 -0.040557 -0.529321 -0.042576 0.331688 0.160470 0.610103 -0.306996 
-0.254569 0.660540 0.131615 -0.230565 -0.872244 0.428811 -0.844857 -0.395600 -0.327002 0.505048 0.120054 0.507492 0.119245 -0.203116 0.186853 -1.926127 
-0.329766 0.443550 -0.603761 1.120543 0.746205 0.531519 0.768512 0.373451 0.265568 -1.105147 -1.370419 -1.348068 -0.884710 0.041326 1.213097 0.725102 
-0.351832 0.614199 0.513989 -1.012987 -0.768143 0.552985 0.122357 -0.714368 -0.001513 -0.271492 0.241801 0.177532 0.927600 0.204853 -1.466071 -2.141708 
-0.103349 -0.146449 -0.720925 -0.024831 0.911413 0.269939 -0.403363 -0.966537 -1.825814 0.566855 1.050368 1.001436 -2.269334 -0.009080 -1.272288 -0.072926 
-0.038918 -0.779996 0.913746 -1.068769 1.117945 -0.223510 -0.521116 0.518890 -0.616566 -1.214477 0.457096 -0.899996 -0.493002 0.750908 1.068776 -0.140423 
0.255868 0.214222 0.214038 -0.270803 0.308182 -1.275791 -1.738881 0.197854 0.215062 -0.004503 -0.119248 0.230464 0.096461 -3.122559 -0.625187 0.158462 
