-0.087358 -0.023939 -0.175396 0.166340 -0.038942 0.305443 -0.021183 0.030186 0.258775 -0.141492 0.035663 -0.294345 0.110518 0.072320 -0.050585 -0.221600 -0.107144 -0.067465 -0.183923 0.325837 0.023212 -0.386755 -0.044656 -0.091941 0.210243 -0.014143 -0.055756 -0.272981 -0.010213 -0.255639 -0.150126 -0.050531 0.009118 -0.018080 0.244884 0.243328 -0.357160 0.131461 
-0.166682 -0.040606 0.178207 -0.391877 -0.201307 -0.367209 0.257204 -0.000754 -0.296727 -0.000210 -0.024345 0.382811 -0.150340 -0.255814 -0.140856 0.317415 -0.044869 -0.061825 0.167174 -0.170700 0.070241 0.403859 0.066076 -0.203917 -0.169369 -0.134962 0.208541 0.282344 0.046937 0.530371 0.154811 0.142037 0.024363 0.173432 -0.269954 0.004058 0.330930 -0.365066 
-0.055896 0.055185 0.026727 0.576697 -0.258764 0.291942 -0.501704 0.059043 0.074426 0.291599 -0.493123 -0.797216 0.024457 0.041689 0.456069 0.622044 0.482087 0.368712 0.687259 -0.389807 -0.908114 0.337719 0.068003 -0.301568 -0.388379 0.243669 -0.522949 0.212838 0.736952 -0.897900 -0.623826 0.199320 -0.324269 0.369060 0.162449 -0.556523 0.157839 0.403672 
0.090282 0.500294 -0.192437 0.485120 0.500895 -0.497113 -0.731498 -0.230711 0.167159 0.071977 0.485902 0.497883 -0.195839 0.646475 0.695136 -1.539973 0.229874 0.280371 -0.556780 0.030256 0.471653 -0.308764 0.344166 1.097211 0.154665 0.434114 -0.302675 0.587847 -0.580318 -0.669874 -0.494177 -0.408511 -0.148637 -0.856444 -0.036967 -0.756424 -0.623795 1.314609 
-0.487114 0.502136 0.068923 -0.479421 0.121469 -0.150641 0.616679 0.001407 0.304291 0.356957 -0.244927 0.024157 0.581761 0.598407 0.066528 0.121863 0.935210 0.028909 0.167724 0.154759 0.536976 0.711292 0.139189 -0.091824 0.081155 -0.729299 0.111899 0.299015 -0.587834 0.404806 0.394573 0.091130 -0.125759 -0.183873 -1.124501 -0.596337 -0.379574 -0.107990 
0.266157 -0.474626 -0.239062 -0.942581 -0.416004 -0.110472 0.430112 -0.050520 0.151067 -0.036190 0.102867 -0.037688 -0.333064 0.525323 0.218118 0.294403 0.563134 0.202608 0.329771 0.166905 0.247341 0.313534 0.125072 -0.204062 -0.202989 -0.007653 -0.509337 -0.071513 -0.531224 0.113227 0.626067 0.312893 -0.192917 -0.903719 -0.526878 -0.071952 0.179972 -0.568778 
0.581367 -0.676957 0.528441 -0.239942 0.109689 -0.795822 0.158343 -0.359027 0.317902 -0.381061 0.543159 0.309165 -0.589234 0.773102 -0.244920 0.625096 0.002510 -0.151353 -0.559992 -1.196685 -0.256479 0.327905 0.537775 0.538575 -1.316468 1.298166 0.025158 0.068679 0.517868 -0.819206 0.412790 0.164640 -0.519484 0.115478 0.609075 0.398078 0.122957 0.247253 
-0.359589 0.104086 0.373927 -0.434847 0.941804 -0.162113 -0.250330 0.346031 -1.542754 0.394232 -0.322249 -0.746483 -0.848220 0.968458 -0.674225 0.497298 0.957990 -0.131047 -0.617732 0.294801 -0.184617 0.310673 -2.303552 -0.065676 -0.139533 0.937511 -0.673188 0.023608 -0.689348 -0.355733 -0.010206 0.248696 0.479121 0.335321 -0.223880 0.142990 0.495978 -0.107761 
-0.048661 1.063631 2.560012 -0.823851 0.089756 0.633398 -1.055793 0.297811 0.180397 0.945397 -1.176529 1.229978 -0.492873 -0.806316 -1.110562 -0.274101 -0.123557 -0.127943 0.525157 1.006962 -0.328264 -0.014923 0.203245 0.725697 -0.663955 -0.804649 0.691194 -0.469746 0.297556 -1.029513 -0.491670 -0.108730 0.043722 0.050304 -0.779894 -0.173285 -0.819158 -0.329238 
0.137276 0.842227 -1.240723 0.899773 -0.507149 0.592139 0.884033 -0.047123 0.238608 0.887149 0.384149 0.248396 -0.300963 -0.644125 1.076192 1.129138 1.696537 -0.202297 -1.793496 1.096603 -0.942673 0.435079 0.929665 -1.173153 0.039432 1.087980 0.064473 1.179077 1.616385 0.200899 0.360464 -1.173840 0.074129 -0.218586 -0.636197 0.806996 -0.238751 0.123216 
1.396124 -0.582228 -0.373457 0.248145 0.692665 0.755461 -0.445610 -0.250821 -0.616558 -1.105290 -1.170153 1.535162 0.864013 -0.799531 -0.884088 -0.197244 0.225971 0.610054 -0.123189 0.351689 -0.023467 0.943627 -1.279490 -0.200804 -0.070046 1.352395 -0.371387 0.081408 -1.279427 -1.118538 0.487026 0.650730 -1.766740 -0.114488 0.351771 0.649368 0.064511 -0.264402 
-0.837954 -2.366477 -0.672705 -1.294436 1.850760 0.172289 -0.119594 1.068024 0.003593 -1.079512 0.682549 0.296998 -0.682471 -0.246413 0.991450 0.027571 -0.065648 0.620428 0.584978 -0.416266 0.500009 0.193319 -0.795677 0.004219 0.197330 -1.407957 -1.111008 -0.185839 0.033487 0.944417 -1.364239 0.679234 0.031647 -0.802867 -0.261958 0.512480 -0.301136 0.216810 
-0.105205 1.619491 0.715247 0.549417 -0.041329 -1.252393 -0.402416 -0.542170 0.142274 -0.170045 -0.346006 -0.048977 -0.722533 0.236143 -0.005749 0.184234 -0.664315 0.059873 -1.162456 -0.299955 0.659171 -0.639713 -0.126658 -0.064538 -0.039952 0.174200 2.189143 -1.374632 0.292689 -0.341124 -0.458782 0.136098 0.951753 0.676493 -0.429835 -0.303749 0.690302 -1.116400 
-0.686576 -0.041231 -0.688187 -1.549528 -0.296283 1.078744 1.550521 1.720092 -0.515541 -0.189088 0.923347 1.099475 -1.492084 0.682247 0.564125 0.703359 0.724703 0.074973 -1.051582 0.298096 -0.153334 -0.954261 0.571601 -0.500998 1.918060 -0.105823 1.875012 0.756518 -0.061020 -0.070681 -0.755215 0.580053 -1.522921 0.197671 0.521763 0.627757 0.147961 0.274541 
1.159775 1.325088 0.663310 -1.417795 -0.483666 -0.929954 0.475563 3.444027 0.532964 -0.348457 1.677729 0.919731 -0.998617 0.206732 0.014152 -0.642764 0.910937 0.282014 0.802379 -0.651577 1.273318 -0.056851 0.574403 0.208001 -0.012732 0.552078 0.625209 -0.920238 -0.391723 -0.100275 0.735016 1.168079 -2.070209 2.108928 0.069788 0.631389 -1.320395 0.836102 
-1.535058 0.064605 0.450981 -0.321934 0.813990 -0.805899 -0.991399 -0.168649 0.349874 0.680130 0.522618 -0.398036 0.484660 -0.797162 1.216150 0.808701 1.711132 -1.330194 -0.774215 -0.909617 -1.199733 0.225176 0.246594 0.550350 -0.267025 1.178850 1.501260 -1.159750 -1.281132 -0.657387 1.063970 -0.191135 -1.179730 -0.218005 -0.471374 -0.014157 0.448541 0.983129 
