-0.154418 0.012623 -0.223329 -0.111359 -0.162968 0.095760 0.308911 -0.247104 0.156959 -0.177896 0.218705 0.171548 0.139356 0.177016 0.125438 0.100187 
0.000816 -0.080832 0.222270 0.035337 0.281445 -0.184617 -0.641401 0.160916 0.097768 0.175173 0.166924 -0.156748 -0.361643 -0.145465 -1.002234 0.025966 
-0.682568 0.126791 0.172746 0.142279 0.134146 -0.263727 -0.346122 -0.068644 -0.832861 -0.043139 0.159143 -1.123929 0.128290 0.233243 -0.142116 -1.311170 
-0.080621 0.112987 -0.126401 0.316415 0.444134 -0.138987 -0.090194 -0.159103 -0.127751 0.169045 -0.558202 -0.136328 0.108670 -0.249470 0.009123 0.255081 
-0.061991 -0.129109 -0.086537 -0.377514 -0.161921 -0.045191 0.072193 -0.072047 0.026511 -0.201789 0.061955 0.064749 0.010168 0.346908 -0.216419 -0.044965 
-0.030276 0.389223 0.162080 -1.232899 -0.621885 0.254824 0.347230 0.015977 -0.999639 -0.403192 0.378495 0.435110 -1.118166 0.101038 -0.394253 -0.365783 
0.009389 0.040515 -0.002507 -0.502065 0.275146 -0.016479 0.095391 -0.057168 0.429913 0.087336 -0.392382 0.053591 -0.041675 -0.171818 -0.182059 -0.005163 
0.138417 -0.040674 -0.104056 0.379732 -0.467820 -0.296225 0.089282 0.163883 -0.381512 -0.224796 0.114943 0.064936 -0.039592 0.009891 -0.222207 0.158146 
0.249682 -0.116520 0.173825 -0.380213 -0.158508 0.223976 0.068354 -0.040666 -0.701206 0.196888 -0.576801 -0.329009 -0.097022 0.213458 -0.755355 -0.016949 
0.006011 0.052330 -0.062284 0.208186 0.342884 0.033539 -0.184821 -0.020602 0.302402 0.132377 0.375036 -0.303312 -0.469602 -0.081987 0.502630 0.073478 
0.047268 0.024412 0.057069 0.249920 0.161502 0.011816 -0.360901 0.039125 0.006212 0.136447 0.199099 0.047623 0.088554 -0.243876 -0.625738 0.017086 
0.132918 0.129106 0.112556 -0.125401 -0.105220 0.135867 0.208952 0.115893 0.101296 0.146304 -0.000737 0.119889 0.127265 0.159921 0.453839 0.104122 
0.115090 -0.147466 0.195446 0.295255 -0.508096 -0.463837 0.510346 0.195794 0.258370 -0.083830 0.265228 -0.147141 -0.042288 0.185481 0.503926 -0.325856 
0.067959 -0.044762 -0.090411 0.313121 0.151508 0.016716 -0.111051 -0.030984 0.253560 -0.031590 0.271469 0.035337 0.032292 0.241506 -0.179037 0.090104 
-0.008740 -0.515729 -0.076781 -0.264306 -0.137890 0.197620 0.267347 -0.029009 -0.460682 -0.121987 0.596873 -0.765623 -0.304505 0.044793 0.650353 -1.008223 
0.022148 0.016115 0.000325 0.019412 -0.140613 -0.009814 0.010630 0.008920 0.048084 0.008872 -0.049966 0.021391 0.019741 0.015048 0.068797 0.089103 
0.110950 0.068547 -0.077928 -0.381570 -0.040374 0.054100 -0.145121 0.055615 -0.042144 0.062462 -0.313645 -0.008596 0.134404 -0.119457 -0.526137 0.212282 
0.094463 0.066844 0.072801 0.086718 0.019828 0.079265 -0.038895 0.080168 0.132011 0.080499 -0.352682 0.087695 0.096330 0.138174 -0.659336 0.107666 
-0.044452 -0.040816 0.010447 0.477671 0.077291 0.139019 -1.005672 -0.088475 -0.393813 -0.407300 -0.147380 -0.332445 0.192312 0.056900 -0.477949 0.003187 
-0.082426 0.008750 -0.193448 0.259498 -0.096299 0.150225 0.261880 -0.010842 -0.322867 0.038861 -0.287516 0.003254 0.201993 -0.547484 0.121257 0.366871 
0.144590 -0.016170 -0.358918 0.140263 -0.263658 -0.181907 0.037594 0.142738 0.239234 -0.314003 -0.114735 0.106051 -0.155936 -0.133773 -0.456005 -0.365083 
0.054368 0.017883 0.039361 0.152789 0.120369 0.027356 -0.152530 0.028876 0.083460 0.204927 0.238726 -0.069869 -0.012146 -0.009611 -0.383707 -0.049052 
0.146802 0.076766 -0.029646 -0.005028 0.337743 0.322448 0.378601 -0.047815 -0.151048 -0.017650 -0.815978 0.003785 0.052119 -0.556113 -0.528497 0.042535 
-0.147136 -0.029493 0.019555 0.041061 -0.027477 -0.311169 -0.577910 -0.032673 0.377904 0.475563 0.085883 -0.125982 0.248382 -0.086127 0.437102 -0.161570 
-0.205741 -0.097517 0.128435 -0.656243 -0.333260 -0.118281 -0.214970 0.122255 -0.903438 0.136735 -0.085484 -0.079350 -0.681059 0.160760 0.383010 -0.178645 
0.177270 -0.392242 0.033174 0.107490 0.038146 0.058658 -0.144001 0.000874 -0.118688 0.068678 -0.224700 -0.054183 0.123909 0.018213 0.130113 -0.356551 
0.037777 -0.000434 0.006441 0.021848 -0.114656 -0.012365 -0.187243 0.000145 0.045047 -0.052162 -0.562086 0.104702 0.071454 0.320575 -0.693351 -0.011702 
0.059902 -0.167070 -0.067863 0.010655 -0.360594 0.131728 0.124862 0.055954 0.334762 0.023192 0.433462 -0.025461 -0.117780 -0.098101 -0.193984 0.034685 
0.128272 -0.212590 0.078301 -0.746343 -0.499801 0.076939 -0.229279 0.025417 -0.080984 0.103134 -0.655239 -0.401054 0.041475 0.035206 -0.210826 -0.642219 
-0.085550 -0.015801 -0.353172 0.231882 0.161778 -0.202406 0.162782 -0.327382 0.195971 0.321016 0.165170 -0.164703 -0.040733 -0.214700 -0.030075 -0.898548 
-0.295846 -0.119702 -0.252780 0.821418 1.076083 -0.388999 -0.455446 -0.107177 -0.273719 -0.242880 -1.541751 -0.103508 -0.109299 -0.551136 0.427674 0.131838 
-0.119856 -0.163031 0.038880 0.347438 0.231615 0.217751 0.061238 0.094409 0.528101 0.109260 0.010381 0.017567 -0.451714 0.052879 0.486686 0.133080 
0.037032 0.067184 0.030280 0.262328 -0.047398 -0.044148 -0.371605 0.067557 -0.188070 0.065323 -0.355857 0.175869 0.048051 -0.015549 -0.673381 0.202147 
0.069227 0.015586 0.156900 -0.643700 -0.196889 0.419132 -0.734811 -0.116080 -0.017536 0.149125 0.232912 -0.174988 -0.042022 0.111968 -0.632860 -0.113810 
0.129252 0.198575 -0.125849 -0.319635 0.280058 0.300303 0.104021 0.226154 0.043708 -0.119847 -0.533897 0.141258 0.191014 -0.589081 0.172677 0.112747 
-0.302967 0.128797 0.001574 -0.285666 -0.691005 0.023111 0.143746 -0.253571 0.182403 0.058470 -0.642060 0.095845 0.050799 -0.035372 -0.793426 -0.226220 
-0.009657 -0.134791 -0.038229 0.071486 0.314180 0.030425 -0.131596 -0.115228 -0.702318 0.498696 0.096428 -0.315532 -0.641159 0.186206 -0.366389 -0.030137 
0.028065 -0.078807 0.154707 0.320217 0.006163 -0.757918 -0.006870 0.227730 0.245758 0.069484 -0.401786 0.033340 -0.019652 0.288138 -0.097098 0.115420 
0.086526 0.108894 0.078493 -0.417180 0.021897 -4.907596 -1.926511 0.143290 0.129144 0.108660 0.043131 0.241055 0.241900 -1.601683 -0.323093 0.125326 
0.132595 0.153943 -0.025053 0.465039 -0.224846 0.169626 0.328565 0.086096 -0.711876 0.371156 0.134787 -0.141656 -0.073353 -0.104772 0.186135 -0.351824 
-0.142299 0.175868 0.205854 0.185785 -0.150155 0.157852 0.136619 0.066990 -0.084848 0.252569 0.113744 0.320602 -0.689812 0.216806 -0.198294 -0.564918 
-0.028130 -0.122273 0.011425 -0.157240 0.171808 0.185985 0.472842 -0.396661 -0.286857 -0.051950 -0.455126 -0.029657 0.054445 -0.084122 -0.198198 0.045106 
-0.174770 -0.134206 -0.066572 -0.425423 -0.227209 0.133735 -0.042502 0.146195 -0.694259 0.140175 -0.199605 0.349883 -0.362068 0.009623 -0.047111 -0.354386 
0.070812 0.062974 0.102795 0.065972 0.009056 0.264570 -0.287351 0.072895 -0.102921 0.053464 -1.468212 0.071582 0.040128 0.301843 -0.413757 0.101987 
0.038025 0.110665 -0.006727 -0.921013 -1.861352 0.029461 0.035588 -0.048680 -0.017621 0.042697 0.319760 0.083971 0.197047 0.063272 0.363777 -0.582801 
0.118174 0.088326 0.210762 -0.365451 -0.528850 0.146192 0.042164 0.245672 0.088558 0.023155 0.017806 -0.077787 -0.032151 0.017616 -1.515852 -0.084418 
0.292699 0.160505 -0.018596 0.111075 0.015295 -0.254000 -0.015299 0.026740 -0.117566 0.071367 -0.464235 0.153065 -1.397658 -0.144487 -1.341418 0.253121 
-0.151959 0.049204 0.038948 0.568196 0.288397 -0.004345 -0.092536 0.048604 0.528013 -0.229737 0.361942 -0.580571 -0.087818 0.213859 -0.150527 0.025835 
0.084274 -0.250277 0.240243 0.208742 0.256190 -0.155385 0.213381 0.235731 -1.989173 -0.451335 0.379748 0.177264 0.000324 0.121159 -0.136544 -0.488250 
0.196174 0.264124 0.087324 -0.061568 0.199505 0.012968 0.141883 -0.150529 -0.252263 0.188083 0.481460 0.122766 0.169289 0.038390 -0.611946 0.229406 
0.074227 0.106952 0.073217 0.074127 -0.024989 0.093153 0.030090 0.063190 0.122776 0.078206 -0.222695 0.083724 0.047947 0.153028 0.268042 0.031252 
0.090496 -0.149579 0.090957 0.211137 -0.068499 0.044054 0.132176 0.089725 -0.236531 0.093072 -0.134252 0.037399 0.095884 -0.051250 -0.164219 -0.080167 
-0.187333 -0.310657 0.192587 0.178150 0.267246 -0.167201 -1.430006 0.193877 -0.639752 -0.067842 -0.423112 0.364941 0.436177 -0.159329 0.075923 0.016170 
0.081638 0.165089 0.025034 0.181253 -0.324572 -0.074285 -1.362400 -0.030802 -0.061680 -0.129795 -0.564059 0.024523 0.151391 -0.061458 0.113619 0.219532 
-0.082974 -0.082761 -0.033314 -0.285816 -0.248612 0.124304 0.072187 -0.172012 -0.280301 0.083352 0.236993 -0.013702 0.026435 0.040528 0.355322 -0.180960 
0.141166 0.005896 0.114505 0.445002 -0.096375 0.039068 0.120055 0.061786 0.277416 0.102762 -0.132704 0.133600 0.160858 -0.203200 -0.890295 -0.241378 
0.095921 0.071133 0.125017 0.306595 -1.135313 -0.148314 0.162700 0.132362 -0.224805 -0.111990 -0.590024 -0.534048 -0.284079 0.282597 0.495412 -0.007174 
0.149094 0.003600 0.014890 0.576197 0.083010 0.100377 0.096453 0.131967 -0.146502 0.077971 -1.063274 0.051698 0.040733 -0.230020 -0.433768 -0.325561 
0.114491 0.087091 -0.173297 -0.877896 -0.120286 0.002056 -0.240617 -0.091470 -0.571226 -0.022495 0.029177 -0.185713 -0.042317 -0.013480 -0.459317 0.066747 
0.062475 -0.017403 0.086349 -0.087671 -0.105136 0.120110 0.126353 0.089057 0.094963 0.080037 -1.611270 0.150434 0.154585 0.130916 -0.874244 -0.031090 
-0.107369 -0.082041 0.145142 -0.317390 0.297822 0.245407 0.296481 0.019723 -0.030022 0.089747 0.042271 0.072700 0.237599 0.162604 -0.158855 -0.057259 
0.154659 -0.111509 0.102184 -1.017806 -0.497196 0.077711 -0.235216 0.041618 0.087776 -0.821802 0.062647 -0.232993 0.115296 0.337541 0.014677 -0.139280 
0.110409 0.002724 0.086577 -0.138986 -0.447534 0.057704 0.188753 0.009935 0.231685 0.105297 -0.443949 0.113725 0.082053 0.109330 -1.212580 -0.048632 
0.095664 -0.293462 0.123559 0.460711 0.270985 0.071971 -0.177164 -0.036967 0.002599 -0.070452 0.166244 -0.510925 -1.461728 0.236566 0.361599 -1.563336 
0.182399 0.127462 0.123103 -0.000499 -0.275941 -0.156570 0.164442 0.130705 0.167761 -0.373599 -0.106717 0.122125 0.194553 -0.088057 -0.548433 0.079509 
0.082130 0.014396 0.102201 0.110276 -0.093230 0.165635 0.028698 0.113278 0.089040 0.152390 0.417252 0.027357 0.114946 0.000622 -0.103505 0.046022 
-0.181326 -0.043212 -0.076114 0.312949 0.040200 -0.200669 -0.141732 -0.130610 -0.037097 -0.104710 -0.424775 -0.059984 -0.090920 -0.144097 -0.031448 -0.245431 
0.092909 0.011547 -0.379263 0.029305 0.051419 0.349785 0.190204 -0.308457 0.221513 -0.077447 -0.307803 0.465653 -0.047507 0.452655 -0.122693 0.019656 
-0.034139 0.114836 -0.057952 0.098464 -0.057373 -0.130507 -0.127917 -0.085675 -0.224507 0.000109 -0.626274 0.044088 0.013560 -0.156121 0.000657 0.011535 
0.055410 0.013512 0.010555 -0.160383 -0.097473 -0.004640 0.031769 -0.085797 -0.656566 0.002865 -0.121052 -0.014433 -0.032855 -0.012623 -0.588577 0.065144 
0.096296 0.210575 -0.002073 -0.039672 0.076589 0.071700 -0.522012 0.076064 0.125870 0.151552 -0.137488 0.301586 0.191778 -0.927222 0.348484 -0.483101 
0.081696 0.140196 0.081298 -0.273035 -0.169807 0.096323 -0.140754 0.132679 -0.177251 0.039884 -0.698628 0.117694 0.177257 -0.123792 0.182767 0.172602 
0.060724 0.039722 -0.016484 0.093302 -0.056608 0.108096 0.138709 -0.467589 -0.090959 -0.194382 -0.082246 0.215252 0.247572 -0.034219 -0.753543 0.137162 
0.033893 0.163012 -0.174689 -0.178637 -0.021777 0.200190 -0.514148 -0.136649 0.528547 -0.189052 -0.036965 -0.131070 0.328917 -0.320076 -0.351779 -0.287772 
0.148284 -0.132352 0.158782 -1.180543 0.192086 0.024058 0.302938 0.151607 0.122250 -0.159919 -0.223904 -0.355044 -0.220489 0.206350 0.551402 -0.331056 
-0.142502 -0.044608 -0.018002 -0.230465 0.149873 0.207866 0.026621 -0.031584 -0.076228 -0.626943 -0.414820 -0.006401 -0.192625 0.138827 -0.866034 0.122434 
0.015357 0.009458 -0.052515 -0.009676 -0.016858 0.032685 0.096575 -0.074766 0.040952 0.025642 0.369395 -0.070046 -0.045951 -0.174626 0.296573 -0.005511 
0.044061 -0.706310 0.085993 0.322575 -0.147059 -0.211475 -0.018654 0.069651 0.338637 0.105808 0.212779 -1.317520 -0.357224 0.314804 0.232971 -1.228658 
0.251369 0.315027 0.157498 0.204606 -0.600444 0.275591 0.349181 0.180411 -0.996458 -0.009919 0.348211 -0.476878 -1.701135 0.172437 -0.203593 -1.860156 
0.114245 0.131232 0.117882 0.176436 0.074784 0.169123 -0.105532 0.092441 0.190856 0.196176 -0.040324 0.135559 0.129676 0.141608 -0.471096 0.119443 
-0.031961 -0.003292 -0.062146 -0.229247 -0.147058 0.069769 0.159353 -0.055786 0.187781 -0.008477 -0.105025 -0.043614 -0.028860 -0.137870 -0.854044 -0.089423 
0.117568 0.076246 0.072149 0.020324 0.008499 0.125171 -0.296584 0.082926 0.101805 0.113482 -0.328390 0.136413 0.142388 -0.281747 -0.770660 0.064641 
-0.074104 0.111205 0.064041 0.036319 -0.128228 0.194781 0.057675 -0.190242 -0.689492 -0.259897 0.312537 -0.982775 0.382240 0.147058 -0.115442 -0.192643 
0.086644 -0.161182 -0.086898 -0.708341 0.734284 0.041637 -1.025138 -0.065264 -0.153265 0.124744 -0.236586 -0.079073 -0.194970 -0.031654 0.010172 0.139396 
0.049092 -0.229301 -0.029359 0.269673 0.338887 0.157940 0.131279 -0.336651 -0.240187 0.285721 -0.250910 -0.757020 -0.283287 -0.363007 -2.009840 0.191310 
0.000619 -0.029648 0.024175 0.087859 -0.335943 0.059051 0.116428 0.048804 0.432461 -0.006123 -0.313402 -0.054818 -0.018838 -0.034090 -0.779518 -0.046966 
0.164846 0.109790 0.080999 -0.520620 0.159928 0.249018 0.081244 -0.272019 -0.143572 -0.003910 -0.751956 0.096497 -0.079450 -0.462236 -0.412499 0.106913 
-0.023232 0.014014 -0.069163 0.497294 0.207747 -0.054537 -0.589957 -0.091589 0.263447 -0.258850 0.226452 -0.128924 0.127478 0.087621 -1.109267 0.028748 
0.050927 0.061646 0.053088 0.104663 0.289104 0.239132 -0.460922 0.051737 0.122090 -0.078419 0.599267 0.102807 0.066311 0.219845 0.070910 0.248483 
-0.106560 -0.020933 -0.003705 -0.270042 0.469395 -0.215564 0.319276 0.044522 0.363783 0.052360 -0.311082 -0.677137 -0.923944 -0.231143 0.137888 0.118149 
-0.195934 -0.341268 0.119072 0.079151 0.377924 -0.166329 0.240627 0.088602 0.143375 0.075550 -0.450135 -0.314441 -0.068926 0.117457 0.370290 -0.204327 
0.121224 0.211977 0.185481 -1.024184 0.159323 -0.819348 -0.814307 0.170180 -0.282622 0.029993 0.291541 -0.094665 -0.144509 -1.951604 0.388049 0.254700 
-0.222888 0.383579 0.072618 -0.138864 0.597465 -0.037309 -0.267909 -0.151195 -1.496360 0.121980 -0.782105 0.084105 0.190403 -0.009065 0.586236 0.270420 
0.052119 0.011488 0.004294 -0.194674 -0.224421 0.118296 -0.191449 0.001988 0.062295 0.015408 0.141206 0.060674 0.070168 -0.029258 0.760159 -0.041623 
0.146548 0.167639 0.162905 -0.149406 -1.129586 -0.089317 0.004849 0.165131 -0.358934 -0.519167 -0.046082 -0.495586 -0.640801 0.372204 0.179462 0.365134 
0.194895 0.075348 -0.203678 -0.718996 0.112086 0.222057 0.389617 -0.089297 -0.006114 -0.288701 -0.246692 0.270528 0.337470 0.071498 0.198745 0.123740 
0.125105 0.107653 0.086143 -0.071596 0.043607 0.109596 0.055578 0.136223 0.439001 0.140883 -0.346917 0.076826 0.066217 -0.139904 0.237813 0.077728 
0.043499 0.025220 0.031450 -0.040829 -0.045493 0.009375 -0.165390 0.025030 -0.023038 0.066837 -0.008390 0.054974 0.079512 0.137448 -0.419295 0.030062 
0.053549 0.034404 0.031193 -0.060549 0.022703 0.082671 0.124237 0.042209 -0.003408 0.065295 -0.214709 0.058364 0.104803 -0.138322 -0.216135 0.042488 
0.067403 0.079770 0.106138 0.104207 0.048316 0.067865 0.025639 0.098464 0.135701 0.078447 -0.257824 0.076444 0.073487 0.093520 0.040232 0.076450 
