0.368971 0.000912 -0.009122 -0.486707 -0.351105 0.101344 1.247859 -0.372055 0.059149 0.345750 
0.095220 0.017399 -0.195147 -0.384906 -0.212079 0.029482 0.821526 0.062925 -0.034039 0.341394 
-0.100846 -0.198978 -0.112014 -0.385279 -0.160908 0.300115 0.880481 0.091548 -0.074646 0.257047 
0.108082 0.152774 -0.338520 -0.207155 -0.102446 0.250635 0.785114 0.085359 -0.150283 0.113088 
0.163624 0.126142 -0.224623 -0.209781 -0.018118 0.087699 0.615325 0.066420 -0.132887 0.145903 
-0.041498 0.048649 -0.054824 -0.066434 0.151065 -0.022982 0.561606 0.003690 0.141163 0.095424 
-0.148871 -0.072682 -0.024052 -0.298218 0.032477 -0.192497 0.517227 -0.153499 0.087641 -0.183923 
-0.249595 -0.028642 0.030220 -0.321194 0.179268 0.189042 0.264042 -0.017504 0.116353 -0.027079 
-0.098017 -0.013895 0.113467 0.138729 -0.119964 0.168973 0.375887 -0.245772 0.228240 0.092660 
-0.166905 0.077399 0.208265 0.120031 -0.005172 0.000875 0.037725 -0.000300 0.267985 0.114509 
0.175000 -0.110254 -0.081008 0.002542 0.065609 0.100187 -0.161024 0.086119 0.363321 0.012358 
-0.164980 -0.057761 0.109176 0.027945 0.055263 -0.132729 0.146545 0.116345 0.305748 0.034541 
0.124211 0.018338 -0.000406 0.073983 0.188637 -0.193587 0.048089 0.027920 0.198527 0.220039 
0.090865 -0.149145 0.128291 -0.146299 0.186260 -0.360280 -0.014295 0.094836 0.212466 -0.209117 
-0.085417 0.144024 -0.139969 0.080225 0.092082 -0.234309 0.060714 -0.133895 -0.023839 -0.109246 
-0.005923 -0.100552 -0.225097 0.131980 -0.053325 0.076163 -0.082594 -0.130060 0.370059 -0.002117 
0.062718 0.124216 -0.018000 -0.172439 0.050519 -0.134767 -0.361843 0.141977 0.209023 -0.168931 
0.009477 0.044360 -0.114408 0.113316 0.079378 -0.293649 -0.301046 0.325689 0.338694 -0.207332 
0.001807 -0.050818 -0.235242 0.037070 0.177040 -0.022154 -0.483704 0.164324 0.312352 -0.100138 
0.059184 0.034055 -0.157139 0.054768 -0.162304 0.127886 -0.473379 -0.104238 0.154686 -0.127643 
-0.046081 -0.094345 -0.210560 0.236627 -0.056245 0.039174 -0.545880 0.119769 -0.017785 0.026204 
-0.074748 0.037715 -0.290345 0.118262 -0.014093 -0.048058 -0.633429 0.106410 0.053054 -0.140685 
-0.188483 -0.076585 -0.170642 -0.054996 0.055375 -0.167550 -0.412660 -0.031846 -0.030986 -0.096128 
0.029551 0.042352 -0.287430 0.080164 -0.078602 -0.292598 -0.417011 -0.153757 -0.199282 -0.167830 
-0.303795 -0.243270 0.020265 0.157403 -0.133782 -0.126293 -0.516652 -0.071427 -0.153714 -0.173509 
-0.159649 0.167017 -0.076771 0.368985 -0.210757 -0.228725 -0.610687 -0.375463 -0.250007 0.077894 
-0.124900 0.078013 -0.140799 0.232316 0.025142 -0.098184 -0.416752 -0.177705 -0.298930 0.079608 
-0.229449 -0.252173 -0.097468 0.383082 -0.056151 -0.216797 -0.463571 -0.196900 -0.221184 0.006460 
-0.439714 0.094700 0.081838 0.231718 0.105333 -0.121700 -0.568414 0.091882 -0.014600 -0.179434 
-0.018006 0.062682 0.021517 0.132961 -0.043223 -0.030611 -0.430019 -0.150845 -0.131947 -0.046970 
0.057786 0.163824 0.081282 0.316981 -0.088368 -0.273201 -0.705058 0.066008 -0.171773 -0.161675 
-0.099693 0.110197 0.027776 0.089458 0.078335 -0.240718 -0.500606 -0.194014 -0.043677 0.134541 
-0.006501 -0.138854 -0.103415 0.090855 -0.110039 -0.048941 -0.596666 0.055626 -0.174670 0.185153 
-0.236702 -0.043896 -0.117926 -0.017596 0.128335 -0.179215 -0.711587 0.030214 0.135072 -0.119828 
-0.008611 0.093040 -0.103033 0.313973 0.302901 -0.026514 -0.667009 -0.044236 0.171409 -0.145544 
0.085607 0.051850 -0.131293 0.010821 0.003288 -0.395235 -0.465999 0.302555 0.229595 -0.170499 
0.050658 0.074088 0.117411 0.197107 0.444044 -0.106666 -0.386860 0.072696 -0.005018 -0.453687 
0.071744 -0.039448 0.041853 0.074611 0.380731 -0.005258 -0.529800 0.009616 0.149211 -0.204434 
0.025775 0.009290 0.233458 0.152556 0.276771 0.129209 -0.495000 -0.076276 0.249581 -0.197655 
-0.202628 0.003690 -0.019612 0.014444 0.528002 0.046522 -0.763452 0.321257 0.128510 -0.217111 
-0.258323 0.037927 0.176783 0.196219 0.380715 -0.123122 -0.724062 0.250966 -0.025010 -0.322317 
0.049982 -0.032306 0.040554 0.228700 0.681626 0.191974 -0.744591 0.418535 -0.241947 -0.368213 
0.180961 -0.223713 0.208082 0.247026 0.516110 -0.082784 -0.668268 -0.010023 -0.317413 -0.157430 
0.131019 -0.093596 0.033325 0.265083 0.419713 0.112086 -0.666067 0.091738 0.161360 -0.174920 
0.306718 -0.199883 0.380466 0.097223 -0.045796 0.184183 -0.659755 -0.063493 0.191879 -0.078954 
0.257413 0.067354 0.247467 0.085091 0.144492 -0.173549 -0.736836 0.126324 0.052474 -0.217857 
0.087350 0.066864 0.111637 0.257210 0.095989 -0.111663 -0.351677 0.042330 0.096905 -0.020145 
0.142147 0.065062 0.204427 0.104932 0.009714 -0.320283 -0.027621 0.055647 -0.090948 -0.177327 
0.156499 0.139011 0.101585 0.069302 -0.005442 0.052935 -0.015261 0.144983 0.077947 0.211905 
-0.099915 0.068185 0.272977 -0.225097 0.089434 -0.094718 0.194415 0.135916 -0.042286 0.038319 
0.066081 0.031673 0.292561 -0.168557 0.170893 0.021015 0.529809 0.007886 0.007631 0.055235 
0.086452 -0.239557 0.582358 0.005551 0.346862 -0.277876 0.704819 -0.232385 -0.073516 0.018553 
0.263586 0.069815 0.687751 0.217593 -0.084649 -0.063226 0.793145 -0.054102 -0.283310 -0.067863 
0.098141 0.062191 0.561516 0.171210 -0.129892 -0.059680 0.639418 0.049988 -0.032421 0.101308 
0.154357 -0.145355 0.425959 0.419290 -0.190613 -0.034142 0.887355 -0.026392 -0.127851 -0.101517 
-0.209067 0.112721 0.414420 0.499470 -0.183991 -0.028916 1.092982 -0.169281 -0.105844 0.295137 
-0.023941 -0.150553 0.349181 0.413259 -0.143097 0.143635 0.848606 -0.050486 -0.133613 0.015095 
0.102732 0.049162 0.212735 -0.067848 0.132425 0.227888 0.765509 -0.086374 -0.096904 -0.287232 
0.130294 0.020185 -0.243341 -0.082156 0.148781 0.347264 0.455723 -0.362283 0.173865 -0.279754 
0.335948 -0.013190 -0.135905 -0.470653 0.411699 0.638560 0.367564 -0.485495 0.331949 -0.410415 
0.003182 0.018139 -0.084924 -0.762709 0.344912 0.651995 0.193757 -0.270766 0.032682 -0.422148 
-0.067172 -0.058410 0.022223 -0.672184 0.431725 0.583194 0.270909 0.222323 -0.217350 -0.291875 
-0.084416 0.177001 0.003812 -0.566690 0.062619 0.506454 0.115154 0.205624 -0.295608 -0.209085 
-0.221503 -0.056346 -0.218936 -0.422488 -0.072798 0.490381 0.170972 0.023515 -0.304379 0.081289 
0.095813 0.045074 -0.262424 -0.161770 -0.228527 0.345458 0.186354 -0.299208 -0.128959 0.395205 
0.029958 0.268050 -0.110303 -0.069284 -0.252303 0.346903 0.168088 -0.553594 -0.224989 0.329079 
0.421846 0.082343 -0.168732 -0.054195 -0.046532 0.633965 0.217116 -0.741582 -0.426982 0.472759 
-0.065270 -0.183573 -0.068048 -0.140218 -0.352364 0.654492 0.233074 -0.675537 -0.150442 0.451797 
0.096629 -0.239909 -0.161833 -0.192123 -0.260422 0.742950 0.398174 -0.249161 -0.391454 0.111092 
0.076465 0.001989 -0.254870 -0.107603 -0.612742 0.532795 0.352399 0.123934 -0.193512 0.203050 
-0.195879 0.140933 -0.372746 0.268940 -0.718356 0.361939 0.392515 0.188005 -0.280112 0.354432 
-0.409659 -0.083307 -0.632308 0.265680 -0.686921 -0.170241 0.693751 0.342191 -0.490421 -0.020299 
-0.307918 -0.327795 -0.553036 0.288300 -0.723572 -0.152781 0.631295 0.411984 -0.712882 -0.261326 
-0.411029 -0.331218 -0.201934 -0.311476 -0.548043 -0.250187 0.385662 0.275144 -0.558620 -0.286055 
-0.093693 -0.282540 -0.525350 -0.792026 -0.032177 -0.249318 0.176271 0.572080 -0.252177 -0.197303 
0.318239 -0.212494 -0.325560 -0.707262 0.035461 -0.239513 -0.096232 0.609499 -0.050070 -0.304843 
0.272085 0.198615 -0.586830 -0.704736 0.310981 -0.606843 -0.191523 0.313014 -0.143562 -0.004854 
0.299803 0.323462 -0.504709 -0.636953 0.307276 -0.654536 -0.124669 0.255408 0.252099 0.263879 
0.490037 0.411080 -0.876331 -0.500549 -0.018099 -0.573616 -0.079098 -0.032694 0.585103 0.352615 
0.393195 0.375301 -0.752998 -0.325173 0.032888 -0.736040 -0.075476 0.014161 0.804568 -0.027311 
-0.031870 0.395558 -0.468949 -0.090702 0.267386 -0.724632 0.191790 -0.144704 0.518431 -0.620488 
-0.058033 0.178035 -0.477034 0.002340 0.110927 -0.811160 -0.214468 -0.393716 0.413812 -0.380539 
-0.131966 0.215611 0.027117 0.158084 -0.176284 -0.542500 -0.294237 -0.905783 -0.092786 -0.264129 
0.039478 0.327438 0.144135 0.489980 0.051767 -0.219053 -0.297813 -1.007848 -0.319044 0.363359 
0.108725 0.280567 0.230084 0.876313 0.074095 0.448502 -0.331210 -0.986024 -0.680137 0.136290 
-0.166746 0.146850 -0.114321 0.528774 0.149464 0.326545 -0.123909 -0.712660 -0.449730 0.166693 
-0.313856 -0.050919 0.066093 -0.154154 0.225502 0.049677 0.192895 -0.099292 -0.034618 0.115184 
-0.125478 0.180789 -0.172458 -0.666943 0.191791 0.305240 0.244797 0.501705 0.290182 0.008795 
-0.205558 0.002638 0.182808 -0.855011 -0.187990 0.644492 0.065522 1.055656 0.050233 0.031685 
-0.034317 -0.366485 0.395028 -0.627236 -0.600814 0.409958 0.106604 0.819744 0.284862 0.211763 
0.000032 -0.562131 0.643771 -0.103180 -0.546732 -0.126033 -0.183953 0.582731 0.300462 0.317695 
-0.289181 -0.584551 0.418735 0.191744 -0.283447 -0.696922 0.224955 0.706463 0.592359 0.139781 
-0.029461 -0.495960 -0.027582 0.646920 0.039626 -0.674970 0.035409 0.761586 0.384855 -0.296705 
-0.092796 -0.507441 -0.170208 0.554655 0.302466 0.002092 0.406859 0.135780 0.309888 -0.693401 
-0.001109 -0.725819 0.052752 0.137210 -0.093938 0.390512 0.496091 -0.444804 0.237974 -0.320999 
-0.327841 -0.912205 -0.003246 -0.007517 0.165746 0.425858 0.395099 -0.966336 0.158282 0.317284 
-0.191161 -0.778999 -0.420863 -0.042012 0.211431 0.109193 -0.026853 -0.669383 -0.081191 0.062533 
0.325274 -0.177675 -0.142674 -0.231325 -0.268157 -0.250398 -0.244479 -0.419878 -0.445729 0.320841 
0.451533 -0.148516 0.158063 -0.171627 -0.726108 -0.094125 -0.404591 -0.237980 -0.598600 0.604026 
0.798214 0.074995 0.130071 -0.292943 -0.516303 0.060080 -0.542894 0.184863 -0.162467 0.464769 
0.885565 0.161296 -0.364429 -0.151169 -0.220647 0.589694 -0.363549 0.450345 -0.173761 -0.013276 
0.254835 0.384953 -0.423310 -0.119006 0.228538 0.668176 -0.427017 0.495337 -0.004588 -0.315984 
0.242947 0.266175 -0.282643 -0.238177 0.273989 0.686750 -0.233671 0.436451 0.285413 -0.337312 
-0.192864 0.308478 0.049170 -0.245411 0.298280 0.534013 -0.141567 0.704350 0.613382 -0.188258 
-0.469624 0.437151 0.046585 0.094429 0.552735 0.102261 0.129670 0.486366 0.802869 -0.024845 
-0.538897 0.455985 -0.179763 0.359992 0.617985 0.026894 0.174097 0.295596 0.952039 0.180465 
-0.549090 0.451120 -0.407197 0.661794 0.606305 -0.042238 0.163462 0.384379 0.678480 0.381371 
-0.184197 0.422649 0.022271 0.636569 0.262017 0.097557 0.176789 0.363084 0.595357 0.869425 
0.198122 0.355490 0.403347 0.667324 -0.018373 -0.086140 -0.156211 0.091051 0.266794 0.823808 
0.179850 0.138896 0.340007 0.502235 -0.409576 0.201027 -0.317400 -0.175650 0.367591 1.111549 
0.333381 -0.078780 0.244043 0.280068 -0.553758 0.024529 -0.091419 -0.374649 0.050113 1.042902 
0.479562 0.022250 0.084835 0.402336 -0.398768 0.139443 -0.199435 -0.214528 0.034908 0.671086 
0.415540 -0.396197 0.218815 0.645833 -0.666370 0.220384 -0.152818 -0.194585 -0.216809 0.591744 
0.506776 -0.090434 0.020355 0.458808 -0.632380 0.080621 -0.325981 -0.060754 -0.237655 0.124271 
0.345970 -0.187044 0.177325 0.491140 -0.273363 -0.347365 -0.277244 -0.110032 -0.141459 0.058428 
0.491805 -0.169516 0.053818 0.229136 -0.403617 -0.140537 -0.213381 -0.075744 -0.449112 0.073270 
0.151232 0.050899 0.144441 0.535828 -0.207197 -0.181452 0.048474 0.119765 -0.422937 0.207138 
0.118825 0.013373 0.246036 0.402517 -0.237772 -0.150742 -0.156168 0.108711 -0.239814 0.396740 
-0.067602 0.174989 0.161542 0.581447 -0.133489 -0.134686 0.007498 0.079954 -0.014634 0.354108 
-0.232830 0.136276 0.209786 0.305027 -0.061228 -0.430354 0.074108 0.053076 0.305935 0.411394 
-0.385561 0.321989 0.172771 0.391852 -0.146284 -0.447886 0.144999 -0.030017 0.396006 0.188408 
-0.558153 0.148585 0.123828 0.148243 -0.152275 -0.206607 0.051950 -0.095163 0.387784 0.207520 
-0.543906 -0.051684 0.268494 0.274919 -0.124160 -0.474742 -0.099864 -0.285296 0.623504 0.015862 
-0.357972 0.191892 0.105741 0.167900 -0.267901 -0.305097 -0.291015 0.023027 0.246233 -0.074439 
-0.224603 -0.054403 0.103876 0.135165 -0.128667 -0.098561 -0.224295 -0.067407 0.106626 -0.264087 
-0.044457 0.047845 0.143131 -0.249456 0.019958 -0.214039 0.091439 0.177222 -0.104265 -0.083384 
-0.020684 -0.118977 0.253599 -0.171107 -0.130465 -0.270500 0.184856 0.085613 -0.205721 -0.301630 
-0.242879 0.102597 0.119509 -0.285060 -0.107302 -0.107994 0.205941 -0.059394 -0.149059 -0.346372 
-0.068747 -0.191838 0.044950 -0.317279 -0.324556 -0.204482 0.221677 0.163186 -0.283468 -0.395877 
-0.119932 -0.151887 -0.083601 -0.417670 -0.328452 -0.223146 0.074015 0.136095 -0.169962 -0.553354 
-0.039290 -0.013495 0.304663 -0.527193 -0.270460 -0.499008 0.341917 0.027283 -0.194676 -0.264690 
-0.286899 0.114889 0.276906 -0.367890 -0.257163 -0.371140 -0.026521 -0.085707 -0.161333 -0.379181 
-0.003147 0.053691 0.228764 -0.230908 -0.124629 -0.181723 0.068455 -0.031259 -0.027391 -0.189298 
-0.327236 -0.068092 0.329693 -0.175474 0.075593 -0.254114 -0.009139 0.056176 0.136733 0.051770 
-0.342111 -0.102759 0.361781 -0.251739 -0.145439 0.081210 -0.105428 -0.190794 -0.044212 -0.135519 
-0.662759 -0.070311 0.275921 -0.132463 0.230785 0.054418 0.006685 0.107086 -0.246230 -0.068950 
-0.371433 -0.104568 0.216548 -0.286742 0.138660 0.119428 0.028650 0.085609 0.026115 -0.190087 
-0.358746 0.078209 0.291162 -0.376233 -0.053026 -0.056509 -0.108274 -0.030483 0.010681 0.019665 
-0.140989 0.103843 0.209216 -0.209460 -0.016672 -0.006971 -0.140324 0.046785 0.022221 -0.181195 
-0.231416 0.034795 0.146509 -0.017727 -0.005445 -0.170890 -0.243856 0.095243 -0.065912 0.022597 
-0.203398 0.173791 0.195548 0.023004 -0.144449 -0.041499 0.149153 -0.189441 0.381945 -0.303993 
-0.402355 -0.086741 0.164804 -0.207201 -0.022252 0.092938 -0.195220 -0.403507 0.216620 -0.095350 
-0.049046 -0.112011 0.104546 -0.092483 0.304725 0.025008 -0.232045 0.019424 -0.048003 -0.298449 
0.026287 -0.098161 -0.121508 0.033842 0.139364 -0.087760 -0.086760 0.022513 0.198499 -0.224627 
0.182417 -0.082492 0.045736 -0.039998 0.303916 0.062859 -0.152298 0.106674 0.019600 -0.351523 
0.014471 0.083383 -0.110631 -0.002805 0.112247 -0.218921 0.094216 -0.092934 -0.106999 -0.183016 
-0.091063 -0.066103 -0.041601 -0.146589 0.216752 -0.037179 0.192867 0.044519 -0.021866 -0.106435 
-0.111078 0.068207 -0.248218 -0.009964 0.386459 0.158092 0.022376 0.162055 -0.243345 -0.007992 
0.043702 -0.082737 -0.074491 0.081040 0.419640 0.116476 0.049818 0.052745 0.127080 0.020244 
-0.052570 -0.124006 0.010483 0.154936 0.366392 -0.033450 0.117832 -0.191426 0.174194 -0.050922 
0.035296 0.082102 -0.050292 0.374794 0.198779 -0.155567 0.151172 0.039552 0.014913 -0.048803 
0.150477 -0.057011 0.008099 0.223645 -0.001044 0.005020 0.204719 -0.151109 -0.102820 0.168563 
0.125503 -0.030264 -0.291937 0.178129 0.204615 0.231276 0.155976 -0.085575 -0.062497 0.192817 
0.145904 0.100350 -0.247921 0.052074 0.097431 0.099945 0.068511 -0.124700 -0.076232 0.027100 
-0.208402 0.218641 -0.050941 0.188372 -0.061211 0.279124 0.121300 -0.003039 -0.022760 0.153644 
0.035125 0.073686 0.110581 -0.046152 0.117567 -0.001788 0.250811 0.025613 -0.018733 0.128332 
0.180358 0.079020 0.227711 -0.212226 0.196008 0.019031 0.059621 0.031878 0.049902 0.422359 
0.046814 -0.085698 0.146452 -0.083719 0.000472 -0.168896 -0.037675 -0.125986 -0.112103 0.147039 
-0.007124 0.098755 -0.036795 0.003910 0.064874 0.166198 0.219101 -0.043696 -0.075902 0.131346 
-0.037237 -0.013678 -0.187771 0.030250 0.053219 -0.006418 -0.046051 -0.036443 0.065641 0.037080 
-0.104043 -0.145827 -0.180035 0.020213 -0.270596 -0.098686 -0.130246 0.083214 0.084302 -0.049854 
-0.102373 0.305492 0.043445 0.000743 -0.091464 0.164331 0.174665 -0.079621 0.005015 -0.087089 
-0.093761 0.121164 -0.023034 0.042976 0.060957 0.197107 0.099896 0.192295 -0.035393 0.070703 
-0.077433 -0.074669 0.236360 -0.122840 0.020641 0.031561 0.399139 -0.095246 -0.140782 -0.087722 
-0.038205 0.047408 -0.063718 -0.013327 0.105038 0.060271 0.292247 -0.034828 -0.217963 -0.207876 
-0.028138 -0.132975 0.078896 -0.028709 -0.387700 -0.141750 -0.052851 0.100467 0.069945 -0.377300 
-0.105862 -0.020270 -0.086065 0.169971 -0.026934 -0.128961 -0.125899 0.060048 -0.035514 -0.302588 
0.219762 0.007419 0.253176 0.061186 -0.113950 0.108471 -0.062136 0.155544 -0.157221 -0.302616 
-0.017667 -0.147895 0.191389 0.244852 -0.122197 0.145181 -0.111934 0.058314 -0.163191 -0.214784 
-0.082372 0.020227 0.036133 0.230559 -0.145053 -0.065530 0.000883 0.026354 0.098730 -0.043282 
-0.044240 0.102707 -0.035066 -0.037726 -0.061807 0.115011 -0.242985 -0.004985 0.153071 -0.062519 
-0.003404 0.240511 -0.014877 -0.291503 0.072698 0.157698 -0.182783 0.037986 0.067161 -0.100232 
0.159771 -0.018747 -0.089962 -0.313142 -0.071249 -0.072887 -0.003696 -0.149984 -0.001810 -0.012100 
0.256505 -0.037295 0.046950 -0.260571 0.211755 0.036393 0.208462 -0.059800 -0.205350 -0.048339 
0.369060 -0.066723 -0.140951 0.119472 0.267788 -0.232453 0.080921 0.179080 -0.275976 -0.104205 
0.317888 -0.227453 0.073352 0.033808 0.178806 0.232261 0.087553 0.009314 -0.414175 0.033461 
0.397376 -0.106570 -0.104837 -0.193700 0.334633 0.252529 0.008704 0.159387 -0.497958 -0.033144 
0.549182 0.161040 -0.148651 -0.178443 0.502508 0.281599 0.264062 -0.051029 -0.204483 -0.007891 
0.564131 -0.042132 -0.295798 -0.536375 0.277911 0.250968 0.224374 -0.110954 -0.503094 -0.200592 
1.062154 0.111782 -0.110619 -0.921462 -0.006637 0.265509 0.245746 -0.125089 -0.396515 -0.141367 
