0.405155 0.354211 -0.043471 -0.494730 0.066997 0.554359 0.141615 -0.188640 0.289948 -0.564240 -0.436807 0.439618 0.433044 0.321915 -1.711198 0.440915 
0.213165 0.137430 0.192456 -0.472373 0.023832 -6.068317 -2.873619 0.264793 0.097109 0.080865 0.003249 0.248975 0.260064 -1.884309 -0.237371 0.231810 
0.227515 -1.018796 0.207534 0.116555 -0.434262 0.011651 0.288292 0.193884 -1.365319 -0.490346 0.106578 -1.466796 -0.651176 0.172904 0.164298 -1.674639 
-0.039157 -0.017079 0.143812 0.435551 0.815387 0.252037 -0.077510 0.139866 0.354446 1.027635 0.217997 -2.213230 -0.086181 0.213150 -0.629149 -2.106286 
-0.659730 -0.136519 -0.030008 0.219183 0.590080 0.236197 0.248666 -0.109361 0.132394 0.161176 -0.060816 -0.053377 0.373652 0.215422 0.382919 -0.376788 
-0.086762 -0.657224 0.055795 0.554501 0.273503 0.075041 -0.172602 0.041019 -1.321894 -0.549982 0.024541 -0.089233 -0.763260 0.274369 -0.424655 -2.231256 
0.200108 0.196284 0.205588 -0.075287 -1.350699 0.236017 0.299678 0.026279 -0.845700 -0.438618 0.110938 -0.325892 -2.924172 0.201375 -0.225794 0.297495 
0.156389 0.250303 -0.643937 0.183200 -0.146683 -2.007714 -1.328541 0.107621 0.382229 -0.121998 -0.199190 0.391430 0.235025 -1.226434 -0.785117 -0.282818 
-0.214459 -0.037609 0.391106 -0.142004 0.374916 0.460914 0.569459 0.251491 -1.048310 0.698893 -0.037446 -0.410943 -1.322028 0.424477 0.431360 0.056465 
-0.756062 0.104375 0.184389 0.070285 -0.512983 -0.043917 -0.477070 -0.613642 -1.098204 -0.855046 0.039750 -2.224356 0.383309 0.084060 -0.191109 -2.095180 
