0.766770 -0.208158 0.150232 0.065352 -0.093660 -0.035891 0.044397 1.037022 0.226605 0.134825 -0.092234 0.004047 
0.326402 -0.062940 0.230139 0.006860 0.010088 -0.324224 0.162999 0.869456 0.462993 -0.046111 0.046063 -0.005736 
0.192017 0.203331 0.089335 -0.140874 0.048164 -0.442436 0.175885 0.713776 0.505064 0.006165 -0.198929 -0.388001 
0.135564 0.062294 0.035139 -0.125730 0.022383 -0.260476 -0.176396 0.555128 0.165589 -0.078261 0.029285 -0.064126 
0.238306 0.184663 0.058363 0.064539 -0.087367 -0.118577 -0.107408 0.216283 0.490881 -0.104626 -0.071962 -0.359629 
0.282888 0.067905 -0.024250 -0.057687 -0.135608 0.068516 -0.185780 0.258196 0.360282 -0.148606 -0.052014 -0.274171 
0.169843 0.163560 0.139721 0.074586 -0.192935 -0.033211 -0.033434 0.364218 0.176246 -0.080835 -0.192876 -0.111286 
0.167396 0.344763 -0.207708 -0.074873 -0.246613 -0.137079 -0.065689 0.483211 0.040225 0.151206 0.021972 -0.146825 
-0.078028 -0.049139 -0.277858 0.339354 -0.081151 0.163487 -0.058694 0.059023 0.266462 0.112980 0.033979 -0.165123 
0.203495 -0.233469 -0.197915 0.072443 -0.201477 0.245604 0.058947 -0.137075 0.045652 0.240956 0.057873 -0.103832 
0.062176 -0.347384 -0.513963 0.209079 -0.291806 0.518373 -0.054501 -0.162493 0.263081 -0.093330 0.075997 -0.279329 
0.003431 -0.289672 -0.149093 -0.102183 -0.244217 0.283996 0.206019 0.102735 0.132143 -0.167856 0.048814 -0.268418 
0.070487 -0.017902 -0.211041 -0.141927 -0.369959 0.299701 0.122054 -0.057606 0.125275 -0.163071 0.101566 -0.148656 
0.257351 0.109148 -0.257580 -0.244690 -0.216296 0.380072 0.024944 0.168995 0.302872 -0.009290 0.013126 -0.042695 
0.103094 -0.004209 -0.067496 -0.040632 -0.137123 0.100659 0.110017 0.167107 0.160811 0.180790 -0.197838 0.278250 
0.161995 0.218872 -0.328949 0.023425 -0.075395 0.196625 -0.090471 -0.155023 0.227560 -0.056614 -0.020003 0.193049 
0.043901 0.088041 -0.327103 0.045768 -0.137660 0.252429 -0.457950 0.394564 -0.094009 -0.237298 -0.014622 0.128150 
-0.150972 -0.180674 -0.395980 -0.022762 -0.054929 0.318390 -0.404312 0.134308 -0.337027 -0.097015 0.104392 0.038280 
-0.186460 -0.241355 -0.612507 0.085888 0.046814 0.305433 -0.108716 0.329464 -0.250814 -0.174735 0.063753 -0.161214 
-0.068890 -0.237465 -0.366222 0.061822 0.262095 0.173021 0.076667 0.278781 -0.373992 -0.039402 0.103794 -0.217265 
-0.239867 -0.072903 -0.652460 0.032779 0.181333 0.449475 0.070157 0.289522 -0.204270 0.039415 -0.058176 0.058664 
-0.177519 -0.025771 -0.521862 0.339453 -0.126593 0.501884 -0.131528 0.422581 -0.267742 -0.040349 -0.015745 -0.091111 
-0.174255 0.133238 -0.237484 0.136425 0.177047 0.501129 -0.130314 0.181758 -0.320238 -0.125076 -0.022095 0.196222 
-0.131538 0.132632 -0.362071 -0.012817 0.153254 0.237886 -0.182169 0.324965 -0.199214 0.034807 -0.049055 -0.111613 
-0.040969 -0.047308 -0.446246 0.056021 0.009375 0.326147 0.050469 0.191506 -0.218141 0.024084 0.004915 -0.073844 
0.091544 -0.008739 -0.469551 -0.286698 -0.317364 0.086630 0.202318 0.139277 -0.080046 0.049011 0.139743 -0.076652 
0.117984 -0.181796 -0.539565 -0.248072 -0.014268 0.231059 0.270653 0.006014 -0.293347 -0.144522 -0.025469 -0.105118 
0.266630 -0.090798 -0.560120 -0.130879 -0.431429 0.386253 -0.204807 -0.139926 -0.379986 -0.111553 0.086478 -0.158795 
0.178771 -0.158680 -0.509880 -0.010100 -0.108029 0.192587 -0.122104 -0.202745 -0.395899 0.162369 0.087644 -0.239550 
-0.193126 -0.062823 -0.382376 -0.236621 -0.196426 0.190443 -0.072968 -0.066044 -0.364077 0.044008 0.137432 0.023626 
-0.111362 0.000892 -0.253935 -0.016965 -0.210015 -0.028415 0.037576 -0.073585 -0.190061 -0.045023 -0.067057 0.027132 
0.128203 0.073148 -0.146204 -0.070894 -0.232535 -0.133652 -0.040335 0.221957 -0.285615 0.034148 0.089508 0.012494 
0.046547 0.070492 0.050960 -0.172031 -0.016848 0.069325 -0.093217 0.125701 -0.109575 -0.014760 0.044867 0.079799 
0.072263 0.070699 0.012316 -0.110770 -0.347456 0.117322 -0.173932 0.092492 -0.218509 -0.065116 -0.065321 -0.049733 
0.089738 -0.053414 0.042067 0.340333 -0.071463 0.061647 -0.105394 -0.059464 -0.281455 0.297616 0.007065 0.087686 
0.139695 -0.086082 0.096186 0.422348 0.007559 0.153279 0.014201 0.024504 -0.428969 0.021957 0.219077 -0.445850 
0.261723 -0.253496 0.017620 0.345850 -0.103112 0.103489 -0.261925 0.096946 -0.317352 0.004467 -0.149625 -0.456442 
0.239135 -0.002774 0.013898 0.668283 0.180636 -0.139702 -0.216749 0.007346 -0.459112 0.090494 0.066261 -0.403003 
0.191077 0.009092 -0.019952 0.251223 0.006052 0.012740 -0.176059 0.018973 -0.338150 0.051820 -0.033953 -0.456633 
0.367532 -0.313862 -0.115840 0.211653 0.170948 0.193193 -0.187855 0.083904 -0.558832 -0.111536 -0.076510 -0.368657 
0.221147 0.046730 0.146959 0.381443 0.402079 -0.034122 -0.329521 -0.139955 -0.648595 0.000773 -0.189351 -0.167807 
0.207513 0.049347 -0.108568 0.434828 0.525099 -0.052138 -0.480053 -0.152197 -0.450203 -0.304013 -0.347050 -0.408909 
-0.033573 0.101689 0.137778 0.525837 0.506469 0.131713 -0.203226 -0.022847 -0.410776 -0.237590 -0.040683 0.092180 
-0.273163 -0.249054 0.055997 0.366145 0.443706 0.221813 -0.101140 -0.151311 -0.229167 -0.210153 -0.205258 -0.018224 
-0.380061 -0.182610 0.277638 0.338378 0.582161 0.180826 -0.262758 -0.011717 -0.104613 0.011108 0.166224 0.332079 
0.012239 -0.025061 0.066057 0.339755 0.473042 0.108808 -0.066849 -0.280477 0.063944 -0.065935 0.137845 0.209673 
-0.005867 0.111563 0.152277 0.258028 0.407938 0.256875 -0.207167 -0.370773 -0.077912 -0.103213 0.211883 -0.067555 
0.127173 -0.138635 0.140129 0.422766 0.478660 0.036461 -0.063157 -0.642505 0.064477 -0.222124 0.220684 0.183906 
-0.274788 -0.075163 0.285268 0.455990 0.509943 -0.114156 -0.032848 -0.545713 -0.025074 -0.121670 0.095108 0.111117 
-0.212783 0.179512 0.248845 0.248968 0.250796 -0.334943 0.118293 -0.316498 0.204991 0.003343 0.147997 0.299922 
-0.457041 0.154769 0.325177 -0.031483 0.208488 -0.450267 0.274015 -0.410838 0.145289 0.097362 -0.057889 0.201097 
-0.328370 0.166011 0.285214 0.021868 0.139261 -0.790272 0.125209 -0.279069 0.157731 -0.005672 0.080722 0.059723 
-0.479327 0.174801 0.293158 -0.136614 -0.125329 -0.527393 0.217369 -0.427042 -0.281096 0.003989 0.077085 0.383589 
-0.217627 -0.049820 0.391262 -0.092900 0.060829 -0.697524 0.179976 -0.355768 -0.239159 -0.077829 -0.174316 0.221109 
-0.452262 -0.121618 0.510022 0.087145 0.075438 -0.778132 0.176204 -0.291957 -0.111832 0.200568 0.084849 0.285591 
-0.344389 -0.094159 0.450173 -0.257716 0.091827 -0.837126 0.292766 -0.375807 -0.058240 0.316879 0.123501 0.038269 
-0.414953 0.200628 0.355380 -0.062351 -0.144022 -0.753172 0.414065 -0.112019 -0.054771 0.240743 0.293446 0.207985 
-0.313810 -0.002521 0.456044 -0.062254 -0.176608 -0.702747 -0.115129 -0.208035 0.031839 0.421384 0.129698 0.157760 
-0.674034 0.122907 0.444641 -0.061924 0.023728 -0.391469 -0.237655 -0.136571 0.136295 0.397080 -0.161274 0.052632 
-0.566002 -0.022538 0.696944 -0.088844 0.020157 -0.436782 -0.387749 -0.239783 0.165729 0.530479 -0.106034 0.022527 
-0.396743 0.076820 0.466904 -0.005609 -0.225132 -0.727242 -0.375503 -0.086526 -0.002291 0.250249 0.136499 0.058207 
-0.173776 0.346369 0.264753 -0.193544 -0.195445 -0.542232 -0.338682 -0.150031 0.152720 0.322399 0.108734 -0.174464 
-0.138198 0.317083 -0.021784 -0.056792 -0.226997 -0.217728 -0.346253 0.139132 -0.022148 0.247634 -0.016150 0.211063 
-0.042954 0.185008 -0.538380 -0.086481 -0.461667 -0.084628 -0.379744 -0.090772 0.111728 0.357295 0.038943 0.342459 
0.028212 0.005913 -0.597656 -0.083503 -0.395653 -0.008992 -0.099964 -0.058134 0.202228 0.518942 -0.151449 0.354242 
-0.094916 -0.064775 -0.368299 -0.546120 -0.175882 0.133830 -0.148358 -0.134558 0.257173 0.478958 -0.201580 0.589848 
-0.085232 0.062648 -0.189927 -0.567287 0.253900 -0.025039 -0.019958 0.145013 0.057563 0.280082 -0.196217 0.351652 
0.195000 0.218809 0.008188 -0.946104 0.160865 -0.182397 0.428125 -0.000357 0.218104 0.058495 -0.146596 -0.007261 
-0.137266 0.160065 0.537095 -0.701759 0.325974 0.012765 0.464045 0.042213 0.048207 -0.119468 -0.096527 0.303495 
-0.270812 -0.068828 0.765641 -0.893821 0.280031 0.055330 0.472895 -0.309544 0.406214 -0.479711 -0.090555 0.176711 
0.014101 -0.105553 0.707991 -0.664631 0.690447 0.314818 0.556377 0.041126 0.280354 -0.555538 -0.256510 0.489663 
-0.043019 0.303560 0.692880 -0.833493 0.809490 0.266337 0.383948 0.066406 0.085525 -0.658379 -0.107197 0.606148 
0.040695 0.513589 0.228875 -0.640813 0.931073 0.425696 0.248354 -0.060356 0.094859 -0.338730 0.094901 0.347332 
0.055578 0.715468 0.334905 -0.414261 0.493273 0.349505 -0.136479 -0.120791 0.054735 -0.409442 -0.010673 0.360197 
-0.235927 0.696681 0.142757 -0.289326 -0.071492 0.346401 -0.029196 -0.052848 -0.121348 -0.400606 0.132053 -0.079379 
-0.004949 0.904228 0.176801 -0.316854 -0.662344 0.131117 0.043045 0.082192 -0.032817 -0.528542 0.190730 -0.415485 
-0.066516 0.403924 0.292895 0.276338 -0.813049 -0.057013 0.264824 0.160777 0.127107 -0.384319 -0.113002 -0.491173 
-0.137121 0.178787 0.318493 0.401503 -0.776668 -0.055466 0.486341 0.380510 0.498907 0.154141 -0.263118 -0.472652 
0.022441 -0.129515 0.451339 0.555491 -0.514539 0.316272 0.479977 0.235231 0.841126 0.564921 -0.162238 -0.039372 
-0.183097 -0.352399 0.532418 0.435432 -0.446194 0.485540 0.206838 0.270886 0.602917 0.695988 0.063271 -0.230994 
-0.134379 -0.485057 0.750968 0.258146 -0.040373 0.783930 -0.211060 0.037629 0.388043 0.601367 -0.197913 -0.116415 
-0.065894 -0.390480 0.480982 0.259688 0.230938 0.367555 -0.443711 0.156310 -0.108399 0.733954 -0.222098 -0.134268 
0.070991 -0.034436 0.404576 0.227199 0.734910 0.242707 -0.612972 0.251846 -0.079815 0.586571 -0.125841 -0.046208 
-0.034416 -0.072579 -0.043843 0.203949 0.877571 -0.011823 -0.548251 0.220251 0.092551 0.462099 -0.507323 0.098683 
0.148210 0.098311 -0.273437 -0.103413 0.580971 -0.009076 0.022012 0.196707 -0.131944 0.532066 -0.411673 -0.088397 
0.082534 0.278710 -0.406111 -0.106144 -0.087984 0.086114 0.101094 -0.175678 -0.120037 0.527086 -0.230572 0.134499 
0.131954 0.334206 0.089212 -0.082297 -0.601202 -0.078367 0.069421 -0.040688 -0.216528 0.102838 -0.150245 0.004885 
-0.111360 0.008984 -0.213273 0.451098 -0.839345 -0.321346 -0.271667 -0.114836 -0.009222 -0.534975 -0.178188 -0.031478 
0.004990 -0.064946 -0.213974 0.390017 -0.692995 -0.287838 0.385392 0.093244 -0.209031 -1.054198 -0.257393 -0.077223 
-0.474366 -0.116952 -0.212515 0.033998 -0.378129 -0.417096 0.806777 0.207366 -0.089550 -0.726140 0.366008 0.099810 
-0.523011 -0.273691 -0.281454 -0.271165 -0.242304 -0.339694 0.761051 0.129303 -0.229392 -0.594749 0.854417 0.224890 
0.024834 -0.506339 -0.014460 -0.233994 0.344027 -0.257507 0.031531 0.101752 0.191087 -0.719009 0.758100 0.368169 
0.272904 -0.746622 -0.025048 -0.263816 0.203752 -0.077000 -1.133890 -0.099004 0.188074 -0.741149 0.748604 0.362799 
0.286637 -0.401578 0.240525 -0.376502 0.505463 -0.132727 -1.221072 -0.108441 -0.017315 -0.290894 0.806934 0.164048 
0.136566 -0.168199 0.241541 -0.204297 0.269804 -0.316494 -0.165816 0.138507 -0.259407 0.517412 0.981884 0.193093 
0.285553 0.179424 0.106918 -0.087575 -0.087335 -0.199644 0.584437 0.470258 -0.467138 0.880075 0.847992 -0.296930 
-0.132280 0.464459 0.037124 0.172668 0.093445 0.644175 0.426405 0.218534 -0.319945 0.745605 0.357959 -0.096565 
-0.369655 0.684504 -0.323980 0.555072 0.052427 0.654425 0.453818 -0.403311 0.089430 0.141763 0.006750 0.314900 
-0.645492 0.360568 -0.610847 0.519037 -0.296494 0.642755 0.627500 -0.644482 -0.025873 -0.375472 -0.051108 0.415831 
-0.662272 0.011009 -0.516064 0.530004 -0.584301 0.422982 0.617705 -0.440217 0.091109 -0.864493 -0.548155 0.744130 
-0.465796 -0.208964 -0.365307 0.207333 -0.331851 0.260056 -0.424104 0.244522 0.503980 -1.170697 -0.550760 0.749295 
-0.614499 -0.413663 -0.292684 0.333700 -0.285860 -0.205073 -0.625577 0.622139 0.737167 -1.296358 -0.721834 0.187023 
-0.209977 -0.541545 -0.214760 0.322478 -0.315852 -0.522271 -0.655735 0.609967 0.620112 -0.876937 -0.488313 0.116632 
0.135253 -0.964175 -0.184252 -0.156097 -0.059464 -0.795527 -0.091012 0.638123 0.504001 -0.690520 -0.169517 -0.574192 
0.365150 -0.889860 0.032097 -0.172678 0.167418 -0.768966 0.030710 0.357170 0.251033 0.144844 -0.091007 -0.842811 
0.514087 -1.097689 0.193427 -0.136304 0.425934 -0.467545 0.390783 0.117576 0.371680 0.402531 -0.061461 -1.164508 
0.326954 -0.765647 0.043956 0.042106 0.823714 -0.309836 0.869944 -0.204151 0.155376 0.221060 0.209468 -0.881475 
0.152534 -0.578881 0.027748 0.279550 0.624876 -0.338198 0.854083 -0.249963 0.076554 0.268043 -0.090660 -0.662427 
0.157486 -0.251067 0.105834 0.033574 0.309239 -0.277933 0.957859 -0.305811 0.350539 0.316040 0.200459 -0.300447 
-0.002156 -0.207422 -0.044086 -0.023316 0.335527 -0.295579 0.899035 -0.279743 0.413194 0.271750 0.022241 0.162649 
0.107703 -0.036818 -0.143964 -0.203144 0.263262 -0.183708 0.697410 -0.194184 0.462891 0.444897 -0.015617 0.626747 
-0.045077 -0.099447 -0.117784 -0.083566 0.127774 0.088298 0.628983 -0.134917 0.474757 0.261786 0.072460 0.621642 
0.131126 -0.177500 -0.112658 -0.019143 0.276587 0.481431 0.291505 -0.219707 0.582929 0.045891 -0.011128 0.759635 
-0.174219 -0.046086 -0.116366 -0.219336 0.375031 0.563787 0.213240 -0.296710 0.518696 -0.182210 -0.306770 0.674989 
-0.018581 0.037792 -0.163204 -0.332043 0.172232 0.538372 -0.154971 0.093966 0.147416 0.047409 -0.272793 0.386123 
-0.085512 0.138800 0.036554 -0.535790 0.089400 0.402272 0.251846 0.022546 0.249161 -0.037257 -0.027333 0.600314 
0.153703 0.076694 -0.062857 -0.345519 0.150525 0.451526 0.075329 0.069680 0.134275 -0.030244 -0.264093 0.134432 
0.171531 0.020670 0.185638 -0.433848 0.178961 0.349925 0.453306 -0.065026 -0.014623 0.295810 -0.159557 0.149632 
-0.008113 -0.100332 0.186295 -0.114854 -0.103145 -0.163571 0.391721 -0.083171 -0.278098 0.346984 -0.117154 0.082609 
0.174171 -0.079687 -0.094749 -0.237751 0.103705 -0.031396 0.313751 0.055611 -0.025200 0.421289 -0.091669 -0.124846 
0.304331 -0.246618 -0.162543 -0.400820 0.220587 -0.216678 0.094449 -0.022942 -0.058076 0.224388 -0.046798 0.082571 
0.132703 -0.156362 -0.245549 -0.202860 0.117161 -0.288339 0.206057 0.079567 -0.167689 0.182224 0.052579 0.144576 
0.191709 -0.117882 -0.034772 -0.138438 0.146238 -0.349989 -0.044762 -0.127479 -0.176834 0.097386 0.055890 0.122332 
0.034200 -0.059554 -0.186387 0.130738 -0.194785 -0.168521 -0.235235 -0.082339 -0.311453 0.148610 0.184670 0.177028 
0.093674 0.064029 0.002601 0.227673 0.180327 -0.271375 -0.114193 0.141029 -0.394925 -0.109827 -0.067112 0.091436 
0.100831 0.418385 -0.109166 0.384710 -0.153682 -0.198127 -0.126736 -0.040624 -0.575522 -0.432322 -0.019278 0.132988 
-0.041263 0.239148 0.109566 0.073342 -0.375117 -0.029016 -0.168129 0.081533 -0.190809 -0.214885 -0.109156 -0.029955 
-0.145442 0.410138 0.235239 0.071151 -0.345973 0.040106 -0.362513 0.238155 -0.195368 -0.275497 -0.049221 0.163853 
-0.146178 0.552319 0.359550 -0.019427 -0.448700 -0.124912 -0.393097 -0.045676 -0.070286 0.126668 0.041073 0.054996 
-0.180711 0.422572 0.163773 -0.222275 -0.334519 -0.050366 -0.508267 0.037146 -0.187686 -0.060349 -0.049120 -0.024205 
-0.093187 0.338911 0.088210 -0.150766 -0.451228 0.019884 -0.562629 -0.090060 -0.074020 -0.024029 0.221192 0.131794 
-0.256552 0.162108 0.214845 -0.356108 -0.523733 -0.177427 -0.434499 -0.068128 0.050960 0.088578 0.143557 -0.167594 
-0.246287 0.163398 0.407889 -0.290300 -0.457075 -0.370819 -0.119552 -0.031008 0.021486 0.067767 0.019402 -0.265984 
-0.043604 0.149916 0.229896 -0.133834 -0.429662 -0.233157 -0.191991 -0.072488 -0.118893 0.046743 0.106786 -0.124165 
0.548616 0.264749 0.231279 -0.181216 -0.126730 -0.142544 0.032576 -0.282729 -0.027180 0.058013 0.139290 -0.160814 
0.469953 0.000512 0.232875 -0.017851 -0.209928 -0.029996 0.071746 -0.186406 -0.084964 0.023575 -0.045473 -0.238973 
0.328975 -0.042387 0.285238 -0.132893 -0.195032 -0.208826 -0.286132 -0.418577 0.141137 -0.014360 0.027526 -0.240370 
0.081647 -0.172451 0.362462 -0.210928 -0.308703 -0.265896 -0.279934 -0.362672 0.045445 -0.067211 -0.123852 -0.194182 
-0.014909 -0.085874 0.377099 -0.220833 -0.145624 -0.150012 -0.191421 -0.212558 -0.051715 0.127892 -0.058933 0.040888 
-0.199183 -0.241937 0.451373 -0.212619 -0.185230 -0.243035 -0.100474 -0.043447 0.090495 0.292972 0.034565 -0.158541 
-0.244594 -0.077815 0.236604 -0.255361 -0.178240 -0.283702 -0.214650 -0.122666 -0.046162 0.105051 0.079328 0.037246 
-0.108119 0.161891 -0.035170 0.003118 -0.326808 -0.230457 -0.063851 -0.048026 -0.009709 0.183454 -0.077949 -0.027650 
-0.224992 -0.156825 -0.151474 -0.071507 -0.199779 -0.137181 -0.108145 -0.268924 0.168168 0.150383 0.080550 -0.028240 
-0.183308 -0.179657 -0.343325 -0.141401 -0.128338 -0.117688 -0.320584 -0.173341 0.033916 -0.160751 0.215676 -0.142089 
-0.101003 -0.155282 0.019715 -0.131101 -0.018825 0.145499 -0.333357 -0.077593 0.100512 0.015724 0.024631 0.249222 
0.034276 -0.253192 -0.075416 -0.245451 0.056385 -0.018635 -0.196178 -0.097588 0.248716 0.062539 0.082127 0.102660 
-0.027126 -0.080976 -0.161929 -0.062235 0.256883 0.135547 -0.133920 -0.112884 0.092363 -0.097601 -0.164106 0.078206 
0.169710 -0.052886 0.019275 -0.295525 0.136065 -0.067185 -0.062832 -0.049349 -0.047737 -0.053266 0.029840 0.080527 
0.239874 0.191741 -0.148008 -0.169126 0.267033 -0.171202 -0.154413 0.004984 0.050887 -0.200112 -0.197017 0.110896 
0.252482 -0.078571 -0.133125 0.041346 0.183964 0.059138 0.119467 -0.327295 -0.190444 0.086948 0.007215 0.053219 
0.103160 -0.188861 -0.081817 0.056970 0.151860 0.216585 -0.079031 -0.223841 -0.334169 0.010836 0.141054 0.082312 
0.037368 -0.026117 -0.352018 -0.021063 0.159829 0.082786 0.277640 -0.319159 -0.301030 0.258035 -0.090639 0.012526 
0.156680 -0.201028 -0.543303 -0.010171 0.239856 0.072274 0.300929 -0.051393 -0.038782 0.009245 -0.039550 0.087308 
0.194822 -0.143895 -0.449840 -0.101551 0.369852 0.008975 0.277912 -0.123475 -0.159827 0.076625 0.055490 -0.229653 
0.097632 -0.219934 -0.160650 0.055051 0.081142 -0.042788 -0.021418 -0.032693 -0.235292 -0.003363 -0.066866 -0.241828 
0.161735 -0.251416 -0.424103 0.026735 0.095217 0.095071 -0.337152 -0.132324 -0.149639 0.021467 -0.212610 -0.235343 
0.203268 -0.194452 -0.132519 0.093994 0.084545 0.049942 0.113538 -0.042016 -0.390777 -0.099920 0.021649 -0.173611 
0.162979 -0.193487 -0.085951 0.070860 -0.020752 0.207331 0.127594 -0.216100 0.017936 0.090663 0.023374 -0.015084 
0.185135 -0.156337 -0.067632 -0.052411 -0.097215 0.006267 0.102868 0.024092 -0.093244 -0.080945 0.032589 -0.227675 
0.330429 -0.018527 -0.207986 -0.158918 0.072332 0.190258 0.241126 -0.042551 -0.041995 0.219555 0.041505 -0.295337 
0.126407 -0.086918 -0.116455 0.023241 0.122869 0.175917 0.127420 -0.112407 0.092778 0.140897 0.048561 -0.191005 
-0.011804 0.019389 -0.315838 -0.032026 0.075091 0.008688 -0.032434 0.048590 -0.061374 0.073904 -0.197220 -0.323533 
0.158388 0.085823 -0.216898 0.091811 -0.162915 0.169312 0.083811 -0.314517 -0.246049 -0.282094 0.001849 -0.367257 
-0.064882 0.211548 -0.439357 0.130934 -0.114696 0.191305 -0.245740 -0.268127 -0.130506 -0.216271 0.120888 -0.354621 
0.199469 0.317061 -0.532221 0.299614 -0.306037 0.277701 -0.169212 -0.214903 -0.121977 0.200110 -0.072463 -0.190949 
-0.065173 0.004689 -0.433885 0.086705 -0.066178 0.222298 0.105461 -0.263555 -0.177183 0.058530 0.003727 0.188504 
-0.221582 0.393757 -0.475731 -0.012924 -0.296588 0.249035 -0.228341 -0.213038 -0.078584 -0.103230 0.028543 0.265686 
-0.168017 0.291583 -0.125041 0.324908 -0.031610 0.268511 -0.279438 -0.251024 -0.127851 0.058019 0.141151 -0.001859 
-0.492659 0.316749 -0.227055 0.473840 -0.048513 0.046389 0.022864 -0.330446 -0.137809 -0.257962 -0.081478 -0.196951 
-0.461751 0.157351 -0.101466 0.269918 0.018479 0.354149 -0.070211 -0.336506 0.065232 -0.011237 0.157134 -0.276002 
-0.192094 0.172822 0.199227 0.346398 -0.054870 0.284517 0.141272 -0.044786 -0.151863 0.089515 -0.106736 -0.026489 
-0.343354 0.018280 0.208328 0.299761 -0.317602 0.054479 0.152220 -0.037929 0.090792 -0.190962 -0.146904 0.144382 
0.021475 0.136820 0.274697 0.177826 -0.147675 0.328214 -0.049715 0.188147 0.093714 -0.121459 -0.155425 -0.030853 
-0.247196 0.258612 0.398113 0.324549 -0.096831 -0.109737 0.026985 0.323947 0.154683 -0.018751 0.161206 0.069361 
-0.236429 0.382482 0.268222 0.163103 0.138526 -0.158153 0.011174 0.492639 -0.250857 0.052952 0.229769 -0.054793 
0.245573 0.099922 0.279247 0.316370 0.122212 0.036859 0.020351 0.455393 -0.168698 0.035851 -0.101019 -0.014028 
0.349301 0.114317 0.222201 0.278860 0.278259 0.085901 0.256809 0.349626 -0.176419 -0.048007 0.039499 -0.060706 
0.358505 0.237550 0.370452 0.334718 0.306903 -0.038794 -0.115505 0.501913 0.099804 -0.161508 -0.098772 -0.260785 
0.560178 0.192835 0.456994 0.182883 0.158033 0.108635 -0.326924 0.525955 0.123760 0.035244 0.033326 -0.107928 
0.833318 0.468032 0.401269 0.077789 0.067550 -0.069046 -0.536051 0.842326 0.529729 0.160931 -0.003397 0.040887 
