0.359542 0.303702 -0.022638 -0.998422 -2.244366 0.338006 0.223576 0.023712 -0.339194 0.240070 0.077379 0.126692 0.012575 0.125424 -0.542287 0.116309 
-0.301493 -0.168703 0.179878 -0.061899 0.051110 0.053477 -1.303911 -0.104782 -0.878604 0.594436 -0.072506 -0.233704 -1.132401 0.098034 -0.620777 -0.330002 
0.136352 0.202336 0.229594 0.422947 -0.015498 0.343878 0.297072 0.249002 -1.115410 -0.689231 0.291506 0.052503 -1.767308 0.323214 0.091893 0.047816 
0.332838 -0.731248 0.259719 0.683030 0.037264 0.457652 0.650895 0.287219 -0.866501 0.211739 0.287173 -1.475359 -0.510450 0.371161 0.281542 -2.257653 
-0.367440 0.083725 -0.108207 -0.452003 0.512712 -0.006043 -0.057638 -0.897126 0.025903 0.491374 0.002970 -1.173471 -0.203056 -0.177221 -1.399747 -0.212395 
0.508553 0.186038 -0.015343 -0.363590 0.128890 0.194743 0.431633 0.057645 -0.069856 -0.571563 -0.125224 0.178402 -1.629925 0.048797 -2.408888 0.496776 
-0.935700 0.226848 -0.040012 0.661189 0.459126 0.003625 -0.915190 -0.295586 -1.074175 -0.052743 0.046134 -3.774814 0.342352 0.075565 0.297933 -0.905816 
-0.005879 -0.016649 0.361738 -0.252169 -1.617735 0.398055 0.303502 0.266218 -0.232087 -0.054853 0.216372 -0.135078 -0.682531 0.370485 0.189366 -0.367224 
0.342544 -0.063818 0.235887 -0.474377 -0.988804 0.221919 0.430255 0.169425 -0.217962 -1.095982 0.155831 -0.161561 0.416127 0.293311 0.119239 -0.359913 
0.069755 0.056890 -0.117894 0.423236 -0.129849 -2.162942 -2.149163 0.156580 0.257833 0.035406 -0.013153 0.235797 0.377646 -0.459210 -0.042262 -0.467152 
0.244553 0.273606 0.227389 -0.825773 0.265494 -4.777394 -2.227294 0.289036 0.119121 0.281308 -0.033708 0.276070 0.177328 -1.806978 -0.288699 0.343946 
-0.194161 -0.105141 0.390495 0.067271 0.392875 -0.297667 -0.634184 0.207021 -0.003975 -0.154767 -0.338107 0.338901 0.338690 -0.134496 0.420520 0.287989 
