0.160954 1.239450 -0.239926 -0.943099 -0.179927 0.639354 -0.392382 1.013188 0.438529 0.034741 0.139049 0.577845 -0.222496 0.258058 
-0.028698 0.991621 -0.094046 -0.535944 0.008378 0.517372 -0.288373 0.958204 0.201097 0.211405 0.265550 0.394488 -0.173837 0.282628 
0.116316 0.880936 0.067055 -0.282381 0.142387 0.279369 -0.292826 0.891091 -0.142392 0.232748 0.309906 0.220444 -0.272359 0.173118 
-0.022758 0.416771 0.218856 -0.247815 -0.143752 0.245315 -0.433078 0.535675 0.305853 0.434065 0.129573 0.152306 -0.131183 0.084251 
0.050494 0.047131 0.128424 -0.280456 -0.096102 0.196304 -0.171852 0.580514 0.344190 0.405528 -0.023965 0.242729 0.188037 -0.031699 
0.041886 0.200140 -0.068616 -0.533312 -0.286360 0.170169 -0.161134 0.709590 -0.013952 0.240919 -0.056199 0.244100 0.021762 -0.014552 
0.050189 0.191590 -0.067024 -0.354955 -0.064127 -0.004259 -0.318077 0.659448 -0.171162 0.037028 0.109959 0.397678 -0.073260 -0.208520 
0.059935 -0.125285 0.163485 -0.407262 0.182768 0.056450 -0.277845 0.543713 0.001801 0.189019 0.153007 0.011331 -0.160124 -0.114285 
0.071627 0.005325 0.029244 -0.421467 0.124720 0.354383 -0.096007 0.230301 -0.358339 0.108693 -0.165587 0.244236 -0.013156 -0.142050 
0.130120 -0.176605 0.058276 -0.195767 0.083268 0.307945 -0.131380 0.014600 -0.349211 -0.006561 0.180557 -0.009720 -0.091216 -0.168223 
0.064575 -0.431401 -0.191323 -0.122062 0.065790 0.420516 -0.033390 0.313683 -0.143915 -0.096549 -0.082333 0.275157 0.075920 -0.325280 
0.087751 -0.406941 -0.078920 0.067613 -0.146299 0.232307 0.014754 0.230359 -0.149554 -0.045156 0.010227 0.296945 0.043272 0.035795 
-0.049323 -0.427130 0.075320 0.033147 0.043169 0.016229 0.164822 -0.003723 -0.374210 -0.388485 -0.052998 0.360411 0.214525 -0.092642 
0.155157 -0.180949 0.044242 0.136943 -0.049144 0.149857 0.085059 0.136042 -0.220898 -0.203832 -0.294429 0.063348 0.059595 0.356411 
0.153517 -0.203207 0.003836 0.098118 -0.028492 -0.105920 0.208736 0.077302 -0.157568 0.010913 -0.184287 0.070642 0.047793 0.239739 
0.096409 -0.156910 -0.229861 0.103913 0.123177 -0.055818 0.146839 -0.132473 -0.115716 -0.140363 0.012217 -0.213857 0.086321 0.067102 
0.207786 -0.240210 -0.212588 0.388005 -0.031564 -0.192703 0.230248 -0.132840 0.173443 0.016242 -0.021019 0.072083 -0.026832 0.134683 
-0.024541 -0.201074 -0.157967 0.478015 0.073334 -0.113313 0.084256 -0.119829 0.232524 0.198098 0.023587 0.062234 -0.197414 0.143332 
-0.024503 -0.207180 -0.109246 0.713004 -0.053744 0.014995 0.308046 -0.196175 0.153405 -0.040247 -0.092985 -0.264416 0.047454 0.027471 
-0.243220 -0.082630 -0.137387 0.539601 0.057181 0.154225 0.435272 -0.214070 -0.122454 0.141124 -0.217763 -0.231228 -0.090454 -0.218796 
0.051430 -0.055770 -0.116806 0.581179 0.046345 0.037178 0.265145 -0.239402 0.002403 0.029746 -0.300836 -0.229870 -0.031205 -0.110230 
-0.154463 -0.436030 -0.217591 0.468549 -0.159073 0.143079 0.481291 -0.030274 0.040368 0.057235 -0.437650 0.029074 -0.113951 0.018167 
0.023043 -0.423205 0.182959 0.623338 -0.155672 -0.006729 0.321235 -0.319415 -0.015754 -0.014663 -0.233868 0.132072 0.045803 0.041015 
-0.306368 -0.408262 -0.187075 0.539878 0.087718 0.113686 0.315720 0.058442 -0.199692 -0.035282 -0.429903 -0.199631 -0.207009 -0.070625 
-0.149014 -0.345708 -0.289709 0.473594 0.253613 0.379844 0.195793 -0.333509 -0.337003 -0.078689 -0.275339 -0.363766 0.088210 0.141728 
-0.045109 -0.166124 -0.062212 0.528474 0.289825 0.307528 0.148849 -0.053410 -0.266571 0.234530 -0.079884 -0.570880 -0.184392 -0.168196 
-0.030542 -0.037316 0.055419 0.324544 0.142132 0.201359 0.135669 -0.073875 -0.359870 -0.002809 -0.097534 -0.394800 0.075015 0.075285 
-0.118522 -0.163091 -0.067845 0.284804 0.080195 0.075358 0.197078 -0.027395 -0.030787 0.033688 -0.134478 -0.515269 -0.030889 -0.037234 
0.046501 -0.193227 -0.343837 0.526830 0.138459 -0.084476 0.164688 -0.175024 -0.302019 -0.050652 -0.349414 -0.394543 0.099889 -0.282317 
-0.158373 -0.167567 -0.053084 0.645666 0.086637 -0.174420 0.220031 -0.348470 -0.208778 -0.075541 -0.402965 -0.441949 0.166692 0.051123 
0.255857 -0.250924 0.013771 0.433063 -0.035073 -0.033399 0.215029 -0.291851 -0.030695 -0.158365 -0.130708 -0.477032 0.046255 0.172721 
0.020682 -0.000600 0.188351 0.285406 0.076289 -0.118427 0.048516 -0.358944 -0.238787 -0.086103 -0.246416 -0.646737 -0.224457 0.173055 
-0.016631 -0.348356 0.074186 0.234613 -0.207353 -0.080926 0.135375 -0.240837 -0.312383 0.083334 -0.234181 -0.465490 -0.094553 0.051310 
0.083291 -0.385623 -0.196494 0.299598 -0.109344 -0.272578 0.061052 -0.306905 -0.175758 -0.097981 -0.266481 -0.336490 -0.025410 -0.037769 
0.078971 -0.355457 -0.085571 0.617915 -0.087090 -0.087863 0.409071 0.053038 -0.011357 -0.022408 -0.170606 -0.240731 -0.218905 -0.057668 
-0.102035 -0.448603 -0.081695 0.537621 -0.198154 -0.074679 0.573509 0.036175 0.083165 0.113410 -0.264437 -0.193199 -0.081169 -0.264416 
0.124411 -0.465378 -0.287713 0.705199 -0.266606 -0.419167 0.307224 0.115897 0.009608 -0.276744 0.009521 -0.287815 -0.123405 -0.077184 
-0.087225 -0.482839 -0.149697 0.367187 -0.121215 -0.281223 0.174443 0.278465 0.247294 -0.129968 0.287421 -0.262457 -0.032666 -0.099694 
-0.357073 -0.523778 -0.463979 0.245339 -0.152700 -0.337026 0.429658 0.301898 0.087359 -0.240002 0.133877 0.051920 0.102640 -0.293825 
-0.001945 -0.570400 0.007887 0.481330 -0.183505 -0.214599 0.587595 0.114176 -0.045927 -0.243841 0.559896 0.136854 0.344023 -0.286981 
-0.203518 -0.719576 0.011819 0.471005 0.069816 -0.407584 0.586473 0.307669 0.349847 -0.436177 0.338634 0.265115 0.641549 0.116627 
0.025474 -0.900870 0.245133 0.310697 -0.117736 -0.143004 0.523664 0.577751 0.253904 -0.679864 0.743735 0.316059 0.379460 0.089434 
0.146470 -0.546198 0.203366 0.214384 -0.037454 -0.110883 0.313062 0.472571 0.241786 -0.762724 0.786673 0.339632 0.452621 -0.046717 
0.010485 -0.651413 0.043320 0.211337 0.164319 0.076208 0.308129 0.413617 -0.092009 -0.445068 0.534803 0.582591 0.201825 0.123228 
-0.161657 -0.628204 -0.056245 0.319844 0.136985 0.152036 0.351592 0.223990 -0.098357 -0.597313 0.652291 0.772338 0.345211 -0.016870 
0.013314 -0.364390 0.110008 0.393298 0.133299 -0.020077 -0.004432 0.104885 -0.159186 -0.196983 0.469892 0.888344 0.083527 -0.047602 
0.021910 -0.616021 0.189006 0.249525 -0.053768 0.036726 0.034674 -0.141544 -0.049697 -0.119624 0.319752 0.971115 0.123054 -0.047519 
-0.188462 -0.312358 0.236825 0.102762 0.203124 -0.112387 -0.088542 -0.370776 0.088475 0.074796 0.396215 0.571471 0.054588 -0.105009 
-0.047541 -0.097301 0.286377 0.100643 0.144594 -0.184856 -0.224916 -0.341460 0.196246 -0.146983 0.485950 0.284148 -0.181266 0.005926 
-0.241183 -0.016546 0.341724 0.177084 0.043301 -0.211765 -0.318412 -0.263927 0.281187 -0.050301 0.474343 0.095501 -0.049100 -0.063262 
0.023225 0.200902 0.326135 -0.294106 -0.007866 -0.065670 -0.387998 -0.270821 0.416828 0.033871 0.587354 -0.066449 0.129047 0.176737 
-0.289663 0.332639 0.349358 -0.183920 0.145862 -0.257801 -0.255298 -0.388271 0.649221 0.000416 0.565579 -0.297926 0.282656 0.029606 
-0.110145 0.605692 0.311502 -0.360896 0.068109 -0.402786 -0.380804 -0.430180 0.318958 -0.278190 0.260730 -0.146094 0.293487 -0.400828 
-0.079461 0.446101 -0.035872 -0.455241 0.114290 -0.065609 -0.437937 -0.463284 0.135379 -0.250546 -0.029338 -0.221557 0.140060 -0.219692 
-0.082867 0.100673 -0.230263 -0.469469 -0.036150 -0.008234 -0.633188 -0.390461 0.110553 -0.315414 0.010895 -0.442055 0.064913 -0.133603 
-0.185928 0.322886 -0.382060 -0.693338 0.199061 -0.018528 -0.692691 -0.223197 0.320937 -0.172343 -0.094849 -0.512804 -0.194162 -0.215039 
-0.115008 0.354884 -0.016706 -0.654775 0.011029 -0.372389 -0.670270 -0.298282 0.482625 -0.184519 -0.438398 -0.483721 0.011697 -0.013343 
0.081407 0.480870 0.003325 -0.434433 -0.093614 -0.322727 -0.390047 -0.169529 0.325837 0.047167 -0.505851 -0.233221 0.355980 0.086587 
0.179725 0.269554 -0.055192 -0.870877 0.200095 -0.413223 -0.476286 -0.186724 0.386770 0.305992 -0.811296 -0.120295 0.019095 0.097083 
0.414691 0.233115 -0.528830 -0.807053 -0.103955 -0.490963 -0.291980 -0.050201 0.415219 0.132944 -0.870707 -0.143628 -0.060276 0.537060 
0.098189 0.237566 -0.216431 -0.668993 -0.021566 -0.746099 -0.606270 0.104366 0.324189 0.042794 -0.542565 -0.038927 -0.332779 0.532440 
0.022103 0.291228 0.093087 -0.027202 -0.102434 -0.835058 -0.401618 -0.134723 0.177671 -0.163099 -0.532890 -0.092213 -0.201765 0.837554 
-0.081167 0.325128 0.474252 0.079760 -0.043886 -0.543498 -0.260712 -0.428016 0.180488 -0.026307 -0.443162 -0.284267 -0.187913 0.672374 
0.002349 0.576438 0.655289 0.200956 -0.083421 -0.166191 -0.438393 -0.596276 0.233054 0.295885 -0.330279 -0.197814 -0.142462 0.590369 
0.162520 0.321824 0.312902 0.048372 -0.139857 -0.004645 -0.122222 -0.715002 -0.099215 0.141804 -0.607804 -0.121843 -0.140707 0.717397 
0.484872 0.385056 0.359789 -0.044856 -0.082147 -0.048072 -0.336041 -0.415251 -0.261807 0.125378 -0.279682 -0.066968 -0.178423 0.416515 
0.633155 0.123719 0.015527 -0.326923 -0.083459 0.228182 0.016537 -0.125376 0.287972 0.158332 0.042711 0.319536 -0.385816 0.207921 
0.666060 0.377339 -0.045237 -0.523404 -0.039876 0.254367 0.002693 -0.249781 0.176323 0.107103 0.466636 0.114206 -0.188529 -0.038298 
0.677773 0.244801 0.073235 -0.505225 -0.123450 0.099623 0.198443 -0.191905 -0.130787 0.090539 0.822855 0.053649 -0.355666 -0.093624 
0.464387 0.335443 -0.098334 -0.719351 0.148354 -0.129786 0.433031 -0.221248 -0.161632 0.345242 0.996079 0.236000 -0.310721 -0.262217 
0.089417 0.380612 0.041778 -0.835400 0.087099 -0.450459 0.073535 -0.223049 -0.259468 0.392258 1.018996 0.199006 -0.014679 -0.404640 
-0.239775 0.199978 -0.013495 -0.688088 0.226426 -0.119039 0.366860 -0.201171 -0.345605 0.495228 0.720234 0.190805 0.332724 -0.324723 
-0.325671 0.213622 0.322464 -0.585196 0.381773 -0.020494 0.415398 -0.149572 -0.113984 0.495232 0.363830 0.026853 0.178571 -0.053661 
-0.433930 0.004073 0.413458 -0.648090 0.157751 -0.005765 0.401296 -0.405008 -0.118641 -0.050288 -0.050081 0.053628 -0.004589 -0.221593 
-0.693186 0.257091 0.185933 -0.378609 0.017182 -0.002492 0.401424 -0.096268 -0.007606 -0.007468 -0.509074 0.187123 -0.386767 -0.111875 
-0.617826 -0.107036 0.428810 -0.344141 -0.166012 0.107357 0.347857 0.109749 -0.143351 -0.103405 -0.472233 0.363876 -0.492084 -0.064801 
-0.429203 -0.104369 -0.103619 -0.379760 -0.276216 0.311208 0.140177 0.445688 0.036236 0.101196 -0.694037 0.217513 -0.736882 0.180481 
-0.065360 0.046309 -0.041716 -0.282801 -0.356937 0.329199 -0.389664 0.694160 0.019756 0.651687 -0.919152 0.335700 -0.904429 0.143814 
0.154057 -0.143262 -0.347830 0.020700 -0.304461 0.229207 -0.308154 0.538159 -0.169167 0.941666 -0.836815 0.189732 -0.950130 0.137682 
0.620437 -0.084557 -0.199993 0.386288 -0.085980 -0.288397 -0.388990 0.170916 -0.056268 1.082099 -0.882898 0.077011 -0.936942 0.399496 
0.539315 -0.188608 -0.146289 0.138193 0.019949 -1.049236 0.064680 0.120394 -0.032644 0.748808 -0.394055 -0.100383 -0.620761 0.561610 
0.635141 0.163140 -0.484733 0.326876 -0.110154 -0.864004 0.369018 -0.112826 0.054185 0.333993 0.105679 -0.140052 -0.059608 0.544541 
0.646092 0.297055 -0.509628 -0.301990 0.058248 -0.249752 0.535567 -0.168601 0.169396 0.379789 0.172221 -0.180535 0.721539 0.125897 
0.357067 0.062241 -0.348313 -0.183847 -0.380627 0.568542 0.576294 -0.059255 0.101816 0.144256 0.256004 -0.533207 0.868238 0.025593 
0.398087 0.049555 0.129548 -0.094619 -0.468166 0.629732 0.501474 0.206222 0.066137 -0.016444 0.124704 -0.683315 0.442899 -0.353725 
0.001207 -0.155285 0.178830 -0.026114 -0.285505 0.524958 0.077219 0.146034 0.281567 -0.166895 0.027916 -0.663117 0.094526 -0.303643 
-0.072902 -0.167584 0.123704 -0.197602 0.223238 -0.133432 -0.047244 0.161131 0.108536 0.037854 -0.492294 -0.387933 -0.696967 -0.026158 
-0.586425 -0.108511 -0.008042 0.046701 0.034290 -0.409864 -0.437650 -0.271807 0.069515 0.085750 -0.093735 -0.024860 -0.814457 0.050024 
-0.877452 -0.076643 0.276778 0.503073 -0.015632 -0.343651 -0.087901 -0.308834 0.007993 -0.145901 0.040471 0.104893 -0.684888 0.092115 
-0.885287 0.157493 0.477888 0.038229 0.446581 0.263893 0.023841 -0.660606 -0.229764 -0.193687 0.137777 -0.062946 -0.019546 -0.294108 
-0.622929 0.470779 0.104816 0.154557 0.799057 0.688406 0.100546 -0.461334 -0.138953 -0.497622 0.079077 0.136055 0.658922 -0.243404 
-0.745732 0.265444 -0.457488 0.023799 0.818308 0.431620 0.125002 0.064998 0.072053 -0.302984 -0.059278 0.286432 0.846228 -0.312776 
-0.236665 0.068057 -0.911021 0.057058 0.493199 -0.056265 0.397344 0.943020 0.235269 -0.280668 -0.225732 0.319147 0.291816 -0.128814 
-0.213775 0.388197 -0.508969 -0.207198 0.561315 -0.327918 0.440300 0.861433 0.485886 -0.295510 -0.016786 0.537362 0.092803 -0.343662 
0.234253 0.403726 -0.023077 0.030312 0.571947 -0.188898 0.364840 0.408548 0.651206 -0.520529 0.503075 -0.163243 -0.158500 -0.637015 
0.808118 0.124335 0.115505 0.333763 0.660936 0.085860 -0.467995 0.157178 0.573686 -0.398567 0.131722 -0.712912 -0.398949 -0.636541 
0.998389 -0.415417 0.322487 0.514142 0.553260 -0.002578 -0.608889 -0.271893 0.351886 -0.345177 0.259979 -0.677213 -0.291218 0.137298 
0.958451 -0.570140 0.340383 0.228389 0.468349 0.020607 -0.584894 -0.688889 -0.181633 0.038714 0.572146 0.070308 0.087344 0.740631 
0.449848 -0.090226 0.246214 -0.217688 -0.230292 0.266867 -0.715563 -1.088600 -0.522304 0.183193 0.505453 0.471835 0.127606 0.421006 
0.076269 -0.130233 -0.178004 0.035604 -0.306033 0.507804 -0.307970 -0.902731 -0.712654 0.450490 0.260042 0.553869 0.005971 0.180256 
0.225141 -0.501821 -0.448409 0.101579 -0.463665 0.407336 0.172055 0.214051 -0.714185 0.686160 0.354184 0.644189 -0.187411 0.765407 
-0.570582 -0.521928 -0.268104 0.192949 -0.320864 -0.096651 0.633404 0.571774 -0.645631 0.639917 0.558191 0.499248 -0.513714 0.753475 
-0.851748 -0.214286 -0.550622 0.217847 -0.429003 -0.144842 0.350652 0.727704 -0.198321 0.564086 0.467186 0.136995 -0.426677 0.451392 
-1.051978 0.316359 -0.773912 0.148368 -0.224883 -0.236669 0.245185 0.494952 -0.072837 0.294077 0.410001 -0.221991 -0.253285 0.216134 
-0.928583 0.220308 -1.066866 0.325184 -0.090751 -0.260563 -0.010198 0.247202 0.300876 0.269625 0.052316 -0.549402 -0.037367 -0.122167 
-0.512582 0.226829 -1.083501 0.151601 -0.411777 -0.301231 -0.279475 0.210260 0.585708 0.166536 -0.002513 -0.597020 0.282396 -0.557326 
-0.373910 0.428386 -0.693830 0.413474 -0.453079 0.288631 -0.332321 0.171020 0.353763 -0.197983 -0.269698 -0.347524 0.307527 -0.895412 
-0.194860 0.379532 -0.491703 0.358290 -0.343918 0.464518 -0.482573 -0.026487 0.234230 -0.175956 -0.029067 -0.393963 0.162617 -0.825535 
0.018453 0.195007 0.084156 0.325502 -0.332470 1.005308 -0.458884 -0.272388 0.088987 -0.116791 -0.082952 -0.187168 -0.082558 -0.864228 
0.165207 0.156357 0.355174 0.575149 0.072518 1.202666 -0.541287 -0.417033 0.060066 0.037341 -0.004715 -0.080248 -0.035585 -0.843933 
0.344818 0.261994 0.293018 0.408858 0.092362 1.337025 -0.756945 -0.418701 0.095079 0.078595 -0.148089 -0.059497 0.137112 -0.720663 
0.395713 0.185220 0.373788 0.114213 0.246406 1.039762 -0.568820 -0.444230 0.006274 0.496768 -0.033643 0.265256 0.447980 -0.739648 
0.288747 -0.035537 0.626368 0.152984 0.176760 0.388056 -0.566297 -0.311454 0.243206 0.171648 -0.176958 0.193339 0.521908 -0.394629 
0.294167 0.278808 0.263137 0.326279 0.201587 0.007777 -0.337268 -0.135356 0.161662 0.358288 0.342753 0.544679 0.676057 -0.390687 
0.186071 0.027725 0.469725 0.339858 0.048905 -0.248356 -0.339199 -0.190262 0.400205 0.105735 0.358897 0.543590 0.551905 -0.132489 
0.253742 0.082860 0.268895 0.138542 0.220950 -0.251492 -0.179576 -0.075566 0.212546 0.145489 0.308073 0.558031 0.535585 0.125246 
0.147773 0.092407 0.078345 0.108719 -0.093868 -0.193630 -0.239336 -0.012909 0.010345 -0.191888 0.330751 0.209585 0.316610 -0.006218 
0.008675 -0.202938 0.094399 0.161301 0.003724 0.141010 -0.331212 -0.149253 -0.269659 -0.019748 -0.113942 -0.083282 0.067562 0.044938 
0.013157 -0.202805 -0.077380 0.198211 -0.252036 0.308340 -0.315639 -0.091947 -0.293903 -0.007444 -0.136512 0.010881 0.286333 -0.151871 
-0.070613 -0.289501 0.019132 -0.050000 -0.150956 0.044415 -0.211327 0.238121 -0.242754 -0.082346 -0.243639 0.019403 0.230931 -0.244009 
-0.136732 -0.257105 -0.024188 -0.276040 -0.308541 0.332230 -0.218883 0.172490 -0.063988 -0.136691 -0.174757 -0.015363 0.094198 -0.417174 
-0.226063 -0.056326 0.108177 -0.261685 -0.097918 0.274082 0.217509 0.002189 -0.304741 -0.170926 -0.395117 -0.194445 0.085292 -0.273993 
0.052260 -0.113388 0.118405 -0.354526 -0.143518 0.438569 0.318949 0.234885 -0.300402 -0.408269 -0.250685 -0.065626 0.186656 -0.324351 
0.118839 -0.242879 0.029501 -0.142182 -0.088842 0.429519 0.255042 -0.105021 -0.309516 -0.252652 -0.188656 0.015680 0.358050 -0.250093 
-0.051669 0.058987 0.294712 -0.160806 -0.217668 0.362880 0.476908 -0.124322 -0.258319 -0.291665 0.114029 -0.080566 0.293800 -0.072594 
0.145362 -0.211368 0.206064 -0.418065 -0.167868 0.231769 0.382543 -0.268404 0.054389 -0.514932 -0.047599 0.147913 0.172579 -0.160159 
0.066591 -0.067448 0.272117 -0.153132 -0.029230 -0.122088 0.314650 -0.088107 0.221151 -0.357043 0.123767 0.262560 0.183272 0.175829 
-0.067709 0.063963 0.221162 -0.353587 0.022572 -0.475072 0.135068 -0.362100 0.079160 0.056607 0.187162 0.614389 0.184289 0.158938 
0.027028 0.005776 0.246862 -0.427570 0.198529 -0.207308 0.228223 -0.344856 0.165745 0.152371 0.106212 0.425648 0.061458 0.202374 
-0.056078 0.047647 0.100859 -0.568905 0.311967 -0.290561 0.203956 -0.428082 -0.049102 0.346500 -0.161405 0.558443 0.315340 0.440249 
-0.120049 -0.087883 -0.033825 -0.517539 0.060338 -0.183471 0.347937 -0.396789 0.029661 0.405789 -0.216826 0.570627 0.224857 0.367640 
0.113805 0.176681 0.157172 -0.383481 0.188257 -0.279649 0.083383 -0.268493 -0.192962 -0.044324 0.029426 0.305738 0.297704 0.349147 
-0.043865 -0.119723 0.090019 -0.309250 -0.003791 -0.188598 0.017271 -0.069888 -0.076941 -0.055682 -0.193948 0.518788 0.380369 0.233462 
-0.078221 -0.074560 -0.016178 -0.225161 0.181799 0.038596 -0.105548 -0.125114 0.059291 0.193249 -0.399975 0.149636 0.013970 0.336574 
-0.062858 0.092557 -0.044327 -0.154769 -0.064733 -0.095151 0.168847 -0.113326 -0.226566 -0.046987 -0.112704 0.202586 0.230746 0.172678 
-0.096191 -0.004886 0.017655 -0.218768 -0.143153 -0.104531 0.098663 -0.054447 -0.098231 -0.152131 -0.100806 0.024101 0.236082 0.226478 
-0.118584 0.047436 -0.124790 -0.315585 -0.060436 -0.002276 0.084326 0.182858 -0.156886 -0.185807 0.130248 -0.097903 -0.093863 0.352448 
-0.040993 -0.194523 -0.200780 -0.403613 -0.061058 -0.044890 0.052012 0.294521 -0.546587 -0.256255 -0.109409 -0.097834 -0.089992 0.105258 
-0.005587 -0.127745 -0.148318 -0.203731 0.066985 0.111747 0.002080 0.212369 -0.622137 -0.133999 -0.191177 -0.247469 0.211665 0.230654 
0.052828 -0.067303 -0.330885 -0.298714 -0.074634 0.185982 0.149344 -0.115823 -0.375485 -0.112537 -0.288552 -0.391476 0.166014 0.173723 
0.185310 0.108120 -0.317206 -0.269792 -0.012692 -0.075331 0.205745 0.412238 -0.421337 -0.143657 -0.488209 -0.212077 -0.001267 0.137909 
0.185086 0.296465 -0.416379 -0.358044 -0.031460 -0.059604 0.121397 0.363442 -0.390745 0.023245 -0.150027 -0.258036 0.168948 0.100710 
-0.184629 -0.084887 -0.311544 -0.060402 0.192091 0.023653 0.115703 0.216189 -0.363335 -0.122256 -0.196740 -0.066424 0.104399 -0.018577 
-0.015164 -0.154308 -0.263898 -0.145066 0.015739 0.085272 0.010998 0.031733 -0.328589 -0.016804 -0.211779 -0.173724 0.073579 0.255794 
-0.061392 -0.177024 -0.404006 -0.034275 0.297095 -0.273214 -0.153170 0.014606 -0.424263 -0.003012 0.049413 -0.172744 -0.187291 0.277674 
-0.046384 -0.057023 -0.262486 -0.236942 0.079746 -0.015979 0.010243 0.259949 -0.339575 -0.085637 0.036663 -0.224677 0.086339 0.130478 
0.269619 0.016413 -0.003611 -0.217319 0.003708 -0.274847 0.057922 0.309752 -0.235993 0.006546 -0.088647 -0.323364 -0.082007 0.125923 
0.079397 -0.091613 -0.350062 0.014804 0.149799 -0.194645 -0.054998 0.174043 -0.053365 -0.295549 -0.034174 -0.143265 -0.209296 0.211452 
0.284439 -0.092669 -0.134684 0.103825 -0.205242 -0.235241 -0.103993 0.263971 0.093561 -0.026889 -0.094132 -0.366253 0.099197 0.094278 
0.016093 -0.205963 0.057502 -0.000148 -0.034064 -0.334857 0.061915 0.248953 0.020386 -0.079631 -0.196428 -0.388868 0.123393 -0.110355 
-0.178143 0.076703 -0.153883 0.363385 0.077778 0.003582 -0.139271 0.041204 -0.177575 -0.173072 -0.241845 -0.407382 -0.082306 -0.160560 
0.022746 -0.037326 -0.015194 0.112632 -0.151179 0.028447 0.013772 0.309652 -0.316360 -0.220679 0.040676 -0.113383 0.018352 -0.215754 
-0.009330 0.101492 0.115458 0.334296 -0.219130 0.000046 -0.204643 0.314455 -0.112360 -0.220432 -0.076194 -0.304748 -0.038548 0.008983 
-0.089235 0.124502 0.391241 0.285530 -0.106062 0.241804 -0.054489 0.084458 -0.062312 -0.154265 0.026141 -0.381819 -0.056946 0.028985 
0.102427 -0.086523 0.183234 0.467799 -0.082482 -0.197412 0.106401 0.301909 0.053991 -0.281313 0.107220 -0.186474 0.059166 -0.085199 
-0.078408 0.249232 -0.024179 0.442977 -0.034247 -0.209343 0.162662 0.350641 0.058458 -0.243931 -0.035814 -0.327321 -0.146033 -0.007691 
0.085477 0.325485 -0.019327 0.294648 0.087610 -0.161399 0.187356 0.182112 -0.023920 -0.308869 0.108945 -0.265812 -0.425752 -0.161831 
-0.089760 0.291567 0.058353 0.342645 0.171856 -0.064812 0.046641 0.190271 -0.250123 -0.090648 0.022844 -0.184048 -0.269814 -0.229337 
0.246042 0.364055 0.105053 0.255815 -0.037142 -0.174928 0.269163 -0.136225 -0.294103 -0.209345 -0.069317 -0.296452 -0.159124 -0.008024 
0.040972 0.202973 0.264838 0.143410 -0.041006 -0.240808 0.193037 0.104866 -0.060212 -0.176140 0.152222 -0.059242 -0.113290 0.138561 
-0.037346 -0.154692 0.398001 0.261818 -0.001354 -0.049634 -0.042766 -0.169912 -0.132748 -0.065202 -0.028211 -0.173661 -0.148925 0.050961 
0.041172 -0.167769 0.195449 0.260196 -0.150254 -0.153758 0.000002 0.030055 0.119836 0.059851 -0.067059 -0.279524 -0.047083 -0.254195 
-0.274200 0.213167 0.186911 0.154012 -0.245863 -0.262820 0.144803 0.088797 0.279299 -0.226609 0.003263 -0.301681 -0.211595 -0.086213 
-0.081226 0.403259 0.397461 0.324275 -0.098768 -0.170881 0.076291 0.273323 0.074708 -0.182050 0.145788 -0.486971 0.010925 -0.058387 
-0.092930 0.577750 0.174798 0.292800 0.005771 0.000819 -0.005448 0.191732 -0.018657 0.016588 0.021626 0.071256 -0.243831 0.012305 
0.021794 0.465040 0.348189 0.436011 0.017670 0.127532 -0.045181 0.138141 -0.344019 -0.019999 0.059539 -0.042662 -0.010808 -0.038118 
0.090751 0.569726 0.169221 0.334282 -0.079249 -0.066260 0.095762 0.060024 -0.156968 0.037442 -0.030073 0.089824 0.165241 0.051570 
-0.024202 0.411973 0.079427 0.355345 0.043033 0.000952 -0.072516 0.243312 -0.170934 0.041690 -0.010772 -0.057273 -0.043784 -0.134348 
-0.299873 0.612451 0.278351 0.340634 0.034793 -0.016211 0.026409 0.202133 -0.147931 -0.123179 -0.114154 -0.004206 0.047919 -0.067569 
0.097872 0.764403 0.177554 0.222028 -0.081428 0.112824 -0.271439 -0.099598 -0.137531 0.056305 0.131319 -0.109715 0.113672 0.025735 
-0.074296 0.405269 0.032858 0.008959 0.148393 0.039081 -0.140769 0.121257 -0.181898 -0.044895 0.218993 -0.023504 -0.148560 0.263648 
-0.097437 0.250360 0.129966 0.075024 -0.044654 0.227645 0.065826 -0.181095 -0.115023 0.091913 0.375377 0.125706 -0.122804 0.208605 
-0.004892 0.180241 0.016422 -0.090228 -0.061319 0.042397 -0.110980 -0.001345 0.170893 0.115098 0.406511 0.149772 0.101431 0.107180 
-0.236558 -0.076573 0.121081 -0.067045 0.108188 -0.086897 -0.028907 -0.138058 0.096771 0.131685 0.286435 0.121702 0.163227 0.003985 
-0.141866 -0.032406 0.215455 -0.352894 0.043370 -0.092724 -0.051484 -0.018853 0.476398 0.274209 0.016811 0.219650 0.069389 0.101378 
-0.141006 -0.225191 0.234814 -0.332443 0.091725 0.047029 -0.047991 0.031697 0.469908 -0.101120 0.106332 0.171688 0.156837 0.038816 
-0.127465 -0.413453 0.087782 -0.479881 -0.039126 -0.034771 -0.091750 -0.068767 0.819305 0.190992 0.059027 0.265284 -0.218947 -0.179234 
-0.046735 -0.313561 0.023236 -0.534149 -0.205808 -0.219480 0.148223 -0.135233 0.902109 0.131029 0.138205 0.330208 -0.548573 -0.430390 
0.154714 -0.602549 0.269318 -0.696858 -0.002593 -0.120663 0.069924 -0.336762 1.016224 0.196097 -0.129917 0.671527 -0.500431 -0.335918 
0.081069 -0.769313 0.118820 -0.762356 0.030293 -0.461510 -0.103588 -0.558103 0.854170 0.393698 -0.245514 1.065207 -0.669176 -0.371280 
