0.267807 0.208449 -0.252420 0.514637 0.135243 -1.849918 -0.954646 0.242599 0.411382 0.021576 -0.492594 0.291067 0.048290 -1.391285 -3.196095 0.132470 
0.262501 -0.288672 0.115667 -1.678513 -0.761216 0.306863 0.249708 -0.077453 -0.874148 -0.174600 -0.065134 -0.567834 -0.218777 0.186985 -0.409275 -2.410599 
0.068825 -0.078834 0.300223 -1.035821 -0.014533 0.292675 -0.442536 0.260848 -0.366625 0.544320 -0.168740 0.124956 0.080060 0.264735 -0.132802 -0.022195 
-0.093972 0.156639 0.073271 0.406696 -0.205144 0.222708 0.204696 0.026701 -0.363813 0.124656 0.094863 -0.586750 -1.988195 0.145882 -0.560439 -1.977742 
0.158311 0.219639 0.266992 -0.373649 0.367209 -4.285372 -2.886196 0.301345 0.359964 0.332483 0.066725 0.365706 0.341824 -1.755919 0.036943 0.354712 
-0.615139 0.391532 0.446540 0.316678 0.300415 0.225238 0.221523 -0.021326 -1.289040 -0.434041 0.199498 -0.468369 0.001676 0.484074 0.385060 -0.748526 
-0.170805 0.117788 -0.050767 0.197427 -0.397865 -0.399753 -0.145416 0.002408 -0.845082 -0.533371 0.027518 0.168020 0.780604 -0.219023 -1.312561 -0.316684 
-0.243802 0.375660 0.400308 -0.055388 0.365018 0.565267 0.553094 -0.089611 0.201578 -0.326556 0.191004 0.138374 0.026269 0.408997 0.431229 -0.097822 
0.324688 0.378050 0.261125 -0.045577 -1.267584 0.580493 0.265831 0.280045 -0.098080 -0.503254 -0.060021 -0.257064 -0.858990 0.382420 0.083139 0.372389 
0.238029 0.062198 0.141012 -0.569553 -0.586693 -0.008565 -0.263199 0.086598 -0.341600 -0.988015 0.018642 -0.191757 0.153510 0.206459 0.407206 -0.277353 
-0.057134 -0.823243 -0.284773 0.614606 -0.054501 0.008428 0.359958 0.048863 -1.113337 -0.308635 -0.061609 0.174936 0.085582 0.011639 -0.039411 -0.845460 
0.432515 -0.059816 0.086448 0.057698 0.253921 0.282106 0.282840 -0.487938 -0.064720 -0.265631 -0.113522 0.032123 -0.081060 0.076756 -0.452315 0.664086 
0.162759 -0.854764 0.249231 0.546906 0.290600 0.047149 0.108218 0.227112 -1.052206 0.432169 0.272659 -2.682053 -1.459903 0.286297 0.150859 -2.769763 
0.153440 0.072587 -0.056402 -0.072314 0.483692 0.262210 -0.117608 -0.027540 -0.401267 1.043605 0.314512 0.194453 -0.240964 -0.149557 0.232521 0.094110 
