-0.330916 0.750793 0.045966 -0.274623 -0.307714 -0.347266 0.468020 0.433452 -0.737450 1.161568 -0.328764 -0.079319 -0.357881 -0.193229 -0.700407 0.346565 
-0.226762 0.499553 -0.191915 -0.048528 -0.220106 -0.524563 0.460044 0.031478 -0.553858 1.181913 0.100169 0.292456 0.040957 -0.106655 -0.242537 0.108194 
-0.147567 0.357760 -0.061934 -0.112298 -0.110648 -0.445909 0.436181 0.025827 -0.525210 0.932462 0.098106 0.346994 -0.111933 -0.088181 0.003965 0.306394 
-0.095793 0.298964 0.061986 -0.010430 0.316923 -0.469618 0.156228 0.137457 -0.319258 0.836422 0.138227 0.125994 -0.029703 -0.162750 -0.104121 0.294635 
-0.133125 0.265516 0.041180 0.245918 0.129109 -0.574002 0.095521 0.189739 -0.208611 0.444336 -0.037941 0.082415 -0.133337 0.045643 0.015337 0.233333 
-0.320229 0.378631 0.050217 0.072558 0.009194 -0.565843 -0.044913 0.188680 -0.189389 0.465451 -0.157395 0.002433 0.018905 0.025544 -0.036809 0.124024 
-0.088042 0.252470 0.147630 0.088346 -0.117839 -0.455649 0.316811 0.032258 -0.220336 0.412304 -0.080923 -0.119168 0.115238 0.015037 -0.062687 0.127177 
0.183460 0.406377 0.372948 0.308700 -0.246814 -0.252662 0.287758 -0.186724 -0.268490 0.340460 0.027459 -0.247028 -0.040887 -0.136361 -0.017129 0.171856 
0.194898 0.080306 0.282846 0.102272 -0.126403 -0.221434 0.077925 -0.067953 -0.304724 0.544965 0.047308 0.070812 -0.082185 -0.111483 -0.219862 0.005211 
0.174554 0.174532 0.235519 -0.007945 0.021727 -0.206784 -0.019394 0.104389 -0.045645 0.272393 -0.042696 -0.024157 0.186379 -0.230439 -0.227897 0.121274 
0.090707 0.000154 0.058872 -0.014988 -0.083863 -0.184341 -0.307622 0.001070 -0.046557 0.564451 0.102735 0.076226 0.183390 0.284943 -0.125571 -0.028914 
-0.006677 -0.104716 -0.086718 -0.121994 0.170380 -0.269742 -0.245751 0.078163 0.053389 0.494815 0.074075 0.058867 -0.088427 0.033275 -0.108176 -0.115095 
-0.264257 -0.151483 0.030118 0.052280 0.023774 -0.211309 -0.118316 -0.216949 0.135551 0.348389 0.021126 -0.044917 -0.056376 0.141644 0.126269 0.144286 
-0.119545 -0.208811 -0.040875 -0.230088 0.016680 -0.282594 -0.102543 -0.008437 -0.137559 0.278946 -0.030757 -0.083947 0.234223 0.104286 -0.044438 -0.175344 
-0.127647 0.121202 0.403865 0.081178 -0.098268 -0.019435 -0.128469 -0.202220 -0.290542 0.448608 -0.093496 0.034441 0.026153 -0.134088 0.240725 0.167954 
0.111065 -0.180085 0.096521 0.129258 0.061843 0.062414 0.019734 -0.219073 -0.097725 0.097948 0.089815 -0.217672 0.166158 0.109868 0.231124 0.048249 
-0.108537 -0.247581 -0.017945 0.051493 -0.175370 0.311171 -0.091648 -0.339215 -0.191684 0.123683 -0.035340 -0.319705 0.140771 -0.016408 0.201579 -0.043044 
-0.168467 -0.155912 -0.042945 0.163937 -0.230346 0.388537 -0.029615 -0.208169 0.002920 0.142972 0.094529 -0.177847 -0.191668 0.122283 0.319924 -0.077320 
0.114798 -0.269614 0.032707 0.182427 -0.180572 0.209359 -0.153812 0.043180 -0.030011 0.147070 0.009434 -0.175092 0.062155 0.098826 0.307425 -0.365215 
0.063607 -0.457469 0.005963 0.047463 0.116863 0.344366 -0.248336 -0.007965 -0.235073 0.288563 0.120898 -0.361640 0.205032 0.021790 0.051047 -0.236382 
0.000842 -0.366846 -0.015786 -0.214347 -0.040923 0.349283 -0.331228 0.059947 -0.060240 0.053629 -0.004500 -0.313170 0.063830 0.090162 0.126000 -0.420322 
-0.071450 -0.424192 0.157636 -0.036237 0.095670 0.458325 -0.257902 -0.123205 -0.214280 0.130522 -0.173417 -0.431771 -0.090740 0.193267 0.048463 -0.329356 
-0.049520 -0.176240 -0.184475 -0.093385 0.169980 0.438869 -0.119359 -0.009525 -0.088928 0.219334 0.059309 -0.345024 0.021780 0.120338 0.246879 -0.488049 
-0.015516 -0.272249 -0.151512 0.169390 -0.032416 0.544769 -0.281201 0.196273 0.030928 0.145903 0.019361 -0.309874 -0.124808 0.219036 0.189076 -0.557024 
-0.041397 -0.467019 -0.012767 0.177488 0.134600 0.147510 -0.288227 -0.157699 0.055483 0.130051 0.167832 -0.163342 -0.169602 0.227528 0.069275 -0.535243 
0.222781 -0.537047 -0.090265 0.055226 -0.103360 0.369453 -0.008253 0.016392 -0.031531 0.328463 -0.145481 -0.186239 -0.267508 0.062015 -0.180250 -0.506711 
0.005106 -0.474650 0.097712 0.009077 -0.151437 0.456035 -0.289034 -0.157650 -0.160041 0.275101 0.061902 -0.044904 -0.169151 0.092523 -0.036536 -0.233699 
0.091863 -0.398168 0.005724 -0.150618 0.141124 0.625164 -0.235047 -0.138817 0.079828 0.187939 0.016205 -0.148580 -0.014179 -0.060803 -0.298758 -0.326611 
0.135718 -0.435924 -0.049039 -0.103794 0.251416 0.801699 -0.308321 0.161209 0.027280 0.118046 -0.073369 -0.248011 -0.042345 -0.108780 -0.007026 -0.248857 
-0.018917 -0.672508 0.122746 -0.196577 0.200782 0.470154 -0.211836 -0.108738 0.031751 -0.038515 -0.000377 -0.018021 -0.176643 0.143028 0.012630 -0.356585 
0.008348 -0.357014 0.114731 -0.110071 0.364624 0.482856 -0.220704 -0.007623 -0.093792 -0.136358 0.045747 0.166932 -0.111641 0.020042 0.100143 -0.227838 
0.131642 -0.324909 0.152228 -0.239108 0.193935 0.657039 -0.064818 -0.020913 0.021691 -0.088965 -0.138449 0.211161 -0.179557 0.094310 -0.052481 -0.170683 
-0.068522 -0.403259 0.077841 -0.121623 0.082151 0.731995 -0.097883 -0.177761 -0.008960 -0.250187 0.124086 0.139920 0.005141 0.066895 -0.173555 -0.289684 
-0.129521 -0.648017 0.230743 -0.032157 0.036858 0.675800 -0.081523 0.077415 -0.179552 -0.234111 0.203940 -0.015562 -0.176204 -0.023991 0.122310 -0.153599 
-0.145695 -0.387878 -0.087254 -0.081087 0.216110 0.504957 -0.195592 0.236458 -0.043698 -0.130715 -0.079597 0.343669 -0.185059 -0.209254 0.223121 -0.124866 
-0.108315 -0.613280 -0.285120 -0.122824 0.124018 0.685426 -0.226695 0.414853 0.007868 -0.493294 -0.079426 0.053265 -0.114835 -0.000965 0.288711 -0.258168 
-0.198547 -0.219346 -0.417195 -0.110507 0.125779 0.450600 -0.522369 0.348781 -0.207320 -0.568309 -0.250174 0.354751 -0.121784 -0.225457 0.203612 0.019729 
-0.447974 -0.243954 -0.204597 -0.173299 0.044018 0.640184 -0.366498 0.033225 -0.267365 -0.316497 -0.142169 0.342533 -0.179000 -0.262408 0.139563 0.008170 
-0.132572 -0.049920 -0.300034 -0.219164 -0.147780 0.797276 -0.224675 0.112883 -0.290936 -0.276564 -0.084592 0.457917 -0.204538 -0.169241 0.339527 0.191944 
-0.151127 -0.182477 -0.220818 -0.258559 0.021635 0.518367 -0.115460 0.233569 -0.474410 -0.524125 -0.107542 0.626174 0.005665 -0.146456 0.395896 0.097507 
-0.315621 -0.362918 -0.223217 -0.151456 0.038504 0.483410 -0.134412 0.148590 -0.268176 -0.517686 -0.015834 0.482265 0.011449 -0.079465 0.541217 0.182649 
-0.316207 -0.021213 -0.430725 -0.361001 0.189795 0.223648 0.098877 0.201814 -0.211900 -0.418586 0.108391 0.465464 0.190163 -0.031445 0.574489 -0.021710 
-0.125594 -0.100743 -0.171626 -0.198778 0.103475 0.350211 -0.186195 0.181780 0.017360 -0.279532 0.196145 0.623783 -0.054886 -0.137233 0.449559 -0.064257 
-0.194711 -0.089939 -0.235024 -0.122478 0.131849 -0.136327 -0.146948 0.161351 -0.114835 -0.218862 0.013272 0.491290 -0.240459 -0.098506 0.154680 -0.228837 
-0.217757 -0.088621 -0.173601 -0.078861 0.144698 -0.151691 -0.135559 0.276577 0.098836 -0.135939 0.191272 0.190282 -0.064849 0.126945 0.191876 -0.113121 
-0.286237 0.057496 -0.264217 -0.127576 0.176253 -0.063426 -0.132388 0.149006 0.086123 -0.274266 0.080129 0.411256 0.218508 0.007571 0.086611 0.002631 
-0.095130 0.064078 -0.236308 -0.066085 0.040676 -0.418459 -0.073735 0.190148 0.239233 -0.422430 0.140451 0.193755 0.316033 -0.040626 0.109235 0.334351 
-0.119551 -0.089182 -0.054858 0.175166 -0.095482 -0.330504 -0.053497 0.244645 0.399109 -0.552607 0.176548 0.165530 -0.026975 -0.001643 0.078603 0.390928 
-0.054640 -0.201296 0.205630 0.110821 0.047398 -0.249868 0.003847 0.029647 0.308541 -0.469034 -0.017018 0.092358 0.247450 -0.051131 -0.323441 0.437934 
0.047649 -0.128343 -0.056413 0.009464 -0.093092 -0.116829 0.048690 0.178480 0.308315 -0.673891 0.099355 0.267133 0.248983 -0.210393 -0.147918 0.527384 
0.237952 0.007987 0.313190 -0.075290 0.033989 -0.194475 0.249714 0.093359 0.469560 -0.717436 -0.134553 0.421284 0.253420 -0.255605 0.058695 0.364471 
0.103079 0.112116 0.311504 0.130159 -0.001571 -0.063311 0.106292 -0.099546 0.650076 -0.747528 -0.045494 0.372050 0.335808 -0.335061 -0.104834 0.468767 
0.173316 0.172058 0.338361 -0.018064 -0.059352 0.153415 0.181690 -0.212082 0.665666 -0.535432 -0.054603 -0.001922 0.214138 -0.360346 -0.191316 0.543095 
0.116580 0.158985 0.383124 0.198172 -0.090699 0.267669 0.068220 -0.217772 0.816402 -0.608257 0.017378 0.051705 0.372450 -0.443039 0.035579 0.279313 
0.349184 0.359534 0.280721 0.230788 -0.216740 0.188513 -0.089582 -0.039643 0.549443 -0.275589 -0.109044 -0.127997 0.207801 -0.380638 -0.084464 0.135526 
0.060244 0.368447 0.372521 0.224465 -0.257161 0.010881 0.097621 -0.101903 0.473043 -0.413167 0.227055 -0.609775 0.146626 -0.635095 -0.085309 0.158283 
0.194089 0.466635 0.050785 0.418524 -0.501046 0.068634 -0.016092 -0.128881 0.289256 -0.550947 0.010441 -0.515794 0.346400 -0.483392 -0.034458 0.361407 
0.263178 0.313090 0.152863 0.201812 -0.274391 0.082551 0.266437 -0.167730 0.171169 -0.649377 -0.066760 -0.731925 0.028237 -0.633009 0.182962 -0.051663 
-0.094386 0.352304 -0.153761 0.383700 -0.061278 -0.130302 0.260113 -0.087629 -0.062297 -0.501883 0.029345 -1.030371 0.042830 -0.673600 0.362480 0.102066 
0.128634 0.425215 -0.150298 0.579497 -0.227707 -0.065360 0.221189 -0.176292 0.012364 -0.373943 -0.016548 -1.051736 -0.286845 -0.509126 0.387182 -0.255546 
0.300783 0.446864 -0.362030 0.360811 -0.013618 0.104066 0.066986 0.155954 -0.097456 -0.321572 -0.325126 -0.780038 -0.713842 -0.588168 0.430837 -0.105103 
0.306094 0.136258 -0.419439 0.129454 -0.018790 -0.066868 0.162972 -0.009407 -0.025521 -0.393001 0.123705 -0.371348 -0.614302 -0.719552 0.622559 0.117104 
0.260337 0.043358 -0.183201 -0.270761 0.009605 -0.070605 0.531271 -0.089713 0.041713 -0.303901 -0.148111 -0.508799 -0.622202 -0.513508 0.293738 -0.097132 
0.350159 -0.089902 0.154743 -0.221153 -0.055165 -0.212843 0.596371 0.131586 0.089653 0.029505 -0.013453 -0.328037 -0.598778 -0.354125 0.187726 -0.104428 
0.348179 0.113778 0.482932 -0.239538 -0.054867 -0.522621 0.317575 0.010744 0.006744 -0.119993 -0.156777 -0.201008 -0.430124 0.013452 0.176216 -0.091593 
0.139663 -0.050063 0.500899 -0.069521 0.144726 -0.352809 0.354567 0.086390 0.153228 -0.146164 -0.230576 0.087004 -0.325754 0.205287 0.250403 -0.039601 
-0.069457 0.244749 0.389992 -0.290780 0.240430 -0.439573 0.435046 0.005219 0.204356 -0.071500 -0.043477 0.006290 -0.253737 0.239188 0.097251 -0.134380 
-0.008552 0.210664 0.332867 0.104833 -0.047802 -0.161442 0.129434 -0.145453 0.148685 0.181958 0.078865 0.251274 -0.180673 0.490952 -0.130441 0.146187 
0.037629 0.343565 0.344807 0.215013 0.378112 -0.392347 0.249608 0.042382 -0.078634 -0.068029 -0.028054 0.659902 0.082938 0.621337 -0.208231 0.078126 
-0.077445 0.323140 0.334879 0.275776 0.334185 -0.394500 0.000259 0.046164 -0.176264 -0.106504 0.328292 0.619852 0.323975 0.647804 -0.386322 -0.086090 
0.129747 0.388630 0.016238 0.514155 0.396457 -0.542844 -0.103858 -0.096131 -0.095078 -0.288077 0.182984 0.356131 0.671154 0.721148 -0.392574 0.054731 
0.288209 0.178477 -0.276545 0.398955 0.313290 -0.409963 -0.059516 -0.146910 -0.110722 -0.213596 0.242562 0.260225 0.858084 0.614752 -0.171894 0.007916 
0.053022 0.304136 -0.373266 0.107130 0.307545 -0.461688 -0.063201 0.202453 -0.059397 -0.005765 0.445938 0.208482 0.629405 0.421332 -0.131081 -0.033466 
0.340244 0.450761 -0.546921 0.146745 0.439284 -0.197430 0.118772 -0.111195 0.119053 0.261703 0.359355 0.106649 0.709318 0.316053 -0.109929 0.078904 
0.058497 0.421008 -0.635270 0.145588 0.286807 0.123756 0.391647 0.197497 -0.109975 0.168396 0.045885 -0.089443 0.575363 0.424455 0.065093 -0.154641 
-0.397415 0.441989 -0.628198 -0.089682 0.237308 -0.021903 0.808838 0.264856 0.042559 -0.058440 0.031168 -0.102101 0.270457 0.527883 -0.383209 -0.121990 
-0.641415 0.162626 -0.374187 0.112638 -0.174429 0.002311 0.799157 0.126576 -0.298357 -0.066153 -0.121358 0.200429 -0.196564 0.522586 -0.149439 -0.305381 
-0.821733 0.002229 0.110112 0.209754 -0.407946 -0.214607 0.661158 -0.269569 -0.576260 -0.044887 -0.433616 -0.111031 -0.097005 0.630610 -0.529529 -0.459388 
-0.886838 -0.080385 0.438393 0.340868 -0.546011 -0.433974 0.341904 -0.247767 -0.760114 -0.091801 -0.569288 -0.510872 -0.286798 0.696167 -0.421637 -0.254207 
-0.509951 -0.402438 0.479462 0.668595 -0.535697 -0.642598 -0.005878 -0.302547 -0.539841 -0.435335 -0.539033 -0.426739 -0.448969 0.644516 0.030786 -0.484102 
-0.131974 -0.201000 0.389781 0.790546 -0.516240 -0.493959 -0.335756 -0.085850 -0.466476 -0.301537 -0.436197 -0.356770 -0.330480 0.799009 0.177752 -0.288585 
-0.047193 0.158101 0.598700 0.506686 0.050060 -0.116824 -0.494334 -0.296965 -0.513523 -0.390808 -0.227298 -0.071262 -0.383410 0.517963 0.538760 -0.121518 
0.001904 0.353452 0.457977 0.227510 0.274384 0.149341 -0.659934 -0.324426 -0.269617 -0.024744 -0.162213 0.106894 -0.269088 0.128417 0.491723 0.051495 
0.207665 0.282604 0.396378 -0.180796 0.269053 0.221751 -0.534428 -0.345082 -0.161050 0.054126 -0.290377 0.261818 -0.131846 -0.070325 0.353830 -0.084172 
0.023109 0.446115 0.182087 -0.414422 0.606905 0.320745 -0.345911 -0.246306 0.119479 0.281293 -0.053487 0.109834 -0.197456 -0.451040 0.057976 0.165392 
0.187311 0.085263 0.266193 -0.098676 0.569592 0.306177 -0.018793 -0.189769 0.363520 0.283959 -0.097444 -0.002328 -0.329091 -0.251160 -0.229226 0.230799 
0.474934 -0.121219 0.004496 0.127165 0.283782 0.096804 0.072839 -0.010415 0.170036 -0.461005 0.020437 0.141906 -0.438834 -0.072021 0.018676 0.072451 
0.294410 -0.529231 -0.271916 0.241739 0.022650 -0.144364 0.262816 0.037705 0.312634 -0.411120 -0.004538 0.192486 -0.485808 -0.094548 -0.082540 0.237872 
-0.136135 -0.622802 -0.611511 -0.126832 0.021427 -0.080326 0.266745 0.110239 0.294896 -0.271267 0.288009 0.291048 -0.324839 0.120193 -0.382294 0.141589 
0.080224 -0.282193 -0.595025 -0.545382 -0.503898 -0.195388 0.252535 0.156126 0.175337 0.280946 0.442974 0.138623 0.123566 -0.331528 -0.777901 -0.237777 
0.081018 0.080911 -0.697174 -0.611953 -0.476445 0.012534 0.187793 0.066588 0.316745 0.383092 0.565781 -0.130084 0.418960 -0.338179 -0.576234 -0.197335 
0.054836 0.117691 -0.768107 -0.386065 -0.510055 -0.064001 -0.150411 0.033280 0.105695 0.207123 0.739655 0.070465 0.407284 0.009450 0.007783 -0.014560 
0.230963 0.026602 -0.586538 0.079921 -0.538463 -0.149930 -0.491913 0.040179 0.033105 0.167015 0.876871 -0.299299 0.274235 0.488983 0.443361 0.326398 
0.203280 0.066125 -0.069878 0.127068 -0.556132 -0.045672 -0.466458 0.149396 -0.113611 0.060369 0.718874 0.006307 0.124360 0.363812 0.810117 0.188353 
0.291381 -0.040949 0.263897 0.267863 -0.435842 0.192516 -0.468556 -0.243370 -0.073023 -0.060818 0.633249 -0.304510 0.107351 -0.092381 0.572133 0.395858 
0.033839 0.187471 0.469853 0.292468 -0.270455 0.587057 0.151216 -0.197102 0.060622 0.029478 0.391430 -0.208271 -0.206451 -0.456221 -0.061763 0.422280 
-0.125258 -0.172324 0.746866 0.358624 0.123939 0.604501 0.218830 -0.302421 -0.094030 0.170375 0.055969 0.182576 -0.287202 -0.415767 -0.251950 0.005687 
0.114481 -0.090070 0.814462 0.016500 0.247274 0.063279 0.169560 -0.216014 0.004025 0.045783 -0.021270 0.414974 -0.060039 0.115870 -0.333165 -0.682504 
0.203594 -0.019730 0.492015 0.030574 -0.154706 -0.222957 0.655995 -0.417279 0.168526 0.185075 -0.250000 0.470952 0.142107 -0.059193 -0.394210 -0.795867 
-0.249381 -0.140379 0.333071 -0.026498 -0.164771 -0.289686 0.655508 -0.284814 -0.066850 0.294280 -0.031755 0.290308 -0.008027 -0.096538 -0.542523 -1.010103 
-0.323777 -0.215025 0.064335 -0.261601 0.174326 -0.402515 0.340199 -0.093873 -0.448561 0.121399 0.086880 0.358078 0.074390 -0.131608 -0.102232 -1.007807 
-0.369709 -0.359225 -0.396605 -0.466419 0.201348 -0.318974 0.025130 -0.038906 -0.585987 0.272773 -0.069661 0.613452 -0.010837 -0.283195 0.277083 -0.560618 
-0.277550 -0.240026 -0.572623 -0.485437 -0.046292 -0.245423 0.021879 0.091948 -0.572304 -0.107932 -0.200971 0.493615 -0.377096 -0.196723 0.435951 -0.178571 
-0.320955 -0.136846 -0.557856 -0.470381 -0.321458 -0.113457 -0.525158 -0.005451 -0.476460 -0.137391 -0.191360 0.387116 -0.640212 -0.207994 0.419633 0.321397 
-0.133599 -0.282281 -0.831750 -0.286692 -0.464092 -0.065230 -0.538858 -0.122602 -0.529856 -0.143291 -0.378444 0.347757 -0.585530 -0.059767 0.193727 0.427801 
0.134075 -0.360916 -0.585132 0.084106 -0.637430 -0.022634 -0.723865 -0.047154 -0.372421 -0.271158 -0.617238 -0.018758 -0.444758 -0.275279 -0.233047 0.552390 
0.096942 -0.289148 -0.529429 0.231656 -0.548616 -0.221326 -0.577306 -0.314605 -0.495303 -0.150286 -0.663561 0.053914 -0.046742 -0.096123 -0.361892 0.536079 
0.069809 -0.371510 0.005478 -0.015880 -0.450034 -0.021289 -0.529361 -0.157041 -0.307968 -0.150032 -0.547795 -0.080755 0.337660 -0.222777 -0.668913 0.178634 
0.148457 -0.273312 0.192425 -0.155779 -0.408195 -0.045122 -0.226769 -0.580411 -0.091091 0.095464 -0.381657 0.055242 0.372046 -0.066295 -0.697951 0.248842 
-0.032031 -0.268602 0.232318 -0.478545 -0.403053 -0.073447 -0.248122 -0.480434 0.260083 0.374162 -0.264753 -0.292708 0.541863 -0.158232 -0.866103 0.300415 
0.006271 -0.248056 0.347313 -0.430975 -0.302426 0.196994 -0.006892 -0.459558 0.355137 0.223789 0.009801 -0.295361 0.395572 -0.315529 -1.074930 0.055394 
0.016686 -0.275818 0.199589 -0.414150 0.144355 0.128755 -0.190283 -0.296031 0.159273 0.307461 -0.024171 -0.242844 0.201343 -0.101706 -0.634394 0.025045 
0.013033 -0.133638 0.179916 -0.447419 0.192832 -0.133465 -0.081466 -0.365864 0.024076 -0.029120 -0.154443 -0.240429 0.106060 -0.007291 -0.570641 -0.098232 
-0.217307 -0.131558 0.079554 -0.456509 0.032203 -0.043261 -0.365745 0.046059 0.065584 -0.164788 0.139798 -0.079181 0.204073 0.121670 -0.471061 -0.097386 
-0.130264 -0.068483 0.044798 -0.404170 0.494876 -0.140870 -0.193817 -0.036284 0.070531 -0.050920 0.213871 -0.161008 0.106584 0.497564 -0.162047 0.084231 
-0.388139 -0.094655 0.123256 -0.454239 0.330993 -0.151041 -0.051772 -0.161648 -0.016838 -0.076945 0.176107 -0.280361 -0.075709 0.521002 -0.332267 -0.107061 
-0.268477 -0.044585 0.138020 -0.430154 0.461380 -0.119525 -0.059884 -0.060051 0.027463 0.045621 0.208192 -0.381379 0.059641 0.371329 -0.396801 -0.056310 
-0.361163 -0.054095 0.194227 -0.150359 -0.058491 -0.096569 -0.128089 -0.207347 -0.015194 0.143370 0.095205 -0.386538 0.067216 0.348764 -0.390025 0.037399 
-0.077601 0.108041 -0.048763 0.022365 0.011350 -0.153458 -0.158708 -0.171682 0.234605 0.187500 -0.254707 -0.458800 0.140778 0.275782 -0.430192 -0.050259 
-0.013077 0.140395 0.140329 0.208319 -0.077846 0.054941 -0.238193 -0.230717 0.271199 0.408196 -0.249142 -0.291734 0.285749 0.203315 -0.335134 0.150351 
0.028735 0.388750 -0.150449 0.354364 -0.054336 -0.235218 -0.210731 -0.253832 -0.046689 0.340680 -0.118462 -0.174786 0.387473 0.232241 -0.320633 0.117171 
0.261262 0.296554 0.075667 0.248728 -0.215259 -0.074891 -0.058368 -0.457020 0.340455 0.240130 -0.256419 -0.175278 0.536314 0.287101 -0.040885 0.012225 
0.209785 0.366989 -0.079514 0.185368 -0.172719 0.032691 -0.150059 -0.081068 0.341193 0.432454 -0.341790 -0.091575 0.557262 0.471170 -0.111497 0.065984 
0.355378 0.342462 0.116394 0.232045 0.003332 -0.208837 -0.126798 -0.230691 0.151539 0.227991 -0.028817 -0.132230 0.636967 0.259342 0.078808 -0.123980 
0.398920 0.201167 -0.098298 0.050771 0.032358 0.000029 -0.320337 0.076131 0.075643 0.315061 -0.148713 0.209262 0.579814 0.519514 0.031933 -0.014553 
0.253588 0.093092 -0.019763 0.205110 -0.043504 0.118120 0.059513 -0.021414 0.271388 0.030952 0.123282 0.186926 0.507568 0.427644 0.141527 -0.211426 
0.341180 0.236984 -0.101401 -0.010232 -0.013227 -0.012540 0.390875 0.111138 0.303545 0.146147 0.022534 -0.070494 0.190989 0.268755 0.189098 -0.067039 
0.296752 0.437759 0.013264 -0.061988 0.139743 -0.038374 0.293901 0.246854 0.224716 -0.043897 0.064565 0.102861 0.339890 0.257960 0.266385 0.018430 
0.555664 0.362089 0.036727 -0.153632 0.121890 0.006166 0.137717 0.361888 0.009221 -0.360193 0.182694 0.068453 0.250826 0.416992 0.237466 0.159338 
0.448996 0.315873 -0.117359 0.004605 0.075861 -0.301963 0.194175 0.457625 0.063829 -0.150863 0.139203 -0.197821 0.028745 0.563364 0.383991 -0.237159 
0.509052 0.418196 -0.071432 -0.307714 0.083806 -0.209737 0.273952 0.350525 -0.164588 -0.306650 0.182830 -0.364480 -0.085400 0.332469 0.268416 -0.162005 
0.370116 0.217151 -0.248445 -0.169841 -0.110485 -0.233589 0.306681 0.299629 0.205246 -0.164543 0.136905 -0.126736 -0.151847 0.251759 0.253916 -0.100301 
0.288006 0.081708 -0.037995 -0.381329 -0.023010 -0.141909 0.151201 0.087239 0.225841 -0.405990 0.007364 -0.227537 0.029755 0.100255 0.286883 -0.073500 
0.208041 0.166836 0.115084 0.000374 0.098808 -0.367102 0.256902 0.039564 0.026508 -0.250160 0.116161 0.018214 -0.226489 0.048342 0.227756 -0.157825 
0.315220 -0.031241 -0.010592 -0.346241 0.108778 -0.231848 0.288110 0.288498 0.073393 0.035561 -0.138684 -0.095744 -0.237287 -0.088496 0.029543 0.189766 
0.102967 0.332463 -0.042071 -0.025116 0.284100 -0.168085 0.202860 0.145142 0.100374 0.118034 0.092155 0.118441 -0.168048 -0.136007 0.048002 0.303780 
0.207093 0.473473 0.015493 0.077421 -0.003608 -0.244885 0.207845 0.049352 0.157367 0.230406 -0.023161 0.155791 0.031661 -0.210915 0.131747 0.441387 
0.136919 0.398859 -0.087388 0.031518 -0.007868 0.006441 0.137567 0.103175 0.344575 0.127942 0.009441 0.005835 -0.208840 -0.154024 0.141152 0.125899 
0.208614 0.356914 -0.101278 0.191559 -0.009740 0.039210 -0.014880 0.006380 0.266947 0.108041 0.047521 -0.105572 -0.314674 -0.277314 0.159405 0.091359 
0.133972 0.429876 0.016651 0.011133 0.066800 -0.008922 -0.137703 0.043779 0.142045 0.038918 0.012951 -0.029226 -0.372075 -0.239417 0.062703 0.185073 
0.005554 0.386475 0.078991 -0.016796 0.011395 -0.165830 -0.095193 -0.112758 0.176058 0.267018 0.259733 -0.039802 -0.326039 -0.152425 -0.030020 0.008789 
0.252310 0.196101 0.235205 0.030834 0.024177 -0.068337 0.099737 -0.252635 0.042720 0.066397 -0.000605 0.038407 -0.067098 -0.434445 0.187707 0.070644 
0.186958 0.192309 0.136330 0.044045 -0.060141 -0.114174 -0.000403 0.042586 0.219269 0.126553 -0.103795 -0.187221 -0.196520 -0.183647 0.286715 0.023530 
-0.021198 0.027514 -0.068711 -0.038035 -0.111850 -0.059495 0.075287 -0.087335 0.220019 0.313031 0.065369 -0.207895 -0.271680 -0.246833 0.142094 0.067871 
-0.086138 0.051471 -0.125809 -0.044290 0.016823 -0.213321 -0.087557 0.071102 0.275110 0.373395 -0.011659 0.131685 -0.319938 -0.289390 0.112755 -0.025770 
-0.090372 0.206859 0.126882 -0.252786 0.012688 -0.156586 -0.097874 -0.087436 0.187301 0.276130 0.181324 -0.057049 -0.307722 -0.197964 0.308232 -0.133278 
0.054221 0.060651 0.022737 -0.279211 -0.052237 0.105476 0.006901 -0.169178 0.069062 0.127562 -0.027263 0.081511 -0.399506 -0.040766 0.279320 0.049808 
0.092224 0.206600 -0.083985 0.050260 0.052314 -0.046751 -0.021207 -0.218029 0.140493 0.101638 0.008703 0.109671 -0.379749 -0.001037 0.277328 0.178728 
-0.124027 0.113879 0.021732 0.102326 0.287890 0.004475 -0.166760 -0.052918 0.110147 -0.081824 0.025943 -0.028251 -0.406683 0.171339 -0.010141 0.113049 
0.054004 0.073296 -0.071819 0.131627 0.007490 -0.059672 0.008118 -0.137852 0.027655 0.070993 0.060707 0.185520 -0.253119 -0.045229 0.078332 0.150619 
0.085897 0.015943 -0.162851 -0.039132 0.090665 0.148155 -0.202074 -0.114066 0.368335 0.134243 -0.001702 0.158723 -0.339365 -0.307412 0.083377 0.305399 
-0.108379 -0.103207 0.135411 -0.022367 0.164863 0.015583 -0.087403 -0.098293 0.067055 0.182625 -0.163331 0.058197 -0.154099 0.004220 0.017624 0.213488 
0.108735 -0.328610 0.035242 -0.229826 0.076427 0.149626 -0.131510 0.061258 0.144622 0.173035 0.090028 -0.072111 -0.084996 0.019723 -0.285530 0.136904 
0.097210 -0.144254 -0.030280 -0.028938 0.022664 0.107422 -0.060973 0.013785 -0.148624 0.189454 -0.115693 -0.157192 -0.076810 -0.302005 -0.169995 0.039013 
-0.071474 -0.272997 0.197456 -0.218976 0.205785 0.236094 -0.092302 0.091476 -0.025431 0.224562 0.029113 0.036928 -0.269172 -0.007083 0.076758 0.150553 
-0.086427 -0.239015 0.038556 -0.128851 0.075698 0.366724 -0.121466 0.140944 0.201549 0.151619 0.001905 0.154510 -0.246019 0.121403 0.222138 0.178588 
-0.136440 -0.009471 0.244866 -0.145223 0.043481 0.219052 -0.294531 0.048821 0.032288 0.131558 -0.105756 0.169176 -0.150371 -0.105542 -0.191196 0.078319 
0.008657 -0.148654 0.073637 0.115271 0.189321 -0.107580 -0.093350 0.167324 -0.035032 0.152341 -0.005989 0.050086 -0.058123 -0.148867 -0.009443 0.069584 
-0.302790 -0.037685 -0.116643 0.135755 0.095907 0.118017 0.186251 0.064478 0.081541 0.133889 0.203466 -0.064971 0.029139 -0.082655 -0.207368 0.100948 
-0.056767 -0.037175 0.103124 0.216832 0.152574 0.051665 0.016551 0.230585 -0.114194 0.010245 0.123692 0.094464 -0.149556 -0.171220 -0.196352 0.086659 
-0.024198 0.060294 0.039502 0.083606 0.190454 0.298453 -0.156317 0.199123 -0.044816 0.002863 -0.298903 -0.147715 -0.161761 -0.063204 -0.325619 -0.013229 
0.102267 0.048642 -0.131427 0.062461 -0.152879 0.541907 -0.071205 0.319209 -0.079469 0.039647 -0.134097 0.206539 -0.028776 -0.176605 0.014410 -0.109506 
0.058096 -0.046680 -0.086278 0.249103 -0.005155 0.577963 0.110656 0.376659 0.121637 -0.009819 -0.066892 0.040322 -0.034934 -0.244547 -0.100854 0.051448 
0.027431 -0.215989 -0.312478 0.109525 0.078106 0.275248 -0.033133 0.442648 0.180006 0.275998 -0.132573 0.134790 -0.064521 -0.191741 0.046025 0.045534 
0.023944 -0.314980 -0.051768 0.101943 0.092587 -0.106654 0.039307 0.418135 0.011164 0.333246 -0.003193 -0.138780 0.124938 -0.210069 -0.117273 0.214711 
-0.104721 -0.446497 -0.179161 0.190265 0.070853 0.108652 0.015318 0.380741 0.073117 0.236740 0.069274 0.023972 0.121647 -0.159556 0.178989 -0.115462 
-0.072950 -0.365407 -0.231357 -0.074271 -0.041943 -0.127988 0.194124 0.353767 0.026735 0.063538 0.184232 -0.068288 0.043541 0.133653 -0.056509 0.017405 
-0.019947 -0.397859 -0.211864 0.041806 0.114833 -0.018019 0.163976 0.299125 0.211562 0.030187 -0.123311 -0.092218 0.048859 0.051787 -0.020166 -0.173208 
-0.011300 -0.373284 -0.264055 0.112479 0.055008 -0.014381 0.110515 0.343834 0.132956 -0.080719 -0.063783 0.003274 -0.021619 -0.087161 -0.141378 -0.204109 
0.206457 -0.302513 -0.070868 0.248395 -0.052239 -0.080384 0.014727 0.320151 0.036048 -0.058971 -0.129837 0.108183 -0.083124 -0.172785 -0.076982 0.073709 
0.002734 -0.161569 -0.161235 0.185944 -0.109902 -0.171777 -0.028404 0.301540 -0.109101 -0.038467 -0.077525 0.126282 0.145041 -0.090889 -0.202443 -0.185265 
-0.106502 -0.253272 -0.036044 -0.087010 -0.206109 -0.258069 -0.026180 0.038318 0.196820 0.064400 -0.051308 -0.018011 -0.109919 -0.035670 -0.162649 -0.119918 
-0.168015 0.004256 -0.039614 0.174710 0.106774 0.086912 0.071689 0.106301 0.113580 -0.059108 -0.041778 0.090762 0.182628 0.126167 0.146553 0.016690 
0.072474 -0.085273 -0.128341 0.043445 -0.014291 -0.094900 0.164669 0.167342 0.265191 -0.105116 0.001663 0.059942 0.124412 0.124724 -0.004335 0.026351 
-0.246348 0.106539 -0.171069 0.234327 -0.159385 0.014599 0.189770 -0.117820 0.111351 -0.209022 0.146555 0.262527 0.072554 -0.095228 -0.011599 0.070638 
-0.190951 0.112639 0.017805 0.250278 0.090625 0.202599 0.018036 0.149559 -0.011193 -0.311803 0.193325 0.261624 0.320480 -0.044770 -0.014727 -0.022775 
-0.312664 0.288147 -0.024204 0.409832 0.105248 0.192217 0.113248 -0.138127 0.091411 -0.302639 -0.117116 0.226373 0.555806 -0.052088 0.339559 -0.042208 
-0.383081 0.152686 -0.019266 0.427052 0.237265 -0.252760 0.382763 -0.156468 -0.150184 -0.465330 -0.114783 0.155287 0.764573 -0.044844 0.261881 0.172262 
-0.260096 0.274961 0.326467 0.249300 0.038978 -0.184654 0.521909 -0.316616 -0.168917 -0.492582 -0.006030 0.188432 0.952322 -0.017952 0.476575 0.079661 
-0.328886 0.372254 0.222182 0.269686 -0.138376 -0.302327 0.723797 -0.072173 -0.268667 -0.470373 0.062800 -0.389544 0.968493 0.182380 0.604946 -0.055795 
