0.107529 0.214154 -0.000514 -0.508279 1.029509 0.440173 -0.027779 -0.213996 0.720504 -0.628725 -0.395322 0.438274 0.092636 0.386362 0.016157 0.337981 
-0.357779 0.383246 -0.037145 0.604504 -0.456643 0.082202 0.163396 -0.155098 -0.608568 -0.071729 0.093174 -0.194881 -0.968215 -0.212931 -0.866973 -2.389770 
0.401023 0.409183 -0.395213 0.139975 0.087417 -0.217832 0.067758 0.251951 0.687957 0.206783 -0.517193 0.566178 0.373759 -1.761175 -3.488510 -0.008521 
0.327156 -0.287892 0.301535 0.508303 -0.360423 -0.548637 -0.250826 0.298755 -1.773756 -0.166170 0.076192 0.263094 -0.559394 0.104565 -0.039122 -1.112550 
0.140188 -0.019318 0.122099 -0.339293 0.351347 -1.401091 -0.913656 0.346825 -0.048212 0.346964 0.026285 -0.271142 -1.070985 0.113063 0.307072 0.126554 
0.484616 0.024306 0.193916 -0.754119 -0.922453 0.283387 0.308968 0.194708 -1.158420 -0.613953 0.077900 -0.403176 0.075527 0.279505 -1.013670 0.002398 
-0.276876 -0.147216 0.017995 -0.121988 0.275905 0.456385 0.059460 -0.544982 0.308490 0.743653 0.072046 -1.323228 -0.984757 0.424583 -0.304298 -0.512726 
-0.189972 0.237857 0.262115 -0.557011 -0.201649 0.566834 -0.917535 0.098858 -0.222666 -0.128794 -0.144211 -0.613172 0.454156 0.091713 0.289720 -0.076651 
0.089903 -0.517004 0.298582 -0.165829 -0.777246 -0.043942 0.218333 0.237093 -0.144152 -0.108649 0.159996 -0.576667 -0.139054 0.231841 0.237995 -0.642875 
0.048856 0.280714 0.248513 -0.093160 -0.913517 0.354007 0.303314 0.153857 -0.797091 -0.955681 0.220730 0.302512 -1.344385 0.264957 0.144266 0.313902 
0.082888 0.164352 0.179995 -0.479762 0.012470 -6.314866 -2.498053 0.162523 0.014593 0.132114 0.093721 0.258832 0.360640 -1.686252 -0.254275 0.173989 
0.066125 -0.884247 -0.280774 0.563846 -0.451566 -0.403653 0.256286 0.068784 -0.295050 -0.197809 0.046823 0.104683 0.179747 -0.035552 0.070663 -0.950157 
0.171709 -0.518731 0.124545 0.177017 0.342165 0.742953 0.037188 -0.638918 -0.572499 0.463053 -2.024836 -0.712119 -0.247246 0.159226 -1.729426 0.252273 
0.048218 -0.492288 0.138763 0.496292 0.804408 -0.110309 0.031437 0.175506 -0.637510 -0.328437 0.101232 -1.224894 -0.994152 0.246152 0.486099 -2.830878 
-1.151688 0.112671 -0.068849 0.384577 0.332135 0.031586 -0.108491 -1.100634 -0.133532 -0.107497 0.150739 -1.190890 0.438531 -0.001453 0.034972 -2.305296 
0.341258 0.231043 -0.088689 -1.164571 -1.687044 -0.070013 0.133179 0.060605 -0.617162 0.176065 -0.237674 -0.003701 -0.587743 0.009361 -0.395211 0.390694 
