-0.066519 0.172844 -0.036794 -0.143101 0.988896 0.304788 0.423722 0.711458 1.047944 0.052433 -0.172872 0.272194 -1.413796 0.286502 0.475393 0.822427 0.313653 -0.476288 
0.067813 0.086814 -0.198003 -0.193908 0.987672 0.046748 0.514243 0.504336 0.849929 0.353755 0.027145 0.300882 -0.888505 0.425585 0.204498 0.555723 0.243434 -0.673082 
0.233151 -0.006920 -0.022618 -0.253620 0.862410 0.113637 0.264988 0.455237 0.839869 0.334453 -0.228894 0.376222 -0.747071 0.207175 0.286475 0.427133 0.169649 -0.511810 
0.067576 0.028614 -0.104320 -0.000394 0.718470 0.181539 0.418427 0.309263 0.549383 0.350216 -0.258580 0.386204 -0.813720 0.256311 0.164337 0.190353 0.111506 -0.170494 
0.098438 0.288611 -0.285125 -0.112105 0.256781 0.329756 0.172633 0.316891 0.850027 0.070301 -0.198354 0.188109 -0.454215 -0.080498 0.067940 0.137163 0.282855 -0.182775 
0.136804 0.055339 -0.109880 -0.070653 0.172826 0.271596 -0.113926 0.336726 0.728232 -0.010153 -0.131889 0.130533 -0.416040 0.227858 0.004841 -0.144929 -0.047991 -0.078582 
0.383399 0.060991 -0.176782 0.031767 0.458134 0.183048 0.118283 -0.094504 0.522492 0.051181 -0.182746 0.140824 -0.150944 0.140881 -0.119492 -0.262535 0.028478 0.004739 
0.330916 0.039596 0.050658 -0.223555 0.452126 0.020370 0.106544 -0.095412 0.439341 0.144298 0.097043 0.064051 -0.311644 0.203924 -0.232761 -0.115884 -0.108655 -0.060881 
0.370098 -0.002742 0.187391 -0.181528 0.248549 0.097550 0.042281 -0.228015 0.369284 0.338223 -0.043945 -0.107232 -0.039877 0.048809 -0.213372 0.037996 -0.032049 -0.006917 
0.558824 0.033108 0.086114 -0.322844 0.460288 0.199116 0.138723 -0.031502 0.352286 0.105773 -0.054348 -0.210536 0.126997 0.020078 0.136334 -0.178036 -0.186149 -0.043078 
0.331382 -0.211118 0.029931 0.082518 0.411274 0.084833 0.172101 -0.169659 0.225624 -0.052106 -0.081985 -0.373612 -0.001114 -0.005184 -0.114638 -0.230212 -0.215228 -0.026617 
0.285998 -0.239277 0.032718 0.019977 0.416906 -0.156186 0.193363 0.007091 0.469376 -0.199544 -0.094537 -0.124022 0.136252 -0.169216 -0.004445 -0.167445 -0.081481 -0.080895 
0.434137 -0.235004 -0.026458 0.137900 0.297734 -0.042514 -0.002765 0.112569 0.507446 -0.269601 -0.303408 -0.367706 0.116479 -0.058571 -0.219612 -0.443248 -0.003516 0.089615 
0.198292 -0.007076 -0.075667 0.004273 0.457450 -0.155804 -0.051043 -0.102487 0.392050 -0.155237 -0.006069 -0.101649 0.079066 0.064556 -0.158649 -0.232012 -0.093724 0.072096 
0.214092 -0.130009 0.184817 -0.104399 0.196802 -0.012882 -0.146270 -0.232495 0.371474 0.104891 0.006093 0.112322 0.424124 0.179303 -0.370253 -0.355214 -0.252312 -0.030293 
-0.165215 -0.195810 -0.074943 0.189387 0.226794 0.122527 -0.031741 -0.305373 0.228132 -0.118651 -0.141087 0.094355 0.219862 -0.008745 -0.331168 -0.473725 0.020242 -0.148194 
-0.000417 -0.096683 -0.059477 0.139305 0.127659 -0.125838 -0.155392 -0.170670 -0.090436 0.060290 -0.132175 0.089672 0.458036 -0.157635 -0.164678 -0.254439 0.313835 -0.145787 
0.039947 -0.067672 0.161937 0.116262 0.053773 -0.031293 -0.236277 -0.058011 -0.338697 -0.216049 -0.023843 0.086601 0.446143 -0.225089 -0.223073 -0.447435 0.111421 0.018209 
-0.138935 0.112802 0.059998 0.038457 0.139381 0.032931 -0.032750 0.071929 -0.352396 -0.066456 0.173778 -0.076489 0.315724 -0.066851 -0.069569 -0.358501 0.188327 -0.041266 
-0.453211 -0.126141 0.131538 0.357632 0.050838 0.006243 -0.050219 -0.035314 -0.098287 0.046138 0.021286 -0.138772 0.320024 -0.092011 -0.140032 -0.291938 -0.027742 0.041103 
-0.462131 0.148793 -0.038447 0.247432 -0.137381 -0.079329 -0.076674 -0.221233 -0.407645 -0.225646 -0.038158 -0.091471 -0.060154 -0.168426 -0.357409 -0.329988 0.190059 -0.265806 
-0.230646 0.138739 -0.120320 0.344050 0.085123 -0.254993 0.035258 -0.231107 -0.488502 0.180284 0.024235 -0.035746 -0.002166 -0.282028 -0.280240 -0.477808 0.056126 -0.182850 
-0.269284 0.450631 0.125414 0.341242 0.228998 0.107653 0.079859 -0.136860 -0.578380 -0.307882 0.165884 0.096127 0.101313 -0.334537 -0.212467 -0.412036 -0.131541 0.038192 
-0.142501 0.561581 0.039877 0.138854 0.223597 0.066453 -0.002596 -0.127359 -0.600209 -0.159486 0.158136 -0.117420 0.273642 -0.297839 -0.004935 -0.453264 -0.290184 0.128375 
-0.153028 0.283897 0.065314 0.068341 0.359905 0.035015 -0.059352 -0.168116 -0.674792 -0.109784 -0.184572 -0.337310 0.259982 -0.262878 -0.293242 -0.352225 -0.117445 0.104752 
-0.263120 0.373767 0.014354 0.081647 0.107078 0.004442 0.082999 -0.255215 -0.527866 -0.215791 0.035739 -0.373156 0.539499 -0.114128 -0.074653 -0.181338 -0.352273 0.090299 
-0.165840 0.340750 0.214273 0.096959 0.115231 -0.013441 0.134322 -0.218902 -0.652867 -0.258455 0.189690 -0.396636 0.267005 -0.265744 -0.190468 -0.332524 -0.261829 0.168120 
-0.370932 -0.052268 0.303131 0.187443 -0.299979 -0.261437 0.101475 -0.128173 -0.673635 -0.154616 0.220472 -0.244447 0.354609 0.005900 -0.180821 -0.353967 -0.199866 -0.048776 
-0.270221 0.190710 0.181408 0.153593 -0.051834 -0.109926 0.210043 0.033169 -0.500106 -0.319917 0.217271 -0.171705 0.374577 -0.288470 -0.056754 -0.216954 -0.380702 0.185334 
-0.412599 0.193685 -0.176188 0.203959 -0.022731 0.136657 0.133543 -0.189876 -0.738512 -0.253713 0.142826 -0.040801 0.091921 -0.326251 0.054387 -0.068639 -0.182594 -0.063383 
-0.384246 -0.003190 -0.032577 0.149430 0.092208 0.086833 -0.025121 -0.251413 -0.685234 -0.027461 0.260326 -0.366412 0.147330 -0.327469 0.085681 -0.350154 -0.154841 0.032103 
-0.189966 0.022428 -0.055091 0.137347 -0.023635 0.174485 -0.064649 -0.129505 -0.730614 -0.181013 0.190583 -0.078243 0.186057 -0.285065 -0.124647 0.154354 -0.098993 0.332097 
-0.135912 0.106846 0.120335 0.282642 -0.034516 -0.177772 -0.128269 -0.169641 -0.603452 -0.027872 0.061841 -0.039108 0.037549 -0.063829 0.174063 -0.077856 -0.134682 0.098161 
-0.122627 0.006703 -0.077446 0.249101 -0.187754 -0.166320 0.040938 -0.018636 -0.641472 0.103074 0.174759 0.006211 -0.196125 -0.148335 -0.051004 -0.051083 -0.119140 0.115677 
-0.238985 -0.017875 -0.231696 0.164790 -0.253956 -0.182989 -0.012372 0.019382 -0.701601 -0.105244 0.044515 -0.130608 0.208224 -0.255622 -0.102022 -0.013144 0.050487 -0.063897 
-0.061496 -0.252099 -0.109015 0.136709 -0.119824 -0.246878 -0.030656 0.501453 -0.658998 -0.026106 0.190327 -0.186218 0.173861 -0.278440 0.220742 -0.143003 0.196965 -0.086063 
-0.029284 -0.177662 -0.059814 0.079118 0.107156 -0.132088 -0.290161 0.626736 -0.740224 -0.095751 0.193584 -0.073494 0.215890 -0.395451 0.326105 -0.178448 0.068774 -0.002568 
-0.036361 0.004142 -0.120618 0.003292 -0.096745 -0.297872 -0.163665 0.571469 -0.627653 0.123557 0.231010 -0.129719 0.145992 -0.295770 0.373488 -0.118320 0.075331 -0.421476 
0.004185 -0.310876 -0.024240 -0.327982 -0.263988 -0.075617 -0.293223 0.478985 -0.473063 0.117012 0.118187 0.077824 0.211563 -0.291954 0.383835 -0.320301 -0.193078 -0.589110 
-0.019356 -0.281359 -0.173377 -0.225161 -0.272497 -0.042422 -0.150194 0.322422 -0.563335 -0.047597 -0.118271 0.219319 0.129690 -0.327885 0.499205 -0.279569 -0.030166 -0.399899 
-0.012793 -0.340820 -0.058637 -0.492791 -0.266578 -0.163127 0.075017 0.513223 -0.611409 -0.092086 0.115522 0.073458 0.203939 -0.393476 0.321151 -0.662516 -0.291017 -0.441375 
0.165619 -0.104058 -0.197582 -0.452642 0.055349 -0.117578 0.037432 0.471494 -0.414722 0.066905 0.083257 0.070116 0.261342 -0.258840 0.347285 -0.393043 -0.045615 -0.272569 
0.476751 -0.044051 0.033269 -0.470981 0.156423 -0.024234 -0.011755 0.314016 -0.078241 -0.098771 0.155517 0.008109 0.104741 -0.360604 0.381662 -0.162625 -0.284137 -0.084537 
0.343351 -0.076257 -0.024620 -0.586094 -0.056324 0.020622 0.098044 0.398524 -0.320099 -0.024193 0.087390 0.124034 0.074908 -0.413938 0.323010 -0.080715 -0.270724 -0.185213 
0.236540 0.049718 -0.085047 -0.321137 0.076643 0.030721 -0.123214 0.389207 -0.251377 -0.158284 0.039911 -0.109493 0.203162 -0.235736 0.215975 -0.027675 0.123077 -0.349355 
0.102957 -0.036224 0.249779 -0.248997 -0.282172 0.002919 0.020162 0.230186 -0.218434 -0.083999 -0.058147 -0.251642 0.251614 -0.222302 0.230419 0.064312 0.212894 -0.337596 
0.125903 -0.046186 0.000946 -0.085387 -0.385769 -0.043882 -0.212221 0.228106 -0.276997 -0.201732 -0.018928 -0.302067 0.071997 -0.031650 0.177984 0.136531 0.283083 -0.294515 
0.054437 -0.454338 0.014079 -0.139660 -0.501019 0.225385 -0.038549 0.126894 -0.173148 -0.177706 0.099439 -0.196994 0.118349 0.105158 0.169653 0.017535 0.163450 -0.120989 
0.066173 -0.311106 0.055414 -0.144470 -0.452875 0.169026 -0.094806 -0.040848 0.159442 -0.174153 0.019554 -0.184647 0.341908 -0.058462 0.027638 -0.049003 0.185285 0.117571 
0.203478 -0.170898 0.221952 -0.432055 -0.360905 0.161426 -0.259434 0.157312 -0.065792 -0.038378 0.125889 -0.357610 0.196449 0.136886 0.210256 0.139203 -0.140230 0.216402 
0.057044 0.009480 0.119074 -0.445439 -0.489329 0.071304 -0.326175 0.050179 0.012875 0.187066 0.155151 -0.081322 0.034240 0.249859 0.205827 0.216829 0.102457 0.075253 
0.415802 -0.114385 -0.016670 -0.611525 -0.394911 0.049055 -0.163196 0.061065 0.084169 0.110965 0.049150 -0.135701 0.224152 0.411793 0.044192 0.090145 0.088110 0.420209 
0.474566 -0.284851 -0.091149 -0.510241 -0.401082 0.019738 0.034462 -0.214753 -0.044545 -0.099397 0.007019 -0.130088 0.244929 0.343987 0.148873 0.296448 0.350149 0.353443 
0.446125 0.009017 0.150046 -0.275882 -0.464376 -0.265938 -0.037546 -0.226298 -0.243835 0.139412 0.163492 0.294572 0.191286 0.083503 0.171796 0.114437 0.585562 0.527855 
0.379141 0.041074 0.062535 -0.207196 -0.367158 -0.271633 -0.110064 -0.123268 0.042222 0.027692 -0.029978 0.311566 0.282110 0.051126 0.071839 0.146738 0.454735 0.486843 
0.349949 0.025225 0.262257 -0.007320 -0.228765 -0.358930 -0.126439 -0.236341 0.192699 0.134431 0.245020 0.213963 0.126359 0.279662 0.092228 0.127055 0.648586 0.204287 
0.644131 -0.205986 0.145377 -0.183829 -0.258638 -0.094546 -0.127392 0.001441 0.142056 0.354277 0.264882 0.296758 0.325900 0.232262 0.227332 0.193133 0.442878 0.260499 
0.499918 -0.190473 0.248366 0.009125 -0.598713 -0.088386 -0.032798 -0.199382 0.488005 0.042944 0.233943 0.373087 0.129420 0.249166 -0.019464 0.114254 0.527172 0.035534 
0.353787 0.013914 0.134741 -0.015941 -0.340094 -0.412929 -0.189217 -0.157060 0.366760 0.406782 0.099606 0.774117 0.285982 0.248529 -0.055061 0.058728 0.437583 -0.169705 
-0.003747 0.245186 0.099039 -0.074468 -0.391589 -0.587412 0.001485 0.047593 0.586394 0.181128 0.194283 0.729016 0.200297 0.109010 -0.300843 -0.020452 0.650687 -0.245688 
-0.060132 0.031714 0.178612 0.058411 -0.606880 -0.301396 0.271078 -0.060138 0.365364 0.195836 0.015070 0.602933 0.249825 0.220057 -0.230369 -0.172929 0.286410 -0.097756 
-0.130558 -0.148328 -0.007581 -0.128979 -0.560769 0.089144 -0.050400 -0.120324 0.100414 0.262837 0.276337 0.309422 0.011238 0.016339 -0.163201 -0.150906 0.115944 -0.177862 
-0.437719 -0.054016 0.123265 -0.431936 -0.757484 0.305746 -0.041776 -0.225846 0.059378 0.257559 0.319717 0.234657 -0.075296 0.170773 -0.035401 -0.001647 0.297911 -0.063720 
-0.277598 0.165824 0.073606 -0.380402 -0.428223 0.417033 -0.066276 -0.495742 0.325613 0.241435 0.355809 0.175067 -0.016881 0.177312 -0.292984 0.048904 0.264223 -0.264022 
-0.075669 0.174421 -0.097235 -0.467418 -0.400411 0.255219 0.067622 -0.532590 0.457401 0.335826 0.267936 -0.047807 -0.354620 0.247370 -0.224205 0.164366 0.204368 -0.179678 
-0.320902 0.363166 -0.273405 -0.469478 -0.322416 0.273496 0.065683 -0.458492 0.251272 0.025439 0.414865 0.086731 -0.229394 0.138053 -0.662348 0.254834 0.069345 -0.225318 
-0.277347 0.120601 -0.150002 -0.149317 -0.314727 0.351034 -0.251443 -0.287469 0.334033 0.010553 0.250096 0.140746 -0.007861 0.201632 -0.417448 0.161912 -0.057605 -0.075031 
-0.369543 -0.014246 0.056269 0.295489 -0.220637 0.051574 -0.170979 -0.240381 0.292670 0.145849 0.280556 0.348380 0.057001 0.101144 -0.263303 0.119194 -0.376811 -0.136192 
-0.292412 0.182211 -0.168779 0.459280 -0.269929 -0.135665 -0.263066 -0.250914 0.284543 -0.238047 -0.186258 0.199001 -0.080661 0.056736 -0.411551 0.165748 -0.421195 -0.143452 
-0.165075 -0.041495 -0.089805 0.751035 -0.451363 -0.204230 -0.394908 -0.202827 0.442778 -0.149153 -0.460690 0.014972 0.027454 0.215499 -0.385586 -0.025262 -0.627110 -0.051131 
-0.001582 0.111288 -0.034704 0.980116 -0.409526 -0.278271 -0.033832 0.015680 0.702361 -0.425148 -0.516303 -0.141699 -0.029175 0.100607 -0.261550 0.003621 -0.595051 -0.059004 
-0.144970 -0.105629 -0.015148 0.942567 -0.374682 0.015566 -0.154679 0.066855 0.527684 -0.493211 -0.780320 -0.404179 -0.170911 -0.011130 -0.057072 -0.118599 -0.546396 -0.108644 
-0.034719 -0.267325 -0.022769 0.960785 -0.266761 0.352968 0.127044 -0.026197 0.694875 -0.494372 -0.563535 -0.077408 -0.259018 -0.133840 0.054422 -0.176863 -0.432810 -0.011265 
-0.035962 -0.047567 0.184041 0.537037 -0.035805 0.797491 0.141745 -0.168058 0.471294 -0.301131 -0.509046 0.254577 -0.071489 0.097973 0.378999 -0.142909 -0.278415 -0.206836 
-0.063108 -0.021651 0.250046 0.283496 0.164126 0.900962 0.126658 0.024294 0.232951 -0.005542 -0.194793 0.189265 -0.128605 0.049539 0.426728 -0.171496 -0.237806 0.035996 
0.065047 0.043225 0.074270 0.237369 0.121755 0.733032 0.151648 -0.053009 -0.072762 0.290261 -0.235508 0.213837 -0.193333 0.097280 0.572905 -0.302720 0.262176 -0.114670 
0.229802 0.107742 -0.242023 0.374881 0.321625 0.932637 -0.035099 0.163486 0.007588 0.429124 -0.211587 0.236435 -0.147608 0.167851 0.373225 -0.071890 0.383311 -0.115456 
0.031281 0.305637 -0.141266 0.478043 0.393396 0.572320 -0.080163 0.282766 0.109786 0.609964 -0.343085 -0.105308 0.038885 0.717556 -0.044732 0.045007 0.662598 -0.089969 
-0.409738 0.579886 -0.112493 0.690056 0.347464 0.146579 -0.174522 0.303828 0.017583 0.665275 -0.194412 -0.215524 -0.212766 0.322953 -0.451207 0.151269 0.710622 -0.343797 
-0.230381 0.340209 -0.149729 0.601376 -0.204765 0.015722 -0.194051 0.398435 -0.289295 0.571554 -0.467572 -0.330724 0.043706 0.092986 -0.806333 0.338024 0.766744 -0.311826 
-0.057513 0.176767 -0.459196 0.696714 -0.326808 -0.697105 -0.168901 0.434954 -0.320744 0.427554 -0.342018 0.149722 0.009289 -0.201436 -0.818697 0.406857 0.097532 -0.023077 
0.178442 0.239659 -0.483037 0.572221 -0.152118 -0.731676 -0.304830 0.051057 -0.136164 0.075825 0.204892 0.208572 0.246222 -0.523760 -0.693976 0.473659 -0.233624 -0.089692 
0.081361 0.215940 -0.250877 0.142880 0.044221 -0.811126 -0.216514 -0.128127 -0.217531 -0.187380 0.542447 0.323917 0.042122 -0.395711 -0.320881 0.398630 -0.786379 0.234498 
0.291853 0.135373 -0.342196 0.235796 0.489013 -0.475871 -0.089771 -0.659791 0.013047 0.022109 0.841021 0.575929 -0.283302 -0.451701 0.044822 0.307460 -0.721825 -0.023819 
0.048765 0.034440 -0.212455 0.027445 0.355355 -0.056747 -0.002630 -0.470544 -0.167260 0.239711 0.866922 0.056882 -0.563008 -0.136967 -0.008977 0.004952 -0.673558 0.121638 
0.303685 0.029481 -0.026805 -0.242133 0.233897 -0.293328 0.139103 -0.213452 -0.224316 0.061670 0.359958 0.144257 -0.325659 0.118650 0.132816 -0.208848 -0.214302 0.407310 
0.198333 -0.019932 0.184384 -0.132703 -0.018847 -0.332206 -0.036894 -0.111052 0.035125 0.481764 -0.142141 0.020024 -0.164539 0.267174 -0.236109 0.027670 0.156642 0.311319 
0.273322 -0.327132 -0.058008 -0.194296 -0.128855 -0.184137 -0.164385 0.055371 -0.273578 0.401576 -0.462782 -0.164293 -0.395879 0.076543 0.212504 0.049050 0.042385 0.122162 
-0.155634 -0.121969 -0.208046 -0.017571 -0.109131 -0.207039 0.027999 -0.190040 -0.002014 0.436085 -0.571039 -0.485087 -0.209489 0.245437 0.674239 -0.212410 -0.483222 0.041459 
-0.622242 0.039690 0.332674 -0.279601 -0.162883 0.278418 0.139878 0.007176 0.260219 -0.031205 -0.795731 -0.419791 0.099322 0.280984 0.599359 -0.424403 -0.223867 0.163424 
-0.417838 -0.112718 0.721333 -0.320439 0.239050 0.430108 0.030669 -0.214028 0.341776 -0.587815 -0.429621 -0.393767 0.195604 0.109359 0.474234 -0.143970 0.001486 0.101682 
-0.054096 -0.314456 0.857082 0.026463 0.373663 -0.078454 -0.168887 0.009063 0.159910 -0.450194 -0.325750 -0.258156 0.093863 -0.205983 0.563610 -0.016955 0.495906 0.085488 
-0.079050 -0.477808 0.542395 0.462665 0.375926 -0.412056 -0.255298 0.202278 0.236069 -0.104026 -0.343082 0.126278 0.056333 -0.607246 0.356942 0.374542 0.379696 -0.269122 
-0.226346 -0.411579 0.591832 0.090829 0.050694 -0.414540 -0.578092 0.263122 0.316975 -0.052124 -0.305239 0.379535 0.092225 -0.755637 -0.061981 0.391775 -0.014057 -0.137687 
-0.404597 -0.170620 0.723880 -0.359276 0.037793 -0.082562 -0.349962 0.240997 0.367437 -0.138599 0.036028 0.335145 0.334442 -0.359507 -0.130404 0.270551 0.164832 0.055885 
-0.343852 -0.081107 0.969094 -0.405213 -0.056602 0.059795 -0.381567 -0.027362 -0.061947 0.051579 0.296282 0.115212 0.350284 0.196063 -0.470711 -0.059500 -0.038894 0.231873 
0.089461 0.331650 0.749428 -0.234387 -0.126398 0.373130 -0.212126 -0.031388 -0.353495 0.145079 0.186400 -0.177014 0.535013 0.470407 -0.843849 -0.339838 -0.447740 0.010166 
0.597846 0.797282 0.270128 -0.229592 -0.263780 0.260939 0.198860 -0.424470 -0.412809 0.128305 0.141865 -0.067054 0.363532 0.686137 -0.490524 -0.127065 -0.358079 -0.265088 
0.974743 1.068251 -0.046706 -0.327017 -0.248191 0.421907 0.544008 -1.000324 -0.601127 -0.181271 -0.283859 -0.317454 0.164737 0.673107 0.179358 -0.231597 0.076437 -0.301778 
0.858798 0.914702 -0.334795 -0.415256 0.256288 0.420058 0.677508 -0.373097 0.018125 -0.051535 -0.622232 -0.332026 0.035683 0.391928 -0.051413 0.019930 0.160253 -0.290319 
0.645483 0.650140 -0.709967 -0.340165 0.330452 0.129909 0.022153 0.117379 0.041116 0.393273 -0.769416 -0.324065 -0.204967 -0.176657 0.327170 -0.463321 0.146545 -0.839910 
0.519105 0.343112 -0.716938 -0.280367 0.160171 0.058503 -0.059667 0.507398 0.192563 0.596347 -0.336313 -0.021466 0.102013 -0.284160 0.547534 -0.324808 -0.220837 -0.922711 
0.210371 0.127255 -0.554357 0.064078 0.152618 -0.354592 -0.574615 0.465327 0.214755 0.607554 -0.327456 0.053906 -0.052800 -0.151607 0.801081 0.138356 -0.244963 -0.797656 
-0.217122 -0.283547 -0.486940 0.383728 0.143032 -0.777209 -0.608197 0.558010 0.233238 0.361628 -0.120242 -0.012471 0.321897 -0.153949 0.954740 0.379785 -0.116524 -0.422722 
-0.422507 -0.282632 -0.246031 0.550434 0.083921 -1.023772 -0.407937 0.749268 0.283242 0.260898 0.072640 0.000780 0.269465 0.311582 0.944171 0.445215 -0.163437 -0.226944 
-0.730142 -0.528876 -0.355921 0.532117 -0.061682 -0.987905 -0.283914 0.514594 0.219426 -0.098132 0.177681 -0.429849 0.216628 0.523443 0.311909 0.577126 0.303192 0.035797 
-0.893175 -0.233849 -0.188473 0.283875 0.103489 -0.806436 0.053287 0.396937 -0.097141 0.142483 0.303528 -0.446126 0.193464 0.512573 0.190890 0.828129 0.239804 0.394478 
-0.910511 -0.293476 0.066716 0.116670 0.118209 -0.480999 0.191505 0.089838 -0.256349 -0.022522 0.452081 -0.714498 0.123187 0.780380 0.015812 0.647976 0.133758 0.527938 
-0.521938 0.163399 0.112878 -0.018259 0.510837 -0.356253 0.294688 -0.092763 -0.384621 0.111573 0.483061 -0.794301 -0.016640 0.925726 -0.200405 0.507360 0.470168 0.551929 
-0.453483 0.221980 0.317631 -0.453239 0.359046 -0.077412 0.234729 -0.161922 -0.570271 -0.063627 0.622774 -0.891184 0.041120 0.864655 -0.104538 0.337265 0.175353 0.339395 
-0.558207 0.236588 0.090049 -0.539305 0.339978 0.017977 0.186567 -0.281932 -0.385470 -0.194796 0.433014 -0.711089 -0.263640 0.743899 -0.269087 0.102322 0.108499 0.301310 
-0.199236 0.171426 0.091785 -0.688306 0.185484 0.008771 -0.064927 -0.345073 -0.336277 -0.203240 0.231378 -0.623650 -0.122921 0.338510 -0.253373 0.008725 0.099451 0.093202 
-0.196373 0.076293 0.109541 -0.472727 0.028493 -0.027954 -0.002423 -0.444269 -0.365449 -0.318005 0.158017 -0.402053 -0.211701 0.390521 -0.451726 0.026545 -0.145189 -0.119840 
-0.223064 0.285463 0.015663 -0.155955 -0.321365 -0.004185 -0.222392 -0.484074 -0.072373 -0.484883 -0.120905 -0.257453 -0.143600 -0.118475 -0.239948 -0.082019 -0.171642 -0.153317 
-0.077501 0.240493 -0.173256 0.064391 -0.427516 0.012239 -0.385000 -0.051499 -0.083619 -0.733552 -0.015191 -0.219779 -0.004970 -0.019893 0.130879 0.018895 -0.404672 -0.124876 
0.101270 0.100550 -0.237911 0.110906 -0.312721 0.186858 -0.369742 -0.029695 0.113239 -0.592802 -0.140636 -0.211888 -0.057019 -0.023655 0.068902 -0.103512 -0.176539 -0.289634 
-0.045024 -0.003287 -0.134594 0.334724 -0.220771 0.135691 -0.142700 -0.354160 0.035234 -0.508097 -0.132580 -0.295500 -0.035539 0.070899 -0.038997 -0.012373 -0.109179 0.016604 
-0.320594 -0.052824 -0.291414 0.131037 -0.009177 0.046632 -0.093985 -0.246273 -0.035417 -0.338644 0.133610 -0.200642 -0.074566 -0.123869 -0.103380 -0.213221 -0.188790 -0.026369 
-0.337065 0.001937 -0.228109 0.447274 0.018501 0.117443 0.073877 -0.066151 -0.023025 -0.324255 0.124209 -0.111662 0.150665 0.284128 -0.000271 0.042608 0.067530 0.250712 
-0.234940 -0.335303 -0.007704 0.384877 0.193858 0.210970 0.051567 0.091774 0.203698 0.020134 0.085902 -0.118793 -0.182338 0.304054 -0.293576 -0.178001 0.279411 0.409062 
-0.221726 -0.258295 -0.263387 0.222348 0.331090 0.088826 -0.080083 -0.076517 -0.046398 0.056772 -0.004043 0.157029 -0.090935 0.200577 -0.048127 -0.155003 0.386865 0.383284 
-0.212348 -0.280399 0.113044 0.144471 0.421003 0.216160 0.089338 -0.232829 0.068632 -0.174654 -0.066406 0.225311 -0.190032 0.331188 -0.081317 -0.048581 0.464005 0.439550 
-0.134752 -0.285485 -0.143720 0.147145 0.693670 -0.194908 0.149187 -0.438491 0.074146 -0.058970 -0.173030 0.226150 0.028746 -0.107667 -0.011806 -0.133409 0.175852 0.237744 
0.141798 0.044926 0.022579 0.230390 0.412045 0.039623 0.134293 -0.603781 -0.075472 -0.079353 -0.004603 0.060239 -0.271594 0.022711 -0.138710 -0.086807 0.091275 0.078511 
0.244031 -0.176691 0.103001 -0.036787 0.355919 0.079842 0.128269 -0.741666 -0.034479 0.074534 0.222369 0.251494 0.030037 -0.268925 0.122789 -0.109488 -0.247070 0.189901 
0.157111 -0.051970 0.128220 0.073786 0.304581 -0.019037 0.101468 -0.433818 0.069138 -0.053813 0.019665 0.068567 -0.091112 -0.000587 0.032487 -0.107324 0.087630 -0.019514 
0.341463 -0.134831 0.084618 -0.131606 0.236242 0.451733 0.054616 -0.482431 0.144258 -0.151342 -0.105101 0.377148 -0.003670 -0.215517 0.168966 -0.123108 0.091105 0.132654 
0.279655 -0.157830 -0.074465 -0.164626 0.032139 0.259543 0.054980 -0.452993 0.242327 -0.228601 -0.013756 0.513778 -0.202219 -0.276546 -0.071737 -0.194990 -0.097403 -0.190154 
0.160444 0.264511 -0.000493 -0.111863 -0.139184 0.462043 -0.083616 -0.428528 0.174478 -0.195042 -0.119223 0.512419 -0.165202 -0.356036 -0.120420 -0.043173 0.203651 -0.166866 
0.164396 0.242265 -0.004626 -0.243600 -0.310723 0.225084 0.035294 -0.487934 0.201196 -0.535452 -0.290371 0.540896 0.013211 -0.375031 -0.141975 -0.090238 0.200166 -0.029952 
0.188306 -0.068219 -0.002712 -0.228893 -0.279884 0.096820 0.116751 -0.281199 0.036965 -0.447014 -0.171820 0.441732 -0.180480 -0.314671 -0.101564 0.242590 0.263578 -0.139850 
0.227821 0.019094 -0.043600 -0.289160 -0.120442 0.051236 0.273430 -0.330408 -0.046487 -0.488199 -0.355416 0.200513 0.040271 -0.246445 -0.164599 0.108624 0.156337 0.032144 
0.240471 0.065883 0.060239 -0.319413 -0.195630 0.153607 0.270937 -0.207691 0.140201 -0.554542 -0.220823 0.468787 -0.086345 -0.148300 -0.194325 0.209104 0.115923 0.018093 
0.268247 -0.085396 0.115410 -0.283886 0.003857 0.010193 0.268354 -0.199341 0.211832 -0.373735 -0.275902 0.053351 0.090274 0.084403 -0.108779 -0.037540 0.158481 0.145222 
0.214907 -0.242461 -0.009065 -0.232766 0.175941 -0.181675 0.205851 0.040131 0.030918 -0.152474 -0.080504 0.103086 -0.080137 -0.096728 -0.059876 -0.034261 0.012915 -0.095733 
0.234441 -0.233457 0.015100 -0.303259 -0.082011 0.026433 0.398110 0.183544 0.195229 -0.114831 -0.227131 -0.031582 -0.171252 -0.274062 0.024943 -0.161490 0.017546 0.222251 
0.407637 -0.337591 -0.020442 -0.151021 -0.072331 -0.241502 0.338701 0.088766 -0.139237 -0.072427 -0.066586 0.250105 -0.016654 -0.244022 0.146473 -0.268669 0.008410 0.336962 
0.228597 -0.143095 0.048683 -0.026345 0.092722 -0.374499 0.630028 0.333759 0.104624 -0.053878 -0.058684 0.205285 -0.124047 -0.206422 0.246164 -0.105720 -0.031126 0.139384 
0.201489 -0.011918 -0.083783 -0.087032 0.153697 -0.240854 0.447091 0.205162 0.042559 -0.239971 0.020397 0.084847 -0.019544 -0.055301 -0.090227 -0.098340 0.176482 0.202273 
-0.027018 -0.059271 0.143276 -0.209359 0.397701 -0.193655 0.631164 0.124273 0.125449 -0.025577 0.019677 0.362295 0.038533 0.090101 -0.214883 -0.269570 0.094344 0.215174 
0.060839 -0.181586 -0.018107 -0.071642 0.155109 -0.057678 0.354356 0.021837 0.017055 -0.238709 -0.014517 0.010188 -0.021968 -0.194125 -0.146722 0.115506 -0.270819 0.166924 
0.162966 -0.240823 -0.023654 0.017155 0.166072 -0.223633 0.263770 0.086578 0.083510 0.023506 -0.219422 0.080508 0.081036 -0.068449 0.032049 0.042175 0.008453 -0.032150 
0.093292 -0.068946 -0.000896 -0.133719 0.228697 -0.255249 0.285026 0.008504 -0.122458 0.013326 -0.044076 -0.049920 0.185028 -0.214003 -0.027638 -0.056908 -0.299843 -0.003109 
0.083038 -0.051248 0.190602 -0.139473 0.230924 -0.100756 0.063343 0.004785 0.134645 -0.176042 0.094217 0.286336 0.214071 -0.155230 -0.060407 -0.078624 -0.053937 0.062951 
0.119305 -0.025552 -0.067475 -0.053916 0.194937 -0.423531 -0.030717 0.045192 0.203903 0.077785 0.048421 0.275993 0.137238 -0.120698 0.056663 0.056018 -0.304596 0.102991 
0.108781 0.202852 -0.025638 -0.187958 0.105699 -0.185732 0.183963 -0.065245 0.255963 -0.212590 0.050727 0.047375 0.016752 -0.022394 -0.133807 -0.217598 -0.106395 -0.034747 
0.091432 -0.035561 0.066349 -0.006953 -0.066508 -0.347983 -0.007347 0.180251 0.130427 0.005276 -0.010257 0.156335 0.155483 -0.153745 -0.082014 0.046694 -0.385476 0.047072 
0.077186 -0.167194 0.054372 0.009363 0.016579 -0.142057 -0.030818 0.025312 0.218923 0.220496 -0.025899 0.031949 -0.000321 -0.140259 -0.062243 -0.151742 -0.468710 0.128401 
0.122290 -0.185551 -0.019480 0.013159 -0.174952 -0.157336 0.117702 0.021118 0.110598 0.023890 0.042289 0.062831 -0.137629 -0.079260 0.005543 -0.066064 -0.307443 0.120447 
0.115706 -0.062508 -0.066281 0.051229 0.010985 -0.116868 0.109975 0.005053 0.016297 0.186677 0.052034 -0.144804 -0.000040 -0.220466 0.149608 0.170652 -0.215370 0.354168 
0.025371 -0.211431 0.142216 0.189714 -0.255374 0.036089 0.037028 0.092364 0.066718 0.181884 0.085873 -0.001479 -0.177719 -0.001572 0.229681 -0.164704 -0.233435 0.149533 
-0.086042 -0.306925 0.038711 0.073221 0.043237 -0.148418 0.244380 0.002699 0.008983 0.070693 0.016321 -0.116160 -0.240942 0.056260 0.070890 0.010368 -0.374853 0.084966 
-0.128995 -0.001243 -0.019186 -0.064504 0.005023 0.033601 0.290687 0.011621 -0.054696 0.216657 0.256066 -0.112457 -0.218387 0.017987 -0.019252 -0.029214 -0.445248 0.102407 
-0.188997 -0.004895 -0.126327 -0.139468 0.006217 -0.066967 0.114353 -0.131076 0.160547 0.059576 0.177976 -0.150912 -0.101035 -0.020013 -0.024050 0.089633 -0.139560 -0.186656 
-0.218540 0.020876 -0.042642 -0.029264 -0.112786 0.157924 -0.055125 0.131981 -0.103452 -0.000972 0.049375 -0.114413 -0.066360 -0.180414 -0.021167 0.028955 -0.430214 0.248020 
-0.109376 -0.072047 -0.042010 0.088294 -0.149197 0.320565 0.048652 0.245817 0.109849 0.071377 -0.118288 -0.087571 -0.083470 -0.078909 0.127588 -0.127416 -0.261160 0.105131 
-0.242605 -0.196143 -0.037136 -0.102470 -0.082358 0.150717 0.056835 0.374768 -0.100256 0.180091 0.079615 -0.015216 -0.112140 -0.029571 -0.165391 0.005675 -0.493105 0.414836 
-0.010841 -0.048361 -0.079561 -0.085883 0.062164 0.194644 0.024624 0.284110 0.194905 0.210530 0.057572 0.034717 -0.201946 0.040252 -0.028955 0.047575 -0.284364 0.289686 
0.074415 -0.052177 -0.037494 0.038398 -0.006441 -0.127066 -0.046811 0.422545 0.152551 0.073327 0.054173 -0.055386 -0.348417 0.036110 -0.039863 0.066940 -0.315083 0.223597 
0.134498 -0.130107 0.017665 -0.026036 0.223072 0.063974 0.234333 0.286381 0.207279 0.241626 0.267603 -0.003376 -0.290015 -0.001554 -0.155756 0.045082 -0.051515 0.076313 
-0.125051 -0.170758 -0.233436 0.179197 -0.061298 -0.023693 0.229451 0.288276 -0.084967 0.127343 -0.003904 -0.111199 -0.090660 -0.116075 0.110581 0.018980 -0.204874 0.130052 
-0.039755 0.000000 -0.007731 -0.007719 -0.065828 -0.009589 0.255436 0.260837 0.144482 0.174258 0.106819 0.031377 -0.042820 0.022196 -0.018201 0.173194 -0.050549 -0.009961 
-0.128095 -0.207827 -0.137410 -0.376506 -0.223435 0.124525 -0.030355 0.577967 -0.290697 0.320873 -0.019896 -0.060455 -0.090007 -0.154667 0.239472 0.211248 0.055470 0.179797 
-0.270824 -0.010344 -0.152124 -0.297234 -0.019588 0.282210 0.130648 0.383055 -0.051969 0.054882 0.114340 -0.055475 -0.063586 -0.051828 0.015572 0.071300 0.031201 -0.046174 
-0.291197 -0.106142 -0.232159 -0.006922 0.143058 0.287334 -0.021060 0.072166 0.027816 -0.055538 0.050263 -0.103255 -0.130456 -0.036331 0.141305 0.200188 -0.030755 0.229603 
-0.167646 -0.038266 0.097764 -0.011803 -0.031773 0.280159 -0.107625 0.215316 0.047200 -0.081337 -0.040896 -0.164295 -0.075604 -0.085898 -0.015729 0.478930 0.041914 0.123759 
-0.297293 -0.089461 -0.180625 0.091430 -0.070221 0.195015 0.129768 0.119823 -0.021618 0.164706 -0.117770 -0.163510 -0.072668 -0.301287 0.053154 0.493718 0.039384 0.071905 
0.004088 0.050282 0.137678 0.260468 0.144166 0.049175 0.218160 0.342986 0.094845 0.126357 -0.115711 -0.217790 0.005307 -0.353773 0.092006 0.493236 0.115212 0.313696 
0.056992 0.091944 -0.083198 0.030391 -0.168451 0.230620 0.117069 0.143234 -0.138042 0.157052 0.019223 -0.255201 0.014387 -0.091739 0.134018 0.475460 -0.010226 0.103620 
-0.141680 0.227370 0.070758 -0.064617 -0.059465 -0.105005 0.302465 0.293470 -0.064474 0.348310 -0.015095 -0.399917 0.007369 -0.104192 -0.098836 0.422157 -0.017677 0.158975 
-0.091188 -0.114850 0.110396 -0.061798 -0.030439 -0.197104 0.164647 0.196433 -0.047676 0.129772 0.028654 -0.256691 -0.069009 -0.169391 -0.187811 0.426609 0.167861 0.148707 
0.099533 0.114611 -0.274172 0.103374 0.035451 -0.167761 -0.110190 0.090374 -0.097655 0.211531 -0.129615 -0.223152 -0.024707 -0.033221 0.080870 0.439849 0.123723 -0.107315 
-0.090714 0.016656 0.017273 0.277520 -0.014781 0.005491 0.111923 0.090705 -0.150720 0.080035 -0.131564 -0.027334 -0.155794 -0.015865 0.056553 0.248938 0.294186 0.109914 
0.142599 0.037906 -0.184299 0.368440 -0.298731 -0.006646 -0.260104 0.152068 -0.200914 0.091919 -0.025443 0.267122 0.028119 0.062445 0.042297 0.218608 0.453606 0.102420 
0.065666 0.168724 -0.003069 0.190376 0.011125 0.247226 -0.122387 0.010532 -0.028685 -0.047106 0.139062 0.063769 -0.129776 0.026462 0.141030 0.185300 0.454680 0.162414 
-0.059579 0.292815 0.270168 0.196700 -0.163306 0.158387 -0.254725 0.024834 -0.205991 0.045877 0.248636 0.279481 -0.038722 -0.004744 0.140576 0.026434 0.149843 0.198028 
0.178006 0.289474 0.037982 0.315646 -0.257411 0.151655 -0.589837 0.017608 -0.032590 0.180200 -0.018818 -0.069346 0.084615 0.156214 0.052708 -0.060011 0.248668 0.207004 
-0.038036 0.182099 0.051363 -0.000739 -0.185836 0.432098 -0.414454 0.002018 -0.169150 0.161455 0.075730 0.413094 -0.013169 -0.063145 -0.173274 -0.150692 0.356272 0.003813 
-0.305922 -0.165937 0.096954 0.053667 -0.358517 0.754353 -0.758969 -0.027661 0.017764 0.152716 -0.020598 0.490463 -0.158195 0.068071 0.051852 -0.162260 0.461167 -0.066006 
-0.342509 -0.036247 -0.127966 -0.092487 -0.258487 0.827103 -1.295978 -0.208099 0.032783 0.024371 0.192676 0.872955 -0.203494 0.091444 -0.135600 -0.098791 0.605772 -0.257169 
