0.193306 0.240828 -0.237819 -0.105569 0.736803 0.201822 0.461627 -0.124866 0.303818 0.736513 0.400279 0.469426 -0.597370 -0.176315 -0.018603 -1.149794 
0.364559 0.455164 0.087878 -0.900959 -0.581394 -0.090911 -0.422004 0.207281 0.305676 -0.365819 -0.667712 0.182683 0.172884 0.292951 0.134075 -1.825639 
0.196300 0.128397 0.158723 -0.673126 0.106848 -4.229235 -1.968231 0.213177 -0.021890 0.085745 0.113113 0.148961 0.136510 -2.199229 -0.297132 -0.620797 
0.093861 -0.694516 0.235609 0.308995 0.254834 0.209697 0.341380 0.203718 -1.016155 -0.706812 0.266844 -0.951134 -0.765550 0.263730 0.078379 -0.738912 
-0.229270 0.241994 0.272083 -0.026501 0.090771 0.295733 0.240404 -0.001365 -1.442947 0.016567 0.286469 0.056429 -1.739525 0.310309 0.015693 -0.917283 
-0.015968 -0.305961 0.202899 -0.989507 0.446552 0.250498 -0.730295 -0.355935 -0.005063 0.513210 -0.120295 -0.299711 -0.414272 0.110663 -0.040298 -2.213319 
0.027277 0.224716 0.257925 0.366669 -1.446599 0.453641 0.046195 0.257018 -0.656492 -0.115418 -0.231801 0.212401 -0.616704 0.223401 0.258798 -0.834581 
-0.415791 -0.048015 0.048005 -0.013265 0.458859 0.282922 -0.066397 -0.165052 -0.163994 -0.465010 -0.756704 -0.201084 -0.160975 0.051771 0.481124 -1.238601 
0.472620 0.263727 0.350317 -0.097405 -0.318857 0.494974 0.575561 0.169567 -0.812195 -0.325018 0.360790 -0.106903 -2.223184 0.339398 -0.638555 -0.925922 
0.158063 -0.830400 0.093692 0.402517 0.063717 -0.240064 0.000481 -0.025846 -1.333735 0.085043 0.048661 -1.846987 -1.288871 0.247304 0.087368 -1.605431 
-0.258670 0.044586 -0.104765 -0.027589 0.465455 -1.302375 -1.640965 -0.003150 0.733475 0.365875 -0.071517 0.217636 0.251861 -0.218346 0.343036 -1.121570 
-0.753146 0.260975 0.187981 0.732840 -0.163320 0.129180 -0.036157 -0.378890 -0.930306 0.336510 0.003559 -1.128837 -0.183057 0.155184 0.011082 -1.525646 
-0.102163 0.351255 -0.091717 -0.645105 -1.849054 0.199248 0.369289 0.135093 0.248615 0.243411 0.078987 0.062394 0.307829 0.176594 -1.033908 -0.738281 
-0.189875 0.145403 0.258386 0.141090 0.161609 0.045139 -0.158221 0.015805 -0.903542 -0.718666 0.391211 -1.100317 0.712304 0.285126 0.138573 -0.824696 
0.330164 -0.063020 -0.480901 0.466039 -0.336268 -0.767310 -0.039219 0.262245 -0.370833 -0.438116 -0.730369 0.303284 -0.002130 -0.637532 -1.711067 -0.396910 
0.323982 0.146433 0.233346 -0.486941 -0.810736 0.484782 0.339754 -0.170603 -0.139844 0.213894 0.133776 -0.096852 0.414407 0.337407 -2.493952 -0.972672 
0.230656 -0.016567 -0.017003 0.510911 -0.181005 0.184164 -0.180561 -0.343350 -0.004575 -0.302084 -1.184785 0.440782 0.477475 -0.146529 -1.363628 -0.592253 
0.103594 -0.584362 0.190055 -0.228279 -0.927392 -0.206026 0.006008 0.211529 0.034402 0.049342 -0.266250 -0.652391 -0.282238 -0.115265 -0.048767 -1.781874 
