-0.118797 -0.394864 1.204667 -0.440463 0.094131 -0.322115 -0.926614 0.402267 -0.210407 0.321893 -0.092180 0.480629 0.105758 -0.290676 -0.285755 -0.630484 -0.004940 0.327492 0.394125 0.277693 
-0.004466 -0.461829 1.158779 -0.177454 -0.011275 -0.264720 -0.914238 0.186616 0.045502 0.391587 -0.175778 0.245379 0.067250 -0.333119 -0.255868 -0.376915 0.008114 0.310099 0.229353 0.177794 
-0.062589 -0.603195 1.056036 -0.323540 0.072594 -0.301955 -0.465059 0.209580 -0.117143 0.256661 -0.328941 0.333486 0.072121 -0.025468 -0.189047 -0.327349 -0.058458 0.407519 0.243338 0.211503 
0.256087 -0.575365 0.858391 -0.164850 -0.028635 0.007981 -0.548257 0.002781 0.206878 0.178300 -0.272424 0.023501 0.098337 -0.185897 -0.303156 -0.406119 -0.178465 0.231485 0.172474 0.177734 
-0.036656 -0.206794 0.715125 -0.265343 0.054791 -0.173230 -0.502015 -0.220863 0.057744 0.155053 -0.266124 -0.000421 0.006106 -0.172908 -0.277784 -0.484579 0.148656 0.053524 0.274293 -0.106453 
0.144355 -0.084848 0.363781 -0.064172 0.136160 -0.072277 -0.246041 -0.183902 0.173403 -0.118021 -0.170395 0.251587 0.151772 -0.348920 -0.002231 -0.453493 -0.181597 0.069885 0.295867 -0.044370 
0.071552 -0.097305 0.470783 -0.087019 0.086932 -0.064102 -0.197807 0.030511 0.016486 0.032080 -0.222350 0.248613 0.017794 -0.339747 0.133102 -0.317324 -0.265620 0.113128 0.307181 0.028200 
0.058837 0.002941 0.466722 0.050026 -0.169897 -0.342567 0.048675 -0.070448 -0.102761 -0.080933 -0.241605 0.015302 0.203434 -0.206339 0.055556 -0.335046 -0.117240 0.257555 0.098072 0.057644 
0.080546 0.143275 0.546636 0.218828 -0.048710 -0.263564 -0.148526 0.065376 0.131666 -0.249778 -0.039470 -0.084998 0.108984 -0.207641 -0.069212 -0.170453 -0.257740 0.119987 0.095097 -0.011279 
0.088015 0.067026 0.459535 -0.091364 -0.068599 -0.120673 0.080444 0.152538 -0.189660 -0.389265 -0.114253 0.022747 -0.056886 -0.053798 0.168941 -0.361376 -0.039332 -0.052911 0.093543 0.083713 
-0.154418 0.346550 0.528919 0.041398 0.084312 0.009772 0.037573 -0.007484 0.058741 -0.276319 -0.252435 -0.160935 0.219535 -0.013647 0.062846 -0.008472 -0.157713 0.050330 -0.083826 -0.086766 
-0.218860 0.338591 0.294047 -0.075583 -0.012462 0.040964 -0.019507 0.145661 0.226006 -0.282080 -0.378239 0.139957 0.137418 0.042109 0.021338 -0.303542 -0.065730 -0.221801 -0.217695 -0.302323 
-0.107904 0.160308 0.360029 -0.027357 -0.101796 0.119207 -0.095935 -0.139591 0.196766 -0.089333 -0.377925 0.054395 0.267440 0.016654 0.019897 -0.187933 -0.170394 -0.205094 -0.099048 -0.161321 
-0.130042 0.330398 0.363682 0.123274 -0.057700 0.186642 0.018591 0.034669 0.157949 0.141641 -0.339882 0.074038 0.156116 -0.114022 0.015271 -0.222587 -0.169085 -0.102502 -0.130680 -0.242331 
0.026740 0.194182 0.195776 0.187950 -0.008169 -0.026776 -0.046409 0.044313 0.100264 0.145004 -0.214705 0.148831 -0.044828 -0.092246 0.126222 -0.188422 -0.235299 -0.163669 -0.002417 0.145901 
-0.205144 0.249240 -0.164444 0.052644 0.044179 0.195324 0.119373 -0.032670 0.010359 -0.050441 -0.159142 0.156148 -0.147293 0.111735 -0.151342 0.145111 -0.083520 -0.098684 -0.263193 0.023555 
-0.112497 0.231503 0.007839 0.243218 0.009243 0.177052 0.312820 0.014333 -0.007244 -0.003242 -0.124722 -0.065067 0.243883 -0.222708 0.060933 -0.008273 0.301189 0.013328 -0.125762 -0.153796 
-0.176741 0.213031 -0.128493 0.103746 -0.033184 0.224581 0.356851 0.013694 -0.155220 0.037342 -0.138822 0.117012 0.249356 0.057880 0.132675 0.190149 0.223211 0.008661 -0.339051 -0.162950 
-0.323159 0.034857 0.063676 0.062085 -0.060635 0.179390 0.256292 0.141341 -0.108328 0.167760 0.168974 0.145593 0.139250 0.083747 -0.029755 0.372875 0.181597 -0.020818 -0.274149 0.166505 
0.021351 0.022290 0.112060 0.256689 0.040422 0.152951 0.233849 0.141140 0.024696 -0.120845 -0.075811 -0.260061 -0.020768 0.119198 -0.176894 0.280685 0.309616 -0.042142 -0.168691 0.082016 
-0.031701 -0.157932 0.077680 0.464129 0.040954 0.108350 0.131338 0.129590 -0.126846 0.036716 -0.225491 0.010265 0.016028 0.299291 -0.306983 0.581956 0.035962 -0.001205 -0.359309 0.137335 
0.046730 0.014308 0.183808 0.405190 0.098230 0.167492 0.162882 0.073495 0.144729 0.222280 -0.047072 0.000372 0.086345 0.270948 -0.159555 0.410153 0.159110 -0.226851 -0.241889 -0.005435 
-0.129179 0.050938 0.142617 0.210375 0.040865 0.324178 0.328326 0.075550 0.059461 0.103842 -0.079103 -0.258185 0.298853 0.167467 -0.396370 0.678601 -0.030687 -0.343735 -0.159711 -0.044628 
-0.073853 0.182888 0.146547 0.317823 -0.006775 0.263394 0.563047 -0.120564 0.331577 0.136167 0.043677 -0.221120 0.151131 0.210963 -0.054445 0.693369 -0.041252 -0.166473 -0.240816 0.063759 
0.009379 0.170382 0.188012 0.262673 -0.108112 0.029076 0.421423 0.154447 0.393358 0.121811 0.216438 -0.331277 0.067992 0.048510 -0.111388 0.469907 0.075089 -0.289447 -0.378878 0.033732 
-0.092873 0.013328 0.255019 0.337052 -0.098904 -0.081124 0.554278 0.071245 0.462424 -0.033394 0.087334 -0.334757 0.167651 0.152505 -0.011252 0.551513 -0.074916 -0.096640 -0.393879 0.123771 
-0.064898 0.186491 0.159689 0.364117 -0.104712 0.104682 0.327654 -0.001179 0.406098 0.025468 0.066952 -0.136153 -0.021897 0.287654 -0.078109 0.440289 0.052094 -0.428987 -0.285686 0.172921 
0.038272 -0.009934 0.043846 0.394380 -0.227803 -0.016869 0.189291 -0.007367 0.315313 -0.030585 0.228253 -0.137110 0.001956 0.215601 -0.123679 0.426050 0.148636 -0.306217 -0.391416 -0.117157 
-0.137853 0.003123 -0.079244 0.196694 -0.241792 0.137522 0.387616 -0.017509 0.093453 -0.143960 -0.071466 -0.317434 -0.116072 0.353382 -0.093685 0.519676 0.355016 -0.240035 -0.359420 -0.059728 
-0.214762 -0.060090 -0.045220 0.300218 -0.061735 0.028183 0.434301 -0.042882 0.247851 -0.216470 -0.212645 -0.046305 -0.026810 0.182409 -0.037129 0.482751 -0.088670 -0.115455 -0.479569 -0.021733 
-0.093530 0.040130 -0.128031 0.294381 0.100314 0.144448 0.286481 0.071615 0.341868 -0.149863 0.001942 -0.096244 -0.230013 0.185823 0.053969 0.699318 -0.072286 -0.194747 -0.472959 -0.076404 
-0.168655 0.195500 -0.160344 0.048598 0.125169 0.244713 0.269447 -0.116632 0.051566 -0.079952 0.025437 0.029867 0.010435 0.241230 -0.036453 0.595826 0.059450 -0.182842 -0.325765 0.033896 
-0.056707 0.108256 0.031569 0.105370 0.107644 0.002831 0.320188 -0.277485 0.148503 -0.219342 -0.004607 -0.006003 0.046864 0.078201 -0.026677 0.579120 0.212856 0.111637 -0.341925 0.056397 
0.005923 0.325783 -0.167522 0.003788 -0.102896 0.130144 0.062605 -0.134044 0.136254 -0.123333 -0.158484 0.058513 -0.220167 0.258882 0.064716 0.731732 0.109191 -0.177637 -0.465890 -0.021634 
0.034560 0.330438 -0.112535 0.086893 0.199702 0.209706 0.152656 0.007980 -0.134693 -0.129473 -0.097967 0.364339 0.059429 0.063678 -0.064931 0.698042 0.217594 0.098746 -0.531916 -0.131126 
-0.019276 0.263430 -0.084887 0.196490 0.159128 0.217658 -0.147662 -0.041853 -0.148949 -0.051234 -0.093121 0.129714 -0.098903 0.252848 0.174648 0.659896 0.033104 -0.175088 -0.447909 -0.134018 
0.280194 0.434215 -0.266911 -0.181342 -0.011156 0.167758 0.193283 0.259164 -0.025318 -0.041294 -0.154198 0.474851 -0.125160 0.073412 0.071492 0.332066 0.220704 -0.029918 -0.474768 -0.437409 
0.230203 0.520250 -0.185098 -0.195030 -0.029061 0.454870 0.052845 0.328926 0.015202 0.060912 0.100946 0.235136 -0.338097 0.369393 0.007253 0.564405 0.342459 -0.219397 -0.543869 -0.314974 
-0.062625 0.523584 -0.355957 -0.414212 0.137263 0.099579 -0.225053 0.306573 -0.103617 0.057490 -0.183412 0.475766 -0.093241 0.178845 -0.193957 0.300146 0.292227 -0.146801 -0.443853 -0.099552 
-0.111136 0.347178 -0.363257 -0.433987 0.197171 0.417535 -0.278883 -0.047564 0.085312 0.117018 -0.059778 0.467478 0.020812 0.272689 -0.182609 0.029152 0.013232 0.000645 -0.294590 0.006395 
0.151706 0.643437 -0.313556 -0.635678 0.231167 0.472309 -0.349641 -0.098347 -0.136781 -0.209751 -0.067381 0.348481 -0.166722 0.217168 -0.024781 -0.024793 -0.014662 -0.038557 -0.395875 -0.263487 
0.064442 0.808327 -0.035356 -0.639794 0.158206 0.499020 -0.068968 0.066922 0.101853 -0.093237 -0.093943 0.431616 0.080155 0.392631 -0.162545 0.000492 -0.332112 -0.082636 -0.357461 -0.088564 
0.195599 0.565292 0.050335 -0.662509 -0.056210 0.331167 -0.048190 0.205369 0.022458 0.021835 0.048502 0.219457 0.001635 0.276645 -0.193103 -0.011708 -0.425552 -0.074743 -0.111283 -0.030179 
0.110825 0.549302 0.021246 -0.602416 0.015484 0.191928 -0.052166 0.239084 -0.073077 0.137339 0.106318 0.198983 0.020061 0.218651 0.036742 0.023246 -0.463223 -0.215000 -0.306106 -0.222639 
0.204744 0.542408 -0.172345 -0.538780 -0.133281 0.304134 -0.031394 0.251672 -0.019833 0.124369 0.019919 0.106928 0.132422 0.033751 -0.197966 -0.197364 -0.367497 -0.239778 -0.113747 0.070510 
0.015177 0.547169 -0.288272 -0.231817 -0.181976 0.254808 -0.063339 0.316032 -0.308172 -0.159896 -0.072728 0.285709 0.066803 -0.005692 0.092201 -0.374772 -0.254896 0.079858 -0.205201 -0.086605 
0.068159 0.477832 -0.398462 -0.285393 -0.222577 0.111243 -0.031900 0.127174 -0.338685 -0.041782 0.043096 0.450641 0.073338 -0.225777 0.043369 -0.210777 -0.189817 -0.179328 0.084264 -0.030265 
0.050945 0.495928 -0.572031 -0.161900 -0.061470 -0.007771 0.078045 0.101029 -0.259167 -0.048269 -0.150300 0.287214 0.229951 -0.067502 0.062455 -0.216504 0.095307 -0.088142 -0.092057 -0.026606 
-0.050057 0.200807 -0.599053 -0.232583 -0.260629 -0.149992 0.026558 0.094325 -0.355099 0.017431 0.036380 0.138959 -0.133209 -0.013302 0.066490 -0.181320 -0.099227 -0.005923 0.095037 0.015554 
-0.005343 -0.177792 -0.725687 -0.120209 -0.056958 -0.264418 0.177240 -0.071174 -0.117427 0.240628 -0.087432 -0.029812 -0.034377 -0.024864 -0.023197 -0.365561 -0.102143 -0.238702 -0.042695 0.224753 
0.115526 -0.154120 -0.727003 -0.514695 -0.003332 -0.243365 0.088737 -0.114546 -0.148764 0.229481 0.039292 0.058919 -0.004164 -0.064396 0.029809 -0.234157 -0.051611 -0.245075 0.172515 0.129971 
-0.192670 -0.339842 -0.626054 -0.387163 -0.031942 -0.194721 0.145878 -0.404576 -0.128199 0.088601 0.009233 0.093524 -0.108871 0.128070 0.250739 -0.220281 0.031831 -0.017689 0.285387 0.409926 
0.072876 -0.230364 -0.758287 -0.391118 -0.100349 -0.287802 0.365776 -0.310510 0.040582 0.014527 0.213211 -0.197948 0.131068 -0.040990 0.241822 -0.129130 -0.054971 -0.136977 0.095739 0.146632 
0.072364 -0.349228 -0.584059 -0.163896 -0.007984 -0.305828 0.323641 -0.110308 -0.019886 -0.057033 0.285677 -0.299308 -0.179408 0.078934 0.198947 -0.094660 0.050378 -0.230727 0.397670 0.309115 
0.163339 -0.264317 -0.499042 -0.101611 -0.023535 -0.057063 0.401193 -0.165028 -0.003175 0.065395 0.244799 -0.115862 -0.320607 -0.037114 0.174039 -0.101368 -0.041909 0.194579 0.474865 0.333187 
0.118325 -0.252383 -0.432124 -0.108626 -0.074313 -0.118737 0.381649 -0.068134 0.178884 -0.160337 0.401313 -0.125273 -0.261986 0.108819 0.143766 -0.437744 0.010711 0.012646 0.364334 0.356901 
0.364777 -0.340452 -0.693789 0.096421 -0.106704 -0.121925 0.101882 -0.029128 -0.030788 -0.010375 0.068671 0.173470 -0.488642 0.156258 0.140195 -0.511345 -0.090733 0.099603 0.354659 0.353955 
0.469969 -0.183863 -0.575645 0.112305 -0.220712 -0.142052 0.107466 -0.126872 0.087867 0.080141 0.042994 -0.092024 -0.344705 -0.283049 0.026104 -0.384045 0.153939 0.161049 0.283808 0.152204 
0.581118 -0.416299 -0.523485 0.471356 -0.012700 0.066984 0.193886 -0.210670 0.265536 -0.080985 0.080071 0.008466 -0.428045 -0.348151 -0.208801 -0.341683 -0.032575 0.120258 0.470265 0.338473 
0.631108 -0.137352 -0.159012 0.412107 -0.073114 0.340508 0.131128 -0.299261 0.138129 -0.103540 0.141992 -0.237972 -0.480189 -0.090475 -0.080959 -0.319842 0.055351 0.335454 0.742585 0.371949 
0.508783 -0.540979 -0.198680 0.137352 -0.029141 0.167441 0.209620 -0.247506 0.242863 -0.218871 -0.137899 -0.264025 -0.693583 -0.104876 -0.167046 -0.442955 0.080314 0.303036 0.538346 0.225477 
0.553776 -0.626962 -0.142821 0.097605 0.039125 0.280328 -0.168533 -0.202254 0.262408 -0.220308 -0.203956 -0.379048 -0.671213 -0.118760 0.010419 -0.150257 0.010535 0.354275 0.155468 0.142950 
0.479169 -0.784370 -0.446840 0.334559 -0.090581 0.129741 -0.118348 -0.305737 0.243973 -0.501032 -0.140110 -0.396151 -0.555816 -0.024181 0.105313 -0.178170 0.087644 0.775636 0.167329 0.062052 
0.486254 -0.708126 -0.160207 0.391963 0.064005 -0.179248 -0.341911 -0.216790 0.154628 -0.497291 -0.071935 -0.540276 -0.641465 0.049188 -0.195592 -0.222649 -0.143834 0.508224 -0.078566 0.244593 
0.349484 -0.318099 -0.158166 0.019296 0.034983 -0.082473 -0.381708 0.093468 0.096696 -0.184225 -0.021276 -0.649090 -0.704884 0.001773 -0.028256 -0.096451 -0.134043 0.516265 -0.064693 -0.094195 
0.150470 -0.290729 -0.154266 0.127988 0.101792 -0.101295 -0.432409 0.013865 -0.135939 -0.309324 -0.320256 -0.520133 -0.374074 0.112571 -0.049498 -0.229116 -0.585252 0.624248 -0.006594 -0.200419 
-0.046914 -0.016213 0.002418 0.198855 0.000906 -0.195098 -0.145084 0.134998 0.176587 -0.238469 -0.436746 -0.305445 -0.080284 -0.051425 -0.179027 -0.168547 -0.214635 0.534115 0.338642 -0.295751 
-0.120125 -0.330406 0.066224 0.010769 -0.005299 -0.134382 -0.202535 -0.086862 -0.202767 -0.067250 -0.146976 -0.200092 -0.144887 0.013909 -0.148324 -0.210061 -0.181362 0.314974 0.266650 -0.032401 
-0.250526 -0.132670 0.077153 -0.103412 0.041156 -0.313764 -0.039317 0.019009 -0.112481 0.483139 -0.475869 -0.110132 -0.011431 0.144184 0.042122 -0.274006 -0.141456 0.262368 0.273616 -0.006318 
-0.325683 -0.088408 -0.221221 -0.015253 0.103019 -0.149096 0.048802 -0.068801 -0.031020 0.521751 -0.296744 -0.122123 0.506941 -0.169678 0.158069 -0.190983 -0.142573 -0.045517 0.771054 -0.087290 
-0.246995 -0.286867 -0.244722 -0.078534 -0.030349 -0.071938 -0.112873 -0.204919 -0.166734 0.490610 -0.383665 -0.313113 0.393831 -0.027917 -0.133082 -0.161725 0.007177 -0.303647 0.710740 -0.587162 
-0.318985 -0.220596 -0.406665 -0.036538 -0.019828 0.089044 0.013177 -0.126214 -0.486779 0.252772 -0.310957 -0.331296 0.609817 -0.112242 -0.079775 -0.369667 0.042554 -0.580669 0.482551 -0.731137 
-0.437315 -0.157749 -0.216906 -0.392810 -0.264609 0.024927 -0.011827 -0.463527 -0.390836 0.112343 -0.135116 -0.070398 0.389296 0.198732 0.097734 -0.118162 0.081104 -0.520892 0.375536 -0.940256 
-0.334309 -0.228807 0.161524 -0.318038 -0.257749 -0.049642 0.006119 -0.573656 -0.549676 0.180113 -0.187259 -0.093683 0.415270 0.114320 0.041997 -0.184976 0.148370 -0.360691 0.382140 -1.087742 
-0.529853 -0.439594 0.145361 -0.372397 -0.004764 0.142909 -0.050423 -0.590677 -0.272481 -0.038755 -0.193853 0.143862 0.292773 -0.126317 -0.015437 -0.031642 0.092275 -0.054087 0.453769 -0.917009 
-0.688520 -0.336343 0.265358 -0.257251 -0.108254 -0.230760 -0.173853 -0.466578 -0.232355 -0.229294 -0.253446 0.301950 0.218375 -0.205895 -0.050842 0.131437 0.215856 0.218682 0.292420 -0.720184 
-0.773778 -0.408332 0.093193 -0.059561 0.309114 -0.067178 -0.149517 -0.208899 -0.136558 -0.483027 -0.292735 0.306158 0.138427 -0.418459 0.147154 0.159081 -0.042804 0.551540 0.154767 -0.605386 
-0.543987 -0.092079 -0.046149 0.086037 0.136079 -0.267847 -0.189328 0.028056 -0.053967 -0.479888 -0.328714 0.384772 0.053597 -0.834848 -0.191814 0.237487 -0.063460 0.582528 0.175943 -0.320859 
-0.556458 -0.006322 0.019193 0.664318 0.122763 -0.289082 -0.204509 0.261431 -0.077209 -0.770544 -0.345492 0.229545 -0.125258 -0.973312 -0.140573 0.312819 -0.316535 0.591537 0.181726 0.186121 
-0.425371 0.081688 -0.329624 0.864745 0.078144 0.046920 0.085271 0.338043 -0.094354 -0.418791 -0.308318 0.310563 -0.020281 -0.838635 -0.092647 0.443463 -0.319054 0.565321 0.189102 -0.031291 
-0.136438 0.414294 -0.360469 0.774785 0.300100 0.575268 0.414250 0.487509 0.088847 -0.215587 -0.126372 0.039504 -0.117714 -0.515168 -0.121673 0.369871 -0.274396 0.048397 0.508543 -0.106221 
-0.177413 -0.083002 -0.305768 0.626587 0.198117 0.813085 0.357221 0.359638 0.055473 -0.047806 -0.030916 0.057641 -0.109546 -0.014154 -0.268743 0.227996 -0.242840 -0.103851 0.411394 -0.042363 
-0.526620 -0.008473 0.044405 0.171209 0.344644 0.599635 0.352553 0.304877 0.316146 0.131895 0.223541 0.008646 -0.619080 0.227638 -0.292346 0.464627 -0.057256 -0.177434 0.313134 -0.212593 
-0.335847 -0.039600 0.436868 0.214153 0.441544 0.098347 0.246239 0.106784 0.390881 0.336532 0.326089 0.172702 -0.709957 0.359194 -0.358205 0.484535 -0.117406 -0.289262 0.181827 0.025930 
-0.325171 -0.203980 0.369253 -0.052141 0.305843 -0.356804 -0.091863 -0.067529 0.540903 0.283648 0.092534 0.310478 -0.271928 0.113692 -0.026761 0.364906 -0.126855 -0.240388 -0.219432 0.454068 
-0.059718 -0.028828 0.283429 0.084332 0.115783 -0.263020 -0.136555 -0.554066 0.477115 0.008109 -0.155069 0.062313 -0.025026 0.286703 0.187976 0.218127 0.180881 0.127431 0.013673 0.420413 
0.244396 0.340730 -0.075003 0.001530 0.134276 -0.288779 -0.247847 -0.442788 0.593857 -0.066974 -0.120844 -0.038701 0.313962 0.127320 -0.165957 0.055489 0.063406 0.158859 0.103233 0.617754 
0.529066 0.348250 -0.337549 -0.067053 -0.125909 -0.035218 -0.002966 -0.423852 0.115246 0.327777 -0.351870 -0.093719 0.504842 0.173638 0.085371 0.174024 0.108426 0.410115 -0.303549 0.662192 
0.351467 0.177350 -0.417581 -0.380601 0.020939 -0.217705 0.007760 -0.300913 -0.016547 0.768083 -0.085071 -0.045212 0.644564 0.068701 -0.018242 -0.096080 0.087865 0.314932 -0.573308 0.138096 
0.416159 -0.375347 0.301475 -0.366956 -0.570427 -0.228527 0.310172 -0.109929 -0.199728 0.427279 0.129696 -0.457638 0.444055 0.210206 0.024175 -0.395254 0.177330 0.145911 -0.489859 -0.129204 
0.125607 -0.351431 0.335334 -0.129115 -0.694650 -0.479760 0.374699 0.391746 -0.440808 -0.116931 0.197093 -0.640411 0.401126 0.283483 -0.093254 -0.446436 0.148729 0.038148 -0.204188 -0.157451 
-0.429455 -0.210934 0.237876 -0.368487 -0.805439 0.003406 -0.211564 0.364752 -0.248962 0.010929 0.128120 -0.070560 0.325847 0.069457 0.093519 -0.327175 0.286099 -0.374655 -0.033512 -0.098991 
-0.589918 -0.298081 0.060534 -0.210156 -0.841981 0.623568 -0.347987 0.481048 0.036673 -0.081340 0.085796 0.130532 0.189433 0.034347 0.163685 -0.177356 0.339837 -0.508978 -0.040411 0.226881 
-0.500903 -0.248417 0.014560 -0.185774 -0.778841 0.635555 -0.318181 0.562712 0.066108 -0.224774 0.315891 0.064179 0.123340 0.026931 0.085669 -0.127116 0.268538 -0.604739 0.041348 0.125866 
0.169421 -0.221048 -0.155999 0.186195 -0.761778 0.398307 0.153466 0.411976 0.301438 -0.342545 0.179294 0.169138 -0.071795 -0.021499 0.158703 0.111574 0.371744 -0.041033 0.387656 0.281281 
0.388320 -0.208450 0.121301 0.404642 -0.631355 0.010925 0.336782 0.041462 0.152656 -0.522938 -0.147154 0.107271 -0.351616 0.380984 0.383703 0.077567 0.467200 0.321344 0.361191 0.436268 
0.201768 0.201343 0.089976 0.314886 -0.616251 -0.385587 0.229586 -0.287431 0.077388 -0.559102 0.011825 0.046089 -0.115380 0.242146 -0.104210 0.473820 -0.072076 0.571893 0.066375 0.190563 
0.103334 0.222735 -0.148151 0.015572 -0.094392 -0.507204 0.214137 -0.275764 -0.184999 -0.308526 0.053322 0.013083 0.214592 0.044730 -0.211756 0.392273 -0.879914 0.383268 -0.092821 0.018633 
-0.003005 0.097515 -0.026397 -0.312458 0.323843 -0.933247 0.284922 -0.292342 -0.147688 -0.144767 0.014826 -0.526871 0.403213 -0.083046 -0.089088 0.274546 -0.868829 -0.211001 -0.121145 -0.073624 
0.188182 0.237732 0.181122 -0.454244 0.750936 -0.761869 0.022148 0.081498 -0.430830 -0.000834 0.034376 -0.425910 0.569918 -0.180581 -0.491892 -0.097360 -0.682343 0.007323 -0.307665 0.089921 
0.079397 0.130313 0.105325 -0.477635 0.527644 -0.060191 -0.243319 0.090519 -0.108453 0.163626 -0.016054 0.212420 0.485101 -0.395378 -0.813190 -0.039630 -0.449129 0.443907 -0.328228 -0.379991 
0.340353 0.182115 0.190888 -0.589794 0.507347 0.280312 -0.119013 0.188605 0.208631 0.423462 0.070002 0.317911 0.025950 -0.134095 -0.687522 -0.055242 -0.368813 0.410733 -0.485771 -0.492025 
0.136972 0.112566 0.042406 -0.829556 0.455384 0.399800 -0.143541 0.370410 0.172029 0.299673 0.165760 0.365484 -0.087057 -0.337053 -0.814560 -0.131703 0.027677 0.541536 -0.373207 -0.340020 
0.063289 -0.212686 0.088826 -0.807135 0.262052 0.578475 0.064221 0.599748 0.555085 0.210798 0.182275 0.227387 -0.312398 -0.511757 -0.377827 -0.144726 0.328190 0.499360 -0.340341 -0.249763 
0.327464 0.006501 -0.226624 -0.332536 0.050949 0.162400 0.075598 0.689229 0.462708 -0.040763 0.316023 0.098583 -0.242883 -0.482358 -0.296415 0.041905 0.683867 0.198606 -0.159321 0.144189 
0.274538 0.180810 -0.130819 -0.216965 -0.015068 0.094339 0.183529 0.697656 0.302419 0.012220 0.347114 -0.177116 -0.596979 -0.420098 -0.103489 0.117872 0.760113 0.075557 -0.077505 0.115621 
0.145089 0.114536 -0.082816 -0.147584 0.278532 -0.351532 0.198128 0.869169 0.017578 -0.001465 0.257311 0.030399 -0.324261 -0.449255 0.001492 0.037302 0.878044 -0.170991 -0.265518 0.436607 
0.057171 0.023635 0.017530 -0.017940 0.076687 -0.548339 0.308654 0.830285 -0.227784 0.038508 0.135654 -0.022913 -0.508170 -0.453935 0.217282 0.086341 0.738557 -0.168142 -0.511869 0.436763 
-0.189692 0.118122 0.129054 0.106119 0.120140 -0.923614 0.291157 0.451722 -0.652080 -0.208127 0.290362 0.203452 -0.417100 -0.279698 0.205234 0.221823 0.484490 0.012165 -0.501757 0.621696 
0.025338 0.161829 0.101229 0.179934 -0.025856 -0.813985 0.322890 0.580619 -0.624927 -0.107257 0.256335 0.214540 -0.306746 -0.143326 0.211781 0.039766 0.171715 0.005021 -0.592218 0.607874 
-0.169048 0.048101 0.084756 0.464593 -0.031588 -0.914918 -0.086935 0.574683 -0.470306 -0.133965 0.251238 0.189845 -0.248749 -0.004978 0.168690 0.076152 0.099198 -0.139740 -0.376504 0.261485 
-0.266400 -0.299065 -0.012217 0.314189 -0.020595 -0.625513 -0.013097 0.112750 -0.392670 -0.124946 0.052955 -0.060978 -0.266963 -0.244938 0.051065 0.026333 0.094508 -0.295172 -0.430875 0.195409 
0.182681 -0.221178 -0.161350 0.361382 -0.010786 -0.425999 -0.172624 0.244367 -0.420500 -0.202560 0.200710 -0.140101 -0.009830 -0.212701 0.064313 0.097571 -0.146658 -0.342413 -0.273044 0.047719 
0.120390 -0.081466 -0.149526 0.204818 -0.016497 -0.165930 -0.054878 -0.104387 -0.355282 -0.177524 0.035226 -0.090459 0.146169 0.009347 -0.036640 0.233781 -0.049321 -0.893177 -0.021283 -0.085667 
-0.027777 -0.325809 -0.217772 0.263593 0.104102 -0.082336 0.104685 0.002206 -0.242425 -0.106444 0.067151 0.029138 0.272251 -0.065754 -0.109919 -0.057705 -0.176297 -0.628053 -0.298071 -0.287497 
0.063288 -0.299326 -0.193980 0.108412 0.090491 -0.056116 0.127787 -0.102523 -0.292362 -0.073624 -0.234889 0.110146 0.270228 0.098837 -0.142334 -0.199809 -0.275414 -0.688486 -0.321607 -0.461368 
0.205352 -0.204705 -0.174784 0.171702 0.296567 -0.252233 0.041251 -0.185937 -0.299036 -0.178920 -0.173496 0.050640 0.308889 0.329891 -0.043130 -0.131370 -0.075702 -0.641600 -0.096646 -0.408753 
0.110517 -0.097178 0.151552 0.227290 0.125480 -0.188157 -0.044455 -0.119477 -0.245725 -0.317075 -0.326394 0.101082 0.161113 0.158768 0.060154 -0.127156 0.057773 -0.394520 -0.210656 -0.208715 
-0.059665 0.205314 0.133161 0.314565 0.208521 -0.331534 -0.143409 0.086220 -0.177789 -0.195169 -0.010843 0.120512 0.120922 -0.094609 0.166600 -0.301074 0.404170 -0.134598 0.080458 -0.336365 
-0.051990 0.339140 0.426333 0.218708 0.095916 -0.396584 0.015449 -0.006366 -0.282528 -0.235740 -0.115127 0.054288 0.066992 0.040290 0.082415 0.078195 0.074381 -0.378795 0.087043 0.127950 
-0.057653 0.197181 0.340405 -0.030569 0.128844 -0.218883 -0.131544 0.329888 -0.020911 -0.305457 -0.211732 -0.143047 0.139695 -0.132387 0.017971 -0.185401 0.147008 -0.379835 0.235802 0.075698 
-0.317238 0.393514 0.524558 0.070721 0.200155 -0.448074 0.087343 0.210171 -0.040000 -0.100981 -0.003992 -0.035315 -0.146591 0.181285 0.135662 0.189659 0.032912 -0.288972 0.246857 0.109475 
-0.340164 0.168801 0.443117 0.320659 0.038528 -0.119518 -0.033784 0.230604 -0.059140 -0.067278 0.173840 -0.172349 0.079807 0.278140 -0.021101 0.010730 0.020818 -0.390909 0.078563 0.267289 
-0.290727 0.202291 0.294152 0.104628 -0.023108 0.071527 -0.026594 -0.051771 -0.142304 0.014668 0.201235 -0.354394 -0.087659 0.074858 0.223601 -0.120950 0.115794 -0.232766 0.086460 -0.018439 
-0.384374 0.138162 0.277084 -0.003162 -0.010463 -0.098888 -0.027524 0.012261 0.026095 0.173105 0.201554 -0.457082 0.169981 0.211327 0.161577 -0.067197 -0.219911 -0.195940 0.099626 0.264118 
-0.365382 0.098680 0.178784 -0.077995 0.192457 0.089044 0.097253 -0.087791 -0.102617 0.249643 0.209937 -0.271071 0.004747 0.184089 0.118835 -0.139074 0.016386 -0.160937 0.038924 0.281876 
-0.232800 0.361205 0.043923 0.098781 0.066159 0.342177 0.061769 -0.397952 0.012225 0.058914 0.289368 -0.192862 0.216757 0.258917 0.017914 -0.133721 -0.165158 -0.184361 0.108129 0.465452 
-0.268279 0.118244 -0.044899 -0.025507 0.043388 0.232116 -0.200398 -0.461563 -0.150825 -0.085787 0.012574 -0.275812 0.048633 0.045724 0.143376 -0.359320 -0.275392 -0.313352 0.172343 0.574139 
-0.356492 0.099358 0.035156 0.018301 -0.075794 0.295312 -0.163060 -0.375896 0.184213 0.087576 0.074226 -0.156329 0.114629 -0.075035 -0.024212 -0.310508 -0.310343 -0.228428 0.174288 0.435207 
-0.433682 -0.216980 -0.062447 0.126141 -0.197638 0.414789 -0.314786 -0.092743 0.136437 0.050464 -0.086987 -0.503266 0.248745 -0.135121 -0.023511 -0.307888 -0.376056 -0.308854 0.353159 0.282183 
-0.242463 0.051846 -0.211716 0.012536 -0.099380 0.403963 -0.037661 -0.309997 0.394423 -0.196574 -0.092402 -0.396341 0.249026 0.003387 -0.151460 -0.381005 -0.254577 -0.285876 0.193178 0.114654 
-0.287856 -0.048625 -0.131509 0.044275 -0.032531 0.297146 0.108437 -0.327608 0.228803 0.003437 0.213207 -0.383540 0.255705 0.070011 0.129159 -0.439296 -0.089584 -0.276801 0.308897 0.109507 
-0.141265 0.000716 -0.225794 0.194379 0.119042 -0.028933 0.022760 -0.289939 0.413936 -0.091578 0.026708 -0.241461 0.260169 -0.043249 0.303214 -0.372674 -0.444025 -0.122628 0.202466 0.103499 
-0.193623 -0.008568 -0.179106 0.047405 0.061971 0.116305 -0.223358 -0.269024 0.080694 -0.255230 -0.039849 -0.329156 0.175301 0.053089 0.083998 -0.435042 -0.069130 -0.003798 0.351196 0.087372 
-0.111999 0.259555 0.053405 -0.081802 -0.160624 0.041226 -0.229257 -0.215777 0.364551 -0.033337 0.285928 -0.275819 0.130108 0.307472 -0.096751 -0.344099 -0.059776 0.075414 0.350776 0.124547 
0.042615 0.137990 -0.124047 -0.024445 0.064693 0.086603 -0.307706 -0.083846 0.292477 0.210586 0.227386 -0.098203 0.099692 0.359076 -0.134433 -0.459799 0.010909 0.033791 0.102744 0.076330 
0.101015 0.277467 0.040600 -0.098690 0.125894 0.099157 -0.056075 -0.192554 0.376213 0.150410 0.100731 0.002634 0.090820 0.062253 0.147158 -0.126767 0.180021 0.277691 0.414738 0.342483 
0.109851 0.265172 0.062965 -0.086601 0.075231 -0.025008 -0.130900 -0.212050 0.241580 -0.060515 0.086082 -0.050509 0.087317 0.111591 0.035815 -0.318981 0.099719 0.130092 0.452461 0.275997 
-0.077357 0.247968 -0.153420 0.119202 -0.133552 0.106227 -0.232863 0.041416 0.086859 0.071712 -0.011455 0.006276 0.220853 0.190000 -0.029980 -0.386630 0.088985 0.129270 0.404518 0.330474 
-0.141452 0.185580 0.096792 0.040877 -0.161776 -0.052590 0.092352 0.075159 0.153903 0.029910 0.023525 0.080994 0.159525 0.212623 0.091722 -0.285333 0.165463 0.207441 0.478048 -0.014150 
0.022642 -0.127179 -0.058697 0.044933 0.006493 0.141547 -0.154589 -0.149713 0.099871 -0.124823 -0.002874 -0.062442 -0.058579 0.007447 -0.058363 -0.293083 0.195772 0.078658 0.387147 -0.051209 
-0.076371 0.097100 0.025472 0.075474 0.140228 0.002036 0.078424 -0.009025 -0.001273 0.022216 0.091666 -0.072561 0.173013 0.111508 -0.150368 -0.142035 0.082995 0.030767 0.071790 0.060013 
0.002459 0.191275 0.001128 0.123030 -0.082613 0.240302 -0.065715 0.060801 0.148668 0.301665 0.120523 -0.004093 0.118382 0.270576 -0.033383 -0.181411 0.036579 0.168787 0.274446 -0.210155 
-0.060422 0.057463 -0.123030 -0.147235 -0.127270 -0.026845 0.231500 0.122097 0.192806 0.124113 0.215879 -0.025937 0.159329 -0.011531 0.111831 -0.198108 0.010623 0.116220 0.077637 0.152315 
0.104590 -0.126105 -0.103193 0.088220 0.068155 0.177432 -0.025991 0.135674 0.233800 0.339927 -0.034008 0.009878 0.048803 -0.080817 -0.225759 -0.126530 0.064852 -0.059787 0.080602 0.177318 
-0.159009 -0.065931 0.151254 0.049767 -0.040056 0.257984 -0.070450 -0.077671 0.478308 0.276443 0.101284 -0.047585 -0.034081 0.011669 0.019828 -0.286522 -0.116723 0.044505 0.108911 -0.027795 
-0.104743 -0.273071 -0.155257 0.165638 0.049036 0.075287 -0.101261 -0.073745 0.136016 0.206363 0.136210 0.126769 -0.126712 -0.008416 -0.135823 0.072768 -0.118784 0.037244 0.193870 0.087057 
0.089259 -0.089826 0.068491 0.145477 -0.055199 0.153935 -0.313985 -0.102501 0.182680 -0.018604 0.001172 -0.038105 -0.071756 -0.047591 0.121006 -0.191408 -0.004563 0.039466 0.123603 -0.014943 
0.052870 -0.197734 0.099638 0.092820 -0.192430 0.270562 -0.123154 -0.045796 -0.041421 0.155225 0.234602 0.267192 -0.189854 0.049427 0.182388 -0.115351 0.151844 0.018353 0.039524 -0.165311 
0.230429 -0.042593 0.186275 -0.117393 0.016926 0.042944 -0.052052 -0.125890 0.054219 -0.153876 0.026819 0.211420 0.102899 0.235426 0.180577 0.083157 0.092899 -0.058801 0.072597 0.036080 
0.200178 -0.090995 -0.079208 -0.006761 0.134816 -0.024432 -0.047075 -0.130597 0.060623 0.039048 -0.012922 0.114673 -0.242847 0.009029 0.189030 0.022979 0.199652 -0.013738 0.031940 0.015174 
-0.004352 -0.165869 0.029055 -0.008638 -0.139500 -0.151620 -0.355900 -0.152337 0.042178 -0.118894 -0.078420 -0.072507 -0.011982 0.126281 0.179187 -0.151884 0.108147 0.023089 -0.251385 0.035840 
0.181870 -0.300036 0.117782 0.051554 0.025611 -0.071689 -0.068512 -0.157707 -0.008345 0.188719 0.049393 0.037597 -0.008559 0.080326 0.236650 -0.008709 0.065032 0.037248 -0.139539 -0.024994 
0.179204 -0.247521 0.078081 -0.015254 0.070906 -0.069033 -0.192076 -0.036300 0.068883 0.082956 -0.032875 -0.012465 -0.132086 0.167775 0.204979 0.124008 0.142008 -0.155240 -0.111799 -0.001382 
0.350936 -0.201153 0.303681 0.026676 0.111553 -0.056157 -0.068226 -0.173305 0.161572 0.058846 0.021627 -0.077484 -0.152257 0.009731 0.227900 0.164373 -0.000901 -0.074325 -0.255845 0.008868 
0.214414 -0.047251 0.099383 -0.069430 0.010492 0.055235 0.163819 0.186738 -0.069221 0.378023 -0.072772 0.165325 0.107312 0.187641 0.022354 0.142706 0.249591 0.239161 -0.242961 -0.016470 
0.094876 -0.241051 0.047862 -0.082269 0.114339 -0.128164 -0.015158 -0.138854 0.160205 0.399620 -0.178072 0.093286 0.096764 -0.076463 0.366009 0.065597 0.304827 0.078774 -0.163765 -0.008242 
-0.032984 -0.248064 0.164520 0.076734 0.004519 -0.013871 -0.011653 0.131344 0.141965 -0.018384 -0.175786 0.172916 0.096552 0.074847 0.272848 0.236535 0.051413 0.079541 -0.123571 0.060533 
0.055657 -0.191047 0.332602 0.118684 0.048381 -0.349363 -0.186254 0.032554 -0.022763 0.150222 -0.232242 0.209879 -0.206601 0.286709 0.126946 0.013232 0.167106 0.287822 -0.209644 -0.045743 
0.213107 0.057615 0.363069 0.085090 -0.078877 -0.118029 -0.281339 -0.142102 -0.029478 -0.346452 0.129436 -0.044506 0.197112 0.139795 0.184900 0.167767 0.165880 0.106522 -0.211179 -0.252004 
0.379155 -0.143667 0.224894 -0.010925 0.090452 -0.100526 0.078960 -0.061076 0.107421 -0.231312 -0.147921 0.089114 -0.081653 0.119220 0.312485 0.152153 -0.066654 0.129886 -0.157433 -0.254029 
0.188661 -0.052643 0.220327 -0.049411 0.130110 0.060457 0.035859 0.099465 0.065972 -0.482276 -0.334928 -0.046345 -0.075944 0.045937 0.260860 0.112448 0.237982 0.107884 -0.032720 -0.222374 
0.303063 -0.138978 0.068920 -0.108289 0.051136 0.003666 0.177914 -0.175799 -0.049024 -0.186965 -0.156747 0.261009 -0.129907 0.116100 0.283704 0.248796 0.104424 -0.023976 -0.085598 0.034569 
0.365871 -0.095863 0.346838 0.049603 -0.024331 0.169778 0.036575 -0.076959 0.115080 -0.210725 -0.279409 0.075759 -0.128196 0.239167 0.195215 0.175837 0.156048 0.245181 0.022139 -0.133374 
0.623470 -0.413690 0.419589 -0.036504 0.063355 0.133917 0.000781 0.043118 0.090851 -0.128708 -0.086798 -0.078926 0.151434 -0.030643 0.197729 0.003101 0.130607 -0.023529 -0.213361 0.017876 
0.256400 -0.357304 0.181100 0.168952 0.079414 -0.015768 0.212124 0.085228 -0.097668 -0.008718 0.082911 0.075986 0.117835 -0.001726 0.292629 0.241643 0.096464 0.009314 -0.267613 -0.137189 
0.231484 -0.362330 0.179642 0.013542 0.012590 0.096903 0.136801 0.094641 0.001780 -0.181308 -0.103601 -0.109893 0.071885 -0.127284 0.158232 0.251538 -0.166405 0.127671 -0.165763 -0.149519 
0.325019 -0.329026 0.204525 -0.124809 -0.048771 0.258902 0.102689 -0.135924 -0.258597 -0.110197 0.186362 -0.027826 0.094699 -0.151495 0.162318 0.289506 -0.080285 0.234293 -0.060543 -0.063803 
0.170494 -0.197932 0.113751 -0.023872 -0.093300 0.295279 0.064567 0.066792 -0.009868 0.059556 0.160433 -0.119979 -0.146900 0.058059 0.310213 0.057332 -0.076956 0.083066 -0.238674 -0.111379 
0.179939 -0.337708 -0.070727 -0.110512 0.096549 0.294494 -0.055409 0.108346 -0.203173 -0.042957 0.223019 -0.334547 -0.026560 -0.222109 0.485724 0.301451 -0.205336 0.181828 -0.204744 -0.078894 
0.129425 -0.146745 -0.104725 -0.202315 -0.062095 0.049608 0.172981 -0.046330 0.009229 -0.093580 0.232011 -0.084132 -0.070644 -0.157397 0.131803 0.212055 -0.328093 -0.020197 -0.159951 0.017526 
0.069322 -0.218959 -0.053803 -0.015823 0.161064 0.071175 -0.054649 0.025690 -0.086212 0.189263 0.343265 -0.292408 0.150836 -0.352635 0.024735 0.152475 -0.050442 0.188112 -0.298375 -0.081102 
0.023339 -0.234246 -0.113491 -0.064200 -0.176684 0.152226 -0.029589 -0.136176 -0.127102 -0.068054 0.489412 0.214852 0.106981 -0.080711 0.050089 0.231898 -0.128438 0.195002 0.150252 -0.154049 
-0.092975 -0.144604 -0.215450 0.017897 0.037524 -0.079156 -0.020011 -0.184922 -0.363392 0.217510 0.394291 0.070695 -0.006504 -0.069170 0.024836 0.264262 -0.174661 -0.148449 0.174537 0.030076 
-0.011689 0.314752 -0.168528 -0.038774 0.000576 -0.005602 0.146911 -0.172954 -0.356472 -0.108489 0.271618 0.166470 -0.150823 0.075604 0.133471 0.107610 -0.161075 -0.146553 0.328779 -0.032235 
0.069339 0.405674 -0.166784 -0.098441 -0.010849 0.004729 -0.040989 -0.161935 -0.197060 0.103708 0.211883 0.371459 -0.267226 -0.271438 0.147838 0.201035 -0.097320 -0.037554 0.172815 0.074327 
-0.084180 0.393285 -0.171704 -0.190075 -0.029841 -0.021568 0.100809 -0.322022 -0.562817 0.012484 0.558600 0.284549 -0.340855 0.121041 0.124259 0.378553 -0.047635 0.193552 0.127964 -0.067762 
-0.040434 0.350857 -0.281782 -0.017203 0.212450 -0.013967 -0.081065 -0.210546 -0.488841 -0.001811 0.156149 0.387278 -0.133769 0.120846 -0.184780 0.059517 -0.044568 0.357483 0.380395 -0.047939 
-0.213378 0.417326 -0.466814 -0.001886 0.065399 0.168517 -0.415892 -0.354722 -0.732864 0.058313 0.396060 0.413957 0.099446 -0.088165 0.018432 0.191666 0.249753 0.278420 0.214246 -0.192675 
-0.421734 0.290882 -0.479091 0.331807 -0.030833 0.257910 -0.422532 -0.021364 -0.947618 0.295808 0.106624 0.450693 0.075226 -0.288023 -0.100945 -0.025444 0.130035 0.574897 0.466404 -0.185581 
