-0.183880 -0.177886 0.084609 0.356466 0.700807 0.502266 -0.852267 0.119990 -0.539726 -0.712345 0.000225 -2.331463 -0.253709 0.301425 0.503788 0.013031 
0.196568 -0.403253 -0.022678 -1.857604 -0.633235 0.252148 0.108769 -0.166603 -1.013169 -0.131763 -0.255392 -0.654590 -0.323312 0.111890 -0.649141 -1.650875 
-0.002364 0.298208 0.351165 -0.132636 -0.650766 0.524312 0.459624 0.183595 -1.093682 -0.683270 0.339489 0.292467 -1.943841 0.411735 0.014824 0.264604 
0.298188 -0.141686 -0.145937 0.560912 0.084794 -0.380091 0.527300 0.259566 0.492590 -0.440813 -0.041019 0.514053 0.244773 -0.122318 -0.468615 -0.819132 
0.288772 0.291357 0.303593 -0.427359 0.085987 -4.647664 -2.453959 0.342635 0.159429 0.175255 0.162023 0.271870 0.227766 -1.857663 0.060858 0.365770 
-0.598954 0.242567 0.056865 0.265190 0.152187 0.242872 -0.017416 -0.300806 -1.269885 -0.621617 0.053683 -1.067087 0.560186 0.070031 -0.044211 -1.360922 
-0.153608 0.350344 -0.270771 -1.316351 -1.476837 0.318171 0.178205 -0.357427 -0.045594 -0.027970 -0.048145 0.139677 0.149527 0.100963 -1.026102 -0.285887 
-0.641518 -0.393549 0.059244 -0.070335 0.267245 -0.548757 -0.052479 -0.000725 -0.662768 0.343390 0.044117 -0.324443 -0.950847 0.171071 0.173612 -0.605236 
-0.002923 0.057289 -0.052745 -0.356986 0.201884 0.693447 -0.365596 -0.694439 -0.110372 0.231691 -0.424430 0.047709 0.180937 0.184915 -1.606263 0.215758 
0.104079 0.028438 -0.147847 0.153093 -0.217529 -0.024914 -0.232009 0.126069 0.067801 0.078063 -1.166594 0.200802 0.217192 -1.348279 0.207338 0.052910 
0.029471 -0.667253 0.023317 0.153569 -0.641603 0.019078 0.293436 0.013550 -0.489894 0.091954 -0.330198 -0.146259 -0.005172 0.027497 -0.576758 -1.258036 
-0.309936 -0.147847 -0.239678 0.077413 0.707448 0.182721 0.112101 -0.458246 0.515849 -0.615106 -0.616392 -0.035047 -0.131882 0.033024 0.144104 0.090285 
-0.304251 -0.016136 -0.078899 0.230286 0.143729 -0.830966 -0.787659 -0.062480 0.248344 0.763431 0.052314 0.218046 0.483068 -0.246033 -0.203004 -0.621314 
0.209756 -0.017836 0.180421 -0.141211 -0.428900 -0.604358 -0.374943 0.068835 -0.229039 -0.927719 0.423764 0.230607 0.519650 0.213157 0.050123 -0.215019 
0.433292 0.181161 0.481563 -0.620433 -0.898913 0.071703 -0.323576 0.440562 0.510245 0.383364 -0.208968 -0.248549 0.105016 0.175696 0.365779 0.058377 
0.100063 -0.042242 0.026022 0.029705 -0.845104 0.091196 0.321247 0.019988 -0.921162 -0.628774 -0.034538 -0.990550 -1.802947 0.046121 0.110955 -1.711216 
0.518801 0.415619 -0.299604 -0.687011 -0.342538 -0.039634 -0.478921 0.012229 0.180511 0.571952 0.124684 0.434264 -0.315344 -0.641869 -2.128161 0.260452 
-0.117856 -0.936969 -0.000062 0.285452 0.192408 0.013736 -0.077493 -0.119985 -0.896321 0.167781 -0.035861 -2.093950 -1.168206 0.265476 -0.081447 -1.054078 
-0.119161 0.104512 -0.041522 0.621446 -0.499409 -0.014252 -0.091837 -0.070915 -0.828648 -0.146639 -0.021801 -0.613789 -0.778510 -0.119829 -0.546450 -1.522743 
0.133446 -0.070389 0.168025 -0.557138 0.624974 -0.207859 -0.079944 0.111070 -0.717986 0.043217 -0.071934 -0.424490 -0.902180 -0.117734 0.135099 0.247911 
