-0.551161 -1.246615 0.416429 0.376370 0.178545 -0.014955 0.577893 -0.367681 -0.449746 0.921408 0.130179 -0.209164 0.368058 -0.034149 1.562703 0.086551 0.082028 0.464790 0.180009 -0.369635 -0.046167 -0.223609 
-0.077978 -1.046369 0.285477 0.494106 0.119509 0.090179 0.173299 -0.040822 -0.319047 0.864033 0.034480 -0.028169 0.300921 -0.254882 1.102944 0.017077 0.305549 0.585401 0.136230 -0.297454 0.095652 -0.266524 
-0.206727 -0.772777 0.257012 0.581561 0.097707 0.025538 0.163824 -0.141824 -0.119279 0.523693 0.063986 -0.060370 0.423317 -0.177409 0.953826 -0.145141 0.133702 0.429818 0.015055 -0.139157 -0.084791 -0.469552 
-0.129523 -0.530485 0.317713 0.393479 0.000021 -0.079236 0.044648 -0.053498 -0.248299 0.360070 0.069763 0.206846 0.006622 -0.209824 0.686882 0.058698 0.072649 0.272684 -0.222964 -0.323733 0.085808 -0.537634 
-0.268816 -0.693927 0.237205 0.122276 0.236740 0.129856 0.319566 -0.161070 -0.301559 0.305363 0.010032 0.069173 -0.011059 -0.448684 0.664026 0.210436 -0.029371 0.014712 -0.113853 -0.254106 -0.100979 -0.326567 
-0.147777 -0.468860 0.289774 0.163752 0.061982 0.155804 -0.045627 -0.301568 -0.311982 0.261048 0.176050 -0.015067 -0.043312 -0.515107 0.492901 -0.002036 0.154239 0.040244 -0.066447 -0.134437 -0.120056 -0.297802 
-0.038743 -0.582397 0.089090 0.302863 0.012716 0.107601 0.169327 -0.122335 -0.307651 0.121853 0.104282 0.015306 -0.042013 -0.391546 0.522575 0.032912 0.212232 0.117428 -0.078589 0.009071 0.094211 -0.029560 
0.154342 -0.620452 0.133614 0.153699 -0.005562 -0.040761 0.150922 -0.029106 -0.304606 -0.023356 0.054518 0.194737 -0.068054 -0.145230 0.469628 0.143027 0.194384 0.274265 0.197739 0.251090 0.093051 -0.010400 
0.229077 -0.396612 0.165920 0.150171 -0.116607 -0.191898 0.068731 -0.048692 0.160638 -0.298747 -0.061956 0.057443 -0.141902 -0.191278 0.496950 -0.033201 0.096495 0.159043 0.046219 0.012632 0.025331 0.064953 
0.274170 -0.419092 0.148337 0.137487 -0.470412 0.089359 0.144394 -0.121070 -0.089822 -0.479574 -0.163751 0.071233 -0.010026 -0.040792 0.274882 0.043445 -0.031378 0.067575 0.204033 -0.008539 -0.046561 0.136570 
0.084738 -0.334308 -0.015341 -0.058653 -0.122844 -0.029337 0.093055 -0.186304 -0.031684 -0.375354 0.019589 -0.057177 -0.133923 -0.036841 -0.006266 -0.179197 -0.187589 0.169900 0.013443 -0.105177 -0.010157 -0.021595 
0.084207 -0.367680 0.006635 -0.126994 -0.196047 0.124006 0.131880 -0.119236 -0.074562 -0.401129 0.041319 0.040680 0.224273 0.113429 0.005219 -0.235783 -0.111121 0.222186 0.159919 -0.306917 -0.152036 -0.027453 
0.195327 -0.203679 0.065307 0.055138 -0.278538 0.113539 0.019786 -0.080707 -0.366750 -0.294990 0.045343 0.074028 -0.013618 -0.105607 -0.128767 -0.321810 0.052140 0.045586 0.094647 -0.121805 -0.224266 0.126950 
0.215246 -0.249776 0.186073 0.137294 -0.235907 -0.335540 0.005062 0.151877 -0.321309 -0.216971 -0.073598 0.051369 -0.074992 -0.195590 0.061371 -0.322994 0.122874 -0.042172 -0.004784 -0.068887 -0.084696 -0.228164 
0.298438 -0.187620 0.446983 -0.048635 -0.258085 -0.213130 0.189659 0.235441 -0.033412 -0.206274 -0.047949 0.013597 -0.106440 0.055569 -0.058457 -0.217908 0.094866 0.008063 -0.027899 0.014836 -0.113695 -0.067055 
0.014770 -0.318200 0.235558 -0.149655 -0.213656 -0.124892 -0.052247 0.127864 0.001632 -0.075719 -0.082864 0.090626 -0.114250 0.290514 -0.171846 -0.357671 -0.110436 -0.164710 0.282362 -0.013439 0.016111 -0.191471 
0.170691 -0.095025 0.079255 -0.523682 -0.091424 0.073761 -0.030767 0.293141 -0.040084 -0.366261 -0.110631 -0.086613 0.134673 0.128561 -0.305063 -0.285683 0.230981 -0.096866 0.249365 -0.005559 0.076437 -0.295995 
0.159644 -0.122178 -0.005000 -0.395813 0.035610 -0.019719 -0.117536 0.498452 0.122834 -0.068446 -0.108282 0.158139 0.265852 0.242373 -0.376367 -0.344772 0.084307 -0.361850 0.204883 -0.200641 -0.011742 0.015996 
0.004790 -0.301305 0.094677 -0.262039 0.137533 0.099976 0.002120 0.462443 0.204465 -0.036397 -0.046185 -0.206592 0.140282 0.318555 -0.523477 -0.268042 0.026128 -0.367328 0.133019 -0.139382 -0.022453 -0.196193 
0.061032 -0.239079 0.131401 -0.198036 -0.027969 0.113798 -0.111581 0.508189 0.083297 0.092545 0.094025 0.193284 0.124008 0.131962 -0.615329 -0.376258 0.027104 -0.196148 0.174297 0.007195 -0.069814 -0.171754 
0.110462 -0.457450 0.282534 -0.134285 0.049890 -0.116663 0.201053 0.628002 0.076663 0.105527 -0.250521 0.210090 0.330727 0.142367 -0.465093 -0.550864 -0.103925 -0.122914 -0.063122 0.106575 -0.238745 -0.140331 
0.163933 -0.285731 0.056246 0.042359 -0.011128 -0.214389 -0.001308 0.625057 0.026023 -0.165051 -0.002813 0.068058 0.078859 0.222687 -0.428844 -0.693741 -0.126305 0.013078 -0.121850 0.118355 -0.290237 -0.117623 
0.025646 -0.325433 -0.036559 0.024564 0.154806 -0.221791 0.225951 0.325979 0.097363 -0.032790 0.072553 0.227314 0.189418 0.314699 -0.552995 -0.591069 0.019764 -0.241894 0.064501 -0.134253 -0.145520 0.137282 
0.418163 -0.203095 -0.092907 -0.239517 0.160629 -0.108862 0.042696 0.446035 0.235903 0.131371 -0.002918 0.236679 -0.247388 0.199492 -0.681984 -0.356626 -0.087739 -0.370444 -0.142591 -0.187399 -0.080268 0.075123 
0.302379 0.063088 0.119787 0.145656 0.218840 -0.254412 0.138463 0.546404 0.144026 0.075893 0.012824 0.156023 -0.060395 0.125087 -0.625993 -0.598904 -0.154503 -0.139921 0.312573 -0.072778 0.106558 -0.044312 
0.468243 0.093542 -0.315870 0.094952 0.364063 -0.234645 0.000609 0.519622 -0.016668 0.257806 -0.209649 0.278825 0.028774 0.165847 -0.603651 -0.526861 0.084930 -0.279613 0.234020 0.150723 0.075999 0.071040 
0.279230 0.142771 -0.233068 0.042220 0.268871 -0.152137 -0.106954 0.339119 0.128981 0.009501 -0.240150 0.122337 -0.021063 0.259300 -0.528925 -0.432708 -0.110347 -0.370583 0.169972 0.287928 -0.005869 0.102806 
0.338366 0.057894 -0.168451 -0.061803 0.206602 -0.139893 -0.203324 0.589283 0.274028 0.285648 -0.480336 -0.113442 -0.089493 0.336326 -0.695987 -0.242218 0.026709 -0.489107 -0.086388 0.095398 0.116847 0.275719 
0.249728 -0.005686 -0.147249 -0.040555 0.374112 -0.006945 0.151852 0.387364 0.129604 0.189123 -0.250490 0.095058 0.152996 0.354804 -0.700815 -0.205529 -0.242514 -0.540531 0.231103 0.052600 0.144779 0.002643 
0.125634 0.200475 -0.289141 -0.088600 0.329146 -0.081484 0.116211 0.350311 0.023952 0.149661 -0.274711 -0.007994 0.178620 0.350416 -0.536447 -0.215620 -0.190374 -0.450576 -0.083232 -0.084516 0.195803 0.157101 
0.063173 0.408744 -0.371729 0.080432 0.027634 -0.006760 0.169960 0.246087 -0.312638 0.102252 -0.320052 -0.117947 0.269090 0.244107 -0.584789 0.090795 -0.235224 -0.185207 0.057119 0.021571 0.032288 0.114872 
0.188781 0.354544 -0.215769 -0.010622 0.074311 -0.078039 -0.004241 0.137287 -0.266199 0.179741 -0.115186 0.179814 0.099498 0.321529 -0.541793 0.096880 0.018289 -0.298216 0.197735 -0.022438 0.108205 0.079373 
0.259021 0.341214 -0.379794 0.044282 0.100560 -0.120511 0.166723 0.312483 -0.078077 0.120021 0.052777 0.163928 0.176046 0.368612 -0.585316 0.081382 -0.065779 0.139830 0.081534 0.193093 -0.008470 0.098108 
0.032794 0.240857 -0.286935 0.011294 0.032228 -0.161820 0.100097 0.302272 -0.117755 -0.079849 -0.212851 0.180684 0.222835 0.430994 -0.346337 0.087967 -0.010316 0.110205 0.071196 -0.297621 0.140071 -0.085105 
0.003936 0.422814 -0.510073 -0.177933 -0.022538 -0.164936 -0.241941 0.216361 0.100765 -0.347517 0.118803 -0.057277 0.117058 0.330205 -0.516521 0.205290 0.021973 -0.079699 -0.176659 -0.085164 -0.075955 0.311109 
-0.198030 0.373714 -0.578166 -0.261426 0.038615 0.113897 -0.279804 0.273672 -0.067403 -0.579251 -0.120967 -0.149633 0.243028 0.620991 -0.540503 0.104329 -0.074092 -0.015903 -0.131256 -0.328143 -0.111455 0.265707 
-0.267652 0.447152 -0.389117 -0.178619 0.061236 -0.025401 -0.365551 -0.023975 -0.045777 -0.329968 -0.186087 -0.226680 0.255396 0.337157 -0.594630 0.223842 -0.188543 -0.101240 -0.143059 -0.358121 0.048881 0.530208 
-0.230332 0.359234 -0.175417 -0.202776 0.192429 0.096252 -0.333432 0.255169 -0.001756 -0.437968 -0.140313 -0.307919 0.265831 0.373676 -0.227579 0.237199 -0.007232 0.146291 0.048446 -0.492692 -0.106044 0.278811 
-0.438558 0.662108 -0.251358 -0.360575 0.038210 0.164562 0.083434 0.213222 -0.083577 -0.409601 -0.458541 -0.198449 0.510715 0.401504 -0.233498 0.135430 -0.081408 0.287072 -0.043338 -0.291288 0.170317 0.175401 
-0.392052 0.526866 -0.242376 -0.480081 0.131118 0.304103 -0.128269 -0.018557 0.009279 -0.338066 -0.134273 -0.270491 0.623736 0.140569 -0.108345 0.200005 -0.204408 0.382554 -0.216839 -0.326678 -0.119492 0.193519 
-0.666714 0.569176 -0.069475 -0.302864 0.098517 0.279844 0.106946 -0.033415 -0.178817 -0.270013 -0.244208 -0.209938 0.493320 0.285658 -0.308712 -0.009704 -0.202588 0.266768 -0.119098 -0.260217 -0.101729 0.198048 
-0.711468 0.467132 -0.313135 -0.240335 -0.398251 0.200336 -0.034639 -0.063789 -0.365120 -0.503370 -0.157661 -0.308300 0.352130 0.378687 -0.139580 -0.231475 -0.199432 0.380613 -0.332981 -0.202788 -0.141610 0.358433 
-0.808510 0.108838 -0.019365 -0.117693 -0.355332 0.066777 -0.303645 0.022386 -0.451716 -0.445562 -0.011083 -0.208549 0.399550 0.078661 -0.215532 -0.031361 -0.300200 0.497321 -0.077648 -0.341062 -0.125908 0.299951 
-0.642973 0.143494 -0.088136 -0.232817 -0.443885 0.134053 -0.228203 -0.208320 -0.157571 -0.723474 0.118704 0.097060 0.497183 0.228485 0.002262 -0.165610 -0.143516 0.529368 0.037216 -0.280482 -0.390298 0.376797 
-0.641240 0.354238 -0.341647 -0.189752 0.043548 0.225913 -0.071583 -0.186952 -0.236943 -0.574917 0.021618 0.088819 0.319749 0.076655 0.196938 -0.261751 -0.225202 0.265323 -0.042910 -0.320186 -0.100747 0.306924 
-0.624618 0.474602 -0.185477 0.074191 -0.135377 0.386937 0.017676 -0.128506 -0.182381 -0.259952 -0.030539 0.025497 0.296163 0.033697 -0.139890 -0.219471 -0.041510 0.393673 -0.157221 -0.001643 -0.217905 0.260144 
-0.584696 0.636530 -0.092029 0.156798 -0.217044 0.274167 -0.309637 -0.231709 -0.204812 -0.518471 -0.140212 0.057085 0.243450 -0.126677 0.190100 -0.166787 -0.088548 0.111343 -0.152329 0.055236 -0.159687 0.336457 
-0.486345 0.810793 0.010266 0.137162 -0.246954 0.200255 -0.187754 -0.425340 -0.301102 -0.537542 0.053416 -0.217736 -0.231614 -0.141854 0.064297 0.134731 -0.021738 0.188175 -0.152912 0.031936 0.197008 0.164729 
-0.328412 0.609359 0.043348 0.184850 -0.289976 0.045026 -0.072746 -0.229750 -0.233966 -0.416046 -0.158010 -0.019355 -0.036518 -0.341664 0.321076 0.070976 0.110792 0.220438 -0.058690 0.095572 0.169558 0.269402 
-0.042398 0.604051 0.122279 0.189788 -0.275385 0.028744 0.116266 -0.062591 -0.231712 0.000435 0.231298 0.074328 -0.250659 -0.157471 0.029873 0.344629 -0.131414 0.086711 -0.198405 0.160709 0.373632 0.212538 
-0.191470 0.597263 -0.005529 0.228563 -0.287041 0.147605 0.150301 -0.100621 -0.162451 0.124272 -0.011393 0.117524 -0.318484 -0.295495 0.138115 0.186465 0.116939 0.033258 -0.191491 0.212987 0.165768 0.266024 
-0.190910 0.628486 0.050921 0.236620 -0.394743 0.132749 -0.042530 -0.066990 0.072977 -0.018464 0.295616 0.006211 -0.632559 -0.320003 0.056025 0.366541 -0.182937 -0.046952 -0.087986 0.124502 0.259978 0.508492 
-0.021375 0.550843 0.181391 0.012876 -0.500760 0.086423 0.063526 -0.025293 0.145798 -0.011676 0.225061 -0.182058 -0.444748 -0.518703 0.141437 0.480105 0.224294 -0.069115 0.026191 0.134142 0.142905 0.460021 
-0.157408 0.488477 0.324435 0.209831 -0.411999 0.156453 -0.079557 -0.251773 0.330501 -0.109262 0.154566 0.004986 -0.495653 -0.299006 0.118206 0.474835 0.048704 -0.360380 0.230508 0.230168 0.128039 0.391168 
0.100033 0.190739 0.247207 0.056971 -0.546275 0.069338 -0.271260 -0.023330 0.565261 -0.018234 0.111128 -0.034772 -0.386347 -0.488824 0.087133 0.482156 0.255546 -0.131297 0.203648 0.172592 0.100181 0.444444 
0.247019 0.214600 0.466048 0.101944 -0.561509 0.140292 -0.169593 -0.294704 0.383677 0.189897 -0.010459 -0.129555 -0.221015 -0.208062 0.214224 0.713138 0.078743 0.063137 0.197711 0.289986 0.226252 0.317129 
-0.005835 0.199287 0.317243 0.030221 -0.662730 0.014761 -0.255970 -0.217088 0.272769 0.408414 0.240555 -0.222172 -0.602848 -0.196780 0.405340 0.506862 0.331519 -0.061827 0.107378 0.163238 0.420720 0.314977 
0.093404 0.299925 0.259785 0.053383 -0.716079 0.072072 0.054085 -0.239102 0.474460 0.418354 0.348428 -0.174816 -0.270430 -0.218698 0.260328 0.423465 0.111336 -0.279254 -0.278957 0.101582 0.239176 0.327306 
0.299279 0.280477 0.474011 0.050485 -0.480879 0.127319 -0.229580 -0.505821 0.467069 0.533256 0.231243 -0.136148 -0.245458 -0.173841 0.524671 0.318992 -0.019412 -0.209993 -0.165006 -0.109910 0.215003 -0.023519 
0.521571 0.175921 0.311460 -0.273216 -0.497929 0.180510 -0.237964 -0.374759 0.597025 0.241577 0.318409 -0.214440 -0.110298 0.085949 0.247666 0.447213 -0.128498 -0.343783 -0.282324 -0.060955 0.291381 -0.060556 
0.597637 0.192961 0.301359 -0.303666 -0.570223 0.246366 -0.063432 -0.284223 0.380107 0.487217 0.263057 -0.329746 0.008392 -0.106300 0.145221 0.517371 -0.000896 -0.142444 -0.535457 -0.147501 0.166470 0.065266 
0.654263 -0.085366 -0.069942 -0.019224 -0.432789 0.020666 0.198142 -0.202322 0.339998 0.638269 0.151090 -0.197803 0.098851 -0.095574 0.445721 0.239031 -0.097241 -0.177608 -0.597724 -0.152143 0.387882 -0.064812 
0.602958 0.192907 0.338735 0.194906 -0.120771 0.055502 -0.005987 -0.086023 0.366147 0.818877 0.048694 0.058479 0.057633 -0.074978 0.302529 0.428872 -0.099555 0.167553 -0.764203 0.393733 0.330964 -0.179939 
0.496286 0.172567 0.277137 0.519840 0.172238 -0.285615 0.059790 -0.205360 0.488632 0.468043 0.014445 -0.142034 0.044336 -0.066212 0.125034 0.266347 -0.416471 -0.094699 -0.551897 0.441087 0.278146 0.068083 
0.483290 -0.062265 0.337447 0.411000 0.187947 -0.432592 0.086400 -0.167340 0.234457 0.377834 0.037875 0.116498 -0.014394 0.011572 -0.012188 0.162644 -0.597161 0.218234 -0.386895 0.665603 0.020106 -0.339010 
0.581875 0.058171 0.293343 0.320406 0.461565 -0.390505 0.208142 -0.237419 0.430752 0.099275 0.106743 0.226320 0.053532 0.170454 0.096856 0.133159 -0.470244 0.155576 -0.426438 0.178075 -0.235638 0.064705 
0.245058 -0.031013 0.307217 0.219177 0.463361 -0.363321 0.134913 -0.232465 0.450823 0.260255 -0.015509 -0.066852 -0.009118 -0.112986 0.086830 0.342708 -0.601868 0.394087 -0.277304 0.071814 -0.325755 -0.205677 
-0.140661 -0.029133 0.338536 0.091807 0.269008 -0.218215 -0.017327 -0.345809 0.615525 0.233833 -0.086929 0.258546 -0.101466 -0.116319 0.056929 0.205675 -0.271686 0.493529 -0.099057 0.086737 -0.099194 -0.350316 
-0.107321 0.044158 0.067355 -0.004617 0.081097 -0.187340 0.000820 -0.175510 0.975244 0.261313 -0.143871 0.063413 -0.363820 -0.154569 0.178204 0.418350 0.083322 0.303491 0.135384 -0.212500 -0.282405 -0.349102 
-0.217819 -0.125504 0.285620 -0.477354 0.294702 -0.008970 -0.117383 -0.564228 0.750730 0.355321 -0.185114 0.251304 -0.462209 0.002868 -0.112308 0.434190 0.170100 0.404078 0.222775 -0.225399 -0.496424 -0.602385 
-0.620407 -0.048239 -0.024618 -0.456548 0.187912 0.282467 -0.105044 -0.618834 0.938818 0.267786 -0.245269 0.445120 -0.678198 0.076862 0.206912 0.384361 0.084184 -0.056606 0.500800 0.036627 -0.522097 -0.602246 
-0.838590 -0.011654 -0.237237 -0.632195 0.464519 0.419416 -0.228981 -0.545138 0.395630 0.344031 -0.240252 0.581623 -0.499369 0.199761 0.136305 0.244436 0.238131 0.031606 0.609328 0.242172 -0.400610 -0.627858 
-0.948866 0.009482 0.031659 -0.604150 0.530389 0.439545 0.136966 -0.471872 0.234701 0.086526 -0.080527 0.503959 -0.664366 0.025884 0.020319 -0.162347 0.065295 -0.142767 0.543751 0.582592 0.014486 -0.507333 
-0.804828 -0.191015 -0.146857 -0.438851 0.582391 0.609071 0.275861 -0.665787 0.047710 0.288590 -0.107542 0.367051 -0.201885 0.034429 0.162510 -0.174243 -0.319093 -0.279316 0.157181 0.485571 -0.205987 -0.168589 
-0.454976 -0.145515 -0.150892 -0.481070 0.464325 0.399003 0.783964 -0.305626 -0.294516 0.346524 0.086809 0.086373 -0.301797 0.040653 0.009093 -0.276446 -0.387054 -0.065065 -0.008109 0.351462 0.026807 -0.226659 
-0.283970 -0.231003 -0.291110 -0.155896 0.119279 0.353833 0.616446 -0.096024 -0.243065 0.291557 -0.113482 -0.035470 -0.199970 -0.043987 -0.162383 -0.219843 -0.074771 -0.047037 -0.091085 0.144342 -0.020911 -0.379530 
0.038820 -0.161042 0.068878 -0.026468 0.210512 0.271597 0.566272 0.077639 -0.452034 0.535418 0.302282 -0.485575 0.077164 0.330178 -0.220243 -0.329415 0.157648 -0.071567 -0.205012 -0.278985 -0.169133 -0.415239 
0.185963 -0.055638 0.174283 0.292071 0.182855 0.047484 0.470450 -0.033538 -0.062014 0.143665 0.296523 -0.517877 -0.122122 0.261704 -0.041101 -0.244096 0.768615 0.130512 0.007044 -0.418799 -0.089316 -0.396105 
0.439946 0.031195 0.463566 0.349375 0.024255 -0.321981 0.081888 0.344734 -0.003603 -0.135720 0.693106 -0.669131 -0.081326 0.349126 0.123738 -0.337654 0.873711 -0.106753 0.000672 -0.378857 -0.093270 -0.752784 
0.556897 0.165392 0.581032 -0.152354 0.165830 -0.402243 -0.223096 0.286971 -0.121548 -0.239658 0.711181 -0.703101 -0.376397 0.540754 0.093616 -0.300436 1.180269 -0.127385 0.116935 -0.525202 -0.032456 -0.520392 
0.054597 0.215909 0.357962 -0.907133 -0.278486 -0.439690 -0.624950 0.100749 -0.015969 -0.246211 0.346931 -0.305652 -0.243364 0.524073 0.081459 -0.205903 1.207047 0.126656 0.058061 -0.554375 -0.161464 -0.177486 
0.032867 0.245488 0.466203 -0.891096 -0.319543 -0.599203 -0.816410 0.219564 -0.476335 -0.172434 0.340790 0.061116 -0.074919 0.421343 0.060983 -0.251723 0.690853 0.347207 0.011987 -0.360238 -0.070670 -0.061714 
-0.018143 0.123323 -0.187352 -0.768867 -0.352091 -0.813273 -0.618880 0.054477 -0.877975 0.056393 0.261827 -0.021996 0.105674 0.288524 -0.213082 -0.352170 -0.222952 0.290520 0.076996 -0.204883 0.036595 -0.148978 
-0.124331 0.077169 -0.413556 -0.181564 -0.240008 -0.881235 -0.168601 0.113751 -0.773533 0.004421 0.345107 0.007334 0.304506 0.248847 -0.262075 -0.050356 -1.033106 0.021108 0.090162 0.227056 0.074640 -0.112276 
0.304638 -0.037601 -0.562942 0.244116 -0.117595 -0.561982 0.089888 -0.026066 -0.500526 -0.124371 0.082401 -0.101781 0.064826 0.322555 -0.221968 -0.203959 -1.520045 -0.114980 -0.325865 0.540713 0.098429 0.005324 
0.661735 0.018684 -0.340927 0.253334 0.008634 -0.442163 0.328748 0.025089 0.171452 0.055116 -0.008606 0.070323 0.082094 0.222052 -0.174709 -0.253441 -1.133743 -0.065718 -0.122876 0.682098 0.138104 0.171897 
0.677518 0.038836 -0.377606 0.048980 -0.074030 -0.067583 0.066189 0.044106 0.619842 -0.157168 0.124650 0.059620 -0.046630 0.194725 0.078753 -0.203558 -0.337681 -0.138560 -0.126063 0.484242 0.187636 0.252927 
0.832971 0.173920 -0.463622 -0.175280 -0.308153 0.229200 0.057560 0.273433 0.271120 -0.152571 -0.089327 0.100281 -0.288585 0.097720 0.106955 0.293845 0.421906 0.354195 0.215107 0.323544 0.015761 0.313900 
0.374865 0.025970 -0.880140 0.148921 -0.097490 0.133230 0.087367 0.513432 0.455990 0.011334 0.028231 0.217236 0.014941 0.018914 -0.026927 0.505430 0.401021 0.415290 0.008911 0.318130 -0.209944 0.396230 
0.062316 0.074745 -0.587679 0.286717 0.464138 0.463484 0.459236 -0.159736 0.534363 0.334658 0.009828 0.415373 0.158381 -0.146902 -0.124634 0.313827 0.384844 -0.279507 0.265661 0.051198 -0.022282 0.044521 
-0.237531 -0.178109 -0.221636 0.537031 0.600819 0.618421 0.258938 -0.301360 0.144697 0.409359 -0.025889 0.738902 0.277971 -0.366448 -0.177075 0.162745 0.585176 -0.367877 0.459473 -0.197936 0.331432 0.302616 
-0.328973 -0.114482 -0.000246 0.194723 0.294279 0.743657 -0.008925 -0.154259 -0.683289 0.337986 -0.522790 0.534200 0.137967 -0.278245 0.019295 -0.095100 0.324860 -0.149894 0.336819 -0.386813 0.498463 -0.054798 
-0.324909 -0.083531 -0.013478 -0.437232 0.099259 0.581191 -0.301506 0.037520 -1.094209 0.009834 -0.551576 0.541387 0.237643 -0.383678 0.333554 -0.056745 0.325319 0.258491 0.063313 -0.367871 0.279139 -0.367267 
-0.479624 -0.171405 0.338725 -0.837424 -0.125157 0.200594 -0.601893 0.160821 -0.428049 -0.153664 -0.399649 0.326996 0.053439 -0.378822 0.695746 0.002335 0.297707 0.009801 -0.307958 -0.316845 0.563470 -0.250413 
-0.084750 -0.156509 0.553593 -0.268897 0.232980 -0.127488 -0.560915 0.048144 0.404007 0.177937 -0.054316 0.347463 -0.535287 -0.237408 0.454983 0.236247 0.167011 -0.186385 -0.193397 -0.155853 0.748178 0.099506 
0.288837 -0.101305 0.589379 0.093891 0.054055 -0.501721 -0.436711 0.491795 0.717666 0.283379 0.184191 0.224929 -0.633727 0.064391 0.408086 0.375826 -0.027818 -0.177875 -0.048643 -0.302268 0.929102 0.249516 
0.326062 -0.047255 0.477699 0.410937 0.032023 -0.589804 -0.018349 0.348177 0.289472 0.196609 0.390479 0.241665 -0.017076 0.164837 0.240122 -0.226920 0.057636 0.092987 -0.104197 -0.247251 0.786215 0.318151 
0.057868 0.084830 0.238798 0.391656 -0.078569 -0.148516 0.334658 0.114312 0.172492 -0.116055 0.525932 0.364262 0.518772 -0.026718 0.006215 -0.663200 -0.070078 0.498311 0.272375 0.506290 -0.102007 0.254449 
-0.221305 0.059493 0.159167 0.858904 0.028502 0.019726 0.503494 -0.011941 -0.292835 -0.209122 0.843568 0.260770 0.320586 -0.036052 -0.353293 -0.714177 0.079131 0.269961 0.623134 0.974098 -0.480275 0.571605 
-0.033515 0.082495 0.124706 1.001864 -0.545183 0.400294 0.654107 -0.054153 -0.032620 -0.039687 0.633519 0.211733 0.401668 0.020700 -0.234359 -0.764127 0.322921 0.265302 0.503928 0.606161 -0.774321 0.224115 
-0.185520 0.174342 -0.079315 0.335638 -0.676031 0.483093 0.462891 -0.088834 0.135502 -0.223916 0.095224 0.089222 0.444767 -0.179424 -0.037008 -0.774862 0.149302 0.747288 0.048267 0.231581 -0.934315 -0.282646 
0.128718 -0.038481 -0.244115 0.036406 -0.619151 0.699381 0.489556 0.225542 0.290775 -0.118003 -0.028240 0.302757 0.595191 -0.245564 0.125337 -0.122443 -0.028519 0.812270 -0.238499 -0.569581 -0.930909 -0.640815 
0.262718 -0.004518 -0.530722 -0.113069 -0.250487 0.418522 0.149132 0.059777 0.421033 -0.090535 -0.009716 0.034727 0.558220 -0.341611 0.121014 0.204843 0.299947 0.711754 0.027113 -0.556660 -0.638317 -0.496632 
0.315404 -0.276159 -0.456911 -0.170006 -0.151840 0.798527 -0.349323 0.117571 0.461393 -0.134156 0.131825 -0.291223 0.527523 -0.179264 0.083731 0.772496 0.505545 0.678256 0.194805 -0.698552 -0.197224 -0.417670 
0.362776 -0.243307 -0.132095 -0.121820 -0.048112 0.831328 -0.754791 0.052057 0.515154 0.204774 -0.160208 -0.595930 0.311636 -0.522500 0.069086 0.870517 0.339660 0.024392 0.249275 -0.511566 -0.002096 -0.658663 
0.448752 -0.096346 0.018296 -0.155947 0.626703 0.717042 -1.091349 0.073855 0.263864 -0.004619 -0.111098 -0.794779 -0.060812 -0.207978 0.161643 1.037744 -0.003443 -0.248956 0.292034 -0.636385 0.201118 -0.463843 
0.198182 -0.371036 0.227488 0.368961 0.779489 0.167002 -1.082025 0.168243 -0.067369 -0.080379 0.277317 -0.830171 0.116765 -0.001885 0.068876 0.695256 -0.074653 -0.239236 0.317647 -0.191138 0.425414 -0.313678 
-0.172721 0.016763 0.074587 0.408090 0.736011 0.126795 -1.001316 0.199444 -0.216946 -0.019679 0.320298 -0.983591 0.031600 -0.027140 -0.045591 0.502577 0.087249 0.032195 0.489070 0.106528 0.624520 -0.123733 
-0.188784 0.023451 0.003051 0.776781 0.562604 -0.236166 -0.632613 0.057566 -0.295454 -0.200473 0.273496 -0.429347 0.108132 0.334649 -0.170664 0.347158 0.201583 -0.128405 0.681819 0.155501 0.651683 -0.170849 
-0.297857 0.350252 -0.158432 0.768419 0.355897 -0.536999 -0.702349 0.400846 -0.266026 -0.070738 0.189551 -0.382187 -0.018426 0.190263 -0.021775 0.080398 0.126976 -0.267849 0.667953 0.317019 0.340561 -0.302605 
-0.362212 0.245847 0.057119 0.865927 0.455679 -0.589905 -0.721101 0.104301 -0.382804 -0.082683 0.340951 -0.033017 -0.007673 -0.092108 -0.115484 -0.256624 -0.125356 -0.291169 0.258252 0.641956 0.422981 -0.304587 
0.098193 0.047459 -0.011335 0.730919 0.388987 -0.555839 -0.337988 0.014375 -0.240475 -0.079255 0.293127 -0.013643 0.352794 0.126673 -0.320555 -0.156503 -0.273006 -0.493651 0.268928 0.590168 0.161517 -0.172463 
-0.061559 0.069386 -0.222531 0.574465 0.290692 -0.703231 -0.276766 0.166299 -0.345865 -0.037402 0.418002 -0.001400 0.066093 0.012639 -0.214553 -0.211931 -0.179780 -0.305930 -0.030602 0.495567 0.096106 -0.122435 
-0.222281 0.141085 -0.081541 0.272345 0.448383 -0.594551 -0.146393 0.139435 -0.170675 -0.216692 0.293155 0.215545 0.258219 0.107593 -0.117851 -0.263917 -0.071777 -0.319494 -0.169418 0.122617 -0.403374 -0.277208 
-0.273484 0.051915 0.058813 0.196705 0.049864 -0.341419 -0.121533 -0.014188 -0.353088 0.066724 0.249765 0.292915 0.141614 0.012078 -0.317321 -0.371420 -0.154297 -0.369374 -0.327218 0.221892 -0.279704 -0.279683 
-0.465512 -0.112996 -0.044163 0.266678 0.165579 -0.302651 -0.044753 0.055327 -0.478639 0.312819 0.261452 0.282439 0.201223 0.001265 -0.149331 -0.262552 0.079101 -0.335724 -0.105937 0.094476 -0.415761 -0.137002 
-0.382711 -0.046024 0.168210 0.404856 0.221559 -0.464881 -0.112088 -0.026556 -0.218777 0.289005 0.088709 0.207917 0.016371 -0.008653 -0.241008 -0.016685 -0.093394 -0.560916 0.041334 -0.082558 -0.236435 -0.107452 
-0.401133 -0.199126 0.143593 0.289343 0.273981 -0.241433 -0.075451 0.018452 -0.147948 0.057284 -0.061861 0.127917 -0.146019 0.097539 -0.198764 0.071414 0.030109 -0.462712 0.206519 0.050061 -0.218503 -0.122701 
-0.290518 -0.263558 0.406087 -0.010508 0.281571 -0.125428 0.014267 -0.202028 -0.320014 -0.098822 -0.063661 -0.056035 -0.318102 -0.140337 -0.049183 0.108269 -0.074378 -0.319000 0.527173 0.188404 -0.095217 0.056293 
-0.028086 -0.349331 0.276898 -0.039565 0.420282 0.302448 -0.109935 -0.300592 -0.190804 -0.238640 -0.101754 -0.329457 -0.541993 -0.006831 -0.076680 0.038019 -0.077498 -0.287533 0.423278 0.118852 -0.188937 -0.011447 
-0.356713 -0.315675 0.244770 -0.213185 0.412558 0.163241 -0.022631 0.007452 -0.372826 -0.393431 -0.260899 -0.438137 -0.450665 -0.026570 0.049094 0.107256 -0.230258 -0.439071 0.659776 0.210846 -0.066964 0.026037 
-0.052741 -0.340090 0.184947 -0.345324 0.447295 0.128127 0.159052 0.120263 -0.358128 -0.376717 -0.248434 -0.258050 -0.154991 -0.074077 -0.224441 0.082074 -0.080569 -0.077181 0.502867 0.321265 0.082312 0.269497 
-0.336494 -0.400049 0.159746 -0.224319 0.145165 0.106165 0.156896 -0.015205 -0.146559 -0.475893 -0.345717 -0.131854 0.008994 -0.276360 -0.080195 0.029159 -0.084584 -0.082232 0.101612 0.449667 0.108867 0.223800 
-0.409201 -0.053245 0.167605 -0.144135 0.022456 0.022965 0.324429 -0.190107 -0.138596 -0.280399 -0.373519 0.026931 -0.046908 -0.220333 -0.089944 -0.116435 -0.126216 0.071230 0.224880 0.608284 0.022909 -0.035026 
-0.389285 -0.066337 0.083762 -0.327801 -0.094880 -0.010602 0.315976 0.081144 -0.069640 -0.508673 -0.151104 -0.132654 0.004870 -0.153986 -0.057052 0.017238 -0.136057 -0.035955 0.181029 0.654481 -0.237428 0.303706 
-0.384142 -0.145507 -0.170320 -0.133967 -0.270988 -0.014976 0.572237 -0.221416 -0.137440 -0.403439 -0.223858 -0.315492 -0.110330 0.000549 0.037701 -0.020633 0.037011 0.083273 0.077289 0.479774 -0.266531 0.220990 
-0.085728 -0.116165 -0.270152 -0.240371 -0.261108 0.109259 0.574343 -0.040382 -0.108603 -0.414358 -0.036455 -0.143484 0.102738 -0.217907 0.553747 0.068128 0.124363 -0.038341 -0.126046 0.420275 -0.011168 0.298714 
-0.063563 -0.011946 -0.035014 -0.201803 -0.189475 0.120878 0.757006 -0.129367 -0.283150 -0.287222 -0.037133 0.124007 -0.028179 -0.284054 0.374407 -0.202619 -0.108454 -0.161983 -0.266164 0.475328 0.106445 0.072773 
0.036547 0.092018 0.048999 -0.277643 -0.229710 0.094083 0.766596 -0.072089 -0.290049 -0.212008 -0.034521 0.149576 0.101539 -0.060227 0.468379 -0.152605 0.090195 -0.155197 -0.534378 0.439972 0.139973 0.097040 
-0.042814 -0.044012 0.232393 -0.432117 -0.279037 -0.100338 0.446658 -0.251933 -0.118431 -0.388672 -0.164494 0.307970 0.134414 -0.385406 0.516610 0.024938 0.208850 -0.361182 -0.730558 0.331589 -0.005116 -0.222624 
-0.022187 0.204462 0.123040 -0.344880 -0.024565 0.093521 0.577437 -0.190143 -0.477200 -0.104593 -0.033295 0.286127 0.285782 -0.078483 0.237876 0.030489 0.180983 -0.163267 -0.315410 0.263586 -0.015834 -0.148193 
0.108833 0.218328 0.046945 -0.200225 -0.338679 0.257699 0.438929 -0.424700 -0.414294 -0.226951 -0.057117 0.230659 0.219327 -0.359015 0.203651 -0.046762 0.207356 -0.451209 -0.274971 0.301922 -0.071010 0.090588 
0.153855 0.234636 0.236876 -0.163882 -0.180991 -0.135900 0.410290 -0.276728 -0.304946 -0.058707 -0.039910 -0.032506 0.069484 -0.234051 0.361195 0.141107 0.246338 -0.166135 -0.348476 0.241200 -0.043287 -0.195954 
0.161262 0.180387 0.216823 -0.052237 -0.323859 0.017695 0.122717 -0.304780 -0.266736 -0.327639 0.117313 -0.026638 0.132664 -0.118077 0.297155 0.258924 -0.007682 -0.158757 -0.165792 0.221286 0.106005 -0.104339 
0.090229 0.192178 0.033522 -0.147273 -0.254064 -0.023809 0.022883 -0.259642 -0.130947 0.013410 -0.031045 0.025870 0.326855 -0.128426 0.115397 0.188322 0.108615 -0.195630 -0.215681 0.242817 0.196027 -0.000495 
0.189034 -0.150657 -0.000396 -0.026508 -0.119904 0.004894 -0.004893 -0.402380 -0.190176 -0.146421 -0.086304 -0.053831 0.556930 -0.326810 0.089205 0.338603 0.097739 0.002099 -0.099833 -0.063988 0.045606 0.097406 
0.372839 -0.257269 -0.091391 -0.140174 -0.068964 0.106089 0.141386 -0.447977 0.031546 -0.254914 -0.164649 -0.239268 0.188103 -0.097398 0.023880 0.216286 0.000873 -0.000845 -0.227625 -0.211525 -0.024270 0.272533 
0.263351 -0.257381 -0.006547 -0.193209 -0.033378 -0.040687 0.023879 -0.333952 0.017960 -0.121712 -0.259271 0.181105 0.146102 -0.085601 0.122344 0.190591 -0.088192 -0.005233 -0.157009 -0.109441 0.089936 0.356131 
0.322728 -0.030455 0.041453 -0.370085 -0.247703 -0.033783 -0.052940 -0.527450 -0.066979 -0.203521 0.103871 0.058297 0.349501 -0.151943 -0.185099 0.381090 0.211152 -0.303623 0.092176 -0.317595 0.011902 0.231026 
0.312491 -0.071032 -0.040797 -0.264272 -0.165078 -0.110207 -0.022463 -0.430266 0.091953 -0.146694 0.028833 -0.075504 0.316484 -0.236983 -0.012099 0.218394 -0.242227 -0.177036 0.082141 -0.233722 0.073308 0.152281 
0.447952 -0.059283 -0.042922 -0.129151 -0.200991 -0.114336 -0.266813 -0.406151 0.109424 -0.037063 -0.192302 0.078108 0.117172 -0.070260 0.008048 0.203594 -0.004162 -0.153838 0.052301 -0.096760 -0.195157 0.199678 
0.336512 -0.012589 -0.001389 -0.401659 0.044634 -0.197062 -0.076961 -0.282614 -0.004303 0.188655 -0.134815 -0.024209 0.319725 -0.072882 -0.132967 0.211846 0.121641 -0.145715 0.073720 -0.161857 0.051075 0.134809 
0.332083 0.200109 0.129011 -0.136707 -0.047896 0.022909 -0.139683 -0.108983 0.188439 0.197295 -0.008163 0.160308 0.275301 -0.065592 0.010277 0.009668 0.050011 -0.047659 -0.104018 -0.281765 0.021083 0.156008 
0.415950 0.140215 -0.112196 -0.259009 -0.137903 -0.022665 0.059359 -0.342932 0.066547 0.209330 0.055337 -0.003642 0.320982 -0.096208 -0.000714 0.268367 -0.022654 -0.191504 -0.043880 -0.105015 0.123365 0.077211 
0.134657 0.112197 -0.287369 0.052113 -0.158072 -0.162444 -0.049003 -0.076303 -0.088433 0.270500 -0.093598 0.105274 0.462791 0.085046 -0.001567 0.311982 0.028678 -0.000058 -0.245600 -0.244745 -0.004420 0.248648 
0.241267 -0.056454 -0.162704 0.030193 -0.014835 -0.011690 -0.047874 -0.017981 0.006964 0.519333 0.219176 0.032722 0.356074 0.152684 0.020242 0.110871 -0.145442 -0.014892 -0.093304 -0.410804 0.005461 0.241712 
0.260447 -0.192153 -0.094558 -0.100031 0.004704 0.080513 -0.004676 -0.224330 -0.155549 0.429021 0.062133 0.017429 0.268303 0.167050 -0.003575 0.112326 0.070399 0.249923 0.030538 -0.234338 0.023325 0.030922 
0.318588 0.061376 -0.092472 0.090508 -0.136536 -0.159815 0.153985 0.130907 0.068628 0.270837 -0.009623 -0.095488 0.279020 0.153352 0.085694 -0.052744 0.137810 0.062464 -0.257095 -0.163574 -0.009362 0.194549 
0.327965 -0.253456 -0.228987 0.037765 -0.104056 -0.159958 -0.069745 0.009386 -0.033479 0.559454 -0.047969 -0.014991 0.129400 0.106138 0.100840 0.033801 -0.083824 -0.013615 -0.180933 -0.301465 0.028678 0.337507 
0.224648 -0.026874 0.060115 -0.123621 -0.064420 -0.055243 -0.139893 -0.043839 0.113281 0.235376 -0.075060 0.041289 0.078378 0.126893 -0.229991 0.177785 0.054811 0.014848 0.024997 -0.260471 0.128036 0.390914 
0.221283 -0.274679 -0.138941 -0.009666 -0.027093 -0.088496 -0.090306 -0.054070 0.118395 0.378966 -0.072204 0.025946 0.001243 0.340883 -0.103403 0.176667 -0.218311 0.107123 0.192231 -0.082818 -0.022460 0.404217 
0.010745 -0.353169 0.061927 -0.021122 -0.128679 0.018599 -0.095844 -0.102068 -0.029771 0.254317 0.001691 0.045155 -0.335009 0.211103 -0.030146 0.055423 -0.300585 0.011844 0.011287 0.102796 0.119700 0.278606 
0.278775 -0.297536 -0.100919 0.174183 -0.031065 0.046847 -0.129579 0.006898 0.056600 0.364334 -0.097495 -0.110648 -0.137653 0.143894 -0.195590 0.158195 -0.102077 0.150293 -0.212041 0.166006 -0.119728 0.194704 
-0.007330 -0.432710 0.085042 0.153540 0.173227 0.015964 -0.053397 0.007065 0.042851 0.408185 -0.313926 -0.035720 -0.157297 0.086576 0.012985 -0.045442 -0.231803 0.187239 -0.213974 -0.114467 -0.012123 0.008075 
-0.105395 -0.097889 -0.120043 0.063561 0.003762 0.101405 -0.081533 0.076384 -0.052701 0.428478 -0.169153 -0.136847 0.047582 0.358668 0.049086 0.016730 -0.150069 -0.138966 -0.273374 -0.004661 -0.161939 0.117454 
0.096831 -0.371790 -0.114122 -0.025746 0.265945 -0.058149 -0.213426 0.024274 -0.047618 0.230825 0.048671 -0.001402 -0.078902 0.301247 -0.143494 -0.041042 -0.144506 0.179966 -0.032038 0.075839 -0.138841 0.197043 
-0.118770 -0.187998 -0.348464 0.064573 0.070732 -0.088859 -0.165495 0.095751 -0.086227 0.326576 -0.142601 0.022385 -0.335156 0.366007 0.080852 -0.054731 -0.034027 0.167211 -0.078689 -0.139739 -0.109686 0.245813 
-0.079854 -0.150673 -0.188594 0.296114 0.074718 0.108534 -0.305258 -0.155420 0.070771 0.275233 -0.136123 0.163444 -0.209319 0.103136 0.060531 -0.050832 -0.043551 0.062392 0.021343 -0.197094 -0.195191 0.190051 
-0.156714 -0.195816 -0.010759 0.206836 0.144994 -0.081294 -0.139943 -0.062245 0.034642 0.406022 -0.261338 0.168002 -0.333893 0.202282 -0.155570 -0.159523 0.011709 0.064184 0.059575 -0.067709 0.118345 0.178512 
0.066393 -0.322283 0.085072 0.048541 0.029515 0.096694 -0.162547 -0.074666 0.068473 0.415815 -0.400532 0.105403 -0.333297 0.111559 0.095841 -0.215138 -0.262790 0.134876 -0.131300 0.158620 -0.138927 0.024900 
0.126017 -0.207870 0.164636 0.038286 -0.050872 0.021668 -0.268162 0.083929 0.164621 0.146371 -0.323439 0.019997 -0.227678 0.177289 -0.235646 -0.309954 -0.179119 0.170621 -0.170403 -0.082015 -0.135834 0.313465 
-0.069902 -0.241664 -0.044840 -0.122083 0.046344 -0.040729 -0.193274 0.311296 0.176438 0.039480 -0.444592 -0.188101 -0.221271 0.329896 -0.256593 -0.055779 -0.174290 -0.125607 -0.137291 -0.159275 0.063818 0.199096 
-0.158837 -0.076208 -0.097530 0.096411 0.096572 0.087617 -0.237120 -0.020412 -0.066143 -0.063593 -0.199268 -0.003633 -0.430971 0.473617 -0.170620 -0.188744 0.048672 0.186650 -0.255220 -0.262823 0.018720 0.143536 
-0.101762 -0.087752 -0.135535 0.061317 0.083909 0.097463 -0.340295 0.061193 0.128808 0.215286 -0.348379 -0.067709 -0.419221 0.166935 -0.197912 -0.319720 0.030506 0.022132 -0.116942 -0.046113 -0.031625 0.255675 
-0.137607 -0.204541 -0.140158 0.065267 0.226221 0.011888 0.137830 0.135417 -0.135657 0.181283 -0.373361 -0.124980 -0.389704 0.143634 -0.222237 -0.282698 0.046972 -0.025322 -0.072418 -0.299640 -0.216525 -0.095323 
-0.100310 0.045291 -0.144184 0.238103 0.373770 -0.105795 -0.110350 0.054979 -0.090034 0.025610 -0.190607 -0.076930 -0.303306 0.180889 -0.394098 -0.516173 0.203570 0.094103 0.143270 0.079168 -0.149837 -0.281090 
-0.200673 0.069995 -0.269043 0.082485 -0.018200 -0.057366 0.008027 0.183222 -0.029235 0.051294 -0.115164 0.105450 -0.400926 0.086115 -0.515276 -0.456896 0.104368 -0.166095 -0.022587 0.048598 -0.004389 0.046786 
-0.091027 0.165585 -0.215878 -0.002777 0.112284 0.081185 -0.011872 0.380711 -0.021264 -0.042912 -0.051298 0.143479 -0.560697 -0.192009 -0.532178 -0.303253 0.106938 -0.191281 -0.201678 0.021390 -0.017423 0.105852 
0.051722 0.280447 0.096401 0.083264 0.083349 -0.027552 -0.111741 0.199960 0.078188 0.009113 -0.218462 0.153047 -0.531422 0.007898 -0.447321 -0.092994 -0.004931 0.053845 -0.246609 -0.119115 -0.263399 0.199616 
0.099465 0.207200 -0.058342 -0.088059 0.092597 0.033135 -0.165038 0.199015 0.084522 0.114759 0.066830 -0.098799 -0.461096 -0.068719 -0.349640 -0.210251 -0.196407 0.222052 0.021482 0.023581 -0.079487 0.051395 
0.183909 0.211648 0.077363 0.082693 0.205080 -0.029803 -0.070771 0.236142 0.127429 0.101408 -0.117149 -0.064074 -0.408429 -0.077488 -0.365424 -0.380164 0.185517 0.114449 -0.052392 0.072242 -0.127132 -0.107431 
-0.053051 0.395448 -0.063484 0.121522 0.119363 -0.018136 -0.116565 0.385987 0.115029 0.068660 0.184847 -0.020346 -0.310123 -0.344799 -0.059297 -0.080585 0.181773 0.205044 0.026592 -0.178394 -0.057882 -0.013801 
-0.025532 0.159367 -0.189012 -0.100366 0.027389 0.101069 0.042653 0.232675 -0.081944 -0.362208 0.022927 -0.092066 -0.322078 -0.313061 0.053709 -0.248578 0.187831 -0.016928 -0.122164 0.063727 0.019062 -0.200695 
0.037579 0.221161 0.130555 -0.167914 0.066403 0.091997 0.176624 0.404257 -0.037621 -0.150789 0.135992 -0.151219 -0.046803 -0.483400 0.131185 -0.022667 0.045334 -0.169990 0.016770 -0.071943 -0.113645 -0.034823 
-0.126439 0.277035 -0.188503 -0.165291 0.033544 0.179275 0.124881 0.355370 0.041197 -0.209698 0.288236 0.023731 -0.178782 -0.541795 0.090430 -0.187608 -0.195092 -0.006375 -0.044353 -0.151487 0.138472 -0.071099 
-0.181739 0.246977 -0.086513 -0.024211 -0.047841 0.044250 0.042798 0.203090 0.117870 -0.498461 0.334851 0.201255 -0.079483 -0.270912 0.328140 -0.234780 -0.079032 -0.111921 -0.069304 -0.270893 0.078431 -0.185314 
-0.339845 0.088288 -0.031676 -0.026449 0.045107 0.037324 0.240716 0.228017 0.266340 -0.603658 0.386068 -0.064747 -0.241908 -0.202698 0.563318 0.007366 -0.248592 0.208753 0.124765 -0.040447 0.171981 -0.162224 
-0.397703 0.191687 0.069710 -0.317401 0.011598 -0.147165 0.500363 0.279371 0.275535 -0.649782 0.080027 -0.023696 -0.032127 -0.318109 0.697642 0.178027 -0.443016 0.240625 -0.130025 -0.299356 -0.047815 -0.133409 
-0.399226 -0.023398 0.074329 -0.208560 0.099315 0.196652 0.980358 0.208182 0.211103 -0.534641 0.199596 0.005744 -0.003851 -0.475665 0.768188 0.097181 -0.161126 0.388490 -0.098291 -0.287076 -0.044132 -0.237070 
-0.320432 -0.089585 0.144027 -0.342771 -0.061840 -0.094737 1.072097 0.214818 0.607160 -0.758225 0.068518 -0.083569 0.151853 -0.925964 0.927878 0.193955 -0.079757 0.050368 0.076021 -0.434410 0.016575 -0.415526 
