0.020942 0.055522 -0.007692 0.195064 0.433035 0.376232 0.414089 -0.589060 0.533072 0.167794 -0.191560 -0.287298 -0.351553 -0.104540 -0.573164 0.197432 
0.123640 0.347049 0.288161 -1.003317 -1.316435 0.395855 0.405538 0.124331 -0.923710 -0.527204 0.320338 0.482717 -0.148234 0.284379 -0.942146 -0.728563 
0.183505 0.116163 -0.147352 0.465173 -0.713116 -0.592920 -0.011443 0.199024 -0.416778 0.003876 -0.780234 0.237226 0.235215 -0.683881 -1.704480 -0.132009 
-0.482355 0.127112 -0.062682 0.735105 0.032312 -0.156800 -0.180016 -0.096230 -1.309953 -0.928651 0.041692 -0.581243 0.302238 -0.033740 -0.728484 0.123562 
-0.027930 -0.071188 -0.409463 0.014894 0.279024 -0.229465 -0.093960 -0.202772 0.428292 0.510237 -0.032356 0.244091 -0.321635 -0.290094 -0.126851 -0.451035 
0.280552 0.292113 -0.311108 -0.130778 0.183859 -1.718033 -1.179221 0.261522 0.194699 -0.028368 -0.020485 0.354494 0.211675 -0.791199 -0.774621 -0.186786 
-0.297140 -0.184259 0.031387 -0.295075 0.133495 0.361331 -1.200248 -0.631380 0.261251 0.513352 0.119260 -1.799212 -0.442879 0.099600 -1.050186 -0.504284 
0.104640 0.272632 0.177112 0.470253 -0.768194 0.014827 0.091085 0.138617 -0.851374 0.057838 0.302288 -1.598641 -1.310537 0.106681 0.212204 -1.040265 
-0.285698 -0.319920 0.065081 0.509048 0.899341 -0.126296 -0.240937 -0.319331 -0.537552 -0.380485 0.089753 -0.764297 -1.289550 0.089243 -0.050668 -0.417357 
0.280022 -0.439781 0.080397 -0.618520 -0.323621 0.439581 0.468134 -0.136763 -1.090416 0.016207 -0.091664 -0.411903 -0.538930 0.266588 -0.026919 -0.639457 
0.100067 0.149452 -0.060253 -1.324666 -0.764000 -0.053642 -0.836047 -0.061271 -0.023634 -0.283842 -0.239411 -0.256730 0.326518 -0.125691 0.118772 -0.172472 
-0.018658 0.002399 0.075794 -0.257389 0.113529 -3.334865 -1.452420 0.088827 0.027058 0.062041 -0.034580 0.352227 0.381476 -1.211679 -0.310115 0.015168 
0.153813 -0.352565 0.170224 -0.100303 -0.393568 0.168751 -0.138277 0.029358 -0.513454 0.096633 -0.030800 -0.776484 -1.208508 0.178124 -0.055235 -0.741915 
0.264274 -0.447447 0.217003 -0.144713 -0.345969 0.176942 0.225289 0.209911 -0.454587 -0.146346 -0.218870 -0.295945 0.364580 0.035892 0.048155 -0.211233 
0.036741 0.310140 0.106285 -2.172900 -0.595315 0.356326 0.362876 0.077423 -1.529814 -0.039563 0.189257 -0.159595 -1.393050 0.282072 -1.271736 0.196888 
0.184330 -0.072290 -0.084669 0.004897 -0.041645 0.423855 0.433254 -0.104330 0.192969 -0.233122 -0.184201 0.378723 -2.024430 0.160833 -0.837111 0.063775 
-0.359473 -0.077175 0.042395 0.438174 0.465734 -0.988697 -1.093770 0.110107 0.335805 0.314087 -0.518810 -0.543118 -0.616250 0.099730 0.208957 -0.208283 
0.036983 -1.052954 -0.007040 0.282179 -0.678803 0.089036 0.305345 0.066347 -0.523903 0.008526 0.009352 -0.321886 -0.272143 0.349713 0.213645 -1.257584 
-0.468377 0.219158 0.188737 -0.038002 -0.133606 -0.033868 -1.092433 0.072270 -0.676417 0.386572 -0.355196 0.274311 0.075557 0.112896 0.228045 -0.620905 
-0.284052 -0.024107 0.242042 0.061548 0.682178 0.293620 0.053797 0.038318 0.072751 -0.166550 -0.181445 0.065620 0.198569 0.288092 0.693952 0.200859 
0.346006 0.289234 0.267316 -1.308521 0.095802 -2.634097 -1.187815 0.321085 -0.132946 0.049710 0.127758 0.069845 0.019851 -1.743540 0.300122 0.437517 
0.185882 -0.235675 0.261919 0.175680 -0.118198 0.107219 0.070293 0.200047 0.047117 -0.973379 0.325129 -0.551105 0.006031 0.340988 0.068680 -0.492066 
