0.071187 -0.304749 0.273093 -0.608841 -0.218230 0.435727 0.162901 -0.815570 -0.150066 -0.167537 0.708826 -0.495885 0.123616 0.847485 -0.052274 -1.002531 -0.077084 -0.368095 -0.262072 -0.265057 -0.730716 0.262476 0.581827 -0.268826 
-0.064536 -0.031361 0.486492 -0.394104 -0.169169 0.163681 0.169510 -0.493944 -0.094958 0.007507 0.769318 -0.485417 0.185137 0.345545 -0.007463 -0.652449 -0.073091 -0.455917 -0.209782 -0.321912 -0.575540 -0.006634 0.411838 -0.217952 
-0.056685 -0.029405 0.564289 -0.118166 -0.128189 -0.009904 0.032336 -0.628909 -0.065704 0.084004 0.576978 -0.648127 0.217420 0.363618 -0.022793 -0.693092 0.166031 -0.532440 -0.100799 -0.276253 -0.303140 0.044738 0.171298 -0.009246 
-0.227798 0.336965 0.152903 -0.265502 0.224209 0.060907 0.085344 -0.385570 -0.027514 0.188181 0.367288 -0.441050 0.014932 0.207165 0.072342 -0.691465 0.009562 -0.354015 -0.226631 -0.370682 -0.576037 -0.117603 0.175605 -0.236857 
0.001061 0.310095 0.370319 -0.007681 0.067651 -0.097413 -0.127259 -0.291091 0.044957 -0.068252 0.195583 -0.046480 0.168277 0.045170 -0.372345 -0.466830 -0.182238 -0.202001 -0.365907 -0.138784 -0.187750 -0.123910 0.085801 -0.123391 
-0.184256 0.410628 0.003540 -0.103712 0.012844 -0.082493 0.021953 -0.462847 -0.150682 0.205926 0.069012 -0.020987 0.137907 0.043788 -0.069544 -0.550856 -0.121391 -0.112959 -0.204672 0.015615 -0.340117 -0.157040 -0.035042 -0.145181 
-0.126096 0.507420 0.115822 -0.218434 0.028703 -0.047668 -0.293003 -0.386741 0.187633 0.510801 0.237634 -0.047879 -0.064587 -0.083153 0.030419 -0.276112 -0.091044 0.025865 -0.279293 -0.118107 -0.333176 -0.038790 -0.040505 0.169809 
-0.128534 0.354733 -0.024677 -0.080395 -0.111148 0.120955 -0.202565 -0.181764 0.104009 0.068744 0.154075 0.078773 0.137569 -0.111913 0.227475 -0.299733 -0.033126 -0.198184 -0.011140 -0.234613 -0.198062 0.011333 -0.033748 -0.026810 
0.007266 0.383524 -0.061638 -0.159341 0.158787 0.059199 -0.477953 -0.497587 -0.130841 0.178337 0.225781 0.347163 -0.000526 -0.082381 0.193051 -0.163326 -0.143429 -0.010333 -0.088044 -0.288162 -0.062569 -0.155423 0.051270 -0.045639 
0.146151 0.402136 -0.238444 -0.151119 -0.077252 0.013440 -0.380242 -0.430039 -0.155418 -0.238574 0.126870 0.612518 0.004512 -0.038827 0.061282 -0.184760 0.002396 -0.005876 -0.203653 -0.134591 -0.266630 -0.170801 -0.190485 -0.118270 
0.009912 0.341187 -0.043426 -0.032097 0.275084 0.031572 -0.326259 -0.414449 0.203166 -0.130324 -0.145678 0.379755 0.024692 -0.260299 0.009147 0.148991 -0.231544 -0.163547 -0.106504 -0.229322 0.071461 -0.081411 0.116049 0.179251 
-0.157406 0.257464 -0.021493 0.152211 0.258152 -0.063264 -0.036037 -0.598671 -0.088497 0.047585 0.166202 0.394834 -0.283594 -0.040656 0.008666 0.144803 -0.104526 -0.192624 -0.550074 -0.286328 -0.064836 -0.176299 -0.057929 0.098142 
-0.043732 0.136651 -0.114621 0.059587 0.307523 -0.064955 -0.234449 -0.507776 0.082694 -0.068008 0.086598 0.227140 -0.108746 -0.096511 -0.049159 0.193785 -0.224846 -0.295831 -0.318525 0.044699 0.016005 -0.038515 -0.032931 0.191755 
-0.054011 0.195427 -0.094094 0.094376 0.446453 -0.001557 -0.211082 -0.586091 0.085184 0.077691 0.049802 0.020648 -0.058660 -0.075446 -0.075498 -0.038476 -0.079314 -0.350202 -0.269694 0.043152 0.026833 0.168706 -0.147092 0.042471 
0.181021 0.010048 0.145860 0.133659 0.587203 0.071142 -0.098281 -0.364481 0.040890 0.122372 0.036163 0.129389 0.134895 0.004117 0.041851 0.117778 -0.009438 -0.279628 -0.031894 0.000766 0.118884 -0.026031 -0.055168 0.197485 
0.095886 -0.317167 0.232300 -0.001170 0.275804 0.316397 -0.223593 -0.277198 -0.167859 0.030295 0.143095 0.196019 0.090291 0.042454 0.100555 0.132705 -0.027305 -0.322102 -0.159001 0.012243 0.135005 0.094515 -0.170061 0.092923 
0.095576 -0.551776 0.118380 0.189125 0.269331 0.109173 0.098801 0.006533 0.181672 -0.010679 0.211494 0.405528 0.355350 -0.055539 -0.001916 0.333679 0.250731 -0.006719 -0.346934 -0.062024 -0.011882 -0.168637 0.118139 -0.134567 
-0.037484 -0.341796 0.011778 0.274315 0.186123 0.120258 0.143833 -0.103933 -0.094105 -0.012296 0.160426 0.076296 0.095842 0.140640 -0.049821 0.596129 0.214391 -0.077405 -0.079116 0.111154 -0.014018 -0.061117 -0.023313 -0.157109 
-0.123614 -0.529166 -0.027688 0.111774 0.320737 0.149102 0.298694 -0.111009 -0.135093 -0.231971 0.038469 0.007883 0.253207 -0.195096 0.111145 0.624347 0.092593 -0.099158 -0.187664 0.264411 0.005523 0.091177 -0.258223 -0.125525 
-0.165400 -0.436568 0.108560 0.049379 0.353936 0.126487 0.368737 -0.104113 -0.035328 -0.196104 0.314992 -0.086147 0.165798 0.014514 0.046796 0.710445 0.264229 0.158849 -0.236983 0.415968 0.013084 0.157833 0.059099 -0.133518 
0.151801 -0.489556 0.114518 0.012529 0.451279 0.131085 0.088509 -0.431461 0.056344 -0.083712 0.236418 -0.163821 0.136256 0.023833 -0.001400 0.581517 0.202424 0.003227 -0.342159 0.137477 0.229122 0.135954 0.097725 0.096357 
0.105088 -0.389723 0.075648 0.074515 0.293422 0.007836 0.017796 -0.124020 -0.077377 -0.190484 0.094301 -0.315738 0.089539 0.085586 -0.110522 0.775871 0.158030 0.012407 -0.470738 0.184100 0.168890 0.393075 0.152286 0.000253 
0.243619 -0.333647 0.119556 -0.041526 0.248181 -0.059166 0.021130 -0.184495 -0.091619 0.064768 0.000643 -0.252171 -0.214095 -0.074756 -0.087014 0.887488 0.205165 -0.111608 -0.428336 0.471409 -0.086168 0.495583 0.060184 0.233687 
0.273299 -0.460667 0.139859 0.152524 0.184339 -0.317361 0.016435 -0.201544 0.013800 -0.041678 0.166739 -0.246380 -0.042658 0.162467 0.056598 0.804263 0.337529 -0.178705 -0.357083 0.364563 -0.039293 0.204447 0.050142 0.159243 
0.218817 -0.352584 0.012779 -0.069973 0.147349 -0.104286 -0.083654 -0.190073 0.267287 -0.045420 0.022013 0.006292 0.206340 -0.046175 0.091011 0.908074 0.367989 -0.056832 -0.199011 0.288284 0.077996 0.072796 0.039910 0.122102 
0.130270 -0.306561 0.048451 -0.282170 0.318538 -0.014713 -0.000506 0.034636 0.206953 -0.090668 -0.107334 -0.058975 0.096128 -0.119675 0.065837 0.716172 0.457361 -0.075931 -0.333688 0.308947 0.055927 0.281884 -0.083666 0.086149 
0.220718 -0.267784 0.212721 -0.297217 -0.084496 -0.128056 0.011123 -0.038064 0.053145 -0.057357 -0.175631 0.076204 -0.005835 -0.134755 0.074024 0.769586 0.606050 -0.264585 -0.248535 0.330159 0.116337 0.177768 -0.070386 0.026051 
-0.037026 -0.325693 0.270194 -0.052753 0.016127 -0.100219 0.202733 0.095839 -0.309314 -0.054441 -0.313518 0.017294 0.240547 -0.295799 0.028485 0.662895 0.580773 0.009084 -0.110157 0.147383 0.018682 -0.035492 -0.073020 0.334099 
-0.047878 -0.344571 0.011883 0.049626 -0.062331 0.098098 0.234203 -0.048783 -0.338935 -0.123778 -0.316025 -0.095956 0.337986 -0.028329 0.236106 0.798699 0.230914 -0.298005 -0.248588 0.539155 -0.076863 0.161379 -0.165745 0.373712 
0.130128 -0.305476 0.187592 -0.080694 -0.182467 0.067077 0.257121 0.252238 -0.127672 -0.149540 -0.148355 0.039432 0.209254 0.099369 -0.020032 0.630731 0.458901 -0.129281 -0.160155 0.300725 0.226182 0.127106 -0.145639 0.162527 
0.178253 -0.164124 0.174689 0.183762 -0.040664 -0.198630 -0.068995 0.435662 -0.169448 -0.248572 -0.196374 -0.053298 0.068105 0.152011 -0.041834 0.866985 0.255296 -0.125393 -0.039627 0.079096 0.001235 0.214784 0.127050 0.271508 
0.233755 -0.102926 0.093688 -0.218241 -0.184306 -0.085695 -0.064391 0.356512 -0.239359 -0.140428 -0.152535 0.029745 -0.032672 0.122591 -0.077605 0.659944 0.250535 -0.171705 -0.086485 0.047856 0.226197 0.311511 -0.003109 0.177154 
0.255788 -0.145361 0.129660 -0.083670 -0.267724 -0.276843 0.139173 0.492382 0.141024 -0.087158 -0.087839 0.302293 -0.092166 0.029480 -0.058646 0.445782 0.182921 -0.111629 0.029111 -0.149744 0.242253 0.075130 0.007565 0.301716 
0.045145 -0.172961 0.040225 -0.047995 -0.133851 -0.125137 0.118731 0.235385 0.039471 -0.056055 -0.310818 0.161396 -0.050278 -0.032948 0.066771 0.601569 0.138699 -0.164086 -0.166878 -0.195886 -0.084201 -0.112044 -0.141264 0.426181 
0.022036 -0.110761 0.034437 -0.003345 -0.351595 -0.131254 0.209280 0.420719 0.143642 0.017645 -0.278287 0.040958 0.077987 -0.171179 0.008504 0.635416 -0.027771 -0.072571 0.035701 -0.132145 0.177909 -0.095166 0.067691 0.232134 
-0.070519 -0.420364 -0.065776 0.186520 -0.412386 0.039586 0.078390 0.430239 -0.090254 -0.408912 -0.181283 0.111767 -0.111552 -0.207116 -0.185338 0.433218 -0.185320 -0.153526 0.116710 0.076261 -0.311079 -0.266779 0.076416 0.404350 
-0.172534 -0.202562 -0.184842 0.245339 -0.377003 -0.131038 0.173991 0.554373 -0.146120 -0.478195 -0.223818 0.398804 0.091422 -0.389874 -0.319082 0.538711 -0.176479 -0.210579 0.250679 -0.017545 -0.356831 -0.300589 0.084144 0.452112 
-0.136866 -0.309046 -0.175077 0.404533 -0.714964 0.043038 0.119562 0.469529 -0.255960 -0.237485 -0.178418 0.021739 0.035184 -0.283157 -0.145496 0.549231 -0.440301 -0.229619 0.210860 -0.043009 -0.303873 -0.072910 -0.021084 0.556321 
-0.071691 -0.240651 -0.128176 0.239440 -0.605355 -0.355723 0.286192 0.505198 -0.063323 -0.381463 0.091981 0.190284 0.229496 -0.164183 -0.082721 0.346181 -0.105738 -0.326261 0.356022 -0.409225 -0.123557 -0.409588 0.187045 0.430453 
0.013341 -0.130524 -0.140619 0.539546 -0.684599 -0.029948 0.144629 0.420775 -0.343564 -0.212417 -0.116572 -0.041813 0.035630 -0.070895 -0.253627 0.499017 -0.377670 -0.292492 0.098705 -0.403309 -0.255111 -0.046600 0.372970 0.551334 
0.010058 -0.120777 -0.194283 0.444212 -0.580306 -0.098155 -0.111012 0.615352 -0.329670 0.017908 -0.081625 0.152246 -0.000400 0.100399 -0.121188 0.117236 -0.316890 -0.370574 0.117781 -0.422888 -0.123368 -0.169520 0.387207 0.732912 
-0.142408 -0.126205 -0.142712 0.305067 -0.465802 -0.162183 -0.069487 0.520887 -0.058354 -0.186271 -0.316985 0.121927 -0.071433 0.140493 -0.134527 0.043857 -0.294709 -0.377836 0.009591 -0.447121 -0.385824 -0.055793 0.139841 0.766885 
-0.211045 -0.037806 -0.616609 0.316850 -0.501902 -0.126624 -0.368190 0.361221 -0.026485 -0.282346 0.004864 0.108502 -0.033376 -0.020282 -0.137386 0.009857 -0.245480 -0.629903 0.113332 -0.213822 -0.024123 0.083285 0.162499 0.406504 
-0.005889 -0.140696 -0.271766 0.315050 -0.468226 -0.378863 -0.195423 0.410921 0.065044 -0.280055 -0.031624 0.099107 0.091799 -0.194418 -0.257780 0.094340 -0.399300 -0.309740 0.126868 -0.400822 0.040318 0.065993 -0.061546 0.523646 
-0.076522 -0.039777 -0.430834 0.168463 -0.241599 -0.222130 -0.266838 0.191970 0.043069 -0.347156 0.054159 0.098639 -0.182737 -0.220331 0.176407 -0.127728 -0.583981 -0.141504 0.235512 -0.258040 0.282975 0.122790 0.184134 0.469234 
-0.163776 -0.246443 -0.300322 0.353916 -0.331381 -0.039322 0.074655 0.353093 -0.068942 -0.287932 -0.188877 0.137228 0.111385 0.141593 0.165811 -0.261689 -0.558587 -0.047486 0.190192 -0.388121 0.127904 0.156581 -0.010399 0.243387 
-0.305006 -0.026777 -0.209339 0.029955 -0.223698 -0.272834 0.154602 0.521568 -0.268232 -0.359220 -0.433511 -0.117577 -0.181888 -0.136224 0.048682 -0.182818 -0.484910 0.064105 0.195552 -0.237788 0.313974 0.123990 -0.013993 0.337514 
-0.139387 -0.006875 -0.154703 0.160069 -0.204130 -0.116393 0.204838 0.534060 0.023049 -0.251040 -0.386585 0.067081 -0.004091 -0.062008 0.264270 -0.381102 -0.601241 0.053644 0.405412 -0.245034 0.139443 0.111930 -0.204223 0.100803 
-0.181943 0.100894 -0.155515 -0.012963 -0.114396 -0.257303 -0.092172 0.305802 -0.190968 -0.330630 -0.220881 -0.049933 0.010053 -0.123538 0.241071 -0.536610 -0.660968 -0.139379 0.361495 -0.029746 0.111351 -0.042844 -0.193249 0.239171 
-0.035198 0.118796 -0.125558 -0.038777 -0.211645 -0.091990 -0.055820 0.363750 -0.081722 0.080239 -0.365316 -0.302943 0.075236 -0.075534 0.039565 -0.533088 -0.485904 0.044684 0.324477 0.121282 0.211554 0.028294 -0.152278 0.154298 
0.114683 0.255461 -0.163769 -0.130853 -0.139099 -0.152652 0.041702 0.233562 0.029824 -0.030920 -0.440900 -0.287527 0.132492 -0.222125 0.106422 -0.742172 -0.222264 0.110779 0.275409 0.035737 0.023113 0.149482 -0.274288 -0.149607 
-0.094086 0.176267 -0.376898 -0.154207 -0.338040 0.018644 -0.116630 0.494055 0.061188 0.279720 -0.291521 -0.063019 -0.045772 -0.048321 0.088664 -0.412832 -0.109236 0.455841 0.101209 -0.082147 -0.001198 0.360088 -0.183329 -0.420180 
-0.024836 -0.010075 -0.228231 -0.163119 -0.276086 0.067921 -0.105355 0.284547 -0.093620 0.173519 -0.105972 -0.195825 0.166669 -0.124102 0.257692 -0.794285 -0.104676 0.301329 0.276011 0.173290 0.202321 0.393236 -0.421242 -0.588572 
0.044903 0.284515 -0.271945 -0.142125 -0.194195 0.120544 -0.195060 0.280995 -0.036453 0.113844 0.096973 0.102111 0.087019 -0.053002 0.078511 -0.602786 -0.233916 0.490803 0.317804 0.361261 0.286532 0.268021 -0.503313 -0.447178 
0.178048 0.392203 -0.409293 -0.325659 -0.210391 0.298800 -0.134391 0.226352 -0.184345 -0.187474 -0.141177 -0.033907 0.104864 -0.269189 0.231547 -0.393749 0.089283 0.734643 0.300041 0.101496 0.172166 0.357541 -0.265222 -0.493376 
0.143838 0.247844 -0.093358 -0.084075 -0.197153 0.208103 -0.150652 0.321519 -0.116450 0.032550 0.037851 -0.137133 0.409330 -0.267398 0.364947 -0.644017 -0.023800 0.832074 0.546230 0.186307 0.052390 0.539860 -0.543400 -0.345212 
0.266419 0.400451 -0.015255 -0.335077 -0.006006 0.179550 -0.159566 0.376662 -0.253288 0.163620 0.104353 -0.343985 0.393004 0.001098 0.110400 -0.508442 -0.021410 0.749529 0.566768 0.365570 -0.045763 0.483539 -0.277083 -0.491547 
0.195764 0.600870 0.091598 0.008115 0.115319 0.451825 -0.169113 -0.071435 -0.077986 -0.014428 -0.021911 -0.742901 0.315634 -0.290416 0.219936 -0.712610 0.194877 0.633063 0.645469 0.459550 -0.254445 0.608661 -0.252326 -0.167125 
0.496911 0.574029 0.218264 0.111156 0.331511 0.278797 -0.138358 0.201938 0.101135 0.204083 0.236149 -0.738728 -0.013880 -0.011629 0.094381 -0.746927 0.322182 0.627017 0.404289 0.387643 0.017119 0.272925 -0.318562 -0.144416 
0.489645 0.566900 0.263739 0.424731 0.263484 0.369950 -0.103692 0.055539 0.068360 0.480231 0.100016 -0.576880 -0.037139 -0.159686 0.137391 -0.629609 0.389397 0.494795 0.451107 0.254279 -0.146774 -0.050298 0.103082 0.034793 
0.446720 0.605794 0.064006 0.557672 0.220901 0.512251 -0.133353 -0.018868 0.015006 0.626316 -0.081599 -0.455467 0.079341 0.195083 0.002014 -0.426136 0.521798 0.446720 0.593081 0.369841 -0.082458 0.078393 0.113690 0.072438 
0.209186 0.547791 0.148965 0.317023 0.037456 0.361550 -0.228273 0.107130 -0.100335 0.566230 -0.244872 -0.546165 0.175329 0.276177 0.044865 -0.071522 0.265004 0.385005 0.637613 0.244473 -0.341762 -0.207685 0.345564 -0.090733 
-0.154328 0.515946 0.032403 0.163810 0.056041 0.403507 -0.144123 -0.095880 -0.352310 0.479726 -0.120383 -0.490061 0.449929 0.445234 0.118847 0.101861 0.465266 0.322903 0.767632 0.267337 -0.180542 -0.283219 0.210127 -0.406062 
-0.280697 0.266653 -0.011470 -0.120381 0.321328 0.360968 -0.422770 0.272889 -0.113550 0.176506 0.087936 -0.406717 0.285605 0.704618 0.037152 -0.010916 0.480184 0.365154 0.655455 -0.044110 0.129636 -0.266192 0.469986 -0.091355 
0.000778 0.206904 -0.259512 -0.054069 0.564298 0.402146 -0.499385 -0.126950 0.074071 -0.185425 -0.006564 -0.266307 0.429896 0.452928 0.113037 -0.099909 0.373300 0.378004 0.469666 -0.033374 0.233837 -0.335341 0.572871 -0.172790 
-0.084016 0.248520 -0.125216 0.118284 0.416865 0.359289 -0.558404 0.026563 -0.007932 -0.258349 0.082652 -0.037990 0.131131 0.328332 -0.120423 -0.099373 0.454586 0.323696 0.564708 -0.024960 -0.009586 -0.564941 0.393764 -0.012767 
-0.179984 0.250742 -0.112379 0.167483 0.435278 0.233537 -0.590443 0.109702 0.152958 0.144924 0.394977 0.014857 -0.027796 0.280642 -0.267996 -0.243169 0.178379 0.145739 0.282120 -0.271058 0.089141 -0.247405 0.649976 -0.137645 
-0.152533 0.066320 0.208867 -0.023975 -0.169975 -0.116860 -0.326724 0.179194 -0.127707 0.420727 0.218189 0.063666 -0.312064 0.107279 -0.097909 -0.331366 -0.104811 0.248064 0.073075 -0.226681 0.278411 -0.168461 0.610687 -0.194243 
-0.397769 0.094801 0.375545 -0.219588 0.002905 -0.204550 0.015262 0.083306 -0.074640 0.425878 0.115926 0.097120 -0.262219 -0.051205 -0.164049 -0.659238 0.080307 0.403609 0.095273 -0.496460 0.359657 -0.244628 0.243449 -0.290880 
-0.142856 -0.127399 0.547492 -0.087503 -0.173899 -0.401633 0.183145 -0.097627 0.263245 0.233704 -0.015936 -0.155641 -0.610566 -0.245244 -0.208983 -0.550009 0.052014 0.969268 -0.198168 -0.278458 0.522876 -0.199482 0.420779 -0.298496 
-0.536365 -0.297010 0.701189 0.005133 0.025774 -0.549046 0.417180 -0.246277 0.067925 -0.031121 0.092545 -0.204560 -0.768164 -0.272583 -0.273888 -0.861473 -0.046166 0.856463 -0.396500 -0.159702 0.739779 -0.192630 -0.145354 -0.170992 
-1.031789 -0.324954 0.640146 0.078273 0.300061 -0.421189 0.460838 -0.349550 0.271167 0.118175 0.045180 -0.123388 -0.661720 -0.274917 -0.197386 -0.574534 0.178864 0.734360 -0.350650 0.099869 0.773968 -0.173758 -0.087522 -0.137859 
-1.478215 -0.429465 0.616833 0.082683 0.278400 -0.633586 0.353675 -0.359646 0.022179 0.091011 -0.095535 -0.028146 -0.728132 -0.077423 -0.027208 -0.504693 0.154987 0.472795 -0.405849 0.012607 0.591916 -0.029760 -0.378124 -0.283876 
-1.049374 -0.427128 0.576064 0.012354 0.189967 -0.524288 0.169916 -0.022674 -0.063776 0.593161 -0.077169 0.004619 -0.759934 0.275608 0.109671 -0.451395 0.160716 0.375380 -0.164925 -0.003892 0.321801 -0.197520 -0.381069 -0.135579 
-0.990141 -0.242196 0.469589 -0.054502 0.201380 -0.237515 0.256509 -0.082456 0.033569 0.527001 -0.097224 -0.283212 -0.758278 0.212545 0.162258 -0.371234 -0.054942 0.081940 -0.312378 -0.179924 -0.056155 -0.301705 -0.240151 -0.136862 
-0.734345 -0.257571 0.265295 -0.140889 0.082374 -0.108093 0.170679 -0.015960 -0.045971 0.440688 -0.105066 -0.296270 -0.951659 0.436689 -0.066858 -0.112662 -0.189205 0.039216 -0.124713 -0.192758 -0.529996 -0.178805 -0.450847 -0.072182 
-0.777817 -0.114757 0.451016 -0.159378 0.348002 0.281469 0.125650 -0.190545 0.238217 0.592602 -0.209022 -0.258221 -0.748452 0.267645 -0.075590 -0.129877 -0.305975 -0.086711 -0.358765 -0.213281 -0.604876 0.034441 -0.339759 -0.106001 
-0.301154 0.134140 0.328561 -0.445910 0.364250 0.568947 -0.150876 -0.062812 0.752124 0.019697 -0.109441 -0.112668 -0.420376 0.349919 0.185263 -0.024039 -0.472482 -0.265169 -0.165470 -0.227736 -0.187556 -0.054658 -0.103731 -0.121325 
0.046427 0.208615 0.582876 -0.283502 0.438909 0.770613 -0.219025 -0.157052 1.121163 -0.025103 0.105249 0.103141 -0.419100 0.184903 0.108679 0.026901 -0.523912 -0.129973 0.052262 -0.114275 -0.113863 -0.163922 -0.267747 0.127942 
0.472615 -0.036245 0.538741 0.226286 0.242995 0.987973 -0.085770 -0.040544 0.927326 -0.189649 0.280272 0.269537 -0.208540 -0.300922 0.216921 0.017677 -0.673217 0.074336 -0.038578 -0.084603 -0.077415 -0.254865 -0.343085 0.338439 
0.603782 -0.344561 0.477774 0.756886 0.527840 0.856082 -0.300230 0.257006 0.711881 -0.221215 0.030650 0.177947 -0.534919 -0.644138 -0.220762 -0.054942 -0.231683 -0.000010 -0.322090 -0.065576 -0.017011 -0.163251 -0.151897 0.229681 
0.233686 -0.707661 0.327827 0.771318 0.048141 0.560134 -0.560642 0.228144 0.329309 -0.450897 0.233606 0.007596 -0.579160 -0.844111 -0.214973 -0.062879 -0.136968 -0.133546 0.011137 -0.024342 0.065099 -0.053586 -0.102304 -0.047035 
0.263416 -0.834858 -0.035654 0.551458 -0.210018 -0.080947 -0.292470 0.293421 0.294146 -0.337968 0.480283 0.283124 -0.380234 -0.515962 -0.575850 0.217533 0.434823 -0.512663 0.245010 0.096731 0.045390 0.273565 0.478598 -0.125251 
0.192801 -0.755691 -0.108282 -0.091170 -0.089817 -0.123341 -0.164658 0.040933 -0.042654 -0.686356 0.365520 0.156931 -0.095794 -0.028366 -0.487983 0.155941 0.413368 -0.424567 0.363570 -0.142795 0.107765 0.551166 0.788966 -0.158844 
0.091828 -0.372563 -0.127390 -0.352831 0.058352 -0.319133 0.275270 0.090744 0.019791 -0.272574 -0.036985 0.064846 0.391417 0.277561 -0.535575 0.360190 0.619272 -0.432026 0.293033 0.002381 -0.262430 0.767386 0.812709 0.027863 
0.349845 0.002192 -0.384864 -0.393888 0.158188 -0.052821 0.158820 0.016324 -0.402208 0.392435 -0.155573 -0.110349 0.274456 0.145555 0.103474 0.076702 0.543281 -0.299325 0.208506 -0.009561 -0.174500 0.727811 0.756034 0.025393 
0.641872 0.291080 -0.020258 -0.073473 0.234197 0.066891 0.220400 0.146532 -0.126407 0.683564 -0.096145 0.096713 0.335145 -0.063783 0.223317 -0.092025 0.472725 0.187266 -0.220571 0.066702 -0.082881 0.186048 0.038505 0.049503 
0.580546 0.300699 0.088670 0.063157 0.156478 -0.530751 0.097109 -0.036270 0.097370 0.886484 -0.042757 0.175705 0.229420 -0.203426 0.075586 -0.157909 0.422014 0.272059 -0.503194 -0.330972 0.135315 -0.100975 -0.617071 0.344142 
0.501527 0.323833 -0.007465 -0.032986 -0.045634 -0.889496 0.023380 0.030553 -0.081291 0.560180 -0.145406 -0.250541 -0.053838 -0.216160 0.083485 0.001991 0.011463 0.467841 -0.388686 -0.488223 0.173624 -0.038705 -1.019818 0.210875 
-0.094875 -0.002122 -0.153461 -0.389728 -0.198797 -1.001986 0.049414 -0.075486 0.027134 -0.072002 0.112369 -0.443626 0.363293 0.629932 0.485169 0.133739 -0.116623 0.197138 -0.232884 -0.024385 0.198974 -0.572512 -0.828352 -0.356207 
-0.452760 0.153994 -0.221587 -0.408456 -0.163789 -0.437179 0.191712 -0.308439 -0.342840 -0.862994 0.138702 -0.356586 0.059650 0.642494 0.953525 0.192316 0.027335 0.055775 0.003526 0.352094 0.248379 -0.536786 -0.489246 -0.478838 
-0.286417 -0.233945 -0.286145 -0.123845 -0.130801 -0.184196 0.189389 -0.144672 -0.264622 -0.677817 0.531529 -0.181741 -0.170562 0.212231 0.821203 0.278202 -0.031559 -0.325242 -0.334625 0.349967 0.251809 -0.369990 0.123564 -0.375787 
-0.022983 -0.291504 -0.320425 0.504692 -0.123119 -0.149843 0.312110 -0.249720 -0.425102 -0.351605 0.208407 0.235870 -0.331525 -0.404920 0.656823 0.030327 -0.194826 -0.524087 -0.294267 0.072868 -0.043292 -0.254536 0.829202 -0.339817 
0.281598 -0.417276 0.014837 0.552294 -0.018620 0.151904 0.397303 0.224985 -0.585538 -0.337809 0.353553 0.050753 -0.217318 -0.541036 0.348524 -0.196630 -0.358857 -0.384120 -0.278718 0.135959 0.050998 -0.125147 1.001580 -0.050152 
0.373047 -0.016855 -0.207362 0.333988 0.160848 0.675413 0.532922 0.111339 -0.337360 0.052885 0.393167 -0.108870 0.095062 -0.572179 0.325867 -0.447756 0.030402 -0.233345 -0.069703 0.042449 0.106894 -0.033513 0.450705 -0.236751 
0.368297 0.309730 -0.096632 -0.043557 0.088767 0.522575 0.581544 0.222133 -0.310827 0.433423 0.205462 0.065412 0.183153 -0.112789 0.636719 0.030066 0.240108 0.228970 0.240099 0.305106 0.136187 0.379004 -0.597369 0.191624 
0.199701 0.566819 -0.187379 0.048629 0.493173 0.506699 -0.116543 0.533860 -0.381554 0.344914 0.164491 0.095942 0.401093 -0.069619 0.546582 0.177553 0.405140 0.388160 0.237301 0.087711 -0.087120 0.181045 -0.681440 0.397551 
-0.070068 0.122920 -0.183235 -0.417623 0.257660 0.231467 -0.826169 0.333807 0.297598 0.452563 -0.235333 -0.227892 0.403952 0.062046 0.181644 0.337705 -0.091902 0.082488 0.200031 -0.306122 0.336680 0.244648 -0.669340 0.460613 
-0.295333 0.180335 -0.497440 -0.787278 0.042803 -0.056982 -0.903067 -0.121437 0.631604 0.096914 -0.464028 -0.057765 0.575056 0.071276 -0.005989 0.326920 -0.212672 -0.253244 0.049251 -0.252543 0.613060 0.206223 -0.331992 0.365482 
-0.453341 0.107572 -0.395708 -0.836796 0.214239 -0.314652 -0.885021 -0.517274 0.611161 0.071503 -0.155455 0.025213 0.575805 0.181026 -0.392282 0.314895 -0.305814 -0.131675 -0.316956 -0.355440 0.795091 0.074599 0.051875 0.511245 
-0.492006 0.241820 0.165420 -0.118416 0.143263 -0.464519 -0.629175 -0.292144 0.523730 -0.142113 0.163953 -0.156113 0.077588 0.115365 -0.654331 0.252694 -0.250895 -0.206771 -0.268616 -0.395735 0.116783 -0.061668 0.157431 0.402491 
-0.145896 0.184735 0.256344 0.182824 0.007570 -0.944792 -0.518151 -0.144983 0.413362 0.017983 0.448398 -0.347296 0.356511 0.181474 -0.443553 0.391702 -0.104605 0.175963 -0.326310 -0.618179 0.038236 -0.240839 0.380071 0.349132 
-0.033298 0.158043 0.472361 0.595944 -0.343725 -0.807744 0.021496 -0.034231 0.109397 -0.076324 0.607409 -0.394878 0.422811 -0.186444 -0.609100 0.132518 0.295213 0.064715 -0.000883 -0.597937 -0.009885 -0.485761 0.348361 -0.181287 
0.330923 0.166975 0.314722 0.402348 -0.467729 -0.492255 0.299692 -0.140819 -0.002790 -0.171367 0.719572 -0.361668 0.687843 -0.511322 -0.282114 0.055957 0.331519 0.114079 0.058084 -0.462175 -0.233343 -0.611684 0.071905 -0.276619 
0.492397 0.076816 0.292912 0.212303 -0.513033 -0.348931 0.498563 -0.086876 0.224753 -0.175612 0.574692 -0.157700 0.434690 -0.775483 -0.181096 0.148429 0.276076 0.379183 0.348069 -0.223741 -0.486568 -0.675983 0.116338 -0.542142 
0.461144 0.201226 0.277837 0.001835 -0.462785 -0.033041 0.702257 -0.108573 0.073802 -0.330717 0.214202 -0.027613 0.384504 -1.085663 0.144346 0.032874 0.088520 0.353549 0.278058 -0.017057 -0.739790 -0.485065 -0.018552 -0.540174 
0.659096 0.238412 0.261629 -0.525320 -0.331357 0.250725 0.555978 0.036353 0.154974 -0.874791 0.027535 0.286002 0.334126 -0.640083 0.055105 0.094415 -0.008301 0.385082 0.490499 -0.175225 -0.975881 -0.272788 -0.115561 -0.541983 
0.458484 0.392777 0.107123 -0.725488 -0.238091 0.272149 0.624416 0.160762 0.127893 -0.725721 -0.100495 0.606556 0.200259 -0.606044 0.255805 0.219722 -0.183129 0.269985 0.541499 -0.254470 -0.526986 -0.195281 -0.337134 -0.414380 
0.165617 0.307295 0.136737 -0.969160 -0.289669 0.195018 0.494480 -0.102801 0.486316 -0.910591 0.326714 0.567305 0.006395 -0.299198 0.059410 0.140965 -0.256840 0.128069 0.365534 -0.130913 -0.235923 -0.014697 -0.410512 -0.252361 
0.152788 0.383016 -0.042392 -1.025764 -0.349969 0.470952 0.391347 0.232560 0.535491 -0.828646 0.308821 0.628846 -0.268874 -0.063317 0.218340 0.354556 -0.358591 0.034193 0.487785 0.112763 -0.253418 0.098508 -0.219834 -0.177076 
0.028563 0.199415 0.106009 -1.003938 -0.252747 0.168620 0.199242 0.168670 0.382600 -0.610864 -0.054356 0.122797 -0.056565 0.324567 0.105712 0.312128 -0.164253 0.097490 0.412379 0.039272 0.327924 0.231247 -0.223628 0.053239 
0.118005 0.203362 0.016297 -0.697017 -0.115657 0.266317 0.281652 0.122631 0.452243 -0.505308 -0.016409 0.292734 -0.414607 0.569195 -0.046473 0.192338 -0.208561 -0.047521 0.313887 0.142433 0.327228 0.380353 0.048035 0.001895 
0.047256 0.118881 0.233181 -0.494447 0.010302 0.040935 0.455465 0.288729 0.481363 -0.551623 -0.182586 -0.111862 -0.344076 0.780830 -0.105219 0.165704 -0.165634 -0.200494 0.195970 0.109781 0.463332 0.410604 -0.166501 0.037841 
-0.048862 0.116072 -0.136257 0.026658 -0.082780 -0.016199 0.470347 0.152571 0.324046 -0.293717 -0.179754 -0.092767 -0.522595 0.719369 -0.387062 0.158539 -0.037365 -0.388180 0.277379 0.415919 0.417659 0.240098 -0.071453 0.123991 
-0.252252 0.264152 -0.122165 0.187257 0.051979 0.138720 0.249023 0.248499 0.203038 -0.055091 -0.393147 -0.342833 -0.525571 0.561192 -0.538288 0.074596 -0.187823 -0.279009 -0.000064 0.411195 0.523716 0.428098 -0.057577 0.162376 
-0.155353 0.259656 -0.050681 -0.089089 -0.107239 0.102889 0.045817 0.317631 0.007828 -0.113310 -0.089310 -0.261934 -0.228792 0.656522 -0.307309 0.095891 -0.106679 -0.414668 -0.118604 0.511212 0.209021 0.260298 -0.208225 -0.050532 
-0.278807 0.118656 -0.098427 -0.007750 0.180253 -0.081876 0.192471 0.155106 0.015076 -0.087040 0.123554 0.017767 -0.467420 0.368679 -0.357042 0.133593 -0.242551 -0.251934 -0.068989 0.437712 0.316199 0.073544 -0.385910 0.177330 
-0.240132 0.194028 -0.096808 -0.244341 -0.105639 0.083653 0.102734 -0.119841 -0.073123 -0.143684 0.001581 -0.039799 -0.398377 0.203281 -0.286256 0.174459 -0.107781 -0.112244 0.060595 0.281487 0.254106 0.058208 -0.351147 0.264747 
-0.230136 0.259759 -0.089240 -0.104054 0.086806 0.109686 0.248356 -0.300799 -0.040315 -0.135158 0.117906 0.390143 -0.332016 0.050982 -0.185131 0.142623 -0.151706 -0.280336 -0.188282 0.301314 0.173923 -0.144822 -0.492930 0.137877 
-0.185744 0.163858 -0.116504 -0.379739 -0.033009 0.236738 0.031594 -0.272376 -0.111258 -0.374324 0.071607 0.363391 -0.206748 0.045917 -0.031946 -0.088623 -0.406514 -0.321217 0.071570 0.401093 0.158056 -0.158961 -0.320081 0.299547 
0.126695 0.008100 -0.185549 -0.346944 0.150130 0.234189 -0.045657 -0.291415 -0.195863 -0.231919 -0.098245 0.562257 -0.036008 -0.373030 0.087308 -0.252291 -0.382165 -0.462373 0.110784 0.341503 0.232758 -0.391274 -0.431321 0.185264 
0.170283 -0.067928 -0.282439 -0.310162 -0.082696 0.406120 -0.067262 -0.082720 -0.262286 -0.057588 0.003530 0.409141 0.056803 -0.373571 0.189215 -0.268577 -0.182493 -0.320358 0.130924 0.260405 0.306106 -0.263099 -0.360230 0.278964 
0.233916 -0.259012 -0.278979 -0.289892 -0.020443 0.247024 -0.072706 -0.124727 -0.172406 -0.088115 -0.054830 0.363455 -0.110915 -0.296324 0.077112 0.035728 -0.217487 -0.225568 -0.026347 0.174236 0.181359 -0.211742 -0.036604 0.061468 
0.296399 -0.006345 -0.334540 -0.069168 0.080623 0.140993 -0.265748 -0.186002 -0.079026 -0.031030 -0.189189 0.145837 0.046518 -0.673480 -0.045369 0.195068 -0.221261 -0.399139 0.065141 0.266144 0.309322 -0.008706 0.021368 0.237325 
0.347003 -0.201583 -0.206870 -0.118790 0.100837 -0.312402 -0.138192 -0.164208 -0.272583 -0.066854 -0.213742 0.040492 -0.142472 -0.491796 0.060798 0.180213 -0.264334 -0.120340 -0.064563 0.122778 0.186884 -0.201073 0.047116 0.181941 
0.263485 -0.350602 -0.219322 -0.015915 -0.010619 -0.154199 -0.232779 0.018602 -0.138973 0.270490 -0.301829 0.156018 0.162130 -0.418994 -0.245474 0.130444 -0.122356 -0.046138 -0.095648 0.037695 0.289804 -0.156347 0.044526 0.289201 
0.322302 -0.251206 -0.276123 -0.011545 -0.033016 -0.030308 -0.240636 0.076554 -0.003869 0.367384 -0.138031 0.022823 -0.056388 -0.341373 -0.080070 -0.273626 -0.010893 -0.272545 -0.258511 0.203211 0.233772 -0.036280 0.184527 0.241688 
0.377407 0.143573 -0.069475 0.316337 0.006748 -0.016822 -0.393990 -0.124604 -0.195395 0.524460 -0.104885 0.035390 -0.163664 -0.356304 -0.171449 -0.178175 -0.014843 -0.228989 -0.269892 0.286898 0.236225 -0.314348 0.431340 0.122292 
0.338503 0.160923 0.104890 0.250825 -0.097809 0.024414 -0.163964 0.032521 -0.231428 0.611437 -0.163757 -0.157417 -0.189032 -0.118522 0.094965 -0.082145 -0.115473 -0.392833 -0.390414 0.164825 0.238331 -0.318371 0.536806 0.153276 
0.414502 0.173313 -0.158589 0.301129 -0.030976 0.007689 -0.146433 -0.020682 0.174920 0.279786 -0.162882 -0.177213 -0.001720 0.059199 0.011365 -0.335846 0.129999 -0.361597 -0.192943 0.354864 0.278881 -0.279888 0.814737 -0.073105 
0.023638 0.070855 -0.025242 0.489434 -0.274917 0.088321 -0.137300 -0.027535 0.195372 0.351922 -0.134764 -0.222356 -0.168527 0.064572 0.190586 -0.251027 0.001744 0.038142 -0.490377 0.355997 0.310906 -0.264328 0.635124 -0.007272 
0.285208 0.089926 -0.134099 0.330774 -0.086107 0.181187 -0.091346 -0.160029 0.207695 0.263551 -0.107288 -0.015646 -0.009775 0.081609 -0.136378 -0.074560 -0.025070 0.000105 -0.421450 0.362476 0.183172 -0.372000 0.762688 0.016086 
0.128639 0.231293 -0.155734 0.203929 -0.285175 0.179922 -0.249531 -0.092704 -0.117412 0.375788 -0.199533 0.049550 -0.219182 0.152857 -0.029185 -0.211908 0.168329 -0.135770 -0.132332 0.426615 0.126071 -0.264467 0.588346 0.122762 
0.198117 0.165108 -0.140103 0.087724 -0.343251 0.189869 -0.315444 0.197892 0.166029 0.231374 -0.261451 0.262230 -0.187165 0.275511 0.161361 -0.137993 0.174721 0.014087 -0.294576 0.136101 0.060480 -0.352025 0.552407 -0.072567 
0.175132 0.226745 -0.122647 -0.070627 -0.473711 0.173135 -0.158736 -0.065761 -0.216713 0.249128 -0.169025 0.168301 -0.306737 0.032493 -0.033819 -0.070967 0.212966 0.091782 0.073681 0.139413 -0.149911 -0.432919 0.200268 -0.089633 
0.152766 -0.138744 -0.227122 0.074514 -0.610460 -0.035250 0.025851 -0.113614 -0.073126 0.133080 -0.238123 0.103872 -0.192386 0.274248 -0.042088 -0.192839 0.298432 -0.046089 -0.126433 0.063401 -0.018679 -0.367988 0.364346 -0.079550 
0.300941 -0.394412 -0.438039 0.178409 -0.448804 -0.019226 0.043568 -0.387126 -0.091789 0.359359 -0.197633 0.194746 0.047595 0.014966 0.111598 -0.254324 0.106987 0.061064 -0.234964 0.049210 -0.231504 -0.242338 0.169530 -0.106063 
0.092062 -0.197231 -0.362568 0.243086 -0.393023 0.003912 -0.304218 -0.258925 -0.317755 0.222554 -0.103145 0.500279 -0.082990 0.040220 -0.122532 -0.165653 0.238506 -0.079858 -0.056361 0.085179 -0.030822 -0.265553 0.190259 -0.086845 
0.074126 -0.061383 -0.212169 -0.070839 -0.534489 0.310450 -0.118756 -0.317007 0.019750 -0.175178 0.117386 0.333238 -0.142138 0.202938 0.080224 -0.151337 0.298242 -0.027122 -0.112095 0.132291 -0.158926 0.103091 0.126455 -0.085140 
0.102622 -0.163624 -0.083040 0.016182 -0.521447 0.040920 -0.257466 -0.350886 -0.198185 0.012850 -0.055330 -0.058098 -0.011509 0.178626 0.066463 -0.082207 0.267627 -0.143798 -0.146134 0.098528 -0.085965 0.171301 0.178122 -0.181549 
-0.136055 -0.150048 -0.103878 -0.054662 -0.189526 0.194649 -0.183151 -0.063676 -0.323639 0.015758 -0.048288 -0.040300 -0.093975 -0.010960 -0.093027 -0.271954 0.303741 -0.045989 -0.003909 0.070424 -0.197988 0.130748 0.053888 -0.300584 
0.151660 -0.298438 0.138994 0.003131 -0.021146 0.200178 0.146668 -0.333297 -0.296611 -0.203155 -0.067664 -0.312349 0.206819 0.200025 -0.041086 -0.282459 0.380990 0.085222 -0.043794 -0.025497 -0.088645 0.043150 0.210051 -0.077088 
0.009035 -0.386384 -0.018415 0.266117 -0.007166 0.091580 -0.102905 -0.114859 -0.154844 -0.189609 0.220383 -0.400627 0.123994 0.227823 0.114666 -0.133827 0.415767 0.297212 -0.028268 -0.221504 0.054514 0.064808 0.063942 -0.151469 
-0.010812 -0.325422 0.018106 -0.000467 -0.116769 0.040625 0.316230 -0.032052 0.091476 -0.089172 -0.017722 -0.318149 0.235514 0.387957 0.247244 -0.227039 0.145864 -0.070538 -0.148184 -0.168277 -0.159483 0.044087 0.159481 -0.229539 
0.066905 -0.337338 -0.022052 0.282546 -0.217140 -0.176703 0.070288 -0.083968 0.025822 0.125562 0.070912 -0.292245 -0.003651 0.192849 0.258165 -0.081178 0.021671 -0.130116 -0.145320 -0.051314 -0.267264 0.201845 0.270298 0.119421 
0.242133 -0.318708 -0.018381 0.116824 -0.050896 -0.135918 0.118550 -0.089552 0.001853 -0.013120 0.175903 -0.229384 0.279910 0.300397 -0.016423 -0.007246 0.217170 -0.263767 -0.048480 0.065393 -0.118542 0.144548 0.031286 -0.185583 
-0.155773 -0.321637 0.106660 -0.006702 -0.024414 -0.168927 0.143736 -0.257362 -0.034696 -0.004977 0.069902 -0.174086 -0.058297 0.254330 -0.023192 -0.058015 0.198043 -0.048329 0.064772 -0.035422 -0.104543 0.213564 -0.202541 -0.337482 
-0.094142 -0.263982 0.015645 0.381399 0.142499 0.054305 0.198169 -0.014099 -0.045499 0.014675 0.130378 -0.284828 -0.015693 0.149811 -0.046581 -0.139850 0.042803 0.098487 0.027725 -0.261592 -0.119456 0.332464 0.105325 -0.256236 
-0.184644 -0.247070 -0.077356 0.263071 0.166732 0.064058 0.276650 0.076325 -0.370780 0.187776 0.037150 -0.217393 -0.096042 0.241647 -0.136649 -0.078054 0.034903 0.025325 -0.068563 -0.029590 -0.133094 -0.032972 -0.372001 -0.055530 
-0.395589 -0.064182 -0.132174 -0.020121 0.177133 -0.070303 0.111594 -0.128514 -0.211466 0.068521 -0.041474 0.142486 0.030190 0.201266 0.118772 -0.089311 0.145523 0.259089 0.180016 0.211530 -0.035350 0.306016 -0.281052 -0.084725 
-0.148634 -0.076205 -0.279568 0.150450 0.297022 -0.137212 0.224499 -0.381234 -0.231729 0.019747 -0.231706 0.045075 0.084967 -0.101874 -0.059393 0.104253 0.169117 -0.074431 0.215073 -0.086941 -0.089200 0.279773 -0.167122 0.065818 
-0.212696 -0.139489 -0.059135 -0.034055 0.356561 0.153784 0.150050 -0.157866 -0.194459 0.065790 0.076747 0.136091 0.060515 0.053868 0.167020 0.107705 0.189250 0.111667 0.113820 0.028670 -0.116482 -0.008298 -0.287221 -0.178730 
-0.022004 -0.059426 0.177188 0.076347 0.320198 0.145532 -0.002130 -0.482364 -0.100508 -0.051245 -0.037759 -0.121019 0.169081 0.143673 0.138887 0.045162 0.096317 -0.017039 0.140106 -0.033137 -0.169436 0.249485 -0.165107 -0.062359 
-0.001763 -0.091709 0.162245 -0.197613 0.566354 -0.006465 0.180636 -0.229227 -0.043309 -0.076077 -0.211484 0.008760 0.115331 0.111111 -0.192966 0.021543 0.281642 -0.074554 0.149644 0.023130 -0.133600 0.220244 -0.305632 0.011588 
-0.115190 0.179060 -0.181592 -0.013293 0.203539 0.018551 0.122775 -0.125404 -0.297775 0.019342 -0.026190 -0.241581 0.065949 0.237896 -0.281618 0.103202 0.342706 -0.003586 0.096099 -0.181846 -0.031449 0.221226 -0.185337 -0.052377 
-0.257006 0.306565 -0.268769 -0.014468 0.155091 -0.380285 0.118381 -0.105535 -0.030886 0.007772 -0.128388 -0.127738 0.189411 0.222181 0.029954 0.284575 0.104392 0.080746 -0.176194 0.102829 -0.192777 0.100392 -0.109684 0.279583 
-0.059138 0.326187 -0.317645 0.027383 0.115672 -0.306046 0.197731 -0.332652 -0.169398 0.059729 -0.066388 0.024014 0.371799 0.029192 0.092945 0.156398 -0.095180 0.051184 -0.052338 -0.006745 -0.249400 0.287771 -0.167367 0.015423 
-0.122949 0.230589 -0.165128 -0.046225 0.052770 0.024060 0.180534 -0.462364 -0.034624 0.032696 -0.038929 -0.124115 0.296898 -0.123325 -0.069138 0.190142 0.251080 0.108435 -0.284091 -0.103616 -0.059391 0.231489 -0.144611 -0.093240 
-0.123190 0.404203 -0.030073 -0.096519 0.194528 0.105262 0.171040 -0.277947 -0.113605 0.213072 0.097014 0.020336 0.203659 -0.181248 -0.060483 0.114973 -0.070031 -0.113129 -0.038428 -0.262023 -0.107064 0.257898 -0.055556 0.106321 
-0.279737 0.072317 0.000785 -0.212768 0.224394 0.080046 0.068170 -0.246439 -0.273762 -0.039866 -0.144582 0.006079 0.082499 -0.121634 -0.109972 0.081018 0.081917 0.011282 -0.069808 -0.032967 -0.118989 -0.001176 -0.054599 -0.042628 
-0.210387 0.295951 -0.131228 -0.138308 0.320689 0.034831 0.081733 -0.172755 -0.019055 -0.135333 -0.169764 -0.179045 0.070731 -0.277333 -0.039776 0.140642 0.074321 0.033442 -0.007262 -0.167207 -0.127101 0.029205 -0.125981 0.061895 
-0.114430 0.278616 -0.103763 -0.100969 0.094001 0.036107 0.207366 0.101153 -0.059012 0.104855 -0.047717 0.138132 0.123877 -0.265868 0.117460 0.133198 0.029480 0.124659 -0.042088 -0.188920 -0.237600 -0.144761 -0.060676 0.236567 
-0.164037 0.288888 -0.116806 0.011076 0.279309 -0.243232 0.085817 0.167505 -0.132116 0.126821 -0.237889 0.301084 0.058096 -0.259182 -0.136217 0.075322 -0.097606 -0.037596 0.036065 0.069108 -0.290377 -0.164107 -0.065176 0.273604 
-0.174250 0.174134 -0.241776 0.072253 0.245969 -0.218575 0.052632 0.131052 0.022033 -0.002612 -0.322446 0.372285 0.178087 -0.207748 0.205834 0.301900 -0.202983 0.193779 -0.050959 0.022666 -0.291087 -0.319964 0.053492 0.053990 
0.056661 0.162919 -0.026919 -0.032099 0.162116 -0.059110 0.255762 0.094728 -0.042930 0.050214 -0.196488 0.163520 0.060643 -0.451316 -0.131859 -0.038157 -0.348487 0.027151 -0.283641 0.113440 -0.047507 -0.163096 0.112337 -0.090716 
-0.047123 -0.186575 0.128251 -0.040040 0.239538 0.050974 0.011325 -0.067897 0.108051 -0.030243 -0.191821 0.284995 0.251940 -0.314354 -0.258532 0.059795 -0.071503 0.067506 -0.373968 0.202829 0.113519 -0.060926 0.217076 -0.005574 
-0.186881 -0.064425 -0.070792 -0.104597 0.176213 0.025881 -0.001196 0.044939 0.120575 -0.010747 0.026070 0.287899 0.108412 -0.391067 -0.092993 0.214616 -0.284756 0.015872 -0.524117 0.120552 0.102798 -0.004153 0.274480 0.020152 
-0.054303 -0.402098 -0.179682 0.108448 0.200881 -0.227805 0.120513 -0.118789 -0.020066 0.059919 -0.241098 0.039628 0.012504 -0.636492 -0.066703 0.035931 -0.052455 -0.137645 -0.107198 0.152139 0.066316 -0.066898 0.042122 -0.260649 
-0.131449 -0.241100 -0.163087 0.102076 0.263051 -0.214185 -0.022482 0.024132 -0.068269 -0.108237 -0.280818 0.160586 -0.006559 -0.542205 -0.068104 0.327645 -0.130007 0.002548 -0.095247 -0.074725 -0.187471 -0.197061 -0.032460 -0.189670 
-0.057879 -0.306527 -0.094535 0.064524 0.356199 -0.083010 -0.151649 0.115132 -0.075282 -0.249031 -0.182178 0.142902 0.150397 -0.431065 -0.029093 0.138147 0.058418 0.131582 0.004868 0.005475 -0.227184 -0.048977 -0.016414 -0.340520 
-0.050574 -0.427462 -0.114037 0.162146 0.234146 -0.048324 -0.095311 0.073965 0.288217 -0.003516 -0.135255 -0.369269 0.150266 -0.126731 0.073937 0.019833 -0.032498 0.179242 -0.056102 -0.067402 -0.124944 -0.109238 0.104750 -0.357349 
0.021083 -0.184422 0.208097 -0.066127 0.309348 -0.058107 -0.249943 0.249388 -0.046758 0.000047 -0.005902 -0.417295 0.020184 -0.108598 -0.040352 -0.006290 -0.227335 -0.052700 -0.111728 -0.106985 -0.170176 -0.065801 -0.137803 -0.226160 
-0.008025 -0.059348 0.030808 0.236141 0.082346 -0.003530 -0.071891 0.065910 0.052299 -0.045221 -0.105095 -0.374152 -0.125267 -0.079475 -0.055581 0.079590 -0.088466 0.187126 -0.129638 0.195849 -0.066020 0.032862 0.071324 -0.258984 
0.130217 -0.168833 -0.116644 0.209689 0.091782 0.094011 0.033839 0.123699 0.057829 0.363789 0.154101 -0.290799 -0.431979 0.027441 0.123294 -0.000315 -0.360377 0.109410 0.170671 0.177421 -0.161175 0.040710 -0.140025 -0.068558 
-0.086026 -0.350484 -0.219114 0.140187 0.045271 -0.012797 -0.004401 0.566330 0.027279 0.237865 0.051845 -0.055218 -0.111999 0.247786 -0.043186 0.092452 -0.043499 -0.116078 0.164538 0.037750 -0.123572 0.115505 -0.181511 -0.268189 
-0.083097 -0.058790 0.047254 0.064356 -0.013499 -0.033839 -0.123926 0.278201 -0.034627 0.160336 0.201642 0.281141 -0.152751 0.175467 0.023425 -0.079691 -0.251186 -0.023112 0.327247 -0.033131 -0.055714 0.148848 -0.082124 -0.150506 
-0.034015 0.040572 -0.085350 0.310315 -0.034075 -0.165335 0.115747 0.492629 0.120897 0.342441 0.113728 0.586053 -0.128433 0.436641 0.043917 -0.088182 -0.070002 -0.206026 0.211398 -0.340214 -0.135156 0.172950 -0.255241 -0.130105 
0.116776 -0.122175 -0.074696 0.216480 0.232675 -0.263737 0.095484 0.414360 0.248617 0.487072 0.047898 0.702954 -0.263127 0.548574 -0.031000 -0.324532 -0.379363 0.173894 0.258535 -0.435396 -0.112850 0.126213 -0.196271 -0.325695 
0.209639 0.067304 -0.118669 0.408369 -0.069264 -0.026956 0.283205 0.282217 0.218802 0.477117 0.223471 0.648102 0.154407 1.010705 -0.268771 -0.203132 -0.675241 0.219363 0.126271 -0.474541 0.106036 0.327941 -0.248092 -0.207833 
0.085799 0.383162 0.173137 0.462570 -0.262134 0.128578 0.610846 0.220171 0.201246 0.641706 0.572287 0.806978 0.199726 1.229314 0.088293 -0.372679 -0.592214 0.190870 0.015800 -0.300111 0.255493 0.265608 -0.183623 -0.232165 
