0.270083 0.267493 0.143059 -0.795897 0.680547 -0.461656 -0.986578 0.013733 -0.881829 0.300922 0.267330 -0.163002 -0.458471 0.020833 0.385292 0.343420 
0.080939 -0.218356 0.117177 0.372678 -0.227892 0.247585 0.082404 0.161278 -0.986752 -0.674279 0.204422 -0.947375 0.273937 0.020127 -0.850445 -0.362434 
-0.097275 -0.492199 0.137408 0.132529 -0.216849 -0.178884 0.172026 0.069256 -0.201782 -0.296765 -0.107633 -0.417172 0.305804 -0.116646 0.195490 -1.239767 
-0.825982 0.136397 0.022455 0.135050 0.042845 -0.230572 -0.113597 -0.447754 -0.812153 -0.577269 -0.132539 -0.610492 0.152368 0.124718 0.062870 -1.325224 
0.365392 -0.001180 0.050509 -0.208827 -0.583408 0.298854 0.506091 -0.022499 -1.408615 0.056038 -0.300256 -0.039310 -1.255550 0.338912 -0.234833 -0.403204 
0.023063 -0.050683 -0.194522 0.559797 -0.356979 -1.789257 -0.699219 0.021276 -0.056720 -0.051256 -0.388929 0.191533 0.188002 -0.996084 -1.216653 -0.342155 
0.262999 0.317235 -0.115512 0.024087 -0.105630 0.013644 -0.100823 0.104037 -0.105112 0.716427 -0.150007 0.323782 -0.308110 -0.613478 -2.571911 0.138380 
0.061691 0.173997 0.104437 -0.737545 -1.957767 0.194931 0.347073 -0.014453 -0.768714 -0.758268 0.187881 0.202020 -0.446665 0.070108 -0.102241 0.092722 
0.272808 0.191574 0.187705 -1.087178 -0.643175 -0.265725 -2.185313 0.155211 0.036820 -0.703586 0.266365 0.123475 0.282823 0.207583 0.440965 0.154843 
-0.344033 -0.208727 0.246227 0.593820 0.610958 -0.202185 -0.518579 0.287738 -0.209583 0.524793 0.349490 -0.497030 -0.564149 0.071273 -0.244192 -0.798194 
-0.102430 0.128292 0.299158 -0.370035 -0.945531 0.219473 0.103323 0.265203 -0.576634 0.009544 -0.086044 0.169835 -0.542056 0.355427 -0.108730 0.018505 
0.304196 -0.001330 -0.018904 -2.113799 -1.388513 0.293744 0.082790 -0.024631 0.156617 0.074355 -0.052509 -0.091675 -0.173343 0.094371 -0.629079 -0.318423 
-0.032368 -0.211230 0.079631 0.444530 0.618733 0.141267 -0.419060 0.143795 -0.518685 0.087668 0.190224 -0.509405 -1.191825 0.135843 -0.224157 -0.866447 
-0.246173 -0.097061 -0.063575 -0.729123 0.187927 0.711729 -0.341562 -0.204866 0.213315 0.519725 -0.922478 -1.925221 -0.017898 -0.029294 -0.034405 -0.200676 
0.156459 0.126701 0.139831 -0.681639 0.237724 -4.295556 -1.888257 0.225976 0.149288 0.166063 0.055676 0.118061 0.030216 -2.114942 0.022852 0.236426 
0.334438 0.461478 0.311562 0.325866 -1.238718 0.410131 0.518305 0.232600 -0.359237 0.151871 0.339678 0.097676 -1.540897 0.406645 0.079158 -0.251588 
0.192149 0.029159 0.159034 -0.149615 0.327549 0.430582 0.425475 -0.508807 0.365906 -0.018107 -0.437192 0.274872 0.298823 -0.039841 -1.091277 0.317684 
0.109980 -0.093628 0.286710 0.498555 0.530176 0.465179 0.317856 0.017943 0.315383 -0.009515 0.153246 -0.174091 -1.278591 0.414357 0.258197 -0.733505 
-0.255425 0.144700 0.048957 -0.296215 0.267674 -0.196518 -0.390439 -0.120478 0.116882 0.489563 0.323346 0.047941 0.425415 -0.008153 -0.729738 -0.516518 
0.045117 -0.778890 -0.055556 0.330346 -0.299873 -0.129496 0.193870 -0.012397 -0.460499 -0.052731 0.206782 -0.640892 -0.396439 0.447391 0.107608 -1.405773 
-0.496653 -0.213467 -0.034441 -0.077088 0.226637 0.032935 -0.234990 -0.029215 -0.037988 -0.104636 -0.595035 0.194987 0.263580 -0.357780 0.479957 -0.057702 
0.149806 0.188120 -0.457092 0.173951 0.417953 0.139012 0.175348 -0.009624 0.616549 -0.168933 -0.244444 0.368615 -0.352235 0.133142 -0.410581 -0.334885 
-0.368510 0.211625 -0.560653 0.530049 0.654461 0.553746 0.218871 -0.661795 -0.516324 0.276864 -1.473480 -0.238874 0.492875 0.311287 -0.398786 0.592780 
0.258996 -0.239402 0.115693 -1.375208 -0.272503 0.284692 0.135184 0.124112 -0.268031 -0.127379 -0.243793 -0.713426 0.158346 0.125174 -0.160411 -1.433739 
