-0.024250 1.308257 0.858605 0.007176 0.631155 0.196716 -0.047490 0.103976 0.285336 -0.006398 -0.054912 0.034833 0.188640 -0.120801 0.062036 0.215670 -0.484298 -0.480314 0.326586 -0.102414 0.386448 0.054739 1.495535 0.186067 -0.684820 -0.081018 
-0.269174 1.015014 0.900716 0.139783 0.403558 -0.044766 -0.102909 0.159512 0.275259 -0.158592 -0.288454 0.001438 0.084232 -0.025764 0.000099 0.035220 -0.329457 -0.616351 0.498852 -0.319907 0.277598 -0.053821 1.001855 0.099705 -0.414963 0.050310 
-0.227274 0.854847 0.615897 0.226678 0.211473 0.007632 -0.020416 0.424566 0.242517 -0.191620 -0.085534 0.001968 0.128885 0.222641 -0.096262 -0.193838 -0.317355 -0.667491 0.242005 0.001822 0.246153 0.185872 0.730463 0.042252 -0.392236 0.086433 
-0.203229 0.392188 0.431501 0.042931 -0.020975 0.012051 0.130869 0.372884 0.040930 -0.232980 -0.303023 0.031711 0.194256 0.001100 -0.074797 0.142222 -0.048073 -0.375564 0.009947 -0.046463 0.174812 0.172660 0.794052 -0.187592 -0.313668 0.244753 
-0.261333 0.575540 0.382335 0.075270 -0.023312 -0.031869 0.236649 0.307993 0.071230 -0.294641 -0.100961 0.115224 0.154374 0.098324 0.215168 0.041722 0.180621 -0.235539 0.026108 0.173056 0.376698 0.143933 0.708819 0.084194 -0.143392 -0.010094 
-0.159899 0.449541 0.364371 -0.165619 0.079334 -0.158087 0.246507 0.387149 -0.199387 -0.147210 0.013845 0.208204 -0.005597 0.035888 0.177468 -0.011920 0.419529 -0.277880 -0.086609 -0.072189 0.131620 0.187123 0.617706 -0.225431 -0.090708 0.091218 
-0.407266 0.398316 0.201359 -0.016902 0.133039 -0.056647 0.308303 0.453180 -0.078353 -0.252105 -0.106121 0.194297 -0.003343 0.113639 -0.000851 0.031012 -0.009744 0.025601 -0.090148 0.205583 0.050136 -0.032132 0.426639 -0.148287 0.104889 -0.128442 
-0.384459 0.516986 0.399123 -0.078649 0.358362 -0.150131 0.209605 0.150910 0.107837 -0.153095 0.021948 0.107423 0.129211 0.042710 0.194425 0.018462 -0.072998 -0.093480 0.040153 0.056946 0.022478 -0.108982 0.488510 -0.015643 0.029673 -0.181156 
-0.309380 0.455698 0.375562 0.370691 0.105591 -0.009723 0.130811 0.024381 -0.000298 0.022908 -0.094803 0.305215 -0.079927 -0.084742 0.413118 -0.200823 0.067335 0.027015 0.107326 0.031100 -0.292725 -0.111698 0.424389 -0.120985 -0.010662 0.087313 
-0.107282 0.225397 0.358890 0.105622 0.019619 -0.337531 0.029324 0.106605 -0.025521 0.086786 -0.198707 -0.008226 0.138617 0.057543 0.347069 -0.101629 0.272967 0.115190 0.216236 0.280690 -0.263112 -0.147518 0.348047 -0.025217 0.060501 -0.210910 
-0.425943 0.548053 0.168667 0.140283 0.098934 -0.073815 -0.059211 0.093208 0.273805 0.132959 -0.267519 0.181066 0.015985 -0.134126 0.018444 0.027802 0.242911 0.108718 -0.166328 -0.065052 0.032025 -0.164023 0.163023 0.064024 0.209770 0.076767 
-0.245687 0.260290 0.183701 0.024325 0.062546 -0.116483 -0.147771 -0.068667 -0.044223 0.112692 -0.148961 0.190092 -0.054989 0.097581 -0.097721 0.203932 0.130760 0.155439 -0.015969 -0.054334 0.058333 -0.104532 0.066510 0.226043 0.222778 0.001370 
-0.341545 0.092221 0.310995 -0.134636 0.103655 -0.152949 -0.107583 -0.039747 0.047162 0.198466 -0.279460 0.171763 0.088616 0.200587 0.051970 -0.140792 0.113834 0.203379 0.031218 -0.122947 -0.033510 -0.038832 -0.195128 0.254879 0.145165 0.045534 
-0.554631 0.320039 0.222705 -0.125185 -0.255703 0.104979 0.084265 0.295773 -0.115014 0.159258 -0.334783 -0.031935 0.069761 -0.105454 0.358100 0.072156 -0.047331 0.213893 -0.248954 0.044682 -0.274708 -0.022188 -0.044350 0.153801 0.120732 -0.063462 
-0.261701 0.293421 0.301698 -0.059295 -0.054595 -0.071499 0.094525 -0.050455 0.030160 -0.063718 -0.076089 -0.057953 -0.093715 -0.165119 0.567806 -0.192604 -0.180650 0.061715 -0.159792 -0.192699 -0.229028 0.030569 -0.086419 0.203476 0.123733 -0.035838 
-0.015230 0.016830 0.301003 -0.053193 0.036548 0.073443 -0.025128 0.091274 -0.216607 0.154785 -0.026683 0.035832 0.005862 -0.032249 0.325229 0.028222 -0.089983 0.089008 -0.217693 -0.100515 -0.211672 0.227584 0.139480 0.079961 0.310017 -0.142303 
-0.011781 -0.034518 0.382181 -0.155844 0.111245 0.027788 -0.041080 0.069132 -0.154540 0.037880 0.002098 -0.330819 -0.106131 -0.000740 0.265742 -0.020475 -0.184905 -0.024930 -0.069479 -0.199106 0.010339 0.075114 -0.109475 0.226844 0.177414 0.116741 
-0.279286 -0.260648 0.263824 -0.272416 0.063143 -0.147600 -0.179339 -0.055701 -0.308291 0.073179 0.065341 -0.091466 -0.113633 0.171854 0.076499 0.177260 0.220949 0.131444 -0.302294 -0.092997 0.074503 0.359276 -0.358708 0.239989 -0.004324 0.021367 
0.076514 -0.112066 0.396730 -0.015977 -0.231144 -0.137710 -0.171239 -0.239399 0.018383 0.133776 0.088128 -0.103086 0.085560 0.023286 -0.044100 0.075467 -0.082912 -0.086502 -0.267350 -0.140495 0.090318 0.134525 -0.526247 0.111493 0.159334 0.114448 
0.237527 -0.307877 0.473973 -0.258643 0.009919 0.108668 -0.076928 -0.140499 0.151470 0.198089 -0.091077 -0.241045 0.132769 0.014163 0.151900 -0.126696 -0.124153 -0.188640 -0.398922 0.116452 -0.196569 0.193046 -0.472582 0.203666 0.072132 -0.020248 
0.036887 -0.254141 0.480451 -0.145132 -0.144728 0.076605 0.162230 0.016666 -0.073572 0.298108 0.037063 -0.267802 -0.172959 -0.197297 0.057178 0.036828 -0.130794 0.094620 -0.240700 -0.077354 -0.235257 0.370983 -0.442070 0.136575 0.005224 0.091225 
0.108403 -0.271741 0.223920 -0.216574 -0.115617 0.068412 0.008671 0.139923 0.122766 0.528275 -0.034954 -0.172841 0.059642 0.021875 0.077034 0.056311 -0.206084 0.085738 -0.495550 -0.235223 -0.042591 0.425063 -0.362226 0.122160 0.100598 0.060640 
-0.082290 -0.435977 0.236428 -0.558092 -0.166674 -0.142589 -0.044682 0.122336 -0.006775 0.530040 -0.122802 -0.217534 -0.058671 -0.005094 -0.012399 0.076815 -0.050580 -0.095428 -0.394520 -0.035200 0.002995 0.392137 -0.427978 0.053247 0.394667 0.065686 
-0.064046 -0.243130 0.323669 -0.381931 -0.271745 -0.195247 -0.028091 0.082161 -0.050150 0.438230 -0.173106 -0.237402 0.074780 0.126193 -0.094544 -0.156433 -0.248390 -0.030080 -0.360721 -0.046198 -0.029778 0.044781 -0.655810 0.041163 0.292963 -0.030781 
0.163278 -0.289168 0.385943 -0.465519 -0.252897 -0.058631 -0.082614 0.062746 0.144049 0.383925 -0.136322 -0.192232 0.115213 -0.037139 0.045153 -0.070484 -0.060051 0.146686 -0.527898 0.063251 -0.162632 0.121344 -0.781814 0.071870 -0.016250 -0.222464 
-0.015888 -0.476088 0.084890 -0.530045 -0.003915 -0.138397 0.147615 0.168721 0.196142 0.438968 -0.217626 -0.395798 -0.189671 0.112548 -0.011045 -0.248805 -0.365274 -0.061166 -0.239116 -0.201626 -0.161821 0.239559 -0.483799 -0.159608 0.025955 -0.018807 
0.378999 -0.398306 -0.096437 -0.298611 -0.397289 -0.096936 -0.280812 -0.091737 0.156946 0.522990 -0.247362 -0.413203 -0.102851 -0.097947 -0.189621 -0.061707 -0.296915 -0.158151 -0.309435 0.095010 -0.306364 0.210905 -0.692876 0.028163 0.030301 -0.222836 
0.585770 -0.313826 -0.080053 -0.356879 -0.105616 -0.218831 -0.037691 -0.135041 -0.018774 0.339077 -0.183202 -0.448199 0.000813 0.138155 -0.260514 -0.074179 -0.229998 -0.240626 -0.227993 -0.119603 -0.241823 -0.097184 -0.571691 0.013802 0.075166 -0.389458 
0.321282 -0.187215 -0.000407 -0.249296 -0.237633 -0.160561 -0.060581 -0.338012 0.059799 0.505679 0.044524 -0.248797 0.103086 -0.134207 -0.274043 -0.240497 -0.094952 -0.038019 -0.239836 -0.232876 0.007484 0.071870 -0.601715 0.266330 0.316291 -0.379465 
0.416506 -0.263081 0.216649 -0.249781 -0.232849 -0.055430 -0.129717 -0.220541 0.070768 0.288315 0.005328 -0.338963 0.078372 -0.205302 -0.337053 0.075148 -0.008602 -0.074654 -0.155297 -0.340873 -0.204252 0.239091 -0.568894 0.082342 0.240840 -0.105819 
0.228826 -0.267176 -0.025571 -0.032648 -0.293556 0.117194 -0.151731 -0.137472 0.328798 0.349186 -0.234159 -0.167536 0.320808 -0.155930 -0.128224 0.143899 0.246652 0.012213 -0.080662 -0.134435 -0.041064 0.253833 -0.520281 0.094740 0.083128 -0.059262 
-0.005305 -0.495243 -0.127901 -0.135725 -0.298903 -0.068979 0.159846 -0.216390 0.018654 0.266536 -0.309923 0.004362 0.244880 0.141720 -0.407289 -0.104393 -0.074070 0.200185 -0.071324 -0.076249 -0.183088 -0.035827 -0.590549 0.167883 0.235668 -0.142217 
0.423368 -0.283143 0.001483 0.189221 -0.091256 -0.069656 0.125371 -0.203290 0.005278 0.154258 -0.152183 -0.055981 0.149683 -0.030154 -0.226801 0.114005 -0.045757 0.007558 -0.254805 -0.182318 -0.356033 0.345136 -0.479994 -0.146234 0.098252 -0.253057 
0.232255 -0.326020 -0.320609 0.378848 -0.006061 -0.082843 -0.124569 -0.232819 -0.014953 0.294265 -0.078537 -0.097947 0.291410 -0.023773 -0.376872 -0.136224 -0.072170 0.026677 -0.309500 -0.190794 -0.296927 0.200840 -0.662767 -0.022980 0.330423 -0.112118 
0.237259 -0.309176 -0.142541 0.409853 -0.181606 -0.049896 -0.218784 -0.256109 -0.051689 0.388937 -0.080539 -0.144159 -0.090296 -0.100929 -0.312883 0.131630 0.086012 0.047241 -0.104994 -0.184222 -0.090478 -0.029993 -0.640270 -0.031606 0.212197 0.079512 
0.242861 -0.256805 -0.157426 0.217062 -0.243194 -0.115171 -0.122972 -0.145912 -0.210476 0.248958 0.021110 0.233833 -0.231275 -0.008524 -0.419687 0.138269 0.420358 0.103335 -0.191080 -0.332496 0.155006 0.101535 -0.739758 0.217891 0.035811 0.097899 
0.411506 -0.530668 -0.149864 0.292673 -0.290957 -0.107674 0.029323 -0.390778 -0.256111 0.313403 -0.033005 0.079285 -0.351506 -0.169230 -0.517592 0.280918 0.515241 -0.119567 0.196400 -0.221855 0.296359 -0.244811 -0.566563 0.116425 0.146677 0.063348 
0.319505 -0.233570 -0.311979 0.280267 -0.172270 -0.118390 -0.138842 -0.104235 -0.417119 0.264542 0.018075 -0.150740 -0.172843 -0.058266 -0.376221 0.136544 0.477739 -0.235533 0.349290 -0.358442 0.164799 -0.111940 -0.576788 0.111298 0.090951 0.111689 
0.261390 -0.330697 -0.354063 0.355863 0.234947 0.012156 -0.029296 -0.233891 -0.432889 0.129031 -0.078754 -0.039056 -0.174792 -0.074965 -0.230586 0.100988 0.557372 -0.561578 0.435227 -0.534047 0.372329 -0.036990 -0.531658 0.317574 0.262839 -0.047229 
0.080947 -0.157272 -0.196545 0.647052 -0.013578 0.127349 0.044968 -0.143814 -0.573146 0.125294 -0.338772 -0.086870 0.177849 -0.119542 -0.347773 0.143061 0.278869 -0.344122 0.412249 -0.415903 0.460025 -0.193666 -0.436775 0.233802 0.538520 0.083126 
0.090076 -0.289321 -0.504198 0.436697 -0.049395 0.039442 -0.030977 -0.179665 -0.337628 0.044438 -0.360225 -0.243305 0.208753 0.100022 -0.274674 -0.010570 0.169408 -0.476727 0.404548 -0.665969 0.395451 -0.422064 -0.301940 0.250169 0.432257 0.220214 
0.019567 0.048907 -0.332286 0.468321 -0.329815 0.128863 -0.158281 -0.162974 -0.364098 0.314794 -0.226819 -0.329053 0.077053 -0.083285 -0.209547 0.042558 0.286673 -0.466453 0.409473 -0.928395 0.357616 -0.272989 -0.254755 0.263261 0.364526 0.374109 
0.065653 -0.101756 -0.144650 0.293704 -0.161625 0.128372 -0.093305 -0.097914 -0.243648 0.175539 -0.198137 0.051962 0.005153 0.001392 0.137208 0.246951 0.067825 -0.227704 0.182705 -0.655562 0.321388 -0.337046 -0.390497 0.326556 0.221993 0.272889 
0.200321 -0.129738 -0.173219 0.351119 -0.021455 -0.063713 -0.148750 0.054381 -0.217509 0.339570 -0.253528 -0.041141 -0.132283 0.092716 0.107791 0.202979 -0.089253 -0.535181 0.347580 -0.513147 0.223604 -0.317630 -0.179567 0.235066 0.352864 0.398427 
0.140362 -0.262362 -0.197629 0.296823 0.071313 0.192282 -0.156016 0.096813 0.055293 0.403791 0.046827 0.083095 0.204001 0.081540 -0.019033 -0.034683 0.164079 -0.405073 0.343459 -0.434590 0.255261 -0.277989 -0.134554 0.083853 -0.042580 0.332329 
0.511174 -0.371953 -0.408821 0.425970 0.245942 -0.052751 -0.052059 -0.088392 -0.086691 0.265352 0.099044 0.139541 0.060165 0.106087 0.131819 -0.148438 0.117684 -0.377028 0.507218 -0.377406 0.117933 -0.241126 -0.103889 0.146333 0.134312 0.311391 
0.317304 -0.273620 -0.530291 0.149827 0.035021 0.215719 -0.159236 -0.035764 0.229136 0.006770 -0.131224 0.488965 0.034826 0.240727 0.151000 -0.048155 0.268987 -0.091771 0.422468 -0.404934 0.297542 -0.110070 -0.119424 0.048931 0.066620 0.288920 
0.220720 -0.367729 -0.504924 0.094218 0.064768 0.112133 -0.393131 -0.189997 0.057368 -0.139338 0.108847 0.448217 0.204804 0.156924 0.038608 -0.206792 0.462207 -0.283326 0.412761 -0.129113 0.330059 -0.298886 0.106991 -0.146816 -0.277113 0.528932 
-0.075763 -0.291293 -0.545669 0.182939 -0.115309 -0.113475 -0.312300 -0.132820 0.192593 -0.282927 -0.007832 0.309483 -0.042585 -0.173633 -0.059537 -0.412759 0.354775 -0.040459 0.256119 0.068787 0.305664 -0.112549 0.187315 -0.217355 -0.318974 0.431165 
-0.171393 -0.155694 -0.642970 0.103158 -0.044428 0.053124 -0.156807 -0.218427 0.089651 -0.251678 -0.148027 0.139039 0.109341 0.108899 0.158286 -0.211622 -0.085529 -0.133484 0.296835 0.154439 0.231915 -0.254876 0.093491 -0.283037 -0.321794 0.640964 
-0.300437 -0.099698 -0.544153 -0.201475 -0.182177 0.007922 -0.084876 -0.388127 0.155735 -0.487061 -0.023025 0.301766 0.041149 -0.095446 -0.122082 -0.048936 0.039739 -0.237715 0.218055 0.470635 0.063046 -0.255745 0.132657 -0.178112 -0.620501 0.470485 
0.022495 -0.158692 -0.518683 -0.139756 0.073979 -0.161112 -0.288031 -0.383028 0.049498 -0.356193 0.196494 0.488602 0.127481 0.038525 -0.022877 0.068634 -0.153855 -0.126816 0.417032 0.290533 0.092351 -0.241831 0.017477 -0.300231 -0.299506 0.621647 
0.028745 -0.154244 -0.694113 -0.283162 0.232161 0.020911 -0.140457 -0.456080 0.046224 -0.459625 0.347836 0.237094 0.191505 0.035973 0.181832 -0.088560 -0.336221 0.203123 0.351803 0.704319 0.174351 -0.148822 -0.150375 -0.104100 -0.470126 0.422121 
0.094438 0.006390 -0.510110 -0.021118 0.067628 -0.105120 -0.182237 -0.491878 0.059539 -0.503374 0.188413 0.547686 -0.084939 -0.069587 0.317375 -0.082258 -0.393850 0.252166 0.357936 0.699100 -0.119293 -0.222952 0.202163 -0.076345 -0.395706 0.364143 
0.190970 -0.150704 -0.408109 0.183983 0.260383 -0.111862 0.099069 -0.323392 0.109428 -0.502534 -0.082221 0.294550 -0.096680 -0.021199 0.185852 0.040087 -0.489371 0.010900 0.519890 0.694061 -0.129405 -0.051905 0.087443 -0.225822 -0.372911 0.410314 
0.088912 -0.017948 -0.400827 -0.121697 0.285680 -0.368566 -0.140488 -0.206828 0.359557 -0.326465 0.261782 0.372185 -0.055391 -0.097188 0.261160 -0.266961 -0.390731 -0.252279 0.139059 0.618596 -0.111346 -0.313245 0.027302 -0.263024 -0.437344 0.600839 
0.081758 -0.067945 -0.248939 -0.113298 0.355640 -0.177376 -0.183479 -0.122119 0.161412 -0.725648 0.340412 0.136813 0.108772 -0.313214 0.076492 -0.281932 -0.056136 -0.096973 0.239208 0.573699 -0.063359 -0.041454 0.263194 -0.327574 -0.167803 0.442758 
-0.045763 -0.004518 -0.331442 -0.198447 0.028340 -0.117045 0.000650 0.018356 -0.049134 -0.628626 0.339001 0.020230 -0.406161 -0.387924 0.228869 -0.204634 -0.313753 -0.003024 0.073867 0.400277 0.005266 -0.334587 0.359820 -0.008715 -0.063973 0.463471 
-0.204424 -0.031047 -0.384791 -0.281700 0.162753 0.116208 -0.298306 0.050874 -0.104514 -0.697666 0.473233 0.162449 -0.364592 -0.264749 0.220699 -0.080047 -0.287127 -0.087309 0.008412 0.390271 0.166228 -0.020093 -0.038546 -0.197120 -0.048749 0.312438 
-0.219259 0.193475 -0.464239 -0.009048 0.176506 0.316712 -0.187287 -0.078244 -0.605404 -0.516301 0.088670 0.307721 -0.318579 -0.255105 0.324638 -0.256087 -0.392141 -0.195996 0.016884 0.137072 0.141322 -0.359690 0.029817 -0.369734 -0.201650 0.296756 
-0.437428 0.147407 -0.294799 -0.061266 0.111850 0.211235 -0.049179 -0.047428 -0.630038 -0.507933 0.321903 0.210376 -0.524187 -0.175612 0.164040 -0.206618 -0.213841 -0.298959 0.109011 0.032043 -0.053291 -0.310786 0.204705 -0.113670 -0.031410 0.233567 
-0.488941 0.008791 -0.174250 -0.065483 0.106793 -0.099048 -0.061965 -0.298246 -0.587204 -0.458527 0.558003 0.217864 -0.433011 -0.093958 -0.012005 -0.224320 0.015611 -0.286582 0.109563 0.039475 -0.099164 -0.340742 0.081808 -0.263690 -0.179614 0.034827 
-0.584888 0.112222 -0.104541 -0.159365 -0.171108 -0.066083 0.164597 -0.072055 -0.462347 -0.269609 0.663727 -0.002476 -0.157442 -0.026696 -0.099502 -0.114451 0.033311 -0.348796 -0.026128 0.089267 -0.495457 -0.543977 -0.045062 -0.219325 -0.445152 -0.303411 
-0.531790 -0.000788 -0.134664 0.102498 -0.137009 -0.318286 -0.012867 0.132215 -0.253381 -0.294198 0.263997 -0.179726 -0.088200 -0.235709 0.061547 0.171988 -0.159187 -0.252127 -0.188639 0.200467 -0.271833 -0.457683 0.057475 -0.321837 -0.291802 -0.486155 
-0.348044 0.062839 -0.059930 0.008198 -0.255042 -0.304792 0.064917 0.142074 0.094650 -0.006058 0.241061 0.087039 -0.206302 -0.097325 0.304256 0.069869 -0.019489 -0.015868 -0.366435 0.015471 -0.682469 -0.543491 0.065918 -0.184529 -0.439028 -0.434485 
-0.547356 -0.082686 -0.026957 0.218606 -0.324395 -0.124999 0.026711 -0.023067 -0.148143 -0.124604 0.221378 -0.107746 -0.234622 -0.333386 0.468897 0.131922 -0.118840 -0.088978 -0.237463 -0.126981 -0.493293 -0.323131 -0.065139 -0.189380 -0.046319 -0.495119 
-0.289485 -0.013672 0.190605 -0.000923 -0.136534 -0.111776 0.350524 0.123739 -0.104334 -0.235566 0.241540 -0.358116 -0.186354 -0.221853 0.349025 0.347263 -0.119292 -0.257393 0.319179 0.098816 -0.493070 0.194166 0.021533 -0.261377 0.276751 -0.439465 
-0.013970 0.090077 0.057354 0.005435 0.109740 -0.087851 0.234856 0.093615 -0.126184 -0.266039 0.415757 -0.330181 0.037821 -0.172273 0.364728 0.359395 -0.104030 -0.004584 0.559434 0.076906 -0.529279 0.538968 0.298863 -0.082150 0.387176 -0.377271 
0.454213 -0.001792 -0.320873 0.348677 -0.171174 -0.080361 0.234226 0.070928 0.156927 -0.053097 0.526366 -0.321635 -0.017263 -0.070600 0.164424 0.168824 0.000708 0.037126 0.304735 -0.148664 -0.399020 0.891825 0.369948 -0.072581 0.487466 -0.364094 
0.686529 0.127404 -0.389688 0.013402 0.114317 0.012310 -0.225190 0.254121 0.253724 -0.156758 0.393800 -0.284903 0.097340 0.254629 0.312723 0.221644 -0.049401 0.318278 0.346840 0.003408 -0.477842 0.736202 0.402942 0.080341 0.474822 -0.367244 
0.711027 0.083866 -0.463262 -0.058418 0.225437 -0.118688 -0.181168 0.333070 0.177914 -0.004556 0.614222 -0.221946 -0.003729 0.315060 0.362286 0.193826 0.215000 0.027408 -0.118314 -0.056532 -0.243195 0.892316 0.436111 0.041064 0.617669 -0.056701 
0.771054 -0.001560 -0.388240 -0.250493 0.121713 0.259449 -0.120627 0.157046 0.267010 -0.247730 0.401808 -0.450255 0.224050 0.716410 0.289702 0.179842 0.357135 0.069434 -0.610626 -0.253203 -0.234525 0.590739 0.269778 0.397027 0.622781 -0.220756 
0.643471 0.056502 -0.226958 -0.264580 0.212522 0.368489 -0.100637 0.125910 0.222526 -0.074738 0.293471 -0.463723 0.354191 0.761894 0.068513 0.207131 0.492259 -0.174257 -0.752450 -0.060179 -0.235546 0.113955 0.356305 0.352108 0.563210 0.179880 
0.379474 -0.133799 -0.148894 -0.059080 -0.116081 0.458541 -0.107408 0.066144 0.195233 -0.087870 -0.029527 -0.452897 0.673937 0.644024 -0.209895 -0.056887 0.333994 -0.043024 -0.431834 0.103527 0.270653 0.465128 0.337721 0.053321 0.386004 -0.049713 
-0.229714 0.032324 0.125214 -0.318348 -0.178302 0.534212 -0.015564 -0.030497 0.086373 -0.040845 0.043415 -0.131901 0.807829 0.390302 -0.210477 -0.265627 0.443415 -0.275982 0.043949 0.253280 0.352433 0.584445 0.138664 0.117013 0.033120 -0.253991 
-0.470452 -0.136589 -0.028068 -0.182193 -0.249778 0.621628 -0.296928 0.024865 0.152636 0.286208 0.238647 0.129914 0.815686 0.161845 -0.041014 -0.011972 0.369456 -0.420598 -0.164153 0.199918 0.832606 0.603249 0.195756 0.072692 0.087344 0.014767 
-0.611884 0.278909 0.071517 -0.205233 -0.090594 0.388346 -0.209943 0.300832 0.417343 0.201252 0.001100 0.337513 0.557005 -0.045271 0.051227 0.106181 0.480647 -0.240941 0.108920 0.569146 0.835218 0.418278 0.215881 0.054328 0.038026 0.088633 
-0.507069 0.044067 -0.062889 0.242687 0.297537 0.251790 -0.200773 0.415078 0.245572 0.144395 0.142272 0.803302 0.386303 -0.161493 0.469785 0.105738 0.005253 0.060169 -0.246490 0.358127 0.606094 0.486081 0.207906 -0.352868 -0.378460 -0.214179 
-0.462545 0.070206 -0.064665 -0.088489 0.573171 0.139025 0.028389 0.573097 0.400829 0.138341 0.162935 0.806611 0.111274 -0.333606 0.604095 0.050453 -0.073577 0.213004 -0.357494 0.358694 0.403501 0.459336 0.024955 -0.517548 -0.445196 -0.129779 
-0.350017 0.199339 -0.116914 -0.047965 0.818119 0.439036 0.128005 0.527831 0.012805 0.274707 0.238417 0.793589 -0.366953 -0.258399 0.838346 0.270402 -0.406655 0.545600 -0.749188 0.019708 0.405311 0.468507 -0.008339 -0.608202 -0.531149 0.054454 
-0.185301 -0.127427 -0.313828 -0.217283 0.483512 0.712325 0.332234 0.053687 -0.356477 0.170246 0.222079 0.194113 -0.560707 -0.353769 0.417138 0.321329 -0.456926 0.544526 -1.078842 -0.021124 0.356349 0.507333 0.041354 -0.136212 -0.481444 0.214438 
0.152880 -0.270110 -0.087428 -0.226891 0.204837 0.530032 0.429601 0.090617 -0.517555 0.040873 0.047266 -0.159738 -0.705793 -0.437118 0.183066 0.407574 -0.561511 0.339605 -0.894613 -0.015903 0.010083 0.251702 0.009698 -0.097740 -0.149750 0.418251 
0.349623 -0.201518 0.058166 -0.069691 -0.007762 0.236622 0.433352 0.001138 -0.751478 0.462698 -0.485567 -0.645705 -0.975531 -0.609488 -0.412344 -0.029405 -0.479458 0.004204 -0.546279 0.157607 -0.293512 0.211462 -0.005872 -0.146080 0.131518 -0.022534 
0.391088 -0.134242 0.045494 0.276072 -0.136967 -0.258932 0.252294 -0.079560 -0.277653 0.471122 -0.908017 -1.034940 -0.419405 -0.693378 -0.607608 0.107238 -0.422446 0.132392 -0.338662 0.163349 -0.386054 0.339335 0.044716 -0.280865 0.350327 -0.056014 
0.021614 0.103260 0.131254 0.371703 -0.511787 -0.693689 0.277383 -0.179015 -0.146266 0.511446 -0.932399 -0.889280 -0.338324 -0.625342 -0.796801 -0.160072 -0.170564 0.022983 -0.115824 -0.095269 -0.494980 -0.034131 0.149587 -0.189960 0.453482 -0.553440 
-0.198300 0.108621 0.036084 0.186829 -0.532081 -0.814188 0.177002 -0.484338 0.180782 0.395502 -0.519936 -0.670327 -0.213332 -0.286245 -0.241225 -0.294514 -0.493087 0.016401 0.212979 0.083193 -0.307953 -0.095485 0.049926 -0.238491 0.367090 -0.512156 
-0.625811 0.013798 0.041594 0.061914 -0.282681 -0.172469 0.275306 -0.082371 -0.180985 -0.029878 -0.264899 -0.187705 -0.302777 0.090667 -0.119765 -0.101932 -0.028169 -0.046234 0.055381 -0.129029 -0.343584 -0.087048 -0.019434 -0.237976 0.067004 -0.242085 
-0.841710 0.004606 -0.012221 0.431962 -0.309839 0.267142 0.409952 0.116388 0.122933 -0.302531 -0.023401 0.157387 -0.171379 0.514660 -0.107763 -0.071498 0.396495 -0.116495 0.355189 -0.099163 -0.388630 0.368599 -0.069166 0.176572 -0.239218 0.372806 
-0.290529 0.123925 0.174717 0.553238 -0.306951 0.147649 0.300356 0.009330 0.303121 -0.482050 0.303736 0.371546 0.171650 0.534867 -0.511825 0.133409 0.651368 -0.067144 0.239866 0.107082 -0.165195 0.387643 -0.106769 0.117876 -0.105079 0.364179 
0.097378 0.077970 0.162804 -0.028344 0.193124 -0.008600 0.300632 0.059921 0.612984 -0.360060 0.779500 0.250126 0.567720 0.727788 -0.416240 -0.168592 0.414525 0.032215 0.329870 0.063383 -0.273847 0.026267 -0.102254 0.119571 0.015030 -0.153738 
0.483577 0.042352 0.271086 -0.511153 0.225901 -0.061369 -0.116305 0.021965 0.632085 -0.350011 0.408217 0.280876 0.423990 0.755063 -0.291937 -0.297071 0.381685 -0.184361 0.545129 0.355290 -0.254614 -0.321721 -0.155315 0.119070 0.103647 -0.141886 
0.359253 -0.045433 0.245822 -0.591346 0.272395 0.051558 -0.367967 0.081174 0.220328 -0.383387 0.089995 0.114563 0.152157 0.737662 -0.366839 -0.720309 0.397487 0.036305 0.394454 0.347659 0.153092 -0.260539 -0.023293 0.243795 0.069015 0.035756 
0.491056 0.247203 0.174755 -0.313957 0.532895 0.600875 -0.284125 0.034466 -0.397036 -0.268786 -0.620132 0.198180 -0.410172 0.620723 0.011679 -0.622113 0.411671 -0.148516 -0.094723 0.239330 0.210185 -0.412502 -0.181681 0.457970 -0.316173 0.083280 
0.471926 0.070235 -0.059520 -0.126744 0.523578 0.762856 -0.158621 -0.069315 -0.896356 -0.083440 -0.489228 -0.039490 -0.267503 0.181964 0.260349 -0.813066 0.356621 -0.182551 -0.050174 0.087586 0.277406 -0.258545 -0.004502 0.453559 -0.121946 0.214639 
0.200872 0.100938 0.145995 -0.195528 0.355392 0.230180 0.063816 -0.574247 -0.526923 0.087524 -0.011625 -0.062521 -0.380008 -0.180244 0.348335 -0.836349 -0.086558 -0.092326 -0.021400 0.349800 0.114599 -0.134344 0.001238 -0.065840 -0.393436 -0.155606 
0.247786 0.184335 0.111891 -0.199813 0.157563 -0.152192 -0.147424 -0.829943 0.191586 0.034511 0.429504 -0.527137 -0.330367 -0.168724 0.465352 -0.829489 -0.358101 -0.119766 0.059964 0.245417 -0.224632 0.011806 0.001491 -0.490858 -0.060217 -0.395257 
-0.057208 -0.082414 0.256889 0.191536 0.227177 -0.684606 0.043429 -0.678403 0.066774 0.337417 0.647014 -0.293454 0.223515 -0.200252 0.615931 -0.236204 -0.503303 -0.138228 -0.180716 -0.033524 -0.456671 0.125919 -0.144896 -0.665541 -0.022499 -0.291772 
-0.609757 -0.347598 0.174451 0.353834 -0.146212 -0.575573 0.194125 -0.187957 0.257203 0.554376 0.340805 -0.029112 0.274920 0.151264 0.686157 0.138428 -0.573939 -0.202345 -0.100211 -0.497420 -0.283017 -0.140401 0.075054 -0.690684 -0.146837 0.238502 
-0.801761 -0.650086 0.044726 0.287997 -0.180080 -0.733594 0.073785 -0.036337 0.737317 0.424336 -0.033263 0.363589 0.400016 0.721843 0.331593 0.620840 -0.562611 -0.435490 0.190629 -0.179216 -0.186174 -0.518112 0.006873 -0.682847 -0.313406 0.606736 
-0.819863 -0.248838 0.036967 0.096758 0.051856 -0.589972 0.051775 0.322296 0.561116 0.594947 -0.221091 0.091323 0.422536 0.763923 0.423812 0.699665 -0.116592 -0.267292 0.215328 0.024267 -0.161916 -0.516575 0.179818 -0.359732 -0.212447 0.410724 
-0.486569 -0.161603 0.177834 0.458409 0.282373 -0.220325 0.420734 0.974949 0.048930 0.424455 -0.165144 0.009302 0.319518 0.225296 -0.006188 0.549764 0.149908 -0.441141 0.158812 -0.391446 -0.046723 -0.192679 0.132875 0.271610 0.229271 0.661575 
-0.140334 -0.033580 0.034680 0.641700 0.262323 -0.110290 0.595537 1.120490 -0.304870 0.144378 -0.210413 -0.055755 0.177800 -0.054539 -0.474262 0.322961 0.480623 -0.400176 0.082043 -0.365648 -0.043231 0.054806 -0.138834 0.211267 0.166748 0.363315 
0.122074 0.116222 0.107580 0.606512 0.414971 -0.212005 0.657792 0.858076 -0.434854 -0.143887 -0.025317 -0.118921 -0.221262 -0.205765 -0.646560 -0.004631 0.763201 -0.046632 0.198783 -0.072601 0.203661 0.415574 -0.246450 0.300841 0.192911 0.276206 
0.143378 0.366941 0.086747 0.533995 0.516127 -0.232016 0.393599 0.551718 -0.441380 -0.480438 0.140156 -0.258724 -0.755519 -0.354866 -0.630524 -0.120040 0.776102 0.233238 0.268328 -0.084343 0.317113 0.503759 -0.359610 0.050875 -0.137908 -0.314581 
0.233936 0.675816 0.181719 0.419693 0.300975 -0.258803 0.412101 0.281089 -0.363131 -0.665329 0.089127 0.034528 -1.256553 -0.261965 -0.577480 0.132406 0.680260 0.125592 0.073671 -0.197551 0.449450 0.459992 -0.290694 -0.021754 -0.190951 -0.461166 
0.309191 0.624682 0.286013 0.478572 0.128507 -0.264374 0.071077 0.020285 0.095233 -0.876436 0.244292 -0.048321 -1.307929 -0.240927 -0.390156 -0.018306 0.475887 0.435194 -0.153271 -0.175241 0.771181 0.231769 -0.199289 -0.089853 -0.364478 -0.774172 
0.396848 0.355199 0.316981 0.451609 -0.287645 -0.435739 -0.118188 0.220415 0.327490 -0.820642 0.303467 0.318837 -1.030178 -0.247648 -0.068959 -0.006794 0.455847 0.483003 -0.128237 -0.081594 0.784910 0.003121 -0.275694 -0.241386 -0.608923 -0.444926 
0.409084 0.022397 -0.040982 0.331345 -0.199747 -0.329541 -0.333839 0.206163 0.821320 -0.494081 -0.186429 0.308564 -0.603998 -0.338485 0.121843 -0.052145 0.101129 0.219669 -0.271309 -0.092733 0.599218 -0.048832 -0.012612 -0.407465 -0.554966 -0.353385 
0.376558 0.009283 0.178351 0.455282 -0.069620 -0.535528 -0.386928 0.057247 1.221273 -0.299740 -0.298810 0.269061 -0.231875 -0.337934 0.125885 -0.093912 -0.125363 0.122411 -0.025708 0.060564 0.406627 -0.152203 -0.229870 -0.614248 -0.292003 -0.307634 
0.267971 -0.658497 -0.098858 0.075553 -0.014336 -0.400499 -0.282130 0.380246 1.258268 -0.165171 -0.321617 0.271374 0.086813 -0.128075 0.131982 -0.103236 -0.229661 0.286752 -0.091214 0.240711 0.096612 -0.194993 -0.196964 -0.335155 -0.222255 -0.302755 
0.300099 -0.623213 0.028204 0.059713 -0.044951 -0.251463 -0.117037 0.222719 1.095351 0.093515 -0.315001 0.167176 0.049214 -0.168197 0.214170 -0.049360 -0.225972 0.310791 -0.279938 0.317919 -0.193743 -0.634471 -0.087235 -0.290997 -0.154484 -0.279675 
0.578647 -0.292921 -0.120159 -0.270213 0.125059 -0.299437 -0.154734 0.423653 0.646182 0.149766 -0.299460 0.142215 0.157133 -0.289815 0.250696 -0.127569 -0.362732 0.189757 -0.513898 -0.005903 -0.573214 -0.435702 -0.275324 -0.483448 0.139359 -0.301407 
0.536621 -0.498145 -0.393910 -0.378020 0.027720 0.061952 -0.063998 0.244428 0.780622 0.272937 -0.313146 0.078642 0.186771 -0.355732 0.036050 -0.171238 -0.244717 0.199962 -0.490701 -0.157791 -0.598390 -0.201390 -0.093798 -0.212228 0.204904 -0.198385 
0.297736 -0.431299 -0.273612 -0.357641 -0.099439 0.291799 -0.017703 0.266133 0.304691 0.398583 -0.287658 -0.076583 0.250336 -0.061644 0.228228 0.065182 -0.068518 -0.022627 -0.159196 -0.399877 -0.414173 -0.413770 -0.208491 -0.256773 0.493753 0.045607 
0.208217 -0.305479 -0.170988 -0.509307 -0.046904 0.335955 0.117435 0.093895 0.208654 0.334465 -0.238515 -0.221595 0.251009 -0.078275 -0.148850 0.038361 0.009622 -0.041842 -0.159679 -0.051805 -0.662211 -0.262914 -0.260274 -0.209227 0.508739 0.186892 
0.223968 -0.425474 -0.152455 -0.494160 0.077150 0.311915 0.167275 0.182526 0.092362 0.202868 -0.060623 0.147078 0.325526 0.150933 -0.011269 0.212979 0.102887 -0.116702 -0.188824 -0.259748 -0.336358 -0.322568 -0.297273 -0.057305 0.714594 -0.070079 
0.481598 -0.178681 -0.159539 -0.443799 -0.079687 0.210621 -0.050622 0.038913 0.301847 0.098860 0.021478 -0.192643 0.277494 0.137854 0.106557 0.248123 0.045456 -0.107110 -0.358253 -0.111584 -0.424308 -0.204373 -0.102722 -0.008577 0.906131 -0.235068 
0.386008 -0.052826 0.175371 -0.466631 0.155111 -0.009550 0.110510 0.010224 0.276756 0.103985 -0.141650 0.094448 0.233801 0.237906 0.171675 0.261945 0.070556 -0.066109 0.019768 -0.096214 -0.230519 -0.217780 -0.338522 -0.079982 0.574279 -0.278269 
0.209614 0.044326 0.134374 -0.539790 -0.026077 -0.115837 0.230666 -0.153216 0.212733 -0.046675 -0.328090 0.022978 0.116189 -0.152788 0.276764 0.383549 0.122508 0.051153 -0.182837 0.174680 -0.096552 0.056481 0.063443 -0.265138 0.060794 -0.418798 
0.365701 -0.051022 0.232291 -0.260780 0.164191 0.139173 0.036681 -0.090870 0.218885 0.057145 -0.092613 0.095609 0.123369 0.048201 0.167604 0.062527 -0.083061 0.124868 0.246820 0.163303 0.284690 -0.032937 0.060631 0.015227 -0.073542 -0.294306 
0.313831 0.094345 0.396869 -0.289371 0.278917 -0.019842 0.044557 -0.288806 0.076244 -0.207289 -0.525710 0.243877 -0.091414 0.031379 0.166583 0.115906 -0.291601 0.089037 0.019343 0.210591 0.475945 0.004245 0.174577 0.070203 -0.177214 -0.414868 
0.063752 0.100206 0.334768 -0.308220 0.090151 -0.090934 0.070763 -0.097427 0.133151 -0.063827 -0.398447 0.284295 0.107570 0.032143 0.255807 0.099381 -0.149263 0.092826 0.193898 0.020565 0.142899 0.018792 0.194985 0.197818 -0.185239 -0.151911 
0.029040 0.063671 0.385887 -0.154910 0.289925 -0.014774 0.063157 -0.184943 -0.147455 -0.241683 -0.476850 0.434075 0.126534 0.109575 0.255037 0.075215 -0.192765 0.235506 -0.053739 0.138624 0.218632 -0.047130 0.026196 0.371013 -0.329761 -0.278722 
0.027228 0.201233 0.192533 -0.061908 0.189351 0.107712 -0.177749 -0.181112 0.012388 -0.037615 -0.508780 0.151629 0.217753 -0.065714 -0.186925 0.115149 -0.024164 -0.046485 0.073694 0.158092 0.178474 -0.138472 0.270740 0.303542 -0.489952 -0.163690 
-0.045804 0.284167 0.211036 -0.043630 0.020680 0.138570 -0.153114 -0.142541 -0.154953 -0.069635 -0.540503 0.016622 0.238184 0.165968 -0.029926 0.163274 -0.035558 -0.069145 -0.000845 0.156136 0.261163 -0.174505 0.070008 0.562004 -0.446450 0.151454 
0.137651 0.252901 -0.065657 0.031494 -0.061120 0.314882 -0.070681 -0.265269 -0.001240 -0.208611 -0.032888 0.077190 0.488078 -0.146977 -0.314543 0.158729 0.072265 0.033921 0.247452 0.200253 0.205788 -0.331742 0.260385 0.613194 -0.432656 0.411087 
0.107186 0.367456 -0.080083 -0.176679 0.097724 0.542383 -0.197978 -0.037096 0.044287 -0.010761 -0.244216 0.165782 0.465672 -0.024224 -0.298597 0.160310 0.384164 0.122308 0.081569 -0.074907 0.189608 -0.204432 0.277220 0.375105 -0.695105 0.376481 
-0.056595 0.156192 -0.104441 -0.001619 0.027797 0.660863 -0.165221 -0.200891 -0.307919 -0.084252 0.075408 0.248101 0.380730 -0.145387 -0.060247 -0.005833 0.220082 -0.151744 0.142051 -0.164586 0.026933 -0.083711 0.114633 0.460691 -0.686658 0.619888 
0.029516 0.264158 -0.232744 -0.267223 0.063597 0.767412 -0.150470 0.209457 -0.244178 0.125168 0.019500 0.220494 0.610354 -0.169939 0.124722 -0.082428 0.065713 -0.061219 0.193629 -0.111736 -0.056768 -0.171280 0.147310 0.287538 -0.564387 0.418020 
0.135464 0.176798 -0.384443 -0.221480 -0.131428 0.728954 -0.201252 0.208267 -0.303496 -0.083840 0.144311 0.281699 0.497049 0.166893 0.111856 -0.113379 0.143664 0.096426 0.168064 -0.307999 -0.246166 -0.188495 0.066909 0.227594 -0.659956 0.344471 
-0.058781 0.213213 -0.287561 -0.565904 0.097210 0.580000 -0.204964 0.268625 -0.270042 -0.125098 0.082540 0.184395 0.332510 0.138097 0.168868 0.121661 0.038105 0.021990 0.322217 -0.109918 -0.257820 -0.062085 0.195488 0.295122 -0.482002 0.454068 
-0.118878 0.038736 -0.189314 -0.533400 0.045908 0.716150 -0.420641 0.106816 -0.169177 -0.156627 0.050753 -0.012033 -0.008398 0.082381 0.083887 0.214256 0.201607 0.279509 0.349134 -0.372617 -0.403828 -0.243053 0.031665 0.381959 -0.353975 0.357698 
-0.257603 0.067034 -0.151806 -0.310793 0.120954 0.534285 -0.191474 0.047145 -0.180021 -0.217119 0.072083 0.003486 0.007133 0.102119 -0.022687 -0.030156 -0.243245 0.136356 0.168898 -0.214491 -0.286940 -0.246516 0.140223 0.206464 -0.369278 0.020250 
-0.127471 0.032050 -0.199812 -0.100598 -0.059544 0.406228 -0.455191 -0.018609 -0.104130 -0.268328 -0.190600 -0.168236 0.102685 0.000287 0.000937 -0.022672 -0.224742 0.309737 0.457717 -0.331998 -0.195772 -0.380655 0.210825 0.005686 -0.404464 0.152810 
-0.183083 0.045115 -0.181671 -0.111605 -0.164823 0.173725 -0.099743 0.050345 -0.246018 -0.050847 0.113182 -0.083952 0.063170 0.131087 -0.247812 -0.179376 0.040883 0.203148 0.105597 -0.028280 -0.033494 -0.092816 0.352098 0.079178 -0.007855 0.079598 
0.025338 -0.014047 -0.328182 -0.017076 -0.273558 0.172725 -0.199264 -0.038603 -0.042233 -0.009199 0.050242 -0.227836 0.071503 0.182510 0.028716 -0.005304 -0.067058 0.036575 0.133871 -0.269713 0.028521 -0.239240 0.256091 0.183403 -0.071739 0.026589 
0.043786 0.102591 -0.186692 -0.188441 -0.289949 -0.060949 -0.222190 -0.066305 -0.294885 -0.329180 0.102749 0.056562 0.007360 0.104570 -0.263922 0.139590 -0.349882 0.388568 0.172326 -0.296060 -0.152951 -0.081478 0.302429 0.280764 -0.016258 -0.018207 
-0.083277 0.008320 -0.149345 -0.271471 -0.013185 -0.083665 0.051335 0.012545 -0.111932 -0.032999 0.149219 -0.108758 0.085896 -0.034184 -0.212491 -0.086210 -0.261751 0.022576 0.206073 -0.200317 0.035849 0.015847 0.314469 0.103088 0.018042 0.017016 
-0.129196 -0.008301 -0.331929 -0.252682 -0.151921 0.078899 -0.025937 0.085973 -0.134581 0.072007 -0.010974 0.106836 -0.151088 0.061530 0.100772 0.063664 -0.365793 -0.167234 0.323811 -0.353356 -0.075648 0.002498 0.469549 -0.024997 0.010615 -0.140284 
-0.029499 -0.065119 -0.297105 -0.338000 -0.068810 -0.061048 -0.194079 -0.014352 -0.069150 -0.139080 -0.012208 0.015013 -0.258827 0.092242 0.108766 0.130602 -0.286799 -0.186151 0.336501 -0.227132 0.000409 0.042999 0.430101 0.070309 0.236563 0.056028 
-0.223477 -0.157086 -0.134637 -0.152985 0.086133 -0.177419 -0.071913 -0.110284 -0.117024 0.110094 -0.040511 -0.108393 -0.519378 -0.003277 -0.170638 0.098039 -0.413350 0.228992 0.133688 -0.154592 -0.147734 0.317389 0.253971 0.273557 0.070036 0.050390 
-0.253558 -0.046838 0.009197 -0.091852 -0.245149 -0.132196 -0.271740 -0.125377 -0.112183 -0.231111 -0.068332 -0.093604 -0.399776 0.083223 0.081846 0.114390 -0.357154 -0.005740 0.075074 -0.026769 -0.041661 0.047362 0.152303 0.184226 -0.003888 -0.104557 
-0.049279 0.082382 -0.179179 -0.064589 -0.081958 -0.268623 -0.089604 -0.069203 -0.156337 -0.137951 0.135263 0.111412 -0.549204 0.004748 -0.107116 -0.176007 -0.204351 0.149625 0.090152 -0.370696 0.021591 0.099619 0.102778 0.059122 -0.139262 0.136490 
-0.180742 -0.111737 -0.182184 -0.203662 0.076367 0.009155 -0.072887 -0.052638 -0.128707 -0.057856 -0.282118 -0.019726 -0.230083 0.083443 -0.007975 0.018943 -0.257377 0.020405 0.096511 -0.383869 0.001783 -0.023003 0.058264 -0.068633 0.051197 0.003383 
-0.154416 0.044279 -0.089550 -0.135596 -0.079111 -0.108040 -0.262516 0.040975 -0.276177 -0.089528 -0.224320 -0.117981 -0.302203 0.115530 -0.233284 -0.050068 -0.129846 -0.198931 0.259207 -0.175422 -0.082980 -0.087788 0.022954 -0.207777 0.117101 0.010091 
-0.077820 0.117743 -0.035032 -0.152296 -0.029605 -0.082717 0.059659 0.129008 -0.170362 0.042666 -0.355538 -0.288107 -0.452987 0.029019 0.136713 -0.129320 -0.015448 0.041468 -0.032790 -0.067421 -0.069614 0.028927 0.124522 -0.044183 0.121288 0.074816 
-0.116372 0.260301 0.031681 -0.048963 -0.064973 0.032984 0.048703 -0.018862 -0.039216 -0.249097 -0.183087 -0.104182 -0.241752 -0.078329 -0.082602 -0.053782 -0.144256 -0.021663 0.192000 0.003471 -0.166395 0.226829 0.245752 0.190359 0.106772 0.072600 
-0.089618 0.095440 0.037995 0.164064 -0.054632 -0.105234 -0.048998 -0.190157 -0.172502 -0.132985 0.005962 -0.211730 -0.300209 -0.059218 0.008152 -0.052091 -0.114890 0.091108 -0.062148 0.119723 -0.273866 0.195803 0.139715 -0.084241 0.052721 -0.074365 
-0.052245 0.185518 0.032480 0.018063 -0.261620 -0.167770 0.048519 -0.018359 -0.118965 -0.117600 -0.014761 -0.309815 -0.242955 -0.108786 0.017920 -0.136053 0.112498 -0.069066 0.119557 0.112046 0.009839 0.151671 0.174028 -0.006048 0.250643 -0.133971 
0.172772 0.167990 0.136670 -0.067114 -0.042218 -0.229607 -0.167812 -0.232201 -0.091019 -0.026263 0.081403 -0.357859 -0.181680 0.064950 0.110263 -0.019291 0.212666 0.048056 -0.135459 0.239052 0.045364 0.254548 -0.038064 0.068870 0.085923 -0.333801 
-0.065947 0.171942 0.146022 0.064594 -0.102438 -0.209016 -0.145282 -0.033626 0.068224 -0.169168 0.026536 -0.376485 -0.198590 -0.004414 -0.045289 -0.023192 -0.150417 0.089043 -0.001771 0.279722 -0.127068 0.078918 0.000941 -0.199825 0.189684 -0.158869 
0.168364 0.288077 0.136581 0.000804 -0.107380 -0.207197 -0.185262 -0.153086 -0.004159 -0.098960 -0.206725 -0.223175 -0.055017 0.120604 0.219698 0.134418 -0.005793 -0.284484 -0.025469 0.520800 -0.017113 0.153275 0.312472 -0.063390 0.100963 -0.177384 
0.039797 0.557850 0.011206 0.208171 -0.292734 -0.222045 0.050860 -0.045329 0.060079 -0.028572 -0.197387 -0.394468 -0.176166 -0.156873 0.061609 0.056885 0.177356 -0.152422 -0.247870 0.551612 -0.013557 0.013639 -0.060409 -0.149128 0.134305 -0.150318 
0.012036 0.236214 0.125955 0.224768 -0.231783 -0.130578 0.216877 0.069256 -0.026512 -0.100395 -0.082483 -0.418018 0.036568 -0.074211 0.120997 0.042652 0.209212 -0.040564 -0.207327 0.434798 -0.034047 0.089902 0.215026 0.016962 0.009132 -0.227675 
-0.127589 0.370152 0.240903 0.313076 -0.205425 -0.053126 0.055512 -0.129339 -0.090038 -0.043083 0.049339 -0.457098 0.015879 -0.029304 0.048894 0.094667 0.107136 -0.118810 -0.069414 0.184644 0.045657 0.009861 -0.197262 -0.258378 0.071454 -0.258795 
-0.221777 0.122582 0.292927 0.319493 -0.388591 -0.060993 0.125691 -0.188989 -0.181832 -0.110259 0.168141 -0.246634 -0.033735 0.290689 -0.232220 0.054755 0.137382 -0.160655 -0.089593 0.102984 0.146761 0.118740 -0.023439 -0.211876 0.266928 -0.376944 
-0.204596 0.070486 0.128914 0.110232 0.004744 -0.262068 0.135352 -0.246614 -0.155924 -0.179841 0.212351 -0.235636 -0.083432 0.069082 -0.342988 0.150881 0.148909 -0.127362 -0.114488 0.178324 -0.035819 -0.037776 0.022724 -0.228413 0.152497 0.006774 
-0.013096 0.310039 -0.023821 -0.119721 -0.199987 -0.109077 -0.001816 -0.076199 -0.081591 -0.058755 0.153788 -0.239375 -0.315200 0.057542 0.076538 -0.034336 0.102397 -0.074885 -0.212543 0.487120 0.059953 0.054410 -0.108521 -0.048968 0.176827 -0.216587 
-0.103478 0.327574 0.143523 -0.004288 -0.041585 0.077966 0.318061 0.006537 0.181966 0.170763 0.081556 -0.248200 -0.165520 -0.088279 0.077785 -0.001890 -0.039197 -0.275959 0.012978 0.384470 0.081432 -0.112122 -0.037248 -0.073613 -0.083051 -0.245341 
-0.246764 0.218352 0.101157 0.159557 -0.396713 -0.001852 0.333599 -0.272627 0.059980 0.148731 0.421836 -0.165054 -0.325577 0.023568 0.220121 0.158750 -0.052783 0.010047 -0.060014 0.381543 0.162577 0.123897 -0.094709 -0.184920 0.007528 -0.047596 
-0.270486 0.219598 0.190844 0.224898 -0.299249 0.129181 0.014070 0.043252 0.086391 0.137506 0.374038 -0.008472 -0.213909 0.201587 0.006597 0.098500 0.107644 -0.111012 -0.276485 0.301785 -0.100913 -0.076551 0.066001 -0.019040 0.087378 0.163494 
-0.373402 0.000528 0.201593 0.152244 -0.232910 0.102888 0.267144 -0.117839 0.025244 0.229504 0.188133 -0.104642 -0.233397 -0.108584 -0.053489 -0.008907 0.137045 -0.048022 -0.154664 0.134817 0.188985 -0.158134 -0.102501 -0.011555 -0.057513 0.104608 
-0.198397 0.241762 0.352432 0.236987 -0.414929 0.002609 0.154611 -0.352037 0.007680 0.054494 0.358503 -0.250135 -0.041757 0.062634 0.013178 0.043640 0.276163 0.031828 -0.009435 0.054032 0.175930 -0.062534 -0.016125 0.050305 -0.008923 0.066414 
0.011018 0.360106 0.355700 0.036201 -0.184477 0.041103 0.229433 -0.296646 0.001219 0.153537 0.224828 -0.204937 0.114957 0.102409 0.015061 -0.147050 0.185036 -0.025983 -0.108103 0.106519 0.351148 -0.121209 -0.147327 -0.120912 -0.014487 -0.106092 
0.026157 0.290299 0.389480 -0.009812 -0.119335 0.108501 0.261366 0.031578 0.137230 0.157417 0.446210 -0.285644 0.071272 -0.186769 -0.043858 0.241266 0.522914 0.067463 -0.077544 0.164162 0.046416 -0.113252 -0.212662 0.182470 -0.054382 -0.003285 
-0.049430 0.255498 0.228947 0.125017 0.021478 -0.056629 0.264357 0.132892 0.122021 0.269581 0.095194 -0.010405 0.049768 -0.009985 0.163128 -0.126574 0.271132 0.230770 -0.057270 0.101447 0.042439 -0.056262 -0.243223 0.069253 0.028684 -0.165791 
-0.054058 0.269424 0.193407 -0.073130 -0.189862 0.058414 0.115343 0.061266 -0.032962 0.273139 0.250279 0.013181 0.208220 0.251665 0.052242 -0.053110 0.518864 0.159867 -0.189939 0.343004 -0.113935 0.008258 -0.018700 0.366278 -0.182975 -0.017040 
0.041181 0.289248 0.369761 0.166602 0.027715 0.037252 0.098255 0.012537 -0.015279 0.193909 -0.023311 -0.183499 0.272752 0.092841 0.008258 0.111573 0.462670 0.127613 -0.112337 0.252370 0.043039 0.139101 -0.232722 0.147538 -0.024153 -0.033521 
0.107187 0.104759 -0.027057 0.125941 -0.246141 0.013165 0.392293 -0.144407 0.069998 0.237482 0.261673 -0.226792 -0.094697 -0.018402 -0.197127 0.064507 0.277992 0.214942 0.098921 0.361336 0.135119 -0.080198 -0.032266 0.124609 -0.146453 0.149399 
0.153285 -0.071379 0.064578 0.053729 -0.340388 -0.005733 0.070073 0.025728 -0.022408 0.090319 0.027334 -0.153926 -0.121882 0.017909 0.066696 -0.111452 0.114974 0.150318 -0.021397 0.393661 -0.217789 -0.248158 -0.229387 0.271414 -0.150509 -0.064696 
-0.196302 -0.256532 0.078355 0.107439 -0.273512 0.092776 -0.043232 0.197914 0.090430 0.162212 -0.050809 0.168310 0.024281 0.054453 0.210035 -0.123279 -0.121591 0.207389 -0.242977 0.478836 0.102934 -0.131560 0.000360 0.083921 -0.057184 0.149478 
-0.150046 -0.308174 0.165273 0.114263 0.137507 -0.311814 -0.035884 0.089581 -0.028504 0.134109 0.179580 0.327013 -0.192386 0.008552 0.167570 0.155794 -0.036050 0.048934 -0.075070 0.142401 0.122057 0.137468 -0.196509 0.061956 0.093598 0.074056 
-0.148549 -0.628536 -0.070898 -0.072726 0.181162 -0.027059 -0.092648 0.159320 -0.182452 -0.018462 0.060628 0.288073 -0.070255 -0.035771 -0.247816 -0.007310 -0.037099 0.207537 -0.321952 0.220049 -0.006551 0.026983 -0.201416 0.063372 0.295024 -0.048855 
-0.052877 -0.482507 -0.096877 0.130810 0.102003 0.162069 -0.288925 0.063827 0.022124 -0.022517 0.163843 0.259869 0.128501 -0.116461 -0.226998 0.043673 0.127658 0.192565 -0.199273 0.181580 0.108136 0.058399 0.202652 -0.077786 0.117481 0.379593 
-0.002373 -0.458398 0.158171 -0.086135 0.143740 -0.134399 -0.182196 -0.166557 -0.310746 0.162683 0.167185 0.342062 0.157717 0.111365 -0.089203 0.035363 -0.093172 0.109447 -0.058051 0.150963 0.009616 0.038323 0.285406 0.000572 0.458009 0.207163 
-0.076535 -0.258119 0.103604 0.168343 -0.053254 -0.158315 -0.021026 -0.224530 -0.171134 0.093598 0.004939 0.310180 0.135907 0.004365 -0.090498 -0.113457 -0.258862 0.199778 -0.044116 0.014931 -0.193937 0.193177 0.163839 -0.123051 0.206454 0.050187 
0.241473 -0.252374 -0.031686 0.295096 0.092761 -0.066375 -0.006068 -0.161061 -0.267617 0.216467 -0.018993 0.553167 0.362118 0.021138 -0.198962 -0.018200 -0.118156 0.619355 0.259411 0.221673 0.008580 0.058594 0.089516 -0.229663 0.450645 0.006345 
-0.041067 -0.467034 0.073275 0.143100 0.179489 0.085056 -0.034618 -0.281925 -0.287460 0.321071 0.021702 0.699981 0.711476 -0.243118 -0.216139 -0.049895 -0.168320 0.470847 -0.017214 0.014710 0.137656 0.056022 0.185840 -0.194920 0.286518 -0.118976 
0.093611 -0.336995 -0.068007 0.181493 0.555915 -0.021824 -0.114683 0.147388 -0.451504 0.297510 0.210661 0.905440 0.958250 -0.171743 -0.173722 -0.068535 -0.235452 0.403973 0.246455 0.226043 0.143486 0.030801 0.141688 -0.107934 0.302658 -0.489455 
0.176740 -0.478611 -0.123180 0.197760 0.512379 0.054938 -0.212203 -0.071425 -0.536079 0.290005 0.225951 0.820620 1.059692 0.142781 -0.136783 0.055969 -0.486252 0.498551 0.561190 0.058908 -0.207705 0.280918 0.350721 -0.303535 0.345002 -0.540163 
