-0.007556 -0.217367 -0.208201 0.038047 0.419862 -0.142710 -0.069308 -0.404402 -1.027681 0.641677 -0.187656 0.448894 -0.774537 -0.189908 -0.519728 -0.256083 
0.046453 0.240820 0.287729 -1.099131 -0.183716 0.381125 0.471288 0.189736 -1.295566 -0.659202 0.048185 0.220215 -0.067258 -0.038154 0.251466 -0.604037 
0.023487 0.217931 0.195505 0.082405 -0.978228 0.281585 0.207393 0.136624 -1.701805 0.105058 0.289004 0.058546 -2.212311 0.304781 0.002163 -0.374928 
0.131498 -0.695396 -0.023587 0.407806 -0.369387 0.067372 0.367838 0.079064 -0.406211 -0.183388 0.274338 -0.697803 -0.964096 0.407423 0.072813 -1.851963 
-0.138710 -0.010984 0.326306 -0.465207 -0.327279 -0.023984 -0.050303 0.334281 -0.413121 0.260836 -0.252249 -0.085900 -0.800505 0.242923 0.447453 0.125588 
-0.198127 0.214138 0.045402 0.671957 0.855515 -0.289138 -0.263371 0.242535 0.218871 0.038074 -0.097440 -0.124445 -0.004078 -0.151373 -1.176533 0.262683 
0.117845 0.147077 0.134652 0.377024 -0.605124 0.168712 -1.070239 0.055691 0.075203 0.212759 -1.813931 0.377428 0.190664 0.369341 0.088179 0.004648 
0.407973 0.111214 0.324559 -0.183564 -0.998831 -0.325658 0.125867 0.384584 -0.018111 -0.622529 0.595511 -0.066322 0.053529 0.326623 0.214901 0.249609 
-0.949881 0.021339 0.038701 0.332186 0.184517 -0.226150 -0.481045 -0.710107 -1.221299 -0.107944 -0.060443 -1.191734 0.103926 -0.013390 0.126142 -1.768923 
0.416583 0.175494 0.106913 0.282885 -0.122510 0.062631 -0.105003 0.206988 0.577560 -0.230581 -0.251121 0.445571 -1.791484 -0.039280 -1.069526 0.547141 
-0.314557 -0.162095 0.296762 0.058933 0.658581 0.182769 -0.164402 -0.246911 -0.216535 -0.183855 -0.120041 -0.632885 -0.614067 0.278652 0.515209 -0.286427 
0.056545 -0.152212 -0.169151 0.099354 0.033090 0.226513 0.166566 -0.512944 -0.981088 -0.506601 -1.019431 0.358964 0.515255 -0.337058 -1.432782 0.180341 
-0.169593 -0.292973 0.230505 -0.773749 0.329707 0.462369 -0.799017 -0.445484 0.171082 0.774885 -0.134864 -2.076537 -0.372193 0.262326 -1.297538 -0.148157 
-0.027355 -0.056710 -0.070000 0.096571 0.290286 -3.363418 -2.917476 0.066418 0.462106 0.196073 0.089378 0.268656 0.348129 -0.586094 -0.131959 -0.182649 
0.334496 0.081078 -0.038449 0.721600 -0.304685 -0.214791 0.409238 0.365969 -0.451402 0.218402 -0.693036 0.296330 0.237916 -0.084017 -0.015773 -0.028425 
0.178869 0.251093 0.193832 -0.650881 0.116478 -3.554665 -1.584834 0.189108 -0.088370 0.103252 0.041392 0.096370 0.086997 -1.865432 -0.073159 0.250721 
0.124107 0.302313 -0.373490 0.421426 -0.228274 0.064365 -0.092014 0.264379 0.081499 0.013267 -0.385310 0.434739 0.036453 -1.547664 -1.169433 0.127596 
0.118362 -0.327971 0.109783 -0.776554 -0.447343 0.076073 0.013493 0.129123 0.164903 0.020361 -0.006414 -0.194158 0.205928 -0.215858 -0.343177 -0.464091 
0.224103 0.021970 0.006641 -1.020065 -0.022186 -0.183716 0.640078 0.050913 -0.500344 -0.447827 -0.206129 0.169562 0.007191 -0.166225 0.405300 -0.354631 
0.181901 -0.319332 0.070182 -0.491678 -0.741591 0.206435 0.279715 0.015691 -0.242051 0.205497 -0.368972 -1.291151 -0.060607 0.229438 -0.620812 -1.172879 
-0.133562 0.065928 0.391806 -0.264240 0.789744 -0.646591 -0.362812 -0.098365 -0.543855 -0.172962 -0.437270 0.200258 0.233603 -1.090047 -0.111450 0.278144 
-0.042766 -0.829428 0.257462 0.568059 -0.049784 -0.078629 -0.245500 0.213018 -0.917025 -0.255924 0.311636 -1.903108 -0.381794 0.263381 0.262277 -1.123325 
0.022462 0.241873 0.124465 0.061867 -1.093176 0.270432 0.162218 -0.163116 -0.662869 0.084284 0.185770 -0.117038 -1.342114 0.348472 -0.303210 -1.403251 
0.050708 0.176963 -0.130207 -0.486424 -0.887812 0.233459 -0.763001 -0.139403 -0.105793 -0.614732 -0.056073 -0.715540 0.590315 0.069012 -0.255130 -0.466432 
-0.238244 -0.132911 -0.228396 -0.618328 0.705670 0.255930 0.590535 0.047602 0.189982 -0.123296 -0.221805 -0.275181 -1.052326 -0.045114 0.816616 0.308265 
0.291300 0.245025 -0.568441 -0.369282 0.230887 0.317044 0.127953 -0.603351 0.689911 0.408049 0.214264 0.348143 -0.065603 0.139828 -0.400132 0.007362 
