0.254977 0.331130 -0.115398 -0.040941 0.891089 -0.227927 0.016073 1.235771 -0.298953 -0.435810 0.188151 0.462539 -0.029912 -0.555034 0.639584 0.110940 -0.384032 -0.438781 -0.292532 0.042006 0.146353 -0.353931 -0.177761 -0.869167 0.296766 -0.060409 0.019330 -0.271490 
-0.079646 0.223446 -0.038684 0.171943 0.645244 0.125872 0.073639 1.112149 -0.218619 -0.707119 0.113458 0.326211 -0.036071 -0.501094 0.484677 0.488692 -0.185916 -0.325810 0.098070 -0.020632 0.217316 -0.334497 -0.202638 -0.842096 0.205664 0.050462 0.037482 -0.157355 
0.112686 0.122920 0.205098 0.155042 0.402018 0.168188 -0.155302 0.968343 0.005237 -0.576151 0.343988 0.315065 0.045076 -0.442072 0.460300 0.554263 -0.219267 -0.583015 0.195237 0.038951 0.237828 -0.389232 -0.210097 -0.720795 0.305498 0.245228 0.177417 -0.156882 
0.109737 -0.060588 0.059916 0.120764 0.424617 0.051199 -0.202181 0.731876 -0.212712 -0.213748 0.134539 0.178801 0.060317 -0.080679 0.562524 0.234200 -0.263523 -0.456647 0.143972 0.175594 0.380087 -0.173578 -0.282631 -0.691331 0.291175 -0.084433 0.138657 -0.049998 
-0.003619 0.041072 -0.158418 0.160769 0.311396 -0.162470 -0.202896 0.847265 -0.099526 -0.183995 0.128732 0.126154 0.222669 -0.215840 0.264760 0.258056 -0.179626 -0.420369 -0.018462 0.034072 0.167853 -0.253913 -0.000588 -0.573230 0.171630 0.166336 -0.068114 0.041366 
0.321582 0.048377 -0.024049 0.276924 0.233715 -0.192910 -0.105352 0.780386 -0.034192 -0.176204 0.134935 0.129794 -0.159957 0.055354 0.304123 0.215621 -0.064293 -0.220840 0.056984 -0.008587 -0.002260 -0.117938 0.210114 -0.073838 0.108328 0.127121 -0.059942 -0.197413 
0.249275 -0.129273 -0.073372 0.301185 0.158618 -0.090969 -0.213114 0.740090 -0.122441 -0.156215 0.187758 0.117793 0.179735 -0.246401 0.282707 0.224781 0.047591 0.003867 -0.123766 0.002407 0.248329 -0.178500 0.137852 -0.080806 0.137018 -0.163870 0.069382 0.126532 
0.127571 -0.235628 0.132609 0.235785 0.104193 0.062568 -0.281977 0.641149 -0.157755 -0.000580 -0.062977 -0.013467 -0.103131 -0.265353 0.263969 0.247938 0.018042 -0.107204 0.161311 -0.052373 0.062429 0.037391 -0.087439 -0.217550 0.097906 -0.233312 0.035070 -0.114222 
-0.056738 -0.197928 0.320529 0.162869 -0.109938 -0.091868 -0.246879 0.486194 -0.105635 0.056075 0.184443 -0.255423 -0.042798 -0.023036 0.388139 0.177905 0.277488 -0.026876 0.092134 -0.104294 0.050937 -0.156940 -0.128422 0.211680 0.219388 -0.331790 0.122010 -0.032641 
0.056495 -0.362765 0.064225 0.003152 -0.005764 -0.130246 -0.093332 0.457156 -0.062489 0.218694 0.159490 -0.199614 0.026007 -0.092577 0.263757 -0.086378 0.149347 -0.034827 -0.020526 -0.206569 0.155694 -0.057990 -0.055866 0.051038 0.169801 -0.079829 0.243249 -0.179390 
0.051555 -0.352961 -0.019048 -0.023263 -0.068495 -0.149996 -0.003873 0.412611 0.113880 0.207596 0.303997 -0.064409 -0.035422 -0.201624 0.137462 0.098150 0.155642 0.008362 0.063670 -0.157372 0.242101 0.106842 -0.194576 0.185780 -0.036107 -0.078724 0.152983 -0.137805 
0.109277 -0.316453 0.131001 -0.116445 -0.126445 -0.151150 -0.031634 0.489870 0.221688 -0.055160 0.021476 0.156111 0.007570 -0.148350 0.154858 -0.046637 0.038766 -0.095295 -0.052541 -0.158384 -0.036423 0.047077 0.022843 0.272093 0.002989 -0.266761 0.228421 -0.114604 
0.101571 -0.302609 0.064295 0.050529 -0.224681 -0.187952 -0.158734 0.259749 0.222063 0.039458 0.161321 -0.138714 -0.199268 -0.097377 0.019163 -0.056735 -0.012089 0.006210 -0.241189 0.021947 0.086975 -0.123003 0.121770 0.296554 0.105038 -0.083346 -0.133449 -0.398016 
0.062955 -0.347084 -0.060418 0.117329 -0.220261 -0.061754 0.026817 0.400472 0.182722 -0.231304 0.243860 0.209072 -0.219139 -0.124490 -0.125872 -0.054005 -0.015433 0.411454 0.019889 -0.376922 0.126323 -0.009435 0.064699 0.346738 -0.050203 -0.331214 -0.105966 -0.126430 
-0.167542 -0.451009 -0.007422 0.054901 -0.267300 -0.081705 -0.084025 0.310721 -0.044724 -0.180762 0.204314 0.040991 0.072554 -0.160254 -0.052706 -0.131625 0.113827 0.391189 -0.054877 -0.122086 0.082431 0.097762 0.119999 0.193315 0.191055 -0.290259 0.140645 -0.390109 
-0.002430 -0.240079 0.149935 0.043460 -0.104819 0.114480 0.072144 0.164677 -0.027256 -0.016737 0.171354 -0.026604 -0.038139 -0.032664 -0.167391 -0.073073 -0.144817 0.258535 0.219286 -0.060122 0.260275 -0.141523 0.163546 0.113436 0.138028 -0.040862 0.067621 -0.238031 
0.022031 -0.303367 0.003749 0.045075 -0.081067 -0.121852 -0.089952 0.229305 0.001570 -0.088770 0.241956 -0.102896 -0.017450 0.064763 -0.291099 -0.229215 -0.030225 0.230691 0.038404 -0.200879 0.247286 0.124320 -0.044460 0.224576 -0.108616 0.007054 -0.155518 -0.282629 
0.072843 -0.057554 0.121709 -0.226642 -0.269734 0.053964 -0.035522 -0.037947 -0.002218 -0.258334 0.264862 0.105948 0.036909 0.271398 -0.283913 -0.269307 -0.009613 0.278227 0.121917 -0.142486 -0.046086 0.108213 0.113233 0.236918 -0.190191 -0.099375 0.017177 -0.145293 
-0.317954 -0.119539 -0.001243 -0.173117 -0.433555 0.043418 0.003772 0.006705 -0.177440 0.144336 0.347876 -0.011784 -0.023584 0.045120 -0.340207 -0.162762 -0.260597 0.111922 0.216882 0.017567 0.145459 0.092077 0.124598 0.298604 -0.072784 0.185959 -0.042196 -0.122145 
-0.400881 -0.026369 -0.011772 -0.184027 -0.395470 -0.073382 0.184058 0.112370 -0.057908 -0.104695 0.121142 -0.099929 0.035719 0.173708 -0.523865 0.000091 -0.213109 -0.118260 0.270333 -0.178961 0.372260 0.208472 -0.118295 0.390914 -0.225815 -0.048367 -0.005650 -0.114955 
-0.428229 0.055541 -0.051079 -0.181696 -0.267471 0.079701 -0.079196 0.118329 -0.098822 -0.174338 0.272736 0.044994 -0.024778 0.062280 -0.474186 -0.010283 -0.231957 0.206847 0.205751 0.030749 0.289926 0.143442 -0.020968 0.209776 -0.182282 0.017237 -0.018978 -0.064170 
-0.555031 0.174536 0.116400 -0.233812 -0.358944 0.049201 -0.096911 0.055989 -0.027831 -0.006291 0.341581 0.067740 0.011158 0.010066 -0.697087 0.006712 -0.410381 -0.111771 0.012590 0.064125 0.346826 0.398715 0.153107 0.248787 -0.136248 -0.081233 0.065335 -0.042347 
-0.543550 0.080903 -0.130764 -0.044545 -0.315482 -0.108305 0.149063 0.117748 -0.109663 -0.019580 0.140183 0.191756 -0.042588 0.138618 -0.633888 -0.127919 -0.137939 0.090595 0.002612 0.331755 0.355431 0.233894 0.128085 0.248746 -0.398486 -0.117618 0.082817 -0.207577 
-0.558118 0.075889 -0.065835 -0.210646 -0.437021 -0.011312 -0.017003 -0.228900 0.107807 0.013264 0.172781 0.081036 -0.180723 0.247119 -0.568576 -0.108672 -0.115174 0.000352 0.173092 0.048658 0.420021 0.185119 0.004754 0.091801 -0.123921 -0.264576 -0.111562 -0.223442 
-0.523229 0.180847 -0.039400 -0.212569 -0.531653 0.110542 0.004600 -0.134147 -0.212102 0.080543 0.484157 0.029875 -0.082335 0.388873 -0.495929 0.151648 -0.191588 0.048374 0.343086 0.012550 0.373394 0.419800 -0.172400 0.396470 -0.098103 -0.195567 0.094516 -0.333118 
-0.510519 0.156994 0.106382 -0.157255 -0.410071 -0.069124 -0.070817 -0.115351 0.055649 0.059646 0.356784 0.206201 -0.077895 0.390314 -0.408343 0.049755 0.038370 0.060972 -0.088486 0.038521 0.412126 0.315132 -0.270396 0.165258 -0.271221 -0.075584 0.305295 -0.210536 
-0.552036 0.034360 0.123770 -0.139324 -0.270064 0.098738 0.044107 -0.247104 -0.107726 -0.105101 0.061491 0.277128 -0.125954 0.293364 -0.133830 0.070997 0.010753 0.024643 0.219152 0.008457 0.195499 0.358313 0.119484 0.279139 -0.269809 -0.174167 -0.002616 -0.094927 
-0.519495 -0.098539 0.093025 -0.404563 -0.322581 -0.136192 0.047129 -0.361284 0.140552 0.234144 -0.032630 0.108294 -0.219805 0.107352 -0.430987 -0.142324 -0.059983 -0.115203 0.082029 -0.153402 0.382838 0.358198 -0.157354 0.071321 -0.252840 0.029467 -0.066058 -0.231066 
-0.256050 0.081124 -0.000150 -0.235291 -0.218596 -0.131996 -0.084806 -0.393506 -0.031477 -0.146194 -0.345593 0.200239 -0.060631 0.139563 -0.331667 -0.069480 -0.176975 0.125952 0.019424 -0.112170 0.341077 0.330298 -0.081494 0.306733 -0.342696 -0.050914 -0.063502 -0.233264 
-0.289930 -0.004913 -0.040798 -0.446883 -0.322013 -0.051178 0.131453 -0.247769 0.215763 -0.078417 -0.138474 0.280258 -0.195539 0.596778 -0.524919 0.126971 -0.209229 0.116947 0.017928 -0.048847 0.373990 0.215469 0.237175 0.320303 -0.199227 0.079129 0.056294 -0.105337 
-0.219520 0.054721 -0.192830 -0.358725 -0.488429 -0.044896 0.059928 -0.339600 0.010513 -0.122462 0.059559 0.194759 -0.089759 0.189439 -0.489845 -0.016023 0.032411 0.010615 -0.096180 -0.099820 0.204232 0.342781 -0.073449 0.299549 -0.254571 0.093831 -0.029095 -0.119227 
-0.267273 0.139929 0.059190 -0.389564 -0.458912 0.026981 -0.094822 -0.319092 -0.189785 0.265297 -0.141078 -0.096308 -0.066214 0.430264 -0.219083 -0.029275 -0.032230 0.022498 0.175164 -0.064550 0.296804 0.132545 0.059487 0.208065 -0.161284 -0.009090 -0.057786 -0.005384 
-0.248767 -0.040729 -0.125122 -0.254303 -0.535879 -0.137026 -0.031314 -0.222744 -0.031355 -0.041982 -0.102548 -0.059945 -0.005146 0.255847 -0.317780 0.041065 0.255294 0.121865 0.099963 0.008409 0.217561 0.162162 0.031380 0.025610 -0.218868 0.033744 0.218128 -0.102640 
-0.157610 0.039843 -0.161591 -0.458801 -0.341098 -0.048597 0.174594 -0.218433 -0.176559 -0.047271 -0.165846 0.244353 0.063162 0.283143 -0.474970 0.034799 0.227113 0.022672 0.224267 0.213257 0.325122 0.180302 0.024227 0.201062 -0.120918 0.104767 -0.128627 0.106015 
0.157510 -0.089711 -0.127354 -0.331988 -0.493785 -0.187790 0.261421 -0.580046 -0.064770 0.050598 -0.073176 0.116146 -0.045717 0.030711 -0.303348 0.072988 0.230764 0.060177 0.294732 0.188361 0.314052 0.068621 0.051110 0.185861 -0.244779 0.130478 0.145448 -0.074749 
0.014191 -0.000877 -0.011383 -0.612137 -0.161866 -0.094964 0.078623 -0.569633 0.082448 0.021192 -0.306005 -0.193282 -0.247742 0.209637 -0.420421 -0.157707 0.134694 -0.207313 -0.034015 0.125123 0.222337 0.236614 0.215570 0.410272 -0.422861 0.296815 -0.042317 0.118523 
0.323798 0.009282 -0.163881 -0.395745 -0.392992 0.108699 0.193278 -0.613672 0.026376 -0.066196 -0.208193 0.057559 -0.276658 0.085116 -0.259489 -0.091565 0.410310 -0.352443 0.050835 0.212048 0.017000 0.104667 0.182055 0.251219 -0.146119 0.271720 -0.098038 0.285006 
0.463490 -0.002911 -0.039535 -0.303284 -0.439989 0.123374 -0.016908 -0.645620 -0.123760 0.021939 -0.108684 -0.048681 -0.150940 0.081184 -0.543893 -0.302970 0.275179 -0.337088 -0.157173 0.233701 0.022437 -0.097854 0.210104 0.290522 -0.086291 0.194444 -0.008676 0.281455 
0.396357 0.082284 -0.133793 -0.298562 -0.255836 0.056790 0.175703 -0.482700 -0.225275 -0.329068 -0.254780 0.328391 -0.269130 -0.056644 -0.604683 -0.325800 0.381619 -0.037450 -0.223584 0.111169 0.096186 -0.250340 0.319309 0.141873 -0.263910 0.353340 0.041676 0.243760 
0.619920 -0.062745 -0.171241 -0.351048 -0.214302 0.165128 -0.032386 -0.379932 0.122397 -0.340232 -0.259291 0.139915 -0.173211 -0.275214 -0.481629 0.034493 0.149277 -0.329905 -0.161142 0.114075 0.097125 -0.362825 0.273954 0.263766 -0.492757 0.134767 -0.056943 0.256614 
0.442305 0.175581 -0.250202 -0.449958 0.006227 0.080533 0.108266 -0.543502 -0.017004 -0.357646 -0.065368 0.284304 0.090324 -0.174027 -0.532379 -0.110414 0.382895 -0.103095 -0.372579 0.081805 -0.053408 -0.254900 0.401599 0.131726 -0.319366 0.233900 -0.025111 0.151627 
0.590634 0.266704 -0.182083 -0.493553 -0.066695 0.188235 0.113152 -0.384506 -0.038170 -0.100705 -0.142002 0.355231 -0.134144 -0.203490 -0.641131 -0.108947 0.297186 -0.243973 -0.273653 0.038216 -0.131171 -0.241958 0.324800 -0.039637 -0.220469 0.224887 -0.193646 0.232733 
0.420297 0.247652 -0.225539 -0.351294 0.108424 0.309856 0.197756 -0.266599 0.225956 -0.035101 -0.102450 0.360861 -0.080588 -0.261292 -0.490779 -0.168232 0.484558 -0.301918 -0.230553 0.091163 -0.091073 -0.513374 0.337146 0.058756 -0.302055 -0.208062 -0.099564 0.183017 
0.501042 0.250524 0.149198 -0.281271 -0.005674 0.301788 0.032214 -0.185513 0.063637 -0.133917 0.014420 0.296388 -0.179664 -0.122945 -0.436525 -0.426151 0.699814 -0.175747 -0.348215 0.305130 0.006127 -0.442003 0.142098 0.008721 -0.247873 -0.063934 -0.053659 0.036225 
0.673209 0.447331 0.102514 -0.296311 0.092966 0.079204 0.049978 -0.427194 0.177284 0.052473 0.051635 0.136824 -0.150060 0.026539 -0.425042 -0.332315 0.426666 -0.127352 -0.125893 0.401361 -0.085609 -0.389813 0.028310 0.201030 -0.258894 -0.075835 0.137598 0.023158 
0.562860 0.276169 0.141687 -0.312825 0.003376 0.178452 0.124849 -0.441065 0.290846 -0.111763 -0.152059 0.158921 -0.013741 -0.062062 -0.327012 -0.172523 0.176815 -0.159272 -0.069561 0.104556 -0.206434 -0.447477 0.089832 0.149927 -0.244270 0.133289 -0.191273 0.149325 
0.626461 0.542514 0.076567 -0.433607 0.189274 0.026901 0.206312 -0.474318 0.423426 0.160929 -0.136215 0.217087 -0.194449 0.033457 -0.001474 -0.233353 0.010668 -0.156158 -0.106592 0.209337 -0.383482 -0.338840 -0.002110 0.125052 -0.149402 -0.018876 -0.055524 0.208623 
0.438501 0.263944 0.119016 -0.315534 0.177395 0.052249 0.262475 -0.464530 0.163981 0.090124 -0.445476 -0.029922 -0.307712 0.083283 0.321284 -0.230071 0.150015 -0.208952 -0.161338 0.408018 -0.287300 -0.089135 -0.030398 -0.124255 -0.108547 0.324383 -0.176375 0.105646 
0.529196 0.379150 0.123700 -0.020835 0.008614 0.089825 -0.017704 -0.410496 0.368564 0.032563 -0.343367 -0.062404 -0.056212 0.186976 0.363708 -0.342918 0.037687 -0.066787 -0.210924 0.456990 -0.316301 -0.198010 -0.286659 -0.152762 0.149654 0.278689 0.218253 0.168507 
0.327613 0.300042 0.076889 -0.140232 0.182804 0.172737 0.103628 -0.414010 0.109488 -0.035244 -0.451273 -0.088291 -0.149865 0.190118 0.284345 -0.231429 0.132386 0.000774 -0.170112 0.274952 -0.481021 -0.286241 -0.091787 -0.252057 0.257125 0.257204 0.016505 0.041463 
0.095536 0.275581 -0.052059 0.060470 0.329292 0.277875 -0.007033 -0.272245 0.290733 0.200479 -0.608410 -0.007855 0.174671 0.233440 0.435366 -0.362811 0.088417 0.196782 -0.194337 0.364365 -0.199482 -0.156171 -0.225006 -0.162483 0.157567 0.172272 0.008796 -0.223110 
0.150178 0.050486 -0.036932 -0.021960 0.179439 0.176987 0.094271 -0.454863 0.043147 0.157305 -0.823133 -0.075729 0.139712 0.321403 0.543766 -0.179833 -0.268216 0.311756 -0.158116 0.265507 -0.359328 -0.187009 -0.037823 -0.155681 0.015415 0.098009 -0.035754 -0.245377 
0.172272 0.008515 0.078536 0.089504 0.261961 0.150319 0.131321 -0.432692 0.280804 0.558139 -0.575424 -0.229644 -0.078586 0.169266 0.632461 -0.230969 -0.183584 0.356766 -0.172650 0.158508 -0.161104 -0.073629 -0.342630 -0.121578 0.325891 0.195919 -0.033692 -0.466882 
0.221106 -0.022727 0.123411 0.336741 0.234239 0.447295 0.265745 -0.280441 0.090013 0.588242 -0.563459 -0.183601 0.122489 0.371784 0.643012 -0.312607 0.151845 0.260508 -0.273094 -0.081693 -0.612630 0.042375 -0.058605 0.027868 0.243407 0.056272 0.201138 -0.294286 
0.006156 0.032225 0.075902 0.259268 0.178498 0.355966 0.133595 -0.300548 -0.169511 0.334747 -0.512214 -0.374404 -0.125526 0.219193 0.370795 -0.376673 -0.128999 0.263386 -0.069029 0.178636 -0.294008 0.068383 -0.373988 -0.139798 0.445237 0.197045 0.151758 -0.428564 
-0.041126 0.109501 0.076977 0.402939 0.326572 0.227693 0.239951 -0.104687 -0.278869 0.458715 -0.402083 -0.584025 -0.091242 0.138579 0.301848 -0.487924 -0.205220 0.218409 -0.331274 0.164593 -0.710542 -0.013960 -0.177675 -0.008665 0.228413 -0.045718 0.094896 -0.261942 
0.052910 -0.044899 0.019296 0.398738 0.438074 0.425911 0.293539 -0.258944 -0.034264 0.227813 -0.652721 -0.321868 -0.224532 0.118351 0.214452 -0.480349 -0.260617 0.120433 -0.163214 0.274897 -0.335556 -0.021060 -0.064959 -0.063787 0.209531 0.163496 0.036707 -0.558719 
-0.198379 -0.109192 0.148525 0.544211 0.376589 0.266139 0.255294 -0.297060 -0.151921 -0.237800 -0.531581 -0.353104 -0.175135 0.327253 0.499240 -0.432391 -0.133525 0.275386 -0.141241 0.212883 -0.238632 0.103789 -0.001197 -0.219677 0.384909 0.163866 0.148792 -0.503679 
-0.202726 -0.434621 0.142168 0.607096 0.486141 0.155539 0.237890 -0.045204 -0.256224 -0.208169 -0.577778 -0.487459 0.183142 0.171852 0.286453 -0.272642 0.015007 0.003941 -0.120841 0.386195 -0.148906 0.079719 0.197945 0.096376 0.593989 0.108957 -0.028408 -0.811006 
-0.281104 -0.452759 0.243081 0.516487 0.520045 0.232798 -0.056766 -0.096578 -0.271703 -0.298783 -0.467094 -0.342596 0.190470 0.203398 0.272139 -0.008365 -0.024923 0.112827 0.098019 0.456383 -0.265321 -0.119015 0.230116 -0.071038 0.469252 0.003995 0.010797 -0.655456 
-0.299544 -0.633446 0.109566 0.478196 0.388905 0.200397 0.010835 -0.058594 -0.154433 -0.302386 -0.326526 -0.485844 0.227293 0.197343 0.259187 0.115557 -0.162202 -0.036935 -0.199999 0.418835 -0.254102 0.015395 0.425061 0.022766 0.502272 0.057465 -0.469570 -0.596659 
-0.079729 -0.711194 0.003697 0.376096 0.300116 0.171058 -0.061040 0.108472 -0.101945 -0.339408 -0.336774 -0.579025 -0.019723 0.053277 0.466581 0.148886 -0.331621 -0.332588 0.014583 0.310077 -0.019775 -0.066562 0.554666 -0.296569 0.248282 0.064921 -0.510419 -0.326077 
-0.200459 -0.525630 0.074946 0.269500 0.095901 0.211868 0.094078 0.147012 -0.051779 -0.451218 -0.210329 -0.417592 0.328292 -0.018089 0.394646 0.192842 -0.250407 -0.097736 -0.285261 0.162604 0.023812 -0.053464 0.307509 -0.234198 0.330322 -0.039800 -0.600474 -0.120237 
-0.111957 -0.455804 -0.031094 0.332986 -0.020398 0.080634 0.332143 -0.083958 -0.025897 -0.324575 -0.096955 -0.498556 0.116192 -0.091799 0.394393 0.310902 -0.330865 -0.254664 -0.138325 0.012304 0.108102 0.044714 0.179196 -0.362872 0.412710 -0.291260 -0.766392 -0.007665 
-0.095660 -0.119032 0.119662 0.213718 -0.017286 -0.023969 0.042535 0.160244 -0.180812 -0.332518 -0.184047 -0.457987 0.330187 -0.218274 0.271574 0.331961 -0.110765 -0.082153 -0.010823 0.077552 0.036694 -0.185617 -0.222217 -0.047734 0.304804 -0.419036 -0.712973 0.063713 
-0.028409 -0.271450 0.077951 0.327918 -0.084030 -0.295632 -0.045613 0.014807 -0.103773 -0.265673 0.204512 -0.354744 0.271506 -0.221290 0.131151 0.379251 0.061170 -0.030369 -0.052196 0.072436 0.024647 -0.179108 -0.137328 -0.035142 0.251076 -0.329177 -0.728760 0.021241 
0.170983 -0.154435 -0.000718 0.490224 0.253644 -0.074600 -0.202794 0.138899 -0.233028 -0.189341 0.206978 -0.257310 0.123322 -0.220305 0.381300 0.281691 -0.082362 0.130622 0.145941 -0.145351 -0.199306 -0.066747 -0.004713 -0.001065 0.206375 -0.481313 -0.671281 0.171414 
0.088827 0.034205 -0.280520 0.610830 0.267206 -0.193723 -0.370615 0.258519 -0.038065 0.083736 0.055945 -0.198998 0.117283 -0.323000 0.329086 -0.061445 -0.177469 0.116433 -0.123000 0.032292 -0.224382 -0.275422 -0.184123 -0.063059 -0.056807 -0.355830 -0.580703 0.129917 
-0.064615 0.276279 -0.359622 0.443821 0.207501 -0.281149 -0.651878 0.087322 -0.033654 -0.280177 0.024519 -0.257967 -0.062866 -0.248646 0.192730 -0.020793 -0.237493 0.193750 0.370812 -0.153079 -0.247412 -0.350072 -0.059086 -0.093162 -0.177813 -0.321067 -0.361366 0.044655 
-0.144080 0.389901 -0.341629 0.241517 0.204569 -0.068670 -0.621614 -0.080657 0.056033 -0.046196 0.261698 -0.076569 0.163754 -0.405739 0.116269 -0.078667 -0.363070 0.581271 0.452191 -0.059788 -0.596033 -0.410319 -0.173650 0.087078 -0.219414 -0.033907 -0.263957 -0.097659 
-0.238189 0.653680 -0.063422 0.372106 0.431845 -0.026194 -0.662462 -0.149047 -0.209741 -0.121374 0.475264 -0.083157 0.067785 -0.517447 0.206032 -0.068016 -0.056352 0.573363 0.687034 -0.004205 -0.515235 -0.113746 0.038258 -0.059649 -0.584386 0.013450 -0.099671 0.133658 
-0.410785 0.674664 -0.114672 -0.121387 0.542784 0.186509 -0.417186 -0.057348 -0.078024 -0.333916 0.188678 -0.179863 0.143000 -0.324613 0.023102 -0.096669 -0.166637 0.621315 0.651943 0.171146 -0.688864 0.072369 -0.023380 0.134362 -0.609535 0.406627 0.236941 -0.008714 
-0.210817 0.674933 -0.201425 0.040667 0.367799 0.046691 -0.199472 -0.092919 -0.010035 -0.237149 0.287926 -0.217442 -0.042466 -0.025856 0.145984 -0.063790 0.032743 0.440045 0.473531 0.031672 -0.589304 0.129801 0.128208 -0.252719 -0.567203 0.290551 0.386075 0.091878 
-0.450250 0.751818 -0.044142 0.028142 0.381763 0.060454 -0.286925 0.248151 0.090604 -0.202809 0.283123 -0.173583 -0.129728 0.127918 -0.116740 0.249974 0.110076 0.585179 0.467579 0.111104 -0.416053 0.411624 -0.013682 -0.349591 -0.524976 0.389917 0.071410 0.121221 
-0.159246 0.489955 0.024729 0.140265 0.237709 0.228669 -0.183284 0.129782 0.078864 0.028610 0.150616 -0.231370 -0.136576 -0.003419 -0.119600 0.609931 -0.260730 0.325070 0.442350 0.023006 -0.252448 0.194626 -0.030203 -0.429031 -0.322337 0.463538 0.183929 0.318981 
-0.098698 0.155004 -0.084527 0.284999 0.152528 0.125910 0.073371 0.243060 0.027692 0.081031 0.191649 -0.150339 -0.096663 0.194164 -0.315204 0.538800 -0.289406 -0.047167 0.296841 0.003345 -0.505505 0.460847 0.136783 -0.392193 -0.278760 0.224400 -0.085907 0.117742 
0.415004 -0.154028 -0.014311 0.156527 -0.090917 0.046972 0.067597 0.142218 -0.085127 -0.116228 0.236993 0.299776 0.038953 0.321244 -0.073027 0.747608 -0.087259 -0.080544 0.323825 0.267522 -0.362530 0.550490 -0.151225 -0.516840 0.194828 0.090880 -0.033120 0.099182 
0.446376 -0.300813 -0.157457 0.212879 -0.308349 0.062743 -0.017598 0.082975 0.150728 -0.040888 0.351268 0.466473 0.449378 0.382194 0.139732 0.743212 -0.103555 0.011282 0.542166 0.130331 -0.723062 0.427110 -0.445615 -0.178684 0.625504 0.031457 0.103261 0.262975 
0.645209 -0.561378 0.108583 0.069931 -0.221259 -0.109317 0.242454 0.178832 0.238029 -0.304794 0.366665 0.428677 0.622352 0.376232 -0.060844 0.626758 -0.023502 -0.251331 0.542468 0.043762 -0.487682 0.449247 -0.079074 0.115925 0.923784 -0.328696 0.429231 -0.045182 
0.507721 -0.467966 0.001745 -0.143748 -0.054351 -0.287647 0.211876 -0.287285 0.204787 -0.274317 0.413004 0.384326 0.416396 0.064360 0.099471 0.433866 -0.259043 -0.174114 0.605907 0.130248 -0.392355 0.435961 -0.046878 0.459594 0.795396 -0.382191 0.272976 -0.026535 
0.384476 -0.420416 -0.347536 -0.330905 -0.019416 0.026625 -0.008873 -0.290271 0.356273 -0.404140 0.104742 0.240458 0.306351 -0.289930 0.170514 -0.128999 -0.392232 -0.363766 0.712078 -0.169312 -0.480011 0.364394 0.561847 0.598628 0.676488 -0.380869 0.384054 0.069640 
-0.152412 -0.161745 -0.411806 -0.030339 0.131250 0.258455 0.159905 -0.192367 0.159356 -0.197510 0.033438 0.022418 0.257719 -0.533976 0.269938 -0.582847 -0.071765 -0.340195 0.478406 0.045746 -0.130667 0.514356 0.703048 0.486273 0.219111 -0.668533 0.293026 0.122856 
-0.313025 0.108585 -0.273803 -0.017282 0.076815 0.278814 0.076499 -0.170739 -0.165404 -0.060714 -0.341135 0.153600 0.281688 -0.572203 0.116867 -0.879117 0.140688 -0.175196 0.071294 -0.217673 -0.170131 0.163700 0.370443 0.151643 -0.219625 -0.555485 0.113522 0.009358 
-0.456491 0.151180 -0.235564 0.110903 -0.267806 0.283506 0.100938 -0.043948 0.066008 0.122266 -0.029089 0.555050 0.297141 -0.314000 0.254531 -0.693391 0.386496 0.042006 -0.085659 -0.024048 -0.060375 0.038450 0.108955 -0.057965 -0.146039 -0.512641 0.135911 -0.114822 
-0.381497 0.367309 -0.032579 0.286519 -0.415031 0.207378 0.296963 0.055119 0.456251 0.127939 -0.173514 0.739177 0.267563 -0.190069 0.175668 -0.433065 0.502866 -0.172291 -0.140006 -0.173825 0.293430 0.048877 -0.170550 -0.307854 -0.172322 -0.329617 -0.011009 -0.033995 
-0.548527 -0.033532 0.071180 0.140375 -0.232033 0.361081 0.098103 0.166308 0.322444 0.353662 -0.426214 0.306716 -0.023919 -0.014892 -0.038747 0.024024 0.500719 0.034797 -0.296266 -0.177232 0.320275 0.192223 -0.231386 -0.278173 -0.213585 -0.142221 -0.133657 -0.239796 
-0.410953 -0.332792 0.209319 0.498477 -0.033030 0.108748 -0.093259 -0.032517 0.337404 0.048780 -0.350581 0.138660 0.033696 -0.062260 -0.043011 0.114164 0.384801 0.434099 -0.202467 0.009595 0.362808 0.021127 -0.034710 -0.107006 0.035905 0.056291 -0.285533 -0.013450 
-0.215000 -0.479174 0.206530 0.366565 -0.393589 -0.071057 -0.471205 -0.132729 0.437727 -0.159992 0.013904 -0.123467 -0.092866 0.131645 -0.072979 0.372467 -0.008524 0.535960 -0.143329 0.147478 0.430988 -0.070518 0.113973 -0.047616 -0.157337 0.417518 0.191490 0.079120 
0.175364 -0.273332 -0.072886 0.453616 -0.431386 -0.068534 -0.803960 -0.070111 0.250143 -0.106976 0.065889 -0.230726 -0.396632 0.213845 0.005587 0.180662 -0.362362 0.315133 -0.197514 0.346739 0.383404 -0.245061 -0.156604 0.138800 -0.153214 0.547583 0.258632 0.232909 
0.045283 0.055283 0.169476 -0.073475 0.135871 0.352318 -0.819757 0.324346 0.064553 0.044012 0.074734 -0.588005 -0.047135 0.351305 -0.026535 0.457869 -0.246208 0.002299 -0.150477 0.392465 0.071284 -0.148024 -0.203661 -0.010728 -0.395836 0.484675 0.004776 0.306394 
0.006160 0.346474 0.728464 -0.236737 0.361938 0.371346 -0.000319 0.363697 -0.038641 0.296048 0.103561 -0.690041 -0.162603 0.192204 0.188074 0.432392 -0.275410 0.237606 -0.161290 0.283264 -0.152529 0.018136 -0.571264 -0.067631 -0.110834 0.595129 -0.323542 0.339878 
0.240535 0.102414 0.703510 -0.495601 0.563063 0.135237 0.245632 0.400204 -0.319813 0.205065 0.318193 -0.144604 -0.290701 -0.090930 0.121889 0.164402 -0.031721 -0.171743 0.122205 -0.021054 -0.095266 0.259024 -0.244303 0.409769 -0.367965 0.336734 0.027271 0.393676 
0.169036 0.177086 0.886353 -0.350736 0.055687 -0.174575 0.487908 -0.068845 -0.395611 -0.095371 -0.044637 0.135979 -0.510022 -0.228433 0.233359 0.089281 -0.168447 -0.219292 -0.068100 -0.167318 -0.139834 0.129764 0.322311 0.431024 -0.575179 0.357617 0.331056 0.304505 
0.079752 0.024245 0.630727 -0.307065 0.183146 -0.555089 0.622638 0.056589 -0.519570 0.003878 -0.247319 0.220823 -0.210764 -0.323831 0.273613 -0.246840 -0.237654 -0.290057 0.070392 -0.634576 -0.431469 -0.054232 0.719962 0.388948 -0.417413 0.207554 0.480968 0.224337 
0.023803 0.005043 0.804529 -0.265932 0.098821 -0.193633 0.467516 0.257584 -0.246488 0.023261 -0.499265 0.029944 0.030070 -0.075927 0.139209 -0.153845 -0.100599 -0.256756 -0.065272 -0.550023 -0.249830 0.022338 0.484401 0.267284 -0.142233 0.155900 0.318333 0.043746 
-0.249265 -0.112770 0.781858 -0.169533 -0.233852 0.216855 0.024572 0.237935 -0.116361 -0.014676 -0.684581 -0.304507 0.235663 0.256523 -0.452340 -0.376035 0.297072 -0.057285 -0.022129 -0.608971 0.019135 -0.068546 -0.061924 0.052165 0.136202 -0.059440 -0.278405 0.083077 
-0.287703 -0.228081 0.552167 0.062563 -0.375590 0.226350 -0.395712 0.204676 -0.081906 0.041262 -0.640282 -0.156944 0.453100 0.525383 -0.378721 -0.140365 -0.019191 0.262323 0.401395 -0.090415 0.423001 -0.182293 -0.265382 -0.038386 0.084752 -0.597873 -0.652494 -0.156408 
-0.273069 -0.293173 0.108252 0.131399 -0.242749 0.165659 -0.535082 -0.181456 -0.504093 0.272997 -0.174578 0.008571 0.500206 0.346402 -0.573287 0.115728 -0.090841 0.376420 0.174123 0.362498 0.467404 -0.441248 -0.328538 -0.226337 0.206209 -1.166505 -0.214945 -0.073155 
0.052082 -0.245204 -0.164203 0.168828 -0.120705 0.043533 -0.494637 -0.103976 -0.722669 0.265418 0.517380 0.245871 0.365637 0.377920 -0.526342 0.317525 -0.166144 0.417589 -0.148859 0.523752 0.510661 -0.375714 -0.676496 -0.311541 0.202991 -0.763383 0.606916 0.139167 
0.256442 -0.244020 -0.395310 0.204690 -0.072593 -0.035086 -0.433959 -0.145127 -0.862116 -0.207085 0.735391 0.189266 0.202413 0.231985 -0.315632 0.362519 -0.095877 0.216033 -0.067002 0.702797 0.278187 -0.534550 -0.438789 -0.104699 -0.238872 -0.852238 0.672014 -0.109491 
0.306440 -0.295329 -0.519901 0.305390 -0.073672 -0.090951 -0.161528 -0.081181 -0.835091 -0.459886 0.878398 0.194450 0.077455 0.086009 -0.113035 0.021952 0.023625 0.065928 -0.092983 0.518201 0.103669 -0.765933 -0.033597 -0.196334 -0.071594 -0.155859 0.322954 0.289891 
0.209249 -0.300157 -0.695903 0.235385 -0.045090 -0.167184 -0.184236 -0.078431 -0.722536 -0.564267 0.760309 0.435759 -0.172211 0.317373 0.186417 0.018406 0.033228 -0.218467 0.131389 0.570763 0.228486 -0.713977 0.346986 -0.132233 -0.346021 0.201621 -0.026651 0.273206 
0.080948 -0.490354 -0.482414 0.044475 -0.024103 -0.391519 0.073488 0.063196 -0.625429 -0.351276 0.762787 0.023472 -0.154893 -0.211116 0.366126 -0.250909 0.347013 -0.394570 0.150230 0.253210 0.071112 -0.777407 0.508119 0.202065 -0.370323 0.741030 -0.323544 0.374609 
-0.014371 -0.540330 -0.410732 0.109809 -0.080378 -0.497808 -0.044720 0.289054 -0.386099 -0.199460 0.426075 -0.024496 -0.273041 -0.068150 0.618957 -0.497646 0.644931 -0.277933 -0.049199 -0.028437 -0.000923 -0.657806 0.155669 0.366737 -0.087406 0.664442 -0.093245 0.638417 
-0.288742 -0.484796 -0.358061 0.153663 -0.017905 -0.491209 0.121106 0.179800 -0.329968 -0.128898 0.009184 -0.437635 0.004477 -0.246797 0.520295 -0.227899 0.420404 -0.496420 0.115862 -0.275706 0.086074 -0.218927 0.049723 0.571064 0.088152 0.734830 -0.074231 0.446411 
-0.258979 -0.242393 -0.240134 -0.181712 -0.162192 -0.655277 0.257478 -0.035608 -0.004790 -0.150979 0.062658 -0.549335 0.047339 -0.310839 0.568298 -0.126526 0.596113 -0.889079 0.091877 -0.222270 0.053665 -0.206550 -0.209102 0.667892 0.296150 0.787238 -0.048178 0.239493 
-0.221063 -0.121842 -0.031890 -0.033317 -0.431604 -0.395667 0.022463 0.111961 0.283541 0.099932 -0.161763 -0.346824 0.207599 -0.004186 0.350064 0.181261 0.357824 -0.966195 0.071472 -0.356157 0.114309 0.155723 -0.552905 0.362678 0.279319 0.647453 0.190829 0.037390 
0.057053 0.274173 -0.111823 -0.172385 -0.406811 -0.138142 -0.065615 -0.277561 0.172893 0.177407 -0.160030 -0.320174 0.189685 0.059746 0.044506 0.192095 0.299449 -0.661964 0.210616 -0.418068 -0.119644 -0.021904 -0.866889 0.646945 0.274197 0.458184 0.300384 0.040321 
0.300176 0.714687 0.190322 -0.021683 -0.317401 0.050893 0.064238 -0.329433 0.319904 0.264990 -0.176621 0.071150 0.460620 0.297009 0.139204 0.039170 0.121997 -0.484533 -0.066883 -0.496367 -0.075753 -0.090445 -0.874593 0.452462 0.428562 0.283429 0.372715 -0.228248 
0.036677 0.671696 0.159879 -0.346907 -0.359454 -0.055287 -0.151419 -0.119978 0.321548 0.177903 -0.042241 0.020548 0.486953 0.313903 0.062535 0.367330 0.167438 -0.279775 -0.144810 -0.308237 -0.005700 -0.108960 -1.017056 0.426089 0.274655 0.166054 0.117414 -0.232007 
0.078749 0.681208 0.140732 -0.452997 -0.115163 -0.108519 -0.020199 -0.161229 0.327629 0.050630 -0.043143 0.220372 0.611477 0.334064 -0.000629 0.489674 -0.216882 -0.093977 -0.236440 -0.450404 -0.107292 -0.170996 -0.852881 0.325282 0.385303 -0.203393 0.029372 -0.355717 
-0.016892 0.701403 0.172829 -0.241105 -0.009730 0.078730 -0.129985 -0.128760 0.310240 -0.136971 -0.006275 0.107353 0.477924 0.346477 -0.072533 0.372595 -0.069367 0.146223 -0.581339 -0.380273 0.083647 -0.137851 -0.635468 0.140144 0.297822 -0.157131 0.053578 -0.283482 
-0.031325 0.471097 0.055230 -0.311491 0.023949 0.184100 -0.170161 -0.167278 0.204681 -0.266757 0.056177 0.346289 0.167067 0.195367 0.023021 0.310024 -0.337506 0.129075 -0.473073 -0.033992 -0.129672 -0.015500 -0.405896 0.034919 -0.004546 -0.130051 -0.123716 0.032395 
-0.083958 0.763946 0.177074 -0.472822 -0.078106 0.117818 -0.211513 -0.262180 0.276471 -0.162124 0.233611 0.372067 0.508750 0.213119 0.018870 0.278975 -0.259329 0.361975 -0.391199 -0.120537 -0.122202 0.132878 -0.035920 0.050306 0.161596 -0.205378 -0.337176 0.215897 
0.086002 0.561692 -0.113573 -0.528951 0.159223 0.209696 -0.136578 -0.192060 0.057278 -0.328823 0.091027 0.562039 0.148693 0.283976 0.017349 0.100886 -0.662187 0.430502 -0.324282 -0.003817 -0.046740 0.108539 -0.030885 -0.234181 0.076427 -0.132448 -0.357899 0.028186 
0.109082 0.469412 -0.069395 -0.489247 0.171511 0.197269 -0.111650 0.182040 0.108530 -0.151400 0.204396 0.252052 0.066732 0.123865 0.025307 0.013451 -0.538036 0.410095 -0.141670 -0.054824 -0.060912 0.007690 -0.029161 -0.034780 -0.064042 0.144123 -0.367725 0.136161 
-0.002526 0.368051 -0.322075 -0.538803 0.064890 0.224172 -0.038127 -0.030561 0.156508 -0.092551 0.163994 0.220448 0.198072 0.051693 0.002499 -0.027058 -0.419122 0.430838 -0.289795 -0.224784 0.039971 0.186537 -0.100023 0.005925 -0.096590 0.211920 -0.188857 0.076171 
-0.057304 0.477095 -0.016489 -0.351985 0.157054 0.281840 -0.011190 0.290506 0.128343 -0.021153 0.104905 0.088849 0.198917 -0.077273 0.183453 -0.046486 -0.141363 0.298128 -0.165278 -0.146289 -0.178974 0.308807 -0.189921 0.148159 0.047126 0.027600 0.033174 0.130840 
0.133768 0.226314 -0.339356 -0.300883 0.120145 0.173770 -0.051850 0.020539 0.033064 0.008106 0.030424 0.316453 0.174472 0.153008 0.095700 -0.008933 -0.047825 0.171845 -0.272478 0.112042 0.092385 0.363578 -0.242640 0.147955 0.192172 -0.000426 0.192380 0.150986 
0.053941 0.226709 -0.071952 -0.195717 0.221407 0.042666 0.157253 0.322792 0.164574 0.250336 -0.258454 -0.036042 0.033473 -0.071054 0.228903 0.279231 0.303563 0.161240 -0.134742 0.129882 0.005105 0.301131 -0.272578 0.063562 0.302128 -0.019323 0.179271 0.237574 
0.364719 0.213729 -0.254926 -0.067350 0.247155 0.028089 0.287952 0.360423 0.128517 0.282194 -0.184214 -0.180191 -0.149400 0.029195 0.022224 0.032675 0.315059 0.104957 -0.185772 -0.156207 0.061995 0.601317 -0.288592 0.020210 0.248013 -0.040097 0.380040 -0.105213 
0.319606 0.140465 0.029937 0.157658 0.060793 -0.144383 0.166968 0.151618 0.160414 0.172142 -0.069724 -0.234716 -0.061644 -0.122779 -0.024001 -0.196386 0.346935 -0.135747 0.063008 -0.180969 -0.047414 0.286019 -0.338034 -0.148277 0.034473 -0.229408 0.500201 0.052056 
0.072985 0.189561 -0.090429 -0.097156 0.146060 0.022349 0.306024 -0.025773 0.003564 0.261297 -0.011524 -0.019415 -0.230525 -0.354410 0.018750 -0.048202 0.051106 0.018502 -0.046139 0.012327 0.083563 0.375627 -0.189088 -0.006838 0.084398 -0.032215 0.649479 0.018605 
0.264054 0.183514 -0.065178 -0.116146 0.193976 0.043778 0.086500 0.047435 0.102722 0.370950 0.144119 -0.154309 -0.213759 -0.400016 0.037946 0.070572 0.038751 -0.006472 -0.166590 -0.089818 -0.061849 0.211535 -0.047165 -0.045203 -0.068652 -0.240015 0.605573 -0.105454 
0.021275 0.325989 -0.072113 -0.051258 -0.128382 0.052585 0.105476 -0.007458 0.000099 0.242412 0.120858 0.046153 -0.423485 -0.350596 -0.113968 -0.191980 0.013172 -0.032531 -0.114656 -0.009382 -0.104776 0.188412 -0.041032 -0.159980 -0.038360 -0.032437 0.638586 0.063918 
0.302406 0.249757 -0.371863 -0.076786 -0.011718 -0.208056 0.034376 0.141075 0.092746 0.275525 -0.074088 0.067389 -0.246142 -0.277694 0.015356 -0.338908 0.241732 0.280334 0.029389 0.097595 -0.077417 0.245133 0.022736 -0.225618 0.005029 -0.051885 0.774553 0.026215 
0.070933 0.228363 0.064180 -0.074614 -0.031087 -0.210197 0.085573 0.132784 -0.081283 0.275812 0.163962 -0.153865 -0.015447 -0.429142 -0.139137 -0.157639 0.232010 0.176521 -0.090550 0.141772 -0.140772 0.189380 0.380922 -0.423343 -0.006285 0.083348 0.502521 -0.164506 
0.009967 -0.012104 0.073073 0.140444 0.134452 -0.463366 -0.018047 0.003323 0.014448 0.148716 0.023289 -0.075769 -0.119651 -0.658696 -0.204524 -0.089758 0.226370 0.213484 -0.322864 0.272230 -0.331912 0.169150 0.414028 -0.368507 -0.056475 -0.056716 0.569859 -0.019778 
-0.034802 -0.007270 0.086928 -0.001973 0.130363 -0.338343 0.050163 0.047826 0.105688 -0.174212 0.062327 -0.092226 -0.019810 -0.403277 -0.133803 -0.107600 0.090610 0.217241 -0.115962 0.255499 -0.332721 0.050657 0.415473 -0.343744 -0.006484 -0.062223 0.463223 -0.006996 
0.041401 -0.363452 0.016772 -0.267053 0.446779 -0.659244 0.235350 -0.078837 0.137688 0.024692 0.273016 -0.031502 0.054620 -0.323207 -0.052546 -0.176524 0.087487 0.249396 -0.224682 0.368347 -0.270559 0.085169 0.482078 -0.297950 0.129905 -0.162927 0.340017 -0.021432 
-0.127166 -0.327057 0.144633 -0.026516 0.356743 -0.503528 0.036371 0.003892 -0.047089 0.013340 0.343222 -0.037163 0.182635 -0.550157 -0.031202 -0.170635 0.002862 0.135680 -0.224410 0.245830 -0.174073 0.113492 0.397294 -0.533799 0.129810 -0.118005 0.254652 -0.071918 
-0.089433 -0.163709 0.118472 -0.127655 0.324156 -0.517749 0.158986 -0.131055 -0.093235 -0.020391 0.138885 -0.216936 -0.043143 -0.403247 -0.175728 -0.030821 -0.048714 0.169514 -0.398503 0.328157 -0.356789 0.365327 0.262272 -0.397221 0.133710 -0.057163 0.195174 -0.174425 
-0.089052 -0.476428 -0.002244 -0.191258 0.484702 -0.255477 0.052252 0.083402 0.105295 0.067853 -0.059712 -0.226013 0.016781 -0.216832 -0.284573 -0.134049 0.200643 0.049923 -0.408762 0.294739 -0.351285 0.244589 0.104810 -0.172011 0.091614 -0.071667 0.202562 -0.174257 
-0.136459 -0.271269 0.075187 0.055591 0.260939 -0.403353 -0.068348 -0.063399 -0.122752 0.159057 0.204640 -0.270879 -0.018470 -0.183501 -0.205820 0.130801 0.245742 0.082630 -0.404776 0.039608 -0.176256 0.066702 0.315809 -0.318012 0.155853 -0.186819 0.166202 -0.132107 
-0.049344 -0.272782 -0.049195 -0.007790 0.247231 -0.362324 0.083612 0.049726 0.071039 0.126334 0.084021 -0.329689 -0.227439 -0.321245 -0.156705 -0.091397 0.222176 0.070090 -0.275168 0.059298 0.050357 0.026276 0.140101 -0.360096 0.013609 0.028239 -0.115523 -0.143164 
-0.102186 -0.386163 0.008087 -0.021703 0.162687 -0.242395 0.179297 0.006683 -0.042349 0.059590 0.108021 -0.269336 -0.216174 -0.428590 -0.248845 -0.083111 0.224028 -0.057169 -0.243757 -0.018373 0.065396 -0.060639 0.319404 -0.171376 -0.276351 0.095706 -0.191007 -0.041090 
-0.086383 -0.403870 0.085474 0.173230 0.249918 -0.250542 0.033454 -0.151015 0.033111 0.170548 0.135258 0.014420 -0.075759 -0.113754 -0.323525 -0.174085 0.023647 0.013376 -0.068193 0.070560 -0.087678 0.204690 0.163496 -0.237988 0.057497 -0.073368 -0.083355 -0.125148 
-0.017400 -0.402321 0.203428 0.046401 0.444442 -0.168418 0.051278 -0.128461 0.066143 0.162892 0.189314 -0.256709 -0.216493 -0.110173 -0.222513 0.048041 0.340708 -0.015810 -0.061887 -0.101823 -0.095978 0.268831 0.111041 -0.187867 -0.222695 -0.056835 -0.160004 0.107814 
-0.284579 -0.501246 0.118194 -0.190802 0.318158 -0.061935 0.023175 -0.158577 0.026501 0.028752 0.024722 -0.258519 -0.156411 0.110475 -0.261995 -0.070328 0.397411 0.163144 0.024921 0.155039 0.128071 0.418617 0.017402 -0.171789 0.012765 0.071476 -0.033081 0.114584 
-0.205197 -0.311181 -0.059271 -0.103224 0.364895 0.202148 -0.004332 0.066900 0.122486 0.208890 0.121234 -0.259293 -0.172874 0.131743 0.031404 -0.048689 0.004689 -0.063971 -0.074738 0.098887 0.122774 0.292758 -0.017792 -0.084172 0.243718 -0.169602 -0.003618 0.076519 
-0.133680 -0.162689 -0.008847 -0.006115 0.455566 -0.038242 -0.129921 -0.108955 0.173762 0.065035 0.183721 -0.283908 -0.148584 0.059604 -0.249337 -0.287340 0.261312 -0.073680 -0.105762 -0.048786 -0.044251 0.002128 0.066423 -0.070774 0.007593 -0.256482 -0.064827 0.071429 
-0.241618 -0.355086 0.240453 0.066126 0.210600 -0.035920 -0.093808 0.119987 0.222503 0.000922 0.126086 -0.113267 -0.216844 -0.183415 0.052124 -0.014098 -0.049156 0.055698 -0.027636 -0.038708 -0.060969 0.270296 -0.005738 -0.173002 -0.214045 0.025318 -0.013496 0.241481 
-0.109558 -0.106982 -0.108232 0.098611 0.252423 0.032843 0.100265 0.121225 0.165788 -0.062836 0.087148 -0.028847 -0.197687 0.045269 -0.234496 0.001965 -0.024413 -0.061050 0.099425 0.143961 0.324376 0.337808 0.228483 0.051960 -0.117737 0.081429 -0.200007 0.035505 
0.107004 -0.018202 -0.103949 -0.028750 0.145348 0.110001 -0.150721 -0.035747 -0.074115 -0.080663 0.173769 -0.017613 -0.026280 0.027561 -0.189414 0.029260 0.017308 -0.073106 0.024254 0.024761 0.241917 0.186027 0.308414 -0.228620 0.076461 -0.150281 -0.081977 0.200309 
-0.017361 -0.212599 0.034713 0.119642 0.235920 0.188910 -0.131068 -0.091091 0.108208 -0.060822 0.095484 0.242645 -0.054295 -0.088110 -0.119941 -0.169697 -0.028625 -0.207124 -0.087724 0.024229 0.039596 0.200775 0.156582 -0.110890 0.043894 -0.083516 0.052318 0.200627 
0.024674 -0.269533 0.044566 0.257793 0.058737 0.162095 0.069170 0.108367 0.169281 0.050105 0.047575 0.123775 -0.116214 -0.151420 -0.154283 0.016034 -0.064567 -0.044953 0.051448 -0.010741 0.317917 0.029266 -0.040753 -0.286763 -0.190479 -0.030315 -0.071119 0.373304 
-0.134392 -0.179046 0.142836 0.132932 0.191135 0.112829 -0.141678 0.041991 -0.010365 -0.230428 0.032680 -0.037594 0.073023 -0.174375 -0.154630 0.078697 -0.213035 -0.135405 0.053202 -0.077048 0.045503 -0.113921 0.104051 -0.110491 -0.140497 -0.146275 -0.129607 0.224885 
-0.222084 0.059831 0.042206 0.169869 0.267390 0.077347 -0.071137 0.128709 0.011016 -0.141299 -0.069977 -0.046079 -0.105326 0.086756 -0.039760 -0.049665 -0.102830 -0.031976 -0.138991 -0.199921 0.259832 0.044907 0.096068 0.081882 0.143130 0.037398 -0.269128 0.189831 
0.015519 0.072132 -0.208545 0.086596 0.268833 0.329516 -0.007137 0.089701 0.047281 0.029323 -0.196179 -0.035557 -0.257382 -0.126660 -0.056305 -0.113568 -0.048046 -0.115144 0.221761 -0.181620 0.170558 -0.098521 0.071266 0.095034 -0.052098 -0.068121 -0.032416 0.239055 
0.076707 0.056898 0.158809 -0.025222 0.267349 0.244756 0.063603 -0.029036 0.195109 0.206545 -0.058624 -0.051711 -0.246785 0.142293 -0.004571 -0.098858 0.085090 -0.148547 0.184748 -0.210103 0.280346 0.220560 -0.071209 -0.062776 -0.001960 -0.067644 -0.229959 0.189888 
-0.107869 -0.092275 -0.023697 0.082626 0.126489 0.307580 -0.169989 0.139893 0.154799 -0.079670 -0.006627 -0.071734 -0.228264 0.108555 -0.107354 -0.223720 -0.131082 0.165759 -0.066927 -0.266219 0.472702 -0.038457 0.026452 0.071571 0.086577 0.042172 -0.012917 0.123277 
-0.107150 -0.051275 0.034257 0.067045 0.121601 0.423243 0.041470 0.107098 0.136307 0.048841 0.060108 0.090591 -0.144399 0.110115 -0.065707 0.013514 -0.099391 -0.078984 0.068140 -0.305960 0.399447 -0.035732 -0.197362 -0.193872 0.014667 0.055297 -0.072208 0.260979 
-0.139826 -0.083703 -0.074462 0.172376 -0.168793 0.486051 -0.074125 0.188297 0.106608 0.001767 -0.242395 0.067088 -0.332923 -0.038781 -0.122136 0.027273 -0.128443 -0.129073 -0.031133 -0.252717 0.398692 -0.172991 -0.112936 0.085710 -0.045546 -0.073755 -0.148147 0.087592 
-0.021294 -0.202060 -0.086819 0.032589 -0.090932 0.487079 -0.208668 0.111000 0.083590 -0.204151 -0.147799 0.173860 -0.222065 0.180158 -0.004576 0.076716 -0.268442 -0.059553 0.137291 -0.182507 0.203153 -0.001855 -0.100990 0.029128 0.065720 0.082327 -0.020703 0.182264 
-0.107820 0.087939 -0.283341 0.284020 -0.025726 0.374102 -0.181316 -0.080045 0.106457 0.024084 -0.008453 0.028784 -0.246012 0.071596 0.045471 0.086222 -0.347696 -0.312114 0.171581 -0.042434 0.329045 -0.039023 0.171066 0.098189 0.013113 -0.075083 -0.098918 0.119919 
-0.031361 -0.132995 0.089585 0.361428 -0.071339 0.364647 -0.188236 -0.182105 0.066256 -0.105343 -0.192222 0.041792 0.073398 -0.029532 -0.189905 0.155102 -0.147390 -0.118097 -0.000644 -0.174851 0.328883 -0.197222 0.133735 0.033563 -0.193408 0.128355 0.038396 -0.071261 
-0.085752 -0.161234 0.046849 0.181416 -0.188113 0.473059 -0.107231 0.079215 0.342237 0.144318 -0.034434 0.067451 -0.017075 0.084975 0.188092 0.337892 -0.300228 -0.057745 0.088761 -0.178527 0.070785 -0.164082 0.073207 0.171856 -0.013326 0.095955 -0.087684 0.099008 
-0.097553 -0.060982 -0.091474 0.126928 0.023892 0.600605 0.007062 0.118376 0.187050 0.105542 0.042818 0.120178 -0.295483 -0.057496 0.070335 0.157917 0.031893 0.118790 -0.019581 -0.182250 0.278484 -0.091206 -0.032751 0.000547 -0.077897 0.046198 0.056587 0.178032 
0.010482 0.036705 0.098757 0.290893 -0.063476 0.467635 0.004937 0.002901 0.147465 -0.002999 -0.128866 0.359640 -0.072315 0.111295 0.003933 0.093685 -0.057822 0.191194 0.232302 0.038338 0.334235 -0.051744 -0.045842 0.011835 -0.023377 -0.005331 -0.108671 0.308301 
-0.159773 -0.137907 -0.003761 0.201918 -0.106361 0.326559 -0.125088 0.077001 0.204700 -0.127120 -0.048007 0.005902 -0.132597 0.020226 0.242038 0.241695 0.005428 -0.101135 0.170649 -0.111521 0.205126 0.023545 -0.080835 -0.124141 -0.119189 -0.237750 -0.000310 -0.066601 
-0.020397 -0.174196 -0.246503 0.068313 -0.108028 0.323294 -0.046615 0.022473 0.175053 -0.081880 -0.144442 -0.129454 -0.246103 -0.130132 0.055508 0.090547 0.224396 -0.210072 0.116507 0.126907 0.382044 -0.012739 -0.088923 -0.110351 0.040419 0.071225 -0.344603 0.070866 
-0.071376 -0.381618 -0.048096 0.194009 -0.270442 0.459448 -0.102151 0.252942 0.153568 0.020072 -0.091288 -0.015743 -0.059974 -0.077725 0.252391 0.014486 0.166932 -0.190263 0.278550 -0.069949 0.164980 -0.163465 -0.037399 0.015792 -0.059342 0.093764 -0.189168 0.082084 
0.023066 -0.174355 -0.102678 0.054707 -0.247586 0.478450 -0.146248 0.021839 0.097249 0.053354 -0.236693 0.042327 -0.107061 0.295760 0.152230 -0.057560 -0.000282 -0.200524 0.224833 -0.137950 0.432473 0.144553 0.112536 0.165301 0.155226 0.152162 -0.021325 -0.011024 
-0.068240 -0.115877 -0.015684 0.226890 -0.380666 0.311631 -0.069861 -0.065516 -0.030123 0.040691 -0.136706 0.111243 -0.187559 -0.067452 0.306966 0.145197 0.010720 -0.356479 0.050439 -0.205926 0.218007 -0.024561 0.215223 0.223142 -0.046308 0.168604 -0.108589 -0.004686 
0.069779 -0.086779 0.131005 0.082629 -0.313354 0.165399 0.100485 -0.026905 0.038008 0.109105 0.044053 0.046622 0.042084 0.047601 0.196537 0.058717 -0.101699 -0.032553 0.197485 -0.116044 0.269409 -0.057690 0.000899 -0.048616 -0.145310 0.085277 -0.029378 0.104198 
-0.161752 0.091678 -0.174655 -0.030366 -0.303305 0.090527 -0.115272 0.082189 -0.183274 0.045073 0.097508 0.204985 -0.078300 -0.051905 0.359732 0.244859 -0.423180 -0.089771 0.036730 -0.051020 0.206325 0.004771 -0.023836 0.277867 -0.114637 0.138047 0.056502 -0.155722 
0.120497 0.074336 -0.170324 0.012042 -0.435589 0.144854 -0.127009 -0.164016 0.051394 0.217024 0.296888 0.102816 -0.304754 0.052399 0.369759 0.247344 -0.204096 -0.006620 0.168909 0.033197 0.331206 -0.094140 -0.008880 0.241725 -0.113091 0.095790 0.119066 0.087533 
-0.058826 0.008648 0.093377 -0.096939 -0.512517 0.041584 -0.192071 -0.030892 -0.167573 0.366021 -0.094026 -0.042439 -0.342002 0.115358 0.384047 0.138774 -0.315391 0.058749 -0.134175 0.091979 0.216618 -0.106108 0.073295 0.200986 0.117472 0.130732 -0.013771 -0.203368 
0.030371 -0.042663 0.041099 0.147698 -0.458192 0.282262 -0.059952 -0.115697 -0.054093 0.621659 0.099554 0.074789 -0.166377 0.148828 0.307751 0.322876 -0.087147 -0.195401 -0.026396 -0.145632 -0.031023 -0.091415 0.198317 0.259027 0.045809 0.098290 0.027958 0.141879 
-0.253694 0.009750 0.017060 -0.029446 -0.283300 0.092524 -0.086763 -0.297553 -0.036846 0.409804 0.229175 -0.249583 -0.229744 -0.092955 0.265524 0.009798 0.096058 -0.384497 0.203590 0.007039 0.142146 -0.064080 -0.102317 0.228312 0.024482 0.038887 -0.121551 0.183216 
-0.311629 -0.123039 -0.015953 0.068510 -0.292912 -0.115695 -0.063091 -0.077786 0.018251 0.332106 0.004808 -0.000519 -0.025833 -0.053828 0.414219 0.099682 -0.107124 -0.267541 0.037112 0.224732 -0.148300 -0.026476 -0.110203 0.157282 0.154508 -0.121333 0.127775 0.116783 
-0.049125 -0.103079 0.109724 0.017461 -0.191593 -0.226539 -0.134220 -0.188863 -0.009616 0.326099 0.057296 -0.067784 0.103458 0.001806 0.261678 0.123709 -0.194987 0.027730 0.088952 -0.072078 -0.025274 -0.239170 -0.110184 0.335639 0.000355 -0.104553 -0.133004 0.131440 
-0.032362 -0.125544 0.107692 0.140373 -0.198475 -0.244183 -0.010507 -0.244701 -0.037756 0.391004 -0.267529 0.053122 -0.036022 0.195949 0.132469 0.118314 -0.259645 0.025015 0.110798 0.090984 -0.264417 -0.077785 0.199416 0.118170 0.038775 0.004553 -0.093883 0.124409 
-0.032009 0.195769 -0.089716 -0.070314 -0.054141 -0.304385 0.010705 -0.086136 -0.021848 0.303379 -0.184974 -0.093757 -0.003044 0.233089 0.016467 0.229755 0.005595 0.016309 -0.090532 0.046773 -0.235409 -0.115859 0.200076 -0.170955 -0.031042 -0.062225 -0.248996 0.059645 
0.180704 0.166028 -0.023720 -0.104789 -0.036087 -0.303808 0.085553 0.193594 -0.187328 0.384037 -0.140299 -0.043033 0.145345 0.265400 -0.085693 -0.207675 0.116489 0.043141 0.118167 -0.201631 -0.197425 0.161285 0.270270 -0.336130 0.152922 0.166246 -0.329717 0.082855 
0.364314 0.230836 0.102984 0.152193 -0.047642 -0.399982 0.201018 -0.026748 -0.020306 0.288235 -0.233791 0.124945 0.277953 0.257142 0.006279 -0.200500 0.144718 0.102112 0.261104 -0.145266 -0.277450 -0.158015 -0.045347 -0.130976 -0.206350 -0.218344 -0.312352 0.125270 
0.309747 0.177660 -0.142378 0.029241 0.055257 -0.377920 0.004547 0.208503 -0.000312 0.408855 -0.202256 -0.011272 0.203108 0.388038 0.184591 -0.108370 0.210239 0.076623 0.201829 -0.248193 -0.176254 -0.062384 0.221369 -0.349593 0.019560 0.069056 -0.200418 -0.065428 
0.431325 0.369092 -0.017091 0.287231 0.088681 -0.972073 0.061071 0.112006 -0.304600 0.327720 -0.104602 0.176197 0.351979 0.463529 -0.072336 -0.006683 0.183957 0.066463 0.292497 -0.518499 -0.492374 -0.124444 0.252516 -0.278900 -0.151631 -0.113851 -0.514159 0.094894 
0.481221 0.491830 0.073257 0.228969 0.073309 -0.885720 0.171191 0.161458 -0.113506 0.225862 -0.206446 0.122626 0.499395 0.171552 -0.308937 0.228505 -0.122810 0.355145 0.380593 -0.630603 -0.469180 -0.290702 0.171153 -0.584648 -0.024147 -0.041975 -0.368031 0.115860 
0.387763 0.397547 0.054965 0.237479 0.142404 -1.366931 0.313038 0.148259 -0.322926 0.074395 -0.071593 0.210739 0.454367 0.205463 -0.264593 0.341945 -0.043945 0.530718 0.114931 -0.539181 -0.560057 -0.175339 0.307577 -0.492531 0.125229 0.004128 -0.216467 0.144724 
