0.124792 0.195860 -0.031892 0.285604 0.426946 0.295684 0.458048 -0.775057 0.463722 -0.171233 0.019660 0.274771 0.305771 -0.211239 -0.416034 0.309794 
-0.100942 -0.339089 -0.143533 -0.039903 0.465499 0.438849 0.519841 -0.386186 -1.004192 0.545920 -0.305742 -0.716775 -0.446503 -0.156861 -0.952042 0.525506 
0.180650 0.178663 0.212476 -0.742796 0.297219 -4.243056 -2.032716 0.257621 0.113035 0.202734 0.067804 0.151844 0.116288 -1.243279 0.113956 0.245592 
0.042644 0.022922 0.088239 0.537363 0.084166 0.084707 -0.052908 -0.390482 -0.276841 0.291756 0.218452 -0.157370 -1.117391 0.185425 -0.257432 -1.146836 
0.107632 0.195795 0.007624 0.395667 -0.631254 0.122349 0.352254 0.002797 -1.034701 0.007483 0.125013 -1.787050 -0.912264 -0.022067 0.279274 -1.525959 
0.208972 -0.783228 0.112122 -0.644635 0.076156 0.364508 -0.722756 0.124951 0.202896 -0.073462 -0.166435 -0.367186 0.306803 0.108334 -0.175066 -0.273234 
0.124005 0.069200 -0.066703 0.293476 0.061982 -0.030994 -0.147011 0.047120 -0.074642 0.117236 -1.206097 0.136399 0.185103 -0.357015 -0.384802 0.148141 
0.000610 0.152354 0.229992 -0.634788 -1.463043 0.290964 0.282857 0.101239 -1.550564 -0.094430 0.259047 0.194817 -1.204703 0.212146 -0.425072 -0.576121 
0.074277 0.153818 0.222780 -0.234494 -0.269310 -0.528104 -1.177421 0.350934 0.067848 0.137367 -0.943003 0.223808 -0.220273 0.199951 -0.085463 0.248180 
0.196991 -0.496216 0.290316 -0.228416 -0.714617 0.165639 0.308542 0.284533 0.271430 0.098211 -0.109264 -0.832697 0.150641 0.034599 0.101585 -0.222733 
0.264795 0.249819 0.218281 0.009252 -1.343945 -0.064875 0.151062 0.149186 -0.270982 -0.950010 0.367839 -0.271697 -0.368469 0.346009 -0.121255 0.255789 
0.260262 0.004912 0.161357 0.267076 0.618774 0.174200 -0.294414 0.012947 0.625010 -0.729565 -0.317265 0.237076 -0.592989 0.308378 -0.005856 0.115898 
0.140419 0.177798 0.170288 -0.569112 -0.601998 0.023974 -1.773955 0.100468 0.001230 -0.453101 0.155025 -0.277385 0.545600 0.187648 0.417119 -0.671662 
-0.042764 0.260047 -0.368627 0.092288 0.096832 0.200036 0.251751 -0.457164 0.144861 -0.633759 -0.370827 0.027126 0.202019 0.084469 -0.767281 0.295810 
0.253277 -0.171685 0.098964 -0.740797 -0.451913 0.416963 0.285929 0.011328 -1.317799 -1.339798 -0.035640 -0.915374 0.101679 0.320097 -0.512548 -2.034622 
-0.075333 0.203569 -0.293177 -0.132338 0.356203 -0.080932 -0.010923 -0.151283 0.783939 0.633661 0.013807 -0.013126 0.259784 0.075546 0.034974 -1.144955 
0.289914 -0.453398 -0.235585 -1.181698 0.199534 0.317752 0.502535 -0.220674 -0.127268 0.023106 0.057116 0.023885 -0.257470 0.281460 0.718498 -0.230818 
-0.576020 -0.023819 0.186601 -0.137724 0.041521 -0.028261 -0.122864 0.120729 0.691852 0.415013 -0.445770 0.047002 0.062258 -0.036794 -0.275691 -0.386284 
0.156917 -0.750772 0.184074 0.095457 -0.234290 -0.204372 -0.169533 0.172125 -1.853563 -0.316908 0.074806 -1.580708 -0.521957 0.153823 0.109599 -1.439772 
0.214221 0.184679 -0.117471 -0.966271 -1.051637 0.026932 -0.149912 -0.229375 -0.307433 0.055936 0.167982 -0.134687 -0.004693 -0.165788 -0.773644 -0.091442 
-0.016408 0.195082 0.138495 0.387918 0.277517 0.192684 0.157483 0.182125 0.060918 -0.308199 0.222752 0.249121 -2.085603 0.095887 0.284821 0.406171 
0.005226 -0.587001 -0.006156 0.654399 0.100408 -0.084686 0.148139 0.119164 -0.661883 -0.371631 0.187329 -0.169232 -0.314773 0.146626 -0.422138 -1.039384 
-0.927347 0.349991 0.220993 0.511820 0.349657 -0.021452 0.133876 -0.448019 -1.330786 -0.058790 0.324423 -0.879136 0.434256 0.211342 0.036420 -1.186770 
-0.330852 -0.031278 0.120729 -0.357751 -0.148798 0.252365 0.115559 0.014210 -0.840018 0.422047 0.145077 -0.517834 -1.280053 0.103979 -0.166498 -0.353943 
0.095427 0.070341 0.025232 0.332879 -0.199716 -1.255486 -0.303075 0.073612 0.026600 -0.042421 0.073969 0.484575 0.681354 -0.906039 -0.730172 0.068620 
0.321973 0.326663 -0.256734 0.431757 0.001298 -1.068518 -0.876672 0.262800 0.128088 0.295340 -0.173762 0.396031 -0.414203 -1.360280 -1.655771 0.208683 
-0.420902 0.032486 -0.003657 -0.484508 0.799195 -0.098905 -0.642160 0.028660 0.041229 0.121335 -1.304635 -0.223308 -0.346453 0.027230 0.779966 -0.087074 
0.060240 -0.076987 0.127067 0.278321 -0.879592 0.138833 0.134067 0.149633 -0.346910 0.288548 -1.027855 0.382089 0.162946 0.132146 -0.769861 -0.490238 
