-0.097647 -0.120528 
-0.092490 -0.076177 
0.045396 0.196715 
-0.035090 0.009335 
-0.085958 0.121517 
-0.032519 0.126035 
0.110055 -0.146215 
-0.059510 -0.083774 
-0.080828 0.132885 
-0.038500 -0.041510 
-0.125429 0.080588 
0.058436 0.211900 
0.071480 0.135844 
-0.094802 0.135701 
-0.211838 0.171239 
-0.032596 -0.263490 
0.010071 0.014230 
0.023519 -0.114210 
-0.046962 -0.172505 
-0.145682 0.057528 
-0.101406 0.094278 
-0.052672 0.148945 
-0.024844 0.053589 
-0.036774 0.336969 
0.030810 0.262617 
0.006126 0.056245 
0.082163 -0.046149 
0.092727 -0.327473 
-0.013554 -0.187986 
0.001531 -0.149901 
0.188795 -0.044270 
-0.037962 -0.026770 
-0.133808 -0.124211 
-0.123982 0.010446 
-0.037700 0.098548 
0.061179 -0.082170 
-0.129521 0.094585 
0.075297 -0.171485 
0.144128 0.080468 
-0.050355 0.091975 
0.197828 -0.367279 
0.235298 -0.391610 
0.230711 -0.114738 
-0.092277 -0.070689 
0.061759 0.124158 
-0.014877 -0.031855 
0.069185 -0.033187 
-0.030519 -0.148074 
0.067298 -0.093634 
0.177991 0.002253 
0.034558 -0.287000 
-0.035264 0.028173 
-0.060031 0.061768 
-0.098327 0.088883 
-0.057596 0.120276 
-0.151285 0.141196 
0.206609 0.123322 
-0.117664 -0.263343 
-0.077820 -0.149521 
0.301121 0.022289 
0.265047 -0.120692 
0.177730 0.079240 
0.114340 -0.000506 
-0.269146 0.025976 
-0.534951 0.318514 
-0.692192 0.195113 
-0.407895 0.279885 
-0.020161 0.103076 
0.626828 -0.196560 
0.549176 -0.398691 
0.795122 -0.477963 
0.601515 -0.478214 
0.710840 -0.719548 
0.662701 -0.523606 
0.399146 -0.410855 
0.045435 0.021981 
-0.630126 0.984410 
-0.373154 1.496316 
-0.372059 1.465055 
-0.213025 0.451480 
-0.111234 -0.317635 
0.018464 -0.946268 
0.049555 -0.494683 
-0.306009 0.233493 
-0.314984 0.094038 
-0.083529 0.102604 
0.002543 -0.063926 
0.999361 -0.355223 
0.840446 -0.431734 
-0.277371 -0.342023 
-1.192498 -0.205847 
-0.728699 -0.701111 
0.281204 -0.295363 
0.973974 0.359115 
0.368900 0.454644 
-0.580941 0.335074 
-0.698271 0.248127 
-0.053315 0.673397 
0.130830 0.582094 
0.386719 0.326093 
0.596177 0.270846 
0.286005 -0.239240 
-0.056405 -0.194718 
0.103478 -0.275967 
-0.230840 -0.126763 
-0.474888 -0.279106 
-0.826406 -0.051012 
-0.979641 0.177927 
-0.822300 -0.051428 
-0.656272 0.309914 
-0.604294 0.396226 
-0.064111 0.371278 
-0.039722 0.152048 
0.178208 -0.064442 
0.332468 -0.062600 
0.211318 0.164100 
0.025924 0.158888 
-0.195970 0.059802 
0.036251 0.311813 
-0.025859 0.172602 
0.039730 0.268007 
-0.090674 0.166202 
-0.214111 -0.020951 
-0.424680 -0.206413 
-0.271718 -0.071091 
-0.139621 0.063334 
-0.163417 0.281522 
-0.114791 0.342803 
-0.255689 0.208503 
-0.340330 0.376933 
-0.500061 0.235989 
-0.344391 0.311335 
-0.389718 0.234386 
-0.386587 -0.025739 
-0.105090 0.203470 
0.099746 -0.269863 
0.194450 -0.064110 
0.365108 -0.186348 
0.517058 -0.356574 
0.273673 -0.204475 
0.378670 -0.271305 
0.420779 -0.607209 
0.577724 -0.146887 
0.421118 -0.329427 
0.391337 -0.049678 
0.208983 -0.047188 
0.215336 0.035876 
0.107022 -0.304801 
0.197356 -0.276894 
0.144629 -0.197626 
-0.082361 -0.103624 
-0.050610 0.111066 
-0.105378 -0.029282 
-0.094128 0.105262 
0.019745 0.032583 
0.162009 -0.099534 
0.086663 -0.067100 
-0.129515 -0.123471 
-0.105836 -0.083832 
-0.182569 -0.016800 
-0.123397 0.113767 
0.082748 -0.024049 
-0.038642 0.087064 
0.112604 -0.068789 
0.348076 -0.139206 
0.167164 0.030970 
0.116381 -0.035692 
0.307927 0.008877 
0.122311 -0.016059 
-0.036169 -0.135951 
-0.142482 0.032202 
-0.128446 0.103060 
-0.102097 -0.069369 
0.148759 0.015286 
0.304203 0.002934 
0.070001 -0.039323 
-0.103239 0.056362 
-0.020113 -0.115926 
0.070954 0.051148 
0.298768 0.224354 
