1.601235 -1.203890 0.277677 -1.192555 0.386226 -0.115457 0.534074 0.887643 0.468271 -0.030821 0.492441 -0.014451 0.360224 -0.256518 0.046654 0.244740 0.233069 0.554724 -0.027712 0.607954 -0.250839 -0.015178 -0.431027 0.916306 0.011899 -0.136610 0.213401 0.485564 0.215688 0.146180 
1.359749 -0.835219 0.148122 -1.301151 0.235714 -0.048193 0.245337 0.752899 0.505729 -0.308804 0.703883 -0.017434 0.200883 -0.200136 -0.114902 0.094450 -0.112490 0.273935 0.117314 0.492387 -0.063032 -0.133670 -0.335195 0.407481 -0.176935 -0.412287 0.260536 -0.003118 0.049778 -0.163774 
0.954862 -0.597657 0.367980 -0.988777 0.094338 -0.149522 0.271374 0.755595 0.263273 -0.281933 0.414426 0.174281 0.033537 0.020549 0.037813 -0.043102 -0.282791 0.456389 -0.162293 0.671349 -0.048449 -0.338947 -0.184001 -0.023843 -0.055548 -0.405097 -0.086252 0.012052 -0.075718 -0.119749 
0.642893 -0.751034 0.053393 -0.857945 0.001781 -0.040491 0.271563 0.375005 0.145367 -0.216804 0.267231 -0.063201 0.028445 -0.118404 0.253787 0.146071 -0.114421 0.293225 -0.145912 0.560945 -0.097323 -0.193112 -0.510372 0.249451 0.090760 -0.404240 -0.200179 0.010178 0.191061 -0.241534 
0.450460 -0.649803 -0.098780 -0.520463 0.129863 0.105760 -0.067751 0.262820 0.120354 0.072242 0.125998 0.336609 0.022022 -0.133710 0.385656 0.003745 -0.014586 0.377519 -0.125818 0.190925 0.036405 -0.178578 -0.166878 0.073666 0.024226 -0.284655 -0.105196 -0.042018 -0.097954 -0.119837 
0.371852 -0.393987 -0.189492 -0.498853 0.097550 0.223128 -0.017851 -0.013960 0.241451 0.175227 -0.011824 -0.037781 -0.040451 -0.310533 0.409485 0.038571 -0.068960 0.080086 -0.133369 0.256193 -0.234847 -0.165937 -0.175831 0.232458 -0.073714 -0.350044 -0.248492 0.071067 0.082150 -0.127572 
0.401355 -0.344180 -0.137722 -0.268763 0.024186 0.306865 -0.136494 -0.081960 -0.092223 -0.010104 0.047667 0.009470 0.340324 -0.065319 0.377337 -0.071363 -0.010226 0.127636 0.000225 0.176809 -0.329016 -0.153046 -0.170410 -0.186377 0.131413 -0.221353 -0.133740 -0.011653 0.068799 -0.233746 
0.289000 -0.190725 0.032602 -0.296032 0.066094 0.167330 -0.092829 -0.399424 0.029917 0.101914 0.136151 0.140686 0.286707 -0.135167 0.467283 -0.078727 -0.003671 0.051716 0.135700 0.044632 -0.261663 -0.264093 -0.179001 -0.165572 0.024729 -0.300824 0.095320 -0.130183 0.143418 -0.054793 
0.231263 -0.230283 0.177923 -0.244377 0.007239 -0.080782 -0.084997 -0.294993 -0.370681 0.361859 0.241282 -0.022043 0.296015 0.116180 0.492142 0.020716 -0.188066 0.176174 0.123707 0.031475 0.165111 -0.084493 0.090995 -0.168688 0.007429 -0.082848 0.077188 -0.064970 -0.031263 0.249443 
0.307167 -0.073427 0.161636 -0.034218 -0.112590 -0.015714 -0.044766 -0.322678 -0.297226 0.237720 0.077660 -0.066965 0.139119 0.206539 0.238268 0.149519 -0.251187 0.282357 0.123733 -0.049197 0.128563 0.041944 -0.133292 -0.518880 0.254201 -0.089015 0.039013 0.013015 0.235174 0.165247 
0.173041 0.115664 0.050794 0.205477 0.088139 -0.308655 -0.026021 -0.376663 -0.281895 0.290659 -0.165707 0.026011 0.114178 0.150741 0.665428 -0.167341 0.063515 0.091683 0.095791 0.144489 0.245349 0.192836 -0.185816 -0.470499 0.003245 0.056862 -0.078014 -0.303048 0.362780 0.121437 
0.253656 -0.050138 0.148102 0.252193 0.001618 -0.339051 -0.233639 -0.254100 -0.026464 0.214467 0.061057 -0.087384 0.234336 -0.165631 0.332111 0.051416 -0.032024 -0.099004 0.032309 0.165848 0.124894 0.189011 -0.069970 -0.226708 -0.015841 -0.057706 -0.018885 -0.049057 0.098077 -0.107893 
0.295879 0.389088 0.070987 0.237264 0.172518 -0.244922 -0.241923 -0.032054 0.060964 0.196380 -0.184752 -0.194184 0.081162 -0.156012 0.473811 -0.304182 0.081562 -0.070173 -0.002678 0.053048 0.050733 0.190294 0.081049 -0.367031 -0.008694 0.043507 -0.053623 -0.098852 0.073675 0.139397 
0.283852 0.235184 -0.123389 0.240065 0.070709 -0.116040 -0.232967 -0.139857 0.147817 0.157012 -0.197438 -0.282234 0.034614 -0.016034 0.500595 0.052971 -0.174542 -0.059055 -0.026452 0.188516 0.300417 0.000956 0.064805 -0.154084 0.085063 0.136432 0.004615 0.016370 -0.060218 0.103439 
0.249250 0.028568 0.151474 0.369974 0.093209 -0.246073 -0.121369 0.031205 0.098049 0.255840 -0.246760 -0.237712 0.054946 0.161135 0.073437 0.096547 -0.250034 -0.226899 -0.117038 0.148183 -0.056942 -0.073101 0.315814 -0.254319 -0.064580 0.040140 0.038085 0.131828 0.001632 -0.008247 
0.327657 0.269718 -0.056427 0.102534 0.061753 0.074207 -0.097790 -0.136637 0.044394 0.299998 -0.409089 -0.196204 0.054040 0.221153 -0.005505 -0.096625 -0.200091 -0.333762 -0.144783 0.163724 -0.090542 0.064244 0.074573 -0.109684 0.311048 -0.185291 0.158425 -0.073218 -0.181334 0.160043 
0.253164 0.301646 -0.183520 0.357153 0.189454 -0.023787 -0.235347 -0.085009 0.172538 0.117900 -0.216816 -0.030045 0.039813 0.232681 -0.124901 -0.014351 -0.031645 -0.213495 -0.411105 0.011449 -0.099954 -0.008718 0.199935 0.115703 0.189470 -0.090515 0.123744 -0.183667 -0.282765 0.302227 
0.137767 0.522596 -0.152002 0.313411 0.023237 -0.139588 -0.304064 -0.262123 0.394007 0.051769 0.021665 0.004276 0.097133 0.258362 -0.367388 0.082700 -0.154694 -0.044521 -0.308688 -0.161732 0.104211 -0.352697 0.199526 0.102914 -0.001950 -0.239678 -0.169349 0.175286 -0.049540 0.355095 
0.253627 0.642979 -0.142721 0.406079 -0.013508 -0.174190 -0.503926 -0.096333 0.288480 0.134898 -0.026619 0.255887 0.080134 0.081181 -0.284901 -0.011260 -0.055950 -0.148641 -0.379009 0.016984 0.019909 -0.179870 0.096599 0.361814 -0.062674 -0.128273 -0.308669 -0.161877 -0.150209 0.414264 
0.233824 0.492702 0.178368 0.515656 -0.361212 -0.050499 -0.199401 -0.005465 0.067321 0.280628 0.116602 -0.029304 -0.040468 -0.147057 -0.351501 0.113201 0.011597 -0.107297 -0.402387 0.063471 0.118298 0.036537 0.183078 0.075681 -0.119787 0.090284 -0.307878 0.069614 -0.373792 0.301540 
0.139325 0.340118 0.070068 0.537985 -0.228709 -0.277468 -0.233342 0.243911 -0.067880 0.218631 0.287815 -0.287845 -0.198136 0.039913 -0.188050 -0.206585 -0.014257 -0.195259 -0.415776 0.176742 0.254028 -0.143831 0.281346 0.255951 -0.195801 0.175211 -0.272717 -0.105875 -0.297175 0.160381 
0.204063 0.564889 0.126441 0.492590 -0.101593 -0.349404 -0.156005 -0.126411 0.001834 0.367730 0.153494 -0.365506 -0.358750 -0.265106 -0.141318 -0.063004 -0.151119 -0.250101 -0.321981 0.181084 0.088093 0.043899 0.128066 0.263086 -0.154904 0.150534 -0.222947 0.081251 -0.414978 0.285082 
0.263701 0.806705 0.053838 0.502163 0.039478 0.115180 0.037134 0.034409 -0.204256 0.281103 0.094456 -0.367462 -0.150806 -0.311013 -0.191007 -0.061695 -0.147199 -0.183142 -0.223405 -0.256112 0.071388 -0.081354 -0.041114 0.101172 -0.371207 0.282389 -0.317754 -0.120895 -0.296012 -0.160431 
0.193967 0.973111 -0.015468 0.342741 -0.127425 0.128955 -0.305485 -0.195902 -0.451973 0.353510 -0.007133 -0.245455 -0.238759 -0.255937 -0.356046 0.038576 -0.322458 -0.397487 -0.518414 -0.324552 0.334117 -0.033897 -0.093003 -0.090176 -0.465183 0.139655 -0.359485 -0.005642 -0.329857 0.083728 
0.037686 1.001675 0.189312 0.434589 -0.198469 0.075820 0.013134 -0.081871 -0.573751 0.108411 -0.278822 -0.299474 -0.243341 -0.259301 -0.146925 -0.138669 -0.383126 -0.011645 -0.385236 -0.111232 0.135896 0.125496 0.025958 -0.237620 -0.455907 0.161470 -0.499439 -0.105510 -0.276883 0.162833 
-0.088473 0.954867 0.222935 0.297224 -0.239559 0.020133 0.053439 -0.026115 -0.447801 0.078360 -0.275461 -0.116362 -0.140691 -0.340477 -0.353822 -0.027841 -0.313148 -0.153752 -0.505986 -0.102374 0.027588 0.221118 -0.023223 -0.255645 -0.508890 0.070188 -0.165429 0.002835 -0.270405 -0.034381 
-0.065109 0.766164 0.340426 0.289428 -0.058524 -0.032066 0.199419 0.029694 -0.308796 -0.088686 -0.099216 0.046155 -0.317085 -0.192758 -0.587778 -0.218392 -0.081180 -0.245792 -0.297242 0.043354 0.214829 0.162215 0.135499 -0.277973 -0.439496 0.085050 -0.234300 -0.120307 -0.087986 0.060626 
-0.058339 0.901595 0.146467 0.375623 0.131955 -0.215030 0.228759 -0.027935 -0.192711 -0.133768 0.018096 -0.211118 -0.318356 -0.216704 -0.634603 0.095434 -0.100648 -0.068554 -0.323643 0.064329 -0.063565 0.198603 -0.007089 -0.333429 -0.434990 0.154237 0.077051 -0.171660 -0.158449 0.030416 
0.025862 0.685239 -0.126289 0.385787 0.016051 -0.206464 0.173126 0.312413 -0.060419 0.159279 -0.121120 0.033899 -0.217749 -0.175874 -0.895493 0.010646 -0.035838 -0.053174 -0.400230 -0.216295 -0.059061 0.347507 0.023546 -0.054280 -0.554701 0.472322 0.044881 0.018184 -0.344766 0.009818 
-0.057686 0.736081 -0.072722 0.328214 -0.106194 -0.228851 0.328487 0.203968 -0.028843 -0.244958 0.115785 -0.161852 -0.275298 -0.081648 -0.740967 -0.123617 -0.257241 -0.074998 -0.527157 0.077712 -0.009058 0.068225 -0.056656 0.033143 -0.438464 0.346545 -0.153269 0.134546 -0.357557 -0.158073 
-0.236459 0.592238 0.050421 0.143615 -0.131122 -0.140581 0.296417 -0.078184 -0.164243 -0.321814 0.070093 -0.105173 -0.475282 -0.103560 -0.479472 -0.073726 -0.146413 0.165487 -0.482200 -0.101321 0.161246 0.212668 -0.032860 -0.187023 -0.279903 0.359976 -0.089324 0.092213 -0.414010 -0.314506 
-0.322558 0.598928 0.103372 0.036766 -0.149677 -0.081610 0.118014 -0.349626 -0.166374 -0.298304 0.181222 -0.071646 -0.358045 0.183690 -0.523169 -0.263037 -0.325984 0.221469 -0.214299 -0.185422 0.036660 0.325336 -0.018097 -0.148907 -0.302383 0.253474 -0.183284 -0.010204 -0.015949 -0.075043 
-0.447894 0.431212 0.125508 0.008582 -0.042415 -0.310031 0.397929 -0.287415 -0.186170 -0.189535 0.144617 -0.266802 -0.304014 0.234207 -0.243504 -0.204719 -0.257417 0.019904 -0.392669 -0.007806 0.235060 0.049812 -0.065622 -0.193553 -0.383484 0.368859 -0.262794 -0.088961 -0.248356 -0.280727 
-0.392140 0.607051 0.041305 0.027080 0.008306 -0.246797 0.332679 -0.395856 -0.177991 -0.132169 0.316009 -0.219638 -0.389958 0.049004 -0.410064 -0.231758 -0.034014 0.078464 -0.222967 -0.238113 0.255715 0.162261 -0.142165 -0.164625 -0.450767 0.374816 -0.109381 -0.089077 -0.310435 -0.177155 
-0.457854 0.597312 -0.021848 0.432751 0.081991 -0.199548 0.002928 -0.473574 0.037965 -0.175106 0.097286 0.060604 -0.324445 0.157773 -0.344188 -0.025377 0.004494 0.045396 -0.187775 -0.296892 0.341827 0.106486 -0.173557 -0.205489 -0.147892 0.369196 -0.142418 -0.056146 -0.050824 0.309290 
-0.392324 0.643119 -0.205997 0.616701 0.382264 -0.329431 0.019575 -0.392178 -0.045120 -0.190347 0.038448 0.158788 -0.385355 0.110604 -0.545569 0.201001 0.143656 -0.067108 -0.245771 -0.089594 0.094716 0.172139 -0.135251 0.160711 -0.167029 0.457729 0.074336 -0.159199 -0.035021 0.117573 
-0.586617 0.555164 -0.157674 0.751599 0.336701 -0.219801 -0.001290 -0.422226 0.132117 -0.428070 0.267467 0.115078 -0.336740 0.242781 -0.655723 0.297036 0.188173 0.065251 -0.249306 -0.358510 0.119651 0.361886 -0.300270 0.155951 0.187689 0.333973 0.186459 -0.368526 0.074234 0.412919 
-0.353935 0.537772 -0.219758 0.204104 0.159042 -0.252849 -0.057617 -0.531408 0.031481 -0.414408 0.307322 0.177172 -0.103855 0.456181 -0.649099 0.068172 0.493375 0.143601 -0.268525 -0.322758 0.148695 0.356329 -0.358824 0.009961 0.317632 0.520297 0.181077 -0.177636 -0.066611 0.410906 
-0.515848 0.186698 -0.424148 0.335868 0.199657 -0.482934 -0.067712 -0.336683 0.042982 -0.545149 0.432167 0.264265 -0.122068 0.275003 -0.421177 0.110174 0.422383 0.154357 -0.113866 -0.292794 0.091415 0.413242 -0.284829 -0.016698 0.491231 0.381960 0.112995 -0.441530 -0.168415 0.119320 
-0.437800 0.181539 -0.313322 0.141121 0.273583 -0.436895 -0.300124 0.225834 0.068163 -0.472021 0.343029 0.226682 -0.194764 0.171290 -0.339797 0.141159 0.696425 0.049511 0.126174 -0.044353 0.187377 0.414962 -0.308393 -0.148625 0.355915 0.265442 0.263677 -0.394942 -0.105284 0.069894 
-0.235736 0.088233 -0.396159 0.191664 0.172510 -0.850197 -0.303262 0.166615 0.069766 -0.180090 0.262947 0.119414 -0.391693 0.243767 -0.318974 0.362217 0.919685 0.092192 -0.060403 0.115738 0.105343 0.314012 -0.457275 -0.462483 0.425564 0.158945 0.069704 -0.413558 -0.067297 -0.003535 
-0.123551 0.051994 -0.257074 0.316102 0.108227 -0.865506 -0.450622 0.138252 0.129724 -0.205522 0.177155 0.103900 -0.304620 0.225426 -0.140555 0.372665 0.975229 -0.042201 0.036956 -0.083269 0.134294 0.389442 -0.199901 0.037318 0.485051 0.359678 0.221417 -0.159785 0.264588 -0.107318 
-0.065957 0.278885 -0.083273 0.263240 0.224633 -0.555970 -0.655895 0.242435 0.052082 -0.240714 0.152901 -0.158026 -0.268623 0.355407 0.073733 0.054183 0.785197 0.028072 -0.017343 -0.273545 0.093946 0.291734 -0.221768 0.076980 0.508325 0.450119 0.018214 -0.195636 0.222296 0.213262 
-0.052713 0.102524 -0.210964 -0.023507 0.132379 -0.626475 -0.525405 -0.004730 -0.078646 -0.334628 -0.086980 -0.118954 -0.149471 0.245738 -0.088489 -0.189299 0.935968 -0.090725 0.119201 -0.120691 0.075874 0.337781 -0.056113 0.148264 0.631428 0.415726 -0.005701 -0.231433 0.546062 0.144792 
-0.146756 -0.060642 0.088599 -0.314539 0.262665 -0.501072 -0.417053 0.025383 0.216822 -0.170889 0.116297 -0.087215 0.008311 0.281395 -0.050229 -0.284998 0.813954 -0.121215 0.189762 -0.400698 0.147594 0.393861 -0.301052 0.188300 0.483698 0.211858 0.007828 -0.152145 0.434828 0.207255 
-0.323847 0.003082 -0.183405 -0.128316 0.239363 -0.508449 -0.419841 -0.036688 0.271057 -0.204251 -0.027056 -0.014827 -0.047654 0.165158 0.059058 -0.193286 0.761904 -0.140373 0.142607 -0.200385 0.132376 0.313271 -0.142772 0.372321 0.315829 0.337111 0.214484 -0.112165 0.428918 0.231790 
-0.500743 -0.144129 0.001201 -0.243608 0.617138 -0.374222 -0.156964 -0.201968 0.313186 -0.284253 0.020209 0.236342 0.004764 -0.131382 0.004965 -0.164253 0.652715 0.057607 0.177862 -0.369537 0.031875 0.333117 -0.001921 0.398825 0.085822 0.006517 0.176208 -0.163053 0.207237 0.004086 
-0.641549 -0.195123 0.013776 -0.263128 0.271462 -0.128467 -0.200727 -0.368192 0.421968 -0.171554 -0.079891 0.247043 -0.130624 0.057790 -0.086068 0.108509 0.628438 0.122531 0.278277 -0.162812 -0.049773 0.362397 -0.214925 0.282295 0.127462 -0.159973 0.249952 -0.150278 0.221621 -0.107722 
-0.676585 -0.405496 0.141827 -0.231020 0.357878 0.005364 -0.128475 -0.249741 0.560091 -0.464115 -0.292762 0.146867 0.220419 -0.062484 0.118166 0.064999 0.422631 0.049108 0.129820 -0.385609 -0.215027 0.198685 -0.123217 0.251525 0.325083 -0.025890 0.492005 -0.091449 0.204625 -0.220767 
-0.585144 -0.313893 0.159127 -0.309891 -0.092160 0.306452 0.108005 -0.185315 0.445032 -0.281329 -0.126975 0.220199 0.060647 -0.027441 0.366007 0.150052 0.027706 0.154207 0.215335 -0.557435 -0.341877 0.098932 -0.137580 -0.146789 0.154140 0.209420 0.402858 -0.066030 0.097662 -0.315283 
-0.362909 -0.536653 0.108783 -0.233794 -0.097006 0.379904 0.229106 -0.029438 0.132297 -0.068879 -0.134200 0.197493 0.139790 0.045864 0.373500 0.107119 0.181780 -0.009073 0.230890 -0.365271 -0.372304 0.058600 -0.047290 0.079982 0.063148 -0.023923 0.478314 0.094474 0.001549 -0.206315 
-0.609979 -0.462985 0.137066 -0.445505 -0.305119 0.648133 0.300824 0.116569 0.201341 -0.132920 -0.158777 0.349619 0.102103 -0.026311 0.542450 0.130525 0.447952 0.115872 -0.082219 -0.362903 -0.342616 0.061516 0.202197 0.096019 0.426404 0.211354 0.593492 0.232887 0.098491 -0.196419 
-0.586581 -0.381590 0.046341 -0.394704 -0.139571 0.821840 0.363135 0.084431 0.102637 0.049232 -0.344471 0.141569 0.050824 -0.014582 0.261897 -0.031872 0.449373 0.166904 -0.185595 -0.263146 -0.508337 0.108428 0.429613 0.153238 0.471189 0.275066 0.474482 0.325338 -0.076574 -0.291266 
-0.573817 -0.405082 0.221612 -0.299702 -0.124089 1.011615 0.390775 0.221572 0.213322 0.018811 -0.360690 0.242434 0.308653 0.221929 0.383992 -0.003479 0.286450 -0.189816 0.105627 -0.224556 -0.155282 -0.100156 0.513432 -0.081348 0.197113 0.405556 0.485271 0.388134 0.149229 -0.093538 
-0.266571 -0.217451 0.192432 -0.128370 -0.284511 0.908229 0.352925 0.198938 0.070931 0.204560 -0.173671 0.137818 0.249231 0.443360 0.188454 -0.099406 0.126230 0.071701 0.094278 -0.178981 -0.411078 -0.052926 0.676786 -0.168586 0.726804 0.255565 0.430750 0.420344 0.121457 0.076170 
-0.475433 -0.518079 0.027036 -0.225485 -0.123586 0.741627 0.303614 0.387216 0.094389 0.112458 -0.181607 0.102774 0.165676 0.512800 0.075622 0.015510 0.228613 -0.100733 0.028839 -0.188502 -0.388255 -0.015464 0.662263 -0.218261 0.332063 0.168271 0.531975 0.428565 0.313754 0.082428 
-0.409754 -0.427578 -0.012818 -0.003815 -0.164942 0.664755 0.171699 0.265025 0.051916 0.111862 -0.300744 0.124176 0.436391 0.361159 0.210366 -0.013876 0.209936 -0.035827 -0.036839 -0.409267 -0.566443 -0.030853 0.232412 -0.224375 0.252563 0.117945 0.553981 0.680361 -0.056650 -0.223738 
-0.505974 -0.535299 0.051649 -0.051136 -0.099019 0.195444 -0.104205 0.267973 0.107353 0.258437 -0.468521 0.396576 0.236950 0.205708 0.229469 -0.135890 -0.176220 -0.079659 0.316437 -0.563821 -0.589737 -0.110273 0.271587 -0.161368 0.396495 -0.062717 0.403605 0.620038 -0.014825 -0.062330 
-0.321125 -0.632403 -0.317386 -0.160695 -0.443483 0.163301 -0.128284 0.390747 0.093456 0.789577 -0.516008 0.256751 0.108840 0.251242 0.106255 -0.089397 -0.442122 -0.093207 -0.000573 -0.490783 -0.272255 -0.141794 0.088773 -0.162569 0.239998 -0.171854 0.482675 0.601650 -0.006242 -0.117500 
-0.181934 -0.591508 -0.404353 -0.027296 -0.307446 0.131618 -0.070153 0.257627 -0.073755 0.712104 -0.833543 0.080884 0.272822 0.147443 0.365537 0.073552 -0.343331 -0.065711 0.162221 -0.659454 -0.333552 -0.267250 0.206331 -0.317285 -0.108756 -0.394413 0.305464 0.390600 0.002129 -0.136048 
-0.088671 -0.447157 -0.708617 0.153995 -0.360399 0.121032 -0.291160 0.557434 -0.271616 0.550613 -0.336325 0.379844 0.269755 0.010022 0.348314 -0.058162 -0.486890 -0.006809 0.126411 -0.421706 -0.506476 -0.538713 -0.018386 -0.441647 0.190628 0.033275 0.171005 0.094391 0.571241 -0.144435 
-0.146638 -0.157368 -0.312569 0.073469 -0.169801 -0.033816 -0.102911 0.532477 -0.456507 -0.157042 -0.117386 0.264954 0.428227 -0.081993 0.474292 0.104504 -0.464504 -0.071656 0.229245 -0.339688 -0.457687 -0.833289 -0.086587 -0.106353 0.087120 -0.104849 0.076219 0.170765 0.299567 -0.561937 
-0.382490 -0.110760 -0.247325 -0.187992 -0.382448 -0.011886 -0.114413 0.558041 -0.569418 -0.265503 0.347259 0.145165 0.210044 0.187222 0.274773 0.068349 -0.403306 -0.038283 0.107484 -0.097708 -0.559687 -0.591949 -0.192973 0.007006 0.078416 0.065010 0.344288 0.216282 0.564147 -0.451926 
-0.471527 -0.156900 0.083711 -0.508240 -0.078976 -0.152086 -0.159159 0.663762 -0.560293 -0.048893 0.242988 -0.274809 0.090366 0.357962 0.269123 0.065355 -0.670972 0.159857 0.169940 0.094260 -0.258424 -0.544306 -0.490037 0.338128 0.109971 -0.332586 0.042964 0.020094 0.403222 -0.343985 
-0.231776 -0.006433 -0.022093 -0.395178 -0.045699 -0.056306 -0.074918 0.539978 -0.635489 0.005759 0.070271 -0.318846 -0.018602 0.522325 0.522679 0.108685 -0.836807 0.003856 0.203165 0.164807 -0.132650 -0.300822 -0.435401 0.492196 0.099163 -0.136600 -0.072492 0.053075 0.225365 -0.153715 
-0.008293 -0.325433 0.015100 -0.297669 -0.192018 -0.281720 -0.077815 0.516761 -0.319794 0.284805 0.009313 -0.381835 0.029851 0.761318 0.638279 0.094750 -0.746671 0.276768 0.302185 0.001967 0.032815 -0.361232 -0.336643 0.611730 -0.171257 -0.165497 -0.326510 -0.206025 0.154362 -0.085737 
-0.186239 -0.119690 -0.006212 -0.256379 -0.259699 -0.035311 -0.073150 0.697639 0.008015 0.436159 0.181719 -0.205773 0.165532 0.811467 0.568305 0.039354 -0.599962 0.237577 0.118817 0.201724 -0.098002 -0.587976 -0.329175 0.811967 -0.191848 -0.133636 -0.214557 -0.094595 0.004578 -0.218801 
0.052590 -0.350680 0.024192 -0.266318 -0.241563 -0.048994 0.110254 0.566289 0.102243 0.346845 0.445158 -0.181852 0.102082 0.315248 0.359926 -0.000162 -0.511055 0.013777 0.113870 0.190842 -0.008959 -0.773384 0.441006 0.642183 -0.169791 -0.088193 -0.154542 -0.031823 0.066355 -0.140760 
-0.109289 -0.471090 0.205774 -0.135155 -0.151130 -0.026741 0.326846 0.269963 -0.065641 0.387994 0.361268 0.012781 -0.113530 0.035871 0.082944 0.006292 -0.075440 -0.054696 -0.109632 0.235408 0.186109 -0.898264 0.464353 0.404209 -0.242659 -0.121609 -0.050032 -0.062495 0.048862 -0.210865 
0.015023 -0.771645 0.268129 0.068878 0.019885 0.019683 0.236354 0.364155 -0.123282 0.474932 0.445349 -0.069348 -0.352774 -0.204573 -0.031688 -0.096352 0.207793 -0.036715 0.012454 -0.000657 0.357391 -0.922935 0.695769 0.108250 -0.429783 -0.376452 -0.190974 -0.152158 -0.206300 0.207420 
-0.177377 -0.708450 0.215761 0.042039 0.142101 -0.140060 0.250316 0.129524 -0.070855 0.289892 0.094605 0.024995 -0.384161 -0.188368 -0.214571 -0.093335 0.365550 -0.088714 -0.154724 -0.100423 0.375017 -0.693678 0.695904 -0.090986 -0.473269 -0.490400 -0.163221 -0.243151 0.098847 0.463568 
-0.011815 -0.808284 -0.121438 0.123198 0.394925 -0.153703 0.258827 -0.021557 -0.205800 0.055535 -0.009509 0.364428 -0.637129 -0.339678 -0.281404 -0.386803 0.743327 -0.300102 -0.114386 -0.032437 0.414863 -0.436455 0.737357 -0.306209 -0.477129 -0.317094 -0.197868 -0.204482 0.399281 0.386117 
0.064373 -0.588253 0.042445 0.062424 0.271971 -0.169711 0.165069 -0.032785 -0.139807 0.108005 -0.318078 0.255266 -0.709488 -0.336814 -0.026576 -0.528885 0.769813 -0.432583 -0.280762 -0.237413 0.354764 -0.576017 0.522958 -0.429379 -0.290397 -0.390936 -0.279431 -0.373013 0.327588 0.083422 
0.309587 -0.573969 -0.172141 -0.078692 0.267203 -0.297613 0.304978 -0.150264 -0.119086 -0.165255 -0.403203 0.385684 -0.461522 -0.486762 0.035550 -0.267526 0.314520 -0.467721 -0.213323 0.107082 0.127243 -0.429105 0.582969 -0.275452 -0.287591 -0.053633 -0.385095 -0.533466 0.213566 -0.128036 
0.404860 -0.268585 -0.118463 -0.080520 0.132719 -0.107918 0.115638 -0.057920 0.152093 -0.116458 -0.168715 0.384875 -0.405250 -0.756764 0.336741 0.246911 -0.051770 -0.311590 -0.122484 -0.068744 0.190309 -0.268631 0.704531 -0.326347 -0.325838 -0.249857 -0.215757 -0.739426 0.239544 -0.598047 
0.449681 -0.179311 0.185899 0.314174 -0.056524 -0.171558 -0.048959 -0.019105 0.509548 -0.210689 0.054803 0.228954 -0.250182 -0.659582 0.335352 0.111274 -0.172514 -0.094360 0.150306 -0.019554 0.113597 -0.362187 0.295915 0.101273 -0.100705 -0.202059 -0.200980 -0.490718 0.555451 -0.747770 
0.330794 -0.031664 0.309606 0.451719 -0.156123 0.118433 -0.108374 0.086592 0.498006 -0.079655 -0.122539 0.098517 0.123352 -0.447327 0.404337 0.383156 -0.436499 0.360942 -0.086045 0.119259 0.080329 0.003386 0.399539 0.163895 -0.405211 -0.167374 -0.060232 -0.041340 0.382587 -0.556422 
0.372300 0.027309 0.385927 0.683872 -0.405451 -0.139322 -0.320820 -0.079345 0.815045 0.213467 0.407681 -0.044999 0.636531 -0.556088 0.152320 0.343652 -0.409372 0.499740 0.082751 0.100701 0.047695 -0.021976 0.146652 0.171490 -0.368206 -0.435825 -0.034868 0.191580 0.338579 -0.505009 
0.239876 -0.022244 0.465663 0.608148 -0.157800 -0.161132 -0.176314 -0.270937 0.506305 0.640646 0.477639 -0.395594 1.157556 -0.392051 0.129344 0.326951 -0.234686 0.849171 0.282587 0.101786 -0.050373 -0.010267 0.070935 0.175070 -0.491009 -0.851469 -0.490012 0.297835 0.084523 -0.039745 
-0.210254 -0.097045 -0.037882 0.770508 -0.139217 -0.339031 -0.463114 -0.586118 0.343517 0.652498 0.165577 -0.209284 1.348383 -0.259104 0.171594 0.443738 -0.269422 0.847126 -0.024006 -0.102587 -0.045741 0.082775 -0.056257 0.144854 -0.734453 -0.401618 -0.512187 0.487279 -0.048061 0.491773 
-0.303275 -0.194626 -0.502173 0.829073 0.056213 -0.340330 -0.522953 -0.586823 0.017064 0.887749 0.300640 -0.376228 1.303733 -0.005134 -0.240933 0.151431 0.191026 0.440958 -0.029448 -0.394360 0.045403 0.153314 -0.089947 0.083077 -0.737482 -0.399268 -0.234318 0.432270 -0.171591 0.388339 
-0.320560 0.136883 -0.883213 0.482787 -0.104692 -0.016241 -0.254572 -0.734169 -0.466758 0.564243 0.313297 -0.545429 0.494329 0.212792 0.029622 0.275811 0.256618 -0.304108 0.075669 -0.340433 0.008303 0.154047 0.201419 0.446852 -0.799772 -0.153103 -0.010974 0.367368 -0.125993 0.697577 
0.005320 0.272206 -0.723420 -0.073882 -0.025737 0.029110 0.020429 -0.523214 -0.481066 -0.135801 0.454264 -0.791568 -0.217730 1.065901 -0.014307 0.449493 0.183622 -0.709314 0.276779 -0.051394 -0.252532 0.666122 0.107488 0.499855 -0.562917 -0.273447 0.495072 0.285100 -0.032283 0.497950 
0.219614 0.475224 -0.473195 -0.499396 -0.298860 0.189066 0.525144 -0.356066 -0.197687 -0.667059 0.543894 -0.688450 -0.948241 1.249616 0.018117 0.316750 -0.178014 -0.925252 0.255288 0.044580 -0.230921 0.837609 0.253435 0.447969 -0.251671 -0.502650 0.707525 0.287866 -0.111189 0.267675 
0.341158 0.228727 0.074408 -0.330002 -0.151204 -0.060951 0.430922 -0.215203 -0.207213 -0.791024 0.337691 -0.353666 -1.217583 0.794860 0.127286 0.139693 -0.564756 -0.625618 0.186615 0.233399 -0.210395 0.598174 0.256250 -0.332945 -0.068181 -0.190637 0.851222 0.246015 -0.101519 -0.186585 
0.043129 0.354173 0.121426 -0.148108 -0.289910 -0.148639 0.539931 -0.069927 -0.047083 -0.365043 -0.212036 -0.258841 -0.953965 0.284829 -0.233957 0.069005 -0.576438 -0.305705 0.060916 0.295315 -0.034624 0.215768 0.168857 -0.735096 0.333596 -0.067401 0.729073 0.237611 -0.075174 -0.323803 
-0.096956 -0.078879 -0.101487 0.149561 -0.619352 -0.434987 0.024245 -0.002370 -0.198533 0.041559 -0.255038 -0.114564 -0.539770 -0.478066 0.036438 -0.373915 -0.719491 0.336590 0.232669 0.268048 -0.007826 -0.273288 0.151653 -0.796429 0.025168 0.204956 0.684895 0.158289 0.079404 -0.213417 
-0.256631 -0.346369 -0.095273 0.239764 -0.152682 -0.459267 0.032519 -0.129677 -0.031340 -0.421059 0.215466 0.263340 -0.046647 -0.801090 0.049136 -0.520262 -0.355321 0.570282 0.100533 0.234630 0.106841 -0.346709 0.066911 -0.777596 0.045022 0.224758 0.681941 0.112881 -0.114135 -0.276230 
-0.191428 -0.178601 0.191417 0.184286 0.130921 -0.110230 0.255898 -0.106750 -0.064544 -0.741126 0.453522 0.359953 0.343192 -1.167563 0.171275 -0.439848 -0.258758 0.411772 -0.080000 -0.116638 0.379868 -0.199374 -0.129466 -0.117194 0.125852 0.335569 0.327042 0.084288 -0.239566 -0.327462 
0.150731 0.193873 0.433026 0.071310 0.128595 0.277903 0.299653 0.153598 0.028631 -0.788916 0.132231 0.426168 0.501375 -0.843760 -0.014844 -0.477221 -0.088455 0.270414 -0.449505 -0.354302 0.363124 -0.390290 -0.023105 0.575889 0.124330 0.205120 0.013993 -0.103591 0.018269 -0.122724 
0.296989 0.138848 0.520634 -0.034069 0.050309 0.382459 0.208698 0.411556 0.012287 -0.414530 -0.365523 0.468342 0.689322 -0.478749 0.104418 -0.582834 0.231889 0.181680 -0.146427 -0.320809 0.323379 -0.021715 0.122326 0.969004 0.142721 0.063156 -0.036618 -0.381874 0.418556 -0.005889 
0.128094 -0.015832 0.383836 -0.083876 -0.008821 0.755729 -0.184664 0.403126 0.081624 -0.257204 -0.285110 0.499465 0.461990 -0.090494 -0.055361 -0.708046 0.560630 -0.175507 -0.133568 -0.031774 -0.065372 0.424716 0.081957 0.137885 -0.311294 0.089938 -0.181917 -0.805437 0.453119 0.583770 
-0.043436 -0.279337 -0.302504 0.287522 0.273447 0.481871 -0.531572 0.141220 -0.076688 0.315202 0.073485 0.539775 0.102458 0.339718 -0.308394 -0.476237 0.417949 -0.184934 0.011797 0.304441 -0.228399 0.756431 -0.055555 -0.278617 -0.283234 -0.267781 -0.439659 -0.786915 0.186637 0.726884 
-0.065203 -0.364888 -0.928351 -0.075497 0.041228 0.223787 -0.724051 0.252504 0.041454 0.327800 0.071841 0.253365 0.145091 0.721794 -0.368519 -0.559356 0.299775 -0.614146 0.102129 0.324111 -0.331542 0.533739 -0.051894 -0.408387 -0.303904 0.045287 -0.411832 -0.347051 -0.037004 0.623069 
0.191467 -0.402896 -0.500224 -0.206337 -0.215776 0.133358 -0.399316 -0.021770 -0.382570 0.768673 -0.236334 0.286309 0.515138 0.641581 -0.536063 -0.267811 0.212552 -0.459894 0.318818 -0.050816 -0.873329 -0.189879 -0.324800 -0.157495 0.175007 0.252166 -0.156056 0.145717 -0.157676 0.326333 
0.394923 0.090384 0.287417 -0.300222 -0.103612 -0.109699 -0.075459 -0.148840 -0.274491 0.638429 -0.610260 -0.096107 0.337460 0.267135 -0.320436 -0.230852 -0.018590 -0.371727 0.317167 0.071815 -1.193167 -0.961814 -0.219547 0.181094 0.282529 0.404079 0.037170 0.843487 -0.023382 -0.053343 
0.106746 0.445425 0.328110 -0.686561 -0.165257 -0.302470 -0.114843 -0.085934 -0.091921 0.321822 -0.279908 -0.560956 0.085033 -0.228938 -0.113578 -0.208903 -0.490616 -0.388564 0.158569 -0.179965 -1.064608 -0.802406 -0.050956 0.144143 0.214648 0.641027 -0.602263 0.904025 0.449915 -0.154430 
-0.286314 0.572094 0.331554 -0.729361 -0.186773 -0.349558 0.460406 0.001581 0.085696 0.175501 0.028296 -0.650380 -0.164831 -0.504443 0.433715 -0.427814 -0.257113 0.178567 0.079754 -0.188490 -0.074799 -0.306371 0.118050 -0.235668 0.165118 0.204118 -1.139329 0.590339 0.628311 -0.385195 
-0.070010 0.483833 0.591269 -1.088801 -0.457548 0.005066 0.847222 -0.137374 0.391680 -0.095363 -0.149224 -0.482968 0.069219 -0.594132 1.041883 -0.295142 -0.067543 0.675354 0.159101 -0.266438 0.636220 0.466880 0.307443 -0.583503 0.396437 0.226142 -0.869664 0.140719 0.488998 -0.230608 
-0.046106 0.452185 0.544563 -0.492497 -0.071544 -0.126689 0.843133 0.170113 0.708155 0.113630 -0.051490 -0.511875 0.088920 -0.468209 1.023230 -0.145250 -0.125683 0.479852 -0.067812 -0.404252 0.849668 0.370494 0.001720 -0.706639 0.301745 -0.113098 -0.624236 -0.478744 0.236737 -0.032433 
0.034650 0.109620 0.071526 -0.012634 -0.138518 -0.463497 0.233992 0.118263 0.560675 -0.098751 0.334193 -0.056554 0.038408 0.034499 0.676015 0.144179 0.087466 0.290600 -0.172293 0.018968 1.008258 -0.029531 -0.187351 -0.046743 0.466232 -0.248787 -0.952459 -0.701961 -0.074425 0.180100 
0.053698 0.009493 -0.271293 -0.022691 -0.048954 -0.571570 -0.058071 0.027916 0.527467 -0.613998 0.581438 0.177766 -0.211680 0.189209 0.190495 0.224503 0.083235 0.047351 -0.066065 -0.157052 0.656671 -0.455902 -0.382850 0.177028 0.679396 -0.445201 -0.823302 -0.738884 0.000671 0.429468 
0.041345 -0.247612 -0.375148 0.446377 0.085591 -0.165144 -0.265274 -0.153787 0.112987 -0.960714 0.954448 0.503214 0.079952 0.473229 -0.031437 0.277341 -0.156949 -0.204478 0.097486 -0.308026 0.675375 -0.612099 -0.433786 -0.247488 0.548227 -0.543544 -0.387115 -0.699156 -0.111988 0.496342 
0.276062 -0.282828 0.007249 0.698638 0.355686 -0.008808 -0.299045 -0.076925 -0.317089 -0.788599 0.675359 0.818775 0.140766 0.611918 -0.295992 0.257531 -0.285763 -0.097938 0.056047 -0.301162 0.332292 -0.534004 -0.478702 -0.334452 0.520485 -0.329058 -0.038775 -0.301965 -0.406243 0.738130 
0.240542 -0.224805 -0.097591 0.658644 0.367567 0.264663 -0.279281 -0.017637 -0.501464 -0.411388 0.706668 1.006550 -0.005785 0.461463 -0.418842 0.522064 -0.459492 -0.061130 0.176539 -0.277175 0.119732 -0.238311 -0.419217 -0.158154 0.184418 -0.402373 0.317306 -0.363858 -0.533894 0.861955 
0.098081 -0.118404 0.168263 0.360683 0.269253 0.344869 -0.757175 0.074002 -0.327886 0.220000 0.206128 1.099165 0.136386 0.210135 -0.690826 0.525326 -0.483312 0.199977 0.286629 -0.107113 -0.204480 -0.133198 -0.702346 -0.148322 0.118833 -0.381367 0.337498 -0.124000 -0.579747 1.094204 
-0.081309 -0.160748 0.594992 0.383941 -0.224713 0.352793 -0.442182 -0.171759 -0.318651 0.362177 0.010604 0.880083 0.349661 -0.072226 -0.606414 0.501024 -0.290877 0.278706 0.364271 -0.080385 -0.255774 0.186107 -0.339721 -0.125583 0.250187 -0.268529 0.482538 -0.044306 -0.402912 0.764898 
-0.005312 0.121078 0.941583 0.021392 -0.106454 0.268170 -0.252437 -0.050771 0.004639 0.173651 0.091527 0.548056 0.082741 -0.435942 -0.588059 0.347569 -0.132297 0.178820 0.401424 0.110871 -0.493256 0.246735 -0.136588 0.005443 0.024781 -0.296218 0.289228 0.373731 -0.066115 0.607090 
-0.200343 0.335962 1.219194 -0.094163 -0.096329 0.416563 -0.415703 0.051256 0.149156 0.221220 0.012339 0.270130 0.268659 -0.319451 -0.531834 0.194898 -0.081571 0.182496 0.293248 0.178620 -0.251271 0.533717 -0.070845 0.318009 0.329643 -0.129618 0.315940 0.212377 -0.103665 0.272892 
0.073219 0.446555 1.035669 -0.416816 -0.379020 0.314440 -0.038696 0.103499 0.329737 -0.007852 -0.160934 -0.046114 0.212236 -0.317749 -0.659522 0.159926 0.259406 0.053496 0.073367 0.321950 -0.485919 0.577241 0.152378 0.201821 0.284737 -0.316006 0.270090 0.440916 -0.258820 0.249568 
-0.234829 0.424238 1.119371 -0.312345 -0.214724 0.082073 0.238236 0.211565 0.260384 0.053268 -0.167154 -0.125392 0.201072 -0.426400 -0.387206 0.128282 0.018370 0.139200 0.147992 0.422901 -0.142555 0.334374 0.118267 0.318036 0.351691 -0.473499 0.014410 0.173589 -0.095932 0.027595 
-0.202527 0.163366 0.597646 -0.392392 -0.102255 -0.031421 0.297813 0.133804 0.222416 0.104809 -0.378472 -0.291843 0.047500 -0.197889 -0.597225 -0.126219 0.167292 0.249264 0.035383 0.400136 -0.221341 0.648741 0.108447 0.260179 0.173533 -0.248117 0.295588 0.535004 -0.315182 -0.262662 
-0.386883 0.082028 0.422178 -0.557398 -0.268637 -0.066173 0.421263 0.348770 0.057146 -0.200148 -0.172365 -0.371135 -0.016513 -0.296390 -0.172491 -0.104077 0.133206 0.181168 0.005407 0.277467 -0.041324 0.315862 -0.011510 0.212031 -0.093228 -0.339285 0.213395 0.684892 -0.287538 -0.061623 
-0.199484 0.107497 0.234832 -0.265269 -0.203487 -0.306828 0.319128 0.528235 0.019747 -0.127114 -0.084331 -0.373120 -0.147002 -0.520813 -0.311771 -0.046082 0.187841 -0.082572 0.190527 0.200065 -0.134080 0.679392 0.078883 0.319369 -0.060994 -0.452331 -0.156348 0.604205 -0.320835 -0.196542 
0.080985 0.050330 -0.173052 -0.291867 0.045883 -0.232491 0.299360 0.510310 0.226474 -0.208632 -0.086234 -0.430950 -0.305312 -0.284746 -0.406180 -0.281793 0.259502 -0.211830 -0.094124 0.060818 0.005544 0.418791 0.112825 0.277461 -0.215071 -0.162539 -0.127971 0.622240 -0.410753 -0.246038 
-0.015643 0.087913 0.067283 -0.127509 -0.071103 -0.037627 0.569442 0.403856 0.222057 -0.009069 -0.049575 -0.323174 -0.566429 -0.426153 -0.342861 -0.244066 0.452914 -0.164012 0.123132 0.042165 0.304783 0.366504 0.055506 0.244799 -0.202336 -0.029721 -0.227923 0.454595 -0.295585 -0.177385 
-0.012587 -0.128421 0.270638 -0.038933 -0.056116 0.110141 0.568079 0.584249 0.293659 -0.074298 -0.120226 -0.326873 -0.370333 -0.357009 -0.343434 -0.109763 0.273186 -0.098200 0.013885 -0.031708 0.398132 0.250922 -0.007195 0.291005 -0.112366 0.079679 -0.349620 0.418941 0.016484 -0.300305 
0.195063 0.057849 0.266042 0.009352 0.162217 -0.041371 0.620206 0.265559 0.056873 -0.025550 -0.128565 -0.272829 -0.320767 -0.226676 -0.493583 0.232328 0.201601 -0.189018 0.178100 0.095408 0.222187 0.345192 -0.000844 0.180762 -0.061758 0.044615 -0.193173 0.324153 0.092627 -0.257911 
0.321618 0.089318 0.194792 0.089173 -0.036526 0.067448 0.510080 0.208034 0.037720 0.244594 -0.110361 -0.025428 -0.201812 -0.317979 -0.274208 0.307968 0.034133 0.062927 0.083175 0.005150 0.102334 0.248781 -0.141926 0.049763 -0.121800 0.034767 0.018400 0.011134 0.357698 -0.115555 
0.446419 -0.200339 0.434608 -0.130645 -0.375732 -0.189944 0.377906 -0.071457 0.053295 0.343215 -0.411172 0.078511 0.026870 -0.168341 -0.391330 0.299156 0.305137 0.251165 0.285651 0.058940 -0.044995 0.482707 0.036365 0.201903 -0.095774 0.256655 0.053053 -0.112763 0.199198 0.002453 
0.268121 0.075102 0.289038 -0.131448 -0.328493 0.115581 0.489202 -0.291472 -0.018820 0.436784 -0.174304 0.150407 0.173964 0.260385 0.049232 0.321243 0.364324 0.306610 0.062666 0.160598 0.275114 0.528313 0.100281 0.175627 -0.217418 0.260369 0.267057 -0.072860 -0.044917 -0.154617 
0.243093 -0.028895 0.127902 -0.317202 -0.270408 0.184911 0.409892 -0.391477 -0.302140 0.169286 -0.400417 0.194342 0.245745 0.287781 -0.007209 0.146779 0.207178 0.320686 0.092665 0.307790 0.049860 0.316282 0.067987 0.107023 -0.037591 0.293129 -0.047507 -0.182019 -0.067586 -0.083067 
0.291539 0.101980 -0.078530 -0.233834 0.006544 0.163177 0.495746 -0.207076 -0.122441 0.238293 -0.144119 0.178323 0.067207 0.257768 0.164035 -0.017409 0.192194 0.222886 -0.098800 0.286045 0.038919 0.338968 0.337970 0.118467 -0.172782 0.193466 0.047131 -0.143582 0.071398 -0.026974 
0.270415 0.118398 -0.105908 0.079685 -0.029782 0.192811 0.599457 -0.593333 -0.246625 0.130247 -0.092756 0.096302 0.023993 0.323533 0.034559 -0.061707 0.097662 0.223429 0.148120 0.145772 0.177800 0.392280 0.273258 -0.357481 0.015154 0.251875 0.011233 -0.119203 -0.018866 -0.076714 
0.065711 0.267813 -0.256585 0.027064 0.112074 0.089956 0.384446 -0.437192 -0.198291 -0.103409 -0.177317 0.217577 0.092567 0.049355 0.154575 -0.044081 0.192008 0.218476 0.038496 0.004540 0.225539 0.253961 0.422438 -0.293466 0.122949 0.090969 -0.131536 -0.323936 -0.118906 -0.165724 
0.017766 0.085536 -0.112150 0.169964 0.061325 0.144590 0.277347 -0.434232 -0.173289 -0.065867 -0.187616 -0.081057 -0.043801 0.101795 0.332666 -0.094147 0.161562 0.131674 -0.104257 0.056685 0.165366 0.267979 0.314053 -0.599384 -0.009493 0.220030 -0.011560 -0.013215 -0.063822 -0.317408 
0.275709 -0.122820 -0.314945 0.210390 0.060530 0.043121 0.277913 -0.292857 -0.086084 -0.261499 -0.025704 -0.087657 0.183929 0.023107 0.257726 0.032215 0.266689 0.127875 -0.106421 0.102264 0.224847 0.166945 0.367466 -0.709568 0.143339 0.167639 -0.017248 0.116968 -0.129804 -0.376884 
-0.055854 -0.411879 -0.425915 0.095177 0.039440 -0.302719 0.022957 0.017917 -0.312649 -0.133821 -0.123650 -0.181287 0.403199 0.066350 0.350713 -0.196469 0.319714 0.152014 -0.191181 -0.005538 0.023522 0.070851 0.228146 -0.674476 0.053228 0.136762 0.127191 0.005112 -0.366518 -0.367219 
0.009955 -0.507577 -0.669562 -0.062710 -0.027725 -0.405913 -0.086626 -0.050041 -0.239762 0.174613 -0.283343 -0.047528 0.378228 0.009938 0.297409 -0.098245 0.149265 0.138755 -0.257931 -0.064354 -0.068869 0.143492 0.514997 -0.721598 0.171743 -0.110921 -0.167387 -0.165702 -0.207379 -0.537934 
-0.147425 -0.309654 -0.452562 0.083881 -0.059254 -0.152388 -0.044720 0.213616 -0.365540 0.070416 -0.320170 -0.199348 0.407961 0.016473 0.427415 -0.090703 0.387932 0.142488 -0.210550 0.075273 0.119390 0.153692 0.313989 -0.639859 0.153020 -0.009232 -0.173741 -0.308061 -0.305531 -0.255789 
-0.249946 -0.323328 -0.427965 -0.092000 -0.061977 -0.064538 -0.049378 0.444434 -0.300360 0.115793 -0.460797 -0.083608 0.475022 0.322308 0.269437 -0.016663 0.490879 -0.036419 -0.154926 -0.064794 0.094802 0.121965 0.365433 -0.540245 0.068996 -0.337745 -0.067657 -0.299273 -0.205513 -0.412071 
0.116126 -0.140626 -0.354044 0.083424 0.109763 0.092539 -0.373480 0.374083 -0.272809 0.086018 -0.272790 -0.019439 0.285763 -0.016930 0.250048 -0.182803 0.376444 0.184242 -0.191507 -0.129944 0.222355 0.047339 0.136676 -0.291729 0.093768 0.031777 -0.184580 -0.106302 -0.338666 -0.124209 
0.073422 -0.288478 -0.321653 -0.029098 -0.163365 -0.024600 -0.132563 0.286625 -0.409064 0.140969 -0.275176 -0.018811 0.481286 0.043799 0.416752 -0.163282 0.208397 0.096669 -0.155204 -0.151190 0.210891 0.214835 0.225689 -0.358900 0.213885 -0.153957 -0.081578 -0.102379 -0.156392 -0.024787 
-0.170451 -0.038191 -0.220289 -0.081745 -0.050914 0.033676 -0.129950 0.284552 -0.694125 0.185467 -0.381449 -0.065353 0.118636 0.189171 0.401394 0.033319 0.103798 -0.139242 -0.035050 -0.172551 -0.050119 0.080365 0.199495 0.100241 0.107398 -0.041285 -0.330002 -0.201554 -0.169127 -0.244106 
-0.219669 -0.168339 -0.300457 -0.086190 0.130482 0.134200 -0.054499 0.198962 -0.497005 0.055976 -0.283713 -0.000198 0.103245 0.038259 0.238641 0.115826 0.080186 -0.049180 -0.023014 0.236350 0.150665 -0.095589 0.174316 0.019526 -0.011644 -0.155119 -0.091925 -0.282764 0.018869 -0.243729 
-0.014681 -0.102748 -0.268824 -0.074501 0.165338 0.055758 -0.077990 0.348123 -0.449633 0.108978 -0.130685 0.028060 0.121655 0.086558 0.142886 -0.061617 -0.007315 -0.270244 -0.069534 0.180763 -0.018517 -0.238894 -0.120727 0.067830 -0.107331 0.048395 -0.066486 -0.204605 -0.061312 -0.257162 
0.153907 -0.317657 -0.167193 -0.050403 0.535237 0.199816 -0.002424 0.012103 -0.387639 0.127515 -0.351014 0.162918 0.084763 0.082179 0.297294 -0.031582 -0.303300 -0.283482 -0.218219 -0.118304 0.132203 -0.201427 -0.187519 0.125555 -0.055953 0.314056 -0.076648 -0.142343 -0.032538 -0.037566 
0.130030 -0.152931 -0.289096 0.221475 0.378433 0.297553 -0.155584 -0.117852 -0.329525 0.126065 -0.270264 0.099795 0.075392 0.311377 0.182236 0.017643 -0.161952 -0.295906 -0.192692 -0.223616 0.152415 0.011504 -0.123972 0.314344 -0.123335 0.087014 -0.030205 -0.338610 -0.042027 0.063193 
0.333870 -0.087343 -0.030219 -0.050238 0.351430 0.273929 0.029567 -0.156713 -0.535513 0.089036 -0.439654 -0.090154 -0.035588 0.189553 -0.017210 0.082386 -0.212673 -0.080633 -0.280056 -0.044471 0.253007 0.054368 -0.008301 0.167005 -0.149279 0.065409 -0.045772 -0.063291 0.128701 -0.006173 
0.164786 -0.278690 0.057898 -0.128162 0.071010 0.385163 -0.105212 0.089600 -0.468031 0.101278 -0.381956 -0.197620 -0.105296 0.257794 0.062608 -0.202984 -0.438083 -0.049208 -0.198583 0.022435 0.098327 -0.019114 0.036237 0.365553 -0.284604 0.157325 -0.047358 -0.003925 0.009805 0.135201 
-0.022018 -0.208357 -0.046482 -0.227955 0.257634 0.056747 0.024613 -0.061363 -0.413620 0.087185 -0.276311 0.022499 0.110408 0.141917 -0.040861 -0.069047 -0.233500 -0.067474 -0.136648 -0.071155 0.080009 -0.084051 -0.002496 0.377347 -0.231725 0.097292 -0.131969 0.160932 -0.154928 0.155485 
0.131308 -0.113009 -0.094696 0.002901 0.339980 0.214079 0.095066 0.081351 -0.313467 0.044272 -0.069817 -0.065901 0.042240 -0.003538 0.076031 0.006050 -0.248190 0.083126 -0.138654 -0.153742 0.012388 -0.014803 0.002726 0.346344 -0.330695 -0.008405 -0.070196 0.197590 -0.350038 0.178113 
0.179464 -0.177106 -0.192060 0.041577 0.484663 0.179690 -0.332483 0.011599 -0.049797 0.150206 0.009484 -0.044215 -0.046879 0.144494 0.085263 -0.051494 0.049931 0.045392 -0.254622 -0.269082 0.027619 0.041526 -0.273375 0.266100 -0.053105 0.160220 -0.200072 -0.026580 0.103427 0.164343 
-0.051660 -0.119376 -0.187035 0.151132 0.259762 0.088921 -0.327305 0.222419 -0.101525 -0.291411 -0.005576 -0.063616 -0.054389 0.221656 0.122920 -0.066194 -0.240893 -0.085957 -0.098411 -0.215419 0.135035 0.324386 -0.276791 -0.021619 -0.144682 -0.056492 -0.132338 0.275054 0.038440 0.212898 
0.023946 -0.101793 -0.221238 -0.125467 0.480533 -0.026623 -0.381980 0.191921 0.214680 -0.280918 0.219282 0.028021 -0.051498 0.096204 0.085885 0.004627 -0.206085 -0.114294 -0.036745 -0.143292 -0.023017 0.183232 0.055503 0.357720 -0.305198 0.035948 -0.289882 -0.031463 0.112205 0.230153 
0.382034 0.067660 -0.072445 -0.032908 0.398829 0.279921 -0.260400 -0.099456 0.005517 0.037541 0.180591 -0.177686 0.095983 0.225885 0.051832 0.058902 -0.078122 -0.290745 0.052619 0.053384 0.009029 -0.008169 -0.273699 0.093292 -0.245423 -0.047671 -0.231112 0.067862 0.141675 0.212102 
0.105718 -0.030117 -0.090695 -0.174352 0.289161 -0.011693 -0.110032 -0.025483 0.152206 -0.099191 0.192889 -0.117498 0.114951 0.083012 0.194744 -0.002588 -0.083827 -0.045762 -0.087390 -0.125432 -0.031642 -0.009196 0.000266 0.165087 -0.259373 -0.029447 -0.340212 0.171900 0.319780 0.089968 
0.066195 -0.064899 -0.312976 -0.059611 0.088364 0.139270 0.026106 -0.010382 -0.010423 -0.077580 0.164039 -0.106885 -0.006549 -0.005481 0.184045 -0.019420 -0.179890 -0.028080 0.101980 0.042323 -0.104853 -0.135518 0.118645 0.290779 -0.390145 0.308379 -0.010443 0.461221 0.330172 0.186927 
0.073959 -0.246004 0.084693 -0.286909 0.351339 0.118897 -0.358914 0.162497 0.195508 0.009237 -0.131187 0.117968 -0.006424 -0.134749 -0.070885 -0.032504 -0.088614 -0.071078 0.011840 0.181986 -0.157897 -0.139628 0.017199 0.423838 -0.382684 0.249675 0.121491 0.475398 0.162983 0.105465 
0.120465 -0.053092 -0.253535 -0.168460 0.236801 0.086108 -0.287143 -0.055855 0.133144 -0.043367 -0.043536 -0.007236 -0.090981 -0.229099 -0.026426 -0.020729 -0.228241 -0.074310 -0.138559 -0.064691 -0.014915 -0.317324 0.020615 0.228360 -0.153855 0.403668 -0.015177 0.575442 0.376682 0.136253 
0.020626 0.170408 0.026354 0.038185 0.339223 0.170576 -0.129025 -0.029463 0.143469 -0.012645 -0.082374 -0.030993 -0.061130 0.047808 0.075557 -0.027333 -0.069762 0.084847 0.074179 0.194432 -0.186417 -0.166525 -0.061043 0.172847 -0.410864 0.459943 0.141062 0.338663 0.276624 0.324975 
0.171042 -0.020560 0.246941 -0.221748 0.236023 -0.107879 -0.145614 -0.216617 0.243643 0.100191 -0.020771 -0.014326 -0.188869 0.063605 0.066050 0.022147 -0.096140 -0.027252 0.129354 0.171043 0.015613 -0.087722 -0.217110 -0.054428 -0.365447 0.374049 0.056545 0.226507 0.376191 0.008391 
0.322109 0.007466 0.033316 -0.197528 0.422384 -0.057746 -0.152154 -0.116022 0.156715 0.161698 0.231121 -0.160970 -0.148765 -0.038946 0.068298 -0.079978 -0.309160 -0.182589 0.302651 0.180594 0.120618 -0.045894 -0.124729 -0.235908 -0.030897 0.243893 0.047047 -0.043847 0.404829 -0.016797 
0.061982 0.001660 -0.192328 -0.158657 0.227827 -0.199189 -0.138023 -0.133078 0.081333 0.004347 0.224741 -0.194845 -0.326223 -0.127783 -0.005042 0.129433 -0.332877 0.150256 0.100630 0.211638 0.117802 0.149415 -0.347376 -0.012705 -0.161271 0.245496 0.262785 0.171784 0.185335 0.120134 
0.018797 0.059280 0.038207 0.070838 0.484695 -0.188889 0.106748 -0.251571 0.073339 -0.090199 0.070370 -0.094975 -0.249893 -0.127673 -0.061341 0.115410 -0.527664 0.247207 0.127925 0.218276 0.052682 0.266219 -0.242240 -0.109144 -0.032314 0.309543 0.245360 0.273768 0.182248 -0.193088 
0.026393 0.127362 -0.137362 0.030674 0.353136 -0.273583 0.035196 -0.217122 0.413051 -0.176350 0.119150 0.090396 -0.119251 -0.235463 -0.017656 0.236895 -0.357489 0.050498 -0.044652 -0.152768 0.035657 0.067252 -0.200349 -0.168965 -0.313114 0.239699 0.124227 0.221465 0.313421 0.019300 
0.078817 0.051202 -0.199639 0.193100 0.473770 -0.057368 0.113319 -0.229246 0.321977 -0.194626 -0.119728 -0.098197 -0.213481 -0.307684 0.035496 -0.093541 -0.306075 0.041099 0.009909 0.044856 0.162202 -0.063700 -0.385834 0.073385 0.010371 0.444760 0.323266 0.172231 0.222134 0.055056 
0.142592 -0.007917 -0.025520 -0.074156 0.129325 0.115155 0.019706 -0.112516 0.192810 -0.013917 0.038139 -0.076318 -0.093711 -0.000668 -0.100886 -0.162008 -0.296111 0.081499 0.348602 0.206943 0.091705 -0.252267 0.035273 -0.329900 -0.188707 0.269134 0.256647 0.103030 0.190543 0.238734 
0.080618 0.105658 -0.192936 -0.123275 -0.001009 -0.104927 0.142582 -0.077818 0.108359 -0.013051 0.097042 -0.360709 0.004391 -0.142112 -0.121429 0.040836 -0.152584 0.071342 0.377323 0.384496 0.299852 -0.015136 -0.336797 -0.054394 -0.216440 0.182949 0.120240 -0.073692 0.384456 0.117785 
0.160021 -0.104254 0.169819 -0.015408 0.050257 -0.138736 0.145475 -0.126229 0.058799 -0.026423 0.054540 -0.008626 0.111559 -0.200548 0.036344 0.061274 -0.287889 0.028337 0.180436 0.343305 0.030818 -0.225776 -0.148436 0.023178 -0.062508 0.369565 0.090666 -0.410795 0.223816 0.050599 
0.051400 0.185129 -0.050313 0.013339 -0.266098 -0.105324 0.077746 -0.020731 -0.052682 0.278122 -0.065211 0.058042 0.015678 -0.166340 -0.110191 0.127339 -0.103242 0.264870 0.156386 0.065458 -0.012175 -0.238913 -0.131835 -0.130673 -0.075636 0.183581 0.072303 -0.206918 0.369919 0.102163 
-0.071171 -0.021838 -0.164286 0.176285 -0.273106 -0.287832 0.180609 -0.322624 -0.158950 -0.195707 0.039520 -0.127030 -0.193855 -0.193187 -0.160146 0.147016 -0.199487 0.057972 -0.039456 0.265504 -0.009378 -0.070127 -0.334434 -0.270025 0.169594 0.099839 0.185049 -0.309790 0.115383 0.166024 
-0.106270 0.151194 -0.142873 0.055838 -0.260859 -0.149068 -0.034526 -0.372483 -0.007862 -0.092130 -0.092238 -0.026053 -0.184372 -0.081211 -0.264294 0.018984 -0.253755 -0.063364 0.155513 0.296817 -0.063524 -0.344736 -0.372798 -0.164718 -0.072581 0.237842 0.249261 -0.356557 0.206829 -0.340083 
-0.217217 -0.032985 -0.181862 -0.108344 -0.326449 -0.139425 0.032178 -0.429247 0.270126 -0.202316 -0.142858 -0.040825 -0.238499 -0.059427 -0.207153 0.086585 -0.130825 0.190164 0.181440 0.350165 0.130896 -0.027945 -0.476151 -0.449006 -0.002607 0.110223 0.268169 -0.189314 0.259355 -0.255434 
-0.007873 0.115757 -0.159801 0.223821 -0.472681 -0.083182 0.138809 -0.223734 0.309147 -0.057906 -0.028350 0.081961 0.029904 -0.093440 -0.423047 0.005567 -0.048727 0.215506 -0.065886 0.338572 -0.013965 -0.133236 -0.340786 -0.543433 0.071645 -0.083108 0.214324 -0.504125 -0.273653 -0.065324 
0.019680 0.138052 -0.097837 0.117151 -0.363101 0.028950 0.225814 -0.422586 0.251865 -0.214263 -0.156707 -0.070236 -0.123110 -0.056750 -0.268435 0.012415 -0.036566 0.275186 0.198615 0.438898 0.196901 -0.032651 -0.398307 -0.740127 0.131575 -0.218770 0.155349 -0.241096 -0.216181 -0.219369 
-0.085746 0.156452 0.097901 0.110012 -0.478665 0.090497 0.225393 -0.151855 0.468646 -0.106562 -0.111792 -0.204593 0.059520 -0.108963 -0.332571 -0.005803 0.005307 0.055296 0.450133 0.225843 0.301607 0.024536 -0.341866 -0.615993 0.035108 -0.141823 0.071304 -0.442829 -0.292778 -0.290088 
-0.053124 0.272013 -0.110172 0.230660 -0.627109 0.301609 0.065450 -0.312362 0.068066 0.004000 0.137402 0.091486 0.163016 -0.200431 -0.154595 0.048771 -0.027444 0.043145 0.327737 0.297596 0.135109 -0.011639 -0.305407 -0.486014 -0.064979 0.057033 0.106344 -0.249994 -0.027255 -0.138031 
0.017810 0.254465 -0.194933 0.249327 -0.809887 0.281087 -0.195500 -0.292954 0.124880 -0.034305 -0.200159 -0.074214 -0.129237 -0.283766 -0.298383 -0.094131 -0.240733 -0.025284 0.080272 -0.106215 0.139129 -0.032060 -0.285817 -0.504955 0.094093 -0.211030 0.004746 -0.434233 0.037366 -0.057363 
-0.111389 0.188375 -0.003059 0.080873 -0.704192 0.338192 -0.372358 -0.288357 -0.089329 -0.133919 0.057571 -0.133135 0.029827 -0.116536 0.077485 0.079556 0.043662 0.140196 0.138725 -0.190595 0.029000 0.180113 -0.177482 -0.423462 0.296252 0.062899 0.292622 -0.361795 0.120067 -0.008475 
-0.159897 -0.008527 0.051501 0.054714 -0.506460 0.372777 -0.257908 -0.168779 -0.151699 0.153735 0.238576 -0.240892 -0.007766 0.018832 0.101872 0.014613 -0.305575 0.117903 0.173402 -0.153161 0.070510 0.200548 -0.168014 -0.361210 0.413106 -0.202975 0.024856 -0.249263 0.195072 -0.218937 
-0.270668 -0.022744 -0.052014 0.200119 -0.287709 0.350529 -0.323338 -0.033592 0.075910 -0.048369 0.228080 -0.026420 0.130344 -0.171417 -0.107293 0.066063 -0.106387 -0.066669 0.239205 -0.046803 -0.141024 0.119912 -0.036966 -0.140897 0.259599 -0.049091 0.114648 -0.319339 0.130062 -0.244695 
-0.132278 0.251950 -0.192958 0.105970 -0.002035 0.317924 -0.550047 0.113873 0.111169 -0.017006 0.088310 0.072677 0.096121 -0.344496 -0.079220 -0.057225 0.005490 -0.240929 0.042159 0.010086 -0.276869 -0.223730 0.035526 0.100066 0.297823 -0.021368 0.189671 -0.047254 -0.107450 0.013036 
0.098959 0.160306 0.063862 0.522744 -0.331898 0.293464 -0.385293 0.020511 0.122404 0.013393 -0.068255 0.241898 0.076943 -0.180483 0.007894 -0.075696 0.156006 0.012866 0.076404 0.014683 -0.103195 -0.150163 0.193267 0.126848 0.225245 -0.297132 -0.031668 -0.137772 -0.129378 -0.199886 
0.152219 0.293606 0.023288 0.359464 -0.326947 0.496558 -0.056072 0.067943 0.172269 0.048584 0.174647 0.089073 0.008935 -0.187568 -0.035562 -0.044721 0.054185 -0.262583 0.094626 0.022574 -0.417328 -0.040936 0.099493 0.136952 0.311258 -0.184170 0.021093 0.052728 -0.108469 -0.381118 
0.211385 0.198674 -0.071994 0.086738 0.060807 0.391680 -0.142463 -0.081280 0.033178 -0.039492 0.170278 0.077381 -0.393151 0.154973 0.170056 0.012189 0.026492 -0.243664 -0.066263 -0.031877 -0.434110 -0.124712 0.134488 0.342533 0.274199 -0.052871 0.155749 -0.061283 0.089626 -0.167664 
0.200627 0.103751 0.194689 0.086777 -0.115134 0.398803 -0.037865 -0.468381 0.047942 -0.093253 0.220565 0.016028 -0.273207 0.138084 0.313865 0.162631 0.247081 -0.270393 -0.027678 0.043826 -0.365175 -0.196165 0.123250 0.501449 0.006957 -0.125826 -0.197606 0.208879 0.093426 -0.075889 
-0.221221 -0.009692 -0.007154 0.013934 0.085743 0.235258 -0.004231 -0.172138 0.049365 -0.030682 0.252705 0.034742 -0.384208 0.005358 0.359507 0.055747 0.225714 0.118662 0.019924 0.282911 -0.503299 -0.447906 0.046310 1.084398 0.127061 -0.297084 -0.063406 0.237523 -0.266236 0.149177 
-0.377189 -0.120905 -0.297018 -0.153957 0.194093 0.258471 0.309507 -0.342800 0.359597 -0.136695 0.105369 0.113552 -0.333501 -0.046731 0.264482 0.027978 0.464789 0.083252 -0.194731 0.638124 -0.158397 -0.719047 0.194512 1.421885 -0.149064 -0.530715 -0.278754 0.772589 -0.401251 -0.083127 
-0.589416 -0.341743 -0.247933 -0.452461 0.399309 -0.036282 0.214273 -0.212906 0.246063 -0.082920 0.419452 0.157765 -0.084299 0.046698 0.310960 -0.067389 0.624905 0.030809 -0.036659 0.718925 -0.281286 -0.903751 0.651976 1.721301 -0.148427 -0.529290 -0.377173 0.719364 -0.447686 -0.103717 
