-0.069272 0.097934 0.213690 -0.596919 -0.894671 0.334590 0.351794 -0.178071 -1.485731 -0.369771 0.279491 0.221885 -0.961571 0.249817 -0.455561 -0.678579 
0.169895 0.344202 0.123378 0.203689 -0.507350 0.264986 0.384536 0.107700 -0.146047 -0.255542 0.270296 0.174397 -2.048873 0.230790 -0.184096 -0.222543 
-0.636907 0.308298 0.187937 0.409335 0.101440 -0.315903 -0.268388 -0.287934 -0.872416 -0.309899 0.196782 -0.785096 0.370248 0.170845 0.024176 -0.963558 
-0.203159 0.008499 0.013434 -0.512379 0.086563 0.129094 0.285968 0.032860 -2.902101 -1.046304 0.138943 0.334808 0.202439 0.186983 -0.848574 -0.048627 
0.067787 0.094904 0.002284 -0.026821 -1.138545 0.184524 -0.607166 -0.017740 -0.369290 -0.246295 -1.727895 0.112704 0.135746 0.111957 0.171440 -0.044512 
0.254873 -0.564449 0.168169 -0.568159 -0.420183 0.179688 0.321359 0.117004 -0.091342 -0.041338 -0.382383 -0.961276 0.135284 0.035708 -0.199090 -1.345192 
-0.329981 0.004251 0.047866 -0.195120 0.148804 0.414156 0.504907 -0.240512 0.152168 0.202060 -0.205199 0.150788 0.374296 0.181330 0.442213 0.130256 
0.243217 -0.429303 0.190133 0.330298 -0.423364 0.128209 0.282571 0.136518 0.006768 0.104564 0.026786 -0.346804 -0.324890 0.028558 -0.469706 -0.919149 
0.165779 0.095163 -0.125725 -0.296250 0.551826 0.615846 0.256189 -0.377283 0.432717 -0.282765 -0.532521 0.215876 0.244258 0.335947 -0.111796 0.312594 
0.199835 0.002230 -0.025005 0.757507 -0.367859 -0.490439 0.181918 0.175657 -0.543834 -0.006039 -0.574770 0.201180 0.135214 -0.481085 -1.261735 -0.118574 
0.009176 -0.569427 0.104046 0.614297 -0.895261 -0.376726 0.040363 0.126115 -0.610232 -0.112230 0.171780 -0.613718 -0.502964 0.277968 0.262635 -0.583281 
0.163045 0.124806 -0.373353 -0.219027 -0.118039 -1.364307 -1.095157 0.050013 0.180387 -0.090482 -0.034124 0.422293 -0.498126 -0.784708 -0.916753 0.229897 
-0.086927 0.040436 0.114121 -0.003717 0.643785 -0.394563 -0.452113 0.156957 0.190604 0.284739 -0.848293 -0.498481 -0.790316 0.061983 0.392129 0.173982 
-0.116210 0.122344 -0.310626 0.742478 0.572572 -0.400210 -0.190678 -0.237594 0.578301 0.552822 -0.142028 -0.327096 0.232782 -0.317235 -0.299196 -0.062509 
0.112548 0.112912 -0.136957 -0.058498 -0.107274 0.120750 0.320883 -0.096488 -1.542385 0.789249 0.198806 -0.485997 -0.687107 -0.095121 -0.830209 -0.483973 
0.093692 0.115412 0.160555 -0.523457 0.008513 -4.946982 -2.389187 0.194788 0.006316 0.147902 0.080634 0.230905 0.219197 -1.599143 -0.084618 0.077505 
0.052741 0.100731 -0.161909 0.271893 0.217503 0.147650 0.490298 -0.656086 0.064119 0.068908 -0.007566 -0.565033 -0.539611 0.048647 -0.179814 0.037426 
0.280953 0.287129 0.167673 -0.082011 0.025689 0.057265 0.189490 0.111539 -0.751926 0.132759 -1.128174 0.458375 0.481796 -1.469740 -1.395250 0.340309 
-0.026269 -0.028777 0.146613 -0.258146 -0.449018 0.207617 -0.261669 -0.396023 0.032975 0.282406 0.089180 -0.187662 0.161580 0.166067 -0.773267 -0.678309 
0.223253 0.382369 0.080835 -1.363486 -1.779836 0.217774 -0.010088 0.056561 0.129445 0.234768 0.207037 0.145713 0.354214 0.134696 0.051334 -0.610471 
0.249114 0.264711 0.239042 -0.391765 -0.499246 -0.604678 -0.322381 0.253586 0.008535 -0.439497 0.537983 -0.546427 -0.603341 -0.138261 -0.209791 0.495430 
-0.077826 -0.401774 0.202035 0.438850 0.595032 -0.025082 -0.574213 0.034811 -0.677397 0.049012 0.039594 -2.398234 -1.401347 0.311188 0.385578 -0.486732 
-0.261155 -0.045856 0.128620 0.590423 0.464411 0.141271 -0.362997 0.119239 0.021249 -0.119690 0.077441 -0.058629 -0.022205 -0.074946 0.246155 0.199235 
-0.230919 0.007641 -0.229038 -1.033843 0.782309 0.737642 0.166837 -0.376448 -1.012013 -0.004458 -2.041562 -0.236869 -0.202185 -0.107244 -0.277857 0.354964 
0.017684 -0.618889 -0.085077 0.285466 -0.011916 0.117773 0.204350 -0.051109 -0.316603 -0.305730 -0.023847 -0.572677 -0.715284 -0.022712 -0.290848 -1.108135 
0.208255 0.020053 0.222654 -0.879908 -0.112603 0.141314 -0.346912 0.152030 0.164535 -0.962501 0.373467 -0.247230 0.204265 0.302010 0.284423 -0.094411 
0.211496 0.066249 -0.035427 -0.116990 -1.204158 -0.193987 -0.362986 0.258228 -0.207612 -0.340044 -0.720137 -0.865558 -0.243154 0.147406 0.029573 0.542356 
0.156697 0.323046 -0.321772 -0.190472 0.204829 0.063527 -0.881646 0.278303 0.554037 -0.331301 -0.026030 0.254370 0.695008 -1.054455 -1.023775 0.039611 
0.220360 -0.487475 0.070271 -0.426800 -0.027256 0.157224 0.095055 0.141265 0.035504 0.098066 0.036354 0.038509 0.114179 0.117520 0.226495 -0.639969 
-0.310234 -0.151651 0.186118 -0.397911 -0.255692 0.105703 -0.745661 0.151278 0.147845 0.359278 -0.205531 0.148163 -0.527744 0.120477 0.019849 -0.369943 
