-0.596927 0.209639 -0.449148 0.450488 0.148587 -0.163398 0.217220 0.393226 0.033405 0.831074 -0.122217 0.311285 0.482450 0.063776 0.685698 0.140945 0.268143 0.178061 0.434135 0.294062 -0.356850 -1.737475 0.071038 -0.510753 -0.163686 0.479157 0.089756 -0.099683 0.486805 0.532342 0.106005 -0.199879 
-0.501484 -0.009003 -0.266333 0.545690 0.213930 -0.060650 0.521153 0.447631 -0.164066 0.311472 0.028673 0.336841 0.445222 -0.021704 0.519917 -0.008615 0.427909 0.198921 0.661417 0.158156 -0.204752 -1.378048 -0.108883 -0.457076 -0.247518 0.295090 0.249292 -0.099616 0.470534 0.672661 -0.012755 -0.170977 
-0.497851 0.256197 -0.058913 0.246805 0.157096 -0.470031 0.324465 0.197789 -0.008528 0.151009 0.074573 0.298920 0.458163 -0.139490 0.862039 0.193826 0.286443 0.001166 0.411444 -0.152796 -0.267220 -1.141788 -0.104197 -0.411238 -0.072688 0.127483 0.043628 -0.101057 0.510712 0.637550 0.191297 -0.228319 
-0.518101 0.059700 -0.102163 0.176839 0.215569 -0.178864 0.386964 0.110501 -0.024996 0.375180 0.008290 0.303312 0.206774 -0.053910 0.729447 0.279296 0.236159 -0.042366 0.377683 -0.227866 0.067674 -0.896253 0.131408 -0.256363 -0.012491 0.132782 0.299549 -0.148170 0.361158 0.450474 -0.007321 -0.046252 
-0.560670 0.081491 0.037045 0.021986 0.217591 -0.309255 0.194296 0.347442 -0.080521 0.451931 -0.136116 -0.034174 0.272289 -0.355302 0.547390 0.060951 0.289623 -0.083652 0.430126 -0.071468 0.011583 -0.691357 -0.105454 -0.226525 0.164223 -0.123085 0.341369 -0.132957 0.121586 0.563788 0.081817 -0.185477 
-0.318363 0.179582 -0.219703 0.251511 -0.165527 -0.322627 0.213456 0.275062 -0.257278 0.295072 -0.096677 -0.115151 -0.011735 -0.499255 0.479262 0.272800 0.135358 -0.024886 0.390391 -0.067663 0.175412 -0.679625 -0.109117 0.032360 0.266740 0.064621 0.152822 0.079663 0.291406 0.500264 0.144796 0.135573 
-0.085223 -0.034097 0.027938 0.267929 -0.106843 -0.271130 0.099007 0.119654 -0.054176 0.197381 0.032627 0.041552 0.047038 -0.508051 0.160314 0.177030 0.226797 0.066233 0.171913 -0.096907 0.005641 -0.510115 0.149400 0.144975 0.213481 0.000909 0.283604 0.019106 0.118191 0.579020 0.106525 -0.090097 
0.042001 -0.050436 0.208830 0.156293 -0.190279 0.064604 0.382682 -0.016214 0.058689 -0.003197 0.205986 0.165693 0.130222 -0.420429 0.067469 -0.095986 0.089740 0.025989 0.395512 -0.157722 0.178797 -0.481086 0.026141 -0.056594 -0.039086 0.073850 0.111306 0.049398 0.203175 0.332656 0.259027 -0.116612 
-0.055914 -0.065421 0.159281 0.181032 -0.159231 0.070937 0.237808 0.055014 0.082562 0.091709 0.087938 -0.037802 -0.190488 -0.300773 -0.056707 0.064671 0.141960 -0.175770 0.147530 -0.364445 0.062799 -0.606423 0.118558 0.016817 0.002516 0.232477 0.116985 0.021119 0.122216 0.114490 -0.020033 -0.100382 
0.008128 0.110409 0.315780 -0.085779 -0.011110 0.077200 0.201148 0.063705 0.160571 0.172935 0.026223 0.238434 -0.213348 -0.341367 -0.141546 -0.106808 0.041300 -0.267275 -0.032520 -0.234904 0.226363 -0.579351 -0.112470 0.216183 0.045917 0.162751 0.313036 -0.174034 -0.043142 -0.077317 0.139265 0.092399 
0.095360 -0.182920 0.228946 0.030581 0.159552 0.120406 -0.188618 -0.223231 0.057473 0.047257 0.019640 0.226406 -0.077270 -0.453710 -0.089298 0.068667 0.106893 -0.230493 0.017951 -0.396161 0.064264 -0.381240 0.156576 0.065903 0.429812 0.016128 0.063362 -0.119286 0.037860 -0.158739 0.227930 0.134672 
0.245512 -0.182974 0.147041 0.002799 0.018361 -0.037405 -0.025441 -0.331944 0.049386 0.077703 -0.021793 -0.204938 -0.042582 -0.272587 0.040276 -0.091362 0.053056 0.043829 0.231726 -0.264078 0.108072 -0.159464 0.129904 0.016564 0.272281 0.003972 -0.110742 -0.056393 -0.106633 0.116186 0.168679 0.356756 
0.118422 0.140745 -0.041968 0.062629 0.339957 0.199451 -0.163276 -0.506247 -0.074060 -0.034485 0.047143 -0.119040 -0.115626 -0.346170 0.008364 0.021838 -0.212403 0.067280 0.633178 -0.302699 0.204562 -0.054498 0.234743 0.127464 0.138931 0.232467 0.174439 -0.103881 -0.028223 0.026266 0.108674 0.213856 
0.160955 -0.189292 0.267485 -0.117331 0.085198 0.030388 -0.060359 -0.541361 -0.187588 0.098669 -0.030610 -0.008220 0.245777 -0.216009 0.022743 -0.126669 0.093316 -0.163198 0.405859 -0.222763 0.216539 -0.351539 0.135942 0.019594 -0.085581 0.059227 -0.082499 -0.209063 -0.266792 -0.004497 0.201617 0.057195 
0.055081 0.072978 0.290250 -0.182851 0.141436 0.314666 -0.087416 -0.359462 -0.093552 0.013293 -0.034915 0.034242 -0.085717 -0.056961 -0.117337 -0.048579 -0.089095 -0.117118 0.629191 -0.183669 0.252751 -0.094279 -0.034068 0.006590 -0.012605 0.312790 -0.076095 -0.050421 -0.151176 0.064744 0.219768 -0.017826 
0.117510 0.090296 0.211351 0.046706 0.265063 0.257280 -0.146289 -0.523588 -0.047747 -0.200856 -0.068267 -0.030111 0.071501 -0.252900 -0.225052 0.026669 -0.135437 -0.234917 0.304860 -0.114582 0.188615 0.074894 -0.021105 0.018942 -0.128868 0.273836 -0.096530 -0.095061 -0.002141 0.194339 0.030859 -0.373870 
0.194314 0.216153 -0.147788 0.324800 0.045683 0.349285 -0.231114 -0.359217 0.075733 0.084388 0.196452 -0.163000 0.290605 -0.154287 -0.288112 -0.063271 -0.130421 0.064186 0.383592 0.112135 0.140688 0.206043 -0.339359 -0.005534 0.148169 0.275000 -0.126113 -0.183691 -0.268239 0.029373 0.072338 -0.080252 
0.240379 0.064268 -0.087691 0.098767 -0.212563 0.179751 -0.271379 -0.358116 -0.283027 -0.145693 -0.099893 -0.191909 0.110998 -0.038708 -0.279362 -0.053253 -0.036083 0.001654 0.234562 0.080509 0.085977 0.392018 -0.268639 0.098985 -0.044603 0.152035 -0.031040 -0.190847 -0.243624 -0.051054 0.024323 -0.127795 
0.431420 -0.001025 0.068670 0.154468 -0.167800 0.163513 -0.132358 -0.444351 -0.027431 -0.241827 -0.017975 -0.169572 -0.078124 0.181400 -0.235392 -0.083891 -0.079948 -0.110263 0.354320 0.072575 -0.031152 0.240904 -0.369659 0.128067 0.021188 0.164905 0.037618 -0.133985 -0.223105 -0.091919 -0.269184 -0.245571 
0.126099 0.112519 0.142067 0.097117 -0.038161 0.075262 -0.273887 -0.612613 -0.146516 -0.187727 0.138997 -0.282726 -0.095866 0.187506 -0.177425 -0.098933 -0.217937 -0.068553 0.507564 0.091897 -0.095589 0.157719 -0.271485 -0.045985 -0.003470 0.188867 0.054681 -0.238903 -0.370029 -0.241370 0.014506 -0.218094 
0.043022 0.126266 0.041119 -0.027277 -0.079200 -0.043150 -0.109298 -0.612695 -0.147794 -0.297105 -0.188352 -0.197291 0.051753 0.076657 -0.077368 0.197579 0.000289 -0.167280 0.377716 0.045038 -0.110317 0.357760 -0.488232 -0.111217 -0.039150 0.136789 0.112071 -0.328376 -0.416613 -0.270685 -0.060557 0.219097 
0.240668 0.153004 0.059847 0.171768 0.043778 0.102684 -0.465273 -0.539133 -0.077049 -0.402277 -0.136503 -0.155072 0.018293 0.118156 0.069117 0.249038 -0.088419 0.035653 0.298475 0.074457 -0.071128 0.172943 -0.334040 -0.149158 -0.202267 0.031705 -0.129568 -0.394912 -0.429202 -0.062716 0.211628 -0.046974 
0.320639 0.106864 -0.040890 -0.117769 0.066631 -0.040831 -0.230469 -0.442223 -0.224511 -0.488982 0.004833 -0.351935 0.203098 0.256836 -0.120666 0.283583 -0.132342 -0.213639 0.014047 -0.040391 -0.332643 0.162354 -0.262500 -0.176057 0.138151 -0.036130 -0.058489 -0.167886 -0.391409 -0.068947 0.241331 0.048495 
0.129705 0.124610 0.112979 -0.072168 -0.198385 0.046379 -0.207796 -0.467251 -0.011622 -0.674294 -0.002654 -0.373713 -0.127697 0.136375 -0.249901 0.133939 -0.028907 -0.236523 0.170949 0.161030 -0.123840 0.272671 -0.172165 0.049879 -0.173282 0.082666 0.000505 -0.093356 -0.403550 -0.051358 0.223737 0.267196 
0.139892 -0.106178 0.340046 0.156577 0.075418 0.152869 -0.147849 -0.365710 0.039623 -0.561156 -0.035297 -0.273217 0.134671 0.018792 -0.226992 -0.160341 -0.054153 -0.544848 0.175357 0.129457 -0.487146 0.330026 -0.312422 -0.019207 -0.154094 -0.229336 0.094201 -0.412733 -0.153643 -0.262666 0.058551 0.101890 
0.009522 0.180417 0.325579 -0.106074 -0.122803 0.182209 -0.186271 -0.333184 0.140988 -0.625422 0.129017 -0.659053 0.149695 -0.093562 -0.088658 -0.121446 -0.014936 -0.477065 0.154454 0.156729 -0.310194 0.228884 -0.180804 -0.221798 -0.312870 -0.107082 -0.126006 -0.468107 -0.229682 -0.197838 0.038827 0.033226 
-0.016223 0.220413 0.240571 -0.025353 0.116171 0.154971 -0.056587 -0.288065 -0.219595 -0.552100 0.151701 -0.603685 -0.098994 0.063565 -0.288114 0.086913 -0.069032 -0.169723 0.211817 0.196609 -0.397091 0.339107 -0.229051 -0.199074 -0.064504 -0.234411 -0.021727 -0.298118 -0.163531 -0.078774 0.049238 -0.229706 
0.124044 0.372397 0.139429 0.099174 -0.140199 0.365827 -0.287640 -0.375831 0.083473 -0.417235 0.053820 -0.525084 -0.168754 0.026604 -0.481146 0.071396 0.059093 -0.256942 0.117240 0.444218 -0.194020 0.277567 -0.433834 0.089452 0.045597 -0.126939 -0.206318 -0.454421 -0.165557 -0.230142 -0.011671 0.187804 
0.360818 0.185280 0.114687 -0.210987 0.145686 0.180995 -0.240454 -0.449667 -0.000269 -0.360287 0.016370 -0.523247 0.130339 0.111157 -0.173965 0.241764 -0.034848 -0.020504 0.169688 0.384341 -0.159823 0.407475 -0.250945 -0.195931 -0.183377 -0.307332 -0.200970 -0.447950 -0.059174 -0.323638 -0.020519 -0.109133 
0.232166 0.337275 0.198525 -0.223102 0.233076 0.031370 -0.342719 -0.441491 -0.201291 -0.424268 -0.055204 -0.369777 0.246972 0.253915 -0.159827 -0.019275 -0.084200 -0.010895 0.014742 0.127976 -0.212039 0.502266 -0.067892 -0.027214 -0.116106 -0.312760 -0.440442 -0.522136 -0.045060 -0.171840 -0.200116 0.128196 
0.112117 0.229224 0.228179 -0.129119 0.210063 0.051493 -0.125130 -0.207469 -0.308875 -0.412123 0.109353 -0.397496 0.018844 0.325717 -0.258603 -0.112728 -0.082330 0.076045 0.177430 -0.173432 -0.051387 0.523482 0.064417 -0.175024 -0.021992 -0.380047 -0.227540 -0.346166 0.106548 -0.234890 -0.124077 -0.218905 
0.259561 0.091547 0.273160 0.011218 0.137216 0.138768 0.009177 -0.371374 -0.125700 -0.259679 0.087297 -0.277489 -0.009035 0.278530 -0.151752 -0.075336 -0.009139 -0.118286 0.041921 0.034149 -0.258594 0.341702 -0.154112 -0.269856 -0.044105 -0.651433 -0.293400 -0.484535 0.077957 -0.114404 -0.043925 0.192134 
0.354234 0.242315 0.182735 -0.176192 -0.070092 0.182813 -0.063393 -0.199346 0.177354 -0.290328 0.190558 -0.256634 -0.064226 0.459421 -0.296160 0.105163 0.080376 -0.197187 -0.056644 -0.186686 -0.136446 0.218741 -0.145407 -0.063134 -0.104303 -0.439232 -0.299850 -0.301286 -0.127707 -0.046818 0.019910 -0.044462 
0.437143 0.468886 0.107291 -0.038843 -0.025323 0.150799 -0.260941 -0.246763 -0.060209 -0.440604 0.214639 0.026879 0.042434 0.363740 -0.316076 -0.175524 -0.046243 0.271163 0.010451 0.102031 -0.170860 0.532683 -0.064397 -0.074143 -0.034947 -0.323711 -0.460432 -0.249022 0.000531 -0.145475 -0.057954 0.370002 
0.434291 0.475372 -0.083645 -0.335501 0.087628 -0.113603 -0.347448 -0.178359 0.009387 -0.419818 -0.242722 -0.055948 -0.201930 0.409811 -0.332169 -0.122132 -0.107932 0.159580 -0.184706 0.013743 -0.087416 0.471038 -0.103880 -0.149317 0.129150 -0.107143 -0.453201 -0.175268 0.021669 -0.255598 -0.191640 0.190968 
0.484909 0.648142 -0.294670 -0.137621 0.123445 -0.114907 -0.200671 -0.070322 -0.058466 -0.227595 -0.274074 -0.205965 -0.272870 0.125218 -0.030688 -0.197881 0.154553 0.102723 -0.104910 -0.032497 -0.188703 0.646167 -0.109510 0.138008 0.024898 -0.139051 -0.074277 -0.444719 0.175515 -0.273170 0.013225 0.228034 
0.557365 0.720439 -0.324484 0.107117 0.121138 -0.127199 -0.368205 0.042408 0.003254 -0.137513 -0.166463 0.014189 -0.351888 0.371828 -0.362925 0.022519 0.097494 0.155815 -0.002717 0.013232 -0.029643 0.527159 -0.017431 0.156278 0.141060 -0.244754 -0.049297 -0.448399 0.107623 -0.495566 -0.348279 0.323260 
0.833952 0.437762 -0.324192 0.080799 -0.032747 -0.281438 -0.125701 0.219065 -0.077530 -0.220684 -0.198472 0.145491 -0.233207 0.203790 -0.206723 0.136011 -0.032632 0.235884 0.029875 0.020262 0.138918 0.707064 0.129340 0.435542 0.342647 -0.430265 -0.044215 -0.161632 0.440525 -0.240768 -0.209257 0.470403 
0.887971 0.520965 0.014579 0.028145 0.255005 -0.253776 -0.319318 0.002287 -0.215072 0.092495 -0.017668 0.224545 -0.314243 0.213833 0.092299 0.110464 0.213025 0.196301 -0.250414 0.011874 0.003075 0.539488 -0.043624 0.271381 0.357726 -0.402556 -0.071810 -0.441335 0.244767 -0.011405 -0.264684 0.311227 
0.988103 0.399138 -0.267049 -0.058927 0.231105 -0.413966 -0.526626 0.125412 -0.275509 0.056423 -0.130995 0.246565 -0.069564 0.137347 0.070665 -0.152691 0.003269 0.329112 -0.445520 -0.096852 0.244488 0.488823 -0.105789 0.332425 0.173546 -0.310820 -0.024060 -0.241224 0.192168 -0.205727 -0.164993 0.266022 
0.968367 0.471852 -0.153857 -0.244628 0.326034 -0.640702 -0.460716 0.116788 -0.182297 0.333366 -0.035219 0.308018 -0.015789 0.296170 0.366168 -0.278060 -0.092576 0.191495 -0.172649 -0.051503 0.122385 0.459305 -0.069864 0.637673 0.177956 -0.408902 0.332823 -0.228865 0.117438 -0.161573 0.013915 0.085665 
0.837558 0.526528 -0.242823 -0.180881 0.410279 -0.705207 -0.506991 0.332990 -0.355993 0.137299 -0.006581 0.691254 -0.053123 0.244669 0.167421 -0.100004 -0.051240 0.152114 -0.093825 -0.114046 0.276826 0.328015 0.066739 0.560472 0.070084 -0.315415 0.159679 -0.256554 0.026242 -0.164988 0.139145 0.267511 
0.830862 0.436870 -0.137853 -0.149776 0.246826 -0.427098 -0.236428 0.478399 -0.208083 0.231060 -0.316039 0.313479 -0.113074 0.469041 0.133689 -0.039196 -0.010577 0.385716 -0.261504 -0.093178 0.277488 0.166435 -0.015939 0.362339 0.046906 -0.265664 0.303443 -0.308567 0.013750 -0.174728 0.245610 0.048483 
0.626522 0.446406 -0.128301 -0.013353 0.164191 -0.202036 -0.421788 0.216929 -0.330108 0.319632 -0.194291 0.394799 0.117904 0.505132 -0.001226 -0.039152 -0.223233 0.107014 -0.364636 -0.102884 0.365264 -0.014507 0.102652 0.240600 -0.066620 -0.104620 0.447823 -0.461779 -0.069608 -0.245693 -0.109007 -0.000395 
0.506953 0.239278 -0.304967 0.296418 0.383566 -0.215281 -0.269754 0.311968 -0.156078 0.230494 0.097675 0.242838 -0.119218 0.064562 0.106819 -0.061136 -0.086253 0.326337 -0.458039 -0.033382 0.256706 0.143457 -0.099582 0.171792 -0.081341 -0.140259 0.436587 0.030089 -0.223810 -0.263448 0.060339 0.128521 
0.442887 0.260652 -0.195047 0.027566 0.127777 -0.204097 -0.230348 0.307397 -0.263555 0.152984 -0.046081 0.292091 0.003678 0.064322 0.053431 -0.192992 -0.021285 0.637512 -0.460051 0.000913 0.299379 0.354595 0.106980 0.115952 0.201598 0.109188 0.425108 -0.208677 -0.100455 -0.329990 -0.150554 -0.022891 
0.273540 0.020801 -0.370459 0.285908 0.121009 -0.333870 -0.061643 0.410615 -0.122306 0.408679 0.206267 0.293717 -0.028073 0.235435 -0.003893 0.029879 0.080184 0.686402 -0.451413 0.081404 0.461863 0.344831 0.187477 0.165322 0.208109 -0.069656 0.460780 -0.118344 -0.147445 -0.253045 -0.056983 -0.060631 
0.119076 -0.178884 -0.178279 0.210533 0.311192 -0.437202 -0.102125 0.467522 -0.066496 0.346112 0.128133 0.083817 0.041614 0.016818 0.068290 -0.068218 0.053640 0.601162 -0.623318 0.074554 0.405359 0.269299 0.297783 0.082091 0.231859 0.115563 0.340603 0.101538 -0.083241 -0.316938 -0.217790 -0.001250 
-0.065643 -0.212565 0.044750 0.097083 0.215454 -0.176180 0.276886 0.460451 0.009307 0.390817 0.109902 0.083459 0.049051 0.178564 -0.188231 -0.025463 0.043980 0.553055 -0.567526 0.048950 0.525520 0.453084 0.282849 0.193228 0.197311 0.045541 0.329252 0.180040 0.284967 -0.246619 -0.222003 0.179845 
-0.118751 -0.185573 0.046214 -0.255399 0.164954 -0.040235 -0.013164 0.593168 0.071118 0.395114 0.135200 -0.146152 -0.079778 0.126230 -0.112645 -0.018517 -0.085209 0.292717 -0.243586 0.008364 0.426613 0.701378 0.376150 0.001269 -0.322716 -0.085375 0.201606 -0.098557 0.000987 -0.240147 -0.089987 0.010700 
-0.273837 -0.325345 -0.004488 -0.453989 0.040237 0.033053 0.180800 0.429384 0.138599 0.314451 0.187950 0.199691 0.008945 0.105998 0.069986 0.015630 0.111910 0.441927 -0.097501 0.159056 0.471293 0.388183 0.743548 -0.209308 -0.053357 -0.044508 0.234322 0.250383 0.181673 -0.362066 -0.198090 0.052262 
-0.532414 -0.457883 0.131880 -0.253834 0.147879 -0.032315 0.268828 0.361585 0.209842 0.251378 0.068925 0.099972 -0.057828 -0.068902 -0.201541 0.416678 0.038273 0.306254 -0.201123 0.187554 0.435908 0.513291 0.612724 -0.073233 -0.038563 0.093723 0.331194 0.379380 0.124958 -0.138670 -0.325406 0.300978 
-0.568768 -0.664902 0.247777 -0.085629 -0.229200 0.099583 0.197134 0.239402 -0.111292 0.227932 0.028293 0.034909 -0.153295 -0.166526 -0.321785 0.297857 0.102353 0.171280 -0.246964 0.433402 0.506732 0.406966 0.895931 -0.116329 -0.240649 0.243717 0.257091 0.289949 0.034366 -0.211881 -0.018532 -0.000993 
-0.318429 -0.586369 0.203574 0.093907 -0.255920 0.396449 0.295911 0.301923 -0.044637 -0.142198 0.013379 0.318215 -0.288591 0.090668 -0.512512 0.289304 -0.190143 0.265380 -0.284233 0.655652 0.492594 0.310046 0.746198 -0.188984 -0.108182 -0.018516 0.244974 0.542059 0.050840 -0.162571 -0.338697 0.016132 
-0.366214 -0.486422 0.243748 -0.011843 -0.376497 0.356361 0.284829 0.407851 -0.103440 -0.099697 0.065198 0.391864 -0.390943 0.129188 -0.353691 0.190901 0.045281 0.211557 -0.163742 0.405284 0.378228 0.259195 0.491031 -0.275170 -0.132287 0.189455 0.063116 0.528945 0.200543 -0.078179 -0.213882 0.318306 
-0.278222 -0.503361 0.199221 0.011927 -0.090590 0.363659 0.318676 0.395540 -0.153113 0.110674 0.142195 0.264357 -0.364852 -0.008590 -0.107574 0.092424 -0.044090 0.131622 -0.231306 0.511591 0.580101 0.213052 0.501929 -0.199131 -0.444246 -0.018530 0.136662 0.366800 0.530665 0.007771 -0.079340 0.254403 
-0.668675 -0.413144 0.248375 0.094571 0.065353 0.230991 0.119133 0.349232 -0.197980 -0.069920 0.350778 0.174518 -0.183745 -0.054285 -0.214779 0.308008 0.236235 0.043914 -0.065777 0.317525 0.592507 0.200373 0.472495 -0.025741 -0.359812 0.142390 0.054625 0.386978 0.314168 0.054177 -0.102993 -0.047217 
-0.446216 -0.284959 -0.081067 -0.148956 0.224858 0.196905 0.222465 0.342242 -0.026414 -0.063614 0.065518 -0.033151 -0.314528 -0.042731 0.073740 0.042175 -0.039865 -0.049569 -0.106229 0.003274 0.553574 -0.008273 0.211258 -0.087111 -0.206474 0.267511 0.024782 0.540085 0.394380 -0.017537 -0.341748 0.089699 
-0.203401 -0.378290 0.145012 -0.088837 0.531892 0.282712 0.145301 0.255839 0.065919 -0.309925 -0.006459 -0.171986 -0.202645 -0.045052 0.189491 0.074038 -0.066419 0.044276 0.053534 0.086054 0.232126 -0.040811 0.136681 -0.121321 -0.126934 0.428044 -0.020904 0.613067 0.321641 0.102953 -0.143035 -0.106763 
-0.380189 -0.311585 -0.029191 -0.330590 0.318107 0.330173 0.252372 0.151766 -0.358495 -0.490112 0.003913 -0.070436 -0.012747 0.036631 0.370829 0.128135 0.066000 0.116180 0.221002 -0.270493 0.381781 -0.104682 0.247177 0.076139 -0.161957 0.557555 0.124489 0.759666 0.390312 -0.164619 -0.307533 -0.162034 
-0.385793 -0.382069 -0.413142 -0.385649 0.362710 0.556220 -0.018040 0.277911 -0.038945 -0.299419 0.066419 -0.011494 0.205841 0.078344 0.392480 0.208872 -0.017995 -0.180897 0.151298 -0.198308 0.358561 -0.193445 0.159801 0.111865 -0.052194 0.348152 0.081260 0.575303 0.343419 -0.157639 -0.100965 -0.085550 
-0.361849 -0.313782 -0.312036 -0.385405 0.386579 0.373687 0.080524 0.121572 0.033670 -0.123123 0.315911 0.201373 0.294992 -0.003343 0.568927 0.120402 -0.059568 -0.238174 0.344834 -0.471717 -0.002220 -0.085338 0.220982 0.071095 0.076875 0.093258 0.285347 0.473362 0.300434 0.030282 -0.300979 0.019447 
-0.611418 -0.295694 -0.323328 -0.766844 0.396317 0.477781 0.242100 -0.090559 0.198482 0.087432 0.024927 0.090279 0.010260 -0.061609 0.210585 0.469723 0.064505 -0.368147 0.307617 -0.246671 -0.252218 -0.029604 0.138840 0.355161 -0.067549 0.111547 0.094234 -0.009342 0.408632 0.125033 -0.001135 0.044128 
-0.816119 -0.277694 -0.162654 -0.593858 0.413930 0.405232 0.239289 0.003516 0.358230 -0.015944 -0.018811 -0.039856 0.027364 -0.196569 0.416615 0.249945 0.022752 -0.405400 -0.034543 -0.290014 -0.253131 0.072985 -0.030874 -0.038350 -0.278688 0.033207 0.143928 0.056022 0.406689 0.154630 0.049577 -0.073620 
-0.639919 -0.259126 -0.346654 -0.322386 0.132869 0.621586 0.268292 0.015685 0.530553 0.049662 -0.071386 0.061098 -0.142205 -0.202239 0.309598 0.183129 0.216316 -0.393400 -0.177459 -0.288982 -0.426566 -0.016841 -0.272171 0.366644 -0.297454 -0.064147 0.172441 -0.009294 0.018270 0.282490 0.285164 -0.146765 
-0.221597 -0.206078 -0.625344 -0.364372 0.145964 0.482055 0.182521 0.013808 0.313852 0.143218 -0.340017 -0.378045 -0.211922 -0.498822 0.278595 0.215575 0.159426 -0.410669 -0.057355 -0.514995 -0.502880 -0.053104 0.041139 0.499883 -0.145694 0.029497 0.018152 -0.098011 0.198111 -0.048564 0.244289 -0.246051 
-0.245024 -0.171911 -0.402069 -0.248921 -0.086844 0.344933 0.041253 0.108599 0.328432 0.226725 -0.024088 -0.000305 -0.110615 -0.363718 0.487303 0.360095 0.053799 0.146779 -0.012823 -0.507258 -0.278588 -0.062806 -0.056759 0.311462 -0.264398 -0.151263 -0.063518 0.270611 -0.035079 -0.035010 0.248475 -0.258163 
-0.202009 0.101156 -0.258384 -0.077457 -0.112276 0.187461 0.340280 0.199855 0.254136 0.002516 0.067500 0.005935 0.324310 -0.544743 0.158521 0.105619 0.235931 -0.121500 -0.032783 -0.361303 -0.365962 0.071751 -0.004853 -0.080810 -0.097321 -0.233185 -0.066726 0.323393 -0.287402 0.044869 0.265531 -0.165490 
-0.100390 0.137514 -0.373777 0.136710 -0.059649 -0.015425 0.237477 0.101899 0.331849 0.260553 -0.158535 0.295147 0.311612 -0.597181 0.390347 -0.059007 0.065299 -0.045598 0.038085 -0.083489 0.130479 -0.318898 -0.089060 -0.223749 0.024958 -0.219329 -0.325634 0.751591 -0.157428 -0.128935 0.130617 -0.193850 
-0.073081 0.113427 -0.457804 0.182375 -0.129517 0.057873 0.169097 0.067239 0.275003 0.114692 -0.262991 0.373067 -0.165944 -0.560266 0.436614 -0.123234 0.068340 -0.091685 0.117923 0.349031 0.159317 -0.184486 -0.183046 -0.417143 -0.018527 -0.280815 0.061215 0.842825 -0.666299 -0.137648 0.184472 -0.443902 
-0.109953 0.033199 -0.010578 0.125653 -0.147307 -0.019252 0.008698 0.432534 0.403580 -0.114946 -0.057771 0.521906 -0.194808 -0.678238 -0.019631 -0.367295 -0.025484 -0.430158 0.055166 0.707341 0.345788 0.029017 -0.395687 -0.114143 0.252952 -0.001616 -0.007894 1.265249 -0.751808 -0.191540 0.241457 -0.404927 
-0.267965 0.034440 -0.085732 0.342210 -0.087585 -0.369487 -0.125953 0.216111 0.191227 -0.084012 0.041070 0.191609 0.041505 -0.399626 0.144222 -0.503531 -0.210193 -0.339043 0.221606 0.699137 -0.069294 -0.088621 -0.423496 0.116249 0.488251 0.042212 0.232185 1.060941 -0.838313 -0.073033 0.069949 -0.870703 
-0.251569 -0.050439 0.134481 0.312235 -0.139007 -0.542484 -0.186065 0.162867 0.169700 -0.197497 -0.004874 0.056990 0.139053 -0.226294 -0.072311 -0.397388 -0.154389 -0.301672 0.294097 0.504686 0.037688 -0.111717 -0.110358 0.100587 0.545276 0.339890 0.283804 0.885248 -0.740968 0.195969 0.434082 -0.816478 
-0.207612 -0.088026 0.227263 0.036894 -0.155586 -0.746877 -0.145415 0.284928 -0.016959 -0.001499 0.204426 -0.110375 0.448471 -0.172343 -0.106569 -0.299939 -0.195882 -0.222801 0.174262 0.047384 -0.269346 -0.205338 -0.239304 0.008152 0.471824 0.186931 0.337807 0.754218 -0.552737 0.273370 0.132172 -0.619490 
-0.316039 -0.159185 0.265661 -0.319229 -0.436606 -1.138678 -0.065694 0.056893 -0.091272 -0.068073 0.316621 -0.168754 0.595093 0.020278 0.102138 -0.248811 -0.143846 -0.169949 0.025462 -0.032145 -0.368145 -0.120002 -0.238193 -0.072182 0.492271 0.217484 0.202828 0.651715 -0.299809 0.545872 -0.004843 -0.715126 
-0.300361 -0.236751 0.368810 -0.190125 -0.300373 -0.914058 -0.212762 0.029756 -0.008087 -0.038288 -0.021120 -0.559493 0.427037 0.119045 -0.008026 -0.177542 -0.213266 0.113029 0.134448 -0.344860 -0.339577 -0.179636 -0.339569 -0.322860 0.594801 0.153490 0.243900 0.435818 0.135385 0.384689 0.155504 -0.197293 
-0.424751 0.025165 0.143007 -0.058584 -0.383433 -0.839451 0.113254 0.041462 -0.112637 0.009899 -0.062625 -0.292998 0.433475 -0.035617 0.168052 0.115779 -0.068885 0.548755 0.229849 -0.362437 -0.456466 0.048362 -0.458855 -0.923172 0.283536 0.102060 0.264348 0.366535 0.373994 0.582444 0.223560 -0.039227 
-0.274596 -0.446749 0.080037 0.248482 -0.312265 -0.171715 0.122266 -0.051992 0.153059 -0.057601 -0.393324 -0.504001 0.248298 0.013408 0.039336 -0.154601 0.085219 0.611105 0.110292 -0.454780 -0.419794 0.130114 -0.667132 -0.916067 -0.069614 0.288111 -0.008755 0.232869 0.399249 0.399021 0.156956 0.300002 
0.011983 -0.659770 -0.343394 0.412825 0.133330 0.324052 0.152874 0.050418 0.265895 0.114505 -0.313326 -0.671081 0.120512 -0.341146 0.087477 -0.177032 -0.108373 0.587659 -0.093760 -0.548083 -0.650585 0.121202 -0.644841 -0.519950 -0.482348 0.340851 -0.153137 0.229800 0.368076 0.287645 0.005760 0.602992 
-0.083016 -0.805728 -0.508987 0.690597 0.271334 0.432763 0.172839 0.005891 0.215789 0.036235 -0.536784 -0.701210 -0.214248 -0.334870 -0.225438 -0.266435 -0.052407 0.445375 -0.046187 -0.736272 -0.215173 0.333607 -0.608556 -0.134331 -0.677808 0.346191 -0.432946 0.185355 0.517200 0.151371 -0.181694 0.878113 
-0.080514 -0.774082 -0.563270 0.676315 0.593501 0.309997 -0.186448 0.033198 -0.232040 -0.221780 -0.496465 -0.683751 -0.450269 -0.340669 -0.110041 0.027628 -0.022857 0.176677 -0.005085 -0.469054 0.356916 0.263144 -0.412337 0.328928 -0.616715 0.080010 -0.513114 0.404678 0.314812 -0.201944 -0.023622 0.691761 
-0.229663 -0.364787 -0.460910 0.440685 0.655900 0.166518 -0.235909 0.091595 -0.744810 -0.256070 -0.317882 -0.357039 -0.474317 0.055687 -0.162446 0.463325 -0.074902 -0.157369 -0.296906 -0.396487 0.423550 0.268521 -0.518482 0.780727 -0.548103 0.112407 -0.290724 0.440309 0.357026 -0.305548 0.030818 0.351933 
-0.302623 0.038457 0.157059 0.228856 0.395644 0.194466 -0.032737 0.166685 -0.995889 -0.018197 -0.093501 -0.311619 -0.534679 0.549600 -0.336439 0.761496 -0.255439 -0.269946 0.036697 0.041600 0.412850 0.072776 -0.382279 0.819145 -0.161007 -0.235847 -0.477493 -0.234892 0.000171 -0.430035 0.311136 0.212435 
0.152950 0.763445 0.519592 -0.422684 0.210440 -0.050460 0.202564 0.162464 -1.080995 0.143416 0.030562 -0.034993 -0.448362 0.967036 -0.043673 0.784256 -0.131829 -0.311010 -0.081401 0.180870 0.289132 -0.097585 -0.200764 0.640433 -0.124715 -0.288800 -0.524653 -0.550406 0.000027 -0.302268 0.419963 0.147611 
-0.005407 1.092334 0.675225 -0.791969 0.018967 0.069350 0.222224 0.162537 -0.484961 -0.042491 0.119212 0.053660 -0.164025 1.008936 -0.264176 0.874756 -0.030319 -0.360152 0.081808 0.022322 -0.136173 -0.407104 -0.175864 0.309901 -0.010399 -0.266567 -0.495858 -0.683417 0.030312 -0.019253 0.459669 -0.070452 
0.056139 0.828463 0.484491 -0.643332 0.085199 0.145411 0.267962 -0.027012 -0.199148 -0.043229 0.147730 -0.057706 0.261115 0.838126 -0.156236 0.702798 -0.080885 -0.570289 -0.141641 -0.056660 -0.156775 -0.100941 0.107662 -0.034902 -0.221989 0.122650 -0.405531 -0.232455 -0.206297 0.176626 0.295543 -0.175739 
0.117065 0.275443 0.142938 -0.450212 0.280674 0.655048 0.093520 0.065840 0.071838 0.148743 0.278972 0.070563 0.401867 0.457482 0.079868 0.397793 0.042501 -0.536137 -0.163911 -0.351302 -0.206398 0.193871 0.080548 -0.032232 0.118123 0.417301 -0.367647 0.249302 -0.343492 0.355084 0.001144 -0.425933 
0.222726 -0.283142 -0.220874 -0.228053 0.411730 0.501275 -0.002782 -0.246943 0.302185 0.373180 0.106105 0.242893 0.388617 0.165008 0.206035 0.131615 0.125824 -0.152586 0.032953 -0.507178 0.071504 0.101777 0.519742 -0.133655 0.235677 -0.338488 -0.126481 0.480542 -0.258810 0.213061 -0.238385 -0.317525 
0.248042 -0.310727 0.075144 0.056764 -0.029664 0.240062 0.011021 -0.254335 0.649544 -0.128683 -0.018319 0.058881 0.367543 -0.031296 0.341133 0.114080 -0.005896 0.158525 0.166657 -0.586981 -0.020575 0.130415 0.476979 -0.190039 0.450842 -0.676717 -0.311915 0.098851 -0.221885 0.568318 -0.228925 0.027322 
-0.216139 -0.165164 -0.104554 0.090464 -0.323719 0.085710 0.187668 0.016398 1.014573 -0.418581 0.261179 -0.198083 0.141015 0.040073 0.331305 -0.091424 -0.047354 0.137196 0.347826 -0.011243 -0.174929 -0.031421 0.389118 -0.680111 0.475082 -0.178607 0.114825 -0.157644 -0.237209 0.488610 -0.210090 0.105892 
-0.366089 -0.311249 -0.112858 0.388468 -0.557433 -0.095959 0.077444 0.160445 0.753452 -0.276355 0.771048 -0.156345 -0.101203 -0.020829 0.231818 -0.057793 0.131900 0.038554 0.012262 0.384214 -0.250401 -0.264474 0.350923 -0.601335 0.475230 0.087350 0.400646 -0.380154 -0.266673 0.047794 -0.407817 0.107253 
-0.392595 -0.217086 0.036849 0.630612 -0.628937 -0.118261 -0.158124 -0.003958 -0.060101 -0.064356 0.733345 -0.175932 -0.542878 -0.047249 0.111784 -0.467675 0.004853 0.232556 -0.124903 0.578100 0.119200 -0.228180 -0.055515 -0.151986 0.926657 -0.090081 0.362107 -0.506741 -0.273025 0.168146 -0.512307 0.231310 
-0.372185 -0.265908 0.036531 0.586986 -0.050912 0.113982 -0.438043 -0.363028 -0.748847 0.090962 0.572902 -0.021739 -0.649384 -0.261853 0.215612 -0.328564 -0.059341 0.119034 -0.290821 0.280654 0.057635 -0.106066 -0.251109 0.587366 0.662601 -0.210358 0.148781 -0.181963 -0.180671 -0.067256 -0.361468 0.267536 
-0.273957 -0.262843 -0.154061 0.324623 -0.035039 -0.088296 -0.683480 -0.029306 -0.907077 0.354108 0.521182 0.110221 -0.276937 -0.441263 -0.071340 0.011451 -0.115395 0.135081 -0.273928 0.305640 0.048928 -0.345899 -0.023262 0.687392 0.135247 -0.062434 0.236285 0.202641 -0.012377 -0.285445 -0.544742 0.049740 
-0.057077 -0.143351 -0.254969 0.305180 -0.003010 0.276288 -0.251148 -0.087273 -0.392118 0.042653 0.769930 0.256831 -0.105243 -0.324961 -0.421841 0.319166 -0.227002 -0.095228 -0.142619 0.229349 -0.144816 -0.233648 0.029346 0.386287 -0.602981 0.485627 0.300782 0.178142 0.187726 -0.346279 -0.447821 -0.040112 
0.107278 0.283793 -0.124485 0.210157 -0.007923 0.373570 0.196524 -0.348893 0.514442 -0.211088 0.699983 -0.295303 0.326249 -0.198954 -0.483844 0.560303 -0.327859 -0.144853 -0.042352 0.026069 -0.109241 -0.154996 0.248651 0.006424 -0.962533 0.576251 0.384489 0.254276 0.080960 -0.362762 -0.166546 -0.116626 
0.271314 0.423401 -0.113671 0.001413 -0.064793 0.199400 0.313894 -0.336464 0.420836 -0.435682 0.447407 0.008537 0.324289 0.001000 -0.554982 0.081210 -0.393372 -0.337190 -0.010787 -0.234545 0.026548 0.134705 -0.056919 -0.192079 -0.976117 0.310996 0.399089 0.058467 0.170780 0.162447 0.260931 -0.404876 
0.396715 -0.104040 0.277133 -0.287279 -0.062503 -0.126791 0.284771 -0.439055 0.435462 -0.446966 -0.022357 0.455774 0.259872 0.079960 -0.109043 -0.663428 -0.081448 -0.242873 0.127425 -0.366951 -0.140964 0.500453 -0.015041 -0.071418 -0.477744 0.058531 0.716460 -0.322925 -0.374859 0.189565 0.869054 -0.068857 
0.246771 -0.207066 0.757716 -0.139442 -0.208806 -0.317005 0.683361 -0.109282 0.885931 -0.455198 -0.199840 0.399977 -0.015990 -0.028736 -0.127920 -1.227218 -0.150327 0.012937 -0.392000 -0.160450 0.213243 -0.005320 -0.095632 -0.234452 -0.268526 -0.079273 0.673949 -0.460558 -0.591174 0.100177 1.232082 0.180206 
0.127802 -0.099556 0.749346 -0.025419 -0.088716 -0.013370 0.457167 0.044620 0.866961 -0.149914 -0.663082 0.267756 -0.058285 -0.126629 -0.131968 -1.065611 -0.167597 0.521932 -0.279258 -0.211812 0.157638 -0.142119 -0.056561 -0.215895 0.118142 -0.559659 0.756968 -0.336352 -0.608490 0.297700 0.945556 -0.006431 
0.101821 0.198264 0.145208 0.162686 0.252344 -0.023969 0.151215 0.203560 0.328531 -0.209974 -0.678542 0.517733 0.400775 -0.005953 0.300852 -0.711557 -0.144265 0.485344 0.196202 -0.540294 0.420527 -0.346968 -0.418141 -0.006575 0.477430 -0.868791 0.373960 -0.388789 -0.249725 0.124400 0.387504 -0.096048 
0.215418 -0.009481 -0.461729 0.211884 0.621801 -0.044896 -0.145303 0.201870 -0.007211 -0.262743 -0.723692 0.629810 0.333991 0.021619 0.509938 -0.247482 -0.010461 0.409601 0.165859 -0.706215 0.358927 -0.153497 -0.426043 0.124876 0.452276 -1.069256 0.389607 -0.354006 -0.340559 0.046975 -0.151668 0.042003 
-0.246753 0.421343 -0.418779 0.317870 0.531059 0.326804 -0.291674 0.070607 -0.254407 0.098935 -0.514180 0.826388 0.489841 -0.151610 0.489920 0.004182 -0.127987 -0.147457 0.411875 -0.670271 0.456879 -0.060805 -0.398844 0.196513 0.771904 -0.947710 -0.012249 0.073854 0.169947 -0.059217 -0.453202 0.103045 
-0.175966 0.391996 -0.448218 0.709191 0.236632 0.318655 -0.037584 0.226225 -0.279662 0.026213 -0.014813 0.836098 0.123582 0.029689 0.439134 0.240929 -0.022531 -0.277835 0.356272 -0.343867 0.420751 -0.023457 -0.142437 0.150801 0.545164 -0.862995 -0.176477 0.013041 0.335773 -0.543427 -0.680858 0.321671 
-0.516712 0.370684 -0.403892 0.846978 0.247248 0.471312 0.149643 -0.182478 -0.280962 0.015124 -0.007564 0.538576 -0.087613 -0.197850 0.209730 0.209369 -0.015702 -0.349885 0.187768 -0.194949 0.013682 0.049362 -0.146185 0.271024 0.438749 -0.247141 -0.349501 -0.011155 0.298656 -0.754238 -1.012250 0.338422 
-0.243902 0.077147 -0.368715 0.702568 0.099093 0.382641 0.289068 -0.337133 0.090245 -0.069956 -0.031564 0.276631 -0.524956 -0.418545 0.235526 0.165887 -0.075445 -0.566621 0.193514 0.023605 -0.366318 0.053338 0.123281 -0.006876 0.376544 0.018328 -0.239085 0.021055 0.619921 -0.841383 -0.902162 0.542687 
-0.450350 0.052580 0.012908 0.512510 0.040937 0.152158 0.504012 -0.334861 0.393247 0.065966 0.086538 0.324313 -0.838944 -0.268832 -0.123020 0.042520 0.058329 -0.449284 -0.133484 0.025244 -0.717284 -0.134281 0.004803 -0.196703 0.142127 0.099252 -0.355689 0.139693 0.906452 -0.691560 -0.984846 0.247175 
-0.030817 -0.016305 0.354606 0.589959 -0.055684 -0.105156 0.705828 -0.425431 0.418285 0.001518 0.009456 0.236887 -0.804000 -0.123429 -0.403255 -0.018577 -0.195340 0.021111 -0.111677 0.309785 -0.536886 -0.061601 0.094268 -0.690345 -0.268003 -0.191319 -0.437474 -0.036433 0.730742 -0.718934 -0.625328 0.149676 
-0.002123 -0.074752 0.366119 0.460614 -0.268580 0.035524 0.845942 -0.325588 0.281679 0.090366 0.102554 0.119990 -0.566344 0.069220 -0.393812 -0.182292 -0.146647 0.415561 0.000880 0.222914 -0.393236 0.224717 0.137398 -0.893627 -0.159561 -0.271736 -0.221800 -0.261786 0.564732 -0.717387 -0.240546 -0.025124 
0.262815 0.058621 0.498308 0.504446 -0.267050 0.085632 0.901540 -0.141173 0.299764 0.168352 0.251638 0.088361 -0.650055 0.150771 -0.145203 0.054860 0.082481 0.539471 -0.417462 0.162070 -0.577293 0.131016 0.020565 -0.690886 -0.304485 -0.165112 -0.160408 -0.375963 0.490013 -0.159903 -0.159752 -0.226068 
0.218789 -0.006920 0.347884 0.132146 -0.181948 0.280213 0.695157 -0.214927 0.509904 0.002411 0.175553 -0.170733 -0.498464 0.254747 -0.121028 -0.096879 -0.109673 0.476688 -0.328074 0.444039 -0.703355 0.234750 -0.067767 -0.733968 -0.166609 -0.201305 -0.243495 -0.245301 0.078843 0.076850 0.150955 -0.326848 
0.045613 0.059128 0.219674 -0.239631 -0.239303 0.285587 0.755656 -0.078404 0.178368 0.337473 0.021791 -0.000499 -0.695794 0.233418 -0.061311 -0.023765 -0.081458 0.134113 -0.099627 0.391873 -0.601503 -0.030975 -0.330259 -0.490698 -0.335907 0.008996 -0.264487 -0.202325 0.172428 -0.106154 0.151638 -0.700382 
-0.068472 -0.036926 0.256600 -0.401822 -0.137160 -0.065130 0.480003 0.138812 0.120032 0.439870 -0.144815 -0.093645 -0.494515 0.048927 0.040377 -0.076826 -0.096851 0.178374 -0.206756 0.402834 -0.411912 0.283722 -0.397690 -0.414108 -0.500595 -0.138010 -0.318260 -0.232251 -0.090876 0.178954 0.160455 -0.537226 
0.047403 -0.204826 -0.089536 -0.472997 -0.084920 -0.013535 0.304789 0.104685 -0.021716 0.002760 -0.365672 -0.209542 -0.434251 -0.167634 0.205651 -0.133832 -0.129068 0.296914 -0.167088 0.400279 -0.211067 0.393186 -0.163596 -0.388942 -0.396174 -0.386837 -0.189327 -0.243239 -0.223864 0.051290 0.202078 -0.623540 
-0.171067 0.222236 -0.362083 -0.364942 -0.130186 -0.321524 0.164286 -0.078764 0.053470 0.091450 -0.255109 -0.390626 -0.181542 0.067424 0.411481 0.165055 -0.152347 0.126135 0.138643 0.513731 -0.300037 0.398484 -0.156446 -0.027026 -0.321439 -0.223037 -0.198852 -0.212031 -0.390943 0.213368 -0.008970 -0.348500 
-0.379044 -0.153509 -0.405308 -0.079702 -0.060056 -0.416405 -0.045388 0.065187 0.068142 0.015075 -0.180501 -0.453121 -0.150049 0.051387 0.190705 -0.172566 -0.217519 0.320946 0.080384 0.531577 -0.377152 0.460318 -0.103818 -0.286732 -0.341210 -0.045228 -0.344579 -0.138363 -0.324559 0.279881 0.036798 -0.375334 
-0.057483 0.208870 -0.275010 -0.132234 0.161086 -0.604817 0.057696 0.115032 0.160943 0.103565 -0.161136 -0.324327 -0.186025 -0.080183 0.030118 -0.164318 -0.058658 0.085714 -0.199413 0.653477 -0.407869 0.066912 -0.013723 -0.157964 -0.256922 -0.135655 -0.163027 -0.181524 -0.264201 0.415103 0.056075 -0.381913 
0.035163 0.012202 -0.129124 0.112887 0.094085 -0.188696 0.200660 0.048886 0.315160 0.031100 -0.428557 -0.298105 -0.299782 -0.171536 0.072071 -0.042611 -0.177385 -0.001330 -0.190410 0.642158 -0.220312 0.162522 -0.071523 0.020047 -0.315969 0.285252 0.172821 -0.031791 -0.174966 0.242858 -0.061178 -0.285912 
-0.068752 0.152326 0.111970 0.067176 0.005298 -0.250571 0.233278 -0.031088 0.300380 -0.042486 -0.261008 -0.186093 -0.302053 -0.379250 -0.158290 0.101372 0.013503 0.147066 -0.244322 0.387170 -0.316847 -0.324390 0.071146 0.107324 -0.231808 0.438543 0.002503 0.032388 -0.173738 0.116422 -0.389479 -0.227329 
0.335302 -0.017833 0.211407 0.228817 -0.022435 -0.253442 0.302978 -0.190320 0.378800 -0.075352 -0.086907 -0.055664 -0.442012 -0.347442 -0.272305 0.088212 0.010718 0.067828 -0.161453 0.385783 -0.132698 -0.195958 0.348060 0.030820 0.066210 0.244233 0.138473 0.094721 -0.039172 0.079499 -0.242359 -0.121384 
0.214814 0.044245 0.341592 0.060313 -0.089953 -0.194871 0.233461 -0.305711 0.063119 0.205344 0.093579 -0.121703 -0.275887 -0.163418 -0.284604 0.184101 -0.093525 -0.068257 -0.134491 0.403132 -0.197065 -0.521393 0.090024 0.160578 0.218534 0.440535 0.247527 -0.023628 0.127616 0.024169 -0.136083 0.021346 
0.109382 0.112623 0.431780 0.083283 -0.127463 -0.230374 0.341752 -0.090196 -0.052454 -0.003902 -0.014392 -0.057038 -0.322499 -0.078401 -0.100577 0.233129 0.007814 -0.101382 -0.054632 0.376607 0.127904 -0.324049 0.135501 0.263954 0.298180 0.419852 0.113823 -0.162389 0.356563 0.015777 0.059485 -0.020156 
0.135182 0.016870 0.628517 0.212932 -0.259010 -0.438325 0.031592 -0.140355 -0.167973 0.199653 0.171757 -0.259439 -0.237537 -0.132925 -0.247816 -0.111125 0.192410 -0.260984 -0.039730 0.114697 0.165589 -0.356189 0.123462 0.263203 0.011033 0.417468 0.165971 -0.205443 0.108243 0.136634 0.006836 0.094985 
0.247945 0.005124 0.779893 0.097405 -0.040408 -0.302415 -0.057289 -0.132669 -0.016924 0.106709 0.122619 -0.002284 -0.022958 -0.038149 0.027051 -0.072088 0.173358 -0.167084 -0.109761 0.356889 0.063779 -0.253907 0.054817 0.082684 0.132250 0.403411 0.170386 -0.136839 -0.101807 -0.003297 0.005569 0.009740 
0.107849 -0.191324 0.739273 -0.076743 -0.070668 -0.362582 -0.292776 -0.102754 -0.086281 -0.103918 -0.097166 -0.124485 0.085764 -0.077090 -0.052804 -0.166716 0.261443 -0.199648 -0.075553 0.170247 0.148566 -0.253970 0.153724 0.035320 0.272757 0.138236 0.043073 -0.150407 -0.018108 0.043025 0.112343 0.248065 
0.316111 -0.215796 0.941817 -0.005525 -0.018665 -0.460020 -0.297665 0.164699 -0.207065 -0.215433 -0.090841 -0.005000 0.281518 -0.022344 -0.148256 -0.432183 0.066854 0.128524 0.036748 0.429559 0.228673 -0.229138 0.168464 -0.105267 0.247591 0.007498 0.143106 0.101918 -0.131818 -0.101674 -0.032455 0.071388 
0.269165 -0.295716 0.782138 -0.154508 0.190592 -0.259089 -0.263208 0.203911 -0.268776 0.086609 -0.053604 0.031423 0.587805 -0.062066 -0.008990 -0.174672 -0.013817 -0.107598 0.099517 0.343200 0.436876 -0.236411 0.190134 0.003860 0.049638 -0.048051 0.016228 0.201787 -0.087114 0.184850 -0.176444 0.059858 
0.125666 -0.578159 0.514898 -0.216891 0.012308 0.120961 -0.458280 -0.098044 -0.246566 0.125350 -0.145481 -0.046130 0.582637 -0.002359 0.303258 -0.203752 0.044506 -0.099745 -0.029117 0.413861 0.463734 -0.174969 0.169943 -0.025304 0.062212 0.032359 -0.203583 0.107647 -0.314304 0.285572 0.076501 0.104197 
0.376302 -0.705213 0.548178 -0.386302 0.098328 -0.031956 -0.501612 0.117682 -0.371147 0.181415 0.097219 -0.206733 0.605801 -0.044090 0.308556 -0.329310 0.216967 -0.179873 -0.009163 0.218921 0.226017 -0.086103 -0.037623 -0.080540 -0.051045 0.242580 -0.001692 -0.052283 -0.068525 0.204658 -0.075095 0.075515 
0.170594 -0.593084 0.300629 -0.143957 0.186393 0.113591 -0.411805 0.094642 -0.551203 0.156650 -0.033447 -0.405795 0.682945 -0.332557 0.523265 -0.136189 0.177451 0.023930 -0.082481 0.094881 0.340226 0.081359 -0.003407 -0.200132 0.218739 0.341484 -0.060817 0.207457 -0.205443 0.462559 0.023467 0.121816 
0.059785 -0.585086 0.279102 -0.016691 0.058740 0.394758 -0.461085 0.213940 -0.351889 0.078360 -0.013968 -0.351022 0.700527 -0.239367 0.426134 -0.084248 -0.015408 -0.159185 -0.127968 0.336604 0.311304 0.134169 -0.015793 0.004306 0.013350 0.452459 0.041027 0.034069 -0.309267 0.439602 -0.035232 -0.096712 
0.119671 -0.595518 0.250818 0.182928 -0.050263 0.293121 -0.366291 0.132805 -0.523872 0.119900 -0.002335 -0.358758 0.695936 -0.281524 0.420233 -0.390641 -0.147899 -0.068691 -0.209053 0.085049 0.396879 0.169233 0.292987 -0.053227 -0.052879 0.343234 -0.317677 0.145680 -0.072849 0.403569 -0.025293 -0.125696 
-0.001389 -0.525389 0.381544 0.073694 0.043038 0.446941 -0.287177 0.127679 -0.400717 0.271974 -0.024422 -0.097205 0.567319 -0.156355 0.459802 -0.277444 -0.036357 -0.104428 -0.180314 0.150173 0.262303 0.232662 0.173482 -0.042692 0.078959 0.412925 -0.019774 -0.100179 -0.090748 0.225730 -0.141547 -0.011964 
0.255279 -0.463639 0.127118 -0.167604 0.007294 0.397781 -0.142968 0.209315 -0.347307 -0.064615 0.100900 -0.166136 0.433933 -0.221480 0.190216 -0.118037 -0.192564 -0.326281 -0.227405 0.093327 0.132940 0.192618 0.407392 -0.211734 -0.009766 0.463972 -0.173129 -0.008526 -0.189885 0.206176 0.115296 0.040368 
0.177334 -0.488662 -0.077201 -0.165032 0.063323 0.195976 -0.349156 0.228175 -0.148101 0.180971 0.059544 -0.262403 0.314551 -0.000611 0.473790 -0.057670 -0.084025 -0.320414 -0.010209 0.001546 0.069425 0.096850 0.221194 -0.053055 0.152321 0.274681 -0.089351 0.013864 -0.142220 0.147430 0.069468 0.136858 
0.481867 -0.266750 -0.278457 -0.251991 -0.051231 0.289623 -0.182208 0.345236 -0.180728 0.205776 0.089493 -0.019387 0.268890 -0.055860 0.336274 -0.390333 -0.015615 -0.281050 -0.119738 -0.045667 -0.094672 -0.017544 0.148294 0.308449 0.197052 0.139789 -0.348275 0.015052 -0.031804 0.006099 0.031667 0.022876 
0.385668 -0.195768 -0.256631 -0.217519 0.004913 0.207723 -0.321746 0.493424 -0.147941 0.153388 -0.003224 -0.100841 0.220211 0.098008 0.127315 -0.102539 -0.026820 -0.295068 -0.072196 -0.225782 0.181116 -0.171706 0.171379 0.280959 0.185750 0.246964 -0.253599 0.070119 -0.114253 0.110295 -0.262568 -0.026172 
0.310671 -0.208233 -0.481874 0.046929 -0.200564 0.251884 -0.013001 0.366247 -0.094276 -0.098287 0.012828 -0.353791 0.289932 -0.127053 0.037758 -0.252093 -0.217851 -0.221221 0.056497 -0.023158 0.073120 -0.158529 0.347432 0.296126 0.178815 0.242382 -0.127469 0.255476 -0.040466 0.082020 -0.241540 0.187937 
0.203510 0.041939 -0.247361 -0.029020 -0.078881 0.457637 -0.138946 0.497647 -0.171718 0.129888 0.037175 -0.244212 0.015222 0.152144 -0.052419 -0.261530 -0.329511 -0.409813 0.038496 -0.040466 0.108446 -0.146808 0.188828 0.035351 -0.048295 0.209891 0.054545 -0.018745 -0.273606 0.015008 -0.084179 0.125926 
0.241296 0.007071 -0.136029 -0.066854 -0.160917 0.584684 -0.061605 0.435565 -0.236872 -0.204958 0.012450 -0.400832 -0.097776 -0.089533 -0.023478 -0.307729 -0.232274 -0.305570 0.091249 -0.255581 -0.116212 -0.065532 0.337773 0.148235 0.113376 0.414142 -0.098908 -0.225839 -0.042006 0.094625 -0.094178 -0.096227 
0.053514 -0.017189 -0.551094 0.038611 -0.009717 0.487602 -0.079723 0.404157 -0.087631 0.074996 -0.080312 -0.004373 -0.069400 0.155773 0.203343 -0.104421 -0.120548 -0.322668 -0.071119 -0.161575 0.138578 -0.211563 0.321593 0.148290 -0.093791 0.174278 -0.180240 0.090574 0.075265 -0.035646 0.094660 -0.003233 
0.074691 0.214499 -0.504436 0.086322 -0.202116 0.387013 -0.158352 0.203822 -0.081057 -0.004094 0.171222 -0.194068 0.131969 -0.088500 0.071766 -0.362212 0.085672 -0.272052 0.084087 -0.177377 0.078433 0.026243 0.043767 -0.003999 -0.219842 0.093131 -0.188795 -0.212239 0.054778 0.190900 0.085595 0.010374 
0.047888 0.195634 -0.366247 0.054798 -0.165190 0.281259 -0.132155 0.407823 0.055749 -0.030098 -0.021141 -0.293664 -0.014254 0.080471 0.083233 -0.175102 0.101848 -0.173430 0.143263 -0.232238 0.019433 -0.257226 0.301816 0.161744 -0.146797 0.180586 -0.207068 -0.234035 -0.057359 0.132480 -0.198204 0.254258 
0.057496 0.142252 -0.175449 -0.017523 -0.016076 0.232571 -0.061583 0.296952 -0.206534 -0.118341 0.195588 -0.237390 -0.121995 0.016423 0.212559 0.055308 0.016926 -0.132314 0.111278 -0.055379 -0.169207 -0.296671 0.216640 0.303557 -0.204780 -0.061760 0.052343 -0.314819 -0.061445 0.030154 0.118758 0.201585 
-0.178807 0.095556 -0.236563 0.166483 0.099610 0.389817 -0.017713 0.290864 -0.027521 0.052128 -0.075180 -0.204865 -0.078401 0.204005 0.214558 -0.041597 -0.049042 -0.173370 0.061325 -0.145342 -0.092761 -0.271643 0.021359 0.086699 -0.150480 -0.134925 -0.004206 -0.003739 0.006940 0.039715 0.026870 -0.097320 
-0.259117 0.048052 -0.126171 -0.142651 -0.005522 0.385897 0.127956 0.220255 -0.222300 0.059161 0.116842 -0.238892 -0.035892 0.180031 -0.084432 -0.117363 0.113418 -0.046174 0.173126 -0.128222 -0.085401 0.025269 -0.027422 0.285947 -0.163086 -0.030385 -0.141816 -0.144217 -0.026560 -0.084887 0.196151 0.058678 
-0.081503 0.127099 0.132100 -0.039786 -0.045809 0.199683 0.003329 0.100248 -0.193652 0.238247 0.141511 0.019388 -0.086090 0.389213 -0.079702 -0.072028 0.066510 0.054038 -0.046873 -0.180397 -0.070417 -0.218184 0.174602 0.133736 -0.188297 0.113911 -0.184512 -0.183006 0.086591 -0.094815 -0.112683 0.176594 
-0.307702 -0.020823 -0.022970 0.055814 -0.064627 0.167906 -0.225519 0.067190 -0.154107 0.076962 0.117081 -0.113264 -0.048908 -0.115623 0.017544 -0.153270 -0.125398 0.031187 -0.148854 -0.389281 -0.278088 -0.091097 0.155649 0.074171 -0.024199 -0.053119 -0.138482 -0.114407 -0.047091 0.015675 -0.038422 -0.015270 
-0.167610 0.341589 -0.185613 -0.122627 -0.155377 0.017115 0.033897 0.211241 -0.304478 0.041967 0.011185 -0.156235 0.047326 0.104129 0.050110 0.144030 0.109601 0.084522 0.098586 -0.328565 0.038635 -0.132694 0.127602 0.394321 -0.171271 -0.115638 0.063973 0.021568 0.211480 -0.076306 0.187075 0.238423 
-0.278003 0.225496 -0.198329 -0.137525 -0.211676 0.110024 0.080893 -0.015624 -0.025268 0.313646 0.249239 -0.309856 -0.064439 0.023881 -0.182077 0.038287 -0.045025 -0.120777 0.154268 -0.275496 -0.045219 -0.031566 0.122785 -0.043525 -0.188521 -0.047560 0.092016 0.146554 0.084754 0.001619 0.036667 0.093365 
-0.196777 0.304812 -0.227911 0.095052 -0.168750 0.033453 -0.122360 0.151683 -0.056613 0.066029 -0.016661 -0.306301 -0.212699 0.070385 -0.340484 0.142191 0.053586 -0.128556 0.380665 -0.249348 -0.168654 -0.239787 0.099501 -0.007982 -0.189566 -0.124164 0.099759 -0.082271 -0.018327 -0.113448 -0.003863 0.092893 
-0.226428 0.241995 0.022228 -0.103358 0.034675 0.072727 -0.062291 -0.166318 0.151011 0.058330 -0.077828 -0.027208 -0.248320 0.135499 -0.584123 -0.139262 0.051504 -0.013012 0.386653 0.057339 0.212894 -0.128700 0.155732 0.098936 -0.098881 0.224510 0.134472 -0.275588 0.068354 -0.098801 0.065468 0.126295 
-0.341518 0.127870 0.109031 -0.178678 -0.111909 -0.046097 0.081000 -0.048284 0.011875 -0.000366 -0.068493 0.234534 -0.074574 -0.084477 -0.359179 0.043067 -0.097645 -0.246951 0.322810 -0.034772 -0.132961 -0.217357 -0.071683 -0.178661 -0.096129 0.051204 0.203080 -0.126577 -0.087645 -0.100388 0.158755 0.111727 
-0.304117 0.213671 -0.115546 -0.221403 -0.054413 -0.000974 -0.307772 -0.046495 0.170245 -0.099856 -0.039085 0.012826 -0.183026 0.141248 -0.419755 0.036806 0.018038 -0.083859 0.502358 0.008748 -0.135215 -0.429413 -0.020951 -0.226647 -0.031955 0.115157 -0.028786 -0.042511 0.039944 -0.066205 0.074192 0.183563 
-0.082035 0.212898 0.047450 -0.278382 -0.004786 -0.352310 0.052957 -0.027738 0.260330 -0.185157 -0.169433 0.099168 -0.120137 0.279371 -0.504293 -0.033498 0.078897 -0.147366 0.360293 -0.207070 -0.030942 -0.204877 0.067114 0.163620 -0.118865 -0.171908 0.206848 -0.071290 -0.033032 -0.181255 0.040997 0.190053 
0.099176 0.272816 0.003861 -0.098227 -0.180186 -0.234160 -0.140181 -0.124498 0.174034 -0.290248 -0.154277 -0.046485 -0.117323 0.045408 -0.151712 0.039042 -0.122550 -0.083495 0.326832 -0.231037 -0.152611 0.030928 0.189727 -0.042816 -0.113791 -0.309043 0.174332 -0.140413 0.061089 -0.143284 0.066350 0.268467 
-0.210042 -0.122357 -0.024286 0.103946 -0.220012 -0.233398 0.004034 -0.150152 0.145973 -0.117974 0.028615 -0.051904 -0.197825 0.198188 -0.500548 -0.025680 0.184918 0.009607 0.376504 -0.185597 -0.152106 -0.260596 0.360096 0.350817 0.063479 -0.225269 0.248895 0.004041 -0.149129 0.148344 0.009234 0.316998 
-0.128403 -0.031696 0.088053 -0.085684 -0.345176 -0.058438 0.085553 -0.196450 0.046621 -0.116770 -0.117819 0.093583 -0.045872 -0.021383 -0.320946 0.185085 0.039780 -0.166988 0.218387 -0.389713 -0.196524 -0.222570 0.058420 0.271599 -0.121154 -0.144990 0.151472 -0.152978 0.000240 0.169486 0.034150 0.013448 
-0.275678 0.058742 0.146767 0.041624 -0.208901 0.084743 -0.144218 -0.110351 0.061013 0.072775 0.076355 0.157828 -0.047877 0.061147 -0.386268 0.237188 -0.070776 0.027148 0.163217 -0.297752 -0.161511 -0.388508 -0.054501 0.059860 0.085232 0.225477 0.250497 -0.026247 -0.202829 0.009718 0.135543 0.034334 
-0.128654 0.117414 -0.097910 -0.357636 -0.122679 -0.189724 0.048136 -0.149107 0.093234 0.059224 -0.087487 0.059609 -0.349474 -0.094969 -0.164873 0.111902 -0.177384 0.007096 0.186230 -0.043214 0.025957 -0.285746 -0.001015 -0.117567 0.149538 0.108166 0.107646 -0.054139 -0.096876 -0.171168 0.128896 0.047955 
-0.088722 -0.092896 -0.102691 -0.232948 -0.183100 -0.312438 -0.191929 -0.146160 0.234118 -0.074412 -0.044632 0.288632 -0.275487 0.224754 -0.359102 0.042956 -0.034671 -0.099390 -0.032051 -0.047211 0.185105 -0.529432 -0.027064 -0.028733 0.220643 0.227443 0.225384 -0.123649 0.140839 0.000407 0.013489 0.075341 
0.148399 0.036339 -0.356756 -0.088990 -0.066788 -0.223325 -0.174067 0.015764 0.119788 -0.155016 -0.269201 0.053658 -0.397650 0.028326 -0.458438 0.160076 -0.054730 0.100094 -0.044551 -0.108467 0.065835 -0.416956 0.063262 -0.098042 0.187534 0.115750 0.152070 -0.047146 -0.103705 -0.011851 0.085529 0.204303 
0.119332 0.355051 -0.276861 -0.169080 0.068432 -0.071301 -0.114263 -0.256182 0.190908 -0.262457 -0.128920 -0.007631 -0.157433 0.244688 -0.668684 0.225752 -0.089384 0.098976 -0.205742 -0.283466 -0.060310 -0.179422 0.171185 0.081603 0.101682 -0.100484 -0.118196 -0.080767 0.160188 -0.065922 -0.027681 0.172355 
-0.252207 0.221583 -0.392910 -0.010439 -0.071028 -0.156263 -0.031701 -0.305619 0.183972 -0.078465 0.019050 0.001694 -0.185374 0.240912 -0.473727 0.158956 -0.058702 0.122567 -0.379175 -0.165306 0.221858 -0.322629 0.165507 -0.110140 0.365231 -0.254956 -0.051499 0.111763 0.135398 0.249706 -0.107998 0.182031 
-0.373992 0.327909 -0.108467 -0.009112 0.146112 -0.091069 -0.326822 -0.325262 0.486561 -0.116473 0.115672 0.058255 -0.083225 0.270847 -0.365560 0.103963 0.113022 0.137259 -0.271208 -0.214407 -0.131570 -0.374012 0.116571 -0.033592 0.079315 -0.047527 -0.127132 0.139201 0.188943 0.088904 -0.087557 0.119704 
-0.261481 0.181953 -0.086709 0.267471 -0.005077 -0.217509 -0.232724 -0.176549 0.356968 -0.253600 -0.002351 0.191593 -0.242450 -0.082969 -0.088093 0.010049 -0.119339 0.228282 -0.553281 -0.278012 -0.178363 -0.228585 0.079619 -0.128654 0.229661 -0.116084 -0.200574 0.020111 0.001988 0.254465 0.147363 0.053161 
-0.304614 0.223258 -0.103085 0.335369 -0.019570 -0.017875 -0.331588 -0.084723 0.316765 -0.060521 -0.145681 0.038710 -0.016675 0.078388 -0.072389 -0.175448 -0.077376 0.305428 -0.394367 -0.068048 0.091465 -0.282414 -0.070205 -0.134329 0.283715 -0.047335 -0.176540 -0.113839 -0.145579 0.291679 0.089590 0.018009 
-0.213633 0.071015 -0.304494 0.232549 -0.236532 -0.065032 -0.332556 -0.150508 0.241329 -0.261506 -0.107937 0.220243 -0.052997 0.136078 -0.108584 0.238091 -0.005883 0.145455 -0.745175 -0.055302 -0.063160 -0.200640 -0.214005 0.007510 0.206249 -0.302218 -0.219313 -0.099530 -0.135461 0.115643 -0.137735 0.194149 
-0.291128 0.000271 -0.268954 -0.122795 -0.311520 -0.200882 -0.063142 -0.046718 0.078969 -0.037685 0.053009 0.156244 -0.177512 0.167845 -0.254735 0.103213 0.034688 -0.008585 -0.584174 0.092055 0.006410 0.077898 0.104710 -0.323537 0.351775 -0.007082 0.122338 -0.069946 0.036549 -0.007865 0.048697 0.159458 
-0.324798 0.219934 -0.152029 0.022559 -0.223978 -0.041098 -0.277207 -0.259511 0.021347 0.002144 -0.059531 0.231404 -0.329987 0.068042 -0.087694 0.146781 -0.021478 -0.007611 -0.489442 -0.157787 0.008180 0.058754 -0.041200 -0.061414 0.261449 -0.182297 0.224852 -0.000570 0.073235 -0.206511 0.165028 0.017097 
-0.404180 0.123765 0.057481 0.139028 -0.363056 0.039525 -0.235810 0.017581 0.378717 -0.068483 -0.051389 0.318794 -0.121332 -0.102756 0.014020 0.088770 -0.082315 -0.271449 -0.795823 0.022180 0.158544 0.201249 -0.029838 -0.221851 0.059918 0.018005 0.026456 0.089594 0.053594 0.098562 0.115302 0.026863 
-0.297656 -0.026556 -0.030094 0.145196 -0.270869 0.068813 0.034921 -0.271062 0.161686 -0.071350 0.099727 0.401989 -0.175038 0.033221 0.341462 0.152757 -0.107882 0.071256 -0.371620 -0.132103 -0.149497 0.183804 -0.144719 0.054009 0.255214 -0.102924 -0.011216 0.371922 0.036790 0.054240 0.100636 -0.010796 
-0.025744 0.132804 -0.014362 0.022766 -0.107485 -0.191767 -0.078949 -0.412177 0.286578 0.162921 -0.167648 0.209843 0.147104 -0.010105 0.120595 0.306970 -0.269286 0.132769 -0.285576 0.138829 -0.091084 0.209013 -0.060188 0.098855 0.074142 -0.065693 0.080221 0.167460 -0.035053 0.069783 -0.061436 0.078854 
0.061745 0.200124 -0.178479 -0.050491 -0.180189 -0.263584 0.104297 -0.400182 0.149865 -0.061992 -0.004746 0.143699 0.231060 0.009095 0.092613 0.425750 -0.409989 0.288804 -0.238340 0.242522 -0.169690 0.131718 -0.265993 0.181921 -0.012748 -0.059205 0.033017 0.389418 -0.130123 0.141250 0.107504 0.002662 
0.014042 0.175438 -0.131764 -0.179403 -0.344536 -0.233306 0.189165 -0.202967 -0.024101 0.104373 -0.060053 0.149811 0.333779 0.113305 0.164681 0.208476 -0.099696 0.076413 -0.188658 0.272521 -0.064368 0.316861 -0.019818 0.259117 0.073068 0.074151 0.031790 0.318341 -0.066997 0.027665 0.149778 -0.094809 
0.033184 0.185131 0.130997 -0.211828 -0.408331 -0.506580 0.254130 -0.086799 -0.006796 0.158300 0.080436 0.112952 0.254762 0.294272 -0.103613 0.076429 -0.269778 0.062850 -0.036735 0.131299 0.177068 0.328665 -0.330261 0.130775 -0.031885 -0.010068 -0.071612 0.146377 0.022849 -0.268636 0.106724 0.067351 
0.214184 -0.128134 0.053721 -0.397123 -0.569300 -0.157169 0.377772 -0.020584 0.034654 0.374324 0.216682 0.256357 0.445120 0.235032 -0.209898 0.184452 0.082336 0.388588 0.114451 0.173507 -0.019366 0.338862 -0.389797 0.336655 0.011205 0.067565 -0.128193 0.097336 0.078468 -0.165401 0.099124 0.008174 
0.289797 -0.185938 -0.204102 -0.450884 -0.329955 -0.287371 0.152258 -0.344076 -0.173344 0.658397 0.179576 0.208998 0.509533 0.150575 -0.197531 0.065023 0.075513 0.424152 0.086799 0.066234 -0.283610 0.469309 -0.347401 0.314993 -0.143540 -0.015311 -0.290577 0.314965 0.152082 -0.188612 0.223693 -0.023057 
0.346234 -0.147423 -0.146995 -0.091356 -0.191656 -0.129503 0.168547 -0.160472 -0.441653 0.852627 -0.168225 0.263256 0.941698 -0.041114 0.348612 0.021124 0.208581 0.581017 0.116205 -0.138562 -0.175230 0.448581 -0.325959 0.374382 -0.397185 0.124676 -0.254096 0.347291 0.210395 0.071321 0.233016 0.171581 
0.403641 -0.641029 0.063922 -0.276836 -0.335277 0.059943 0.328879 -0.009009 -0.503424 1.077492 -0.075818 0.248698 1.153270 -0.237948 0.253795 0.331142 -0.031357 0.435404 0.187700 0.001073 -0.463554 0.555323 -0.327658 0.242480 -0.587004 0.007086 -0.302666 0.101088 0.071397 -0.086483 0.078695 0.029381 
