0.227552 -0.414674 -0.097385 -1.346093 -0.268160 0.093168 0.271445 -0.246845 -0.948546 -0.124310 -0.084903 -1.049361 -0.202119 0.095472 -0.718349 -2.360735 
0.009137 0.231006 0.053947 0.143641 0.690749 0.227367 0.261586 0.217054 0.620520 0.026002 -0.825961 -0.116508 -0.861509 -0.007181 0.417429 0.655379 
-0.417147 0.319688 0.018484 -0.345021 0.682367 0.226732 -0.507612 -0.263853 -1.664948 -0.184334 -1.056934 -0.494326 -0.344987 0.002004 1.058100 0.189265 
-0.387360 -0.027538 0.270253 0.033429 0.301090 -0.212930 -0.551856 0.272404 -0.369206 0.413071 -0.099536 0.033832 -0.554937 0.403087 0.360521 -0.348380 
0.230567 -0.120422 0.227593 -0.797424 -0.235564 0.122683 0.278367 0.248853 0.265811 0.238895 -0.477115 -0.281807 0.360895 0.188788 0.064473 0.010997 
0.000858 -0.105480 0.180272 -0.466260 0.673224 0.240935 0.045146 -0.022556 -0.199429 0.291653 -0.509866 -0.267832 -0.518241 -0.195958 -1.002177 0.100361 
-0.027549 0.323445 0.202363 -0.275385 -0.347599 0.177909 -0.298327 -0.094074 -0.181633 -0.587169 0.243001 -0.563308 0.727368 0.168716 0.081615 -0.505117 
0.005763 0.222474 -0.020335 -0.119951 -1.020894 0.190471 0.281659 -0.099182 -2.321988 0.247032 0.302705 -1.056087 -1.213803 0.066506 -0.560226 -1.111295 
-0.268991 0.203921 -0.118014 0.611588 0.609120 -0.128609 -1.702090 -0.321990 -0.267450 0.016310 -0.167186 -0.065595 0.283026 -0.003425 -0.614131 0.240702 
0.085827 0.222312 -0.106590 -1.329740 -1.594138 0.325074 0.168270 -0.181980 -0.323331 0.043324 -0.166590 -0.006176 0.171653 0.160037 -0.243023 -0.322297 
0.091903 0.069801 0.078116 -0.962802 -0.093085 -5.715239 -2.608910 0.108415 -0.012753 -0.022280 0.085354 0.092792 0.061744 -2.018951 -0.135208 0.141720 
-0.024395 -0.763632 -0.054266 0.419972 0.227136 0.050982 0.378297 0.044858 -0.571466 -0.448781 0.177253 -0.303696 -0.633693 0.236848 0.008262 -1.031754 
-0.268552 -0.295314 0.136990 -0.041114 0.336431 0.517965 -1.178186 -0.054743 -0.424705 0.301251 0.250301 -1.908834 -0.513691 0.000486 -0.235459 -0.555919 
0.286198 -0.147876 -0.003631 0.474521 -0.067257 -0.081190 0.334062 0.119303 0.437132 -0.378801 -0.033733 -0.055836 -0.028676 0.001844 -1.444615 -0.317815 
0.302188 -0.113926 0.113986 -0.388854 -0.570626 0.213896 0.326331 0.203328 -0.498722 -0.296140 0.096051 -0.044257 -0.351786 0.041036 0.116997 0.005141 
0.201587 0.108754 0.295423 0.292912 -0.546321 -0.023157 -0.649237 0.301259 -0.530982 -0.209820 -0.370484 -1.027293 -0.063713 0.598832 -0.116663 0.268850 
0.128804 0.135754 0.044227 -0.028769 -0.182357 0.145304 -0.254716 0.090249 0.092108 0.162921 -1.350326 0.198993 0.194604 -0.357262 -0.839227 0.116417 
0.092497 0.077823 -0.202462 -0.188544 0.236660 0.380933 0.190269 -0.595924 0.316555 -0.523997 -0.166169 0.225446 0.217093 0.137369 -0.211467 0.272567 
-0.016424 -0.102113 0.144752 -0.613593 -1.477663 0.222439 0.217876 -0.030718 -0.471592 0.042008 -0.094785 0.062762 -0.061703 0.085740 -1.489524 -0.669718 
0.101754 -0.542830 0.048607 0.643249 0.105867 -0.123916 -0.011776 -0.092143 -0.636475 0.413140 -0.038202 -1.372494 -0.761214 0.245237 -0.262051 -0.077109 
0.257854 0.227288 -0.251052 -0.085076 0.242114 0.014992 0.338682 -0.083427 0.653144 0.648576 0.228437 0.490028 0.233424 0.038449 0.238581 -0.527932 
0.048318 0.405317 0.256174 -1.389896 -0.536594 0.478096 0.427857 0.106772 -0.964767 -0.513420 0.312401 0.482955 -1.566287 0.209690 -0.229296 -0.696601 
0.290446 -0.168028 0.226550 -0.201097 -0.441807 -0.028418 0.102722 0.277108 0.225928 -0.922737 0.061657 -0.403659 -0.528919 0.283694 0.549362 -0.357148 
-0.342217 0.138508 0.152056 0.512215 0.324427 -0.189219 0.472489 -0.409968 0.120077 -0.110661 0.288840 -0.863147 -0.040312 0.065597 0.195980 -0.789488 
0.174148 0.145980 -0.530346 -0.213381 -0.135879 -0.486930 -1.271961 0.187443 0.248474 -0.092057 -0.499325 0.285571 0.230300 -1.606063 -1.931198 -0.381259 
0.086284 0.077681 0.114861 0.608074 -0.730330 -0.570103 -0.147669 0.140243 -0.189709 0.019846 -0.125500 0.291740 -0.136563 -0.200179 -0.174598 0.011327 
0.286748 -0.140119 0.080643 -0.637794 0.027190 0.052149 0.192859 0.309402 0.308386 -0.071760 0.081479 0.231324 0.324155 -0.156452 0.560323 -0.793070 
-0.055063 -0.044426 0.165195 0.520403 0.050542 0.077155 -0.005909 0.134318 -0.385855 -0.058892 0.317158 -0.287247 -1.951895 0.148963 0.165320 -0.218906 
-0.246640 -0.116755 0.078773 0.456301 0.193765 -1.012774 -0.093869 0.091084 0.102207 0.154632 -0.509387 0.405336 0.588557 -0.632147 -0.448075 -0.168007 
-0.187355 -0.032051 -0.021726 -0.115323 -0.047373 -0.346827 -0.298516 -0.116686 0.235786 0.488353 0.302707 -0.111376 -0.049517 0.331077 -0.644121 -0.230707 
0.360431 0.321336 -0.045648 0.214926 0.181747 -0.413110 -0.553058 0.107151 -0.065662 0.411883 -0.190954 0.489142 -0.735343 -0.150922 -0.372687 0.263045 
-0.155530 -0.346533 0.203782 -0.076343 0.113433 -0.009886 -0.835300 0.075734 0.144053 0.207212 0.270982 -0.038639 0.028103 0.038167 -0.154116 -0.364903 
