-0.408650 -0.285271 0.140102 -0.163680 -0.035919 0.145513 -0.432378 -0.907874 -0.011897 0.015781 -0.201482 0.255266 0.123427 -0.991617 0.241215 -0.358878 0.522549 -0.383052 -0.162485 -0.362473 0.205461 -0.532184 1.696339 -0.227824 -0.219569 -0.146056 -0.192387 0.774606 0.697818 -0.376050 -0.402714 0.375170 -0.563117 0.390405 
-0.515304 0.200636 0.093862 -0.253589 -0.082498 0.294739 -0.337659 -0.579735 0.091468 0.022106 -0.030445 0.461637 -0.125924 -0.577294 0.035761 -0.353224 0.295987 -0.183676 -0.038476 -0.486637 -0.068157 -0.273864 1.544538 -0.114271 -0.016978 -0.276371 -0.240980 0.501053 0.767165 -0.273260 -0.439779 0.108669 -0.647171 0.196011 
-0.536444 0.189724 0.292167 -0.102890 0.012334 0.280817 -0.127148 -0.543897 0.237674 -0.228066 0.119802 0.562956 0.283192 -0.525241 0.134591 -0.288850 0.057214 -0.291461 -0.010320 -0.243305 0.014567 -0.100717 1.262842 -0.206396 -0.128403 -0.220150 -0.476868 0.546459 0.657801 -0.373396 -0.652012 0.214831 -0.441738 0.051742 
-0.111856 -0.093807 0.290027 -0.003673 0.163619 0.222269 -0.157352 -0.702655 0.302483 -0.041520 0.075800 0.419409 0.060965 -0.341782 -0.166130 -0.293574 -0.004818 0.032826 0.226474 0.021121 0.014475 -0.194592 0.717531 -0.271967 0.096483 -0.172302 -0.236646 0.434138 0.397099 -0.034493 -0.287737 0.147064 -0.225508 0.152568 
0.023811 -0.237432 0.186304 -0.218370 0.206268 0.425733 -0.166440 -0.546321 0.117164 -0.189058 0.141868 0.083013 -0.046232 -0.403772 -0.089816 -0.431949 -0.137762 -0.102827 0.109023 -0.010208 -0.049527 -0.102231 0.705237 -0.133878 0.105197 -0.383164 -0.197460 0.209795 0.314876 0.028158 -0.226070 0.303191 -0.048420 -0.032717 
-0.044644 -0.244430 0.036922 -0.405391 0.087460 0.377476 -0.097665 -0.491290 0.078346 -0.079514 0.091956 0.357239 -0.167978 -0.101113 -0.053129 -0.441291 0.036364 -0.113336 0.396579 0.252260 -0.024289 -0.076197 0.443216 -0.015273 0.117446 -0.116117 -0.085724 0.390158 0.261920 -0.257678 -0.098559 0.331650 -0.101530 -0.063535 
0.109062 -0.091905 0.073815 -0.215937 0.121080 0.313905 -0.323285 -0.334181 0.084652 -0.121234 0.125500 0.290138 -0.278232 0.090754 -0.040010 -0.380028 -0.057051 -0.211756 0.267210 -0.082400 0.062786 0.045570 0.446036 -0.103778 0.100860 -0.115393 -0.237584 0.153302 0.310160 0.063809 0.024294 0.095933 -0.016250 0.022004 
0.062971 0.338296 0.080775 -0.383977 -0.000706 0.107825 -0.322387 -0.273710 0.161425 -0.044299 0.114071 -0.030668 0.079986 0.103559 0.069226 -0.516907 0.134109 0.050020 0.211324 -0.045076 -0.132832 0.060167 0.276058 -0.153283 0.011721 -0.067468 -0.071265 0.333579 0.121313 0.042059 -0.043388 -0.075183 0.156693 -0.221117 
0.327059 0.126624 -0.100954 -0.226386 0.098796 0.033826 -0.243640 0.133237 0.469411 -0.175275 0.158391 0.118989 0.093599 0.338798 0.118421 -0.348813 0.073019 0.260553 0.501256 -0.087101 -0.009308 0.022842 0.256706 -0.050207 -0.043706 0.037997 0.034741 0.339186 0.210928 0.301270 0.178018 0.148796 -0.113076 -0.052136 
0.339703 0.343860 -0.014932 -0.305440 -0.023671 0.022110 -0.090860 0.122257 0.268038 0.043013 0.081262 0.069260 0.098552 0.405867 -0.021080 -0.332802 0.025810 0.370720 0.435247 0.041812 -0.016370 -0.032991 0.309772 -0.180184 -0.071768 0.197388 -0.101526 0.220332 0.038465 0.606681 -0.059385 0.095025 0.019561 -0.210978 
0.276485 0.148414 0.010096 -0.219307 0.055885 -0.072157 0.083785 0.094757 0.084199 0.078785 0.129941 0.034279 0.077569 0.312917 0.020888 -0.525285 -0.203744 0.297131 0.327899 0.228722 0.021748 0.248364 0.176775 -0.196367 0.074996 0.299168 0.022840 0.264053 0.140318 0.313163 -0.098613 0.018843 0.154559 -0.259779 
0.375474 0.177109 0.000337 -0.231870 0.116132 0.059694 0.223721 0.244407 0.157978 0.005202 -0.252699 -0.073592 -0.086111 0.410625 -0.058762 -0.492146 -0.251180 0.163501 0.253743 0.177000 -0.141566 0.150075 -0.120987 -0.205384 -0.058937 0.275589 0.098652 0.494108 -0.004685 0.325634 -0.360085 -0.122228 0.243433 -0.101267 
0.129289 0.212138 -0.270857 -0.328130 -0.007035 0.094103 0.075102 0.400374 0.027555 -0.158988 -0.330961 -0.003632 0.037996 0.433575 -0.203326 -0.466414 -0.150125 0.235549 0.251294 -0.001326 -0.136390 0.209861 -0.070773 -0.448829 -0.033741 0.345734 -0.195911 0.277521 -0.058197 0.219422 -0.147703 -0.229832 0.062196 0.033110 
0.119105 0.053853 -0.067115 -0.431704 -0.073529 -0.048500 -0.043569 0.433483 0.143258 -0.143632 0.061189 0.121187 0.249830 0.300966 -0.065499 -0.506643 -0.148632 0.152561 0.239027 -0.049714 0.067337 0.187863 0.134042 -0.300513 0.184665 0.035546 -0.163293 0.414000 -0.218405 0.080888 -0.270876 -0.320433 0.218756 -0.004420 
-0.162933 -0.085047 -0.182205 -0.159477 -0.086491 -0.085672 0.029423 0.554940 0.304412 -0.088898 -0.184973 -0.195274 -0.142446 0.239251 0.154854 -0.405075 -0.095269 -0.061397 0.191329 -0.037283 -0.024279 0.146660 -0.102299 -0.359124 -0.115011 -0.088267 0.099332 0.293642 -0.230116 -0.005601 -0.175787 -0.030780 0.173866 0.103610 
-0.135094 0.010967 0.063449 -0.025878 0.079718 -0.160362 0.092726 0.487055 0.156527 -0.159522 -0.016012 -0.036829 0.238656 0.226667 0.132293 -0.376002 -0.024843 0.112703 0.084922 0.182646 0.000322 0.447229 -0.012007 -0.128812 -0.077022 0.069672 -0.122829 0.181165 -0.295718 0.100281 -0.179020 0.061882 0.244596 0.049945 
-0.146672 -0.039274 -0.031525 -0.083552 -0.077870 -0.045917 0.179291 0.431255 0.105379 -0.048509 -0.205045 -0.408352 0.143558 0.309651 0.137421 -0.083498 0.061372 0.006289 -0.045435 -0.095011 -0.034682 0.472494 -0.034604 -0.337119 0.190676 -0.129244 0.008667 -0.022202 -0.236514 0.239624 -0.084259 0.048117 0.134549 -0.040831 
0.004799 -0.029812 -0.043974 -0.018460 -0.139957 -0.015072 0.475594 0.544455 -0.042650 0.246757 -0.140246 -0.400838 -0.046776 0.292000 0.082307 -0.058385 -0.131419 -0.149750 -0.082268 0.104915 0.018395 0.158627 -0.124687 -0.282264 0.285153 0.094306 0.101016 0.071766 -0.184259 0.011917 -0.024389 0.130008 0.033357 0.194508 
-0.138651 -0.086227 -0.211290 -0.058415 -0.010152 -0.226012 0.389441 0.495403 0.157272 0.338808 -0.062286 -0.441947 0.085975 0.358903 0.163750 0.030430 -0.058926 -0.024346 -0.264059 0.142448 0.236209 0.293854 0.016552 -0.432699 0.158127 0.331640 0.176817 -0.003757 -0.170019 0.154994 -0.027528 0.208033 0.312998 -0.148469 
-0.167428 -0.030282 0.200097 -0.156749 -0.091771 -0.279643 0.379169 0.605973 0.315288 0.394704 -0.111825 -0.383029 0.234070 0.331278 0.209687 0.184637 -0.084396 0.126013 -0.215484 0.250098 0.042929 0.133391 0.096629 -0.341838 -0.040617 0.327656 0.132697 -0.068448 -0.098310 -0.066943 -0.051477 0.152073 0.326148 0.121776 
-0.197055 -0.046586 0.016293 -0.244963 -0.300171 -0.332347 0.561884 0.809701 0.114380 0.298181 -0.088767 -0.296751 0.176605 0.001946 -0.031088 -0.006801 -0.236108 -0.160830 -0.220591 0.239867 0.015419 -0.084336 0.009985 -0.266860 0.139013 0.376311 -0.047454 -0.164659 0.037131 -0.221730 0.028469 0.121350 0.284896 -0.125729 
-0.134699 -0.003820 0.136196 -0.035732 -0.534494 -0.278973 0.691475 0.607565 0.068214 0.168772 0.229175 -0.460670 0.158808 -0.060154 -0.225594 0.314751 -0.044187 -0.082465 -0.226158 0.253758 -0.041484 -0.198653 0.163002 -0.146792 0.133416 0.335481 0.038649 -0.153465 -0.098183 -0.197689 -0.162731 0.234269 0.090934 -0.002749 
0.215546 -0.259484 -0.081280 0.035626 -0.333000 -0.202527 0.621885 0.660319 0.186359 0.112853 0.057678 -0.469826 0.200806 0.060614 -0.321170 0.027291 0.007635 -0.175541 -0.203442 0.273443 -0.003060 -0.265419 -0.192100 -0.429127 0.106170 0.534293 0.046230 -0.132289 -0.145716 -0.197073 -0.159145 0.149318 0.210310 -0.250614 
0.250312 -0.208456 0.073429 0.236565 -0.297873 -0.245880 0.703212 0.575600 0.226950 0.020235 -0.038343 -0.590593 0.146098 0.109253 -0.199987 0.323085 -0.179784 0.019219 -0.142962 0.233351 -0.139292 0.062483 -0.190310 -0.326424 0.161140 0.527499 0.146574 -0.109293 0.229221 -0.068136 -0.145205 -0.106732 0.468790 0.160377 
0.183817 -0.103768 0.096886 0.031417 -0.198511 -0.226834 0.775963 0.715568 0.319969 0.130642 0.167199 -0.575684 0.154132 0.125673 -0.121826 0.235337 -0.048123 0.283366 -0.215904 0.163556 -0.121429 0.011611 0.013156 -0.196330 0.278883 0.594741 -0.203837 -0.378882 0.131028 -0.250234 -0.014434 -0.239372 0.285183 0.001363 
0.063413 -0.351702 0.012542 0.098117 -0.306063 -0.155912 0.541945 0.389548 0.531402 -0.163625 0.103017 -0.584114 0.392213 0.187199 -0.194423 0.419905 0.038786 0.231674 -0.287203 0.147287 0.081074 -0.270586 0.007454 -0.164539 0.102285 0.528519 -0.112711 -0.173360 0.152322 0.045820 0.023867 -0.211525 0.422665 0.053767 
0.301360 -0.462568 0.089389 0.301998 -0.284556 -0.211563 0.563774 0.553897 0.125149 -0.016189 -0.254918 -0.385198 0.165101 0.246711 -0.036021 0.211083 0.035855 0.037115 -0.348205 0.080663 -0.025276 -0.100406 -0.165609 0.100832 -0.063237 0.316751 0.077794 -0.027761 0.060495 -0.214248 -0.087087 -0.240717 0.387512 0.089835 
0.407276 -0.017474 -0.172654 0.212017 -0.237814 -0.346082 0.638455 0.404726 0.129994 0.124938 -0.144099 -0.528730 0.155255 0.239737 -0.093515 0.393671 0.235929 0.192318 -0.316439 0.199594 -0.223619 -0.017492 -0.287409 -0.237607 0.022194 0.436274 0.204275 -0.107363 0.108931 -0.244894 0.058883 -0.216938 0.319231 0.250432 
0.083847 -0.181626 -0.126829 0.071232 -0.083472 -0.228151 0.710205 0.237912 0.135793 0.154043 -0.105213 -0.464118 -0.123537 0.249407 0.032729 0.548236 -0.007094 0.018124 -0.335263 0.192175 0.107034 -0.120364 -0.352803 -0.198907 -0.009520 0.288450 0.164632 -0.031638 0.006866 -0.077371 -0.054606 0.046837 0.135481 -0.082955 
0.135450 -0.226751 0.080451 0.360264 -0.119345 -0.199585 0.488045 0.193146 -0.041295 0.033560 -0.067101 -0.353310 -0.113663 0.261035 -0.075364 0.453116 -0.089728 -0.223713 -0.636483 0.111109 0.008055 -0.218206 -0.526368 -0.088312 0.030977 0.300723 0.316045 -0.083755 -0.147620 0.176255 -0.096412 -0.057560 0.240748 0.112591 
0.160302 -0.223966 -0.080539 0.379200 -0.346506 -0.108433 0.665748 -0.062840 0.020155 0.091723 -0.170935 -0.279149 -0.049075 -0.005367 -0.151932 0.460384 -0.025364 0.012715 -0.420030 0.000752 -0.132384 -0.045287 -0.399199 0.026139 -0.214356 0.438284 0.066760 -0.201612 -0.255790 -0.132403 -0.196814 -0.037904 0.228786 0.005990 
-0.181166 0.242756 0.071432 0.279218 -0.109064 -0.051951 0.520465 0.114407 0.306287 0.000380 -0.038206 -0.034452 -0.077202 -0.146155 -0.206383 0.662557 0.118596 -0.104698 -0.333654 0.197935 0.056224 -0.208285 -0.385396 -0.067222 -0.168965 0.337688 0.017784 -0.095576 -0.193580 -0.045278 0.195591 -0.362059 0.007232 0.225001 
-0.207084 0.050913 -0.275854 0.122053 -0.291912 -0.166171 0.523980 0.009793 -0.000922 -0.297780 0.014066 0.081102 0.069665 0.091440 0.050379 0.554754 0.038356 -0.096052 -0.340090 0.115806 0.007334 -0.170763 -0.291423 0.124614 -0.099938 0.492361 0.076052 -0.292709 -0.013367 -0.079108 -0.011990 -0.110229 0.177576 0.008714 
-0.172518 0.403739 -0.244417 0.123589 -0.139712 -0.220487 0.606336 -0.025010 -0.166169 0.014248 -0.353784 -0.091894 -0.145005 -0.276575 -0.073544 0.468844 0.078099 -0.104925 -0.365354 0.158957 -0.049077 0.045559 -0.494100 0.115678 0.013281 0.366807 -0.053918 -0.052792 0.123738 0.005630 -0.027635 -0.296472 0.056490 0.256308 
-0.187044 0.096961 -0.231038 0.320656 -0.180790 0.022431 0.364407 0.246925 -0.184708 0.182143 -0.200695 0.007833 -0.001718 -0.344018 -0.235922 0.605113 -0.136578 -0.025020 -0.381846 -0.092197 -0.033678 0.184325 -0.203425 -0.014209 -0.280052 0.347192 0.130549 -0.437279 0.195195 0.337002 0.013188 -0.108916 -0.143474 0.127687 
-0.192953 0.014427 -0.307689 0.358645 0.028807 -0.106911 0.206398 0.223430 -0.263521 -0.000780 -0.297209 -0.202388 0.060739 -0.179906 -0.373331 0.750395 -0.121499 0.249852 -0.244733 0.150468 0.289253 0.052741 -0.379272 0.181120 -0.094452 0.404395 0.074010 -0.135702 0.031512 0.228294 -0.028472 -0.066723 -0.222830 -0.024067 
-0.083355 0.049478 -0.419222 0.652547 0.250078 -0.184139 0.457895 0.164291 -0.609076 0.306269 -0.224601 0.003479 -0.043927 -0.082709 -0.218684 0.832752 -0.171695 0.224010 -0.342716 -0.199773 0.160808 0.352721 -0.341336 0.280363 -0.472823 0.344796 -0.013447 -0.302017 0.369565 0.097542 -0.019500 -0.102980 -0.047777 0.137411 
-0.153939 0.373515 -0.242669 0.520534 0.368752 0.113104 0.354545 -0.024696 -0.486771 0.311964 -0.467757 0.051668 -0.071241 -0.117326 -0.210599 0.931902 -0.272966 0.248481 -0.152215 -0.141185 0.167917 0.537981 -0.155709 0.258518 -0.410884 0.126858 0.233572 -0.186610 0.129952 0.237008 0.106913 -0.065069 0.046542 -0.005624 
-0.274500 0.227776 -0.257043 0.462679 0.267858 0.159468 0.345018 0.215491 -0.196255 0.347691 -0.427557 0.095966 -0.310702 -0.204480 -0.038581 0.638419 -0.070892 0.075439 -0.179772 -0.100319 0.083715 0.394628 -0.147031 0.097363 -0.538565 -0.159881 -0.007909 -0.193884 0.351638 0.240165 -0.244391 0.050978 0.105793 -0.117038 
-0.043519 0.373495 -0.293407 0.244398 0.261284 0.076460 0.155092 0.220932 -0.306628 0.277001 -0.496055 0.113181 -0.401049 -0.347132 0.035980 0.503943 0.134710 -0.269268 -0.241406 -0.054174 0.051377 0.672408 -0.103789 0.234724 -0.567295 -0.221896 0.026566 -0.308465 -0.000120 0.040757 -0.186061 -0.041303 -0.038533 0.041646 
-0.127992 0.334315 -0.218770 0.427540 0.364495 0.253885 0.547662 0.155134 -0.402642 0.203049 -0.287048 0.085401 -0.514386 -0.317175 0.039637 0.418307 -0.139921 -0.089309 -0.204309 -0.101138 -0.152808 0.720681 -0.368498 0.403004 -0.774197 -0.425299 0.044117 -0.036423 0.278299 0.196838 -0.185167 -0.054671 -0.060995 -0.076749 
-0.225932 0.326189 -0.399917 0.262901 0.410559 -0.053504 0.255994 -0.092369 -0.239551 0.024472 -0.188081 0.108361 -0.553731 -0.304900 -0.317389 0.649879 -0.178970 0.065989 -0.057841 -0.044305 -0.050914 0.755852 0.139504 0.358104 -0.860457 -0.157675 0.182538 -0.165119 0.218534 0.105999 -0.374484 0.016586 -0.144400 -0.225720 
0.064187 0.181123 -0.308874 0.172187 -0.016403 0.094216 0.454912 -0.208234 -0.389839 -0.036464 -0.181557 0.217988 -0.371296 -0.226636 -0.196409 0.513683 -0.232683 0.270615 0.173190 -0.202615 0.030474 0.527602 0.015075 0.394256 -0.648340 -0.163840 -0.002483 -0.131450 0.205111 0.164775 -0.286529 -0.064573 -0.121226 -0.368292 
-0.203044 0.351709 -0.346967 0.142557 -0.134006 0.337250 0.334328 -0.339383 -0.158043 0.069695 -0.243998 0.257440 -0.213430 -0.011329 0.010703 0.403927 0.193923 0.229331 0.290608 -0.198822 -0.051496 0.411791 -0.063787 0.235373 -0.487931 -0.209102 -0.001262 -0.303124 0.047400 0.151206 -0.165861 0.107434 0.013968 -0.259209 
-0.273615 0.171727 -0.320018 0.040854 0.035592 0.532681 0.113279 -0.326728 -0.242650 0.104653 -0.031310 0.061513 -0.093984 -0.118015 -0.033151 0.626133 0.062358 0.273649 0.168040 -0.111603 -0.277780 0.183573 -0.050078 0.421634 -0.378092 -0.162705 0.036666 -0.411918 0.062797 0.195972 -0.230384 0.159755 -0.371729 -0.198497 
-0.111131 0.360109 -0.207350 -0.011491 0.230670 0.373508 0.043132 -0.186146 -0.334042 0.110832 -0.016160 0.172748 -0.279107 0.119182 -0.102619 0.378153 0.231476 0.157358 0.084150 -0.029569 -0.193113 0.077301 -0.293807 0.367859 -0.255548 -0.244449 -0.073956 -0.143633 -0.167389 0.124419 -0.096382 -0.002556 -0.188353 0.019896 
-0.197965 0.128013 -0.082221 0.290018 0.143524 0.645811 -0.111443 -0.328285 -0.362366 0.284973 -0.064241 0.056008 -0.355984 0.171001 -0.091658 0.149290 0.075014 0.001931 0.049286 -0.226371 -0.008544 0.197810 -0.335925 0.414592 -0.231141 -0.368439 -0.126365 -0.448179 -0.061919 0.201384 -0.101440 0.058073 -0.360625 0.095108 
-0.276778 0.141939 -0.223630 -0.100769 0.317675 0.350949 -0.179570 -0.293894 -0.286242 0.367566 0.163568 0.142654 -0.218454 0.362923 -0.141204 0.014845 0.308359 0.235460 -0.056046 -0.253430 -0.110485 0.174296 -0.364962 0.643933 -0.280070 -0.386616 0.137534 -0.391400 -0.284029 0.176570 -0.083344 -0.261965 -0.462436 -0.079845 
-0.043996 -0.047254 -0.144462 0.060687 0.134492 0.277385 -0.418058 -0.399290 -0.269128 0.121764 -0.055008 -0.002719 -0.003719 0.477358 -0.074093 0.337276 0.346096 0.052993 -0.102168 -0.302438 0.021048 -0.110959 -0.426925 0.213679 -0.014943 -0.155063 0.178483 -0.315047 -0.156432 0.262291 0.060575 0.039675 -0.201554 -0.331312 
-0.138548 0.006005 -0.207116 0.062978 0.030872 0.210460 -0.635715 -0.294368 -0.146720 -0.147703 0.212243 0.010809 -0.053617 0.376247 -0.085014 -0.047849 0.261744 0.048787 0.145337 -0.264517 -0.037549 -0.063789 -0.470889 0.418941 0.025310 -0.353985 0.129587 -0.246686 -0.137241 -0.219622 0.177047 0.033072 -0.186633 -0.036188 
0.040728 0.058383 -0.280036 0.122635 0.259639 0.209103 -0.470811 -0.382207 -0.005629 -0.035863 0.097475 -0.095389 0.051280 0.321889 -0.137031 -0.064622 0.081821 -0.114516 0.291454 -0.433536 -0.045144 -0.034032 -0.479871 0.429519 -0.132270 -0.221510 0.361818 -0.344844 -0.153263 -0.164814 0.047359 0.080039 -0.040107 0.008051 
-0.061867 -0.305138 -0.095503 -0.095114 -0.023643 0.157872 -0.652595 -0.477891 -0.043780 -0.020004 -0.090725 0.078885 -0.033587 0.675617 -0.209437 -0.242596 0.301884 -0.026671 0.263014 -0.416061 -0.027673 -0.207879 -0.325119 0.230341 -0.081664 -0.039564 0.483865 -0.246597 -0.275443 -0.051094 0.304420 -0.175782 -0.050633 0.027138 
0.102192 -0.276029 -0.024473 -0.108972 0.270162 0.214757 -0.434592 -0.259418 0.172020 -0.065438 -0.121677 0.095607 -0.021907 0.621323 -0.086746 -0.242219 0.422544 0.057419 0.325614 -0.411038 -0.030572 -0.234543 -0.401026 0.256712 0.059401 -0.326725 0.461916 -0.309991 -0.359881 0.082426 0.596041 -0.073512 -0.175582 0.079436 
-0.074629 -0.098406 0.059892 -0.189271 -0.094121 0.052394 -0.662627 -0.172476 0.262029 -0.025098 0.039617 -0.151785 -0.113717 0.560722 0.100835 -0.291991 0.226163 0.230727 0.367256 -0.243854 -0.009706 -0.377156 -0.176221 0.023831 0.263238 -0.089208 0.092346 -0.380755 -0.199101 -0.024938 0.533457 -0.254668 -0.273654 0.045577 
0.003204 -0.240614 0.054586 -0.202994 0.282172 -0.092853 -0.595533 -0.365034 0.336031 -0.212234 0.093652 0.010196 -0.075342 0.411447 -0.018696 -0.255583 0.180994 0.161163 0.466573 -0.420453 0.115893 -0.395613 0.013446 -0.030931 0.301251 -0.304667 0.038796 -0.266707 -0.165192 -0.417286 0.406421 -0.177607 -0.051264 0.124673 
-0.224739 -0.237579 -0.012071 -0.134910 0.080311 -0.151838 -0.727578 -0.125203 0.055383 -0.319374 -0.153626 -0.095182 0.064685 0.152677 0.164426 -0.245429 0.350697 0.411889 0.261780 -0.534288 -0.081286 -0.227992 -0.011232 0.055515 0.078485 -0.215546 0.071300 -0.305809 -0.033765 -0.592854 0.394185 -0.078676 0.205289 0.392945 
-0.365122 -0.043707 -0.080328 -0.104821 0.306934 -0.058640 -0.600830 -0.148020 -0.022090 -0.572832 0.075654 -0.013571 -0.014860 0.324154 0.023905 -0.181094 0.191072 0.103254 0.427324 -0.422720 0.091165 -0.344037 0.003069 0.159587 0.197660 -0.272391 -0.044883 -0.414984 -0.030785 -0.415958 0.358321 0.047798 -0.053247 0.664718 
-0.063402 -0.153333 -0.260747 -0.162487 0.163295 -0.129681 -0.643534 -0.110958 -0.007693 -0.544961 -0.161057 -0.107903 0.247051 0.036367 0.139728 -0.478990 0.217429 0.032146 0.315681 -0.363059 -0.120004 -0.228012 -0.503226 0.019772 0.037748 -0.263170 0.063195 -0.387721 0.090147 -0.193787 -0.043283 -0.113260 -0.020705 0.483180 
0.036274 -0.032486 -0.213246 -0.263848 0.118001 -0.138596 -0.569964 0.040827 0.018756 -0.609770 0.138752 -0.193644 0.194990 -0.120267 0.081397 -0.628880 0.212652 -0.154576 0.169785 -0.216860 0.104526 -0.119963 -0.168166 0.050743 0.473612 -0.473643 0.009819 -0.487907 0.042362 -0.296764 -0.225147 0.341876 0.103451 0.298518 
0.164677 0.001114 -0.268384 -0.236090 0.011089 -0.051270 -0.600001 -0.137648 -0.057040 -0.428199 0.202370 -0.405901 0.055707 -0.075907 0.081406 -0.418729 0.174451 -0.273107 0.366167 -0.237237 0.154503 0.156631 -0.220488 -0.092987 0.273913 -0.255977 -0.023420 -0.354281 -0.028990 -0.406538 -0.211073 0.156394 0.030317 0.183805 
0.386577 0.146590 -0.201613 -0.401696 0.090020 0.001312 -0.666654 -0.035045 -0.284241 -0.349377 0.267854 -0.384307 0.098776 -0.180291 -0.255878 -0.306420 0.021058 -0.223573 0.414429 -0.304079 0.173166 0.168728 -0.181574 -0.076743 0.443662 -0.272932 -0.034379 -0.365208 0.230045 -0.377604 -0.319140 0.416105 -0.021600 -0.011822 
0.241566 0.393618 -0.014718 -0.242497 -0.034102 -0.113582 -0.735195 -0.133313 -0.561650 -0.355846 0.230589 -0.081609 0.245132 -0.266224 -0.076868 -0.290729 0.132813 -0.512358 0.185385 -0.285346 -0.009699 0.286427 -0.520199 0.003385 -0.011918 -0.195972 0.158662 -0.333495 0.188056 -0.406770 -0.245279 0.454948 -0.017850 0.239312 
0.404640 0.209418 0.336409 -0.353623 0.063622 -0.039645 -0.665991 -0.351133 -0.363698 -0.236762 -0.007566 -0.119912 0.144404 -0.274784 -0.302931 -0.090538 0.516878 -0.207304 0.091806 -0.300946 0.140860 0.027398 -0.450724 -0.156964 -0.071622 -0.080189 0.237370 -0.182808 0.101309 -0.663057 -0.436231 0.358505 -0.075257 0.113532 
0.702985 0.258618 0.428315 -0.188559 -0.036834 -0.013815 -0.483982 -0.238077 -0.305652 -0.153717 0.079383 0.048120 0.214236 -0.423511 -0.201265 0.065758 0.364397 -0.227546 0.198385 -0.364018 0.271319 0.002095 -0.277779 -0.028231 -0.112624 -0.195677 -0.055189 0.102099 0.040642 -0.399180 -0.207474 0.439813 -0.135292 -0.129405 
0.556832 0.295391 0.541118 -0.038806 -0.309582 0.043039 -0.589726 -0.261825 -0.257684 0.030213 0.068767 0.024171 -0.111043 -0.516092 -0.165308 -0.179831 0.133945 -0.023985 0.314012 -0.244698 0.226747 0.018093 -0.300026 -0.187324 -0.005339 0.014421 0.099233 0.159424 0.102650 -0.415396 -0.238396 0.693124 -0.109280 -0.131987 
0.805053 0.178070 0.388701 -0.148756 -0.264797 0.046559 -0.418524 -0.317625 -0.373280 0.149035 0.182837 0.319850 -0.065246 -0.800759 0.012694 -0.056001 0.132389 -0.081061 0.148372 0.022564 0.176850 0.049609 -0.300347 -0.105397 0.337218 -0.087933 0.170855 0.295032 -0.026240 -0.086519 -0.347090 0.523119 0.112070 -0.223056 
0.376565 -0.108742 0.016456 -0.061630 -0.270918 0.194886 -0.176767 -0.195052 -0.255205 -0.214968 0.118867 0.269813 -0.146628 -0.456533 0.251885 -0.080021 0.201287 -0.191402 0.186335 -0.289930 0.310607 -0.222936 -0.112671 -0.078055 0.219134 0.182484 -0.018577 0.261066 -0.056822 0.005711 -0.120241 0.427354 0.045048 0.059673 
0.468828 -0.303908 -0.009052 -0.009774 -0.113042 0.254034 -0.375558 -0.067043 -0.153143 0.040551 0.139812 0.488066 -0.183577 -0.630809 0.398377 -0.148639 0.066004 -0.267954 0.102080 -0.152046 0.122758 -0.110705 -0.119528 -0.076364 0.428783 -0.177133 -0.138795 0.320741 -0.193904 0.100683 -0.265957 0.392586 -0.039215 -0.078266 
0.254335 -0.223259 -0.139476 -0.134528 0.011107 0.205981 -0.471003 0.041287 -0.087382 -0.144558 0.014170 0.255958 -0.293029 -0.401807 0.400010 -0.060076 0.039634 -0.292149 0.021637 -0.157353 0.097004 -0.285006 -0.043244 0.209275 0.529502 0.000672 -0.137765 0.115444 -0.395718 0.082372 -0.014888 0.133899 0.079572 0.069656 
0.089449 -0.600811 -0.219166 -0.129757 -0.386940 0.230517 -0.328903 0.133923 -0.080530 -0.040414 0.118379 0.103639 -0.452106 -0.572582 0.328108 -0.346276 -0.135178 0.064912 -0.233244 0.480218 -0.133292 -0.347622 -0.058324 0.148748 0.556219 0.023246 -0.269333 0.126077 -0.503318 0.256265 -0.233019 -0.137649 0.097830 -0.111452 
-0.376605 -0.857535 -0.271459 -0.351508 -0.019404 0.356989 -0.429315 0.128413 0.206225 -0.157032 -0.053347 0.170188 -0.671242 -0.224119 0.491373 -0.377361 -0.110306 0.052646 -0.365548 0.559562 -0.141809 -0.427942 -0.065140 0.379623 0.850467 -0.101781 -0.322763 -0.023276 -0.545993 0.335123 0.144846 -0.119434 0.268690 -0.481556 
-0.625882 -0.724695 -0.159201 -0.020217 0.043242 0.309619 -0.236559 -0.050624 0.407747 -0.071424 0.048262 -0.004969 -0.765214 -0.071590 0.480378 -0.393115 -0.187185 0.003641 -0.122804 0.558048 -0.427069 -0.041882 -0.039932 0.259977 0.900135 -0.116117 -0.144706 -0.058511 -0.723328 0.068316 -0.177894 -0.213890 0.426755 -0.579629 
-0.583771 -0.966866 0.179592 0.030587 0.210661 0.283112 -0.163126 0.040204 0.304384 -0.270166 -0.007703 0.018322 -0.803217 0.204616 0.441821 -0.298009 -0.360580 -0.230096 -0.124746 0.532283 -0.306111 0.085533 0.147258 0.367348 0.996005 -0.171317 -0.122962 0.009732 -0.539771 -0.111945 -0.117423 -0.048256 0.316585 -0.747162 
-0.733671 -0.526354 0.568403 0.184388 0.414380 0.033820 -0.239081 0.154992 0.179141 -0.512066 -0.117310 -0.214655 -0.729560 0.105143 0.232588 -0.221333 -0.199226 -0.309446 -0.132473 0.284672 -0.409472 -0.127490 0.261170 0.407653 0.501857 -0.259985 -0.074057 -0.152702 -0.352717 0.052210 -0.142674 -0.198927 0.345733 -0.827453 
-0.465457 -0.316000 0.800357 0.313555 0.321953 -0.030840 -0.022112 0.165155 0.078996 -0.813006 0.177434 -0.249453 -0.495884 -0.038635 0.190786 -0.204230 -0.174955 -0.490005 0.033545 0.155337 -0.105007 -0.106770 0.474511 0.094911 0.492262 -0.150581 -0.004489 -0.296844 -0.129339 0.018239 -0.193208 -0.288725 0.282522 -0.711425 
-0.366766 0.025611 0.745466 0.143210 0.475583 0.000190 0.284442 0.328867 -0.126153 -0.540541 -0.001619 -0.007399 -0.092812 0.109207 0.057140 0.029503 -0.212648 -0.304529 0.221358 0.041219 -0.115030 -0.366236 0.427864 0.147698 0.316506 0.026025 -0.081754 -0.217401 -0.043957 0.008363 -0.019320 -0.413841 -0.120693 -0.435997 
-0.154354 0.453202 0.784956 0.376253 0.396080 -0.047942 0.124753 0.064744 -0.523902 -0.392743 0.045338 -0.216635 0.118645 0.083453 0.050110 0.239685 0.003477 -0.293663 0.232043 0.212903 0.090685 -0.497781 0.446613 0.179849 0.179504 0.092583 -0.308996 0.041920 0.046910 -0.177496 -0.028934 -0.547079 -0.280376 0.011862 
0.359154 0.702721 0.805070 0.026097 -0.054661 0.232150 -0.183734 0.155507 -0.532440 0.029218 0.258147 -0.382315 0.765500 0.068736 0.444861 0.234142 -0.088010 -0.142192 -0.010282 0.464862 0.655998 -0.457144 0.100899 -0.087688 0.221920 -0.201696 -0.650160 -0.056899 0.339735 -0.090797 0.151369 -0.454928 -0.405743 0.000451 
0.728096 0.714643 0.187168 -0.144901 -0.387652 0.546620 -0.210281 0.103994 -0.743892 0.315222 0.490941 -0.591991 0.867007 0.038697 0.246869 0.160847 0.015058 0.038165 0.066551 0.649062 0.552208 -0.218248 0.169137 0.062604 0.137393 -0.093465 -0.765753 0.223721 0.344807 -0.069957 -0.083315 -0.533701 -0.532204 0.288678 
0.567770 0.701881 0.042459 -0.356195 -0.610117 0.400532 -0.317907 0.114015 -0.526863 0.714460 0.522022 -0.425086 0.972711 0.169319 0.276930 0.350755 -0.317775 -0.037327 -0.151262 0.943910 0.668585 0.050453 -0.122809 -0.148408 0.426198 -0.152276 -0.460354 0.157568 0.128009 -0.100876 0.037542 -0.509289 -0.135478 0.235898 
0.468808 0.440963 -0.490290 -0.139002 -0.370964 0.293915 0.005247 0.279293 -0.469079 0.711279 0.248220 -0.393572 1.005585 0.110579 0.256443 0.099838 -0.466341 -0.017546 0.059242 0.759837 0.208392 0.456541 -0.317922 -0.041996 0.542175 -0.225825 -0.087424 0.009696 0.270897 -0.134489 -0.002477 -0.292486 0.117940 0.150211 
0.501175 0.104627 -0.591809 0.557036 -0.244120 -0.058635 0.063028 0.350987 -0.287894 0.392424 0.317585 -0.109919 0.452185 0.150317 0.295143 0.254119 -0.344065 -0.054407 0.554123 0.616495 0.281464 0.713645 -0.277057 0.110370 0.411779 -0.404896 0.407613 0.078150 0.200076 -0.052168 -0.042622 -0.710904 0.350420 0.263952 
0.504993 -0.156641 -0.378679 0.866085 -0.298313 -0.390267 0.382174 0.120112 0.078086 0.212826 0.426966 0.113973 -0.366570 -0.226708 0.193867 0.157280 0.145471 0.011655 0.401236 0.197140 0.095709 0.754716 -0.186266 -0.170255 0.179766 -0.212641 0.461165 0.103327 0.143026 -0.384011 -0.125216 -0.657116 0.404069 0.522819 
-0.000296 -0.248381 -0.008423 0.967257 -0.035838 -0.456041 0.320626 -0.304623 0.621277 -0.047953 0.390670 0.130083 -0.702348 -0.209549 0.079962 0.201825 0.293097 0.119093 0.200847 -0.222890 0.353436 0.658058 0.366219 0.095918 -0.104165 -0.144462 0.351285 0.281714 0.234553 -0.100002 0.069559 -0.537617 -0.006279 0.600691 
-0.409954 0.154341 0.342282 0.793208 -0.012854 -0.644874 0.344534 -0.242385 0.828921 -0.278351 0.340857 0.309648 -0.941520 -0.193978 -0.242027 0.098352 0.193783 0.137445 0.030301 -0.495602 -0.007214 0.172646 0.449782 -0.129038 -0.202458 -0.007931 0.461037 0.291076 0.007845 -0.043867 0.191880 -0.217190 0.075100 0.767347 
-0.620708 0.273583 0.322018 0.337652 -0.196673 -0.597660 0.167121 -0.161958 0.757447 -0.446899 0.161375 0.030167 -0.608831 -0.125693 -0.297856 0.074177 0.265090 0.157669 -0.215778 -0.305115 -0.233960 -0.336659 0.064196 -0.275678 -0.169541 -0.051447 0.373660 0.299078 -0.143405 -0.176886 0.122101 0.469422 -0.151225 0.556805 
-0.792024 0.280913 0.008836 -0.072230 0.046842 -0.403640 0.183376 -0.157898 0.391549 -0.495154 0.140414 0.063873 0.148979 0.059947 -0.322212 -0.006497 -0.107548 0.062707 -0.227140 -0.064814 -0.384593 -0.080928 -0.087280 -0.120737 -0.068297 -0.178341 0.084279 0.220150 -0.467267 -0.263269 -0.235570 0.569400 0.071103 0.331961 
-0.841533 0.344258 -0.146451 -0.074906 0.254812 -0.294332 0.098590 0.049875 0.200924 -0.454167 -0.026586 0.366422 0.465000 0.368123 -0.146942 0.221983 -0.252829 -0.108035 -0.358881 0.100421 -0.441364 -0.118123 -0.377932 -0.204664 -0.106005 0.032696 0.081153 -0.134211 -0.590064 -0.154442 -0.271752 0.347655 0.321949 0.138184 
-0.466012 0.350892 0.010323 -0.005991 0.464600 0.082350 -0.054949 0.052883 0.113749 -0.198848 0.060201 0.424916 0.733502 0.513334 -0.198524 -0.084739 -0.190394 -0.262703 0.002848 -0.006108 -0.591174 -0.376553 0.007585 -0.011970 -0.002374 0.067570 -0.003115 -0.339533 -0.481968 0.025323 -0.104589 0.022780 0.623229 0.234439 
0.437645 -0.102297 0.426651 0.114740 0.514450 0.318826 -0.286518 0.081032 -0.302523 0.297007 0.241019 0.265558 0.622185 0.394009 -0.091107 -0.196629 0.103456 -0.317209 0.132445 -0.184926 -0.870112 -0.728645 -0.044356 -0.391630 -0.266367 0.242057 -0.231953 -0.514000 -0.018697 -0.117083 0.036493 -0.037807 0.334682 -0.226544 
0.791973 -0.269937 0.420609 0.227400 0.563697 0.244203 -0.518277 -0.138620 -0.631964 0.559177 -0.034254 -0.155146 0.314803 -0.023238 0.007954 -0.311882 0.409563 0.095279 0.211017 -0.147728 -0.793663 -0.490574 0.247407 -0.158981 -0.298627 0.302591 0.155548 -0.534028 0.059077 -0.053603 0.318321 -0.185487 -0.019304 -0.382280 
0.183600 -0.482672 0.152527 -0.152250 0.489229 0.267522 -0.306349 0.176996 -0.239836 0.696043 -0.303364 -0.343552 0.238259 -0.192461 0.294675 -0.138963 0.558288 0.382722 -0.200440 -0.139629 -0.992778 0.006975 0.296570 -0.245982 -0.210677 0.233736 0.092431 -0.047768 0.222714 -0.103773 0.379529 -0.551585 -0.418440 -0.344285 
-0.117465 -0.412711 -0.381362 -0.159688 0.284601 0.217073 -0.178382 0.376306 -0.008947 0.348975 -0.445284 0.067411 0.040108 -0.444901 0.336914 -0.016134 0.172953 0.316953 -0.232842 0.259916 -0.698038 0.848134 0.061012 -0.269002 0.044565 0.109710 0.049441 -0.026344 0.008340 -0.193736 0.379504 -0.489588 -0.567679 -0.428531 
-0.169254 -0.225530 -0.401200 -0.316974 0.113307 -0.037287 -0.332519 0.557066 0.080021 0.395666 -0.283437 0.125650 -0.190358 -0.667176 0.129247 -0.198818 0.482867 -0.028387 -0.341876 0.254533 -0.437208 0.997794 0.102252 0.023390 0.240917 -0.424021 0.254576 0.187205 0.256164 0.166438 0.136662 -0.283077 -0.649136 -0.299586 
0.190567 -0.005503 -0.197974 -0.686740 -0.328166 -0.365966 -0.341388 0.133869 0.291718 0.193323 -0.003224 0.037922 -0.224305 -0.022092 0.281623 -0.110854 0.177706 -0.187645 -0.615944 -0.094503 0.044625 0.567712 0.194644 0.008512 0.183245 -0.636897 0.548725 0.247172 0.157479 0.197020 0.164094 0.100825 -0.384323 -0.024574 
0.434406 -0.200070 0.223786 -0.488169 -0.338153 -0.803592 -0.376726 -0.193136 -0.125972 0.120325 0.184701 -0.215431 0.007578 0.464898 0.247353 -0.051449 0.292188 -0.104852 -0.126134 -0.229124 0.309924 -0.348885 0.166608 -0.387387 0.143391 -0.414524 0.491370 0.143047 -0.050161 0.033217 0.004252 0.635099 0.179527 0.018948 
0.309249 0.259299 0.346019 -0.870365 -0.863449 -0.564481 0.240774 -0.355554 -0.389707 -0.360619 0.149652 -0.386943 -0.076631 0.728214 0.323848 0.076808 0.066328 -0.122116 0.003516 -0.384769 0.456067 -0.454917 -0.124848 -0.377659 0.116451 0.097860 0.572176 -0.004861 -0.343203 -0.045312 -0.082338 0.536071 0.494741 0.086195 
-0.113870 0.366377 0.102316 -0.792343 -1.141132 0.344044 0.551266 -0.464557 0.275547 -0.379779 0.346305 -0.105457 0.224920 0.171415 0.078972 0.423483 -0.219488 0.070107 0.554632 -0.254493 -0.017112 -0.525763 -0.167492 -0.276085 -0.219816 0.193989 -0.285834 -0.304041 -0.307327 0.078465 -0.186623 0.328332 0.156645 -0.531489 
-0.341366 0.206994 0.246830 -0.503534 -0.874000 0.670467 0.635353 -0.476296 0.912234 -0.175264 0.418865 -0.158075 -0.136940 0.162778 -0.158200 0.409063 -0.031412 0.403403 1.017191 -0.522881 -0.140256 -0.432834 -0.388598 0.019298 -0.403075 0.558693 -0.744666 -0.197412 -0.340694 0.094884 -0.010127 0.018936 0.116889 -0.568392 
-0.393166 0.047305 0.233015 -0.286986 -0.471862 0.718893 0.568216 -0.287781 0.871231 0.156772 0.189023 0.157662 -0.231896 0.204252 -0.040621 0.013497 0.089321 0.370767 0.870804 -0.381315 0.060773 -0.471836 -0.252993 0.432920 -0.338320 0.670045 -0.893734 -0.022784 -0.327201 0.347497 -0.030053 0.134037 -0.014086 -0.673427 
-0.130167 0.731796 -0.287924 -0.163487 0.076063 0.423889 0.401235 -0.199238 0.264565 0.438887 0.183163 0.568549 -0.203057 0.010261 0.064743 0.069225 -0.141660 -0.130827 0.434474 -0.084236 0.014750 -0.012202 -0.010152 0.239857 -0.092303 0.620924 -1.160408 -0.157760 -0.008063 0.132680 -0.535765 0.266015 0.042378 -0.329545 
-0.299036 0.702761 -0.484623 -0.028159 0.743769 0.103760 0.225290 0.073054 -0.134471 0.612125 -0.013195 0.718591 -0.154353 -0.200414 0.245847 -0.153646 -0.230352 -0.277262 0.170996 0.041987 0.056777 0.392844 0.062314 0.228437 -0.057870 0.450135 -0.791709 0.056604 0.190952 -0.118124 -0.594856 0.762831 -0.006323 -0.268064 
-0.275709 0.581611 -0.636416 -0.037984 0.718879 -0.069800 0.191887 0.303033 -0.233327 0.822223 -0.040965 1.034106 0.021036 -0.097917 0.052945 -0.139122 -0.105813 -0.192593 -0.247068 0.208451 0.074277 0.387161 0.369856 -0.036043 -0.079851 0.210306 -0.476692 -0.016020 0.430208 -0.204691 -0.331189 0.856732 0.106670 -0.032148 
-0.095368 0.472537 -0.851755 0.310487 0.851747 -0.646963 -0.127136 0.235827 -0.394784 0.953600 0.034368 0.613075 0.037341 -0.063159 0.283829 -0.050176 0.115838 -0.070489 -0.427959 0.005464 0.139400 0.195401 0.179823 0.015113 0.216578 0.126930 -0.462013 -0.151706 0.538687 -0.520758 0.119301 0.567720 0.088471 -0.024043 
-0.258325 0.009040 -0.882686 0.520629 0.857251 -0.576334 -0.236113 0.251203 -0.265876 0.878694 0.132629 0.400075 -0.030639 -0.039279 0.052362 0.043219 0.154381 0.122282 -0.547119 0.336883 0.403229 0.044472 0.125477 -0.331895 0.183868 -0.129301 -0.371227 -0.108975 0.429661 -0.507858 0.075349 0.391566 -0.174643 -0.033957 
-0.206002 0.040165 -0.654685 0.563238 0.549080 -0.875941 -0.252812 0.160785 -0.407725 0.446314 0.149601 0.215278 0.346093 -0.095097 -0.063420 -0.067854 0.126824 0.523533 -0.725972 0.215643 0.350712 -0.087952 0.073812 -0.191787 0.207971 -0.326668 -0.047893 0.083666 0.886566 -0.188676 0.231528 0.516218 -0.078050 -0.319006 
0.004223 0.146143 -0.400182 0.777148 0.318899 -0.481054 -0.471807 -0.000417 -0.047960 0.611327 -0.113862 0.260470 0.300811 0.036502 -0.118120 0.152214 -0.172267 0.828339 -0.827228 0.191372 0.471606 -0.378885 0.143267 0.003455 0.204955 -0.158361 -0.333083 0.106027 0.752806 -0.171045 0.207998 0.062669 -0.260131 -0.149952 
-0.045439 0.166436 0.117587 0.488418 -0.048638 -0.257297 -0.407565 -0.013302 -0.118852 0.316259 0.122807 -0.086675 0.345386 0.218317 0.034641 -0.005092 0.067112 0.992363 -0.531475 -0.161052 0.433580 -0.605653 0.099045 0.096935 0.025168 0.111794 -0.002343 -0.196607 0.427348 -0.124343 0.433369 -0.227604 -0.411436 -0.129977 
-0.040865 -0.008319 0.617252 0.622979 0.030321 -0.050996 -0.406939 -0.131464 0.062622 0.041238 0.243538 -0.077355 0.393165 0.606560 0.295641 0.175676 0.336914 0.960598 -0.582702 -0.337880 0.113269 -0.500394 0.208341 -0.061100 -0.094269 0.453775 -0.475765 -0.021665 0.352178 0.092153 0.276071 -0.297498 -0.234235 -0.033253 
0.044379 0.015361 0.814149 0.497664 -0.295640 0.117362 -0.150845 -0.291394 0.150915 -0.246872 0.110465 -0.093996 0.297887 0.497249 0.341078 0.316765 0.304755 0.866757 -0.554848 -0.384055 0.195003 -0.609510 0.028922 -0.047945 -0.279807 0.141854 -0.414149 -0.003800 0.243388 0.223826 0.204207 -0.301537 -0.225584 0.185911 
0.055571 0.074759 0.531497 0.238526 -0.449992 0.033434 -0.117090 -0.281295 0.122851 -0.213472 0.292605 -0.057162 0.353201 0.290162 0.342293 0.031276 0.252277 0.689263 -0.445433 -0.360145 0.159703 -0.624480 0.192172 0.051880 -0.571138 0.141528 -0.387191 0.229027 0.011959 0.255430 0.219809 -0.323060 -0.050760 0.408713 
0.016045 -0.077795 0.698307 0.154378 -0.490773 -0.054718 -0.103779 -0.121501 0.006636 -0.452101 0.235679 -0.078970 0.187111 -0.042765 0.332181 0.204554 0.259577 0.418623 -0.210318 -0.249317 0.006181 -0.472571 -0.032143 0.117706 -0.288464 -0.011119 -0.507306 0.133338 -0.220495 0.441466 -0.118327 -0.245149 -0.048659 0.279847 
0.246883 -0.385583 0.496266 0.022472 -0.385692 0.254025 0.027993 -0.021591 0.064934 -0.191447 0.531704 0.037362 0.121603 -0.027182 0.185157 0.395997 0.188199 0.102753 -0.021766 0.007247 0.091645 -0.505900 -0.144118 0.283711 -0.317105 -0.063266 -0.220905 0.141040 -0.330956 0.531593 -0.221912 -0.296700 -0.034589 0.269473 
0.327413 -0.589551 0.372001 -0.029267 -0.442009 0.224421 0.276131 -0.111128 -0.131279 -0.031025 0.292220 -0.038739 -0.107439 -0.329644 0.011332 0.099127 0.137166 0.000478 -0.074245 0.016784 -0.132488 -0.363134 -0.295853 0.055917 -0.047380 -0.204673 -0.098192 0.018469 -0.445616 0.267748 -0.129551 -0.428194 0.113840 0.275741 
0.392553 -0.771765 0.356551 0.183113 -0.376927 0.265935 0.196940 -0.157598 -0.183654 0.070508 0.156225 0.120542 -0.281669 -0.380635 -0.140071 0.176771 0.004586 -0.344978 -0.183733 0.182686 0.056954 -0.264801 -0.304016 0.043426 -0.260735 -0.017673 0.021798 0.166367 -0.561709 0.301018 -0.290704 -0.375837 -0.129861 0.233516 
0.090303 -0.504838 0.207142 0.008660 -0.028707 0.375907 0.410343 0.006159 -0.107070 -0.010494 0.213846 0.209572 -0.129466 -0.293960 -0.086103 0.301920 -0.188488 -0.100655 -0.288689 0.334818 -0.138568 -0.296347 -0.138113 0.055934 -0.179885 0.130423 -0.018469 0.017010 -0.512161 0.208942 -0.242718 -0.292768 -0.057481 0.226418 
0.100688 -0.635693 0.293246 -0.042521 -0.146879 0.101308 0.429998 -0.410542 -0.147289 0.120553 0.101320 0.070420 -0.211827 -0.158689 -0.201816 -0.028565 -0.242254 0.017617 -0.279382 0.208741 -0.008202 -0.425055 -0.298176 0.056045 -0.104447 0.323139 0.268548 0.155623 -0.536512 0.221365 -0.119724 -0.166804 -0.166700 0.153146 
-0.262314 -0.548744 0.249259 0.056262 -0.225096 -0.030120 0.213217 -0.453784 -0.244458 0.111233 0.047986 0.110115 -0.054420 -0.124624 -0.051390 -0.101734 -0.413516 0.153101 -0.348546 0.376478 -0.000597 -0.517343 -0.099415 -0.082768 -0.049584 0.091026 0.154378 0.094802 -0.475636 0.300530 -0.026604 -0.269531 -0.150046 0.382568 
-0.024053 -0.397618 0.043527 0.213927 -0.095902 0.111380 0.085546 -0.288772 0.002367 0.037820 0.006477 -0.032671 -0.092560 0.126555 -0.166896 -0.179725 -0.497164 0.220149 -0.357176 0.202303 0.258116 -0.269472 0.091747 -0.138926 0.100689 0.248127 0.216645 0.189123 -0.136160 0.384939 0.015176 -0.216254 -0.082486 0.213618 
0.005705 -0.209370 0.092280 0.345614 0.185697 -0.088327 0.067270 -0.401357 0.055692 -0.089093 -0.116568 -0.143064 0.150701 0.102208 0.155091 -0.217026 -0.234572 0.269852 -0.068907 0.125502 0.244766 -0.331829 0.030755 -0.398635 0.132406 0.147286 0.213111 0.086311 -0.177920 0.345855 0.170802 -0.355279 -0.336651 0.076754 
-0.412325 -0.115922 0.108485 0.174509 0.052275 -0.185493 -0.235500 -0.314763 0.328593 -0.026358 -0.255899 -0.207976 0.071189 0.174948 0.123548 -0.357609 -0.070986 0.396552 0.081351 -0.005604 0.230153 0.085099 0.291342 -0.641472 0.282383 -0.076561 0.042019 0.114987 -0.127562 0.245518 0.192466 -0.490854 -0.207485 -0.234697 
-0.384928 -0.188181 0.056876 0.134064 0.162451 -0.103900 -0.177968 -0.408145 0.249807 -0.142703 -0.206643 -0.370615 0.119500 0.135076 0.088110 -0.355615 -0.244312 0.342482 0.252540 0.026148 0.190434 0.182255 0.252384 -0.420533 -0.013957 0.118130 0.176008 0.154539 -0.001243 0.390667 0.043963 -0.248459 -0.392007 -0.150824 
-0.517160 -0.255143 0.223661 0.251052 0.275996 -0.124334 0.000988 -0.383849 0.261436 -0.000632 -0.311245 -0.130264 0.310989 0.079590 0.007737 -0.162181 -0.011653 0.382347 0.202712 0.183684 -0.013216 -0.003609 0.104809 -0.336566 -0.040177 0.154337 0.244905 0.039012 -0.035906 0.205609 0.395062 -0.437733 -0.220628 -0.212079 
-0.269910 -0.398193 0.361557 0.345207 0.300019 -0.016144 0.072068 -0.038096 0.671198 -0.103786 -0.186169 -0.335325 0.212835 -0.132232 -0.014286 -0.018714 -0.104376 0.039392 0.051545 -0.050566 0.114501 0.067760 0.108618 -0.034374 -0.010414 0.271588 0.106489 0.033028 0.015126 0.358378 0.191782 -0.476198 -0.353342 -0.129391 
-0.226837 -0.131947 0.053602 -0.075361 0.174679 -0.336355 0.061823 -0.108609 0.808919 -0.140123 -0.053939 -0.122686 0.261859 0.022190 -0.116962 -0.205232 -0.289444 0.097566 0.102197 -0.062684 -0.006863 0.096563 0.116269 -0.070052 -0.160567 0.289576 0.210400 -0.077715 -0.086338 0.288011 0.327358 -0.479977 -0.144557 -0.270985 
-0.367144 -0.127541 -0.018933 -0.263188 0.063625 0.015167 0.147258 0.074506 0.432481 -0.132182 -0.247319 -0.217186 -0.018296 -0.047053 -0.026887 -0.237703 -0.172461 -0.268797 0.105776 -0.112491 0.032898 0.088346 0.275983 -0.106254 0.079842 0.219703 0.214654 0.123641 -0.118496 0.342168 0.233662 -0.328573 -0.119566 -0.130442 
-0.395791 -0.021618 -0.189730 -0.357317 -0.062134 -0.047726 0.120969 0.096576 0.533602 -0.202691 -0.123933 -0.081724 0.003804 -0.221260 0.072932 -0.129912 -0.045581 -0.376691 0.344566 -0.055019 0.094760 0.189196 0.127653 0.094518 -0.396871 0.145779 0.217387 -0.080765 0.036666 0.413307 0.060468 -0.323423 0.033147 -0.012670 
-0.013519 -0.179964 -0.226331 -0.486039 0.033824 0.071692 0.033967 0.304222 0.516999 -0.299257 -0.281071 -0.243381 0.090660 -0.157426 0.114573 -0.244528 0.215534 -0.771458 0.305201 -0.072081 -0.233528 0.232211 0.081851 0.107268 -0.348862 0.002114 0.191933 -0.044433 -0.240302 0.511692 -0.211375 -0.357959 -0.002445 -0.299446 
-0.055802 -0.155561 -0.292850 -0.581523 0.196668 -0.093003 -0.232297 0.180893 0.349267 -0.349171 0.023745 -0.185081 0.114898 -0.419905 0.028030 0.076641 0.080220 -0.816678 0.291481 0.210588 -0.091616 0.334330 -0.181680 0.274082 -0.279720 -0.119726 0.007973 -0.047370 -0.196686 0.430181 -0.158718 -0.039483 -0.052928 -0.119541 
0.144439 -0.319769 -0.295582 -0.456108 -0.019408 -0.037845 -0.105764 0.021233 0.262561 -0.161051 -0.093859 -0.459234 0.270088 -0.415292 -0.235581 0.060137 0.085199 -0.834064 0.229163 0.239639 0.078932 0.263963 -0.084732 0.277314 -0.414151 -0.233560 0.056102 0.083341 -0.408427 0.376056 -0.095783 0.026383 -0.408237 -0.060668 
0.219418 -0.494571 -0.323986 -0.606525 -0.114685 0.075050 -0.121018 0.006956 0.337888 -0.090800 -0.069489 -0.265913 0.296543 -0.181054 -0.130900 -0.292486 -0.089659 -0.547817 0.326209 0.340147 -0.138657 0.383970 -0.247496 0.381651 -0.354226 -0.209038 -0.131844 -0.134110 -0.153945 0.410251 0.004555 0.009482 -0.249408 -0.265495 
0.257036 -0.291937 -0.555723 -0.165014 0.188012 0.029017 -0.363915 0.150740 0.335135 -0.029773 0.013030 -0.228473 0.141404 -0.373832 -0.149285 0.112038 -0.020534 -0.470973 0.292428 0.278248 -0.165204 0.484554 0.125522 0.171309 -0.400113 -0.354057 -0.100376 -0.109774 -0.175980 0.336546 0.303515 0.136132 -0.161491 -0.091951 
0.467895 -0.155540 -0.353477 -0.328291 -0.030058 -0.058162 -0.048223 0.131354 0.127004 0.036806 -0.213114 -0.114807 0.257669 -0.222752 -0.161657 -0.145846 -0.071725 -0.478041 0.064763 0.216693 0.084679 0.306858 -0.168335 0.253142 -0.352016 -0.078705 -0.004944 -0.381025 -0.120814 0.133900 0.082370 0.204144 -0.015054 -0.334211 
0.474740 -0.135206 -0.317626 -0.028149 0.011396 -0.114411 -0.072821 -0.103901 0.140779 -0.109999 -0.053783 -0.102459 0.117027 -0.393439 0.052200 -0.174530 -0.028177 -0.357309 0.171827 0.102814 0.098530 0.319715 0.021798 0.081937 -0.431965 -0.145745 0.079728 0.080042 -0.049279 -0.045620 0.001985 0.119904 -0.156720 -0.138718 
0.261772 -0.081599 -0.181307 0.018285 0.294189 -0.307192 0.065138 -0.017941 0.105507 -0.236195 -0.022224 -0.137522 -0.044375 -0.219103 -0.082327 -0.149097 0.125853 -0.149717 0.020133 0.213347 -0.117480 0.111560 0.060351 0.269175 -0.335143 -0.151248 0.077541 -0.100312 -0.109141 0.147702 0.156932 0.187625 0.003321 -0.207376 
0.227298 0.098067 -0.160245 0.103518 0.314167 -0.293608 0.068128 0.236056 -0.071621 -0.118386 -0.054907 -0.224493 -0.211777 -0.277229 -0.256083 -0.231380 0.068634 -0.289201 0.294473 0.233151 -0.067884 0.216540 0.114901 0.428135 -0.179269 -0.022934 0.096224 -0.057195 -0.187972 -0.020420 0.108275 0.278250 0.108779 0.134177 
0.194139 0.057605 -0.394551 0.132867 0.323909 -0.272768 -0.026307 0.218052 0.017548 -0.126819 -0.339387 -0.007760 -0.108564 -0.071377 -0.120090 -0.401624 -0.104041 -0.060939 0.174000 0.286574 -0.184212 0.331322 0.036803 0.376955 -0.258725 -0.306216 0.272817 0.005217 -0.142563 0.197762 0.058435 0.376732 0.136833 0.107817 
0.245493 -0.058241 -0.413632 -0.035951 -0.050569 -0.364718 -0.099862 0.182490 -0.160711 -0.178027 -0.230055 -0.026021 -0.045635 -0.057911 -0.154812 -0.291216 -0.001699 -0.009819 0.241709 0.346980 -0.096698 0.084572 0.034973 0.352695 -0.163486 -0.068845 0.183514 -0.182945 0.113517 -0.159512 0.248743 0.166879 0.029930 0.039871 
0.184890 0.151886 -0.130381 0.252949 0.005760 -0.250684 -0.098997 -0.085036 -0.041386 -0.193157 -0.073121 -0.303402 0.062261 -0.046675 0.033197 -0.103949 0.052040 -0.023360 0.088412 0.293454 0.079028 0.123876 0.300999 0.171864 -0.192345 -0.022511 0.057863 -0.101191 0.133671 -0.126744 0.290952 -0.002476 0.066891 -0.015035 
-0.040780 -0.048190 -0.274531 0.076472 -0.035090 -0.157942 -0.110721 -0.176917 -0.109183 0.114963 -0.312029 -0.278306 0.018394 0.035241 -0.007659 -0.279079 0.255888 -0.031013 0.161614 0.120144 -0.143450 0.160077 0.256539 0.315439 -0.298229 -0.107961 0.302402 -0.085155 -0.104834 -0.306532 0.173394 0.022586 0.328837 0.009141 
0.050604 0.048704 -0.426208 0.194501 -0.311329 -0.034232 0.136195 0.130929 -0.089328 0.007593 0.004009 -0.200720 0.001692 0.034638 0.249634 -0.265931 0.252952 0.105106 0.126330 0.214875 0.009253 0.195499 0.036295 0.244599 -0.185304 -0.115908 0.365099 -0.076999 -0.121788 -0.224825 0.093018 0.146140 0.113223 0.055746 
0.287735 0.016569 -0.079206 0.120827 -0.124027 -0.137945 0.076951 -0.026326 -0.125633 0.164308 -0.042750 -0.152601 0.099782 -0.275021 0.148690 -0.256113 -0.044795 0.063086 0.097179 0.104162 -0.091960 0.121491 0.121843 0.182631 -0.055904 -0.051952 0.261254 -0.036097 -0.046780 -0.184975 0.157449 0.148898 0.338234 0.200469 
-0.043326 0.081893 -0.216637 0.001988 -0.240922 -0.174189 -0.141379 0.146719 -0.174164 0.026536 -0.090225 -0.002218 0.175059 -0.344231 -0.043673 -0.250865 0.010708 0.215375 0.042204 0.032545 -0.036393 0.228141 -0.003790 0.135375 -0.155668 -0.153657 -0.120860 -0.152429 -0.147646 -0.164409 0.109241 -0.035863 0.381127 0.127010 
0.149496 0.054994 -0.290793 0.030867 -0.074917 0.040335 -0.041851 -0.119399 -0.014996 0.021489 0.170034 0.078904 -0.066121 -0.017076 -0.102084 -0.170551 0.178569 0.072771 0.036987 -0.045214 -0.105237 0.421948 0.236823 0.202773 -0.252093 0.183806 0.109834 -0.059516 -0.012540 -0.328889 0.037472 0.241797 0.271992 0.161175 
-0.005789 -0.078816 -0.068829 -0.188485 -0.140117 0.154337 0.070584 0.000594 0.016081 0.130527 0.265180 -0.145695 0.100032 -0.316225 0.066910 -0.111694 0.310061 0.084677 0.090717 -0.095379 -0.147982 0.274151 0.285211 0.172385 -0.225636 0.073755 -0.105663 -0.118653 0.093941 -0.342734 0.218187 -0.028641 0.460581 -0.102123 
0.077373 0.044044 0.014616 -0.111948 -0.094513 0.091709 -0.032465 0.030917 -0.103158 0.062622 0.105338 0.077314 -0.074048 -0.202855 -0.107962 0.067506 0.125774 0.108869 0.222718 0.107075 0.015342 0.309308 0.119242 0.158449 0.052611 0.175894 0.071567 0.107299 0.036413 -0.486365 0.040999 0.059654 0.209509 0.079370 
0.131006 0.073284 -0.063272 -0.096401 0.000891 -0.254896 -0.168671 0.204167 0.060600 0.126116 0.035129 -0.126106 -0.009019 -0.256907 -0.092563 0.152944 0.163811 -0.034292 0.106362 -0.055922 -0.097728 0.065316 0.000709 0.022831 -0.172171 0.046733 -0.036416 0.054033 0.098114 -0.718790 0.039329 0.171642 0.258020 0.249795 
0.035712 0.021710 0.145696 0.021412 0.015896 0.000807 -0.115603 0.175047 0.057518 0.213120 0.145924 0.210066 0.008144 -0.232565 0.007618 -0.086227 0.084031 0.055693 0.007058 0.025390 -0.001050 0.102856 0.163577 0.125497 0.073260 0.081203 -0.015300 0.187417 -0.061267 -0.478620 -0.008351 0.094295 0.236989 0.043949 
-0.074999 -0.015477 0.288037 -0.116060 -0.033143 0.056332 -0.146250 0.053556 -0.094774 0.268178 0.115564 0.024165 -0.186469 -0.032155 -0.217209 -0.168544 0.196423 -0.057990 -0.103698 0.253381 0.029324 -0.030158 0.089246 0.123275 0.082485 0.073157 0.272783 0.272936 -0.115315 -0.563156 0.080843 -0.108146 0.046839 0.226998 
0.054076 -0.099283 0.169248 -0.115511 -0.293850 -0.050164 -0.077422 0.007365 -0.004562 0.149044 0.078313 0.081441 -0.221725 0.074399 0.013837 -0.128028 -0.030038 -0.028485 -0.154099 0.113506 0.232492 -0.092840 -0.067817 0.304240 0.217396 -0.108103 0.228692 0.039578 0.141378 -0.535976 0.275105 -0.035292 0.115661 -0.012457 
-0.121049 0.173475 0.169173 -0.039621 -0.027063 -0.004646 0.019676 -0.130490 -0.002622 0.377563 -0.026881 0.032843 -0.014934 0.080922 -0.124822 -0.122060 -0.009310 0.147212 -0.098447 -0.068980 -0.131811 0.002766 0.292540 0.172622 0.244550 0.008195 0.201370 0.189979 0.171016 -0.558421 0.110567 -0.226970 0.249740 0.103174 
-0.016961 0.092976 0.215874 0.056085 -0.115547 -0.068432 0.011166 0.039887 -0.045624 0.212396 -0.321749 -0.030997 -0.042394 -0.089516 -0.167514 0.077390 0.154924 0.024049 0.138599 -0.235054 0.038757 0.096353 0.259253 0.169226 0.249421 0.064752 0.135578 0.103159 0.024157 -0.456327 0.193833 -0.063018 0.337748 -0.143035 
-0.090458 -0.028877 0.219864 -0.111702 -0.148107 -0.026094 0.043255 0.123104 0.106507 0.158904 -0.065330 0.133159 -0.061136 -0.100064 -0.140785 0.025064 0.059278 0.263425 -0.110891 -0.231441 -0.020547 -0.029841 0.061564 0.309507 -0.003829 0.012520 0.023568 0.170085 0.028468 -0.449419 -0.024803 -0.057964 0.251601 -0.047558 
-0.063314 -0.076927 0.310583 -0.071609 -0.293352 0.016342 0.028314 0.254939 0.025607 -0.051608 -0.088988 0.119979 -0.090026 -0.000460 -0.339277 0.029264 0.028068 0.176964 0.000992 -0.104775 0.123875 -0.212008 0.186052 0.076703 0.081649 0.142781 -0.064971 0.106244 0.004583 -0.595837 -0.196249 0.018373 0.321416 0.201213 
-0.149534 -0.020345 0.383818 0.012981 -0.249046 -0.128564 0.287847 0.121856 -0.040193 0.205432 0.248696 0.228023 0.014709 -0.035322 -0.198433 0.104413 0.060014 0.009018 -0.274814 -0.265873 -0.084080 -0.048317 -0.080738 0.197598 0.055560 0.081284 0.138983 0.022081 0.012702 -0.273323 -0.095634 -0.088087 0.175376 0.148971 
-0.110174 0.273761 0.234955 -0.023920 -0.134444 -0.096838 -0.051026 0.128130 -0.285518 0.140758 0.288580 0.030043 -0.055869 0.096469 -0.255223 -0.152598 -0.095012 0.089978 -0.354484 -0.092013 -0.117489 0.033524 0.096491 0.197365 0.040861 0.380776 0.302579 0.094960 0.116049 -0.186593 -0.393132 -0.026747 0.345708 0.048357 
-0.126112 0.092210 0.356012 -0.028630 0.025303 0.033798 0.101273 -0.054717 -0.100749 0.168666 0.023608 0.067807 -0.057852 -0.083081 -0.198175 -0.326683 -0.239170 0.149232 -0.081451 -0.040728 0.046597 -0.045430 0.245809 -0.045668 -0.018106 0.286616 0.242297 -0.015720 0.137441 -0.401583 0.004014 -0.087923 0.149901 -0.102200 
-0.312340 0.310387 0.288923 -0.047124 -0.061098 0.118336 0.267952 0.008717 0.018417 0.254069 0.081421 0.098048 -0.031134 -0.094953 -0.160932 -0.232719 -0.066108 0.015816 0.061048 -0.161002 0.013363 0.062019 0.173234 0.066937 0.041244 0.153760 0.156166 0.012969 0.029835 -0.261223 0.077512 -0.064000 0.068355 0.084975 
-0.307597 0.110918 0.210751 -0.049065 -0.018009 0.018646 -0.023890 0.010222 -0.022620 -0.029720 -0.209475 0.243892 0.118889 0.050831 -0.137765 -0.218672 0.033803 0.000683 0.097688 -0.379605 -0.079226 -0.141488 0.295752 -0.040121 0.059314 0.257470 0.130383 0.129435 -0.090890 -0.355014 -0.024898 0.036871 -0.036057 -0.011697 
-0.212246 0.174375 0.398065 0.079288 0.064374 -0.125899 0.071362 0.010535 -0.336274 -0.113616 -0.147951 0.063588 0.034054 0.034357 -0.343022 0.035147 -0.070631 -0.123353 0.045054 0.041660 0.054873 -0.223597 0.063554 0.104832 0.220482 -0.051966 0.125986 0.087219 0.312281 -0.443862 -0.173824 0.104850 0.023791 -0.177200 
-0.154758 0.077384 0.277694 0.181464 0.078023 0.145932 0.077805 0.122479 -0.251127 -0.103848 -0.176907 -0.022913 0.013398 0.169896 -0.248443 -0.145491 -0.284447 -0.058932 -0.033906 -0.295349 0.053259 0.034200 0.013472 0.152842 0.265329 0.017090 0.069055 0.011192 -0.037760 -0.325866 -0.064727 0.062176 -0.112287 -0.208844 
-0.275085 0.215470 0.172805 0.049635 -0.021833 0.197595 -0.020534 -0.053439 -0.183281 -0.098534 -0.260837 -0.143474 -0.022796 0.201009 -0.120350 -0.028594 -0.377534 0.026526 0.083520 -0.087726 0.072067 0.099991 0.133301 0.048018 0.203490 0.072211 -0.054296 0.137169 0.139251 -0.019892 -0.101718 -0.064245 0.020898 -0.129614 
-0.275795 0.174789 0.008898 0.008323 0.195863 0.019992 0.272540 -0.229548 -0.307664 -0.184035 0.051376 0.165960 -0.028457 0.311207 -0.251219 -0.154217 -0.130999 -0.203511 -0.052737 -0.085566 0.101675 -0.205327 -0.156999 -0.117297 0.141111 0.147891 -0.030769 0.291203 0.142031 -0.247054 -0.102648 -0.020123 0.132235 0.108046 
-0.244198 0.121891 0.270997 -0.045062 0.027982 -0.050727 0.164540 0.128766 -0.269894 -0.109651 -0.062420 -0.095102 0.177550 0.309617 -0.333526 -0.025149 -0.034203 -0.195458 -0.166361 -0.231434 0.007876 -0.023475 0.004942 -0.098650 0.237449 0.029431 -0.050193 0.146299 0.263222 -0.063306 0.012666 -0.154193 0.040327 -0.134530 
-0.493067 -0.045901 0.249376 -0.172233 0.052101 0.220157 0.054076 0.254138 -0.328738 0.179206 -0.222817 0.001523 0.270517 0.178005 -0.224243 -0.220373 -0.145708 0.090575 -0.193811 -0.137719 -0.066966 -0.067646 -0.131731 -0.083009 0.310241 0.002151 0.130937 0.282670 0.172891 0.126332 -0.048671 0.111117 0.113191 -0.058391 
-0.189259 -0.074456 0.032361 -0.058385 -0.026002 0.329151 0.328477 0.452660 -0.170469 0.087467 -0.115531 0.145313 0.316874 0.107505 -0.038732 -0.297835 -0.075241 -0.058371 -0.223649 0.059610 -0.097475 0.020213 0.050545 -0.251398 0.189730 -0.011106 0.141249 0.160225 -0.083421 -0.010288 -0.015095 -0.074728 -0.086625 0.023033 
-0.305677 -0.102011 -0.134342 -0.033051 -0.055379 0.400999 0.177025 0.348411 0.075223 -0.022084 -0.084479 0.115530 0.191106 0.276296 -0.092442 0.005158 0.073829 -0.034082 -0.238102 0.091527 -0.080709 -0.065413 0.147578 -0.289702 0.239742 0.016010 -0.029688 0.214564 -0.051101 0.274798 0.164311 0.046782 -0.027790 -0.039940 
-0.046775 -0.026478 -0.044912 -0.085606 0.136454 0.241842 0.124192 0.376973 0.074862 -0.078159 -0.133541 0.077411 0.268418 0.407898 -0.238090 0.002414 -0.087064 -0.297211 -0.075900 0.081670 -0.005223 0.065410 0.014669 -0.269509 0.309566 0.172563 -0.072375 -0.053839 -0.044282 0.196143 0.231473 -0.114779 0.243488 -0.161857 
-0.049643 0.070102 -0.044117 0.121794 -0.047846 0.142974 0.021681 0.311057 0.005512 -0.251806 -0.189764 0.177919 0.067125 0.351860 -0.455898 -0.016010 -0.304394 -0.026131 -0.065212 0.021696 0.079613 -0.044052 -0.018599 -0.098883 0.231380 0.102060 0.063189 -0.098243 0.004140 -0.101930 0.257848 -0.063925 0.146707 -0.231929 
-0.199723 0.185900 0.002271 0.003010 0.105883 0.217003 -0.035094 0.103642 -0.047319 -0.120289 -0.115892 0.040311 0.091185 0.200309 -0.332852 0.109185 -0.201443 0.231889 0.176574 -0.184640 0.010173 -0.075257 -0.202275 -0.222284 0.232210 -0.060459 -0.184023 -0.076313 0.158946 0.050465 0.461775 -0.102152 0.038513 -0.221888 
0.089127 0.021688 -0.071477 -0.187831 0.096259 0.216582 0.149790 0.212569 0.043399 -0.060679 -0.221593 0.392588 0.075823 0.167770 -0.092887 0.293800 0.036184 0.038184 0.033993 0.031742 0.048268 -0.116270 -0.067402 -0.132879 0.295475 -0.072347 0.013249 -0.285767 0.126763 0.077459 0.439546 -0.022929 0.177617 -0.358030 
0.035213 0.225868 0.124431 -0.108079 -0.146208 0.080502 -0.029405 0.115380 0.044301 -0.121387 0.024011 0.369453 0.051348 0.139921 0.027238 0.309797 -0.099997 0.060997 -0.005409 0.126190 0.009398 0.043169 -0.167874 -0.231190 0.190709 -0.082749 -0.074065 -0.181514 0.016443 0.305944 0.386443 0.026628 -0.123286 -0.167998 
-0.014000 -0.084912 0.027787 -0.151031 0.019771 -0.011166 -0.086038 0.068969 -0.023039 0.080808 -0.042410 0.232617 0.134966 0.313210 -0.038575 0.211055 -0.156520 -0.187810 0.196788 -0.029862 0.055859 -0.092875 -0.070403 -0.311372 0.081912 -0.017200 -0.111890 -0.341287 0.166996 0.363293 0.525566 -0.057378 -0.079771 0.015674 
-0.008644 -0.038453 -0.063369 -0.180683 0.053060 -0.015347 -0.097424 -0.011344 -0.132914 -0.085754 -0.051510 0.107244 0.064171 0.340771 0.112434 0.482161 -0.285686 -0.146380 0.075921 0.050817 0.077962 0.099952 -0.159402 -0.368081 0.078827 -0.250381 -0.057320 -0.181351 0.080073 0.204424 0.321658 -0.165356 -0.293469 -0.221852 
-0.169146 0.092525 0.002359 -0.023797 0.135012 -0.136904 -0.112430 -0.180456 -0.145635 -0.540231 0.015499 0.172140 -0.153149 0.346473 -0.053448 0.357455 -0.030775 -0.208063 0.112667 0.027513 0.067788 0.146373 0.043552 -0.302447 -0.050540 -0.190515 0.022397 -0.221278 -0.023847 0.241225 0.349049 -0.109712 -0.087140 -0.041833 
-0.189673 -0.013605 0.064780 -0.117580 0.066324 -0.157535 -0.019391 -0.198182 -0.196713 -0.172866 0.039660 0.120771 -0.310297 0.240784 0.052318 0.257639 -0.260436 -0.122412 0.168421 -0.146740 -0.187066 0.038160 0.023758 -0.271771 0.046445 -0.191232 -0.019989 0.008292 0.078369 0.157968 0.471450 0.172407 -0.411092 -0.035278 
0.164855 -0.046693 0.258159 0.036012 0.072568 -0.260729 0.063049 -0.382144 -0.005829 -0.386198 0.245602 0.175624 -0.485584 0.178152 0.175301 0.309085 -0.176885 -0.122487 0.122280 -0.010543 0.057900 -0.018152 -0.383975 -0.377181 0.097758 -0.267859 -0.005469 0.043883 0.060073 0.600899 0.372845 0.262940 -0.478116 0.151972 
0.373684 0.258405 0.132428 0.060506 -0.105869 -0.264911 0.194138 -0.412629 -0.168252 -0.134635 0.048818 0.081269 -0.497540 -0.277027 0.221735 0.330377 -0.006268 -0.045096 -0.040850 0.097133 -0.016408 0.114104 -0.129109 -0.215789 0.144472 -0.362810 0.196625 0.245935 0.094096 0.583181 0.296523 0.243383 -0.412523 0.389371 
0.631300 0.229174 0.144136 -0.027933 0.086652 -0.028418 0.130102 -0.371022 -0.194035 -0.134143 0.284097 0.136454 -0.593650 -0.221728 0.613364 0.235913 0.020836 -0.440200 -0.374546 -0.019252 0.032298 0.023946 -0.424851 -0.585639 0.031933 -0.551123 -0.050035 0.548053 -0.024148 0.918596 0.167646 0.697421 -0.726559 0.303633 
1.121561 0.321979 0.500799 -0.143795 -0.032795 0.106954 -0.100015 -0.576473 -0.194848 -0.025880 0.211375 0.043181 -0.560741 -0.596676 0.949974 -0.099328 0.073187 -0.744945 -0.532353 0.275112 0.151805 0.056339 -0.485049 -0.349039 -0.114474 -0.652707 -0.110752 0.811690 -0.405668 0.854247 -0.054299 0.849123 -0.973704 0.511085 
