0.155906 0.122710 0.106098 0.157358 0.802746 0.229886 -0.358044 0.133801 0.053157 0.319171 -2.366283 0.126380 0.207613 -1.000043 -0.481730 0.346634 
0.105749 -0.750550 0.035945 0.446694 -0.043364 -0.203816 0.302318 -0.010509 -0.135874 0.200660 0.079260 -2.309362 -0.707436 0.210244 0.243063 -0.856398 
0.202094 -0.097938 -0.333998 -1.195535 0.057745 0.023560 -0.188620 -0.324141 0.282938 0.527825 -0.323524 -0.719447 0.088930 0.089062 -0.021707 -2.150947 
0.041599 -0.055566 0.121538 -1.214148 0.361647 -0.109190 -0.130109 0.187505 -1.499261 0.149787 -0.028922 0.047814 -0.316870 0.164828 -0.193733 0.365282 
0.295984 0.211348 -0.408093 -0.101606 -0.211691 -0.545199 -0.127249 0.172012 -0.064660 -0.447884 -1.391013 0.268321 0.066245 -1.221274 -2.679405 0.356504 
0.322371 0.234218 -0.006959 -1.446656 0.285914 0.314601 0.385022 -0.393578 -0.114815 -0.039509 -0.107538 0.104971 0.022681 0.096588 -0.096623 0.415812 
0.117978 -0.014227 0.067054 -0.111685 0.261467 0.063954 0.029458 0.071494 0.107147 -0.098908 0.175332 -0.295518 -2.294108 0.137936 0.230500 0.269876 
-0.203846 0.015072 0.043549 -0.311964 -0.596411 0.119650 0.310018 -0.290392 -2.334796 -0.358638 0.261241 -0.179472 0.302657 0.076402 0.038759 -0.643447 
-0.242379 0.193615 0.048375 -0.658897 0.756420 -0.022284 -0.239293 -0.126174 -0.636764 -0.138416 -0.012007 0.120738 0.160672 -0.078483 0.714585 0.224312 
-0.261399 -0.166942 0.146598 0.590440 -0.040230 -0.043327 -1.034041 0.292985 -0.503924 0.328242 -0.270162 0.460095 -0.720461 0.173107 0.124737 -0.329415 
0.335977 0.292387 0.139040 -1.285209 -0.894756 0.363950 -0.318609 0.116361 0.397298 -0.015935 0.011271 -0.289080 0.397226 0.221248 0.115358 -0.219670 
0.041032 -0.163710 0.012509 0.387121 -0.632858 0.118418 -0.002671 0.094695 -0.286734 0.046774 -0.138372 0.254303 -0.072725 0.294290 -1.703764 -1.029853 
-0.143882 0.120302 -0.030138 0.093593 0.587237 -0.517677 0.026520 -0.060943 0.425126 0.180397 -0.103617 -0.718902 -0.860691 0.096722 0.370400 0.021039 
-0.162488 0.168109 -0.464858 0.563200 0.240184 0.310658 0.445428 -0.535773 0.433781 0.006509 -0.676298 0.818269 0.327532 0.258861 -0.554726 0.013663 
-0.197716 0.012689 0.309872 0.086420 -0.082796 0.217443 -1.709976 0.261103 -0.023646 -0.028067 0.078989 0.050347 -0.069604 0.249003 0.397913 0.196745 
0.222095 0.090366 0.160874 0.150095 -1.453969 0.133305 0.441420 0.165382 -0.487717 -0.838828 0.014418 -0.359635 -0.674526 -0.041102 0.309427 -2.059530 
0.104368 0.029301 0.189739 -0.541740 0.103696 -0.280348 0.153487 0.192574 -0.417908 0.023964 -0.337078 0.049959 -0.035021 -0.720918 -0.302816 0.175414 
-0.592789 0.166023 0.376653 0.139715 0.387309 0.366399 -0.664469 0.054417 -0.339415 0.475364 0.404252 -1.271225 -0.033960 0.329171 -0.101376 -1.571473 
0.088082 0.167027 -0.338456 0.225788 -0.175143 -0.076423 0.062899 -0.151556 -0.275825 0.545320 0.345901 0.165618 -0.685943 -0.365569 -0.308349 -0.222754 
0.314171 -0.138289 0.179237 0.584457 0.046324 -0.088266 -0.062682 0.338869 -0.513886 -0.732622 0.347297 -0.093567 -0.288298 0.224839 0.233121 -0.131103 
-0.086919 -0.054827 -0.105153 -0.487336 -0.117396 -5.611765 -2.604387 -0.050614 0.021273 -0.002299 -0.126651 0.074327 0.125316 -1.518100 -0.445724 -0.113139 
-0.783869 0.038763 -0.178628 0.584406 0.304262 0.123212 0.033416 -1.030909 -0.410886 -0.213187 -0.113537 -0.378701 0.321345 -0.260730 -0.015523 -1.089260 
-0.376934 0.081307 0.117042 -1.211368 -0.299476 0.358077 0.258377 -0.452583 -1.800396 -0.243847 0.240864 0.335829 -0.699258 0.243063 -1.221048 -0.604641 
-0.047973 0.005506 0.107990 -0.049938 -1.080793 0.033465 -0.087907 0.137966 -1.149000 -0.089289 0.078815 -0.860520 -1.789840 0.004511 0.049535 -0.297751 
0.216930 -0.502529 0.208186 0.422208 0.093314 0.050312 0.135038 0.174560 -1.253917 -0.399621 0.180512 -1.079538 -0.885965 0.231277 0.059472 -1.126804 
0.023955 0.418456 0.143040 0.191027 -0.868922 0.234634 0.241521 0.152218 -0.223373 0.004169 0.085149 0.061273 -0.424661 0.243054 -0.658712 0.219241 
0.249336 0.116301 0.223542 -0.128874 -0.396999 -1.095253 -0.039761 0.193534 -0.222608 -0.809919 0.264472 -0.051997 0.188174 0.267812 0.301498 0.318329 
0.160796 0.257385 -0.110593 -0.760780 -1.288887 0.080616 -0.074593 -0.263563 0.084955 0.132446 0.205103 0.192494 0.369401 -0.030010 -0.744915 -0.018599 
-0.319540 -0.170124 0.106904 0.121852 0.070824 0.048108 0.223762 0.108857 0.245462 0.184404 -0.436429 0.048915 0.229395 -0.121045 0.120389 -0.128939 
0.202733 -0.698430 0.113226 -0.292343 -0.133741 0.366446 0.218911 -0.144106 -0.216627 0.168144 -1.097492 -0.425750 -0.301377 0.218993 -0.129056 0.124099 
0.251467 -0.268253 0.293507 -0.192796 -0.848282 0.277846 0.284165 0.261685 -0.051139 0.184728 -0.558687 -0.213280 0.244980 0.073657 -0.250919 -0.764599 
-0.092963 -0.393026 0.104970 0.381760 0.747994 0.496985 -0.616483 0.117826 0.098870 0.039769 -0.025713 -1.756431 -0.590902 0.180924 0.346801 0.063340 
0.079444 -0.131455 0.040172 0.444104 0.051794 0.129298 0.113572 -0.519108 0.355365 -0.381534 -0.485943 0.060538 0.089896 -0.118999 -0.790098 0.230914 
0.213731 0.156726 -0.199828 -0.080599 0.216029 -0.006686 -0.161716 0.269131 0.429759 -0.016391 0.372603 0.371341 0.452427 -0.340513 0.257407 -1.030336 
