0.050591 -0.180528 -0.013413 0.905956 -0.119817 -0.661839 -0.128999 0.084394 -0.461741 -0.183270 -0.280746 0.412104 -0.338172 0.883555 0.466983 -0.110920 0.267656 -0.514418 -0.391994 -0.629638 1.000512 0.489605 -0.345518 0.208465 -0.186155 0.317419 0.227821 0.737137 -0.344619 -0.048204 0.300106 0.082358 0.138298 0.030998 0.152858 -0.794155 
-0.179132 -0.208623 0.027270 0.718251 -0.098333 -0.419744 -0.134750 0.129691 -0.464545 -0.273884 -0.130304 0.345986 -0.461089 0.697077 0.300522 0.006486 0.269524 -0.307975 -0.542469 -0.723540 0.983510 0.484734 -0.456795 0.034930 -0.019039 0.266932 -0.309293 0.583405 -0.349889 0.043576 -0.023707 -0.295033 -0.157461 -0.132926 0.005918 -0.524604 
-0.059645 -0.221129 0.095878 0.558168 -0.031098 -0.256216 0.101170 0.057195 -0.363900 -0.192331 -0.079966 0.359491 -0.108202 0.773020 0.157320 0.029678 0.312126 -0.038129 -0.292874 -0.518743 0.983297 0.563169 -0.498359 0.347302 -0.113251 0.285116 -0.403477 0.579331 -0.475075 0.106103 -0.109742 -0.132479 -0.029795 0.066037 -0.140985 -0.375647 
-0.131068 0.075355 0.261847 0.346082 -0.161179 0.021265 -0.089260 0.149049 -0.339394 -0.124839 -0.030896 0.164672 -0.190789 0.608564 0.196792 0.085105 0.066088 -0.148066 -0.207460 -0.481858 0.778723 0.539016 -0.243922 0.276498 0.012522 0.375024 -0.175860 0.141487 -0.255730 -0.111163 -0.028633 -0.102618 0.006728 0.040150 -0.287185 -0.423875 
-0.126927 -0.064766 0.267662 0.285414 -0.182549 0.169791 0.159815 0.092580 -0.116304 0.040993 -0.184162 0.145150 -0.216813 0.221795 0.384355 -0.306761 0.184095 -0.222339 -0.206832 -0.375297 0.663066 0.491906 -0.059773 0.240980 -0.010693 0.228780 -0.010746 0.209365 -0.420975 -0.046578 -0.008598 -0.089496 -0.120237 0.015373 -0.345402 -0.381572 
0.098446 -0.045194 0.247268 0.233977 -0.031464 0.000191 0.053767 0.045035 0.042607 -0.189542 0.063632 0.108563 -0.275299 0.433229 0.110690 -0.176440 0.250267 -0.088788 0.082277 -0.410522 0.673132 0.381897 -0.166870 0.321790 -0.186351 0.469920 0.084494 0.037268 -0.405789 -0.170077 0.192073 -0.087400 -0.071471 0.011892 -0.324411 -0.122011 
-0.007248 0.154284 0.280358 -0.079870 0.111092 0.020503 -0.211368 0.117095 0.150016 -0.076447 -0.043114 0.027387 -0.254133 0.115584 0.005918 -0.063048 0.215957 -0.189020 -0.109353 -0.021449 0.533310 0.219267 -0.116658 0.181182 0.110605 0.243376 -0.129699 0.100634 -0.050821 -0.123052 -0.027391 -0.115544 0.041922 0.030427 -0.107019 -0.210866 
0.337026 0.067234 0.135535 0.166784 -0.104608 0.053192 -0.079984 0.075434 -0.027618 -0.021939 -0.216420 -0.281403 -0.074795 -0.022176 -0.007183 0.243058 0.216885 0.033461 0.083696 -0.380492 0.520514 0.249957 -0.202067 0.089388 0.007636 0.159809 0.099066 0.170606 -0.139105 -0.201562 -0.118835 -0.091116 -0.116418 0.041338 -0.059794 -0.143518 
-0.066342 -0.004944 0.250622 0.196637 -0.142263 0.101745 0.214871 0.029856 0.103736 -0.205610 -0.262782 -0.009149 -0.301319 0.059534 -0.036407 0.281496 0.224708 0.061310 0.046205 -0.076177 0.453138 0.229106 -0.242590 0.219886 -0.233608 0.336375 0.089997 -0.129851 -0.070883 0.021729 0.098022 -0.072913 0.051817 0.245570 0.059592 -0.044121 
-0.142612 0.032540 0.429098 0.030980 -0.372098 0.245084 0.220397 0.067458 0.164546 -0.121478 -0.351340 -0.196661 -0.051361 -0.175890 -0.112841 0.120484 0.068401 0.297531 0.088211 -0.191842 0.427403 -0.074557 -0.152801 0.311140 -0.066721 0.172409 -0.050568 0.011077 -0.172574 -0.008497 -0.179658 -0.008883 -0.112008 0.238684 -0.014145 0.069710 
-0.107550 0.114446 0.348789 0.083620 0.046821 0.235927 -0.035733 -0.056701 0.133872 -0.107849 -0.243398 -0.378121 -0.157393 -0.177681 0.114572 0.195774 0.163645 0.354639 0.128099 0.128490 0.304841 -0.012494 -0.017157 0.195520 0.129042 0.301717 -0.107906 -0.117850 -0.150274 0.117671 0.169845 -0.070994 -0.184068 0.169243 -0.012087 0.285880 
-0.029943 -0.096225 0.268920 -0.029791 -0.062130 0.025393 -0.126457 -0.128980 -0.154545 0.030687 -0.165700 -0.153187 -0.079148 -0.191472 0.159170 0.204953 0.124293 0.242844 0.106722 0.033903 0.226278 -0.239070 0.160738 0.379012 0.077609 0.001092 -0.104887 -0.205107 -0.276265 -0.022457 -0.013997 0.108848 0.040763 0.005640 0.029175 0.163787 
-0.005502 0.088667 0.217054 -0.022702 0.083339 -0.143078 -0.168548 -0.183861 -0.154303 -0.021673 0.085553 0.035437 -0.160131 -0.071153 -0.031904 0.243756 0.135306 0.176930 0.037497 0.022430 0.364091 -0.152303 0.124123 0.507719 -0.064415 0.159044 -0.029286 -0.242116 -0.235826 -0.122716 0.004155 0.025088 -0.000329 0.065011 -0.089504 0.300908 
0.032068 0.216974 0.115455 -0.307424 -0.033087 -0.134707 0.256789 -0.266523 -0.247353 0.078101 -0.073274 0.132443 -0.149110 0.003543 0.151701 0.049795 0.075646 0.326981 -0.172266 0.235042 0.322312 0.136436 -0.007221 0.189435 -0.106679 0.101787 0.185460 -0.196371 -0.149597 0.124911 -0.016392 0.039245 -0.023310 0.283566 -0.054547 0.113343 
-0.191578 0.098836 0.262510 -0.308723 -0.274688 -0.144858 0.106327 -0.264535 -0.092898 -0.200563 -0.078118 0.062348 -0.036237 -0.107985 0.016504 -0.104315 -0.047660 0.431000 -0.002642 0.255393 0.286645 -0.014286 0.118463 0.106664 -0.028629 0.091742 0.001241 -0.220784 0.094969 0.125476 -0.102543 0.211132 -0.079566 0.197862 -0.035570 0.049894 
0.186290 0.114110 0.185329 -0.469812 0.077745 -0.254665 0.018515 -0.173366 -0.188676 -0.099631 -0.025842 -0.087747 -0.261678 -0.111701 -0.153296 -0.152286 0.262178 0.355561 -0.082752 0.093676 0.152252 -0.096699 0.137401 -0.022857 0.138135 -0.025564 0.060708 -0.361128 0.173997 0.047541 0.188845 0.270321 -0.158006 0.173858 -0.276407 0.061817 
-0.146239 0.312454 0.060376 -0.368164 -0.174792 0.074908 0.062862 -0.367555 -0.281658 -0.073612 0.122217 -0.136394 0.004777 -0.009139 -0.402359 -0.256274 0.285196 0.483399 -0.159992 0.054287 -0.182282 0.081168 0.078226 -0.137041 0.216803 -0.020729 0.015673 -0.119842 0.179418 -0.197121 0.033034 0.229230 -0.052832 0.023371 -0.168026 0.333419 
-0.021494 0.196613 0.086353 -0.396706 -0.180103 0.032519 -0.017060 -0.400933 -0.388202 0.110841 0.082965 0.238760 -0.040991 0.063257 -0.332554 -0.414281 0.130879 0.196521 -0.252015 0.129442 -0.090892 -0.066421 0.018253 -0.113659 0.029947 -0.184003 0.162456 -0.229617 0.251616 -0.179824 0.125639 0.251875 0.057783 -0.128177 -0.310550 0.506005 
-0.009788 -0.064021 0.081344 -0.261207 -0.159754 -0.027494 0.008487 -0.425570 -0.154452 0.189989 0.134827 -0.065776 -0.101585 0.099695 -0.404779 -0.228560 0.384853 0.081318 -0.108041 0.463945 -0.375635 -0.099733 0.126057 0.063831 0.078065 -0.023183 0.102892 -0.026339 0.244078 0.003079 0.095674 0.128410 0.153144 0.085045 -0.288750 0.477687 
0.022494 -0.093136 -0.068458 -0.133361 -0.055891 -0.025723 0.248202 -0.496585 0.026118 -0.019461 0.169966 -0.015756 0.029990 0.044573 -0.298328 -0.051349 0.219056 0.039005 -0.112865 0.402545 0.081918 -0.209672 -0.051753 -0.088959 0.010121 -0.187971 0.014950 -0.215124 0.207810 0.094972 -0.210341 -0.016905 0.090567 0.069656 -0.280033 0.598500 
-0.002773 -0.179911 0.174299 -0.164108 -0.336069 -0.188872 0.288554 -0.489490 -0.090330 0.164590 0.045576 0.061629 -0.038666 0.074978 -0.324477 0.002944 0.242428 -0.161966 -0.123450 0.710958 -0.036823 -0.153177 0.118486 0.123264 -0.001692 -0.057332 0.102334 -0.165205 0.231705 0.225075 -0.111574 0.066659 0.181967 0.211646 -0.179244 0.526432 
0.055580 -0.148363 0.064392 0.063425 -0.289392 -0.286657 0.182153 -0.542599 -0.037540 0.268491 -0.071234 -0.059350 0.294733 0.075997 -0.311257 -0.056521 -0.027036 -0.172216 -0.171768 0.581570 0.184386 -0.150932 0.023611 -0.197554 -0.151280 -0.165946 0.087170 -0.149452 0.203041 0.133361 0.053489 0.014678 -0.043899 0.240220 -0.272666 0.572500 
-0.105890 -0.227327 0.016004 -0.161855 0.005264 -0.381979 0.298880 -0.545663 -0.016628 0.420321 0.188429 -0.169997 0.251855 0.224873 -0.395077 -0.009698 -0.146323 -0.414014 -0.189860 0.706699 0.080592 0.005370 0.125693 -0.214024 -0.047395 -0.119665 0.168108 -0.356454 0.331957 0.122080 -0.221144 -0.007180 -0.138243 0.035231 -0.162822 0.396895 
0.018017 0.079618 -0.055154 -0.078501 -0.089095 -0.328031 0.198952 -0.287697 -0.148468 0.212891 -0.005454 -0.186661 0.356517 -0.031748 -0.526571 0.072096 0.056582 -0.099723 -0.303277 0.814083 0.045014 0.023664 0.049827 0.035357 -0.071991 -0.375632 0.163073 -0.349730 0.413676 0.018932 0.061728 -0.117665 0.132868 0.152094 0.009701 0.560219 
0.114576 -0.087674 -0.106357 -0.106447 -0.521999 -0.153324 0.339551 -0.273562 -0.171715 0.157233 0.088114 -0.053686 0.193988 0.122624 -0.623780 0.140496 -0.189831 -0.162981 -0.074960 0.690646 -0.047141 -0.076526 -0.135756 -0.047014 0.022693 -0.185078 -0.034250 -0.479085 0.276120 -0.060258 -0.037945 -0.001339 0.017336 0.189823 -0.016025 0.703058 
-0.057722 0.005532 -0.013996 0.158959 -0.378706 -0.244682 0.255929 -0.376618 0.040887 0.352850 0.230903 0.094094 0.223308 -0.145815 -0.574419 0.216904 -0.083268 -0.273898 -0.144635 0.655129 -0.276004 -0.117289 -0.103251 0.076628 -0.017952 -0.258493 0.112613 -0.198624 0.415592 0.086799 -0.025684 0.026342 -0.001924 0.092385 -0.103785 0.594947 
0.193213 0.048379 0.046829 -0.007725 -0.167860 -0.330395 0.295624 -0.317014 -0.109638 0.221306 0.208664 -0.077650 0.249426 -0.277000 -0.390224 0.203502 -0.140843 -0.247201 -0.084811 0.551489 -0.262216 -0.213371 0.044521 -0.051661 -0.059041 -0.320559 0.121587 -0.211860 0.426031 0.386409 -0.198281 0.031338 0.137583 0.252171 -0.253267 0.573217 
0.134952 0.140345 -0.087798 -0.011173 -0.015161 -0.171485 0.286899 -0.222172 -0.213676 0.167313 -0.024335 -0.120941 0.350940 -0.149340 -0.358230 0.117516 -0.246874 -0.351603 -0.180646 0.458458 -0.284789 -0.298917 -0.029609 0.036828 0.062651 -0.203130 0.118796 -0.213706 0.332471 0.098874 -0.157453 -0.015041 -0.042635 -0.008353 -0.060842 0.229776 
0.071426 -0.087847 -0.130857 0.191223 0.131391 -0.029390 0.295964 -0.436558 -0.197088 0.471259 -0.053423 -0.185388 0.293234 -0.007767 -0.418164 0.213597 -0.218027 -0.352067 -0.048475 0.736029 -0.277659 -0.313144 0.290253 -0.200885 0.145227 -0.272240 0.015062 -0.257239 0.233389 0.062149 -0.257060 -0.058476 0.129292 -0.070899 -0.084818 0.512768 
0.173932 0.055561 -0.218730 -0.005669 -0.268407 -0.091444 0.033936 -0.562414 -0.157876 0.392686 0.141860 -0.326146 0.383039 0.083059 -0.336141 -0.009128 -0.327596 -0.428062 -0.274326 0.550810 -0.375400 -0.096297 0.036758 -0.037204 0.224289 -0.267128 -0.213832 -0.223197 0.399108 0.204125 -0.005401 0.044653 0.005293 -0.286922 0.148769 0.568014 
0.028987 0.290261 0.088577 0.305042 -0.127672 -0.025937 0.009194 -0.102482 0.026586 0.217351 -0.038478 -0.192451 0.265210 0.163326 -0.304249 0.107703 -0.078029 -0.277866 -0.170608 0.569400 -0.232729 -0.138897 0.085505 -0.172579 0.032681 -0.259967 -0.090600 -0.039208 0.126670 0.118432 0.134638 0.077561 0.006159 -0.144033 0.129067 0.346020 
-0.021013 -0.014649 -0.222971 0.007982 -0.343092 0.065086 -0.022195 -0.082869 0.185995 0.365285 0.215298 -0.046126 0.530271 0.081700 0.010691 0.327420 0.065326 -0.167199 0.083849 0.631343 -0.265946 -0.146490 0.061895 0.058255 0.242771 -0.227584 -0.240377 -0.128991 0.308059 0.163119 -0.119770 0.088783 -0.048138 -0.147371 0.120313 0.430452 
0.123310 -0.066119 -0.005898 0.022954 -0.011440 0.256039 0.022313 -0.155751 0.021266 0.260913 0.064270 -0.010199 0.376271 0.022838 -0.012307 0.041947 -0.084244 -0.069904 -0.048153 0.526289 -0.231355 -0.216568 -0.094803 -0.028731 -0.006255 -0.268996 -0.237442 -0.116104 0.564848 0.334837 -0.063068 -0.149387 -0.034648 -0.150480 0.221640 0.364893 
0.161995 -0.065357 -0.136216 -0.209826 -0.124971 0.131200 0.094478 -0.055035 -0.004244 0.232929 0.079199 -0.030254 0.267905 -0.015727 0.178347 0.099545 -0.167680 0.032257 -0.153989 0.534972 -0.324601 -0.496206 0.247282 -0.079752 -0.051286 -0.098865 -0.344014 -0.016771 0.405688 0.042849 -0.082548 -0.163432 0.041943 -0.393108 0.054286 0.306002 
-0.006986 0.104104 -0.037780 0.149677 0.151397 0.183381 -0.157138 -0.153204 -0.077521 0.139241 0.152034 -0.207905 0.030401 -0.232809 0.237586 0.094534 -0.106625 -0.220154 -0.114515 0.738835 -0.372523 -0.360880 0.204330 0.114956 0.127727 -0.312462 -0.252722 -0.208543 0.442893 0.180425 0.005974 -0.063532 -0.119865 -0.057847 0.124922 0.510331 
-0.131166 0.123999 -0.129648 -0.038727 0.019061 0.107436 -0.116456 -0.106229 -0.022243 0.127015 0.078120 -0.168353 -0.000828 -0.085106 0.204153 0.006352 -0.088161 -0.052212 0.112484 0.445756 -0.499689 -0.493648 0.405250 0.045376 -0.042560 -0.087029 0.009142 0.089467 0.349059 -0.034106 0.180727 -0.173683 -0.021991 -0.427621 0.090237 0.497244 
-0.112576 0.061985 -0.180947 -0.030591 0.119138 0.328694 -0.173781 0.241736 -0.261196 -0.032551 -0.002138 -0.234885 0.008941 0.109123 0.387043 -0.276593 -0.109619 -0.007418 -0.160554 0.637826 -0.401175 -0.421742 0.320435 0.284366 0.163365 -0.399940 -0.020538 0.065058 0.185526 0.066606 -0.026316 -0.363659 0.241529 -0.589631 0.126596 0.466368 
-0.016102 -0.032998 -0.114307 -0.201021 0.139665 0.197751 -0.154491 0.413351 -0.368875 -0.176012 0.115551 -0.342067 0.158614 -0.176416 0.416088 -0.280995 0.237515 0.100974 -0.025035 0.389058 -0.664477 -0.539592 0.297265 0.186081 0.201676 -0.261654 -0.152669 0.312668 0.410943 0.045685 0.258255 -0.245666 0.175830 -0.617665 0.301902 0.269017 
-0.231596 -0.073251 -0.128063 -0.135471 0.089700 0.000558 -0.006433 0.378498 -0.247480 -0.022698 -0.232650 -0.141204 0.219571 0.115336 0.452977 -0.092075 0.157347 0.107586 -0.109803 0.504354 -0.614221 -0.227536 0.336707 0.167526 0.284887 -0.043812 -0.232083 0.594800 0.287637 -0.091635 0.064017 -0.151184 0.228627 -0.788881 0.210070 -0.055771 
-0.156589 -0.176152 0.074771 -0.012031 0.364483 0.121322 -0.196294 0.314302 -0.580111 -0.139972 -0.062440 0.081331 0.244217 0.141617 0.482397 -0.091568 -0.152866 0.097886 -0.040434 0.412166 -0.525907 -0.306880 0.574310 0.400254 0.337808 -0.093711 -0.257347 0.440422 0.092438 -0.103245 -0.024587 -0.329170 0.252708 -0.546624 0.473584 0.093531 
-0.128513 0.120740 0.341970 -0.033578 0.317249 0.071245 -0.232448 0.407677 -0.468267 -0.182918 -0.095616 -0.246919 0.434983 0.346609 0.559682 -0.044058 -0.018924 0.217560 0.128822 0.442975 -0.461414 -0.039309 0.427203 0.392079 0.183248 -0.158425 -0.287790 0.339717 0.172080 -0.065931 -0.061073 -0.277834 0.240743 -0.490098 0.536276 0.051265 
-0.316339 0.031831 0.124016 -0.213147 0.184598 0.093757 -0.363112 0.563050 -0.652516 -0.400308 -0.011939 -0.392954 0.316494 0.321917 0.673553 -0.241471 -0.335439 0.176291 0.160400 0.403185 -0.399342 -0.390058 0.397192 0.375527 0.235887 -0.045541 -0.171830 0.378946 0.192160 -0.127299 -0.167979 -0.225640 0.251660 -0.231444 0.424297 0.025034 
-0.141403 0.026965 0.087484 -0.025741 0.034751 -0.196740 -0.210556 0.441340 -0.406305 -0.411489 0.067528 -0.423786 0.244271 0.117812 0.453710 -0.015296 -0.167276 0.308569 -0.022028 0.148247 -0.414103 -0.250800 0.250845 0.368596 -0.044880 -0.210013 0.008624 0.528205 0.227921 0.037863 0.087594 -0.130505 -0.034747 -0.142276 0.523139 0.205585 
-0.226825 -0.064110 -0.160154 -0.172844 0.147042 -0.359059 -0.127754 0.532097 -0.290404 -0.393637 0.312337 -0.253334 0.144024 0.270738 0.513632 -0.285156 0.014128 0.276918 0.040210 0.040103 -0.420959 -0.426190 0.307088 0.139273 -0.060022 0.068432 0.106896 0.549143 0.295133 0.066864 0.151800 -0.330376 -0.127666 -0.176727 0.304319 0.027731 
-0.070239 -0.227437 -0.048179 -0.068833 0.353535 -0.388336 -0.348788 0.522447 -0.402072 -0.480834 0.075143 -0.144194 0.183359 0.144468 0.368723 -0.112341 -0.081646 0.178009 -0.009705 0.236262 -0.239422 -0.367372 0.116777 0.230665 -0.065802 0.039218 -0.094622 0.476787 0.337811 -0.078997 -0.060290 -0.082877 -0.027973 -0.273438 0.206572 -0.041021 
0.196079 -0.225822 -0.182001 -0.139958 0.285351 -0.283020 -0.102432 0.393954 -0.207002 -0.087202 -0.083972 -0.387621 -0.113109 -0.127290 0.379317 -0.163060 -0.130246 0.248001 0.108727 -0.090783 -0.307448 -0.267213 0.154166 0.253607 -0.174182 0.055959 0.058173 0.498981 0.283130 -0.060635 -0.113341 -0.001274 -0.014861 -0.147010 0.348998 -0.263983 
-0.020448 0.038042 -0.387759 0.069262 0.558131 -0.065892 -0.303500 0.266431 -0.300013 -0.139633 -0.151874 -0.548072 0.101663 -0.171326 0.172206 -0.283244 -0.367172 0.032366 0.129183 -0.116701 -0.499897 -0.150563 -0.037400 0.189062 0.098904 0.369310 0.140927 0.291173 0.057222 -0.089170 -0.067271 -0.026073 -0.013605 -0.187044 0.281714 -0.001040 
0.241434 0.066286 -0.290050 0.108828 0.433789 0.000091 -0.306380 0.457573 -0.070555 -0.020321 -0.052671 -0.310467 0.073305 -0.200552 0.090198 -0.174538 -0.305700 0.327162 0.253588 -0.206588 -0.588078 -0.041559 -0.009488 0.337859 -0.061956 0.120323 0.039322 0.368349 0.053455 -0.263811 -0.257058 0.109940 -0.044373 -0.041538 0.089847 0.040246 
0.057177 -0.191440 -0.174429 0.168895 0.216382 -0.071933 -0.247922 0.559926 -0.007003 0.106642 -0.006309 -0.356105 0.042420 -0.433132 0.004714 -0.287022 -0.113290 0.352241 0.313784 -0.472645 -0.690090 -0.243208 0.035437 0.289032 -0.060800 0.147847 0.188309 0.185778 0.052815 -0.285780 0.073330 -0.246776 -0.016645 0.053505 0.083474 -0.126905 
0.065431 -0.291562 -0.039053 0.203356 0.357891 0.172952 -0.211937 0.431009 -0.103717 0.052825 0.195912 -0.197217 0.056167 -0.277680 -0.222032 -0.058707 -0.375491 0.443968 0.131418 -0.847140 -0.524406 0.129788 -0.054541 0.034289 -0.003493 0.257851 0.071779 0.101616 -0.201428 -0.003567 -0.030293 -0.126532 -0.107338 0.117655 0.273928 -0.216697 
0.110352 -0.294995 0.001683 -0.030957 0.230728 0.218625 -0.213623 0.060378 0.184093 0.057262 0.059103 -0.185668 0.080944 -0.354702 -0.446821 0.103676 -0.331096 0.414867 0.097328 -0.748824 -0.500701 0.060391 -0.239499 0.153513 0.209519 0.115190 0.242519 0.094603 -0.267817 -0.132945 -0.116255 -0.075596 0.008211 0.265655 0.368661 -0.331959 
0.104895 -0.308471 -0.011483 -0.175850 0.492017 0.224974 -0.230957 -0.103339 0.489681 -0.228894 0.067304 -0.279382 -0.064939 -0.437456 -0.503453 0.028026 -0.225741 0.439210 0.114363 -0.698090 -0.501394 0.080912 -0.066575 0.023929 0.205600 0.173616 0.123359 0.018586 -0.045787 -0.090181 0.058712 0.023486 -0.030815 0.345322 0.498881 -0.247612 
0.159688 -0.282749 0.144811 -0.021637 0.366068 0.128701 -0.096290 -0.205156 0.645928 -0.430104 0.206033 -0.127642 -0.056991 -0.234015 -0.358072 0.005918 -0.026429 0.454878 0.100562 -0.729924 -0.317434 -0.033800 -0.194582 -0.162120 0.141290 0.336783 0.208328 0.023675 -0.230699 0.134306 0.181545 0.178002 -0.141075 0.288527 0.362204 -0.503928 
0.351049 -0.456843 0.035586 -0.306886 0.459241 0.202128 -0.175268 0.061936 0.517909 -0.380722 0.005277 0.071138 0.144051 -0.300929 -0.548605 0.191065 -0.062845 0.297811 -0.031187 -0.796036 -0.277347 -0.022491 -0.162266 -0.084245 0.020160 0.054907 0.435490 0.072833 -0.117378 -0.015608 -0.066030 0.235359 -0.033375 0.522988 0.390304 -0.357397 
0.242038 -0.382159 -0.197786 -0.169823 0.231230 0.404982 -0.256584 -0.013053 0.602067 -0.478777 0.189995 0.174295 0.301528 -0.152866 -0.595644 -0.033605 0.075093 0.479170 -0.018829 -0.551825 -0.054272 0.027790 -0.319502 -0.142155 0.309992 0.362676 0.205326 -0.005563 -0.067521 -0.032861 -0.045966 0.161088 0.123917 0.247133 0.261353 -0.335005 
0.300457 -0.185312 -0.381206 -0.080227 -0.059550 0.434375 -0.117898 -0.176898 0.531955 -0.251756 0.085175 0.290299 0.239483 -0.125663 -0.315835 -0.137064 0.052907 0.546224 0.163303 -0.506363 -0.189729 0.024798 -0.357136 -0.392360 0.084078 0.389713 0.207017 -0.006583 0.009421 0.130375 0.075892 0.053388 0.031735 0.397682 0.309531 -0.552300 
0.370299 -0.291291 -0.162031 -0.057857 0.100814 0.506932 -0.268095 -0.314986 0.449555 -0.331170 0.111382 0.297697 0.361071 -0.100935 -0.290732 -0.207813 0.055865 0.606996 -0.023573 -0.370678 -0.233069 0.026908 -0.074395 -0.218536 0.105609 0.407363 0.055794 -0.067245 -0.262015 0.030508 -0.003578 -0.062605 0.369789 0.161485 0.227154 -0.625702 
0.261038 -0.240420 -0.299710 0.018301 0.049916 0.643979 -0.070761 -0.169891 0.131811 -0.267769 0.026140 0.471764 0.280168 -0.131108 -0.423790 -0.198852 0.208883 0.409783 -0.036824 -0.476589 -0.042318 0.171724 -0.169583 -0.183668 -0.033455 0.368985 -0.034951 0.087597 -0.083217 -0.046251 0.028977 -0.088320 0.269281 0.077205 0.317893 -0.405619 
0.284661 -0.328477 -0.175061 -0.420920 -0.054124 0.648610 -0.187473 -0.113223 -0.284417 -0.282210 0.147531 0.385242 0.212855 0.052354 -0.457647 0.096292 0.191176 0.288969 0.127376 -0.550500 0.116160 0.158332 0.228110 -0.424941 0.003209 0.184396 0.033823 -0.119398 -0.495569 -0.039271 0.305123 -0.153767 0.292849 0.465284 0.005170 -0.696460 
0.373596 -0.175648 0.076077 -0.375961 -0.055445 0.631351 -0.073864 -0.111046 -0.134426 -0.512257 0.230517 0.611014 0.240404 0.044655 -0.575696 0.001729 0.338885 0.405575 0.046538 -0.265519 -0.182689 0.335042 0.115430 -0.581818 -0.128409 0.178601 -0.045396 -0.222380 -0.353381 -0.079177 0.166218 -0.058832 0.218549 0.299739 0.086968 -0.720729 
0.423310 -0.183859 0.040182 -0.322212 -0.116114 0.608087 -0.190489 0.127891 -0.026703 -0.394112 0.245173 0.736707 -0.059510 0.228396 -0.562278 0.518088 -0.022197 0.230087 -0.091955 -0.395763 0.000919 0.174872 0.269254 -0.519437 -0.255842 0.198187 -0.068271 -0.110557 -0.446612 0.045203 0.143522 -0.190386 0.349250 0.277977 0.112409 -0.540072 
0.309443 -0.394826 -0.001858 -0.214326 0.306184 0.456662 -0.355604 -0.075070 -0.086837 -0.354911 -0.100441 0.568172 -0.377429 0.221310 -0.162278 0.600130 -0.584088 0.138910 -0.158581 -0.566626 0.076636 0.369489 0.420831 -0.396194 0.057883 0.159735 -0.137165 -0.194371 -0.368456 0.182849 -0.111266 -0.453835 0.190356 0.052648 0.031482 -0.317279 
0.320362 -0.135458 -0.458385 0.288219 0.278118 -0.040498 0.117714 -0.155290 -0.394468 -0.240567 -0.306427 0.463466 -0.248681 -0.170503 -0.053729 0.484467 -0.723006 0.210159 -0.325940 -0.551082 0.007203 0.299911 0.067492 -0.165319 -0.031820 0.268205 -0.010416 -0.133699 -0.400246 0.188997 0.022491 -0.123885 0.263570 -0.073972 0.077153 -0.126424 
0.188413 -0.481384 -0.382149 0.290030 0.407583 -0.377744 -0.022805 -0.153887 -0.147030 0.000289 -0.615019 0.512707 -0.115275 -0.138712 0.231187 0.453202 -0.782680 -0.053092 -0.297409 -0.627425 0.118828 0.301178 0.101160 -0.208910 -0.109730 0.276902 -0.031928 -0.068691 -0.407354 0.280389 -0.044928 -0.062044 0.174756 0.106273 0.001298 -0.094050 
-0.016869 -0.155426 -0.363037 0.256286 0.189585 -0.348080 0.384124 -0.013312 -0.324669 -0.016316 -0.455149 0.438791 -0.279375 -0.273789 0.452053 0.580347 -0.502252 -0.094791 -0.445913 -0.277272 0.103621 0.089842 0.232664 -0.074908 -0.170373 0.314102 0.045502 0.038088 -0.462130 0.399008 0.222776 0.224910 0.251834 0.276771 -0.211319 -0.052610 
-0.186074 -0.204939 -0.000148 -0.013802 0.058299 -0.420890 0.262921 -0.056917 -0.185135 0.214297 -0.390041 0.214662 -0.142388 -0.116000 0.320662 0.431895 -0.511111 0.006946 -0.401324 -0.400991 -0.009546 0.075455 0.072410 -0.476282 -0.279462 0.306575 -0.064376 0.019894 -0.416196 0.316794 0.046065 0.009103 -0.001226 0.301675 -0.146476 -0.022428 
-0.146504 -0.236116 0.077226 0.036391 0.115234 -0.505016 0.136660 0.071480 -0.088499 0.001951 -0.425220 0.086737 -0.196599 -0.141844 0.152160 0.251912 -0.228219 -0.035813 0.024875 -0.213712 0.151987 0.145840 0.170402 -0.702828 -0.190627 0.330688 -0.095850 0.029347 -0.453226 0.232230 0.115221 0.343786 0.086137 0.090754 0.061949 -0.276540 
-0.131794 -0.082814 0.115832 0.009433 0.276846 -0.191027 0.127851 0.146891 -0.088311 -0.106671 -0.383546 0.152663 -0.062944 -0.202638 0.203958 -0.005168 -0.248669 -0.195579 -0.039612 -0.106478 0.161174 0.314268 -0.119834 -0.765610 -0.018883 0.143333 -0.301618 0.243735 -0.442321 0.023613 -0.208527 0.288486 -0.151549 0.220636 -0.162423 -0.321623 
-0.203305 0.084224 0.347739 -0.296281 0.303411 -0.120788 0.155775 0.084608 -0.229921 -0.351978 -0.170777 -0.146204 0.103495 -0.366724 0.024467 -0.095799 -0.021716 -0.280966 0.498539 -0.433446 0.133807 0.283336 0.008997 -0.880951 -0.122325 0.085118 -0.082150 0.260822 -0.282567 -0.159606 -0.104303 0.384781 -0.058982 -0.036745 -0.421002 -0.099483 
-0.462081 0.039291 0.457762 -0.460920 0.269521 0.059218 0.369152 -0.062027 -0.051893 -0.270364 -0.265696 0.028219 0.240494 -0.402459 0.122767 -0.130340 0.089979 -0.244084 0.588720 -0.235647 0.131949 0.072741 -0.130385 -0.939275 -0.026883 -0.036395 -0.025776 0.405395 -0.244597 -0.170668 -0.006956 0.436377 -0.138172 0.259079 -0.574188 -0.145172 
-0.625457 0.157972 0.293456 -0.513925 0.452391 -0.016841 0.438662 -0.016307 -0.090330 0.109906 0.066437 -0.030535 0.255941 -0.204446 0.109703 -0.567766 0.328175 -0.136240 0.858490 -0.272203 0.189403 -0.020086 -0.182512 -0.949921 -0.052525 -0.109427 0.046018 0.310520 -0.236888 -0.416518 -0.121440 0.704499 -0.333565 -0.074571 -0.948742 -0.146347 
-0.518386 0.145527 0.127372 -0.434326 0.497790 -0.012482 0.473103 -0.067328 -0.109052 0.231525 0.215260 0.126531 0.400389 -0.118597 -0.047434 -1.015685 0.142156 -0.233369 0.680440 -0.150528 0.133182 -0.004945 -0.184065 -0.629315 0.168825 -0.010058 0.558507 0.172835 0.109552 -0.618849 -0.180613 0.811201 -0.527269 -0.254461 -0.959487 -0.241484 
-0.456489 0.220090 -0.052118 -0.442035 0.599145 -0.096472 0.357443 0.070208 -0.067726 0.177850 0.303371 0.153207 0.016255 0.067122 -0.071633 -1.169284 0.302680 -0.351008 0.501284 -0.112748 0.045461 0.233804 -0.175525 -0.119089 0.155727 -0.208452 0.656075 0.168852 0.018038 -0.544689 -0.375040 0.432450 -0.364996 -0.365020 -0.807819 -0.247747 
-0.559717 0.196988 -0.220466 -0.292993 0.569726 0.026510 0.067883 -0.214443 -0.137947 0.196902 0.311780 0.109100 -0.398514 -0.014643 0.119209 -0.935195 0.200794 -0.355044 0.558712 -0.165003 0.048224 0.361942 -0.320804 -0.121618 0.168641 -0.120944 0.371464 0.222020 0.058112 -0.375911 -0.382040 0.235363 -0.376552 -0.496917 -0.437524 -0.254604 
-0.576441 0.113272 -0.437989 -0.303797 0.461832 -0.051615 -0.306740 -0.367468 -0.292223 0.191487 0.515260 0.099093 -0.675457 0.451786 -0.026945 -0.605868 -0.016574 -0.691200 0.217726 -0.063350 0.212077 0.565975 -0.472005 -0.131987 0.201626 -0.074736 0.370583 0.112788 0.003384 -0.453637 -0.305905 -0.002671 -0.195457 -0.379212 -0.508932 -0.108339 
-0.262943 0.039337 -0.511496 -0.087717 0.209286 0.008052 -0.309861 -0.046619 0.089854 0.202728 0.555489 0.117673 -0.737818 0.279660 0.040091 -0.194598 -0.149088 -0.533176 0.405577 0.074176 -0.099663 0.751078 -0.335333 0.085836 0.205968 0.272747 0.185803 0.111907 -0.195956 -0.435316 0.068467 -0.333645 -0.376959 -0.106567 -0.477098 -0.075749 
-0.066505 -0.178375 -0.579598 0.094709 0.057782 0.113357 -0.593852 -0.047171 0.003918 0.402607 0.085477 0.230231 -0.854975 0.307595 -0.092965 0.262231 -0.069015 -0.287514 0.369904 0.125127 -0.142636 0.780697 -0.313923 0.085318 -0.016308 0.426467 -0.084971 -0.262777 -0.012840 -0.122200 0.144777 -0.421066 -0.088236 0.194216 -0.274406 0.079824 
0.128605 -0.297739 -0.461199 0.223924 0.026872 -0.206064 -0.689505 -0.119920 0.333355 0.548279 -0.005426 0.078996 -0.657503 -0.047488 0.024900 0.313497 0.304037 -0.241925 0.502888 -0.105150 -0.090940 0.524255 -0.409439 0.150924 -0.582670 0.392312 -0.214720 -0.225310 -0.160757 -0.062369 0.600633 -0.455146 -0.241936 0.386639 -0.305717 0.067644 
0.341978 -0.134421 -0.368253 0.123379 -0.039580 -0.298725 -0.784048 -0.044342 0.058511 0.507201 -0.360882 -0.101094 -0.438096 -0.042362 0.026062 0.749235 0.357958 -0.102947 0.491159 0.036563 -0.219265 0.157685 -0.308853 0.061182 -0.739183 0.466458 -0.380864 -0.147154 -0.112664 0.253760 0.672962 -0.534144 -0.167977 0.634926 -0.454900 0.059224 
0.378328 -0.160093 -0.635190 -0.026990 0.047599 -0.332041 -0.812476 0.169378 0.099876 0.772949 -0.216254 0.000467 -0.023460 0.039588 -0.110576 0.557306 0.692132 0.120596 0.407487 -0.131823 -0.432555 0.120574 0.207357 -0.074528 -0.595451 0.320597 -0.363616 -0.206998 0.345320 0.230528 0.903972 -0.480608 -0.343346 0.395394 -0.568762 0.232407 
0.201567 0.001460 -0.540287 -0.214796 -0.132768 -0.416294 -0.515670 -0.118221 0.115092 0.715329 -0.282827 0.298951 0.130625 -0.080080 -0.204110 0.583280 0.420444 0.353374 0.292045 -0.351014 -0.267512 -0.437997 0.579499 0.150156 -0.211847 0.038966 -0.504049 -0.334517 0.438117 0.172774 0.609137 -0.225245 -0.094650 0.468532 -0.783685 0.201031 
-0.019313 0.034414 -0.525944 -0.597291 -0.011317 -0.141139 0.038081 -0.028445 0.114716 0.553450 -0.440484 0.424899 0.318446 0.135854 -0.164059 0.192196 0.482046 0.528518 0.010456 -0.004079 -0.231270 -0.315993 0.724379 0.360397 0.018567 -0.480556 -0.525336 -0.353772 0.425717 0.632137 0.360005 -0.209974 0.301049 0.181619 -0.484022 0.029765 
-0.217719 -0.292547 -0.593524 -0.517021 -0.117373 -0.283624 0.564152 0.247196 0.083918 0.349727 -0.385704 0.035047 0.346752 0.510046 0.249102 -0.212776 0.257108 0.470085 -0.454825 0.150801 -0.057972 -0.353991 0.535187 0.463673 -0.351124 -0.280761 -0.229542 -0.283774 0.253865 0.607186 -0.010573 -0.147897 0.527157 -0.074706 -0.174875 -0.158000 
-0.189230 -0.257675 -0.308584 -0.133185 -0.414327 -0.362476 0.965941 0.422991 -0.003494 0.178549 -0.136405 0.101353 0.418543 0.559362 0.322876 -0.370035 -0.088964 0.468639 -0.399169 0.187645 0.026008 -0.270701 0.117518 0.670322 -0.281215 -0.446680 -0.204258 -0.557083 0.278626 0.957661 -0.210159 0.074632 0.592102 -0.115792 0.152918 -0.291437 
-0.079724 -0.387013 0.373386 0.011189 -0.391986 -0.043510 1.006366 0.514885 0.113883 -0.154855 -0.035024 -0.091854 0.345370 0.515963 0.226390 -0.387945 -0.389077 0.163162 -0.363778 0.411219 0.270515 -0.097542 -0.188546 0.734871 -0.177378 -0.490959 -0.305135 -0.553239 0.263529 0.797010 -0.444264 -0.036451 0.724417 -0.285533 0.353534 -0.126354 
-0.070170 -0.128783 0.731254 -0.016046 -0.817787 -0.129791 0.444003 0.151653 -0.060932 -0.077065 -0.145124 -0.198455 -0.047437 0.112370 0.061540 0.135935 -0.676618 -0.118755 -0.423336 0.357413 0.271941 -0.037098 -0.298251 0.105505 -0.137422 -0.195671 -0.097013 -0.496673 0.214205 0.711399 -0.454955 0.046388 0.175350 -0.289155 0.428598 -0.179371 
0.115188 -0.361990 1.008336 -0.319734 -0.837365 0.318783 0.152491 -0.105264 0.144501 -0.230883 0.149040 0.168530 -0.334348 -0.166634 0.074962 0.338098 -0.443872 0.014753 -0.337032 0.229961 0.023911 0.240265 -0.128283 -0.298524 -0.002051 0.118951 -0.193583 -0.181391 0.255090 0.382964 -0.359767 0.221991 -0.331618 -0.242504 0.327828 -0.086851 
0.213716 -0.052773 0.942507 -0.247908 -0.667514 0.418195 0.119570 -0.210331 -0.200164 0.121373 0.271014 -0.035933 -0.481398 -0.456496 0.037292 0.363198 -0.147199 0.038949 -0.156442 -0.189323 -0.361342 0.264143 0.032105 -0.235051 0.094003 0.161199 -0.566620 0.055568 -0.151090 0.011493 -0.019110 0.144055 -0.512469 -0.471041 0.315117 -0.162145 
0.037056 -0.056383 0.236717 -0.013380 -0.225322 0.375420 0.111908 0.080574 -0.064410 0.100358 0.150352 0.167629 -0.474922 -0.546360 -0.309860 0.062571 0.157980 -0.225720 -0.085912 -0.333496 -0.010067 0.295854 -0.083996 -0.326721 0.097434 -0.162619 -0.635079 0.311902 0.117216 -0.052149 -0.171620 -0.097843 -0.657460 -0.754301 0.134661 0.201380 
0.290205 0.014414 -0.574837 0.254523 0.449015 0.300463 0.146971 -0.372252 0.028662 -0.007020 0.326981 0.275131 -0.366765 -0.270411 -0.380878 -0.197188 -0.173129 -0.492625 0.047561 -0.149490 0.204928 -0.042767 -0.276761 -0.366211 0.081560 0.178119 -0.218573 0.429393 0.026931 -0.486756 -0.383019 0.088533 -0.704496 -0.612066 0.389851 -0.040617 
0.394095 -0.084286 -0.929520 0.443424 0.604664 0.099041 -0.011154 -0.372160 0.117396 0.022496 0.282760 0.206056 -0.141498 -0.170543 -0.505229 -0.286308 0.165282 -0.371004 0.147482 -0.262422 0.304849 -0.293166 -0.558737 -0.197154 0.191440 0.284041 0.387567 0.281825 -0.138074 -0.569983 -0.583776 0.085459 -0.540574 -0.390650 0.150187 0.056983 
0.302289 -0.034998 -0.473398 0.380610 0.393173 0.107012 -0.310755 -0.134902 0.381924 0.437696 0.004433 -0.035200 0.215713 -0.128246 -0.033949 0.076420 0.445845 -0.121260 -0.024461 -0.211267 0.161422 -0.599081 -0.017843 0.348092 0.269384 0.190667 0.376324 0.319694 -0.288845 -0.788336 -0.758244 0.216077 -0.352990 -0.463369 0.036764 0.316275 
0.145164 0.013449 0.306250 0.001397 0.021155 0.032069 -0.330951 0.027172 0.314717 0.236934 -0.216170 -0.114111 0.502260 0.270388 0.300364 0.308562 0.704235 0.237626 -0.124933 -0.288593 0.187293 -0.551358 0.614287 0.639801 0.249666 0.137459 0.171873 0.026405 -0.419294 -0.655314 -0.590324 0.138114 -0.055197 -0.046814 -0.378205 0.206882 
0.366614 0.331320 0.604781 -0.313831 -0.157707 -0.026332 -0.256778 0.395230 0.114882 -0.119051 -0.328292 0.120051 0.560048 0.548945 0.331504 0.262036 0.302185 0.204283 -0.037373 -0.391035 -0.137526 -0.713059 0.773974 0.480231 0.147411 -0.003403 0.126449 -0.345620 -0.477606 -0.413897 -0.667848 0.065392 0.427782 0.233849 -0.412996 -0.008002 
0.363444 0.163835 0.317132 -0.246212 -0.183764 0.311475 -0.092071 0.513251 0.185067 -0.252829 -0.077232 0.033865 0.297378 0.229361 0.151638 0.050408 0.267783 -0.230405 -0.333410 -0.338979 0.004955 0.013438 0.469419 0.128109 0.152961 -0.181010 0.377048 -0.595828 -0.263126 -0.071210 -0.325404 0.105621 0.648248 0.534524 -0.096630 0.001012 
0.619240 -0.055759 -0.098413 -0.079799 -0.248508 0.296338 0.020844 0.271957 -0.106691 -0.326916 0.375965 0.235916 0.341146 0.011397 0.014338 -0.460416 0.390002 -0.287905 -0.515802 -0.065440 0.024809 0.240504 -0.225420 -0.313763 0.169991 -0.234287 0.602145 -0.802731 0.298885 0.365071 -0.112589 0.176419 0.327808 0.690534 0.214492 -0.171889 
0.146668 -0.169037 -0.269628 -0.167440 0.015585 -0.255946 0.065960 -0.136066 -0.151983 -0.211745 0.874342 0.333270 -0.100122 -0.437816 -0.226500 -0.517327 0.091830 -0.015452 -0.350819 0.254602 -0.001913 0.372455 -0.161530 -0.407373 0.150836 -0.340480 0.259261 -0.673176 0.477376 0.490834 0.020854 0.222412 -0.016140 1.003545 0.173231 0.128641 
-0.005727 -0.103207 -0.005955 -0.126588 -0.082609 -0.661633 0.173859 -0.034033 -0.115455 0.011448 0.814443 -0.091637 -0.741260 -0.349039 -0.296767 0.075882 -0.140270 0.033286 0.037249 0.566999 -0.219020 0.388233 -0.325051 -0.362066 -0.478166 -0.065178 -0.250347 -0.024697 0.199287 0.113374 -0.094426 0.317925 -0.219634 0.805025 0.263282 -0.178532 
0.062786 0.188658 0.304834 0.651829 0.130968 -0.964815 0.706196 0.182116 -0.078137 -0.175207 0.619440 -0.307877 -0.700602 -0.748058 -0.596898 0.279909 -0.326984 0.366490 0.065916 0.523657 0.060139 0.186390 -0.389543 -0.365005 -0.555546 0.102065 -0.252292 0.559807 0.072100 -0.213958 0.203393 0.492804 -0.484432 0.439458 0.387498 -0.233363 
-0.150432 -0.089094 0.433492 0.615914 0.327552 -0.673393 0.489426 -0.019060 -0.176665 -0.420836 0.493082 -0.221077 -0.701770 -0.526143 -0.459985 0.694967 -0.022029 0.459509 0.119401 0.614276 0.350734 0.216160 -0.360195 -0.191599 -0.670728 0.039527 -0.478885 0.891471 -0.085166 -0.549532 0.255900 0.541954 -0.274546 0.083097 0.407719 -0.037345 
-0.563876 -0.355963 0.375332 0.599001 0.143992 -0.403510 0.094971 -0.269871 -0.435809 -0.515197 0.091425 -0.234835 -0.401080 -0.219954 -0.055820 0.343873 0.031669 0.471433 0.213281 0.578078 0.304103 -0.120239 0.270026 0.290765 -0.594541 -0.175317 -0.701170 0.902328 -0.352012 -0.690247 0.145584 0.551432 -0.241104 -0.227890 -0.075869 0.109157 
-0.384742 0.061857 0.334529 0.493124 0.116375 0.144477 -0.300340 -0.491945 -0.510302 -0.819337 -0.166460 0.154362 0.046836 0.155513 -0.016888 0.146838 0.177280 0.251867 0.342503 0.323590 0.169562 -0.001373 0.370419 0.208970 -0.442766 -0.235527 -0.883052 0.569575 -0.442612 -0.790967 0.151357 0.532920 0.075178 -0.461730 -0.354904 0.495462 
-0.487694 0.337564 0.183041 0.364072 -0.033182 0.407135 -0.387174 -0.285515 -0.303597 -0.634191 -0.104103 0.270920 0.035272 0.296823 0.225898 0.175816 0.493570 0.280256 0.405876 0.353703 -0.118480 -0.067479 0.347725 -0.070924 -0.221536 -0.465901 -0.828686 0.306978 -0.290703 -0.585909 -0.063634 0.088217 0.341906 -0.695082 -0.435501 0.278520 
-0.192096 0.634522 0.478875 0.105908 -0.216133 0.708804 -0.362899 0.135921 -0.030450 -0.624118 0.011296 0.541763 0.409526 0.122504 0.400635 0.268665 0.676432 0.224863 0.225871 -0.023005 0.035536 -0.222902 0.200207 0.007103 -0.081380 -0.259760 -0.611945 0.208368 -0.300494 -0.558690 0.221556 -0.169039 0.644051 -0.706488 -0.429793 0.129798 
-0.045667 0.488391 0.117231 -0.003446 -0.385754 0.842407 -0.295383 0.152400 0.042337 -0.399809 -0.052743 0.634423 0.300852 -0.024755 0.574484 0.224688 0.571675 -0.226792 -0.044341 -0.218830 -0.085293 -0.577100 -0.046451 0.108913 0.118552 0.024792 -0.523706 -0.147937 -0.091304 -0.482551 0.164748 -0.524100 0.862043 -0.554994 -0.601273 0.285304 
0.245098 0.813514 0.273945 0.039248 -0.434791 0.771574 -0.541818 0.302220 0.078736 -0.219790 -0.136652 0.564270 0.388040 -0.142719 0.493398 0.128761 0.430876 -0.419479 -0.051659 -0.607439 -0.284632 -0.716904 -0.262597 0.097386 0.105508 0.177722 -0.186620 -0.215147 0.048911 -0.402045 0.168317 -0.679126 0.885652 -0.277309 -0.290601 0.125381 
0.249770 0.598317 -0.169839 0.161222 -0.324380 0.568738 -0.526436 0.139683 0.342137 -0.276731 0.039949 0.240997 0.054709 -0.301109 0.349522 0.123049 0.379829 -0.405746 -0.231179 -0.636987 0.040444 -0.622350 -0.573591 0.058225 -0.052236 0.046310 0.031886 -0.269155 0.065075 -0.060040 0.423180 -0.792447 0.837926 -0.106502 -0.311717 0.184381 
0.392896 0.441885 -0.428620 0.296996 -0.469804 0.502399 -0.423839 0.453078 0.533855 -0.144116 0.189989 -0.134542 0.064739 -0.381918 -0.127218 -0.231143 0.277206 -0.459407 -0.122899 -0.336021 0.010708 -0.467761 -0.769291 -0.077577 -0.055543 0.125829 -0.098215 -0.379209 0.197507 0.128015 0.346893 -0.572060 0.779491 0.101994 -0.031196 0.271948 
0.244325 0.182151 -0.456081 0.703993 -0.399943 0.334403 -0.245772 0.141188 0.384580 -0.103837 0.361203 -0.340175 0.217215 -0.282229 -0.047977 -0.188561 0.476426 -0.421509 -0.011672 -0.393134 -0.157125 -0.250600 -0.896174 0.005992 -0.287618 -0.018881 0.251003 -0.426615 0.010368 0.143503 0.342143 -0.431204 0.667992 0.239000 0.212787 0.297959 
0.350657 -0.003614 -0.570929 0.464311 -0.337653 0.047856 -0.016104 0.039237 0.588815 -0.107196 0.345458 -0.360784 -0.037384 -0.341177 -0.080162 -0.321588 0.261256 -0.540765 -0.017919 0.075125 -0.048087 -0.391283 -0.990348 -0.227617 -0.374742 0.075745 0.099847 -0.160325 -0.188834 0.426443 0.108837 -0.198647 0.332537 0.200699 0.229436 0.227955 
0.432102 -0.063720 -0.501564 0.419806 -0.292901 -0.092579 0.257804 0.309739 0.369568 0.022089 0.152041 -0.298355 -0.098357 -0.290983 0.057996 -0.268743 0.066864 -0.525263 -0.162910 -0.034446 -0.073294 -0.391428 -0.902292 -0.200397 -0.553071 -0.160694 0.220586 -0.359331 -0.092894 0.585359 -0.004395 0.211341 0.045173 0.246370 0.354984 0.238022 
0.320615 -0.081849 -0.444989 0.310435 -0.153549 -0.417008 0.313652 0.036154 0.069567 0.110970 0.016503 -0.231029 -0.018136 -0.272488 -0.099832 -0.370916 -0.189475 -0.617244 -0.110634 0.075262 -0.091922 -0.235314 -0.487279 -0.187031 -0.515436 0.009051 0.164273 -0.170130 -0.153731 0.705957 -0.057234 0.114974 0.020424 0.132611 0.121933 0.009086 
0.081612 -0.097755 -0.313132 0.291821 -0.050032 -0.076266 0.541639 -0.079815 -0.054320 0.229155 -0.306642 -0.270333 -0.144260 -0.283128 -0.143111 -0.451970 -0.458847 -0.417116 -0.075155 0.040649 -0.235929 -0.269108 -0.477917 -0.001873 -0.675919 0.042155 0.322545 -0.151349 -0.333828 0.281413 0.094218 0.271363 -0.183420 0.234164 -0.188805 -0.046110 
0.041254 -0.165289 -0.312914 0.131429 0.296040 -0.291288 0.659922 -0.039154 -0.142972 0.348145 -0.123844 -0.261569 -0.017942 -0.249872 0.177362 -0.549660 -0.334235 -0.689046 -0.142474 0.163806 -0.439852 -0.320408 -0.294546 0.019586 -0.620860 0.075154 0.331176 -0.098770 -0.319943 0.161130 0.135928 0.249416 -0.234339 -0.063398 0.105682 0.076296 
-0.106546 -0.043066 -0.192032 0.090461 0.331771 -0.139775 0.474182 -0.169034 -0.265639 0.476767 -0.214591 -0.147834 -0.077563 -0.261703 0.178651 -0.441713 -0.473463 -0.473297 0.037503 0.257269 -0.144190 -0.339682 0.098705 0.185066 -0.248242 0.135434 0.277190 0.061727 -0.580409 0.227570 -0.090500 0.354467 -0.560730 0.192190 -0.027948 0.064989 
-0.360392 0.005032 -0.121117 0.073566 0.282099 -0.082469 0.447496 -0.251605 -0.290373 0.681293 -0.106562 -0.153441 -0.257795 -0.253271 0.139388 -0.622448 -0.550750 -0.313861 0.060431 0.425521 -0.178651 -0.138050 -0.007097 0.066905 0.023337 -0.066844 0.445833 0.081784 -0.634211 0.063993 0.020400 0.573272 -0.568656 0.177413 -0.316455 0.341406 
-0.193156 -0.237876 0.149668 0.395779 0.271524 0.122341 0.378650 -0.063839 0.111918 0.542007 -0.329483 -0.324486 -0.381812 -0.321956 0.346146 -0.634743 -0.191300 -0.359416 0.033971 0.211304 -0.058942 -0.210296 0.050115 0.139221 0.082899 -0.092741 0.349667 -0.050670 -0.273123 0.110091 -0.027511 0.452600 -0.559412 0.148124 -0.259135 0.085137 
-0.325910 -0.085403 0.012473 0.127588 0.324663 0.287443 0.381051 0.019881 0.168366 0.362002 -0.019343 -0.298350 -0.213872 -0.536808 0.074641 -0.302530 -0.334192 -0.246343 -0.058206 0.005491 -0.132178 -0.319452 -0.036547 0.065927 0.044284 0.070272 0.472564 -0.121252 -0.266194 0.111328 0.215755 0.532806 -0.331889 0.010350 -0.152871 0.133956 
-0.366414 -0.133085 -0.015815 0.220969 0.102063 0.192962 0.158854 0.180733 0.105682 0.408453 -0.097154 -0.157391 -0.161204 -0.478678 0.150615 -0.126053 -0.232807 -0.059952 -0.063054 0.182292 0.243599 -0.304946 -0.406803 0.358252 0.056012 0.055610 0.512270 0.138842 -0.081195 0.195374 0.206640 0.276298 -0.239355 0.013382 -0.086937 0.170091 
-0.056372 -0.126302 -0.120252 0.207330 0.004891 0.209618 0.177060 0.049577 0.434987 0.306245 -0.091263 -0.371440 0.152333 -0.272256 0.261028 0.136964 0.098717 -0.083216 -0.342977 0.132355 0.092458 -0.250935 -0.294827 0.232510 0.248882 0.209128 0.361759 -0.143475 0.063475 0.058960 0.323937 0.432949 -0.059434 0.125099 0.023102 0.060948 
-0.219571 -0.225136 -0.335190 -0.095968 -0.209806 0.065550 0.090109 0.102213 0.196171 0.121525 0.072872 -0.424492 0.036452 -0.140540 0.058503 -0.000838 0.387833 0.003619 -0.248573 -0.003659 0.225752 -0.061256 -0.200832 0.323745 0.201836 0.206426 0.264619 0.119201 0.033525 -0.271824 0.319752 0.216631 0.090441 0.176003 -0.085432 -0.002450 
-0.217268 -0.297933 -0.246133 -0.007317 -0.297361 0.188944 0.334553 0.201315 0.092136 -0.071929 -0.045722 -0.288148 0.015119 0.063506 0.122940 -0.204784 0.441627 0.024973 -0.152820 -0.252175 0.352367 -0.042549 -0.492310 0.251769 0.437012 0.376031 0.251192 0.064640 -0.012305 0.029742 0.017268 0.378423 0.334873 -0.127698 0.078618 -0.429437 
0.019911 -0.218803 -0.410457 -0.123586 -0.182254 -0.047067 0.247483 0.097779 0.289205 0.233855 0.183724 -0.382888 0.284289 0.119881 0.058453 -0.113972 0.146323 0.136480 -0.232236 -0.190840 0.170247 -0.135079 -0.154169 0.490359 0.495941 0.200784 0.116580 0.110901 0.184955 -0.007873 -0.067370 0.277758 0.056733 0.113997 0.159241 -0.129605 
-0.151573 -0.023974 -0.233189 -0.131171 -0.388161 -0.060449 0.260158 0.043416 0.238053 -0.035013 0.021366 -0.445863 0.114122 0.359267 -0.006531 -0.228005 0.171805 -0.162037 0.108622 -0.066268 0.260730 0.013940 -0.133668 0.431719 0.242609 0.004559 0.252879 0.122151 -0.077711 0.015342 0.047045 0.066240 0.050322 -0.039278 0.237930 0.032617 
-0.127557 -0.181209 0.181008 0.098664 -0.410742 0.049237 0.268828 0.298898 0.275467 0.033303 -0.120772 -0.535322 0.248586 0.263610 -0.085963 0.045635 -0.032528 -0.057260 0.171893 0.088680 0.132726 0.095203 -0.087543 0.084093 0.357262 0.117070 0.032386 0.158231 0.157167 -0.025204 -0.226392 0.072179 -0.126410 -0.042144 0.056032 -0.134100 
-0.328880 -0.232473 0.152402 0.020415 -0.192564 0.297246 0.252068 0.329886 0.167787 -0.054371 0.148302 -0.452568 0.405226 0.425249 -0.054675 0.016495 0.130277 0.008263 0.130556 0.026164 0.252758 0.368909 0.059346 0.125766 0.350161 0.181469 0.055856 -0.001845 0.004631 -0.137936 -0.088992 0.000492 -0.154796 -0.222024 0.262100 -0.176137 
0.088267 0.040895 0.316876 -0.029168 -0.426623 0.054156 0.110612 0.063583 0.028953 -0.110858 -0.193027 -0.408874 0.301746 0.402135 0.012854 0.250473 -0.010693 0.232705 0.023049 0.011912 0.264829 0.506156 0.054662 0.395175 0.107144 0.256595 0.183549 -0.041375 0.041532 -0.046894 0.038655 -0.262838 -0.244758 -0.210368 0.338789 -0.010277 
-0.225657 0.015929 0.117634 -0.070067 -0.318209 -0.118182 0.173426 0.025784 -0.112038 -0.075333 0.102407 -0.189516 0.342480 0.361257 -0.061167 0.306814 -0.075616 0.145142 0.123063 -0.210712 0.041974 0.403810 0.423609 0.359892 0.239788 0.138379 0.124324 0.008642 -0.012668 -0.044283 -0.124742 -0.108555 -0.166571 0.014098 0.313403 -0.183963 
0.010511 0.256430 0.104817 -0.295426 -0.163676 0.007158 0.221847 0.009168 -0.213461 -0.020657 -0.048717 -0.123077 0.299407 0.553424 -0.061695 0.634925 -0.059655 0.202934 0.131569 -0.410916 -0.153409 0.489646 0.448515 0.311734 0.139369 0.024328 0.127774 0.085381 -0.168164 0.028915 -0.059071 -0.118227 -0.223680 -0.066131 0.289368 -0.201059 
0.157410 0.432685 0.326929 -0.262213 -0.230924 -0.109965 0.346853 -0.146915 -0.226672 0.104263 -0.254825 -0.140367 0.357312 0.502809 -0.131580 0.778483 -0.293566 0.018873 0.480391 -0.259879 0.014371 0.183995 0.363350 0.146009 -0.040724 0.072025 0.274170 0.260517 -0.069021 0.107989 -0.051250 -0.164584 -0.335373 -0.148586 0.030863 -0.299711 
-0.060353 0.652216 0.391941 -0.361703 0.001903 0.082936 0.254629 -0.102703 -0.030560 0.255015 -0.111591 -0.051102 0.509257 0.469547 -0.030588 0.762659 -0.313414 0.433656 0.219870 -0.004981 -0.144703 0.191870 0.403190 0.260207 -0.080213 0.155804 0.307762 0.111534 -0.353321 -0.121855 -0.129410 -0.152570 -0.315513 -0.057749 -0.075830 -0.368899 
0.124786 0.550599 0.408449 -0.271543 -0.063930 0.106145 0.232632 -0.120244 0.094475 0.098437 -0.197796 0.065233 0.357949 0.376006 -0.105007 0.742238 -0.016298 0.217305 0.411601 -0.179883 -0.036271 0.235806 0.489489 0.126794 -0.094861 0.070723 0.256196 0.140176 -0.400391 -0.104127 0.125674 -0.053405 -0.263285 -0.104062 0.096999 -0.079659 
-0.145310 0.544395 0.194347 -0.119919 -0.260541 -0.030029 0.226572 0.064886 0.037235 0.069629 -0.132557 -0.253557 0.592440 0.478244 0.119030 0.512253 -0.055714 0.275063 0.255911 -0.193103 -0.137001 0.373892 0.027190 -0.077191 0.043425 0.140412 0.206461 0.366618 -0.316150 -0.243100 0.061595 -0.115006 -0.203754 -0.071251 0.197631 -0.151279 
0.018897 0.315139 0.069121 -0.244870 -0.163739 -0.088024 0.123330 0.046292 0.071692 -0.095849 -0.234988 0.108190 0.335786 0.253883 0.089196 0.556674 -0.117032 0.265922 0.284407 -0.183383 -0.187444 0.248081 0.069710 0.001182 -0.043207 0.003978 0.120444 0.328727 -0.035135 -0.123857 0.057189 -0.342953 -0.006734 0.167733 0.435908 -0.169814 
0.028467 0.147873 0.276454 0.032990 -0.186824 0.209635 0.070518 -0.092532 -0.152195 -0.076342 -0.172906 -0.129198 0.226923 0.028381 0.241582 0.513166 -0.462659 0.023845 0.261544 0.023350 -0.000239 0.044477 0.042108 -0.133183 0.151421 0.060106 0.112357 0.188578 0.156754 -0.256629 -0.085381 -0.039530 -0.151585 -0.091433 0.277352 -0.309077 
0.121829 0.313940 0.094825 -0.288336 -0.141083 0.069241 -0.035528 -0.052540 -0.066829 0.008246 -0.055142 -0.009718 0.158968 0.125394 0.242942 0.183686 -0.166943 0.214365 0.416213 -0.116191 0.240327 0.196252 0.269303 -0.248408 0.262990 -0.090812 -0.042618 -0.022645 0.066528 -0.216521 -0.160623 -0.170228 -0.079923 -0.045614 0.339729 -0.305198 
0.054982 0.325252 0.015325 -0.164960 -0.227192 -0.002409 0.059190 -0.081061 -0.023802 0.097469 0.017678 0.036726 -0.070207 0.355135 0.209052 -0.013246 -0.291212 0.454957 0.346634 -0.139653 0.271571 -0.075108 0.067321 -0.355534 0.240011 0.068348 0.141763 -0.066206 0.093019 -0.150158 -0.101821 -0.104508 -0.045648 0.073363 0.116183 -0.287712 
0.064108 0.392233 0.092047 -0.258958 -0.037317 -0.280670 -0.180459 -0.228759 0.163526 0.144477 0.087897 -0.029675 0.123644 0.230933 -0.013689 0.194170 0.133585 0.344048 0.485721 -0.097236 0.296363 0.167888 -0.035626 -0.303778 0.138128 0.128804 0.257360 -0.021186 0.262021 -0.144804 -0.049487 0.035880 0.113240 -0.076155 0.238301 -0.362211 
-0.049222 0.355304 0.217747 -0.323820 -0.313575 -0.150598 -0.115761 -0.326967 0.041310 0.150164 0.069388 -0.168481 -0.068460 0.188420 -0.058652 0.048330 0.016776 0.225677 0.509372 -0.203029 0.354551 -0.083747 0.124516 -0.306408 0.259374 -0.024273 0.157240 -0.014646 0.463548 -0.140382 0.000395 -0.179740 -0.116865 0.138817 0.096787 -0.183619 
0.096525 0.197488 -0.101919 -0.300293 -0.269809 -0.223001 -0.070139 -0.229125 -0.055738 0.085795 0.080408 0.206301 -0.047601 0.139098 0.035213 -0.050302 -0.028746 0.129395 0.409680 0.074001 0.087024 -0.036341 -0.226583 -0.270436 0.069743 0.230418 0.024165 -0.061167 0.397847 0.041206 -0.124528 0.205997 -0.062914 0.174039 0.314528 -0.423786 
-0.146863 0.305389 -0.056020 -0.350202 -0.359646 -0.361897 -0.132562 -0.173602 -0.232716 -0.121150 0.213901 0.278395 -0.150681 0.143013 0.245004 0.088999 0.192887 0.277999 0.228509 -0.111284 0.169037 -0.143025 -0.033461 -0.345150 0.259948 -0.242641 0.004090 0.120636 0.170400 0.036696 0.140556 0.198520 -0.083778 0.091747 0.302445 -0.351100 
0.036803 0.281904 -0.074402 -0.059727 -0.090904 -0.256109 0.093614 -0.066799 -0.073174 0.041276 -0.211321 0.250151 0.175857 -0.081314 0.148641 0.030876 0.126393 0.118611 0.458244 -0.161978 0.072038 -0.107494 0.033002 -0.179048 0.118326 -0.047877 0.026901 -0.116648 0.262904 0.229679 0.034916 -0.112844 0.116178 0.191595 0.039824 -0.251100 
0.049681 0.315362 0.157822 -0.203914 -0.112085 -0.526230 -0.140146 -0.007429 -0.232482 0.134315 -0.029932 0.268842 -0.038673 0.089811 -0.101607 0.159506 -0.055224 0.083167 0.263528 -0.011502 0.266520 -0.157325 0.089829 -0.172884 0.137587 -0.075698 -0.152520 0.203245 0.033143 0.176266 -0.026676 0.065463 -0.095599 0.149021 0.210731 -0.084574 
0.140930 0.223056 0.006682 -0.130813 -0.035594 -0.306268 -0.004093 -0.081502 -0.131238 0.343614 -0.220755 0.205752 -0.053329 0.174737 -0.061752 -0.055832 -0.032507 0.011519 0.202709 -0.193224 0.326533 -0.234705 0.237984 -0.170931 0.010870 0.084818 -0.152031 0.107068 0.148170 -0.065741 0.065214 -0.185670 -0.100017 0.042108 0.281862 0.059465 
0.183151 -0.066736 -0.009682 0.114914 -0.170787 -0.302260 0.089406 0.081058 -0.258791 0.097893 -0.006481 0.334147 -0.059462 0.354355 0.031505 0.081283 0.011792 0.061356 0.237347 -0.027062 0.126299 -0.185387 0.075461 -0.073640 -0.022135 0.034989 -0.098486 -0.011166 0.412400 0.051734 -0.212640 -0.067924 -0.115673 -0.066723 0.057323 -0.089208 
0.050899 0.090455 0.105963 -0.088047 -0.105181 -0.354729 0.151081 0.013721 -0.186635 0.377754 0.004655 0.535000 0.041597 0.128359 -0.066617 -0.070006 0.001360 -0.130489 0.196413 0.086987 0.234388 -0.044938 0.294089 0.214624 -0.053856 -0.055476 -0.149227 -0.006536 0.276761 0.034585 -0.081378 -0.061586 0.002685 0.168279 0.042055 0.079958 
0.010578 -0.099784 0.031421 0.073490 0.058149 -0.285304 0.121181 0.039539 0.043035 0.237003 0.064138 0.312310 -0.051808 0.303267 0.214826 0.020898 0.038043 -0.045287 0.289186 0.076782 0.184217 -0.062269 0.156027 0.005343 0.122827 -0.200376 -0.126858 -0.135144 0.349169 -0.038577 0.120955 -0.096395 -0.059226 0.085897 -0.001641 -0.039899 
0.069468 -0.048621 -0.008672 -0.280253 0.151131 -0.146732 0.065918 0.102548 0.133616 0.262875 -0.050544 0.613413 -0.109127 0.082293 0.406998 -0.157284 -0.077583 -0.169182 0.021281 0.036893 0.106683 -0.167875 0.235969 -0.009663 0.266511 -0.126983 -0.112840 -0.047176 0.304974 0.046257 0.091101 -0.175062 -0.148795 0.208482 0.008785 0.063260 
0.058280 0.251262 0.020530 0.098025 0.090573 -0.100942 -0.047208 0.129920 -0.026610 0.126916 0.209661 0.403890 -0.136420 0.198279 0.076809 0.044799 -0.027452 -0.197906 0.163783 -0.098171 0.059049 0.127774 -0.038180 0.181875 0.289234 -0.116625 -0.003267 -0.113800 0.254797 0.111156 0.057583 0.078728 0.089397 0.130331 0.190291 0.017015 
-0.002468 0.066219 -0.063377 0.055640 0.255630 -0.066080 0.035570 0.276318 0.101394 0.084790 0.067513 0.396940 -0.220316 0.085032 0.126238 -0.063803 -0.040464 -0.087194 0.096895 -0.170926 -0.083428 -0.146647 0.002058 -0.130753 0.273428 0.100971 -0.041280 -0.018532 0.198661 -0.039821 -0.100613 -0.040611 -0.122723 0.111004 -0.059727 -0.102590 
0.096997 -0.073612 -0.026253 0.075243 0.303291 -0.199775 -0.205002 0.215877 0.065442 0.102884 0.010430 0.263905 -0.253669 0.033302 0.070175 -0.081124 0.109105 -0.181708 0.185433 0.125577 0.003058 -0.069233 0.148288 -0.034437 0.348317 0.151337 0.225164 0.019597 0.216077 0.130478 0.049334 -0.060178 0.008217 0.176258 0.259466 -0.101855 
-0.111557 -0.260143 0.107454 -0.025090 0.105613 -0.168529 0.107479 -0.123450 -0.057244 0.134215 0.072208 0.544354 -0.135638 -0.183494 0.217874 -0.081045 -0.151366 0.025213 -0.033640 -0.116834 0.106859 -0.097770 -0.105984 0.119271 0.084321 0.190768 -0.042764 -0.011037 0.294347 0.071073 0.090703 -0.053357 -0.076159 0.106765 0.203946 0.037736 
0.013701 -0.158540 0.089253 0.122268 0.092858 -0.125550 0.163201 -0.024614 0.046299 0.184699 -0.025366 0.485617 -0.167142 -0.087483 0.164575 -0.083499 -0.069940 -0.329865 0.039044 0.088318 0.078957 -0.148154 0.133316 0.203966 0.325471 0.097327 -0.075435 -0.135337 0.225531 0.072455 0.087842 -0.013533 0.046005 0.098484 -0.007864 -0.015836 
-0.148955 -0.397816 0.166490 0.254134 0.189488 0.092290 0.093341 0.134535 -0.163381 0.135256 0.010685 0.238942 -0.091758 -0.107832 0.129751 -0.175652 -0.145552 -0.168093 0.137513 0.022457 0.103081 -0.085554 0.119226 0.105178 0.268275 0.061866 -0.133653 -0.155285 0.321348 0.182188 -0.125434 -0.061535 0.030737 0.202700 -0.114622 0.169266 
-0.241962 -0.357932 0.068531 0.234880 -0.056133 -0.016651 -0.092173 0.080526 0.006468 -0.000205 -0.060920 0.231057 -0.453285 -0.081085 -0.271440 -0.095462 -0.185964 -0.328332 0.081687 0.107214 0.345561 -0.250775 0.176538 0.105048 0.049070 -0.059969 -0.147560 0.098552 0.187526 -0.060891 0.172283 -0.174706 -0.005590 -0.046289 0.084512 0.249177 
-0.015895 -0.050850 -0.011022 0.077559 0.239263 -0.055729 -0.226196 0.315840 -0.059094 0.115294 -0.025770 0.217625 -0.255952 -0.280020 -0.128495 -0.122169 -0.067791 -0.305198 0.145359 -0.043611 0.173972 -0.012323 0.221553 0.274933 0.021593 0.057034 -0.183037 -0.224012 0.205601 -0.030131 -0.089442 -0.149274 -0.022986 -0.003709 0.166824 0.423711 
-0.037431 -0.326833 0.113908 0.093360 0.156950 0.215377 -0.062900 0.146507 0.105581 -0.123240 -0.064540 0.416342 -0.193165 -0.212703 -0.361961 -0.161814 0.062987 -0.270624 0.150758 0.052291 0.289557 -0.140292 -0.041382 0.330939 0.417287 -0.289728 -0.075796 -0.185452 0.292347 -0.065910 -0.002790 -0.117584 -0.130940 -0.106490 0.037743 0.333389 
-0.027268 -0.405019 0.063841 0.244101 0.016994 -0.007062 -0.046648 0.003429 0.168468 -0.200622 0.033234 0.204945 -0.099545 -0.325435 -0.115219 0.058835 0.154186 -0.207829 -0.178441 0.003617 0.433432 -0.019991 0.163818 0.328336 0.255611 0.076515 0.025951 0.079623 0.298807 -0.010853 -0.084592 -0.224937 -0.131671 -0.195104 0.111499 0.234407 
-0.299942 -0.320948 -0.022555 0.174972 0.215093 0.084657 -0.162875 0.003327 0.105883 -0.208989 0.087160 0.192926 -0.201386 -0.089265 -0.064156 -0.064876 -0.134888 -0.144028 -0.072841 0.175666 0.304383 -0.008225 -0.185614 0.217640 0.099100 -0.034205 -0.125446 0.071557 0.052497 0.057313 0.087434 -0.226634 -0.109555 -0.255317 0.019170 0.068331 
-0.240582 -0.259051 -0.038099 0.247407 0.207506 0.148506 -0.176477 0.024761 0.092245 -0.106891 0.167930 0.400218 -0.181020 -0.088949 0.197192 0.192953 -0.190430 -0.033700 -0.325137 -0.047982 0.190265 0.016572 -0.037906 0.312835 0.220743 0.059938 -0.044278 0.022825 0.031990 0.101219 0.025705 -0.180965 0.035429 -0.018401 -0.112269 0.069100 
-0.063259 -0.381547 -0.103496 0.270565 0.249745 0.183518 -0.138184 0.161220 0.116589 0.016341 0.125172 0.198469 -0.221417 -0.185165 0.096304 0.091932 -0.374695 0.101101 -0.281145 0.028672 0.291084 -0.068464 -0.077346 0.205002 0.079076 -0.265190 -0.138260 0.035088 0.105389 0.027916 0.222427 -0.165576 -0.138295 -0.138136 -0.150428 0.182995 
-0.063324 -0.195212 -0.019624 0.213875 -0.049431 0.102607 -0.237863 0.162492 0.037204 -0.149007 0.124428 0.109139 -0.001271 -0.216778 -0.001453 0.039943 0.073408 0.282736 -0.316190 0.093963 0.151947 -0.152496 -0.030790 0.285110 0.124130 -0.011383 -0.253137 -0.277479 0.155618 -0.130141 -0.038666 -0.150957 0.052817 -0.080624 0.101474 0.035525 
0.151643 -0.346050 -0.135128 0.381399 0.035714 0.448587 -0.343711 0.116879 0.169000 -0.244882 0.098317 -0.173636 -0.152753 -0.173860 -0.393640 0.255845 -0.228502 0.054375 -0.474528 0.179126 0.204876 0.014448 -0.038884 0.160131 0.074725 -0.019627 -0.138135 -0.247122 0.347473 0.078974 -0.136347 -0.181223 -0.057869 -0.043256 -0.009669 0.005968 
-0.041965 -0.054855 0.111271 0.372094 0.309576 0.375800 -0.226420 0.208620 -0.087544 -0.009480 0.076136 0.203793 0.013222 0.132442 -0.242836 0.283152 0.033225 0.096929 -0.411408 0.198521 0.036840 0.058982 0.292398 0.201573 0.066565 -0.182087 -0.022039 -0.124708 0.338404 -0.181910 -0.035036 -0.194900 0.033434 -0.097931 -0.018603 0.088169 
-0.048968 -0.231267 -0.015250 0.526540 0.086002 0.425953 -0.134175 0.227433 -0.037627 -0.153272 0.217115 0.198085 -0.242699 0.108603 -0.104151 0.116459 -0.127124 0.000389 -0.497151 -0.018184 0.135572 0.022958 0.177488 0.248268 0.020675 -0.076474 0.005291 -0.184238 -0.009217 -0.157858 -0.001502 -0.228148 -0.161756 -0.184222 -0.142993 0.266643 
-0.155934 -0.024325 0.064181 0.295222 0.127479 0.236900 -0.011900 0.107484 0.206177 -0.001582 0.231445 0.251983 -0.114915 -0.060695 -0.269186 0.311608 0.046407 -0.031362 -0.556906 0.282669 0.221687 0.140595 0.024754 -0.063388 -0.011200 -0.212570 0.085167 -0.171341 -0.053250 0.220579 0.170319 0.110275 -0.042233 -0.215547 -0.063302 0.202374 
0.003625 0.089093 -0.003407 0.034857 0.149425 0.113381 -0.144300 0.130992 0.313547 0.131253 0.257804 0.213729 -0.246981 0.166578 -0.151813 0.101575 0.044602 0.091548 -0.725037 0.271176 -0.008235 -0.031655 0.270623 0.080941 -0.127285 -0.209887 0.073061 -0.085529 -0.294732 -0.058488 0.130896 0.008835 -0.087804 -0.285871 -0.201058 0.317276 
0.082239 0.000650 -0.024879 0.039435 -0.006063 0.175718 0.029978 0.022678 0.486299 -0.183896 0.091115 0.079515 -0.123643 0.116923 -0.159213 0.251830 -0.042517 -0.148032 -0.558150 0.091701 -0.113878 0.016742 0.400730 0.108549 -0.046728 -0.049399 -0.143942 -0.072125 -0.165129 -0.031873 -0.027292 -0.165346 -0.039941 -0.250887 -0.208560 0.339486 
-0.138066 0.089646 -0.072281 0.001096 -0.127953 0.122107 -0.077814 -0.050568 0.279458 -0.048978 0.264306 0.302629 -0.062432 0.055241 -0.182219 0.309766 -0.020415 0.065882 -0.399887 0.100650 -0.209136 0.073906 0.253206 -0.084132 -0.100766 -0.073065 -0.069092 0.032820 0.011776 0.113763 -0.136715 -0.160771 -0.008483 -0.145530 -0.088953 0.287270 
0.044590 0.056622 -0.023931 0.138370 -0.095701 0.247884 0.050187 -0.063493 0.635663 -0.258762 0.147149 0.093853 -0.095913 0.090085 -0.174992 0.023126 -0.157608 0.122514 -0.331027 0.057708 -0.334788 -0.180445 0.107210 0.012941 -0.121074 -0.181052 -0.046126 0.046289 0.018215 0.009542 0.056725 -0.048872 0.172874 -0.126629 -0.139785 0.175084 
0.152022 -0.128936 0.112682 -0.050105 -0.154609 0.085187 0.164702 -0.302667 0.664776 -0.206649 0.251592 0.158959 -0.112829 -0.099238 -0.140405 0.162679 0.066486 -0.082615 -0.382213 0.036980 -0.196641 0.129514 0.118933 0.010330 0.001282 -0.131171 0.066446 -0.046976 -0.359282 0.049178 0.225839 -0.112868 0.028808 0.103440 -0.122665 0.160121 
0.075534 0.046934 0.051787 -0.011964 0.060180 0.052589 -0.155784 -0.159881 0.421755 -0.337825 0.143110 -0.213666 -0.052221 -0.116689 -0.005208 0.156900 0.142101 0.034472 -0.345349 -0.106684 -0.133358 0.182437 0.019332 -0.175174 -0.230941 -0.064461 -0.169338 -0.070510 -0.424494 0.031263 0.064230 0.070184 -0.007179 0.043796 -0.211317 -0.017640 
0.045586 -0.016748 0.135880 -0.071990 -0.000741 0.008364 -0.036418 -0.039090 0.141593 -0.145835 0.412968 -0.099769 0.077710 -0.039430 0.094327 0.176600 0.045410 0.136682 -0.265847 0.072749 -0.194395 0.006727 -0.076871 -0.040839 -0.064369 -0.399332 -0.050074 0.065941 -0.413334 0.031984 0.012630 -0.018205 -0.117147 -0.266468 -0.278428 -0.009757 
0.167838 -0.188768 0.195789 -0.200932 -0.123240 0.169715 -0.240367 0.045823 0.333268 0.066316 0.274329 -0.214471 0.099768 -0.242993 0.050199 -0.007601 -0.012648 0.059661 -0.226878 0.192183 -0.244825 0.349080 0.060624 -0.350945 0.107493 -0.126722 0.062929 -0.164543 -0.158605 -0.026060 0.029634 -0.102084 -0.119903 -0.006972 -0.285154 -0.146633 
-0.093284 0.015357 -0.077869 -0.248516 0.081364 -0.004572 -0.331333 -0.057790 0.443088 0.009161 0.198861 -0.170479 0.042603 -0.162475 -0.028347 0.060112 -0.128639 0.018556 -0.143280 0.022716 -0.102335 0.164105 0.111715 -0.161100 -0.151497 -0.155948 -0.093385 -0.247694 -0.186753 -0.148198 -0.136941 -0.061113 -0.105539 0.046981 0.112104 -0.302060 
0.032369 0.027608 -0.095536 -0.166199 0.109950 -0.214960 -0.308215 -0.096219 0.397042 -0.019592 0.118602 -0.468589 0.073052 -0.123116 0.198949 -0.162742 -0.033535 0.059654 -0.083822 0.063941 -0.327335 0.178758 -0.039531 -0.178232 -0.069206 -0.133644 0.005572 -0.275033 -0.161089 0.290900 -0.185870 0.080261 0.055974 -0.033523 0.077161 -0.150866 
-0.027849 -0.021873 0.281043 -0.116081 0.028600 -0.209673 -0.384446 0.143083 0.395559 0.024893 -0.264408 -0.667152 -0.054395 -0.129521 0.094303 -0.550885 0.001378 -0.085180 -0.018953 -0.063932 -0.319218 0.255751 -0.146136 0.004887 -0.330936 -0.196636 -0.115795 -0.082516 0.004193 0.131077 -0.140658 -0.168262 0.151815 -0.161035 -0.098630 -0.296010 
-0.151564 0.146295 0.226906 -0.459779 0.041871 -0.315161 -0.215030 -0.021957 0.532310 0.003359 -0.514707 -0.912435 -0.246451 0.009593 0.238866 -0.754172 -0.036160 -0.191795 0.117464 0.064132 -0.346754 0.472236 0.034493 -0.319145 -0.219219 -0.156651 -0.148534 -0.185738 -0.196470 0.158786 -0.094690 0.175890 0.255386 0.060896 -0.172572 -0.545869 
0.071328 0.338644 0.381479 -0.597229 0.312826 -0.424966 -0.319268 -0.240286 0.217775 -0.015439 -0.629065 -1.056055 -0.087056 0.074262 0.627354 -0.732047 0.159987 -0.344109 0.304691 0.074766 -0.348653 0.837342 0.130362 -0.446225 -0.313139 -0.060374 -0.038632 -0.041039 -0.428206 0.145880 -0.054855 0.251036 0.271091 0.041269 0.052598 -0.536955 
0.027854 0.668124 0.389207 -0.619734 0.082339 -0.438243 -0.440200 -0.362580 -0.063646 0.202437 -0.647868 -1.355840 -0.179033 0.267204 0.415087 -1.156687 0.022321 -0.493947 0.203884 -0.104654 -0.363761 0.742853 0.020229 -0.344781 -0.414882 0.229440 -0.079966 0.030546 -0.417973 0.159382 0.144505 0.393028 0.133419 0.081164 -0.109722 -0.687264 
