0.185504 0.198246 0.261643 -0.360244 0.304509 -1.330888 -1.374288 0.281621 0.223376 0.357580 0.126140 -0.063282 -0.201963 -1.161241 0.238196 0.267030 
0.199306 -0.607231 0.144011 -0.055518 -0.562118 0.211254 -0.333238 0.167902 0.261597 0.034896 0.010051 -0.533634 0.081449 0.343730 0.668679 -0.180878 
-0.185986 -0.251385 0.111275 -0.228185 0.897549 0.031572 0.050128 0.125459 0.217607 0.267258 -0.106303 -0.113547 -0.815631 -0.212056 0.488318 0.080703 
-0.400892 0.082257 0.076276 0.594992 -0.298924 0.186510 0.036717 0.075753 -0.815590 -0.445945 -0.446226 -0.510214 -0.070171 0.026679 -0.842815 0.340834 
0.266507 0.334451 0.249235 -0.398108 0.712538 -0.097799 -0.303179 -0.086111 -0.406487 0.300949 0.537366 -0.222066 -0.330286 0.310881 0.403901 0.247602 
0.184485 0.254413 -0.331564 0.165584 0.103307 0.347870 -0.772340 -0.018419 0.215528 0.037294 -0.392901 -0.245005 -0.773643 -0.149839 -1.081023 -0.054092 
-0.248661 -0.006434 0.017374 -0.011385 0.597358 -0.224424 -0.072859 -0.336872 -0.452588 -0.242803 -1.075511 0.261836 0.443875 0.000196 0.295609 0.111904 
0.138727 0.234033 0.202052 -0.308471 -0.251334 0.337579 0.290391 -0.524458 0.340501 0.174398 0.220197 -0.300520 0.201843 -0.029594 -0.920887 -0.557796 
0.115577 -0.319598 0.146233 -0.492877 -0.996836 0.122242 0.050577 0.015009 -0.141903 0.037023 -0.658879 -0.758294 0.079035 0.095841 -0.711778 -1.774330 
0.075147 -0.699064 0.057304 0.456076 0.333601 0.122431 0.430761 0.138835 -0.431395 -0.255175 0.316979 -0.576774 -0.682880 0.136596 0.061366 -1.383245 
0.135672 0.257374 0.034746 -0.252032 0.050306 0.168835 -0.241615 0.162618 0.276697 0.167206 -1.884820 0.076459 0.285872 -0.136415 -0.666813 0.303227 
0.076017 -0.595251 0.089218 -0.572996 -0.187255 0.412218 0.088736 -0.325104 -1.744431 0.146184 -0.331808 -0.434330 -0.450043 0.047500 -0.060418 -0.127875 
0.196608 0.070569 -0.242875 0.121864 0.498640 0.215933 -0.319059 -0.234376 -1.049748 0.316768 -0.432937 -0.083715 0.168535 0.204410 -0.279632 0.275996 
-0.470271 0.238794 0.084798 0.346207 -0.189302 0.318967 0.203076 -0.438945 -0.176788 0.141967 0.598167 0.038831 0.320691 0.280770 -0.165174 -0.080698 
0.113637 0.152904 -0.281177 -1.599283 -1.407935 0.286309 0.404019 -0.055018 -0.076131 -0.024623 0.182739 0.579759 0.067181 0.348482 -0.014508 -0.189874 
-0.285249 -0.027711 -0.195816 -0.357659 0.936057 0.566380 0.144866 -0.271138 0.672776 0.154326 -0.686119 -0.679406 -0.136736 -0.407640 -0.719724 0.320063 
-0.469763 -0.006200 0.232056 -0.715531 -0.161843 -0.021889 -0.068017 0.243814 -0.431324 0.293790 -0.132542 -0.217799 -0.328492 0.275982 0.361879 -0.362695 
-0.013651 0.045095 -0.344197 0.282329 0.203217 -0.019552 0.160450 -0.268715 0.252830 0.543249 0.214725 0.218093 -0.016925 -0.355882 0.095348 -0.697342 
0.117961 0.149916 0.112973 0.655987 -0.542469 0.590401 0.227071 0.183612 -0.631186 -0.119460 0.297551 -0.530248 -1.143524 0.499806 -0.011706 -0.225035 
0.247963 0.175297 0.125583 -0.281695 0.299273 0.102218 0.338184 0.234445 0.113432 -0.401144 0.079479 0.120816 -1.905303 0.190565 0.119577 0.394146 
0.048330 0.282680 0.114531 -1.032611 -1.434824 0.273107 0.392880 0.062856 -0.950738 -0.580976 0.288796 0.250140 -1.167066 0.084656 -0.261584 -0.649896 
-0.069600 -0.112534 0.222256 0.163042 0.038075 0.165709 -0.356089 0.004784 -0.139512 0.470315 0.092666 0.046613 -0.985939 0.231325 -0.036963 -0.521692 
-0.600654 0.073748 0.147653 0.031349 0.235887 -0.143991 -0.149625 -0.308724 -0.884563 -0.215231 0.285539 -1.550821 0.295411 0.233983 0.107952 -1.667511 
-0.122458 -0.276673 0.141142 0.552521 0.618668 0.127398 -0.044207 -0.087570 0.517263 -0.281825 -0.153425 0.033210 -0.328253 0.135658 0.076782 0.114287 
0.260676 0.208304 0.138292 -0.551229 -0.818279 -0.075930 -1.473016 0.105456 0.226068 -0.617261 -0.217062 -0.062299 0.308587 0.063460 0.126318 0.105108 
0.106159 0.032483 -0.000765 0.244930 -0.353710 0.005735 0.319323 -0.044296 -0.135851 0.114088 -0.394734 0.124482 0.130559 -0.452033 -1.502896 -0.181130 
0.034020 -0.291593 0.030188 0.550306 -0.382702 -0.731594 0.010762 0.008778 0.219176 0.093395 -0.119412 -0.445315 -0.750916 0.248999 0.213671 -0.273088 
0.298054 0.245202 0.136618 -0.259544 -0.263040 -0.284514 0.183905 0.021037 0.004604 0.018234 -0.316973 -0.695646 -0.254059 -0.402280 -0.848956 0.343975 
0.152026 -0.410246 -0.042878 0.111032 -0.325344 0.080652 -0.066378 -0.198731 -0.342426 -0.767729 0.271076 -0.488996 -0.080774 -0.007997 -0.664775 -0.406768 
0.170577 0.121219 -0.181262 -0.064199 0.225744 -1.228658 -1.013863 0.290200 0.309639 -0.113241 -0.469755 0.455915 0.223898 -0.219182 -0.290516 -0.492534 
0.152357 0.135856 0.105231 -0.473864 0.029828 -4.258576 -1.401119 0.156335 -0.046612 0.013937 0.083485 0.349533 0.351899 -1.490232 -0.215516 0.233020 
-0.201455 -0.092896 0.103493 0.053359 -0.412405 -0.102859 -0.799269 0.028981 -1.700699 0.123029 -1.336833 0.093486 0.036088 -0.112725 -0.016083 -0.178107 
-0.095202 0.059493 0.141214 -0.179959 0.476272 -1.799262 -0.686666 0.129874 0.519854 0.651841 0.354618 -0.105503 0.282720 -0.059938 -0.417286 -0.148270 
0.112185 0.078789 -0.440908 0.382122 -0.577730 -0.430233 0.215126 0.200535 -0.461451 -0.053434 -0.361606 0.183535 0.278435 -0.742652 -0.612790 0.196352 
0.374696 -0.232935 0.315813 0.375532 0.073299 -0.026730 0.287623 0.338473 -0.179613 -0.677745 0.465301 -0.390113 -0.202480 0.366360 0.227314 -0.050802 
-0.195770 0.192480 0.016897 0.528274 -1.188837 0.190444 0.060937 -0.136594 -1.198544 0.001549 0.233925 0.171089 -0.742136 0.108168 -0.321116 -0.866442 
