-0.151800 -0.508159 0.140679 0.302505 0.230833 -0.762959 -0.165324 0.289184 0.205992 0.347392 -0.429621 0.880822 1.216688 -0.210474 0.271505 -0.264716 0.291958 -0.073856 0.454656 0.067273 -0.161947 0.058444 0.597972 0.063507 -0.085337 0.315458 0.040740 0.226200 0.036873 -0.493098 -0.203985 0.239427 0.058500 -1.727856 0.397422 0.109948 0.535860 -0.141124 
-0.109465 -0.265610 0.112763 0.142073 0.170326 -0.822852 0.020431 0.228006 0.126634 0.434324 -0.487766 0.882330 0.610289 0.065967 0.354145 -0.225803 0.151008 -0.106264 0.585551 -0.222009 -0.263407 0.071033 0.439382 -0.001894 0.019171 0.243435 0.119549 0.093428 0.202535 -0.457176 -0.240200 0.163154 0.233172 -1.385332 0.313231 -0.310251 0.521958 -0.221258 
-0.107004 -0.463241 -0.001270 0.272036 0.240323 -0.585059 -0.164510 0.235343 -0.200739 0.034373 -0.470875 0.679127 0.234172 0.095271 0.432094 -0.177123 -0.108004 -0.177488 0.586030 -0.162800 -0.017107 -0.041528 0.335509 0.010460 -0.044597 0.341743 0.361362 0.058287 0.212586 -0.427164 -0.093817 -0.045712 0.068474 -1.388825 0.315467 -0.107248 0.525933 -0.173909 
-0.318145 -0.613594 0.107913 -0.063390 0.319859 -0.511073 0.035722 0.337325 -0.008253 0.103060 -0.618927 0.421969 0.393192 -0.215919 0.470021 -0.078517 -0.070134 -0.000545 0.125483 -0.111623 -0.126498 0.025686 0.220890 -0.003698 -0.169169 0.165278 0.163793 0.067800 0.070984 -0.230337 0.056533 -0.179948 -0.184381 -0.889380 0.288958 -0.067875 0.342651 -0.182320 
-0.114969 -0.524719 0.038173 -0.022391 0.336306 -0.373378 -0.079763 0.183572 -0.066654 -0.047947 -0.586347 0.182458 0.195765 0.168152 0.161650 -0.043405 -0.082784 0.041621 0.087192 -0.279557 -0.039666 -0.108866 0.307315 -0.196916 0.114981 0.137107 0.198251 -0.087302 0.051503 -0.322987 0.070761 -0.133997 -0.086118 -0.746143 0.054725 -0.136232 0.219317 -0.111951 
-0.292878 -0.519937 0.065464 -0.088891 0.390282 -0.239322 -0.022960 0.275403 0.087420 0.056064 -0.566381 0.152897 0.050444 -0.048219 0.036969 0.044058 -0.071513 0.006697 -0.038631 0.006968 -0.066915 0.326140 0.035077 0.006086 0.142886 -0.114272 0.013995 -0.028900 0.041658 -0.398724 0.079741 -0.041951 0.051767 -0.678200 0.106742 -0.040724 0.161598 -0.015482 
-0.013081 -0.479302 0.132076 -0.093295 0.148956 -0.158447 0.016277 0.108230 0.141097 -0.055063 -0.202754 0.293252 0.139948 -0.080425 -0.026978 0.182524 -0.009663 -0.003586 0.065449 0.063074 -0.122219 0.164712 -0.176282 -0.124903 0.107622 -0.058536 0.121351 -0.219192 0.094642 -0.258299 -0.304494 -0.106641 0.196231 -0.592834 0.133752 -0.027966 0.332292 0.087767 
-0.067574 -0.525544 0.178447 0.005319 0.107072 -0.202949 0.130707 0.133678 0.140170 -0.051153 -0.020088 -0.027306 -0.062893 -0.137556 0.026529 -0.010920 0.087196 -0.131365 0.005788 0.017754 -0.019871 0.305041 -0.259976 -0.030118 -0.104163 0.161476 0.158035 -0.108382 0.060556 -0.168052 -0.202272 -0.199694 0.100386 -0.576723 -0.087915 0.108679 0.301268 0.114361 
-0.107517 -0.564322 0.157108 0.040533 0.233096 0.127930 0.012646 0.066641 -0.077068 0.047931 -0.336254 -0.169862 -0.173937 -0.066497 0.247468 -0.030001 -0.013453 0.009189 -0.203025 0.026156 0.029495 0.163466 -0.034064 0.205046 0.060731 0.060275 0.232566 -0.046377 0.295052 -0.122891 -0.039319 0.020920 -0.007340 -0.525666 -0.223437 0.138855 0.072587 0.317028 
-0.164774 -0.567179 0.271178 0.081514 0.404306 -0.104349 0.102680 -0.135272 -0.142619 -0.119859 -0.072669 0.016255 -0.208491 -0.035450 0.121773 -0.286650 0.181821 -0.156633 -0.065530 0.043700 0.261442 0.048209 -0.158636 0.111108 0.103613 0.198693 -0.017492 -0.230336 0.173619 -0.042050 0.175579 -0.023354 -0.388359 -0.169084 -0.102722 0.409043 0.038465 0.413799 
0.054823 -0.519755 0.236989 0.122061 0.399868 -0.081988 -0.128747 -0.141143 -0.262238 -0.172731 -0.048400 -0.311606 -0.405692 -0.051166 0.209442 -0.011508 0.041939 0.288728 -0.028373 -0.115945 0.148839 -0.023428 0.045908 0.211845 0.165110 0.087712 -0.191434 -0.034882 -0.047515 -0.113378 0.009932 0.089585 -0.347290 -0.219409 -0.153930 0.283328 0.171517 0.144835 
0.143548 -0.502988 0.152386 0.092580 0.315978 0.144581 0.099998 0.047921 -0.145781 -0.126067 -0.065217 0.003534 -0.445783 0.325828 -0.122750 0.081129 -0.173034 0.000579 -0.136506 -0.003256 0.188617 -0.010110 0.138702 0.264715 0.128593 0.071822 -0.051111 -0.241533 0.209619 0.017664 -0.032457 -0.114201 -0.245405 -0.253338 -0.219077 -0.033047 -0.049380 0.185995 
0.148835 -0.338725 0.235296 -0.192144 0.189314 0.337313 0.007911 0.000265 -0.260471 -0.056595 -0.189751 -0.150139 -0.395877 0.268188 -0.089731 0.209218 0.269897 0.027500 -0.317914 0.024443 0.259391 0.218585 0.194018 -0.030867 -0.204293 -0.100747 -0.102246 0.001461 0.054416 0.192503 -0.102988 -0.010773 -0.218052 -0.241174 -0.118984 -0.152744 0.032660 0.065718 
0.099604 -0.436943 0.065456 -0.072985 0.059782 0.301061 -0.022695 -0.075781 -0.317528 -0.437516 0.001396 -0.062535 -0.330964 0.337518 -0.086017 -0.072062 -0.032834 0.087393 -0.075174 0.029741 -0.016906 0.243846 0.072129 0.026103 -0.068748 -0.262838 -0.062756 0.115773 0.048252 -0.008091 -0.096505 -0.263880 -0.182661 0.002127 -0.008972 -0.031369 0.170621 -0.020993 
0.044239 -0.250001 -0.222116 -0.142035 0.262469 0.373171 -0.074971 0.191044 -0.173914 -0.263988 0.173982 -0.146231 -0.350117 0.322303 -0.116527 -0.047864 -0.254354 0.134792 -0.212403 0.082316 -0.136481 0.262140 0.328572 -0.000740 -0.220716 0.022867 -0.391082 0.095096 0.101075 0.009532 0.046325 0.099165 -0.108816 -0.095304 -0.087226 -0.264593 0.000891 0.121920 
0.149094 -0.141238 -0.136038 -0.066480 -0.069882 0.275214 0.018507 0.110828 -0.189418 -0.203118 0.150478 -0.366440 -0.023809 0.067655 0.058769 0.012680 -0.383865 -0.101261 -0.230198 0.122981 0.117749 0.446179 0.150537 0.102241 0.061146 -0.039495 -0.258695 0.120043 -0.066049 0.127096 -0.033639 -0.059508 0.014506 0.008324 -0.204495 -0.226383 -0.064233 0.129573 
0.295231 0.128188 -0.322826 -0.067239 -0.000654 0.552268 0.075145 0.064030 -0.176820 -0.347497 0.083288 -0.312745 -0.238367 0.192583 -0.044214 0.117736 -0.215379 -0.050073 0.014706 -0.005925 0.107047 0.384543 0.069531 0.122665 0.137913 -0.003343 -0.313144 0.385215 -0.070055 -0.033513 0.097199 0.019164 0.186490 0.181487 -0.054725 -0.122698 0.097591 0.035693 
0.484652 0.062106 -0.393672 -0.230282 0.047230 0.465208 0.112397 -0.038953 -0.251750 -0.060748 0.287150 -0.431703 0.031060 0.273566 0.011236 0.079003 -0.236958 0.134641 -0.053875 0.108368 0.024413 0.239200 0.056550 0.099142 0.048945 0.008152 -0.278085 0.372364 -0.176799 0.000642 0.043242 -0.144834 0.078064 0.300062 -0.151595 -0.222123 0.110627 0.060963 
0.186346 0.277728 -0.311988 -0.326063 0.018413 0.160676 -0.101390 -0.245319 -0.321993 -0.112720 0.078412 -0.293718 0.161759 0.142310 -0.033525 -0.105697 -0.194837 0.181769 -0.230421 -0.057294 0.021503 -0.010337 0.188937 0.357194 0.102016 -0.025459 -0.245745 0.269529 -0.071863 0.020039 0.024274 0.021626 0.058125 0.109122 -0.097730 -0.149046 0.002669 0.135235 
0.311810 0.380581 -0.138243 -0.054428 -0.018484 0.238178 0.017484 -0.201417 -0.439953 -0.336016 0.202870 -0.178226 0.227323 0.012240 0.310925 -0.037966 -0.272249 0.127273 -0.390996 -0.015020 -0.046083 0.089383 0.147558 0.176564 -0.060493 0.072056 -0.300978 -0.075949 -0.241885 0.238802 0.172222 -0.302941 0.124482 0.356078 0.007470 -0.034059 -0.131036 0.142054 
0.673451 0.158529 0.033653 -0.122418 -0.171869 0.084800 0.006924 -0.441136 -0.687940 -0.245794 0.016637 -0.423718 0.114287 0.072494 0.068200 0.137421 -0.150864 0.125157 -0.247967 0.066666 -0.074413 -0.197016 0.495189 0.138493 -0.277122 -0.054105 -0.382648 0.018474 -0.022015 0.049225 -0.035606 -0.272489 -0.003106 0.252875 0.147043 -0.056457 -0.197941 -0.032988 
0.596293 0.316169 -0.054864 -0.020375 0.039183 0.039201 -0.135490 -0.266316 -0.499852 -0.084148 0.347954 -0.482140 0.401971 0.086931 0.075529 0.074194 -0.101788 0.044921 -0.443972 -0.113070 0.124012 -0.439803 0.239155 0.161136 -0.260142 -0.161083 -0.407797 -0.228883 -0.195019 0.145609 0.124124 -0.284158 -0.067794 0.194900 0.352967 -0.225763 -0.183496 -0.253097 
0.667770 0.330269 -0.166233 -0.058430 -0.033477 0.084061 0.020368 -0.399775 -0.467444 -0.384591 0.477320 -0.370054 0.276741 0.036540 0.087760 0.107255 -0.144872 0.336288 -0.263232 0.140925 0.295635 -0.048905 0.150341 0.040297 -0.199947 -0.387006 -0.194632 -0.087231 -0.291184 0.208661 0.109527 -0.115650 -0.363610 0.236370 0.042361 -0.104223 -0.329070 -0.354067 
0.709966 0.500101 0.161367 -0.082590 0.057154 0.187705 0.069083 -0.412441 -0.628942 -0.491255 0.354919 -0.079577 0.181824 0.082154 0.158095 0.162784 -0.001330 0.282689 -0.463511 -0.163384 0.095256 -0.340940 -0.126242 0.117483 -0.115314 -0.430919 -0.019797 -0.142012 -0.223451 0.002345 0.207014 -0.299335 -0.331772 0.318445 0.123067 -0.150176 -0.153642 0.049878 
0.527287 0.485628 0.169779 -0.118982 -0.051750 0.058789 0.211045 -0.483670 -0.691558 -0.356199 0.346696 -0.310079 0.180914 0.126221 0.292786 0.051616 -0.180322 0.597216 -0.495756 -0.188026 -0.168537 -0.199885 0.146461 0.271056 -0.298858 -0.214126 -0.076846 -0.131364 -0.293950 0.217996 0.009407 -0.275007 -0.306833 0.317365 -0.075026 -0.264239 -0.062430 0.161328 
0.286770 0.457708 0.227465 0.113217 -0.224387 0.232653 0.063847 -0.475159 -0.511441 -0.316619 0.277274 -0.071289 0.128556 -0.148255 0.253996 -0.023388 -0.178739 0.481262 -0.261901 -0.088092 -0.008855 -0.354243 0.320564 0.241459 -0.400393 -0.400979 0.002074 -0.076811 -0.145344 0.355835 0.073829 -0.297636 -0.260841 0.233983 0.106343 -0.246910 0.047103 0.017212 
0.513355 0.706238 0.300464 0.070175 0.077901 -0.011669 0.226904 -0.165424 -0.420007 -0.434149 0.483652 -0.168427 -0.042045 -0.098695 0.019134 0.154299 -0.212297 0.411885 -0.150701 -0.129157 -0.200978 -0.248629 0.338538 -0.057528 -0.258600 -0.306878 0.034315 0.020117 -0.155930 0.051421 0.111316 -0.017474 -0.427512 0.452467 0.183558 -0.343463 -0.249502 0.000694 
0.453982 0.700516 -0.007353 0.165197 -0.052849 0.110387 0.015995 -0.239236 -0.632945 -0.134564 0.287595 -0.120071 0.135453 -0.105845 0.127408 0.116866 -0.057373 0.494425 -0.070769 0.009999 -0.142252 -0.219727 -0.024196 -0.082234 -0.071733 -0.066790 -0.052550 0.100069 -0.287750 0.334633 -0.086433 -0.039647 -0.323702 0.448851 -0.005748 -0.397783 -0.254443 0.058455 
0.331558 0.700226 -0.043837 0.231389 0.018458 0.139199 -0.069811 -0.333754 -0.647382 -0.549160 0.277795 0.071614 0.162703 0.000933 0.129351 -0.102913 -0.087808 0.504963 -0.279136 -0.093741 -0.249276 -0.247075 0.220082 0.159357 -0.130665 -0.144147 -0.131127 -0.191934 -0.297730 0.043045 -0.002343 0.077382 -0.182311 0.477180 -0.092196 -0.327418 -0.253738 -0.128665 
0.272208 0.586180 -0.073426 0.166324 0.072830 -0.091026 -0.073191 -0.153249 -0.350319 -0.183364 0.301780 -0.004152 0.154253 -0.004441 -0.085506 0.080795 -0.008711 0.549910 -0.491845 -0.100549 -0.181287 -0.219454 -0.075366 0.045255 -0.125410 -0.234639 -0.254678 0.000021 -0.068730 0.173426 -0.207340 -0.010019 -0.105896 0.405560 -0.091550 -0.334043 -0.158386 -0.192147 
-0.006880 0.803165 0.268696 0.087658 0.175078 0.075329 0.106776 -0.069475 -0.559638 -0.412256 0.342516 0.024462 0.198220 0.121627 0.191299 0.010957 0.083097 0.632932 -0.206517 -0.068794 -0.185234 -0.264925 0.044612 0.210435 -0.173121 -0.000755 -0.195127 -0.013236 -0.260565 0.110385 -0.258139 -0.088094 -0.207162 0.527118 -0.027530 -0.347258 0.106747 -0.116741 
-0.080819 0.657014 0.057574 0.043971 0.053037 0.011678 0.082335 -0.321314 -0.402199 -0.238571 0.719242 -0.068606 0.094607 0.029753 0.288554 0.133827 -0.110920 0.437834 -0.145387 0.075149 -0.204366 -0.224717 -0.122773 -0.145523 0.031599 -0.238538 0.209496 -0.132528 -0.066167 0.192622 -0.167117 -0.294525 0.149881 0.183658 -0.047928 -0.209665 0.081391 -0.073748 
-0.058172 0.522554 0.075605 0.239642 0.065923 -0.113279 0.136525 -0.019897 -0.226968 -0.323292 0.480814 -0.041261 -0.164775 0.104601 0.128185 0.181099 -0.016320 0.232225 0.076713 0.113717 -0.171618 -0.086829 -0.091564 -0.071754 -0.164468 -0.160632 0.139215 0.175328 -0.108765 0.262971 0.074136 -0.201739 -0.039453 0.313133 -0.055693 -0.019890 -0.065807 -0.258697 
-0.213671 0.745583 -0.123095 0.179711 -0.108352 -0.248439 0.024330 0.099175 -0.307360 -0.050790 0.553445 -0.012454 -0.297705 0.261547 0.078766 0.242453 -0.198319 0.011153 -0.011597 0.129057 -0.084061 0.133594 0.077451 -0.220899 0.022054 -0.215853 -0.004882 -0.073235 -0.037806 0.091860 -0.110360 -0.075526 0.134462 0.416517 -0.038345 -0.033783 -0.222847 -0.169587 
-0.041502 0.677908 -0.132972 0.156440 -0.017001 -0.453024 -0.113353 -0.030660 -0.325526 -0.021379 0.412118 -0.303457 -0.341583 0.166914 -0.010372 0.175116 -0.253586 -0.015070 0.127674 0.156011 0.059990 0.193650 -0.134600 -0.132358 0.118740 -0.080040 -0.052440 -0.063491 -0.087577 0.093235 0.103966 -0.010574 0.048232 0.612258 0.031933 -0.029598 0.056598 -0.181605 
-0.221921 0.772479 -0.220669 0.110696 -0.005727 -0.367195 -0.213315 0.153313 -0.409479 0.268964 0.622191 -0.224047 -0.275600 0.029379 -0.074030 0.177257 -0.120853 0.115320 -0.153042 0.152818 0.170542 0.050785 -0.322624 -0.048860 0.055439 -0.042736 -0.167048 -0.289534 -0.249337 0.133986 0.016442 -0.042444 0.239805 0.562675 -0.018197 -0.106928 -0.165780 0.047174 
-0.151485 0.890265 0.022196 -0.231570 0.180393 -0.370350 -0.283869 0.166773 -0.417098 0.181126 0.534955 0.125040 -0.377234 0.016851 -0.276252 -0.147425 -0.221241 0.074769 0.059249 -0.092994 0.213726 0.302780 -0.337729 0.285247 0.158782 0.054040 -0.243514 -0.170537 -0.248723 0.109570 0.190762 0.350918 0.038205 0.345131 0.194502 0.054658 -0.288500 -0.028984 
-0.195040 0.760784 -0.214876 -0.127966 0.204825 -0.361861 0.036431 0.437121 0.065822 0.437680 0.507865 0.150326 -0.147520 -0.114421 -0.298346 -0.227436 -0.181385 0.161682 0.188602 -0.176527 0.445084 0.295278 -0.247097 0.103557 0.098147 0.151469 -0.220416 -0.180484 0.179161 0.199334 0.025462 0.281376 0.213692 0.409043 0.129394 -0.005339 -0.162665 0.017922 
-0.250260 0.369724 -0.043395 -0.341400 0.021294 -0.260404 -0.171347 0.490770 0.008882 0.456500 0.401515 0.215185 -0.135956 0.158304 -0.243702 0.075018 -0.171620 -0.124427 0.573306 -0.216329 0.176926 0.313194 -0.270669 -0.047748 0.299330 0.424633 -0.255993 -0.030493 0.017982 0.148598 -0.164529 0.621076 0.011018 0.226701 0.238149 -0.200734 -0.132130 -0.122108 
-0.225024 0.527602 -0.095395 -0.150534 0.326326 -0.363755 -0.015336 0.683577 -0.063054 0.501436 0.528348 0.178160 -0.348800 0.034861 -0.487015 -0.022717 -0.416080 -0.015773 0.730310 0.073741 0.201863 0.389275 -0.139562 -0.130062 0.304959 0.483425 -0.438879 -0.182508 0.023431 0.238012 0.245038 0.669134 0.119817 0.294949 0.156851 -0.057904 -0.076586 0.059160 
-0.266791 0.400205 -0.035077 -0.134279 0.446850 -0.389475 0.007656 0.475461 0.023606 0.340912 0.414812 0.201342 -0.260701 0.140460 -0.437679 0.244676 -0.298431 -0.014747 0.661242 0.043668 0.399761 0.281037 0.068409 -0.155473 0.127393 0.374049 -0.314596 -0.107379 0.030632 0.054293 0.097835 0.599312 0.114037 0.298960 0.216525 0.025234 -0.075566 0.065043 
-0.107932 0.266805 -0.084043 -0.192231 0.565521 -0.205387 -0.198685 0.452348 -0.167249 0.493933 0.506139 0.125920 -0.389299 -0.046300 -0.538594 0.168268 -0.083188 0.022998 0.377081 0.065523 0.744672 0.448623 -0.122469 -0.033812 0.111403 0.417273 -0.381422 -0.159430 -0.042743 0.296341 -0.107721 0.615827 -0.147970 0.147167 0.195798 -0.310852 -0.112945 0.095059 
-0.203181 0.035193 -0.055797 -0.273499 0.381761 -0.316364 0.077773 0.298426 -0.077358 0.627352 0.431514 0.204345 -0.253090 -0.127536 -0.380592 0.036438 0.121871 0.125072 0.239200 -0.220290 0.570204 0.377131 -0.284405 -0.001131 -0.063874 0.425750 -0.140221 -0.090473 0.065374 0.068391 0.135667 0.395350 0.193431 0.002108 0.066480 -0.295880 -0.215898 0.142369 
-0.129214 -0.018214 -0.228708 -0.427389 0.154122 -0.162850 -0.053740 0.034809 -0.024707 0.402770 0.389236 0.083552 -0.232032 -0.109618 -0.392700 -0.056540 -0.006363 0.202245 0.235985 -0.209650 0.744138 0.474790 -0.390879 0.023865 -0.249306 0.424356 -0.189889 0.134954 0.094360 0.112032 0.184271 0.489828 0.132214 -0.063023 0.248683 0.008934 0.006697 0.509874 
-0.029783 -0.157658 -0.311135 -0.148753 0.417340 0.095826 0.027276 0.058551 0.000622 0.650398 0.130186 0.069291 -0.210449 -0.387916 -0.206992 0.190673 0.022771 0.012161 0.231232 -0.153208 0.680880 0.191787 -0.301240 0.082069 -0.320567 0.179950 -0.103119 0.212018 0.080113 -0.205299 0.165165 0.300929 0.180666 0.087630 0.057174 -0.076481 -0.271102 0.387615 
0.137569 -0.149564 -0.257689 0.041019 0.228626 0.042607 0.150041 0.304377 0.051217 0.591622 0.118886 0.155874 -0.394098 -0.356285 -0.314019 0.265182 0.105559 0.136757 0.377313 0.226300 0.565004 0.112441 -0.438850 0.323200 0.109903 0.156175 -0.165527 0.227756 0.197926 0.005833 0.044423 0.317235 0.259893 0.433450 0.112397 -0.091512 -0.178080 0.305648 
0.037044 0.045470 -0.221703 -0.100485 0.237485 0.329531 0.101255 0.380408 0.315697 0.491223 0.062714 0.124118 -0.293647 -0.211005 -0.239025 0.205570 0.149145 0.053261 0.381827 0.303156 0.511579 0.325685 -0.241639 0.221944 0.218816 0.183865 0.025339 0.203186 -0.043022 -0.340707 -0.058679 0.316437 0.320132 0.252387 -0.077541 -0.083610 -0.342438 0.275557 
-0.166368 -0.110773 -0.271292 -0.127258 0.190873 0.279469 0.065151 0.580647 0.215187 0.551735 -0.137876 -0.048877 -0.303934 -0.284966 -0.134589 -0.025136 0.220911 0.216374 0.086227 -0.011254 0.627479 0.103923 -0.398953 0.211520 -0.002308 0.053093 0.170867 0.000574 -0.080127 -0.151859 0.048468 0.043714 0.460748 0.246672 0.059035 0.018994 -0.151895 0.197535 
-0.216582 -0.252670 -0.114095 -0.082869 -0.208903 0.360311 0.081066 0.277444 0.398092 0.548914 -0.321258 0.030000 -0.181212 -0.387735 0.087460 -0.025052 0.440205 0.192080 -0.350561 -0.132910 0.658903 0.170499 -0.634365 0.288683 0.090340 0.044947 0.106605 -0.143139 -0.005854 -0.216609 -0.137450 0.284764 0.383811 0.322938 -0.031508 0.072402 -0.078388 0.086178 
-0.141830 -0.198976 0.061374 -0.093788 -0.338281 0.166498 0.051407 0.226604 0.395913 0.440422 -0.151485 -0.155970 -0.054041 -0.158043 0.209493 -0.067491 0.406236 -0.093447 -0.401888 -0.124225 0.218776 -0.053676 -0.559914 -0.044856 0.108882 0.188082 0.289983 -0.073292 0.016065 -0.124339 -0.337153 0.281639 0.359242 0.331171 -0.049583 0.190567 -0.040420 0.118209 
-0.165188 -0.308747 0.153887 -0.031981 -0.334065 0.374465 0.020252 0.240133 0.563462 0.491185 -0.277225 0.010437 0.142291 -0.027633 -0.122539 -0.052142 0.587403 0.180824 -0.314318 -0.050669 0.009771 0.060251 -0.505863 -0.029310 0.059121 0.314546 0.270665 -0.048131 -0.130427 0.125396 -0.263505 0.377097 0.345636 0.531440 0.124045 0.307218 -0.099342 0.037792 
-0.110478 -0.262093 0.011640 -0.047175 -0.337710 0.341612 -0.067498 0.100855 0.296152 0.318371 -0.357074 -0.020798 0.071630 0.028195 0.137754 -0.101330 0.915939 -0.012719 -0.069977 0.026308 -0.137411 0.185928 -0.527895 -0.140227 0.019179 0.320566 0.379254 -0.195145 -0.064071 -0.211204 -0.383261 0.119946 0.330361 0.472664 -0.151619 0.359711 -0.031262 -0.104361 
0.030202 -0.397449 0.207053 0.138494 -0.438654 0.408942 -0.127567 0.028974 0.505370 0.014434 -0.404272 0.031279 0.309519 -0.074424 0.103939 -0.087154 0.867415 -0.094717 -0.091459 0.109696 -0.187530 0.262073 -0.697370 -0.260431 0.200195 0.273306 0.207119 -0.190754 0.041208 -0.262192 -0.292351 0.099686 0.377363 0.424402 -0.122650 0.343912 0.139307 0.014783 
0.095327 -0.230243 0.062941 0.094103 -0.724050 0.326070 0.040771 -0.075120 0.610909 -0.026533 -0.347614 -0.149813 -0.075943 -0.097628 0.408672 -0.020960 0.766517 -0.048862 -0.164304 0.141171 -0.378228 0.271787 -0.566131 0.044471 0.144798 0.399142 0.388069 -0.191601 -0.088525 -0.485896 -0.408701 0.238397 0.308860 0.353644 -0.071842 0.292759 -0.046845 0.238977 
0.039842 -0.157600 0.166481 0.033318 -0.550019 0.144395 0.029456 0.139557 0.702544 -0.102668 -0.112681 -0.109386 0.010472 -0.129352 0.390574 -0.092840 0.677133 0.052136 -0.344931 0.015122 -0.317014 0.067454 -0.720686 -0.065020 -0.102479 0.532915 0.221437 -0.120118 -0.052142 -0.324023 -0.264467 0.160356 0.571144 0.077742 -0.081372 0.387634 -0.188477 0.124965 
0.155977 -0.270978 0.161416 -0.017514 -0.617753 0.056149 0.230982 0.137108 0.870809 -0.033484 -0.061168 -0.004966 -0.235882 -0.148697 0.310648 -0.155940 0.488671 -0.358227 -0.210261 0.065629 -0.353983 0.082910 -0.489266 -0.153072 -0.052704 0.281105 -0.010351 -0.144276 0.044050 -0.410493 -0.297935 0.015676 0.357284 0.014800 -0.118936 0.569179 -0.196643 -0.044039 
0.143148 -0.298937 0.115759 0.015780 -0.404726 0.019861 0.026523 -0.034190 0.566920 -0.029575 -0.176091 0.045564 -0.037426 -0.080252 0.019554 -0.439227 0.386134 -0.211268 -0.310733 0.115407 -0.493634 0.380876 -0.685002 -0.305002 0.183468 0.504885 0.131807 -0.198276 0.266812 -0.625254 -0.336229 0.263019 0.450549 0.184094 -0.046145 0.217248 -0.065741 -0.091021 
0.116198 -0.241373 -0.134210 -0.088620 -0.491024 -0.059463 0.068306 -0.028800 0.392628 -0.191069 -0.021826 0.327179 -0.044125 0.267052 0.117295 -0.356829 0.150964 -0.555775 -0.205573 0.128836 -0.515131 0.305356 -0.499329 -0.275326 0.119689 0.387388 0.088740 -0.264011 0.338512 -0.581749 -0.362108 0.094108 0.069785 0.099923 0.589189 0.082110 0.067544 -0.112545 
0.199025 -0.363474 -0.254577 -0.158853 -0.454342 -0.227713 0.034653 -0.139420 0.532251 0.008792 -0.299818 0.196859 -0.030802 0.239849 -0.095691 -0.344791 0.141510 -0.338083 -0.160477 -0.200081 -0.239337 0.170754 -0.409322 -0.257023 0.300553 0.219804 -0.076038 0.018001 0.642018 -0.704858 -0.111689 -0.302468 0.030086 0.017113 0.634290 -0.141350 -0.094801 -0.104091 
0.150155 -0.483271 -0.278703 0.045540 -0.536401 -0.286662 -0.027060 -0.217333 0.723895 -0.135299 -0.128732 -0.051978 0.082434 0.166016 -0.044990 -0.456853 0.299041 -0.223743 -0.161977 -0.356523 -0.299352 0.021656 -0.485046 -0.302356 0.217182 0.202323 -0.063591 0.299283 0.395035 -0.427276 0.035564 -0.132272 -0.256658 -0.046085 0.630808 -0.169991 0.021553 -0.042340 
0.342469 -0.025542 -0.009582 -0.318658 -0.512393 -0.553411 0.053657 -0.189852 0.645048 -0.337146 -0.321083 0.018218 0.133886 0.228638 -0.474942 -0.330367 0.373318 -0.412835 -0.102724 -0.606510 -0.077418 -0.116477 -0.439330 -0.384853 0.096828 0.177070 0.046790 0.115473 0.433554 -0.560608 -0.183994 -0.194953 -0.168157 -0.023869 0.286075 -0.211822 -0.023331 0.211563 
0.025637 0.063421 0.017529 -0.031280 -0.626193 -0.712425 0.140958 0.044282 0.327448 -0.321163 -0.539551 0.127237 0.055055 0.572032 -0.399354 -0.251353 0.302647 -0.420052 -0.143459 -0.342505 -0.441235 -0.187949 -0.228939 -0.432686 0.335708 0.389250 -0.014657 -0.038755 0.168185 -0.345943 -0.113857 -0.265022 -0.239640 0.268771 0.321243 -0.144153 -0.134509 0.365498 
-0.270080 -0.073503 -0.064424 -0.223405 -0.832372 -0.530912 0.046509 -0.049801 0.008084 -0.128757 -0.734030 0.163783 0.219471 0.309239 -0.136394 -0.507630 0.295244 -0.502864 -0.156934 -0.494424 -0.370197 -0.161631 -0.201787 -0.738854 0.046024 0.542725 0.178115 0.093163 0.195071 -0.320240 -0.156357 -0.016248 -0.361353 0.438050 0.142739 -0.184239 0.004837 0.360601 
-0.299353 0.054354 -0.161139 -0.280855 -0.517634 -0.378618 0.074461 -0.008045 -0.130836 -0.021743 -0.590653 0.237401 0.128071 0.209181 -0.184274 -0.537697 0.252024 -0.421833 -0.024406 -0.443969 -0.084863 -0.273368 0.286391 -0.418112 -0.177052 0.307591 0.161031 0.178798 0.112943 -0.195625 -0.355072 -0.209190 -0.334650 0.357524 0.396939 -0.168400 -0.166535 0.357900 
-0.194382 -0.043101 -0.343484 -0.185362 -0.535325 -0.192022 -0.019209 -0.287782 -0.399090 -0.397100 -0.572144 0.157658 0.182959 0.247844 -0.001026 -0.546934 0.211294 -0.245522 0.029155 -0.220103 -0.185786 -0.374223 0.196281 -0.357352 -0.330715 0.193720 0.218657 0.576677 0.234625 -0.178892 -0.061560 -0.169703 -0.625930 0.443251 0.211803 -0.214450 -0.215737 0.302970 
-0.220718 -0.236734 -0.523527 -0.135820 -0.270236 -0.041456 -0.124641 -0.037241 -0.186357 -0.078343 -0.555309 0.288079 0.087296 0.204950 0.013294 -0.285378 0.502544 -0.306984 0.158799 -0.027829 -0.097770 -0.310849 0.188274 -0.227914 -0.392069 -0.294640 0.202397 0.684275 0.069136 -0.248143 -0.157484 -0.298079 -0.382121 0.262630 0.390942 -0.227472 -0.125795 0.197385 
-0.193737 -0.170144 -0.737700 -0.421827 0.001220 -0.065240 -0.165427 0.073193 0.089676 -0.080603 -0.295288 0.436780 0.036731 0.345925 -0.165183 -0.211117 0.274288 -0.488589 0.241583 0.141463 -0.065838 -0.496248 0.323945 -0.296104 -0.499701 -0.340529 0.237436 0.815213 0.035942 -0.196637 -0.020165 -0.285665 -0.427711 -0.083393 0.179866 0.057365 -0.258314 0.104841 
-0.054265 -0.165654 -0.409049 -0.421325 0.276021 -0.027894 -0.056091 0.254718 0.350789 -0.258623 -0.420653 0.133850 0.054070 0.370710 0.091723 -0.267242 0.222749 -0.425109 0.376210 0.416071 -0.018775 -0.535245 0.315165 -0.183661 -0.261381 -0.605980 0.187412 0.561342 0.094787 -0.142328 -0.176032 -0.416843 -0.665500 -0.048904 0.038890 -0.027672 -0.429081 -0.234125 
-0.192242 -0.047842 -0.550527 -0.188810 0.411200 0.278192 -0.128901 0.221510 0.497136 0.033120 -0.299408 0.200852 -0.057788 0.220967 -0.070704 -0.109780 0.044292 -0.339407 0.585171 0.458663 -0.235181 -0.352593 0.053284 -0.161946 -0.163802 -0.513867 0.069954 0.593974 0.222889 0.070304 0.211801 -0.597740 -0.638179 -0.155478 -0.032106 0.081630 -0.373432 -0.171993 
-0.284589 -0.092396 -0.298692 0.059249 0.260309 0.310076 0.004609 0.073985 0.769512 0.105891 -0.370809 0.016559 0.022431 -0.013854 -0.091764 0.287465 -0.109115 -0.085428 0.519714 0.752225 -0.204552 -0.327478 -0.049081 0.228458 -0.158148 -0.463526 -0.056954 0.559150 0.417728 -0.256548 0.416212 -0.609549 -0.627377 -0.220658 -0.097841 -0.147859 -0.306255 -0.380956 
-0.283266 0.052620 -0.326400 0.053725 0.479670 0.483390 -0.075020 0.112409 0.924323 0.207139 -0.221935 -0.030291 0.310953 -0.363446 -0.075481 0.485986 -0.323685 0.012528 0.619480 0.681537 -0.196229 -0.289466 -0.216258 0.357518 0.118821 -0.703430 -0.048638 0.572686 0.400266 -0.195963 0.516829 -0.442708 -0.508920 0.023945 -0.300819 -0.054297 -0.472944 0.002855 
-0.253158 -0.178834 0.063275 0.100676 0.528543 0.683296 -0.039592 -0.085483 0.501671 0.387952 0.018074 0.079125 -0.135756 -0.527762 0.153645 0.580353 -0.375695 0.257286 0.580688 0.625978 -0.181333 -0.307625 0.015439 0.169167 0.433152 -0.679026 -0.252945 0.643359 -0.005646 -0.045811 0.723494 -0.614129 -0.524123 0.002770 -0.000660 -0.207001 -0.385491 0.229472 
-0.397461 -0.122413 0.194213 0.002258 0.531436 0.539467 0.187077 -0.053716 0.346238 0.523578 -0.007507 -0.131556 0.044501 -0.731645 0.037848 0.670865 -0.313405 0.267038 0.378195 0.448081 -0.481793 -0.192842 -0.243607 -0.086918 0.358385 -0.708996 -0.364325 0.438532 0.120756 -0.174503 0.546087 -0.355832 -0.480506 -0.414332 -0.232940 -0.020594 0.071895 0.287310 
-0.272070 -0.047334 0.122714 0.062606 0.810879 0.645689 0.289493 0.009010 0.446881 0.507927 0.100610 -0.000005 0.115757 -0.652752 0.378782 0.640487 -0.193083 0.330364 0.165534 0.244127 -0.492119 -0.105653 0.129079 -0.357484 0.535248 -0.634302 -0.319829 0.022813 -0.191874 -0.012066 0.453106 -0.473388 -0.261898 -0.378281 -0.044999 -0.139483 0.189322 0.223222 
-0.048258 -0.135895 0.236469 0.377606 0.420656 0.378594 0.204167 -0.148417 0.491041 0.167456 0.204347 0.063799 0.220371 -0.449917 -0.019774 0.508168 -0.241867 0.457493 -0.101803 -0.143941 -0.332269 -0.356229 0.009821 -0.515019 0.681595 -0.273682 -0.219846 -0.371687 -0.263153 0.018467 0.465310 -0.527564 0.113752 -0.510917 0.089329 -0.134208 0.343060 0.106810 
0.264551 -0.216106 0.150006 0.209221 0.541334 -0.092055 -0.288992 -0.290427 0.157842 0.214194 -0.000585 0.291011 0.117393 -0.331427 0.217595 0.300109 -0.366858 0.059664 -0.004055 -0.345983 -0.333520 -0.272308 0.183105 -0.678045 0.529072 -0.284226 0.045340 -0.512636 -0.170313 -0.161387 0.150737 -0.531463 0.437126 -0.374500 0.182540 0.019021 0.838419 -0.161677 
0.082736 -0.019488 0.060675 0.442836 0.347243 -0.237120 -0.323807 -0.068457 0.248276 -0.224620 -0.223903 0.175734 0.091872 -0.091189 0.042665 0.161161 -0.280812 0.073328 -0.142696 -0.600477 -0.369633 0.002012 0.412343 -0.234659 0.274689 -0.266544 0.188223 -0.781893 -0.246081 -0.354975 -0.054816 -0.303985 0.931315 -0.020965 0.246366 -0.087477 0.898550 0.100617 
0.298990 -0.486427 -0.074225 0.296780 0.064099 -0.192109 -0.259293 -0.427128 0.398039 -0.203574 -0.301205 -0.088766 -0.063720 0.245804 -0.134454 -0.251542 -0.531291 0.032392 0.055453 -0.124513 0.146509 -0.010791 0.452426 0.111949 -0.031972 -0.190336 0.432220 -0.571008 -0.350497 -0.367597 -0.122138 -0.373166 0.776794 0.015232 0.139710 0.044880 1.172756 0.232606 
0.284186 -0.296534 -0.216741 0.333463 -0.221148 -0.364564 -0.498354 -0.376074 0.386864 -0.214440 -0.357618 -0.510553 0.009264 -0.005375 -0.266996 -0.280315 -0.605517 -0.193594 -0.283672 -0.302069 0.227423 -0.003773 0.361727 0.578285 -0.557315 -0.435451 0.495703 -0.505369 -0.344413 -0.202789 -0.097021 -0.243083 0.663134 0.084667 0.057727 -0.030533 0.993603 0.390639 
0.268347 -0.185364 -0.234363 0.322276 -0.585992 -0.473988 -0.516076 -0.468956 0.421471 -0.205808 -0.594230 -0.579002 -0.206726 0.465264 -0.395265 -0.647457 -0.754868 -0.280093 -0.241669 -0.104713 0.273182 0.017227 0.125059 1.042392 -0.442672 -0.747653 0.199654 -0.702479 -0.535547 -0.380251 -0.395355 -0.225693 0.298181 0.170939 0.006366 -0.124073 0.947864 0.335950 
0.180863 -0.079708 -0.073709 -0.017416 -0.593348 -0.294667 -0.324965 -0.356740 0.381304 0.144517 -0.165274 -0.615753 -0.428645 0.312275 -0.614073 -0.667805 -0.723556 -0.348729 -0.104770 0.010244 -0.037769 0.170384 -0.209817 0.879565 -0.593691 -0.567957 -0.590000 -0.483824 -0.285489 0.037349 -0.103634 -0.228227 -0.064091 0.312202 -0.131882 -0.275755 0.478861 0.105801 
0.054515 -0.093490 -0.183645 -0.126924 -0.508084 -0.251018 -0.280605 -0.128208 0.129512 0.306532 -0.216415 -0.424256 -0.324626 0.140480 -0.526257 -0.614150 -0.424388 -0.446364 -0.161493 0.342975 -0.117385 0.278292 -0.371305 0.608873 -0.504055 -0.566973 -0.721228 -0.161340 -0.659590 0.263610 -0.206083 -0.143404 -0.332964 0.298025 -0.039288 0.056773 0.129874 0.277934 
-0.014678 0.002883 0.110717 -0.421428 -0.217559 0.024199 -0.040618 0.282223 -0.131928 0.179296 -0.432364 -0.078777 -0.250668 -0.080105 -0.165944 -0.368896 -0.436986 -0.090651 -0.251100 0.184471 0.076920 0.739070 -0.275252 -0.069014 -0.405270 -0.324765 -0.500032 0.193678 -0.965870 0.765451 -0.376705 0.209302 -0.448035 -0.186578 -0.039907 0.320186 -0.614999 0.098714 
-0.043982 -0.158553 0.492513 -0.700041 -0.030468 0.260929 -0.004820 0.263805 -0.410292 -0.228546 -0.048872 0.027203 0.095891 -0.308841 0.572455 -0.470868 -0.222030 -0.294375 -0.270753 0.015655 0.043720 0.769135 0.086275 -0.420543 -0.397656 0.247270 -0.255616 0.382909 -0.926535 0.868073 -0.493837 0.347276 -0.620375 -0.470705 0.265036 0.165281 -0.887235 0.091834 
-0.247519 0.000675 0.550799 -0.601643 0.158176 -0.057036 0.050192 0.439863 -0.403032 -0.149048 -0.042474 -0.093860 0.289173 -0.276783 0.768359 0.090732 -0.269487 -0.303236 -0.337949 -0.226573 0.065473 0.555708 0.490477 -0.728248 -0.263007 0.548320 -0.011424 0.203966 -0.404447 0.821603 -0.424755 0.451932 -0.150715 -0.333067 -0.004345 0.101014 -0.908791 -0.013594 
-0.077365 -0.082139 0.440795 -0.322873 0.288217 0.139376 0.190787 0.192608 -0.243745 -0.345000 0.352802 0.047903 0.289272 -0.060527 0.289344 0.112772 0.034633 0.066742 -0.602546 -0.438527 0.065108 -0.036514 0.138788 -0.660277 -0.122117 0.770553 0.148685 0.196222 -0.142250 0.516758 -0.073343 0.391770 0.417945 -0.255897 0.063212 -0.003517 -0.583434 -0.057851 
-0.387547 0.001894 0.502715 0.080241 -0.111192 -0.093613 0.279895 0.085103 0.067865 -0.311571 0.485789 0.189330 0.204705 0.028455 0.050320 0.580304 0.157042 -0.044273 -0.457485 -0.794566 0.324411 -0.065867 0.341920 -0.153434 0.086306 0.680026 0.115509 0.312911 0.149304 0.164030 -0.183655 -0.168620 0.486338 0.153461 -0.209842 -0.360831 0.112949 0.083165 
0.172589 -0.028320 0.612131 0.197114 -0.267701 0.071762 0.091115 0.022814 0.091913 -0.186662 0.295584 0.336498 0.237426 0.335779 -0.282866 0.536599 0.091451 -0.195459 -0.537514 -0.693782 0.163611 -0.038345 -0.021725 -0.127595 0.233231 0.225814 0.097124 0.131062 0.508933 0.066073 -0.290489 -0.456021 0.240176 0.392892 -0.110658 -0.163632 0.601442 -0.111128 
0.435689 -0.050032 0.128230 0.123436 -0.197271 0.040203 0.029307 0.334546 -0.042685 -0.063791 0.175611 0.792711 0.385673 0.059605 -0.252427 0.734883 0.221546 -0.372254 -0.565589 -0.093815 -0.190181 -0.474533 -0.280510 0.044566 0.359421 -0.120261 0.155779 0.089410 0.893638 0.248368 -0.083824 -0.413480 0.306344 0.126748 0.076185 -0.201446 0.673468 -0.260168 
0.313565 -0.266411 -0.824388 0.210737 -0.302676 0.048708 0.314036 0.230576 -0.380388 0.065466 -0.167606 0.533312 0.108329 0.037556 0.271240 0.546028 0.143013 -0.342904 -0.184362 0.376944 -0.362031 -0.719720 -0.273660 0.357958 0.556710 0.101373 0.185883 0.013063 0.283453 0.245956 0.214904 0.018127 0.066503 0.057013 0.052793 0.015833 0.505342 -0.182296 
0.205539 -0.187149 -0.922958 0.145415 -0.361191 0.185841 0.678934 -0.020598 -0.195205 0.245029 -0.267734 0.474661 -0.284483 -0.222387 0.378972 0.646013 0.244214 0.287012 -0.133122 0.450573 -0.570483 -0.698734 -0.306392 0.531554 0.613228 0.023039 0.328226 -0.114190 -0.274855 -0.116544 0.355076 0.453981 -0.411265 0.095890 0.138629 0.142602 0.332856 0.390372 
0.077361 0.086215 -0.352093 0.227641 -0.357774 0.180370 0.681037 0.055159 -0.032842 0.652716 -0.126071 0.153169 -0.099520 -0.098069 0.176805 0.656631 0.151122 0.223613 0.413659 0.491914 -0.378242 -0.111851 0.083911 0.572190 0.564217 -0.305545 0.053371 0.007730 -0.408319 -0.209948 0.271534 0.350060 -0.150894 -0.281882 0.032816 0.534425 -0.077892 0.263362 
-0.270798 0.306489 0.305544 0.062204 -0.094871 0.166300 0.703462 0.018866 0.191611 0.271032 -0.401625 -0.093822 -0.246302 0.127110 -0.355988 0.343459 -0.063170 0.304370 0.517026 0.260785 -0.117445 0.611564 0.205233 0.354838 0.457640 -0.504889 -0.447134 0.061620 -0.624319 -0.308754 0.134394 0.152488 -0.236530 -0.296474 -0.035205 0.221020 -0.152926 0.006914 
-0.225268 0.255826 0.588733 -0.186210 -0.043766 -0.255186 0.657421 -0.215566 0.278736 0.042481 -0.428911 -0.205170 -0.210497 0.018714 -0.546971 -0.295387 0.001433 -0.106858 0.695894 0.126408 0.226716 0.755379 0.095947 0.240093 -0.011584 -0.306265 -0.777580 -0.030170 -0.176955 -0.193370 -0.158245 0.147821 -0.056848 -0.098836 0.085431 0.112732 -0.288829 -0.321732 
-0.371963 0.278505 0.204684 -0.337457 -0.218061 -0.080301 0.678645 -0.145317 0.353333 -0.422175 -0.090027 -0.425415 -0.157259 -0.022982 -0.285328 -1.014491 0.357621 0.039413 0.414865 0.144051 -0.082268 0.174982 0.285849 0.000620 -0.064519 0.076347 -0.308746 -0.030926 0.099311 -0.176579 -0.429221 -0.012136 -0.117874 -0.175489 0.123252 0.294544 -0.175839 -0.402978 
-0.135161 0.247355 -0.220301 -0.334274 -0.406683 0.130506 0.629777 -0.396883 0.155296 -0.982177 0.393748 -0.736645 -0.349223 0.050198 -0.153544 -1.067217 0.668545 0.275755 0.208181 0.144022 -0.263181 -0.134596 -0.074710 0.080703 -0.246382 0.122958 0.025233 -0.005264 -0.018144 -0.027489 -0.735775 -0.309371 -0.220530 -0.260739 -0.190310 0.004988 0.174527 0.160466 
-0.069188 0.295121 -0.682893 -0.318775 0.220932 0.134467 0.389402 -0.447901 -0.174259 -0.910707 0.622967 -0.890473 0.042592 0.048248 -0.048852 -0.832794 0.583903 0.065661 0.103468 -0.182907 -0.227070 -0.506646 0.024390 -0.075966 -0.698107 -0.102497 0.504751 -0.044995 0.127701 -0.096944 -0.379576 -0.694515 0.092466 -0.125557 0.045992 -0.333813 -0.147416 0.208803 
0.243209 -0.192976 -0.155002 0.012245 0.725715 0.416196 0.138487 -0.769337 -0.340294 -0.097144 0.430247 -0.724021 0.123796 0.186887 0.346679 -0.165011 0.020414 0.144361 0.255481 -0.376464 0.340221 -0.592936 -0.026825 -0.151145 -0.941104 -0.072381 0.616251 0.291339 0.089805 -0.102584 0.255725 -0.027372 0.131738 0.292725 0.012314 -0.265779 -0.165184 0.252681 
0.545495 -0.628680 0.711641 0.502982 0.463653 0.768389 0.052643 -0.917918 -0.616315 0.590164 0.271154 -0.425533 -0.078235 0.177352 0.428087 0.271109 0.103799 -0.032948 0.438856 -0.302177 0.474238 -0.504734 -0.120894 -0.304200 -0.721043 0.023965 0.791597 0.161989 0.431502 -0.290943 0.713835 0.217645 0.370744 0.499785 -0.050163 0.098526 0.051866 0.312704 
0.653670 -0.494876 0.770403 0.637211 0.429410 0.808441 -0.489159 -0.728219 -0.567223 0.986934 -0.009629 -0.144956 0.115088 0.304569 0.289049 0.589301 0.152276 0.024537 0.521143 -0.336592 0.427633 -0.239514 -0.064109 -0.036629 -0.546134 0.391941 0.697127 0.368107 0.497431 -0.068376 0.850209 0.274460 0.286168 0.324992 0.097815 0.207587 0.083891 0.282692 
0.520479 -0.359313 0.508417 0.510765 0.641529 0.119807 -0.359254 -0.619189 -0.090661 0.757857 -0.253537 0.527488 0.176920 0.279492 -0.112221 0.479869 -0.487505 -0.209447 0.576727 -0.158302 0.730592 0.014668 -0.197376 0.152040 0.053317 0.488561 0.121701 0.633876 0.456149 0.367916 0.548459 -0.014966 -0.100141 0.171016 0.559715 0.041437 -0.000068 0.128796 
0.296387 0.026872 0.204748 0.019168 0.367744 -0.318887 -0.316225 -0.400009 -0.137652 0.240440 -0.070394 0.873085 0.103760 0.283021 -0.340006 0.171625 -0.613247 -0.491490 0.563471 -0.258270 0.351899 0.182786 -0.329160 0.480137 0.179163 0.896492 -0.327755 0.265537 0.796556 0.735949 0.519585 -0.339809 0.011081 -0.065585 0.854977 0.144821 -0.129414 -0.154750 
-0.097715 0.368372 -0.001538 -0.187777 -0.007080 -0.421147 -0.239872 0.080436 -0.113088 -0.341601 0.008674 1.114891 0.451049 0.126307 -0.295964 0.219290 -0.566930 -0.469022 0.504450 -0.468634 -0.108667 0.157250 -0.143403 0.598599 0.415617 0.637403 -0.334967 0.143699 0.649183 0.787299 0.259670 -0.602938 -0.218042 -0.208835 0.350195 0.012773 -0.324069 -0.368876 
-0.542389 0.423296 -0.040462 -0.331742 -0.418893 -0.434325 -0.389666 0.231675 0.163348 -0.647349 0.113658 0.776700 0.315367 0.324031 -0.248869 0.010638 -0.516041 -0.544589 0.393737 -0.150008 -0.230757 0.243753 -0.459270 0.464233 0.928342 0.661580 -0.063849 -0.427858 0.500925 0.646340 -0.031441 -0.291637 -0.355226 -0.312788 0.165080 -0.184876 -0.309656 -0.225360 
-0.700009 0.446200 -0.227194 -0.151310 -0.437019 -0.758416 -0.172889 0.459133 -0.002370 -0.545332 -0.121801 0.532838 0.198581 0.079071 -0.166457 -0.196124 -0.616043 -0.709461 0.671873 -0.096254 -0.304570 0.344289 -0.308505 0.714645 1.069621 0.296701 0.070607 -0.693518 0.222191 0.366218 -0.318193 -0.166352 -0.044255 -0.067163 0.075982 -0.365850 -0.533201 -0.572844 
-0.800603 0.312471 -0.094077 0.050265 -0.811584 -0.701581 -0.143609 0.160322 -0.050074 -0.587491 -0.188842 0.210021 -0.033507 -0.300021 -0.048766 -0.309629 -0.443665 -0.476550 0.629683 -0.079336 -0.296592 0.166988 0.032265 0.735507 0.894035 0.180878 0.039743 -1.062554 0.153466 0.192327 -0.143088 0.024960 -0.035334 -0.056044 -0.207660 -0.251285 -0.531425 -0.353195 
-0.566559 0.511710 -0.307338 0.163894 -0.867698 -0.600352 -0.344081 0.261370 -0.003111 -0.565966 -0.078373 -0.278046 -0.074054 -0.669727 0.073170 -0.501706 -0.222957 -0.317407 0.410004 0.128730 -0.203114 -0.059116 0.193010 0.649574 0.733810 0.161748 0.453621 -0.824975 0.049310 -0.027116 -0.352758 0.363980 0.258674 -0.142634 -0.425113 -0.320293 -0.609470 -0.142622 
-0.328281 0.407559 -0.046838 0.200717 -0.834476 -0.446237 -0.128954 0.024872 0.042874 -0.447905 -0.154999 -0.437947 -0.039827 -0.698471 0.551182 -0.377009 -0.172580 -0.174015 0.154014 0.155043 0.068349 -0.029143 0.171403 0.535836 0.349044 -0.040209 0.595862 -0.706938 0.044597 -0.306450 -0.351632 0.229387 0.347072 0.115807 -0.239420 0.057834 -0.360159 0.141248 
0.225907 0.325639 -0.002608 0.244433 -0.646836 -0.095805 0.051296 0.042010 -0.114898 -0.302006 -0.032542 -0.184392 0.010807 -0.789814 0.539202 -0.268583 0.018778 0.070324 -0.174747 0.316242 0.198285 -0.240139 0.402639 0.538082 0.120413 -0.097428 1.103672 -0.560196 0.093817 0.029945 -0.132016 0.275338 0.483524 -0.131431 -0.322934 0.085925 -0.096521 0.375787 
0.277546 0.538111 -0.218750 0.030012 -0.251663 0.250843 0.108051 -0.276002 -0.071224 -0.224024 -0.224614 -0.128837 -0.397828 -0.683550 0.906032 -0.238211 -0.002689 0.108955 -0.331119 0.293245 0.045275 -0.095933 0.350520 0.396197 -0.257250 -0.102904 1.001818 -0.344637 0.019974 -0.069025 -0.105061 0.480393 0.389308 0.090619 -0.250308 0.323227 -0.039087 0.276555 
0.276671 0.344757 -0.061536 -0.071653 -0.329996 0.125556 -0.034659 -0.224581 -0.117127 0.045328 -0.230781 -0.318830 -0.253593 -0.649738 0.719914 -0.231031 -0.141176 0.167587 -0.427742 0.414420 0.103824 -0.192750 0.568832 0.237777 -0.352667 0.051230 0.961253 0.194887 0.155137 -0.240851 0.017398 0.350629 0.386047 0.049434 -0.110402 0.326724 0.024261 0.128773 
0.188771 0.235714 -0.056560 -0.341999 -0.147477 0.091634 -0.043206 -0.107886 -0.014392 -0.130476 -0.336838 -0.344209 -0.406136 -0.802176 0.642558 -0.122737 -0.338436 0.204020 -0.473743 0.564843 0.007508 -0.404708 0.477644 -0.144172 -0.425419 -0.071707 0.715821 0.446525 0.232202 0.100013 -0.234265 0.408247 0.092086 0.414319 0.137807 0.247823 -0.078704 -0.173700 
0.111791 0.266015 0.065231 -0.203121 0.046342 0.308716 0.130058 -0.416059 0.015384 0.144729 -0.379429 -0.171213 -0.249156 -0.719758 0.333013 -0.127971 -0.131931 0.431148 -0.446339 0.405354 -0.015328 -0.620616 0.368814 -0.294623 -0.383659 -0.178422 0.500776 0.596138 0.118129 -0.195131 -0.035736 0.382408 -0.003485 0.386329 0.139327 -0.023330 0.062173 -0.450720 
0.283761 0.385040 -0.085022 -0.394063 0.305019 0.050203 -0.041827 -0.118046 0.148167 0.274105 -0.367846 -0.045729 -0.397486 -0.399401 0.269823 -0.033173 -0.375107 0.385779 -0.386161 0.539748 -0.083201 -0.645762 0.260184 -0.356514 -0.625659 -0.458590 0.069703 0.769900 0.054947 -0.137438 0.195266 0.633960 -0.089654 0.091191 0.136966 0.160369 0.180328 -0.244468 
0.210836 0.410065 -0.082598 -0.256152 0.516178 0.360207 -0.121717 -0.224864 -0.007464 0.333655 -0.227071 -0.021635 -0.262554 -0.425410 0.082120 0.043592 -0.156934 0.535126 -0.377837 0.455678 -0.257687 -0.539079 0.086854 -0.235966 -0.302899 -0.474918 -0.128096 0.735764 0.074939 -0.008215 0.185501 0.337599 -0.111508 0.214733 0.240719 0.275993 0.322438 -0.459989 
-0.004390 0.384716 -0.226328 -0.169210 0.572753 0.216145 -0.110666 -0.102837 -0.015707 0.089676 -0.192379 0.005384 -0.247721 -0.298975 -0.044626 0.218259 -0.312452 0.462645 -0.168068 0.361089 -0.337529 -0.564390 0.271296 -0.086072 -0.259246 -0.320905 0.143017 0.873717 0.195646 -0.112474 0.310589 0.337542 0.002149 0.286190 0.080653 0.227368 0.129504 -0.582127 
-0.153403 0.155694 -0.238472 -0.164645 0.282288 0.327755 -0.177782 0.032196 -0.116609 0.181524 -0.219661 -0.315165 -0.320376 -0.091674 -0.153074 0.174517 0.019955 0.551621 -0.270690 0.374663 -0.238435 -0.567107 0.001625 0.210604 -0.231346 -0.323891 0.149436 0.612190 -0.062861 -0.002915 0.170303 0.087721 -0.076254 0.091072 0.019532 0.116476 0.297734 -0.396124 
-0.240103 0.260757 -0.229789 -0.082984 0.048542 0.250793 -0.381838 -0.130488 0.134341 0.215611 0.051311 -0.051728 -0.159909 -0.446556 -0.049708 0.153563 0.022778 0.285279 -0.241532 0.335183 0.090989 -0.370420 0.104606 0.417773 0.052019 -0.310845 0.110031 0.634709 -0.028975 -0.148291 0.190856 0.211928 -0.120018 0.069386 -0.030742 0.060083 0.015965 -0.100150 
-0.288627 0.137564 -0.296383 0.171558 0.009957 0.155219 -0.229237 -0.018950 0.010210 0.090533 0.206545 -0.222333 0.092165 -0.107659 0.327501 0.070829 0.140041 0.507542 -0.090076 0.292969 0.218247 -0.168175 -0.009474 0.326277 0.191152 -0.369224 0.325494 0.344657 -0.132668 -0.248213 0.073039 0.125402 0.022466 0.002168 -0.289559 0.210883 0.167520 0.053995 
-0.351859 0.138530 -0.115628 -0.026903 -0.062355 0.220639 -0.059081 0.268545 -0.090662 0.049922 0.226692 -0.056759 -0.214410 -0.326658 0.104603 0.183213 0.265742 0.342825 -0.090062 0.110720 0.297641 -0.150627 0.297717 0.120127 0.180533 -0.156498 0.340487 0.132307 -0.471643 -0.446156 -0.046959 0.221587 0.073818 -0.104237 -0.424686 0.116660 0.155322 0.239758 
-0.203157 -0.411091 0.112450 0.163806 -0.200185 0.387571 -0.362390 -0.100787 -0.086034 0.055644 0.238245 -0.180910 -0.010823 -0.457730 0.267917 -0.246025 0.312847 0.306893 0.243367 0.212133 0.300734 0.192804 0.189871 0.249765 0.265606 -0.380554 0.345689 0.273074 -0.356549 -0.194348 -0.184367 0.245389 0.257336 -0.006867 -0.266822 0.288084 -0.015211 0.210630 
-0.383476 -0.176638 -0.100532 0.121900 -0.278782 0.291421 -0.025029 -0.103935 -0.286782 0.085340 0.332894 0.074100 -0.124150 -0.067148 0.410653 -0.105958 0.163031 0.532127 0.015044 0.193099 0.446263 0.216065 0.075707 0.128239 0.175467 -0.296085 0.054812 0.209152 -0.266342 -0.310905 -0.002092 0.034113 0.222820 -0.397474 -0.490207 0.121944 -0.063548 0.227508 
-0.403627 -0.278636 0.135564 0.339680 -0.100085 0.420400 0.055287 0.086397 -0.337602 0.136485 0.283190 0.248432 -0.124472 -0.245085 0.551682 0.039009 0.195055 0.213502 0.284765 0.346466 0.110364 0.201181 -0.013614 0.007840 0.208390 -0.245502 -0.160856 0.172394 -0.185509 -0.269645 -0.032578 0.065575 0.224735 -0.319338 -0.537698 0.241158 -0.007927 -0.078387 
-0.163775 -0.201279 0.494183 0.500845 0.076358 0.314051 0.081668 0.068361 -0.120643 0.164961 0.285830 0.260954 -0.026436 -0.004167 0.373576 0.048751 0.050496 0.314160 0.032008 0.369318 0.459174 0.145151 0.022771 -0.137891 0.233626 -0.193120 -0.228228 0.122200 -0.311488 -0.135814 0.115938 0.133176 0.204758 -0.305340 -0.210047 0.270321 0.014463 -0.047262 
0.050865 -0.397818 0.514961 0.545922 0.166226 0.241782 -0.082244 -0.042498 -0.239548 0.168837 0.359295 0.290250 0.136230 -0.014234 0.333957 0.099558 0.114704 0.291600 0.090483 0.309272 0.171219 -0.043495 -0.105935 -0.163724 0.183448 -0.173137 -0.049610 -0.063243 -0.199801 -0.132690 0.268315 0.147562 -0.100119 -0.254908 -0.024817 0.361909 -0.044912 -0.087417 
0.056068 -0.284171 0.685629 0.335532 0.346797 0.325187 -0.179651 0.031190 -0.261799 0.262090 0.207577 0.348775 0.030099 -0.006098 0.068977 0.064368 0.084728 0.087002 -0.009815 -0.028356 0.343149 -0.121188 -0.195907 -0.134697 -0.117690 -0.012189 -0.309333 -0.011410 -0.160363 -0.181476 0.016806 0.192604 0.096812 -0.457633 0.002411 0.025817 0.020449 0.008234 
-0.080152 -0.161630 0.823897 0.270211 0.246168 0.149767 0.053568 -0.001025 0.254146 0.137073 0.342617 0.280128 -0.005324 0.147282 0.043955 -0.023755 0.106159 0.242207 0.026682 0.192698 0.409090 -0.014008 -0.071043 -0.204194 -0.201681 -0.146056 -0.355344 -0.122370 -0.027767 -0.095287 0.087292 0.022878 0.277294 -0.290901 -0.253706 0.067879 0.268584 -0.118336 
0.047441 -0.342061 0.733208 0.446434 0.168543 -0.005710 0.253245 -0.055824 0.214445 0.048029 0.226128 0.211210 0.193010 0.353724 -0.133553 -0.064662 0.016118 0.137744 -0.078797 0.186916 0.229456 -0.107162 -0.215660 -0.324839 -0.158884 -0.144455 -0.359825 0.061363 -0.125576 -0.189359 0.062842 0.227218 -0.089751 -0.208983 0.189542 0.091403 0.504647 -0.402134 
0.096394 -0.246588 0.801854 0.547742 0.197916 0.020804 0.009791 -0.115430 0.260578 -0.031285 -0.001619 0.213555 0.237720 0.425722 -0.272836 -0.135479 -0.236082 0.239665 -0.117749 0.062271 0.134220 -0.027699 -0.062887 -0.586664 -0.002638 0.016522 -0.404987 -0.159313 -0.396964 -0.227447 -0.006426 0.278831 -0.053235 -0.055552 0.250039 0.015275 0.324371 -0.227834 
0.095215 -0.361191 0.579093 0.390766 0.086295 0.059014 0.034026 0.021602 0.402485 0.228273 -0.092401 0.028515 -0.052281 0.535212 -0.309267 0.195239 -0.037767 0.268064 -0.065638 0.035143 0.252784 0.108600 -0.373452 -0.442777 -0.255681 -0.059575 -0.288650 -0.182415 -0.280553 -0.248509 0.328825 0.361974 -0.300813 -0.007661 -0.073034 -0.256067 0.350658 -0.521765 
-0.057140 -0.069803 0.644140 0.234406 0.099438 0.009309 0.174290 0.294544 0.414072 -0.096571 -0.075397 0.051398 0.127445 0.658258 -0.326919 0.119699 -0.026523 0.252579 -0.026280 -0.095381 0.191475 0.103316 -0.362489 -0.180108 -0.072330 -0.183650 -0.229617 0.180075 -0.313230 -0.201488 0.314590 0.432128 -0.317472 0.082959 -0.163189 -0.149726 0.338011 -0.444030 
0.012800 0.024570 0.708364 0.472406 0.041129 0.088965 -0.007160 0.113811 0.407137 -0.113178 -0.060741 0.171140 0.103517 0.390552 -0.233350 -0.054614 -0.077603 0.286238 0.147224 -0.423015 0.038891 0.067670 -0.364093 -0.194704 -0.188172 -0.177669 -0.488904 -0.137353 -0.434840 -0.282161 0.289433 0.329007 -0.351066 -0.035606 -0.251346 -0.170476 0.673905 -0.407317 
-0.270553 -0.143511 0.590515 0.228473 -0.287441 0.060443 0.064799 0.070712 0.314907 -0.054606 -0.116105 0.030321 0.205265 0.443828 -0.279911 -0.121610 0.294376 0.135263 0.012392 -0.144237 0.169187 -0.064739 -0.483384 -0.301792 0.040270 -0.053266 -0.148928 -0.048348 -0.353350 -0.217773 0.389198 0.048603 -0.215931 0.001364 -0.229104 -0.021494 0.506140 -0.251894 
-0.386238 -0.398545 0.137915 0.217147 -0.014479 -0.109067 0.175653 -0.050786 0.299280 -0.053967 0.085566 0.099692 0.185123 0.147249 -0.302236 0.060595 0.204364 0.059212 -0.150764 -0.379170 0.109363 0.059458 -0.228107 -0.247732 -0.141121 0.162843 -0.169860 -0.105216 -0.241304 -0.244975 0.190612 0.350852 -0.288916 -0.006903 -0.095217 0.049557 0.276019 -0.265675 
-0.418624 -0.254031 0.329582 0.199498 0.002711 -0.111443 0.017942 0.057770 0.289430 0.124592 -0.060541 -0.075684 0.047902 0.231370 -0.208334 0.140344 0.193536 0.041324 0.159987 -0.295928 0.193526 0.125592 0.082284 -0.203281 0.019817 0.006329 -0.134152 -0.156167 -0.268147 -0.044204 0.259887 0.146911 -0.211769 -0.139655 -0.097671 -0.078940 0.237621 -0.243313 
-0.532331 -0.326549 0.024406 0.070389 -0.090785 0.094826 0.050138 0.455819 0.103905 -0.072132 0.282199 -0.063773 0.443782 -0.130224 -0.267957 0.079185 0.017721 -0.149579 0.170845 -0.540799 0.048363 0.194672 -0.011228 -0.317999 -0.085830 0.090777 -0.322190 -0.227834 -0.183723 0.075255 0.137438 0.177508 -0.276366 -0.186008 0.049984 0.112382 0.174289 -0.386885 
-0.321312 -0.276934 -0.223622 -0.002177 -0.272843 0.112362 0.073038 0.331671 0.396911 0.002600 0.313461 -0.201232 0.156100 -0.004051 -0.255580 0.008017 0.015959 -0.153480 0.089783 -0.451172 0.176369 0.423889 -0.222406 -0.342426 0.099433 0.155163 -0.214105 -0.220116 -0.339463 0.199965 0.336582 0.221039 -0.041120 -0.132017 -0.223299 -0.078510 0.016067 -0.082159 
-0.259624 -0.257462 -0.243835 0.111794 -0.009450 -0.018647 0.054230 0.147603 0.236924 -0.055718 0.404092 -0.292019 0.475245 0.193023 -0.060973 0.103837 0.167914 -0.300698 0.124789 -0.509156 0.033882 0.217440 -0.082848 -0.038500 -0.000837 -0.008651 -0.127287 -0.152974 -0.163617 -0.102175 0.315429 0.116953 -0.295420 -0.098678 -0.252843 0.055858 0.209015 0.078815 
-0.334697 -0.217584 -0.260110 -0.012875 -0.230383 -0.000836 -0.063331 -0.043311 0.353984 -0.141766 0.212862 -0.098209 0.204396 0.102437 -0.190754 0.250547 0.171493 -0.240295 0.017969 -0.438657 0.024770 0.311159 -0.145961 -0.042718 -0.047873 0.001775 -0.032644 0.054075 -0.355621 -0.036544 0.556531 0.372538 -0.200657 -0.217561 -0.282911 0.108939 -0.001641 0.027981 
-0.380848 -0.318850 -0.270954 -0.075560 -0.310217 -0.026372 -0.030501 -0.043235 0.224052 -0.152475 0.290917 -0.033325 0.253529 0.081559 -0.062077 -0.095865 0.146767 -0.103459 0.074368 -0.424742 -0.207053 0.133082 -0.095463 -0.083643 -0.155644 -0.115771 -0.120464 0.026970 -0.145764 0.043741 0.377504 0.355458 0.051465 -0.270571 -0.058553 0.229545 0.005060 0.015308 
-0.156438 -0.142522 -0.186264 -0.008531 -0.268134 0.235490 -0.003999 -0.033840 0.191154 0.066546 0.289614 0.115389 0.250889 0.109619 -0.143268 0.282162 0.256737 -0.077638 -0.054417 -0.504501 -0.331018 0.096704 -0.165448 0.084205 -0.314083 0.043903 -0.329487 -0.092244 -0.184651 0.180867 0.214380 0.181049 -0.100698 -0.034658 -0.112525 -0.053507 -0.179541 0.039184 
-0.114567 -0.221453 -0.041135 0.033536 -0.100730 -0.065766 0.094709 -0.008801 -0.023255 -0.013542 0.236760 0.124861 0.144573 0.088367 -0.169429 0.282348 0.053951 -0.256963 0.103300 -0.447186 -0.503771 0.275333 0.028404 0.050349 -0.325292 0.084783 -0.212610 0.107717 -0.072949 0.081698 0.352581 0.111713 -0.269679 -0.067763 0.054814 -0.095059 -0.067751 0.010295 
-0.046083 -0.188682 0.119936 -0.065079 -0.244979 0.164257 0.096066 -0.005301 -0.036745 0.181627 0.245307 0.275258 0.380531 0.121260 -0.002988 0.111860 -0.058081 -0.302164 0.018044 -0.427005 -0.328615 0.191129 -0.196647 0.040855 -0.312366 -0.079443 -0.144515 -0.275930 -0.270514 0.127893 0.114863 0.024094 -0.277118 0.057163 0.002638 -0.233319 -0.136896 -0.160535 
-0.001575 -0.100329 -0.086514 -0.097299 -0.347601 -0.042471 0.000220 -0.121900 -0.052856 -0.121178 0.197398 0.101094 0.481923 0.141886 -0.311029 0.121525 0.058020 -0.021090 -0.176969 -0.316753 -0.048389 0.180477 -0.006628 0.131040 -0.250605 0.093670 0.111329 -0.199866 -0.313858 0.061785 0.087808 0.261049 -0.108800 0.014542 0.092732 -0.347236 -0.062421 -0.029147 
-0.000245 -0.161395 -0.006444 -0.088634 -0.105466 -0.228004 0.276933 -0.181531 0.040815 0.044204 0.080628 0.066976 0.338524 0.073473 -0.218366 0.023542 -0.144363 -0.133320 -0.090200 -0.244863 -0.452576 0.164596 0.046413 -0.103637 -0.151893 -0.102902 -0.033575 -0.052993 -0.069403 0.014322 -0.066453 -0.065445 -0.089925 0.046457 0.101170 -0.273558 -0.010568 -0.035179 
0.184950 0.004749 0.099429 -0.022052 -0.143048 -0.075794 0.031816 -0.096635 -0.070919 -0.083433 0.108772 0.084897 0.380718 0.090956 -0.107687 0.113627 0.125537 0.055888 0.091791 -0.084618 -0.390445 0.416449 0.306264 -0.091029 -0.202787 -0.198088 -0.002212 -0.075674 -0.083734 0.264832 0.144665 0.018135 -0.101609 -0.001049 0.208283 -0.308362 -0.089887 0.033095 
0.135577 0.059686 -0.146969 -0.015343 -0.099074 0.006207 0.009691 -0.118106 -0.154288 0.071292 0.129713 0.000534 0.158678 0.132519 0.002851 -0.093205 0.146066 -0.285106 0.106594 -0.110456 -0.402404 0.118226 0.163598 -0.003637 -0.102716 -0.103525 0.023637 -0.152898 -0.057902 0.293265 -0.130590 -0.097650 0.122689 -0.112030 -0.114090 -0.365385 -0.048204 0.125318 
0.115230 0.001357 -0.138230 0.035548 -0.167501 0.025367 -0.058270 -0.076834 -0.031307 -0.149718 0.021303 0.056998 0.277365 0.130995 -0.146194 0.120792 0.098682 -0.318179 -0.147312 0.218641 -0.519445 0.235541 0.200318 0.043899 0.042634 -0.199611 -0.274395 -0.041791 -0.133795 0.019921 0.086246 -0.074767 0.079070 0.079110 0.071587 -0.389026 -0.127617 0.106234 
0.025060 -0.030876 -0.184196 0.008731 -0.106478 -0.016124 0.067867 -0.102528 -0.239036 0.031374 0.148476 0.271017 0.140894 0.351719 0.021177 -0.153131 0.073563 -0.152107 -0.064231 0.119320 -0.390176 0.150891 0.516949 -0.147200 0.085063 -0.170907 -0.020971 -0.132231 -0.184787 0.030819 -0.092205 -0.376928 0.287538 -0.026275 0.159042 -0.396887 -0.173846 0.119272 
-0.028730 -0.170078 -0.093001 -0.131159 -0.317118 -0.002067 -0.188940 0.004523 -0.094639 -0.061858 0.088732 0.168026 0.070689 0.163066 -0.035536 0.041461 0.348470 -0.164084 -0.075759 0.365068 -0.259989 0.129884 0.269810 -0.013847 -0.121967 0.021182 -0.162132 0.096397 -0.116078 -0.068513 0.219346 -0.085039 -0.069037 0.025323 -0.083292 -0.121591 -0.154305 0.203128 
-0.158742 -0.071343 -0.061921 -0.090726 -0.085644 0.044164 0.165485 -0.245891 -0.204219 -0.164570 0.322924 -0.092209 0.164963 -0.141674 0.077032 0.010325 0.206774 -0.224654 -0.130542 0.094990 -0.540270 0.048256 0.347193 0.199001 -0.067879 -0.102376 -0.024313 -0.008839 -0.031834 0.145539 0.196121 -0.199922 0.002332 -0.133116 -0.168329 -0.356161 -0.334077 0.239477 
0.100633 -0.268404 0.151387 -0.081175 -0.163636 0.059827 0.048141 -0.212825 -0.394747 -0.038587 0.160649 0.015605 -0.010570 -0.005007 0.034107 0.069618 0.205609 -0.120172 -0.055792 0.282972 -0.394700 0.128276 0.268593 -0.136930 0.135209 -0.086635 -0.020510 -0.089420 -0.071947 0.051417 -0.045671 -0.232951 -0.095737 -0.229749 -0.079314 -0.170591 -0.175616 0.216219 
-0.104787 -0.118285 0.186823 -0.064338 0.059521 -0.228953 -0.080781 -0.046989 -0.363095 0.145498 0.102952 0.149199 -0.206629 0.035369 0.036548 -0.087627 0.151604 -0.399434 0.032771 0.385972 -0.582411 -0.070900 0.397075 -0.105322 -0.054752 0.004951 -0.182449 -0.151850 -0.105918 0.027051 -0.212206 -0.174376 -0.237395 -0.187854 0.041820 -0.178054 -0.208528 0.251126 
-0.119320 -0.123982 -0.161434 -0.003618 -0.017099 -0.142771 0.021315 0.033442 -0.468849 -0.118438 0.082182 -0.008847 0.032971 -0.050520 -0.074712 0.060881 0.080783 -0.264943 0.011739 0.339591 -0.404867 -0.043350 0.247284 -0.043433 -0.174215 0.046387 -0.233237 -0.141377 0.027458 0.259271 0.080427 0.093905 -0.250806 -0.037299 0.338934 -0.287397 -0.285023 0.211375 
0.202688 0.101933 0.169319 0.029358 0.044892 -0.017428 -0.102131 0.047915 -0.349697 -0.248312 -0.113246 0.255484 0.057358 -0.004418 -0.162014 0.071906 0.135457 -0.396014 -0.097954 0.235226 -0.272464 -0.027972 0.351049 -0.063221 -0.073064 0.072921 0.020903 -0.359586 0.135979 0.181803 -0.134334 -0.101336 -0.214540 -0.023545 0.160654 -0.212274 -0.290547 0.259882 
0.186193 0.052676 -0.002033 0.132028 0.004460 -0.039709 -0.158822 -0.054801 -0.368690 -0.069369 0.161497 -0.044641 0.008317 -0.056477 -0.300825 0.261284 0.041608 -0.288400 -0.041032 0.308488 -0.166871 -0.103621 0.304443 -0.045721 0.054646 0.117692 -0.059485 -0.333214 -0.051954 0.256804 -0.157692 -0.105577 0.064055 -0.214905 0.022711 -0.350397 -0.091848 0.191465 
0.151649 0.148180 -0.045098 -0.073927 -0.099211 -0.201608 -0.059257 -0.056350 -0.305228 -0.124707 0.027446 0.009035 -0.045108 -0.065008 -0.103932 0.144580 0.134403 -0.398626 -0.184857 0.219861 -0.415728 -0.031620 0.307895 0.022947 0.057082 -0.037443 0.080295 -0.366363 0.194788 0.447036 -0.056112 -0.256405 0.064368 0.002199 -0.140200 -0.198195 -0.049175 0.356787 
0.090833 0.059259 -0.075556 0.103576 -0.143301 -0.095585 -0.064469 0.212386 -0.372924 -0.096406 -0.017632 -0.053415 -0.127900 -0.046709 -0.276070 0.354188 0.176779 -0.130088 -0.107385 -0.034304 -0.398324 -0.008471 0.341011 0.071413 0.135405 0.026672 0.122392 -0.192533 0.317609 0.057339 0.192363 0.031622 0.028842 -0.172199 -0.090127 0.067469 -0.042961 0.368745 
0.160612 -0.037398 -0.188011 -0.027150 0.062952 -0.124908 0.108327 0.142026 -0.282068 0.039637 -0.162166 -0.039606 -0.378796 0.059383 -0.049995 0.167413 0.087926 -0.516363 -0.019333 0.154391 -0.399273 -0.188965 0.454154 -0.012685 -0.005981 -0.068640 -0.031032 -0.300042 0.194909 0.155654 0.137678 -0.084945 0.204944 -0.198688 -0.080560 -0.047467 -0.135796 0.210062 
-0.180277 -0.034166 -0.051369 0.102211 0.211596 -0.268923 0.090817 0.051289 -0.437400 0.143340 -0.039421 0.058002 -0.499979 -0.148009 0.006954 0.132384 -0.174042 -0.394157 -0.122570 -0.117223 -0.458374 0.024945 0.462231 -0.186146 0.066256 0.162542 -0.098994 -0.255016 0.168481 0.037941 -0.089356 -0.111369 0.048011 0.059330 -0.033644 0.123941 -0.210459 0.259267 
0.053020 0.086449 -0.106510 0.318909 0.079403 -0.073838 -0.273516 0.105404 -0.232553 -0.170627 -0.082695 -0.223143 -0.396625 -0.034820 0.087284 0.147927 0.110449 -0.294348 -0.106491 -0.198514 -0.137188 -0.147989 -0.022281 -0.121713 0.008677 0.028328 0.027550 -0.083391 -0.014465 0.229171 -0.216022 0.025519 0.152188 -0.144902 0.113276 0.197606 -0.265707 0.261536 
-0.091938 0.034604 -0.231569 0.458035 -0.095790 -0.109292 -0.168461 0.254469 -0.242695 0.084158 0.128912 -0.079383 -0.430080 -0.196857 -0.151415 0.088764 0.161798 -0.069554 -0.024579 -0.413694 0.174292 -0.038574 0.087487 0.209343 0.040590 -0.127749 -0.073041 -0.189148 0.029508 0.212392 -0.135730 -0.055555 0.179406 -0.192332 -0.094636 -0.023396 0.034455 0.301484 
0.169140 0.153974 -0.134488 0.365595 0.160377 -0.387901 -0.128278 0.290710 -0.253746 0.119598 -0.066559 0.009094 -0.487585 0.098494 -0.184929 0.027920 0.169286 0.051711 -0.050925 -0.167690 -0.092220 -0.135572 -0.020827 -0.190326 0.245090 0.162518 -0.042443 -0.404758 0.271666 0.305324 -0.155382 -0.263067 0.135800 -0.073559 -0.148619 -0.035533 -0.191366 0.363700 
0.321877 0.010601 -0.180404 0.429578 0.122306 -0.265003 0.091478 0.137200 -0.130901 -0.246539 -0.038447 -0.059405 -0.751647 0.017008 -0.243213 -0.131833 0.352868 0.155093 -0.109966 -0.233645 0.012868 -0.145639 0.272428 -0.000329 0.260117 0.114640 0.050693 -0.240371 0.226559 0.324371 -0.179152 -0.268636 0.292666 -0.189806 -0.310782 0.080473 -0.076723 0.271074 
0.219636 0.020195 -0.161086 0.669313 0.354571 -0.198145 0.097665 0.088253 -0.288117 -0.235423 -0.158854 0.059449 -0.737303 -0.170688 -0.120788 0.106195 0.137168 -0.074178 -0.025623 -0.090883 -0.010131 -0.168594 0.355509 0.282206 0.320144 0.072508 -0.162169 -0.153941 0.302084 0.299213 -0.115552 0.041027 0.372337 -0.089936 -0.403188 -0.010988 0.040068 -0.044814 
0.283446 0.201211 -0.227456 0.540140 0.326861 -0.032808 -0.017511 -0.120016 -0.285419 0.054131 -0.350314 0.010657 -0.612415 -0.073844 -0.215906 0.034911 -0.058344 -0.027133 -0.035058 -0.207247 -0.062581 -0.390955 0.020657 0.213289 0.118475 0.016786 -0.156582 0.050198 0.198930 0.226356 0.127444 0.006625 0.339386 -0.093796 -0.350683 0.095219 0.355939 -0.027945 
0.399673 0.233095 0.052161 0.393724 0.173277 0.118169 -0.066448 -0.067567 -0.556310 0.109880 -0.412082 -0.198550 -0.488137 -0.200915 0.019450 0.065873 -0.025768 -0.055590 -0.215830 -0.249756 -0.000280 -0.248487 -0.013274 0.170466 0.026525 -0.223085 -0.074900 -0.142668 0.172333 0.195144 0.075033 0.103952 0.420421 -0.213367 -0.291164 0.285105 0.276614 -0.215201 
0.181766 0.144357 0.152941 0.221607 0.287779 -0.297927 -0.132757 0.146107 -0.436435 -0.011166 -0.247640 -0.092741 -0.418162 0.011126 0.006624 -0.059558 0.245376 -0.041229 -0.180185 -0.337458 0.040292 -0.265228 -0.179017 0.178248 0.006768 0.011972 -0.162429 -0.238631 0.073259 0.125237 0.055482 -0.109135 0.243984 -0.059360 -0.560162 0.372021 0.156357 -0.116915 
0.192215 0.056393 0.066226 0.343148 -0.086703 -0.369373 -0.151828 -0.005066 -0.113889 0.051443 -0.114020 -0.101540 -0.320737 -0.335874 -0.143078 -0.177116 0.150234 0.152226 -0.038944 -0.661545 0.212098 -0.119796 -0.247304 0.250682 0.096705 -0.000531 -0.174086 -0.178382 0.056159 0.064198 -0.126490 -0.274064 0.203206 -0.296029 -0.514198 0.198494 -0.003996 0.325596 
-0.065471 -0.015006 0.115573 0.112612 0.065802 -0.226645 0.060655 -0.085097 -0.207654 -0.068444 -0.332824 -0.227444 -0.431449 -0.151652 0.277083 -0.119356 0.100797 0.035760 0.052579 -0.612986 0.036951 -0.142759 -0.059907 0.321405 0.047044 0.086994 -0.275635 -0.093347 0.179580 0.133836 -0.272369 -0.147120 -0.091912 0.154637 -0.384264 0.284835 -0.002093 0.211843 
0.065619 0.086834 0.070835 -0.058826 -0.023265 -0.020825 -0.264927 -0.317590 0.132870 -0.327170 -0.288209 -0.376218 -0.269161 -0.123986 0.146380 0.034474 -0.249959 0.151387 0.013677 -0.562946 0.054855 -0.141838 -0.173757 0.073293 0.030666 -0.046475 -0.048547 0.114178 0.450874 -0.090735 -0.178965 0.112494 0.091788 0.198099 -0.340070 0.403699 0.051655 0.098032 
0.094243 0.112467 0.041356 0.075251 0.039616 0.182614 -0.077195 -0.070476 -0.154739 0.032657 -0.266929 -0.215010 -0.192796 0.120016 0.158476 0.126851 -0.172853 0.026976 0.089379 -0.375893 0.232704 -0.236300 -0.089834 0.143252 0.030801 -0.033783 0.000913 0.167034 0.269788 0.064417 -0.308038 -0.135095 0.116356 -0.011050 -0.029407 0.392624 0.073831 -0.054053 
0.173781 0.089709 0.142727 -0.360046 0.153640 -0.023729 0.025986 -0.108326 0.044396 -0.283473 -0.201130 -0.034049 -0.211933 0.346401 -0.113179 -0.039090 -0.061828 0.029635 0.272212 -0.482438 0.173506 -0.146340 0.086587 -0.127943 0.185715 -0.103674 0.006428 0.018592 0.151132 0.026423 -0.419768 -0.159814 0.092847 0.051376 0.114428 0.287802 0.294232 -0.151291 
0.132856 0.070342 -0.005636 -0.457991 0.105662 0.155042 0.040353 -0.154619 0.223087 -0.203712 -0.127461 -0.229199 0.113768 0.328257 -0.063258 0.186293 0.022041 0.237131 0.077742 -0.354878 0.420625 0.022893 -0.169693 -0.126395 -0.036431 -0.047093 0.158504 0.382028 0.315739 0.132610 -0.496201 -0.339413 0.152042 -0.020630 0.021025 0.442924 0.233584 -0.180232 
0.149089 -0.114805 0.005897 -0.562609 -0.065761 -0.085927 0.057254 -0.016278 0.243205 0.034985 -0.050625 -0.135934 0.247891 0.400256 -0.070228 -0.033524 0.061075 0.199521 0.146705 -0.194613 0.183441 -0.080914 -0.219837 -0.509251 0.292078 0.011117 0.097954 -0.084686 0.213957 -0.123788 -0.529686 -0.004672 0.297342 0.241417 -0.078009 0.517838 -0.030354 -0.038809 
0.158217 -0.018575 -0.066264 -0.620553 0.190104 0.083421 0.025543 -0.210196 0.420091 -0.033558 0.063735 -0.223417 0.267678 0.204782 0.004537 0.100534 0.024030 0.221994 -0.110199 -0.170430 0.421783 0.046019 -0.127095 -0.434007 -0.105199 0.102706 0.181294 0.006244 0.133579 -0.012377 -0.306031 -0.265721 0.320133 -0.009074 -0.175101 0.564213 -0.169183 -0.052759 
-0.027456 0.103531 -0.104374 -0.621989 0.222831 0.097068 0.101798 -0.158025 0.206400 0.057643 0.147317 -0.435263 0.336689 -0.068119 -0.054299 -0.179999 -0.278566 0.116033 0.109242 0.333502 0.233760 0.125276 0.120103 -0.381515 0.024205 -0.086525 0.274224 0.040297 0.331017 0.178390 -0.267780 -0.222979 0.390133 0.027535 -0.215308 0.779626 -0.109577 -0.110013 
-0.341480 0.063630 -0.422461 -0.792053 0.151393 0.189686 0.025835 -0.188943 0.445441 0.095030 -0.042010 -0.118645 0.663964 0.062207 -0.171782 -0.109571 -0.285171 -0.213108 0.023013 0.981780 0.484314 0.066916 0.033807 -0.372564 0.057244 0.119968 0.078551 0.244956 0.113962 0.150709 -0.039714 -0.157313 0.236977 0.488823 -0.011105 0.660147 -0.190157 -0.270713 
-0.309582 -0.227836 -0.616319 -0.818513 0.434784 0.189779 0.000435 -0.303470 0.737155 0.288779 0.123160 0.285220 0.944060 0.350214 -0.131228 -0.072518 -0.366064 0.024488 0.197656 1.435246 0.609312 0.154019 0.460364 -0.338886 -0.023593 0.270164 -0.020262 0.377810 -0.036651 0.005631 -0.152872 -0.376832 0.074286 0.272592 0.030458 0.729735 0.055366 -0.755686 
-0.196208 -0.089289 -0.606308 -1.168061 0.388138 0.217634 0.053199 -0.379060 0.775970 0.357142 -0.217764 0.031470 1.434031 0.370917 -0.304298 -0.094383 -0.340120 0.176035 0.237849 1.892786 0.772471 0.189006 0.729798 -0.369101 -0.056225 0.233174 0.045709 0.370198 0.061848 -0.212815 -0.170868 -0.347434 -0.060225 0.558834 -0.068856 0.696000 0.102039 -1.007654 
