0.018703 0.066051 -0.435566 -0.502674 -0.263214 0.314178 0.389262 -0.297433 -0.021748 -0.342515 0.066856 0.445935 -0.110240 0.337141 -0.027138 0.094269 
0.168455 0.184670 -0.088053 0.352629 -0.982452 0.006593 0.284522 -0.095756 -1.441104 0.400003 0.058555 0.095664 -0.859547 -0.104995 -0.587312 -1.254194 
-0.135940 0.175360 0.034821 -0.593632 0.892088 0.196042 -0.014949 -0.161385 0.177141 0.094621 -0.322564 -0.103000 -0.030521 0.119091 0.892537 0.420040 
-0.237704 0.075995 -0.059040 0.008739 -0.107715 0.155813 0.104925 -0.038874 0.032098 -0.969234 -0.920560 -0.617557 -0.592564 -0.112398 -0.888620 -0.161729 
0.154851 -0.032993 0.187376 -0.416338 0.688407 0.325780 0.092769 0.062258 0.328329 0.319323 -0.458689 -0.188482 -1.167069 -0.147569 0.111463 0.261217 
-0.405700 0.142983 -0.005830 -0.217716 0.014468 -0.040770 0.078431 -0.084294 -0.103012 -0.012095 -1.241275 0.028154 0.126118 -0.046236 0.458961 -0.203777 
0.119144 0.135603 0.109534 -0.751804 0.019329 -4.837155 -2.198306 0.152635 0.045013 0.014561 0.031413 0.216877 0.172392 -1.605394 -0.176334 0.160315 
0.182233 0.166199 0.043597 -1.084430 -0.727477 0.047659 -0.109334 0.129438 -0.058378 0.135002 -0.972793 0.133538 0.206457 -0.189570 -0.048167 0.194223 
0.062871 0.279954 0.285013 0.481372 -0.274988 0.357631 0.319798 0.263088 -0.167062 -0.030861 0.328095 0.255670 -2.025293 0.225925 0.295844 0.403937 
0.036218 0.101980 -0.002034 -0.202987 0.237982 -0.017631 0.296529 -0.584116 -0.762780 0.195943 0.202457 -0.660110 -0.000286 -0.061284 -0.397405 0.188124 
0.412220 0.025287 0.145463 -0.984455 0.192188 0.297693 0.185898 0.108588 -0.046040 -0.619650 0.126848 -0.026370 0.362292 0.355588 -0.221953 -0.017092 
0.322178 0.289855 0.230375 0.119315 -0.225729 0.005141 0.332059 0.229084 -0.026466 -0.264484 -0.774284 0.513846 -0.145012 -0.633660 -1.660300 0.137876 
-0.032126 -0.035583 0.068537 -0.077003 -0.122477 0.474257 -0.051781 -0.550704 -0.095115 -0.091768 0.217347 0.002425 -0.217507 0.081266 -0.585408 -0.105451 
-0.433091 -0.131862 0.028108 -0.122797 0.293987 0.171150 0.279859 0.044998 0.004559 0.525613 0.495902 -0.657665 -0.110467 -0.117635 -0.154189 -0.388773 
-0.404587 0.193438 0.187967 0.013889 0.399262 -0.238243 0.311365 -0.014393 -0.741949 0.088302 -0.237601 0.064572 -0.007580 0.118876 0.105296 -0.159307 
-0.029412 -0.048107 -0.077344 -0.074555 -0.069112 -1.440390 -0.749692 0.073080 0.179380 0.322547 -0.016570 0.110266 0.374345 -1.108331 -2.852051 -0.288028 
0.177146 -0.130384 0.154277 -0.338132 -0.392653 -0.348008 0.117218 0.125509 -0.065807 -0.867319 0.290961 -0.197154 -0.218930 0.276927 0.586402 -0.073942 
0.091508 -0.152001 0.160239 0.338009 -0.091429 0.231199 -0.151775 -0.159482 -0.635782 0.162300 0.089868 -0.312757 -0.435177 0.311720 -0.003471 -0.596163 
-0.067635 -0.509833 -0.061046 -0.068184 -0.212342 -0.390414 0.347676 0.292677 -0.045362 -0.077576 0.036139 0.191990 -0.104757 0.194034 0.075512 -0.952483 
0.341749 0.085086 -0.035683 0.226551 0.696724 0.773882 -1.233773 -0.301459 -0.174591 0.387797 -0.231500 0.014945 0.003035 -0.058816 -1.206790 0.451698 
0.253410 -0.321818 0.099733 -1.016356 -0.382871 0.525693 0.433130 0.066491 -0.472401 0.340337 0.130874 -0.641048 -0.183028 0.142770 0.438255 -0.948992 
-0.160068 0.101668 -0.139866 0.533659 0.455603 -0.008756 0.043207 -0.399168 0.173912 0.161913 0.184432 0.054476 0.222002 -0.079900 0.426433 -1.021830 
0.205573 0.224245 -0.225827 -0.792144 -1.296896 0.131661 0.144909 -0.185669 0.126423 0.274875 0.240670 0.319499 0.229557 0.023836 -0.145952 -0.447761 
-0.412415 0.112789 0.310554 0.435758 0.215120 0.096012 -0.653602 0.242260 -0.909240 0.560299 -0.140322 -0.017017 -0.467341 0.373297 0.110089 -0.449271 
0.259361 0.230813 -0.426745 -0.119426 -0.084317 -1.100987 -1.400323 0.154174 0.159127 -0.116535 -0.039480 0.270409 -0.162456 -0.943393 -0.722510 0.017070 
0.226197 -0.216660 0.164375 0.791429 0.571090 -0.070453 0.129844 0.210133 0.236194 0.056278 0.050069 -0.263234 -0.417948 0.060376 -0.199946 -0.573090 
-0.115626 0.332178 0.178493 0.168507 -0.279534 -0.052431 -0.595964 -0.248185 -0.381307 -0.688594 0.112268 -0.804393 0.624933 0.266672 0.006641 -0.393665 
-0.105021 -0.437861 0.267144 0.336069 0.382528 -0.081356 -1.364740 0.233088 -0.254814 0.047815 -0.249826 0.295725 0.339569 0.099317 -0.069954 -0.142375 
-0.087383 -0.161054 -0.020367 0.643806 0.113904 -0.016790 -0.145263 -0.017232 -0.403405 -0.414944 0.078180 -1.485304 -0.131695 0.087626 -0.334021 0.001160 
0.109888 -0.126081 -0.100573 0.342458 -0.580906 -0.074839 0.038365 -0.006728 0.108054 0.031526 -0.143555 0.109339 0.104220 -0.219895 -1.389776 -0.515127 
0.274705 0.277459 0.272141 0.320874 -0.889694 0.033140 0.171830 0.300762 -0.777664 0.091403 0.350428 -1.479119 -0.442352 0.516775 0.556571 0.265383 
-0.026801 -0.527681 0.104308 0.270783 0.229593 -0.292367 -0.225578 0.042393 -1.801475 -0.021167 -0.128810 -1.703453 -1.255376 0.119306 0.002332 -0.864346 
0.110293 0.088559 -0.046689 0.340387 0.379480 0.170942 -0.182828 -0.238343 0.421381 0.037774 -1.434308 0.284557 0.323244 -0.289140 -1.437279 0.298615 
-0.133713 0.241282 0.303234 -0.689424 -0.525553 0.324918 0.266882 -0.142317 -1.394479 -0.497199 0.365836 0.306203 -0.892978 0.303434 -0.564424 -0.703441 
0.222252 -0.032586 0.237596 -0.522270 -1.300495 0.087798 0.039403 0.253229 0.366930 0.111685 -0.030504 0.115580 -0.079333 0.017398 -0.017647 0.035750 
-0.053263 -0.350978 -0.001930 -0.581452 -0.569893 0.167233 0.039574 -0.058587 -0.593892 -0.028089 -0.869433 -0.756991 0.046643 0.105093 -0.373955 -0.473100 
-0.238645 -0.157699 -0.030016 -0.426755 0.592534 -0.346598 -0.775909 -0.040616 0.397994 0.332573 -0.079784 -0.877341 -0.389147 0.122310 -0.319255 -0.225192 
0.080376 -0.792291 -0.054799 -0.224525 -0.015033 -0.109438 0.048317 -0.026660 0.000976 -0.113619 -0.149340 -0.408887 -0.027493 -0.089402 0.505905 -0.566738 
