0.455353 0.502978 -0.077034 -0.362543 0.201187 0.100885 -0.870880 0.058225 -0.693830 -0.014028 -1.434527 0.237744 0.325947 -0.065414 -0.060861 0.127910 0.003750 -0.319023 0.038204 0.169179 -0.034095 -0.219088 0.335961 -0.182973 -0.589017 -0.524969 -0.128470 0.508670 0.105820 -0.175622 0.280964 0.149346 0.082720 -0.258498 -1.395124 -0.300073 0.392933 -0.527303 -0.404263 0.088719 
0.201843 0.488461 0.063585 -0.466361 0.142595 0.193562 -0.949137 0.226256 -0.645052 -0.110322 -1.145870 0.173494 0.597934 -0.152567 -0.091099 0.337450 0.141006 -0.081349 -0.189872 0.278669 -0.201345 -0.446007 0.025576 -0.293475 -0.507355 -0.415793 -0.095442 0.158500 0.060943 -0.445238 0.038910 -0.076764 -0.002082 -0.327331 -1.080350 -0.200479 0.283369 -0.072020 -0.133807 -0.063686 
0.309446 0.497232 -0.294095 -0.477945 0.213866 0.379713 -0.775773 0.158051 -0.401873 -0.106930 -0.990231 0.201971 0.351083 -0.230526 -0.377565 0.244029 0.135962 0.005121 0.083379 -0.024311 -0.299827 -0.450760 0.051959 -0.219172 -0.669697 -0.309842 -0.150117 -0.053914 -0.109685 -0.618876 -0.014322 0.118700 -0.094448 -0.068254 -1.149462 -0.195413 -0.016094 0.034290 -0.108295 0.100442 
0.175221 0.122880 -0.241210 -0.522323 0.205748 0.048077 -0.389988 0.003119 -0.397637 0.090139 -0.677640 0.198371 0.343820 -0.208215 -0.292180 -0.000617 -0.156661 0.121196 -0.065257 0.047751 -0.161027 -0.435665 0.118369 -0.318688 -0.442725 -0.427926 -0.147469 0.009406 0.033475 -0.639495 -0.171569 0.021495 -0.189078 -0.095853 -0.838807 -0.077572 -0.200420 -0.088698 0.008464 0.370035 
0.105629 0.047049 -0.363681 -0.287908 0.441251 -0.156502 -0.453815 0.014621 -0.372432 0.148322 -0.577686 0.243068 0.137566 -0.197419 0.021949 -0.008254 -0.063864 -0.123295 -0.100600 -0.092520 -0.186954 -0.375931 -0.067874 -0.219496 -0.306752 -0.204953 -0.366769 -0.001445 0.159215 -0.499778 0.073491 0.121090 -0.076124 0.063108 -0.695299 0.054117 0.062256 -0.248116 -0.084919 0.430639 
0.168806 -0.172215 -0.175239 -0.411808 0.377615 -0.130899 -0.050405 0.066367 -0.166134 0.275174 -0.276604 0.498679 0.014126 -0.226438 -0.199569 0.089733 -0.099254 0.195957 -0.012254 -0.013823 -0.112948 -0.218988 0.068880 -0.317625 -0.058870 -0.163611 -0.203150 0.106198 -0.044912 -0.254306 -0.030419 0.002992 0.098614 0.180601 -0.647989 0.099751 0.116461 -0.284445 0.071788 0.241877 
0.120216 -0.115319 -0.276662 -0.372868 0.386902 0.238795 0.053950 0.094554 -0.159412 -0.004722 -0.086373 0.275905 -0.042139 -0.160369 -0.185959 0.057271 0.026888 -0.000074 0.004587 -0.067265 -0.053820 -0.180156 0.008494 -0.117475 0.109141 -0.299311 -0.036438 0.172322 -0.081194 -0.280769 0.079663 0.014395 -0.048618 0.173735 -0.422003 -0.052335 0.091738 -0.120042 0.196472 0.361673 
0.153801 -0.107873 -0.287142 -0.214220 0.094656 0.094819 0.082124 0.097813 -0.001132 -0.088146 -0.158060 0.211705 0.078010 -0.075115 0.094506 -0.177684 0.150412 -0.029299 -0.072889 -0.072439 0.056833 -0.058861 -0.238352 -0.396273 0.118511 -0.096778 -0.210685 0.004149 -0.108830 -0.164876 0.025247 -0.227157 0.027209 0.090353 -0.658037 -0.073767 0.133225 -0.117647 0.122555 0.188295 
0.028891 -0.116444 -0.212884 -0.285887 0.423459 -0.053106 0.173432 0.173937 -0.082692 -0.276686 0.007114 0.050580 0.180205 -0.049793 -0.095275 -0.146066 0.030148 0.008130 -0.077260 0.046470 -0.106222 0.042454 -0.018724 -0.307675 0.336232 -0.008404 -0.223588 -0.160956 0.021029 -0.062406 0.093930 0.078693 -0.093011 0.374110 -0.465030 0.008034 0.121606 -0.141582 -0.087700 0.407034 
-0.094250 -0.411186 -0.191369 0.114455 0.194208 -0.189096 0.113808 0.234173 0.012770 -0.092473 -0.035059 0.143854 0.125009 -0.026882 0.086142 -0.379270 -0.224733 -0.096348 0.126958 0.184404 0.047938 -0.010478 -0.069315 -0.315844 0.344989 0.150708 -0.177052 -0.044808 -0.335685 -0.119584 0.111136 0.185443 0.199274 0.230571 -0.399056 0.206482 0.075489 -0.008815 -0.154426 0.413771 
0.142798 -0.032588 -0.138579 -0.022706 0.285327 -0.065919 0.194858 0.304897 0.231955 0.331907 0.024328 0.024060 0.021497 -0.162253 0.005597 -0.388361 0.037590 0.154492 -0.103683 -0.014222 0.150340 0.070448 0.057546 -0.366310 0.379314 0.132481 -0.075679 -0.073439 -0.338879 -0.198280 0.164754 0.203932 0.154381 0.262900 -0.021475 -0.024653 0.031572 -0.051783 0.143865 0.232697 
0.274695 0.037609 0.002795 0.184800 0.122551 -0.069614 0.057965 0.218177 0.083092 0.354143 0.269868 0.334306 -0.110328 -0.054124 -0.021514 -0.396656 -0.170416 0.097278 0.052550 -0.018550 0.131093 0.128847 -0.086255 -0.429310 0.363772 0.101529 -0.093323 -0.279527 -0.070255 -0.179340 -0.265137 0.102239 0.090299 0.306833 -0.278434 0.163762 -0.054270 -0.109159 -0.108251 0.347796 
-0.063413 0.284644 -0.002405 0.218634 0.190752 -0.163778 0.186416 0.292625 0.283210 0.296972 0.136888 0.509914 -0.068661 -0.045168 -0.070457 -0.311448 -0.115435 -0.093613 0.192787 -0.092537 0.162682 0.206710 -0.015625 -0.565442 0.342879 0.291743 0.105146 -0.172136 -0.180013 -0.128575 -0.245351 -0.078164 0.096443 0.214211 -0.200150 0.012793 -0.029096 -0.106613 0.274688 0.403056 
0.009959 0.252387 0.118468 0.117664 0.294023 -0.283435 -0.175363 0.072373 0.279472 0.055241 0.193991 0.147780 -0.255864 -0.021660 -0.238816 -0.112989 -0.061429 0.037257 0.057652 0.040070 0.151156 0.087416 -0.048565 -0.434343 0.380411 0.232623 -0.063704 -0.176677 0.095709 -0.191425 -0.163966 -0.001196 -0.085528 0.115862 -0.257351 0.003937 -0.035917 -0.034725 0.119977 0.276027 
0.015517 0.241248 0.285836 0.080165 0.222906 -0.039971 -0.207200 0.132933 0.464669 0.071502 0.336387 0.002815 -0.189088 0.059698 0.057112 0.154282 -0.031061 -0.102384 -0.000182 0.024799 0.121692 -0.050415 -0.080466 -0.446532 0.449142 0.531443 0.174843 -0.219164 0.033203 -0.053294 -0.271880 0.118522 -0.329290 0.193133 -0.190124 -0.037791 -0.033624 0.089807 -0.028056 0.532594 
-0.117606 0.159570 0.172307 0.387745 0.189761 -0.194775 -0.063611 0.134568 0.387449 -0.090751 0.309695 -0.168943 -0.205172 -0.005892 0.145516 0.109789 0.020957 -0.142057 0.179246 0.065029 0.016888 -0.104483 0.071188 -0.369024 0.442190 0.683420 -0.067292 -0.245920 0.079549 0.003976 -0.286325 0.130591 -0.284540 0.192468 -0.315229 -0.047427 0.103613 0.136623 0.132353 0.354745 
-0.000603 0.168130 0.125999 0.436771 -0.131076 0.057116 -0.035996 -0.225241 0.299733 -0.256833 0.291726 -0.128559 -0.369072 -0.009009 0.117501 0.054235 -0.016928 0.006483 0.027648 0.151262 0.111740 -0.012576 0.057998 -0.399571 0.407171 0.504426 -0.264910 -0.157476 0.157464 0.126266 -0.168002 0.010688 -0.094688 -0.039878 -0.057787 0.153217 -0.023171 0.072759 0.152693 0.028259 
-0.055878 0.210474 0.303131 0.574286 -0.030757 0.136267 -0.078204 -0.147675 0.073491 -0.219600 0.394549 -0.043121 -0.299179 -0.063139 0.162903 0.088217 -0.109138 0.050090 0.004912 0.198532 0.024009 -0.020461 -0.006972 -0.160700 0.228541 0.372874 -0.188139 -0.165986 0.066621 -0.001402 -0.108024 0.145346 -0.080437 0.214377 0.048618 -0.078991 -0.063171 -0.190951 0.110853 0.026112 
0.207862 0.144595 0.255729 0.434181 -0.097805 -0.013384 0.153529 -0.354294 0.137467 0.051514 0.519043 -0.239177 -0.037441 -0.072322 0.357341 0.201873 -0.255194 0.304347 -0.052219 -0.038891 -0.057144 -0.114900 0.100758 -0.121790 0.060321 0.617320 -0.123529 0.073590 0.261559 0.300052 -0.256405 0.259857 -0.073565 0.047432 -0.081848 -0.005330 0.111196 -0.221951 -0.043092 -0.194398 
0.193086 0.108920 0.412311 0.654800 -0.088707 0.050905 -0.162444 -0.349039 0.254126 -0.029939 0.326901 -0.180600 0.177679 -0.004047 0.376199 -0.099596 0.084282 0.202328 0.117259 0.022121 -0.093566 -0.148239 -0.118233 0.143026 0.207956 0.596293 0.320075 0.082600 0.244715 0.144747 -0.341585 0.140243 -0.325265 0.065367 -0.038277 -0.259384 0.217048 0.029008 0.174820 0.184082 
0.006726 0.255930 0.595297 0.559845 0.155466 0.149401 0.069718 -0.490742 0.273117 -0.160398 0.184772 -0.117587 0.036321 -0.064313 0.173152 0.127173 -0.005001 0.277695 0.375710 -0.067888 -0.324356 -0.263446 -0.057127 0.192172 -0.015713 0.530510 0.179010 0.363169 0.016090 0.298098 -0.479344 0.309455 -0.262555 -0.062363 -0.060407 -0.168632 0.104951 0.000083 -0.028604 0.180784 
0.173229 0.207143 0.405224 0.474266 -0.006467 0.016310 -0.112941 -0.241543 0.282565 -0.059579 0.049747 -0.203100 -0.016147 0.122124 0.423172 0.072281 0.103472 0.236323 0.263660 -0.166042 -0.151859 -0.381147 -0.070436 0.011402 0.159349 0.867433 0.431944 0.116401 0.195724 0.461863 -0.375005 0.177336 -0.245866 -0.162064 -0.004338 -0.228017 0.115192 0.198865 0.054890 -0.172214 
0.200232 0.107503 0.535591 0.666436 0.005301 -0.165338 -0.023584 -0.063625 0.072142 -0.124447 0.113377 0.119058 0.048845 0.084256 0.278209 -0.026036 0.208153 0.202540 0.531886 -0.109501 -0.174705 -0.026645 -0.155652 0.299365 -0.015344 0.702727 0.281569 0.250882 0.455519 0.466848 -0.211813 0.004237 -0.179117 -0.071532 0.074230 -0.374370 -0.308886 0.258154 0.085895 0.037642 
-0.114113 -0.062886 0.403168 0.589926 -0.027087 -0.113627 0.110551 -0.029557 0.274917 0.217084 0.429221 -0.219879 0.032688 -0.086897 0.299857 0.071511 -0.026685 0.290268 0.447128 0.140432 -0.378058 0.025523 -0.117996 0.105776 -0.080776 0.783394 0.184566 0.113988 0.368685 0.399063 -0.394986 0.027055 -0.237578 0.000501 0.129515 -0.252761 -0.182506 0.492429 0.135471 -0.063439 
0.037530 0.041799 0.537781 0.381864 -0.078946 -0.133120 0.025684 -0.042548 0.251694 -0.070436 0.466352 -0.359669 0.205508 -0.101941 0.059030 0.205741 0.156566 0.262035 0.270146 0.224664 -0.209926 -0.226440 -0.100044 0.342511 0.132871 0.868965 -0.027846 0.191302 0.481550 0.142752 -0.494770 0.032945 -0.065932 0.314759 0.256116 -0.201781 0.149607 0.491319 0.031905 -0.043985 
-0.143318 -0.099846 0.377136 0.378941 0.017124 -0.030777 -0.143185 0.142416 0.375241 -0.019815 0.309939 -0.366704 0.043460 -0.205135 -0.029680 0.329215 0.166391 0.133876 0.461486 0.209851 -0.021802 -0.119571 -0.124681 0.324594 0.214949 0.659842 0.387946 0.336654 0.359920 0.198441 -0.286707 0.097541 -0.244036 0.313908 0.267173 -0.311925 0.060825 0.569319 0.134703 -0.203296 
-0.031897 0.255988 0.183367 0.500221 -0.235673 -0.014288 0.057229 0.127695 0.130841 -0.021746 0.107379 -0.154902 -0.021055 0.107118 0.082712 -0.010192 -0.065877 0.005794 0.481710 0.344338 -0.143596 -0.009898 -0.115395 0.364500 0.101501 0.461566 0.322310 0.369717 0.385440 0.213530 -0.314942 0.175243 -0.172297 0.309531 0.270678 -0.228188 -0.212625 0.443299 0.249293 -0.296820 
-0.213470 0.229171 0.256013 0.530234 -0.231938 -0.081063 -0.105195 0.095530 -0.234099 -0.112976 0.221325 -0.130757 -0.037992 0.064029 0.265084 -0.102730 -0.150418 0.094410 0.020735 -0.070439 -0.159463 0.224583 0.002107 0.253928 0.060115 0.467664 0.186698 0.295890 0.296403 0.187183 -0.259746 0.206016 -0.014574 0.336066 0.244119 -0.203966 -0.170058 0.455599 0.157795 -0.406292 
-0.172695 0.133335 0.312919 0.657045 -0.241531 -0.095499 0.032998 0.231410 0.137509 -0.028474 0.242705 -0.126057 -0.032307 0.100515 0.196992 0.124289 -0.105095 0.176877 0.238867 0.067566 -0.144033 0.281957 -0.110414 0.305997 0.120978 0.485432 0.315379 0.197404 0.119392 0.601461 -0.155787 0.423856 -0.084421 0.160754 0.098147 -0.090687 -0.232151 0.369986 0.026131 -0.341729 
-0.054167 0.235889 0.160762 0.316484 0.020090 0.074613 -0.130762 -0.012897 0.105504 0.007255 0.275426 -0.235103 -0.105501 0.045100 0.019158 -0.084082 -0.188442 0.331007 0.145568 0.097854 -0.308605 0.372157 0.020481 0.089613 0.132585 0.497919 0.157550 0.210439 0.311304 0.550233 -0.338839 0.406196 -0.028946 0.188435 0.069631 -0.127732 -0.231740 0.476928 0.053698 -0.305250 
0.214160 0.252480 0.118707 0.534912 -0.150169 -0.213510 -0.050431 0.089391 0.200414 0.112141 0.253218 -0.233693 -0.135580 0.005272 0.025620 0.058937 0.046600 0.194341 0.097707 0.127069 -0.156075 0.166181 0.117583 0.096092 0.127729 0.083194 0.301103 0.071962 -0.082014 0.303950 -0.310972 0.259805 0.224853 0.243207 0.527671 0.079885 -0.233807 0.443028 0.091572 -0.550228 
0.105367 0.041098 0.214189 0.350300 -0.200806 -0.002728 0.021454 -0.008185 0.173023 0.043094 0.188790 -0.058672 0.049172 -0.106008 0.025147 -0.006362 0.108331 0.312952 0.286048 0.218027 -0.187736 0.172783 -0.122208 -0.016599 -0.077891 0.161296 0.250435 0.155319 -0.019303 0.492304 -0.176393 0.457281 0.209823 0.053701 0.305782 0.130388 -0.071344 0.199733 -0.062672 -0.484521 
0.107794 0.127741 0.128859 0.531700 -0.262915 -0.052948 -0.044445 0.096582 0.152697 -0.280676 0.152984 -0.051944 -0.021470 -0.059206 0.103967 0.110733 0.036152 0.282225 0.118998 -0.051285 -0.022624 0.044083 -0.075445 0.027272 0.099852 0.297988 0.367583 0.256464 -0.234376 0.314121 -0.394299 0.202711 0.288340 0.150518 0.476186 0.172640 -0.034349 0.435087 -0.242796 -0.387658 
-0.056883 -0.023144 0.256257 0.522585 -0.209600 -0.085502 0.208792 0.175217 0.031164 -0.051205 0.174721 -0.117876 0.122169 0.216869 0.125623 0.166432 -0.133815 0.402914 0.100605 -0.066876 -0.024506 -0.022447 -0.138699 0.121921 0.090064 0.137834 0.631375 0.149844 -0.494327 0.307798 -0.231049 0.082979 0.253324 -0.043930 0.484136 0.046402 -0.227624 0.343004 -0.294360 -0.463019 
-0.077992 0.046906 0.514297 0.469355 -0.081983 -0.112386 0.161272 -0.088848 0.022562 0.091814 0.199722 -0.263666 0.051655 -0.042919 0.129485 0.042349 -0.125109 0.217309 0.010528 -0.300342 0.003341 0.107243 0.011763 0.111354 0.332903 -0.143255 0.549512 0.107061 -0.334428 0.258664 -0.518239 -0.018340 0.249002 -0.060820 0.464923 0.080302 -0.042030 0.228924 -0.388338 -0.518996 
-0.006485 -0.006870 0.388446 0.505251 -0.162024 -0.028316 0.370532 0.160101 -0.456033 0.144017 0.196113 0.139886 0.006457 -0.012713 0.037328 -0.078141 -0.036820 0.176436 -0.127185 -0.243714 0.280532 0.263526 0.015732 0.260513 -0.002088 0.061208 0.341246 0.094747 -0.326629 0.236251 -0.257362 0.318777 0.219495 -0.079314 0.477330 0.620156 -0.103245 0.035218 -0.212214 -0.803984 
-0.092933 0.231881 0.283109 0.446172 -0.323099 0.127086 0.575060 0.157885 -0.481706 0.087482 0.163912 0.174661 -0.246218 -0.032084 0.186768 0.172248 -0.242109 -0.042708 0.100838 -0.350779 0.224625 0.206168 0.172700 0.158655 0.176045 -0.181706 0.118797 0.117867 -0.483926 0.329839 -0.125670 0.403271 0.405376 0.017848 0.342305 0.515778 -0.086396 -0.016330 -0.284569 -0.653649 
-0.161281 0.112394 0.416978 0.456047 -0.058022 0.103222 0.320167 0.011677 -0.453272 -0.194153 0.060342 0.193739 -0.086383 -0.090644 0.106127 0.214981 0.069629 -0.370109 0.046310 -0.503981 0.228492 0.173690 0.241527 0.160617 0.139328 -0.189105 0.064366 -0.152001 -0.477703 0.193647 -0.328618 0.452868 0.341327 -0.339540 0.561318 0.758996 -0.104734 -0.052901 -0.442218 -0.988393 
-0.116185 0.361218 0.125989 0.048661 -0.322691 0.127854 0.252599 -0.068242 -0.369903 -0.109067 0.144300 0.123740 -0.206983 -0.045304 0.204419 0.178260 -0.077916 -0.135826 -0.140044 -0.429722 0.625203 0.083182 -0.046878 0.104918 0.081690 0.045626 -0.083419 0.052680 -0.737480 0.204753 -0.395222 0.402514 0.226691 -0.376131 0.734604 0.776049 -0.090508 0.107168 -0.291486 -0.880353 
-0.096664 0.525886 0.144838 0.142315 -0.325755 0.300061 0.149262 -0.045065 -0.150584 -0.238119 -0.028919 0.206822 -0.430736 0.021334 -0.074945 0.185822 -0.106098 -0.226560 -0.096147 -0.434124 0.613398 0.118804 0.154795 0.196527 0.124412 -0.046933 -0.221237 -0.074212 -0.559075 0.299254 -0.213621 0.271791 0.537378 -0.329386 0.373499 0.525795 0.038572 0.030842 -0.066422 -0.625605 
0.087914 0.497850 0.310644 -0.030926 -0.308973 0.321448 0.213999 0.228023 -0.180155 -0.100659 -0.048550 0.582706 -0.216826 -0.054826 0.122428 -0.036349 -0.292382 -0.485341 -0.116525 -0.567699 0.609447 0.136435 0.118528 0.130426 0.117657 -0.071697 -0.381570 -0.162131 -0.641335 0.105246 -0.318043 0.222632 0.435185 -0.327222 0.539393 0.649745 -0.306817 0.075036 -0.075546 -0.486964 
0.082370 0.446033 0.282408 -0.076374 -0.292086 0.095166 0.209617 0.007560 -0.289337 0.138264 0.319187 0.540956 -0.224969 0.028066 0.309670 -0.053976 -0.174558 -0.233839 0.067159 -0.470749 0.443757 0.416422 0.146276 0.070508 0.003852 -0.216042 -0.364776 -0.191479 -0.814602 0.249232 -0.101942 0.280430 0.538581 -0.149665 0.231663 0.518968 -0.175239 0.060790 -0.059112 -0.530624 
0.101041 0.257905 0.157906 -0.183483 -0.283700 0.032731 0.264141 -0.080996 -0.170272 -0.149146 0.197555 0.609488 -0.062912 0.025469 0.228116 0.001703 -0.121751 -0.347740 0.359012 -0.548707 0.250776 0.345208 0.156761 0.164426 0.279072 -0.225261 -0.327029 -0.434137 -0.512666 0.184119 -0.215644 0.320746 0.703097 -0.553537 0.209230 0.377904 -0.022905 0.184555 -0.137790 -0.413225 
0.042538 0.290144 -0.056059 -0.231509 -0.192366 0.047033 0.413746 0.090325 -0.246826 -0.185147 0.311555 0.504568 -0.205021 0.174998 0.251805 0.181244 -0.111321 -0.309651 0.276566 -0.505660 0.363091 0.188210 0.003179 0.337297 0.149047 -0.220055 -0.462679 -0.366304 -0.531653 -0.013975 -0.205214 0.425550 0.520929 -0.446043 0.064030 0.201015 -0.030566 -0.131875 -0.214770 -0.439122 
-0.040282 0.302979 0.074187 -0.277961 -0.107264 0.120940 0.482880 0.163704 0.045658 -0.108080 -0.037120 0.341056 0.038158 0.362741 0.296367 0.173730 -0.037775 -0.218845 0.079445 -0.322521 0.082042 0.247663 -0.045464 0.484490 0.242654 -0.358354 -0.184177 -0.387247 -0.623213 -0.211064 -0.062601 0.215225 0.678102 -0.513799 0.113704 0.254487 0.113884 -0.124879 -0.292302 -0.256148 
-0.052706 0.208825 0.084114 -0.172258 0.049127 0.218447 0.512761 0.037664 -0.114141 0.080289 0.163508 0.371092 0.016929 0.243200 0.114180 0.313610 -0.085954 -0.223986 0.081520 -0.277294 0.192305 0.172294 -0.270913 0.481107 0.164946 -0.398730 -0.278091 -0.208813 -0.445835 -0.291508 -0.029715 0.258209 0.405941 -0.506893 0.297941 0.361347 0.032906 -0.289266 -0.207308 -0.023122 
-0.087090 0.218321 -0.332674 -0.279957 0.114941 0.246005 0.481555 -0.025328 -0.274262 0.174724 0.201481 0.274816 -0.046413 0.204543 0.297801 -0.024971 -0.204220 0.144133 -0.070626 -0.160829 -0.015352 0.381321 -0.311208 0.332182 0.369822 -0.404534 -0.215956 -0.274668 -0.045787 -0.245410 -0.035609 0.264923 0.556193 -0.415502 0.478351 0.391657 0.040701 -0.293248 0.052783 -0.046166 
0.016952 0.189902 -0.262745 -0.285540 -0.250269 -0.072858 0.336346 -0.060989 -0.201730 0.225713 0.120541 0.242492 0.280139 0.154904 0.081948 -0.039307 -0.269344 -0.103189 -0.349783 -0.136823 -0.265085 0.505467 0.090707 0.434689 0.042172 -0.617874 -0.208477 0.105230 0.170866 -0.136559 0.341951 0.182495 0.491341 -0.572555 0.353560 0.175037 0.166970 -0.248984 0.038451 0.051381 
-0.026337 0.178290 -0.407143 -0.433987 -0.026387 -0.004106 0.221613 -0.090145 0.171103 0.270874 0.258523 0.135389 0.270548 0.175362 0.017735 0.025442 -0.101826 -0.083274 -0.089141 -0.173463 -0.224318 0.387405 -0.106966 0.284637 -0.029280 -0.826899 -0.318781 -0.282154 0.024551 -0.140413 0.249636 0.218359 0.281549 -0.477921 0.644646 0.120550 0.227510 -0.234396 0.017841 0.228718 
0.149431 -0.233694 -0.580301 -0.482230 -0.259703 0.091075 0.292823 -0.135199 -0.089244 0.197284 0.083808 -0.174835 0.328991 -0.030914 -0.049897 0.195508 0.120948 0.027670 -0.349401 0.115109 -0.333451 0.377032 -0.063345 0.117078 -0.065824 -0.600677 0.033746 -0.380066 0.213648 -0.163833 0.349440 -0.107076 0.409527 -0.197465 0.310695 -0.015446 -0.019225 -0.278890 0.106288 0.187510 
-0.095463 -0.148314 -0.461557 -0.486984 -0.131404 -0.037677 0.241322 -0.103024 0.065584 -0.155479 0.168272 -0.244949 0.222918 -0.078511 -0.152919 0.108384 0.111556 -0.156780 -0.371302 0.098884 -0.372808 0.341809 -0.129656 0.024082 -0.012307 -0.747270 -0.241316 -0.330667 0.171134 0.109512 0.303287 0.119982 0.315173 -0.228617 0.472668 -0.499319 -0.136072 -0.360100 0.094809 0.343851 
-0.028905 -0.357382 -0.157649 -0.470970 0.018000 0.020545 0.419523 0.126297 -0.122576 -0.005005 0.402815 -0.087345 -0.059283 -0.026135 0.058080 0.045799 0.036498 -0.193618 -0.426974 0.216677 -0.362770 0.362430 -0.034267 -0.041865 -0.320177 -0.734801 -0.066007 -0.382584 0.404483 0.290108 0.391041 0.043198 0.293196 -0.251028 0.483863 -0.599598 -0.225620 -0.194767 0.093594 0.450680 
-0.120311 -0.543306 -0.301445 -0.418685 -0.088422 -0.114792 0.607425 -0.113965 -0.145864 -0.150233 0.369757 -0.310973 0.104301 -0.006059 -0.226922 -0.063338 0.057380 -0.035205 -0.478416 0.225526 -0.748416 0.123173 0.014137 0.091822 -0.074974 -0.812852 -0.135711 -0.299122 0.277133 0.191158 0.487445 -0.309442 0.023300 -0.238141 0.321527 -0.654567 -0.164721 -0.299296 0.103156 0.495720 
0.151283 -0.677107 -0.108744 -0.396446 0.015235 0.079276 0.407321 -0.138724 0.158001 -0.298489 0.179464 -0.382547 -0.020552 -0.032438 -0.240833 -0.055275 0.396331 -0.028620 -0.357288 0.430186 -0.470100 0.082787 0.079348 0.262181 -0.230108 -0.653385 -0.219696 -0.308429 0.253136 0.294313 0.633707 -0.205145 0.221636 -0.072025 0.315866 -0.518407 -0.017902 -0.119977 0.145172 0.232053 
0.074225 -0.664886 -0.074490 -0.395325 0.222278 0.039911 0.265308 -0.068268 0.026541 -0.260977 0.311837 -0.739745 -0.004379 -0.133340 -0.434434 0.155361 -0.019082 -0.090530 -0.321651 0.420717 -0.424336 0.017324 -0.098016 0.204675 -0.379819 -0.515145 -0.243056 -0.299702 0.074412 0.359403 0.443292 -0.070783 0.116112 -0.068508 0.040383 -0.290686 0.078878 -0.043848 0.196188 0.510527 
-0.072632 -0.573269 -0.300251 -0.342929 0.064000 0.217878 0.339039 -0.194397 -0.083155 -0.326906 0.349534 -0.446258 -0.162745 0.183407 -0.158752 0.269572 -0.114441 -0.122713 -0.355485 0.328454 -0.545549 0.151781 -0.075086 0.292832 -0.605078 -0.519810 -0.151483 -0.577758 0.189274 0.195314 0.433241 -0.474011 -0.153274 0.147734 0.112554 -0.414215 0.113214 0.109657 0.058045 0.555080 
-0.074924 -0.319600 -0.243022 -0.206933 0.305609 0.069729 0.227413 -0.135168 -0.076063 -0.327126 0.069620 -0.259244 0.105547 0.095840 -0.247689 0.113154 -0.118810 -0.213790 -0.558480 0.340554 -0.309154 0.003865 0.117896 0.023584 -0.539261 -0.584114 0.071731 -0.359476 0.154388 0.169249 0.422469 -0.455411 0.126893 0.355452 0.176431 -0.476281 0.119859 0.027429 0.288069 0.574679 
-0.190570 -0.032910 -0.400104 -0.137016 0.199605 0.133269 -0.072270 -0.187096 -0.034321 -0.466857 0.186489 -0.342104 -0.123383 0.137877 -0.498809 -0.143796 -0.107908 -0.200594 -0.374559 -0.006162 -0.451475 0.108999 0.121609 0.099171 -0.789909 -0.588692 0.200895 -0.669933 0.245411 0.019781 0.270433 -0.518390 0.001237 0.199548 0.014606 -0.323296 0.365014 -0.063008 0.073680 0.678632 
-0.343328 0.213705 -0.369105 -0.373966 0.389248 0.141757 -0.028950 -0.135565 0.100366 -0.552624 0.032223 -0.268983 -0.249474 0.332863 -0.522874 -0.034126 0.059778 -0.188479 -0.371736 0.006674 -0.540188 0.164698 0.275589 -0.029671 -0.677376 -0.291009 0.238361 -0.282209 0.258772 0.038032 0.282483 -0.716587 0.129735 0.505042 -0.186513 -0.205734 0.219999 0.034306 0.242832 0.687595 
-0.225101 -0.016068 -0.271184 -0.214882 0.442241 0.099594 -0.262075 -0.132785 -0.139738 -0.532079 0.156936 -0.397492 -0.281444 0.140042 -0.691517 -0.066635 0.009340 -0.387893 -0.608488 -0.200113 -0.399389 0.026723 0.196198 0.001896 -0.535983 -0.346741 0.088827 -0.377132 0.287105 0.133245 0.289515 -0.897526 -0.171374 0.478890 -0.092879 -0.248446 -0.015890 0.046870 0.181576 0.512981 
-0.085336 0.230642 -0.354184 -0.256257 0.394672 -0.091600 -0.456512 -0.131473 -0.211587 -0.391629 0.326466 -0.252532 -0.426622 0.059983 -0.478271 0.054912 0.051530 -0.461567 -0.321393 -0.607694 -0.399368 0.034222 0.050616 -0.381042 -0.536104 -0.351338 -0.042576 -0.415792 0.200826 0.005329 0.246132 -0.990185 -0.125594 0.468144 -0.198754 -0.173827 -0.113231 -0.049856 0.382261 0.467141 
-0.194100 0.187616 0.022125 -0.305164 0.283517 -0.066871 -0.267253 -0.157467 -0.143310 -0.230120 -0.052792 -0.328978 -0.226194 0.122882 -0.512543 -0.009139 0.024475 -0.496163 -0.445245 -0.678625 -0.200468 0.052982 0.081556 -0.526184 -0.650975 -0.355183 -0.059963 -0.086647 0.248950 0.197281 0.275213 -0.852495 -0.509796 0.595899 -0.011032 0.059271 0.021822 0.028140 0.264627 0.266579 
0.110258 0.292338 -0.187303 -0.220186 0.085408 -0.387308 -0.397115 -0.178273 0.186996 -0.175154 -0.172565 -0.715245 -0.042189 0.053708 -0.321726 0.111135 -0.130276 -0.492288 -0.156605 -0.455519 -0.315775 -0.118194 0.001896 -0.273018 -0.552975 -0.239977 -0.193484 0.070902 0.228015 0.246418 0.262567 -0.716410 -0.612508 0.606727 0.062132 0.048304 0.015843 0.081273 0.267770 0.311390 
0.227516 0.364070 -0.209115 0.048177 0.220493 -0.372238 -0.352869 -0.105002 0.358149 -0.358628 -0.221164 -0.736561 0.056721 0.150683 -0.310025 -0.043474 0.094360 -0.707309 -0.127295 -0.304179 0.034845 -0.439643 -0.089841 -0.078979 -0.351638 -0.067205 -0.137560 0.044181 0.147856 0.273567 0.232711 -0.464917 -0.671843 0.463597 0.128223 -0.028756 -0.124458 0.060772 0.223436 0.375248 
0.053408 0.337190 -0.084930 -0.045965 0.181863 -0.319156 -0.363547 -0.098229 0.414856 -0.448273 -0.382573 -0.678607 0.158668 0.276838 -0.128599 -0.015338 -0.070892 -0.593600 0.407534 -0.163094 0.235815 -0.182584 0.205386 -0.078460 -0.392506 -0.031855 -0.036873 -0.032817 0.207957 -0.032398 -0.020591 -0.414317 -0.484216 0.508995 0.052509 -0.196556 -0.130130 -0.014094 -0.032840 0.144453 
0.051515 0.286653 0.029433 -0.186567 0.340267 -0.281947 -0.238542 0.026910 0.287503 -0.429256 -0.423346 -0.680648 0.226920 -0.005171 -0.155278 0.063671 0.068998 -0.627491 0.304863 -0.087172 0.391119 -0.343087 0.190013 -0.010961 -0.239345 0.032224 -0.171831 0.210989 0.435709 0.178380 0.109217 -0.190376 -0.365729 0.800031 -0.030356 0.020051 -0.200367 -0.266465 0.115221 -0.040696 
-0.044671 0.111266 -0.004055 -0.297086 0.062906 0.155719 -0.131002 -0.036722 0.530810 -0.330167 -0.243129 -0.515232 -0.150831 0.123459 -0.143886 0.048694 0.265991 -0.597009 0.202309 -0.127750 0.537550 -0.314560 0.151107 0.200912 -0.124226 0.079558 -0.151234 0.135433 0.435007 -0.049083 0.061001 -0.469770 -0.086070 0.516023 0.057254 -0.014355 -0.285071 -0.312437 -0.105247 0.067479 
-0.006487 0.131374 0.045696 -0.198366 -0.131880 0.287129 -0.066520 0.266014 0.652219 -0.095698 -0.235953 -0.448274 0.016455 0.111680 0.103267 -0.141430 0.152464 -0.457436 0.158800 0.191994 0.618611 -0.162055 -0.020809 0.076720 -0.127403 -0.108542 -0.275563 0.226304 0.268374 0.041577 0.367389 -0.547402 -0.023743 0.202052 -0.353509 0.161305 -0.348255 -0.397474 -0.088925 0.140762 
-0.042536 0.218418 0.230712 -0.244699 0.084671 0.496184 -0.336239 0.145506 0.573645 0.026392 -0.199766 0.075982 -0.126952 0.090396 0.254769 -0.078979 0.243414 -0.249948 -0.157906 0.303327 0.714388 -0.316386 -0.121331 0.338866 -0.246040 0.008926 -0.110672 0.040599 0.196603 -0.188923 0.406405 -0.928679 0.401679 0.102564 -0.122618 -0.062164 -0.312984 -0.428232 -0.242555 0.224466 
-0.186572 0.198431 0.310152 -0.354026 -0.145817 0.533400 -0.106708 0.126744 0.572869 -0.003412 -0.138743 0.049446 -0.114986 0.032832 0.480348 -0.182690 0.048350 0.150624 0.030243 0.533195 0.710579 -0.410022 -0.269043 0.446018 -0.043880 -0.109351 -0.227696 0.124159 0.595160 -0.566973 0.486079 -0.547609 0.323168 0.238246 -0.013390 0.053133 -0.238666 -0.370675 -0.025720 0.149692 
-0.335729 0.197376 0.263147 -0.381662 0.081598 0.689684 -0.029770 0.203060 0.489086 0.218830 0.197102 0.214201 -0.244892 0.044866 0.582146 -0.318562 -0.012137 0.481203 -0.096633 0.587122 0.790267 -0.404095 -0.098313 0.463149 0.041775 -0.157644 -0.470009 0.159538 0.553110 -0.640366 0.574581 -0.787493 0.687663 0.085384 -0.016007 0.062480 -0.314547 -0.225835 -0.375878 0.193904 
-0.229291 0.227166 0.010026 -0.390711 0.176483 0.455845 -0.071054 -0.015342 0.371185 0.527675 0.275662 0.408361 -0.049896 0.420820 0.420000 -0.042721 -0.212924 0.905412 0.355595 0.459039 0.372853 -0.248844 -0.283283 0.593691 0.136405 -0.158029 -0.550376 0.003955 0.333718 -0.780863 0.405183 -0.446574 0.776726 -0.100166 -0.000867 0.149096 -0.137943 -0.305872 -0.070337 0.150354 
0.124979 0.107207 0.055978 -0.416240 0.139334 0.486794 0.009720 -0.128573 0.349550 0.631921 0.165744 0.567445 -0.272894 0.164215 0.224782 0.106482 0.088663 0.855825 0.229141 0.510276 0.147596 0.043883 -0.229567 0.380137 0.043974 0.048474 -0.766228 0.315177 0.499013 -0.421403 0.207865 -0.164256 0.614728 -0.158477 -0.079477 0.327120 -0.323502 0.056157 -0.009255 -0.109925 
0.309666 0.366030 -0.042791 -0.364768 -0.000661 0.277109 -0.063773 -0.234459 0.157631 0.412221 0.096234 0.492587 -0.421536 0.250779 0.183515 -0.081534 -0.167443 0.890955 0.205019 0.566409 -0.330462 -0.059824 -0.315258 0.286993 0.169478 0.016782 -0.949424 0.383457 0.424458 -0.434087 0.367529 -0.117754 0.312952 -0.299952 -0.083560 0.300687 -0.469199 0.430604 0.011060 -0.203090 
0.361851 0.015705 -0.126826 -0.472839 0.070561 0.204796 -0.001328 -0.512464 -0.158284 0.773710 -0.125208 0.480351 -0.207549 0.207602 -0.132796 0.198732 0.067268 0.759803 0.067366 0.318021 -0.360743 -0.055190 0.090293 0.021296 -0.203828 0.223560 -0.429481 0.724713 0.176290 0.002413 0.300616 -0.161041 0.068371 -0.420879 -0.231529 0.452237 -0.340100 0.291456 0.070674 -0.248363 
0.555473 0.060335 -0.062215 -0.446861 0.065225 0.323987 -0.119178 -0.449056 -0.233708 0.639188 0.007586 0.585319 -0.182101 0.248271 -0.492919 0.086212 -0.036301 0.866081 0.239964 0.140421 -0.480599 0.035892 0.192279 -0.290621 -0.326031 0.152622 -0.169643 0.389030 -0.023545 -0.072760 0.105090 -0.073489 -0.224893 -0.108055 -0.165963 0.282100 -0.421423 0.024019 0.111470 -0.066497 
0.793369 -0.365928 -0.007469 -0.102261 0.302094 0.057667 -0.200772 -0.652367 -0.700354 0.202846 -0.128098 0.224821 -0.100366 0.056426 -0.561707 0.322230 -0.161956 0.836704 0.393718 0.124103 -0.312773 -0.033699 0.489183 -0.458659 -0.122332 0.224908 0.013555 0.321907 -0.194459 -0.142726 0.155516 0.188421 -0.528983 0.023847 -0.272804 0.126880 -0.140156 -0.207031 0.254459 -0.013005 
0.764007 -0.217099 0.078095 -0.122840 0.245237 0.173556 -0.111978 -0.624750 -0.546548 -0.081772 -0.340549 -0.171783 0.464571 0.051429 -0.825430 0.221860 0.009662 0.708983 0.268426 0.185767 -0.295099 -0.339486 0.732384 -0.529661 0.092691 0.233394 0.259860 0.467567 -0.406971 -0.237141 0.299508 0.051926 -0.532675 0.094965 0.100771 -0.126107 0.433768 -0.418059 0.122909 -0.196962 
0.322876 -0.281760 -0.090094 -0.076735 0.307121 0.179553 -0.255735 -0.404484 -0.548018 -0.034975 -0.353186 -0.375957 0.403272 -0.029197 -0.591550 0.244907 0.307894 0.747207 0.317354 -0.041261 -0.125070 -0.483457 0.643927 -0.598283 0.504800 0.322403 0.788618 0.274255 -0.384137 -0.583313 0.364038 0.296351 -0.305945 -0.219347 0.188771 -0.298147 0.687046 -0.698361 0.145842 0.108785 
0.071583 -0.192288 0.205117 0.141459 0.404186 0.039026 0.119815 -0.092705 -0.504102 -0.328261 -0.210837 -0.558744 0.160725 -0.344288 0.012619 0.390471 0.335483 0.536047 0.443176 -0.276515 -0.114949 -0.332486 0.409220 -0.454006 0.719270 0.347572 0.964494 0.028590 -0.473548 -0.711929 0.310766 0.027133 -0.237163 -0.197734 0.301911 -0.373002 0.976797 -0.672450 0.494880 -0.098941 
-0.343954 0.058783 0.388659 0.316613 0.211497 -0.278217 0.011940 0.219473 -0.706302 -0.264547 0.125751 -0.369421 -0.286875 -0.168399 0.415503 0.330694 0.283382 0.508568 0.291470 -0.601099 0.072814 -0.486934 0.383483 -0.320965 0.597684 0.060024 0.908328 -0.412473 -0.123060 -0.516998 0.345525 0.056676 0.123752 -0.230181 0.374055 -0.510717 0.771182 -0.333636 0.410050 0.335916 
-0.678026 0.022588 0.095526 0.098243 -0.001421 -0.234118 0.050634 0.295742 -0.315642 -0.338117 0.365586 -0.240165 -0.522489 -0.408879 0.806316 0.175385 0.247583 0.344467 0.203150 -0.848692 0.314770 -0.328258 0.243130 -0.010918 0.125777 0.033381 0.531517 -0.540650 0.146704 0.063353 0.001325 0.179196 0.268017 0.126374 0.273718 -0.265889 0.435583 -0.418729 0.363630 -0.076642 
-0.559534 -0.020619 -0.448265 -0.053847 -0.389194 -0.422857 0.043629 0.267998 0.088457 -0.688212 0.136318 0.467844 -0.477757 -0.553064 1.374733 0.171664 0.539740 0.366139 0.151276 -0.439023 0.402860 -0.484383 0.273931 0.204632 -0.009287 -0.182545 0.121997 -0.603275 0.075863 0.437093 -0.438918 0.400644 0.014823 0.436158 0.240045 -0.250996 0.193312 0.066005 0.096359 -0.121987 
-0.326343 -0.028135 -0.572955 -0.186550 -0.452126 -0.168076 -0.259025 0.159642 0.444783 -0.606809 -0.135041 0.787573 -0.251888 -0.553840 1.282164 0.073430 0.542322 0.037826 -0.031344 -0.017421 0.144719 -0.241907 0.347767 0.434644 -0.304053 0.085325 0.195580 -0.242783 -0.271496 0.426610 -0.789469 0.635908 -0.471237 0.598778 -0.146860 0.054984 -0.113077 0.106778 -0.104035 -0.149564 
-0.094280 -0.227273 -0.665762 -0.168623 -0.706549 0.029440 -0.132901 0.201979 0.622169 -0.481560 -0.411303 0.728128 0.266858 -0.471337 0.912210 0.272156 0.227721 -0.329221 -0.031487 0.390684 -0.097279 0.025263 0.243540 0.279939 -0.233435 0.048121 -0.032683 0.148980 -0.309000 0.247017 -0.854928 0.211769 -0.464085 0.349864 -0.164249 -0.030566 -0.345156 0.489677 -0.133705 0.030442 
0.194877 -0.187645 -0.363553 0.056255 -0.596520 -0.055362 -0.027577 -0.030444 0.339171 -0.144910 -0.276886 0.042026 0.005832 -0.438827 0.329164 0.249316 0.007513 -0.473232 0.103052 0.234130 0.011221 0.164520 -0.286000 0.001612 -0.066161 -0.056990 0.237049 0.126660 -0.334735 0.482087 -0.822267 -0.127770 -0.399694 0.300076 -0.314900 -0.066884 -0.437921 0.697685 -0.221796 0.520044 
-0.041791 0.258936 -0.021583 0.070666 -0.166565 -0.337794 0.130167 -0.144122 0.270353 0.247587 -0.250661 -0.338101 -0.166353 -0.451153 -0.232184 0.026255 -0.016751 -0.470128 -0.033560 0.159132 -0.426447 0.222612 -0.502702 -0.544839 0.120404 -0.379411 0.387265 0.101155 -0.431841 0.136214 -0.023891 -0.449467 -0.365715 0.260070 -0.051006 -0.010360 -0.244951 0.609573 -0.343023 0.604340 
0.082386 0.379393 -0.174058 0.363510 -0.266025 -0.402541 0.237841 -0.343991 0.234972 1.058249 -0.081042 -0.034720 -0.349252 -0.414808 -0.416165 -0.022883 -0.150415 -0.206883 0.011585 0.019051 -0.446491 0.038923 -0.763166 -0.637854 0.036341 -0.217975 0.313576 -0.075201 -0.311535 0.106801 0.168089 -0.763862 -0.022412 0.089884 0.154680 0.065397 0.074512 0.506215 -0.360716 0.574430 
0.242305 0.133235 -0.142377 0.231024 -0.573118 -0.341376 0.293508 -0.287809 0.069026 1.377747 -0.102060 -0.416323 -0.068219 -0.350717 -0.645678 0.093146 -0.291065 0.054023 -0.249391 0.116631 -0.305260 -0.065219 -0.765008 -0.347042 -0.334067 0.020008 0.622382 -0.170354 -0.329399 -0.035390 0.442789 -0.616687 0.298774 0.015790 0.129750 0.366236 0.118621 0.081123 -0.372644 0.262750 
0.454742 -0.106696 0.136260 0.086268 -0.334015 0.056722 -0.206184 -0.475865 -0.325127 0.741677 0.165504 -0.759719 0.319096 0.057934 -0.693563 0.201546 0.086161 -0.145751 -0.446238 0.386323 -0.184342 0.196491 -0.659590 0.081277 -0.462805 0.193601 0.010094 -0.092296 0.005271 0.064849 0.240567 -0.141603 -0.027345 -0.038329 0.051952 0.250758 0.181744 -0.471405 -0.505460 0.270074 
0.643066 -0.302389 0.349540 0.021638 0.198862 0.185945 -0.112424 -0.184124 -0.170098 0.193869 0.090761 -0.601497 0.409186 0.385841 -0.500243 0.190514 -0.046526 -0.207995 -0.575865 0.372756 -0.065834 0.264874 -1.005545 0.285688 -0.496161 0.309731 -0.174314 0.062100 0.476968 0.021525 0.079375 0.470978 -0.303171 -0.100729 -0.105441 0.333115 0.332952 -0.464231 -0.263798 0.284582 
0.252759 -0.561367 0.600880 -0.048532 0.488909 0.096430 -0.270259 0.089018 -0.120584 -0.081254 -0.067613 0.036922 0.289651 0.557452 0.008620 0.004853 -0.067367 -0.037684 -0.409287 0.174064 0.333481 0.071087 -0.803702 0.319405 -0.307845 0.182790 -0.341927 0.279157 0.437827 -0.002164 -0.006261 0.658577 0.050429 -0.255379 0.035728 0.401961 0.467249 -0.502521 -0.116577 -0.252780 
-0.292394 -0.348858 0.696766 0.196185 0.297612 -0.126017 -0.233303 0.476875 0.002241 -0.036483 0.124821 0.816195 0.077227 0.502551 0.220078 -0.190986 -0.369888 0.275718 -0.125437 -0.348247 0.414112 -0.172623 -0.501934 0.223874 -0.056338 -0.115982 -0.345645 0.102480 0.212823 -0.200678 0.050823 0.634906 0.393609 -0.272132 -0.160237 0.365945 0.686768 0.028331 0.264505 -0.146641 
-0.681107 0.024647 0.344566 0.062463 0.227700 -0.136932 -0.079732 0.505722 0.040314 -0.594745 0.098033 0.906187 -0.394404 0.633767 0.231175 -0.304005 -0.252201 0.041427 -0.215507 -0.592758 0.385576 -0.295339 -0.364624 0.164275 -0.064299 -0.249030 -0.328298 0.252990 0.118913 -0.023272 0.248742 0.331390 0.228824 -0.268494 -0.173820 0.192919 0.341254 0.063257 0.804819 -0.339322 
-0.693039 -0.182885 -0.332949 0.080234 0.122871 -0.058274 -0.175249 0.547557 0.232801 -0.545920 0.285266 0.098782 -0.304596 0.601300 0.282119 -0.372210 0.224513 -0.177212 -0.345293 -0.585076 0.269431 -0.122257 0.126025 0.176984 0.291410 -0.473903 -0.246453 0.204830 0.332555 0.280754 0.172459 0.002283 -0.341742 0.034396 -0.445915 -0.191674 0.500502 0.378878 1.052496 -0.205357 
-0.238476 0.044218 -0.480162 0.266656 -0.217613 0.344688 0.117312 -0.106145 0.153354 -0.312282 0.371250 -0.323822 0.184359 0.579873 0.177089 0.103703 0.201155 0.102508 -0.364533 -0.090277 0.258062 0.041030 0.198877 -0.026341 0.528256 -0.285141 -0.186368 0.047715 0.597478 0.705270 -0.038188 -0.360352 -0.453507 0.182191 -0.564602 -0.685696 -0.049125 0.364139 1.137475 -0.437334 
0.000461 0.394487 -0.314134 0.242593 -0.090180 0.193700 0.070211 -0.331669 0.232280 -0.142531 0.277985 -0.560981 0.114172 0.326493 0.117692 0.404646 0.488083 -0.035362 0.467865 0.304859 -0.266057 -0.033019 0.039839 -0.220731 0.452448 -0.297654 -0.116991 0.182990 0.201208 0.612090 -0.273515 -0.429264 -0.245398 0.281477 -0.362681 -0.550247 -0.333509 0.292454 0.718527 -0.429614 
0.221422 0.026673 -0.014207 0.146146 -0.115631 0.042716 0.287100 -0.465259 0.192370 -0.035405 0.091316 -0.131232 0.074821 0.243063 0.046651 0.096858 0.261369 -0.168529 0.827411 0.615588 -0.256091 0.035782 -0.091469 -0.500703 0.362097 0.188396 -0.370169 -0.130189 -0.298536 -0.061933 -0.428726 -0.444168 0.256079 0.068901 -0.074669 -0.917242 -0.395108 0.170954 0.204035 -0.298038 
0.448283 -0.294049 -0.051639 -0.074893 0.186075 -0.355267 0.430050 -0.723478 0.144232 0.010880 -0.146135 -0.213218 0.444379 0.156248 -0.299551 -0.110159 0.621420 -0.190575 0.664056 0.973755 -0.343112 0.157098 -0.077765 -0.339259 0.121043 0.470654 -0.385414 -0.386568 -0.042545 -0.274711 -0.289526 -0.106027 0.541181 -0.286707 0.353952 -0.944844 -0.178027 -0.054401 -0.895311 -0.204760 
0.278929 0.070079 0.054436 -0.174215 0.009634 -0.523971 0.081608 -0.151076 0.263865 0.260969 -0.400058 0.143074 0.426789 0.061803 -0.841731 -0.011730 0.207051 -0.458648 0.819782 0.790219 -0.506170 0.122994 -0.072045 -0.523711 0.053557 0.598000 -0.382215 -0.397527 -0.137077 -0.542402 -0.283722 -0.049682 0.291107 -0.175668 0.493541 -0.416213 -0.015017 -0.270408 -1.182683 -0.091273 
0.118037 0.697173 0.146668 -0.205199 -0.017750 -0.151657 -0.137078 -0.093434 0.019832 0.166022 -0.451071 0.434512 0.273582 0.265400 -0.939191 -0.206791 -0.090944 -0.486086 0.415255 -0.104171 -0.270898 -0.156206 -0.023315 -0.300111 -0.184145 0.723874 -0.348800 -0.323972 -0.373848 -0.463046 -0.356637 -0.163763 0.513933 -0.311078 0.267234 0.180223 0.127718 -0.189385 -0.921119 0.006592 
-0.170348 0.520405 0.260321 0.058049 -0.035387 0.418748 -0.393745 0.054395 -0.030552 0.352325 -0.148050 0.348553 -0.067551 0.017889 -0.783114 -0.267073 0.036037 -0.191068 0.234988 -0.586031 -0.014719 -0.569982 0.161736 -0.267742 -0.623693 0.657880 -0.354042 -0.365013 -0.559969 -0.635799 -0.063763 -0.275662 0.337296 -0.168514 0.158580 0.749746 0.148264 0.066642 -0.602809 -0.001920 
-0.434794 0.496653 0.162642 0.041762 -0.290002 0.601945 -0.401603 0.194733 -0.267348 0.435958 -0.008673 0.570821 -0.070963 0.195523 -0.778408 -0.126749 0.262540 -0.035359 -0.173311 -0.666684 0.420634 -0.622839 0.292847 -0.158336 -0.846815 0.312695 -0.439311 -0.349987 -0.752964 -0.356694 0.066686 0.032162 0.114745 0.058946 0.154613 0.763099 0.232787 0.439014 -0.352223 -0.399104 
-0.720950 0.061812 -0.014583 0.072840 -0.029742 0.830004 -0.231634 0.490201 -0.146571 0.272632 0.176322 0.094847 -0.003049 -0.085267 -0.103068 -0.255301 0.287782 0.079509 -0.566377 -0.635509 0.441401 -0.631051 0.246579 -0.230790 -0.602032 0.039632 -0.411442 0.023771 -0.579243 -0.360521 -0.058809 -0.014077 -0.173588 0.555844 -0.198869 0.923795 0.415478 0.231375 0.041135 -0.489057 
-0.906868 -0.100865 -0.176815 0.124921 -0.162198 0.763402 -0.222602 0.330438 -0.328772 0.257945 0.274283 -0.076602 0.102130 0.009764 0.073484 -0.404237 0.129176 0.371926 -0.869826 -0.475053 0.595002 -0.486867 0.175038 -0.122521 -0.529584 -0.302076 -0.235573 -0.026892 -0.221246 -0.232802 0.301748 0.024404 -0.164917 0.446468 -0.263594 0.760017 0.334454 0.286485 0.139802 -0.369540 
-1.095479 -0.111858 -0.300252 0.562994 -0.012315 0.999222 -0.201013 0.183605 -0.796265 0.341140 0.291506 -0.429633 0.353380 -0.303508 0.021035 -0.342331 0.170547 0.405373 -0.945202 -0.658977 0.212837 -0.155458 0.187990 0.044946 -0.424032 -0.285500 -0.034873 0.494920 -0.276255 -0.347510 0.311876 0.110367 -0.535758 0.393519 -0.260579 0.606855 0.210354 0.141942 0.066103 -0.149782 
-1.088786 -0.451643 -0.380266 0.547643 0.067481 0.618259 -0.004856 -0.026284 -0.874240 0.311130 0.221033 -0.649260 0.667344 -0.500509 0.077626 -0.317808 0.166075 0.034012 -0.823142 -0.096278 0.245018 -0.036195 0.447512 0.279395 0.001423 -0.415655 0.012646 0.547477 -0.243409 -0.326111 0.228508 0.224766 -0.536675 0.134233 -0.002659 0.104403 0.298396 -0.239763 0.239868 -0.098922 
-0.743105 -0.447458 -0.360139 0.591037 -0.024015 0.329892 0.116408 -0.261174 -0.522652 0.076010 0.137507 -0.716163 0.822499 -0.701998 0.147367 0.015962 0.118724 0.174689 -0.499257 -0.030206 -0.320551 0.340772 0.217113 0.402852 0.130866 -0.211646 -0.043547 0.648633 -0.459988 -0.138282 0.161524 0.307348 -0.408947 -0.205430 0.061628 -0.065881 0.586155 -0.354590 0.351543 -0.076864 
-0.260901 -0.296901 -0.348319 0.487450 -0.076305 0.241822 0.142507 -0.077971 -0.326407 -0.044728 -0.035271 -0.484912 1.212412 -0.456383 -0.030719 0.036931 0.167888 0.027982 -0.573439 0.405520 -0.279854 0.160271 0.304349 0.595659 0.219346 -0.130550 0.064250 0.694815 -0.332762 -0.198678 -0.012502 0.440175 -0.278067 -0.304019 0.252410 -0.350751 0.442805 -0.312773 0.164520 -0.121796 
0.239534 -0.255173 -0.246658 0.106247 -0.091183 0.184424 0.119264 -0.106728 -0.054982 -0.126260 0.099979 -0.259025 1.028445 -0.237739 -0.139540 -0.036371 0.149985 -0.364698 -0.320706 0.557766 -0.403829 0.268850 0.168673 0.621354 0.250760 -0.120045 0.198723 0.406693 -0.309881 -0.081780 -0.058825 0.241779 -0.200552 -0.333711 0.300295 -0.370785 0.491841 -0.266504 0.282138 -0.134131 
0.066475 -0.202378 -0.377414 0.117910 -0.195551 -0.130418 0.215492 -0.200112 0.277483 -0.312309 -0.041459 -0.031057 1.004459 -0.112023 -0.201383 -0.080147 0.245874 -0.356497 -0.049246 0.682607 -0.128486 0.337063 0.009665 0.720396 0.379640 0.104801 0.411843 0.602345 -0.054479 -0.034847 -0.044128 0.344323 -0.202119 -0.151409 0.320037 -0.409394 0.361159 -0.400938 0.085700 -0.213358 
0.207646 0.037301 -0.333375 0.064104 -0.064469 -0.046243 -0.123691 -0.284050 0.353515 -0.257278 -0.045306 -0.265262 0.692017 0.051112 -0.110319 0.005329 0.055304 -0.580067 0.133249 0.467020 -0.169978 0.170686 0.153707 0.552524 0.306375 0.007073 0.526397 0.496062 0.127503 -0.132603 -0.159386 0.281795 -0.358058 0.018702 0.292431 -0.518970 0.326455 -0.018474 0.368454 0.129483 
0.257686 0.166850 -0.347722 0.114874 -0.287702 -0.199016 -0.172242 -0.163624 0.396574 0.073564 -0.321627 -0.083932 0.288870 0.037025 -0.172424 0.082592 -0.006472 -0.313255 0.112883 0.430439 -0.030504 -0.173864 -0.121049 0.616140 0.194721 0.080531 0.584162 0.395868 0.361583 -0.246459 -0.099478 0.372499 0.014078 -0.022618 0.367798 -0.427829 -0.123927 -0.084578 0.247753 -0.096970 
0.346461 0.144174 -0.395660 -0.212428 -0.115995 -0.294158 -0.274523 -0.211584 0.509265 0.084650 -0.154359 0.166581 -0.071242 -0.052870 -0.136018 0.046081 0.057365 -0.147315 0.209637 0.402361 -0.058381 0.001856 0.053767 0.650592 0.010228 -0.100882 0.411621 0.253162 0.601367 0.022798 -0.094883 0.446665 -0.135195 -0.213606 0.215041 -0.351606 -0.056651 -0.007298 0.110780 -0.056194 
0.389364 0.265058 -0.304933 -0.082360 0.103048 -0.443636 -0.252333 -0.086648 0.759945 0.193568 -0.023514 0.460651 -0.079529 0.037366 0.093757 -0.055708 -0.092634 -0.106546 0.290729 0.194479 -0.003426 0.119631 0.109957 0.401059 -0.080622 -0.049951 0.623338 0.099333 0.343859 -0.108365 -0.203230 0.263755 -0.031525 -0.421021 0.179189 -0.217672 -0.217043 -0.191071 0.006821 -0.047783 
0.312397 0.301217 -0.169922 -0.105406 0.127686 -0.311321 -0.020068 -0.347618 0.775237 0.151465 -0.271321 0.548351 -0.022837 -0.221643 0.029193 -0.124196 0.085144 0.049549 0.217940 0.353425 -0.186038 -0.183056 -0.061624 0.535517 -0.139278 0.228099 0.536366 0.143999 0.703262 -0.133445 -0.074208 0.400545 -0.087509 -0.372348 -0.068735 -0.129933 -0.231646 -0.182776 0.023936 0.000191 
0.185295 0.132170 -0.204666 -0.078363 0.214487 -0.278177 -0.038562 -0.250102 0.631289 0.284993 -0.008301 0.200885 0.120734 -0.143464 0.015534 -0.108072 0.065658 -0.034120 0.292129 0.483590 0.245739 -0.009901 0.045608 0.207698 -0.261810 0.126538 0.480243 0.196770 0.423385 -0.069840 -0.057776 0.366784 0.026137 -0.292046 0.015821 0.021754 -0.495754 -0.122644 -0.174356 -0.059677 
0.368253 0.040137 -0.290361 0.057649 0.250133 -0.369108 0.188982 -0.204629 0.527265 0.008611 -0.046067 0.331388 0.241199 -0.118972 0.053839 -0.046729 0.157975 0.158923 0.261220 0.455438 0.282132 0.076627 0.072995 0.109218 -0.062620 0.350701 0.378853 0.107620 0.372390 -0.057986 0.015704 0.115334 0.033139 -0.238921 -0.126470 0.133869 -0.224691 -0.135995 -0.281098 -0.142616 
0.079499 -0.097795 -0.334755 0.086354 0.377659 -0.038919 0.064858 0.029411 0.248354 0.154591 0.054709 -0.035022 0.374856 -0.164273 -0.014032 -0.115600 0.022384 0.046436 0.043687 0.400175 0.394550 0.058992 0.113889 0.345849 0.200261 0.016700 0.075235 -0.014260 0.142177 0.159528 -0.022309 0.276597 -0.178429 -0.283766 -0.101857 0.171689 -0.237197 -0.083156 -0.121093 0.315791 
-0.052860 -0.179903 -0.362774 0.097176 0.245839 -0.097608 0.101512 0.127285 0.002278 0.098943 -0.067849 0.037464 0.264101 -0.217952 -0.182852 -0.256649 0.132011 0.251571 -0.113548 0.353345 -0.025437 0.271178 0.161869 0.007228 0.213300 0.026408 -0.298030 0.264839 0.269398 0.332710 0.018496 0.135454 -0.128348 -0.163027 -0.198988 0.025848 -0.288593 0.172644 -0.433135 0.402264 
0.094032 -0.100842 -0.187549 -0.025361 0.361569 0.219647 0.333330 0.118786 -0.078889 -0.077405 -0.135377 0.136898 -0.033145 -0.154256 0.089571 -0.337614 0.174109 0.017410 -0.187504 0.473615 0.201021 0.082841 0.304330 0.268416 0.409041 0.133193 -0.054000 0.280205 0.184997 0.316253 -0.117219 0.353806 -0.177006 -0.261636 -0.062265 0.071225 0.095164 0.088165 -0.192498 0.223399 
-0.029453 -0.264676 -0.290873 0.101825 0.141586 -0.076283 0.250091 0.341399 -0.267726 -0.061336 -0.276073 -0.186410 -0.069556 -0.175158 0.101624 -0.292971 0.240660 0.161668 -0.066248 0.336052 0.107291 0.072742 0.114686 0.126421 0.318327 0.032612 0.024660 0.035702 0.285387 0.164835 -0.099611 0.336632 -0.085090 -0.394825 -0.265622 0.033018 0.083641 0.061448 -0.381214 0.299622 
-0.111493 -0.393921 -0.105369 -0.024937 0.081382 -0.103719 0.219120 0.150562 -0.207994 -0.343251 -0.346034 -0.200015 -0.152124 -0.160222 0.421430 -0.300847 0.093406 0.032068 -0.301039 0.398266 0.185561 0.167364 0.189137 0.063112 0.115253 0.011141 0.032436 -0.142290 0.151557 0.306660 -0.152742 0.612280 -0.130977 -0.405114 -0.086729 0.159044 0.339668 0.112524 -0.261767 0.394666 
0.014366 -0.222641 -0.201380 0.107004 0.127571 -0.208739 0.188824 0.366544 -0.121951 -0.241899 -0.315741 0.104162 -0.309993 -0.268566 0.184735 -0.364201 0.120971 0.247019 0.039090 0.305725 -0.057270 0.163399 0.000654 -0.102889 0.144085 0.145261 0.010665 -0.053483 -0.211329 0.159394 -0.016889 0.302263 0.087307 -0.475722 -0.096336 0.044483 0.122867 0.224627 -0.211437 0.142574 
0.057253 -0.392578 -0.076163 0.006182 0.086375 -0.356377 0.221487 0.430209 -0.080966 -0.031047 -0.153498 0.185275 -0.233067 -0.205716 0.067632 -0.102394 -0.086374 0.058794 0.035868 0.249568 0.232521 0.281355 -0.121129 -0.238336 -0.048619 0.169375 -0.058026 0.016135 0.028901 0.314962 -0.002852 0.510141 0.049107 -0.334890 -0.065733 0.102176 0.084026 0.243085 -0.203957 0.062253 
0.137575 -0.194865 -0.012808 -0.266365 -0.100915 -0.266596 0.091521 0.386841 -0.300418 -0.039500 -0.062941 0.237489 -0.212235 0.048006 -0.102168 -0.118160 -0.225674 -0.005778 0.056469 -0.010516 -0.195049 0.036497 0.179332 -0.292203 0.009137 0.050429 0.104956 -0.020965 0.056408 0.166204 0.155193 0.259420 0.075225 -0.242969 -0.086327 0.160550 0.102172 0.450986 -0.344574 0.015060 
0.285936 -0.132475 0.179920 -0.233438 -0.132933 -0.292043 0.097089 0.270500 -0.237476 0.093719 0.080974 0.013940 -0.150850 0.031983 -0.037558 -0.180569 -0.268854 -0.098852 0.208085 0.134844 -0.029732 0.251491 0.029616 -0.286013 0.040898 0.057009 0.083141 -0.318875 -0.008165 0.290840 0.155135 0.229753 0.309489 -0.387385 -0.242482 0.034545 0.160707 0.280958 0.040493 -0.084764 
0.265446 0.119551 0.031133 -0.422705 0.089892 -0.409189 -0.007921 0.319104 -0.090450 -0.130237 -0.024055 0.273410 -0.576022 0.185335 0.035020 -0.166201 -0.183734 -0.012495 0.075949 -0.216079 0.089838 0.232096 0.072880 -0.024275 -0.000676 0.092953 0.039554 -0.306855 0.031521 0.156931 0.270966 0.020782 0.434550 -0.389482 0.046794 0.045532 0.012142 0.407562 -0.023112 0.007102 
0.265661 0.201953 0.145627 -0.377596 0.098825 -0.536908 0.016006 0.201710 -0.146066 -0.128781 -0.067585 0.036489 -0.479399 0.098492 0.144174 -0.261263 -0.323051 -0.004130 0.196076 -0.266931 0.074724 0.145121 -0.039614 -0.302608 0.084928 0.087468 -0.042219 -0.226724 0.166896 0.109883 0.398025 0.181744 0.245626 -0.455024 -0.060935 0.051074 0.319400 0.384950 -0.121919 0.234693 
0.041727 0.014402 0.276265 -0.438682 0.249133 -0.641017 -0.167992 0.276117 -0.121754 -0.147598 -0.042087 -0.039446 -0.707929 0.347394 0.124875 -0.284365 -0.125065 -0.260190 0.019705 -0.260334 0.325812 0.051325 0.054922 -0.175689 -0.032130 0.172315 0.091325 -0.203539 0.208169 -0.423641 0.389229 0.122583 0.439488 -0.127156 -0.079743 0.257093 0.317015 0.307134 0.103756 0.137931 
0.153541 -0.061042 0.592784 -0.405209 0.169239 -0.745803 -0.023847 -0.032901 -0.070370 -0.182969 0.182978 0.309180 -0.313133 0.226239 0.180753 -0.485816 -0.087438 -0.108046 0.144756 -0.292709 0.443759 0.461222 -0.192921 -0.384039 0.047626 0.153479 0.109927 -0.312960 0.243955 -0.454902 0.609399 0.243631 0.373406 -0.175959 0.039333 0.063290 0.052171 0.251639 0.042221 0.029410 
0.108266 -0.042213 0.549507 -0.322854 0.029612 -0.583328 -0.031502 0.035376 -0.041409 -0.086997 0.262511 0.283428 -0.390988 0.266973 0.102367 -0.282282 -0.250467 0.068375 -0.041951 -0.155157 0.251489 0.441321 -0.054863 -0.209809 -0.064957 0.151986 -0.089743 -0.259238 0.214401 -0.436337 0.531296 0.121971 0.458688 -0.153115 0.064315 0.139293 0.400444 0.361069 0.020603 -0.035267 
0.274492 -0.176610 0.236373 -0.316491 0.269597 -0.492181 -0.160180 -0.057565 0.059222 -0.032238 -0.158597 0.006279 -0.450379 0.136585 -0.089469 -0.280606 -0.192712 0.039257 0.011917 -0.247261 0.187640 0.301148 0.044245 -0.474361 0.155832 -0.019241 0.129700 -0.323895 0.185978 -0.304959 0.705721 0.057306 0.383182 -0.139686 0.097241 0.078944 0.336312 0.348820 0.058124 0.057179 
0.317995 0.081904 0.180939 -0.388810 0.176208 -0.400362 0.108346 0.158399 0.106391 -0.012359 0.042093 -0.100721 -0.217395 -0.081421 0.177684 -0.270291 -0.146936 -0.039580 0.067480 -0.101857 0.437184 0.117791 -0.065278 -0.360397 -0.238626 0.033208 0.039731 -0.074252 -0.147926 -0.175956 0.616312 -0.154484 0.395040 -0.102606 0.178037 0.186112 0.276018 0.408900 0.144593 -0.066713 
-0.153452 -0.077318 0.146832 -0.282827 0.108367 -0.345950 0.132975 -0.191845 -0.041263 -0.153909 -0.212995 0.060270 -0.093205 -0.153923 0.003072 -0.193607 -0.078141 -0.143380 -0.044643 -0.005520 0.381678 0.199571 0.005602 -0.137680 -0.201663 0.114696 0.112453 -0.131729 -0.043649 0.051081 0.431354 -0.357342 -0.020674 0.003106 0.169902 0.167903 0.052035 0.219310 0.021981 0.110301 
-0.055629 -0.235824 0.375684 -0.426827 0.216491 -0.102606 -0.075777 -0.056147 -0.167380 -0.066775 -0.198488 0.221657 -0.167514 0.099245 0.114409 -0.216570 0.090650 0.155935 0.084389 -0.167812 0.325729 0.270415 -0.056619 -0.258939 -0.140342 0.084854 0.176158 -0.055253 -0.155109 0.151005 0.262300 -0.245941 0.034128 0.189789 -0.052508 0.299988 -0.098217 0.225829 0.078164 -0.186870 
-0.089549 -0.038533 0.204160 -0.424344 -0.118286 -0.113426 -0.075446 -0.086484 -0.116079 0.085980 0.071195 0.105423 -0.309739 -0.127175 0.200515 -0.221434 -0.140266 -0.067232 -0.095004 -0.139295 0.395703 0.322758 0.048039 -0.367121 -0.241945 0.168363 0.171330 -0.267485 -0.216696 0.058516 0.350452 -0.180672 0.008093 0.243162 -0.166289 0.205014 -0.192583 0.222422 0.072652 -0.128834 
-0.428229 -0.256001 0.173905 -0.300304 0.303224 0.017525 0.083899 -0.068681 0.022285 -0.052684 -0.065610 -0.079548 -0.307288 0.112039 0.191519 -0.058163 0.005584 0.181398 -0.053510 -0.067145 0.223923 0.362227 -0.191881 -0.123037 -0.109294 0.023518 -0.011857 -0.133296 -0.069198 -0.116272 0.463992 -0.218979 -0.343093 0.137891 -0.033825 0.261948 -0.207680 0.173989 -0.067759 0.144932 
-0.169212 -0.227798 0.082491 -0.233968 0.104469 -0.049272 0.119812 -0.298510 0.026411 -0.071798 -0.079174 -0.132234 -0.241422 0.099749 0.452923 -0.026586 -0.129665 0.120350 -0.005576 0.044345 0.313806 0.315415 -0.070871 -0.335627 -0.306600 0.202417 -0.094504 -0.052359 -0.258318 -0.095440 0.432392 -0.039568 -0.450022 0.217482 -0.005223 0.164572 0.017065 0.261725 -0.070300 -0.089359 
-0.282396 -0.144462 0.142113 -0.360119 -0.016341 0.006386 0.020406 -0.250092 0.216031 -0.153220 0.005365 -0.134880 -0.115533 0.295412 0.260587 -0.046787 -0.148389 0.128841 -0.195619 0.303170 0.404902 0.259013 -0.133045 -0.304314 -0.208191 0.114394 -0.188207 -0.074289 0.084073 -0.007311 0.276379 -0.018876 -0.383788 0.166562 0.071931 -0.113042 -0.027641 0.090266 -0.195427 -0.088014 
-0.401154 -0.043815 0.330179 -0.127757 0.096500 0.108068 -0.234150 -0.157826 0.118175 -0.102446 0.013862 -0.263735 -0.277248 0.211413 0.252129 0.053446 -0.176350 0.086772 0.015393 -0.004590 0.309170 0.276943 0.126550 0.006471 -0.097165 0.014688 0.057255 -0.242346 -0.099078 0.091386 0.142378 -0.245008 -0.242901 0.047120 -0.044424 -0.233744 0.109663 0.185862 -0.185322 0.068262 
-0.236644 0.029905 0.232483 -0.227165 0.048226 0.323000 -0.256570 -0.121632 -0.178039 -0.281232 -0.342330 -0.267965 -0.003663 0.018762 0.184135 -0.042980 -0.286937 0.072690 0.023830 0.088253 0.418466 0.278727 -0.022966 -0.047105 -0.144249 0.011989 0.125639 0.050092 0.071163 -0.147447 0.276789 -0.042991 -0.193203 0.335204 -0.031962 -0.450225 0.093657 0.132581 -0.038227 0.142015 
-0.375057 -0.059161 0.074207 -0.177237 0.058857 0.117618 -0.388516 -0.185060 0.061911 0.051457 -0.161214 -0.046046 -0.102763 0.034041 0.097631 0.335826 0.027278 0.203078 -0.011803 -0.208961 0.284920 0.263811 0.009702 -0.030280 -0.316827 0.039169 0.165357 -0.029195 0.068966 -0.065694 0.193911 -0.052781 -0.142148 0.079839 -0.017536 -0.159989 -0.127047 0.278160 0.123119 0.053087 
-0.204603 0.019904 0.157259 -0.018227 -0.169777 0.020323 -0.231388 0.061252 -0.166620 0.058701 -0.038961 -0.009363 -0.163396 -0.036510 0.156990 0.408278 -0.077768 -0.042130 0.007119 -0.122896 0.209984 0.204912 -0.145644 0.137615 -0.103657 0.155290 -0.167604 -0.065064 0.133637 -0.095997 0.101608 0.015286 -0.098121 0.414646 0.023068 -0.246560 0.003286 0.145000 0.055557 -0.239614 
-0.254619 -0.023631 0.121134 -0.187466 -0.042201 0.134534 -0.293094 -0.149910 0.073778 0.223812 -0.158976 -0.050080 0.040455 0.087468 0.040395 0.272987 0.085434 -0.166626 0.183170 -0.205140 0.167489 0.367379 -0.116340 -0.115690 -0.077174 0.214035 0.088782 0.081586 -0.068573 0.163705 0.107127 -0.044206 -0.052562 0.074507 -0.109050 -0.112013 0.030626 0.116502 0.042915 -0.332247 
-0.199949 0.143579 0.050178 -0.096825 0.009364 -0.124838 -0.135750 -0.150457 -0.014118 0.012925 -0.126361 0.163018 -0.049457 0.060908 -0.105458 0.324744 0.101056 -0.037984 -0.081688 -0.197178 0.088479 0.049148 -0.249747 -0.111081 -0.019072 0.146769 0.014484 0.083058 -0.089049 -0.025951 0.112947 0.069750 -0.095349 0.050145 -0.059235 -0.136546 0.014626 0.169222 -0.015169 -0.091679 
-0.335222 0.145683 0.044430 -0.065522 -0.068634 -0.074357 -0.050634 -0.051904 0.123038 -0.200537 -0.072306 0.052310 0.038743 -0.045699 0.033314 0.573353 -0.192159 -0.032641 -0.026685 -0.171908 0.093512 -0.120360 -0.077096 0.084587 -0.129429 0.102144 0.040792 0.334233 0.025986 -0.045426 0.130667 -0.046860 -0.016794 0.110601 -0.210310 -0.097346 -0.098188 0.034364 0.006496 -0.285681 
-0.195254 -0.009155 0.007615 -0.055152 -0.054565 -0.242362 -0.071907 -0.136852 0.096387 -0.005558 -0.036799 0.086793 -0.215899 0.006051 0.104848 0.362331 0.011463 -0.009131 -0.010690 -0.139878 0.110510 -0.077511 0.059989 0.001132 -0.060691 0.060075 -0.128175 0.334284 -0.128222 0.073726 -0.104022 -0.256607 -0.021221 0.146943 -0.187859 -0.097460 0.029575 0.151111 0.061985 -0.141840 
0.045001 -0.099440 0.042599 -0.154515 -0.211827 -0.111339 -0.158983 -0.121470 0.279409 0.000520 -0.147333 0.322001 0.012741 0.045571 -0.054823 0.363773 0.007117 0.070777 -0.133829 -0.169426 -0.287528 -0.010987 -0.005532 -0.091597 -0.046459 -0.214688 0.080797 0.104735 0.201333 0.112540 0.022443 -0.251456 0.087031 0.115476 -0.187257 -0.159577 -0.132903 0.012861 0.179392 -0.293063 
-0.036612 -0.118358 -0.239855 0.060507 -0.013741 -0.093472 -0.089595 -0.028897 0.107446 0.011625 -0.047882 0.285944 -0.150130 -0.036183 0.269077 0.544471 -0.213418 0.003779 -0.238472 -0.199084 -0.227454 -0.007414 0.046695 -0.087228 -0.074546 -0.103495 0.015871 0.401392 0.128126 0.231719 0.031039 -0.201242 -0.105453 0.150152 -0.141311 -0.337858 -0.040793 -0.127136 0.112469 -0.045511 
-0.173389 -0.067028 -0.084351 0.128591 -0.030200 -0.190005 -0.003483 0.038551 0.186080 -0.153898 -0.026476 0.015593 0.073706 0.139581 -0.033790 0.497143 -0.134500 0.033526 0.036533 0.021279 -0.300419 0.264396 -0.058451 -0.141848 -0.065207 -0.151495 -0.089950 0.310431 0.175506 0.067126 -0.055094 0.051377 -0.058126 0.189155 -0.144720 -0.399754 -0.034970 -0.111292 0.011263 -0.092090 
0.027051 -0.247440 -0.156118 -0.121793 -0.026170 0.026273 -0.213545 0.203002 0.062641 -0.035005 -0.242213 -0.010922 0.329370 -0.158684 0.029217 0.601802 -0.067422 -0.147051 -0.322779 0.039475 -0.127359 0.062688 0.103373 0.021764 0.062666 -0.095035 -0.190087 0.080665 0.164712 0.034778 -0.160260 -0.069663 -0.248618 0.333325 -0.277619 -0.194168 -0.176637 0.125094 0.025358 0.165879 
-0.121695 -0.001005 0.098251 -0.007986 -0.153959 0.048470 -0.326365 0.050784 0.049898 -0.108445 -0.284277 0.083532 0.215523 0.106166 -0.060858 0.567316 -0.000724 -0.104985 -0.054181 0.003563 -0.208375 -0.194383 0.011364 0.042448 0.047340 -0.045870 -0.159254 -0.040766 -0.043160 0.211663 -0.192872 -0.040657 -0.374570 0.311531 -0.276899 -0.298677 -0.234282 0.050592 -0.286544 -0.007532 
-0.125775 0.177284 0.033484 0.042009 0.022353 -0.041634 -0.311258 0.195000 0.206496 0.240252 -0.323393 0.017805 0.090263 0.164679 -0.036090 0.602998 -0.255366 -0.176713 0.096514 -0.066909 -0.240285 -0.110233 0.213163 -0.093500 -0.125026 -0.085735 0.143045 0.094403 0.069984 0.121082 -0.315540 0.085869 -0.153780 0.263345 -0.229461 -0.211392 -0.148448 -0.211555 -0.104816 0.161840 
0.095434 0.158167 -0.173917 0.085981 -0.190634 -0.187914 -0.370350 0.179013 -0.075450 0.303315 -0.208049 -0.130445 0.191082 -0.225783 0.040391 0.617959 -0.022095 0.035850 -0.100202 -0.087341 -0.337755 -0.104059 -0.177906 0.142819 -0.018912 -0.085079 -0.120129 0.060414 0.150616 0.099123 -0.236817 0.073356 -0.078429 0.488443 -0.143824 -0.356211 -0.269298 -0.098662 -0.231414 -0.243508 
-0.003059 0.059441 -0.053948 0.101420 -0.210301 -0.053284 -0.286802 0.213578 -0.057375 0.234620 0.180399 0.111765 0.225136 0.011827 -0.018583 0.776902 -0.037586 -0.168273 -0.187184 -0.358221 -0.170206 0.016716 0.108715 -0.118912 0.201766 0.135975 -0.140073 0.124061 -0.128822 0.300303 -0.153492 -0.258835 -0.137181 0.139142 -0.105408 -0.084076 -0.141593 -0.199831 -0.099771 -0.136018 
0.048504 -0.148440 -0.142380 0.128004 -0.393149 -0.142820 0.002994 0.088029 -0.354789 0.318734 0.108357 0.215494 0.177119 -0.237297 0.052328 0.673057 0.168919 -0.016258 0.022207 -0.165699 -0.271370 0.133305 -0.171149 -0.055785 0.055665 -0.065085 -0.011147 0.153729 -0.080148 0.053535 -0.277728 -0.198832 -0.019297 0.263449 0.104477 0.139964 -0.372607 -0.316320 -0.300900 -0.193736 
-0.247550 -0.235444 0.089011 0.126277 -0.023693 -0.131731 -0.216790 0.118854 -0.112199 0.002555 0.044799 0.208722 0.126403 -0.057236 0.137650 0.752961 -0.185742 -0.200969 -0.208281 -0.154374 -0.302028 -0.026410 -0.160434 -0.071164 -0.027407 0.205596 0.001239 0.309825 -0.082563 0.170885 -0.428048 -0.186278 0.025588 0.177765 -0.136808 -0.040341 0.047181 -0.238090 -0.278341 -0.025815 
-0.136169 0.074168 0.082355 0.047268 0.092529 0.036829 -0.012962 -0.035826 -0.209762 -0.058212 -0.118193 0.293301 0.173061 0.072844 0.059692 0.369103 -0.063843 0.089435 -0.109769 0.036655 -0.008876 -0.160824 -0.077298 -0.113162 0.079654 0.193959 -0.240069 0.286361 0.072980 0.091411 -0.443216 -0.155408 -0.261483 0.215177 -0.057452 0.118078 -0.181185 -0.135691 0.003160 0.094523 
-0.221071 0.010988 0.098115 0.062433 0.046965 0.024385 -0.057415 0.045592 -0.237404 0.066257 -0.175368 0.193903 0.136040 -0.167076 -0.019439 0.359066 -0.045478 -0.005800 -0.130272 -0.152430 -0.213092 -0.157121 0.012199 -0.305227 0.041269 0.150136 0.131494 -0.054760 0.085031 -0.173685 -0.278610 -0.235932 -0.244189 0.183905 -0.077483 0.145776 -0.365313 -0.017118 -0.019092 0.257363 
-0.207320 -0.046295 -0.126277 0.046688 0.193774 0.006506 0.085545 -0.027999 -0.450734 0.063218 -0.047401 -0.076932 0.010412 -0.115026 -0.110895 0.257868 -0.030363 -0.217279 -0.045767 -0.005936 -0.216204 -0.203041 0.075819 -0.215206 0.348508 0.080091 -0.215108 -0.187243 -0.233868 -0.019659 -0.481396 -0.076955 -0.145519 0.222930 -0.207394 -0.005145 -0.296795 -0.128177 -0.203642 0.029022 
-0.370983 0.066322 -0.003926 0.137928 -0.105402 -0.035305 0.162054 -0.116677 -0.306792 -0.003671 0.115735 -0.160925 0.301235 -0.188186 -0.142818 0.014382 -0.258209 0.082393 0.126532 0.080942 -0.255709 -0.135123 0.154591 -0.329982 0.318135 -0.119920 -0.110342 -0.189254 -0.208646 0.036335 -0.414018 0.036875 -0.071493 0.113523 -0.320564 0.110214 0.018161 -0.211269 0.045557 0.058965 
-0.120639 -0.073833 0.040922 0.186530 -0.265385 -0.053449 0.368542 0.096513 -0.382008 0.310689 0.172437 -0.182721 0.094100 -0.027080 0.138989 0.020481 -0.312112 0.008718 0.032811 -0.164392 -0.135748 -0.119029 0.068875 -0.310828 0.280101 -0.183716 -0.232152 0.028612 -0.045100 0.311156 -0.438085 -0.103946 0.039193 0.249187 -0.305898 -0.084133 -0.119577 -0.099873 -0.061762 0.019562 
-0.041613 -0.014397 0.286072 0.237470 -0.162490 -0.080687 0.138070 -0.036329 -0.484542 0.120276 0.129691 -0.176956 0.069367 -0.060359 -0.009372 0.000397 -0.072294 -0.223104 -0.180505 -0.382475 -0.212329 -0.085857 -0.035358 -0.157148 0.511246 -0.015800 -0.138558 0.118935 0.113234 -0.141560 -0.302239 -0.078671 -0.046470 0.254916 -0.374448 0.184967 -0.269345 -0.106163 -0.021117 0.051404 
0.001269 0.020535 0.097479 0.413068 -0.046273 -0.187996 0.183564 -0.006457 -0.378078 0.043870 0.263750 -0.280885 0.220557 -0.052508 -0.027750 -0.007713 -0.014923 0.041975 -0.080690 -0.195643 -0.287047 -0.102924 0.074388 -0.047336 0.377190 0.133128 0.097940 -0.029057 0.025425 -0.186495 -0.390386 -0.155134 -0.141823 0.310095 -0.337737 0.144038 -0.150729 -0.119040 0.062365 -0.024478 
0.180769 -0.212595 0.165218 0.392716 -0.203965 -0.120352 0.299001 0.009542 -0.127053 0.318878 0.135089 -0.179468 0.282574 0.092734 -0.025171 -0.368475 -0.142494 0.034259 0.195486 -0.158080 -0.086902 -0.008311 -0.165384 -0.115486 0.234039 0.097653 0.117760 0.084629 0.288377 -0.241363 -0.563280 0.069757 -0.017794 0.135794 -0.268743 0.044571 0.001524 -0.268112 -0.128046 0.151174 
0.181772 -0.339417 0.014164 0.268524 -0.268448 -0.167812 0.089110 -0.307072 -0.098831 0.295389 0.024164 -0.133803 0.055047 -0.029804 -0.158806 -0.268605 -0.161945 -0.007654 0.261949 -0.166116 -0.076602 -0.054513 -0.018131 -0.242802 0.180423 0.210593 0.001857 -0.131024 0.202387 -0.207071 -0.448920 0.126624 0.035758 0.400882 -0.268847 0.097964 0.110127 -0.262034 -0.072195 0.008725 
0.169351 -0.123541 0.020266 0.331013 0.059200 -0.228765 0.169759 -0.176661 -0.144956 0.466202 0.361640 -0.216016 0.200414 -0.198510 -0.255683 -0.494873 -0.036216 -0.166809 0.301662 0.003605 -0.135464 -0.239164 -0.210251 -0.117167 0.097907 -0.030815 -0.060018 0.089697 0.038842 0.083203 -0.240772 -0.163279 -0.002225 0.118429 -0.195987 -0.034620 0.029979 -0.472346 -0.047516 -0.128949 
-0.013482 -0.231031 -0.024140 0.150566 -0.157960 -0.013013 0.497682 -0.151170 -0.287935 0.407003 0.216217 -0.174396 0.088266 -0.278629 -0.272781 -0.405018 -0.179174 -0.091447 0.171041 -0.166425 -0.141280 -0.177649 0.067022 0.059065 -0.018041 -0.179187 -0.064439 -0.003382 -0.086209 -0.214157 -0.150272 0.093489 -0.064554 0.364197 -0.266331 0.030028 -0.247052 -0.261845 0.035743 0.177148 
-0.246741 -0.564183 -0.041438 0.083251 -0.189455 -0.050852 0.331103 -0.356196 -0.331850 0.249027 0.064279 -0.343355 0.152552 -0.186276 -0.064701 -0.273235 -0.092221 0.028352 0.170889 0.004825 -0.204583 -0.381961 0.054122 -0.135789 0.106608 -0.077266 -0.084482 -0.105893 0.088807 -0.134743 -0.201719 0.144846 -0.173501 0.237373 -0.209233 0.069409 -0.030159 -0.053430 -0.024356 0.128915 
-0.206340 -0.530947 0.044644 0.237257 0.031202 0.071361 0.154513 -0.167574 -0.207414 0.045011 0.195402 -0.360861 -0.014041 -0.075834 -0.089332 -0.602074 -0.148611 -0.153317 -0.077733 0.180268 -0.251881 -0.284005 0.025061 0.077019 0.108886 -0.132248 0.017685 -0.171219 0.038786 -0.090695 -0.298286 0.044242 -0.041175 -0.013339 -0.001449 0.227681 0.173617 -0.094158 0.172909 0.265179 
0.011772 -0.449548 0.041605 0.263526 0.083648 0.108450 0.215013 -0.143918 -0.220496 0.092345 -0.006878 -0.033476 -0.131941 0.103442 -0.149368 -0.210454 -0.020064 0.088786 0.111837 0.165600 -0.066890 -0.091035 0.025403 0.001048 -0.067125 -0.033608 -0.177989 -0.291752 -0.029333 0.006714 -0.072510 -0.012901 0.219063 -0.037224 0.088639 -0.017056 0.031949 -0.173701 -0.109513 0.190779 
-0.038559 -0.349247 -0.219276 0.300163 0.047310 0.210034 0.334075 -0.211730 -0.321651 0.215747 -0.013978 0.112407 -0.198881 0.082728 -0.187799 -0.303423 0.045443 -0.007092 -0.106905 -0.104817 -0.182539 0.042088 -0.009712 0.083990 0.116580 -0.118347 -0.016821 -0.052041 0.075577 -0.050896 -0.162748 0.099145 -0.068067 -0.127411 0.229152 0.212547 0.211082 -0.118365 0.031167 0.131142 
-0.031057 -0.055356 0.060155 0.289923 -0.297312 0.119114 0.245145 -0.202078 0.057511 0.060833 -0.097478 0.167476 -0.202652 -0.061543 -0.081409 -0.122936 -0.195274 0.191610 -0.092118 0.302824 -0.152069 -0.008427 0.142937 -0.121983 -0.067658 -0.219217 -0.021190 -0.163438 0.104760 0.105073 0.051751 -0.010184 0.008111 -0.392395 0.136174 0.023148 -0.084287 0.054273 0.157445 0.031739 
-0.024730 -0.265669 -0.087840 0.021252 0.000579 0.125986 0.341858 -0.186206 -0.049717 -0.262793 -0.311474 0.014930 -0.147469 0.000206 -0.143531 -0.191647 0.266599 0.052692 -0.161784 -0.090421 -0.218140 -0.240182 -0.020741 0.181750 -0.092687 -0.110178 -0.158674 -0.041086 -0.103679 0.255511 -0.086348 0.043743 0.001810 -0.384385 0.316556 -0.045115 -0.167543 -0.004562 0.157103 0.072339 
0.063690 -0.316259 -0.021799 -0.038754 -0.321072 0.148010 -0.023694 -0.318099 0.086098 -0.329376 -0.188598 -0.045895 -0.335305 0.095352 0.030106 -0.145600 0.304130 -0.023123 0.177042 0.003421 -0.096656 -0.039801 0.025550 0.175887 0.172158 0.012556 -0.012348 -0.070413 -0.313036 0.152556 0.129793 -0.054569 0.006986 -0.445744 0.237135 -0.114061 -0.176982 0.121117 0.263976 0.057817 
0.448968 -0.521018 -0.189891 -0.079308 -0.074365 0.225394 0.153814 -0.058238 0.302273 -0.153164 -0.207817 0.214407 -0.413320 -0.202295 -0.124753 -0.465399 0.131063 0.191432 -0.019704 0.144713 0.084216 -0.200693 -0.187430 0.253315 0.249681 -0.205791 0.041257 0.071715 -0.241167 0.248393 0.018422 -0.259577 -0.180181 -0.517726 0.247190 0.108824 -0.520395 -0.174331 0.257692 0.265809 
0.912088 -0.252564 -0.286286 -0.102396 -0.076497 0.344649 -0.139790 0.229459 0.279996 -0.184200 -0.177984 0.345522 -0.311919 0.045991 -0.138494 -0.437294 0.261209 0.234249 0.146930 -0.000355 0.033277 -0.426334 0.166164 0.398457 0.056174 -0.067379 0.264667 0.049974 -0.489988 0.457236 0.232100 -0.282965 -0.123546 -0.755205 0.424834 0.216591 -0.272344 -0.236508 0.235126 0.215421 
1.176413 -0.289291 -0.064281 -0.182527 0.009432 0.407524 -0.388171 0.296170 0.662787 -0.012738 -0.432638 0.308246 -0.574737 0.004802 -0.062590 -0.719365 0.146304 0.190517 0.225306 -0.260961 0.399664 -0.216861 0.116223 0.360602 0.168480 -0.246144 0.330488 0.487237 -0.347398 0.195705 0.307879 -0.429587 -0.021922 -0.854546 0.339288 0.043469 -0.001503 -0.453733 0.373698 0.027120 
1.446255 -0.196947 -0.243467 -0.200976 0.003926 0.612232 -0.455566 0.529449 0.921347 -0.154296 -0.569156 0.278186 -0.746453 0.231411 0.034914 -0.981297 0.168683 0.222928 0.018958 -0.107295 0.426358 -0.307293 0.012664 0.371423 0.061557 -0.043670 0.465096 0.441899 -0.344580 -0.019953 0.527321 -0.625516 -0.093711 -1.073936 0.324348 0.278330 0.016009 -0.389134 0.080262 -0.018138 
