-0.214843 -0.363710 -0.108899 -0.743558 0.246392 0.507169 -1.384675 -0.171741 -0.045172 0.501487 -0.291252 -1.514781 -0.331664 -0.089327 -0.664546 -1.150994 
0.222419 -0.292510 0.289099 -0.493549 -0.816451 0.212903 0.317796 0.302573 -0.143317 0.186227 -0.533635 -0.411424 0.209035 0.158178 -0.216442 -1.697619 
-0.034089 0.013966 -0.006739 -0.514338 0.260376 0.382159 0.068032 -0.299533 -0.082500 -0.172692 0.280011 -0.081688 0.420877 -0.144295 0.171575 -0.551891 
0.087292 0.306512 0.156057 0.181130 -0.788183 0.137432 0.330379 0.136283 -1.602781 0.571428 0.241221 -0.314674 -1.233704 0.087814 0.245790 -1.115829 
0.041852 -0.015465 0.039981 0.370011 -0.442775 -0.058777 0.182138 0.051090 0.315871 -0.040364 -0.815628 0.083993 0.090857 -0.288257 -1.622574 -0.032073 
-0.169675 0.010416 0.171302 0.274135 0.794672 -0.399559 -0.445476 0.122408 0.396056 -0.202190 0.179417 -0.177567 -0.023856 0.056550 0.463359 0.090071 
0.130762 -0.187065 0.116772 -0.581487 -0.558193 0.436975 0.300258 0.109862 0.216004 -0.190353 -0.158216 -0.061836 0.019796 0.119447 0.108070 -0.078963 
0.103206 0.107469 -0.116198 -0.800103 -0.090999 0.119117 -0.348405 -0.049551 -0.303749 0.134299 -0.719545 0.159122 0.135668 -0.341317 0.198929 0.143135 
-0.184612 -0.008755 0.193196 0.273519 0.172287 0.232872 0.058174 0.092244 -0.155140 -0.216696 -1.588401 0.158033 0.243554 -0.490032 -0.468935 0.120848 
-0.023361 0.108239 -0.079574 0.623031 0.067137 -0.185583 -0.910429 0.019508 0.106837 0.334222 -0.643993 0.178444 0.186627 -0.221320 -1.532988 -0.042580 
-0.071955 0.236928 -0.112225 -0.503786 -0.935625 0.283399 0.297585 -0.356841 0.087733 0.134381 0.063120 0.196492 0.309290 0.286311 -0.321718 -0.684100 
-0.107482 -0.123675 -0.060897 0.433433 0.772931 0.184508 0.455948 -0.350425 0.398669 0.038645 0.436799 -0.566340 -0.943803 -0.029174 0.244090 0.001207 
-0.693359 0.173978 0.145207 0.485148 -0.204142 0.138422 0.150101 -0.045952 -1.035802 -0.291405 0.171078 -0.744345 0.078514 0.169847 -0.647081 -0.615661 
0.022051 0.009557 0.186842 -1.024286 -0.123424 -0.510146 -0.726072 0.177651 -0.134758 0.152493 -0.706746 0.241776 0.181338 -0.297737 -0.842602 0.108521 
0.002876 0.017882 -0.141421 0.786754 0.258935 -0.541971 -0.747482 -0.132990 -0.091124 -0.428340 -0.470530 -0.189186 0.234083 0.013101 -1.263479 0.098628 
0.109250 -0.690090 0.073073 -0.039522 -0.209270 0.173430 -0.334470 0.057138 -0.046104 0.050644 -0.344887 -0.557920 -0.007052 0.030236 -0.810420 -0.202182 
0.160205 0.259082 0.178747 -0.372371 -0.982118 0.309164 -1.003198 0.144893 0.137800 -0.063618 -0.227585 -0.483308 0.295544 0.292632 0.201169 -0.390170 
-0.010101 -0.571736 0.227664 0.470732 0.663405 -0.240223 -0.395881 0.215316 -1.258342 -0.462083 0.488079 -0.305932 -0.551638 0.126456 0.219991 -0.678064 
0.447754 0.269683 0.031982 -0.328269 0.224368 -0.858020 -0.780537 0.145034 0.062624 0.284851 -0.504242 0.127943 -0.809408 -0.162769 -0.448058 0.323804 
-0.589228 0.179696 0.107489 0.263914 0.380154 -0.271059 -0.771497 -0.374526 -0.503159 0.170288 -0.195121 0.025248 0.221004 0.061513 0.599713 -0.104394 
0.118731 0.052514 -0.447451 0.252382 0.097773 0.277012 0.243025 -0.295041 -0.138028 0.102950 -0.535096 0.532795 0.463133 0.333408 -0.404404 -0.048967 
-0.030991 -0.559788 -0.015044 -0.097736 -0.930288 -0.230077 -0.301219 -0.030316 -0.874543 -0.344785 -0.265971 -1.185644 -0.308971 0.227518 0.062865 -1.100066 
0.079036 0.086627 0.052302 -0.417749 0.000922 -5.036204 -2.223390 0.121104 0.228935 0.080618 0.088528 0.198721 0.216035 -1.677933 -0.169155 0.067916 
-0.132154 -0.176249 -0.080495 0.152248 0.354367 0.252003 0.213267 -0.429361 -1.175268 0.558190 0.038912 0.031651 -0.449146 0.100345 -0.152114 0.001708 
0.261538 -0.105981 0.088422 -0.273333 -0.903060 0.240401 0.440759 0.032548 -0.030839 0.192528 0.209648 0.573796 -0.461784 -0.104174 -0.667684 -0.341440 
0.021172 0.086053 0.012506 -0.675256 -2.171101 0.106263 0.294950 0.019099 -0.282411 -0.832303 0.022529 -0.317840 -1.095582 0.230294 -0.156453 0.119635 
0.181211 -0.378149 -0.176069 -0.040639 0.353023 -0.368542 0.193469 0.241474 0.026067 -0.241678 0.234775 0.257468 0.205678 -0.313762 -0.224655 -1.135646 
0.075518 0.125715 -0.254401 -0.293728 -0.004926 -0.018029 0.204274 -0.121690 0.667448 0.399104 0.544961 0.420343 0.136967 -0.396490 0.393074 -0.063762 
0.148182 -0.822725 -0.019134 0.460496 -0.255120 0.018948 0.268474 -0.056398 -0.239682 -0.012035 0.240684 -1.215503 -0.897683 0.260725 0.040945 -1.536898 
0.178257 -0.143440 0.068709 -0.390434 -0.912418 0.033625 0.089337 0.033337 -0.958730 -1.018120 0.245187 -0.360799 -0.061395 0.396615 0.175021 -0.024990 
0.066475 0.093327 0.060462 0.434218 0.343179 0.365393 0.170767 0.166232 0.474153 -0.341413 -0.109401 0.213466 -1.439254 0.171213 -0.055408 0.245560 
-0.087748 -0.201810 0.220807 0.355303 0.504577 0.125954 -0.410372 -0.011391 -0.071849 0.175053 0.238802 -0.548426 -1.520798 0.345756 0.454773 -0.549903 
0.230860 0.173925 -0.127265 -0.526407 0.424328 0.112224 0.101402 -0.380518 0.042646 0.181087 0.168408 -0.398035 -0.021349 -0.068318 -0.105002 0.293142 
0.087436 -0.018020 0.016688 0.251558 0.190261 0.328465 0.626374 -0.636197 -0.111930 -0.064365 -0.712666 -0.013724 0.040753 0.174029 -0.587278 0.379735 
-0.016687 0.343157 0.228243 -1.401025 -0.960231 0.199276 0.162525 0.032419 -1.861074 -0.403173 0.433809 0.371127 -0.614543 0.171184 -0.154020 -0.344950 
0.184732 0.232375 -0.437457 -0.266370 -0.505124 -0.144433 0.030056 0.278604 -0.085237 -0.540120 -0.341520 0.486475 0.295018 -0.627471 -1.430584 0.308774 
-0.123711 0.058213 0.247942 -0.153212 0.401273 -0.717575 -0.504047 0.258877 -0.280173 0.241844 -0.261337 -0.275916 -0.676373 -0.004457 0.583526 0.094414 
0.106482 0.082064 -0.022060 -1.235198 0.496558 0.491849 0.208110 -0.308756 -0.110223 -0.148520 -0.212815 0.121490 0.239365 0.212071 0.152221 0.312402 
0.095459 0.208364 0.220690 -0.709851 -0.037439 -0.853043 -0.324874 0.188611 -0.180477 0.006193 -0.440219 -0.255952 -0.129704 -1.081049 -0.397567 0.307438 
0.116592 -0.089077 -0.064043 -0.053597 -0.856467 -0.045044 0.189558 0.284577 -0.603346 -0.069260 -0.111163 -0.413391 -0.374974 -0.043567 -0.401110 -1.321093 
