-0.196810 0.047598 -0.034864 0.333407 0.069683 -0.066249 0.296516 -0.366724 0.205973 0.663165 0.366764 -0.256551 -0.349274 -0.378808 0.123324 0.074574 
0.082898 0.063732 0.292255 -0.464869 -0.031817 0.627194 -1.246828 -0.039690 0.324044 0.567684 0.334374 -1.287600 0.099188 0.415770 -0.199068 -0.511024 
0.196166 0.162571 -0.078057 -0.523063 0.287477 0.247777 0.082002 -0.365138 -0.295027 -0.202533 -0.320378 0.378579 0.492935 0.101895 -0.764545 -0.744805 
0.036145 -0.082083 0.036263 0.082817 -0.407002 -0.885061 -0.375540 0.105921 -1.175851 0.088251 -0.404959 0.289908 0.279617 -0.328538 -0.684367 0.067314 
0.064413 -0.773861 -0.056209 0.252179 0.205533 -0.011507 -0.778632 -0.154125 0.110871 0.220046 -0.028438 -1.506726 -0.634479 0.226499 -0.756201 -0.680613 
0.170012 0.111176 0.061243 -1.448093 -0.970080 0.059595 0.223602 0.020119 -0.463784 0.050363 -0.088783 0.150749 0.335940 0.035740 0.255795 -0.664835 
-0.727996 0.265281 0.058533 0.507484 -0.112404 0.128351 -0.453066 -0.019560 -1.246996 -0.342252 -0.209036 -0.003190 -0.036624 0.015408 -0.592525 -0.497321 
0.069902 0.126137 0.257659 -0.923188 -0.234135 0.104427 -0.409543 0.223614 -0.227992 0.171540 -0.583743 0.136901 0.132679 -0.420407 0.194869 -0.600890 
0.316100 -0.026908 0.131755 -0.297189 0.525652 -0.022447 0.235749 0.151046 -0.038548 -0.884492 0.264461 -0.398130 -1.265788 0.359925 0.541551 -1.065113 
-0.083174 -0.623353 0.058016 0.346488 0.244055 0.006328 0.149022 0.039198 -0.375365 -0.122745 0.287599 -0.222193 -0.707574 0.559003 0.343904 -0.814366 
0.295189 0.281184 0.269924 -0.377410 -1.029072 0.333648 0.340252 0.230428 -0.366543 -0.708831 0.178217 0.086994 -0.983422 0.165537 0.361223 -0.704539 
-0.276977 -0.089775 0.007483 0.282352 0.671147 -0.464153 -1.097495 0.081021 0.127851 0.281321 -0.278870 0.396433 0.568742 -0.028669 -0.059667 -0.253905 
0.124300 -0.636499 0.182909 -0.331802 -0.704368 0.171097 0.212763 0.033613 -0.067941 -0.017712 -0.529436 -0.464013 0.065339 -0.011548 -0.471953 -0.411778 
0.273351 0.270903 0.017322 0.374102 -0.111006 0.108465 0.178518 0.193026 -0.357382 0.398659 0.538724 -0.058582 0.144626 0.090897 -2.308108 -0.478236 
0.284402 0.009609 0.288977 -0.057375 -0.832046 0.255224 -0.674240 0.184029 0.266721 -0.415920 0.091681 0.087834 0.315095 0.374657 0.178533 -0.440701 
0.091724 0.019566 -0.209995 0.309810 0.353214 0.376970 -0.357242 -0.252770 0.213895 -0.357678 -2.170220 0.381199 -0.231642 0.210042 -0.697861 -0.917557 
0.187789 0.063136 0.104770 -0.878454 -0.441874 0.282430 0.268890 -0.097304 -1.365253 0.010297 0.039720 -0.146033 -1.194666 0.136997 -0.499561 -1.349594 
0.171444 -0.124608 0.080707 0.374632 -0.258206 -0.329571 0.170431 0.363641 0.428700 -0.598303 0.135687 0.027329 0.254149 -0.113036 -0.717286 -0.367293 
-0.000293 0.221526 0.249237 -1.044447 -1.214672 0.278907 0.359973 0.134793 -0.420194 0.097134 0.492108 0.452054 0.016328 0.371221 -0.643707 -0.666894 
0.088794 -0.009062 -0.020006 -0.280406 -0.494206 0.228085 0.373009 0.068297 -0.072784 0.257375 -1.202420 0.429316 -0.008064 -0.053758 -2.159039 -0.853276 
0.148116 0.139291 0.088869 0.497150 -0.263887 0.128979 0.329013 0.082778 -0.583134 -0.027325 0.486449 -1.130995 -2.121504 0.056672 0.104723 -0.489738 
-0.311867 0.068108 0.011535 0.164831 0.354329 0.161505 -0.058535 0.061423 0.151174 -0.149495 -0.790246 -0.171055 -0.167824 -0.052780 0.546151 -0.790099 
-0.049251 -0.128180 -0.440743 -0.323278 -0.853864 0.243590 0.289524 -0.276508 0.037872 0.114947 0.362786 0.366978 0.168542 0.055615 0.401761 -0.600055 
0.124903 0.151080 0.143740 -0.389010 0.102871 -5.175258 -1.796108 0.165617 0.203082 0.184312 0.073279 0.170832 0.185433 -1.627551 -0.130961 -0.535992 
0.328448 0.331044 -0.533553 -0.127072 -0.345200 -1.247749 -0.481548 0.201598 0.273453 -0.258251 -0.429030 0.636345 0.238970 -1.286373 -1.026015 -0.576434 
-0.502144 -0.435691 0.095052 0.330570 0.490686 0.344124 0.288649 -0.065949 -1.707950 -0.160208 -0.415496 0.403702 0.566186 -0.204656 -0.157338 -0.649955 
0.165242 0.007712 0.062458 -0.684775 0.145423 0.161093 0.032639 -0.065566 0.127729 0.160819 -1.483603 0.033791 0.124471 -0.386437 -0.706995 -0.281736 
-0.164793 0.242993 0.031523 -0.593702 -2.442600 0.240949 0.196407 -0.001550 -0.238069 -0.114468 -0.294717 0.466830 -0.352601 0.102577 -0.414109 -0.375669 
0.066094 0.242846 0.091386 -0.828833 0.453895 -0.403501 -0.064240 -0.120542 -0.994230 0.025997 -0.658405 -0.142924 -0.095001 -0.001252 0.930422 -0.279689 
0.019478 0.253959 0.113160 -1.353244 -0.022945 0.225709 0.285965 0.143701 -2.161742 -0.482758 0.477093 0.210832 -0.536267 0.169146 -0.017358 -0.843206 
0.092386 -0.529270 -0.014233 0.377934 -0.136195 -0.096997 0.266723 0.078831 0.217025 -0.322706 0.134238 -0.601280 -0.484085 0.037171 -0.469497 -0.722703 
0.191636 0.275974 0.020783 -0.966978 -0.785433 -0.351547 -0.344670 -0.013672 -0.339848 0.054995 -0.259803 -0.664849 -0.218202 -0.155113 0.071300 -0.492691 
-0.154382 -0.465831 -0.097432 -0.466236 1.406991 -0.079098 -1.034792 -0.140414 0.304291 0.458447 -0.560708 -0.450556 -0.523533 -0.085901 -0.251502 -0.047638 
0.208600 0.048164 0.171240 0.255494 0.569277 0.236594 -0.219770 0.084391 -0.296656 0.428313 0.280388 -0.272474 -1.032662 0.265952 0.058385 -0.402623 
0.144625 -0.606320 0.152403 0.449417 -0.393039 -0.534289 0.023483 0.190566 -0.840187 -0.042184 -0.002418 -1.259469 -0.454965 -0.002626 0.131898 -0.504085 
-0.266842 -0.050025 0.165618 0.306138 0.308532 -0.716691 -0.397109 0.234826 -0.227561 0.233417 -0.281450 -0.264270 -0.927495 0.124040 0.362759 -0.476722 
-0.087990 0.249108 0.051323 0.530414 0.313495 0.147154 -0.647562 -0.245599 -0.215713 -0.270329 0.308324 -0.656386 0.401529 0.081868 0.048998 -0.121941 
-0.113765 -0.129660 -0.064768 0.119477 -0.032882 0.216654 0.304667 -0.790281 0.363474 -0.434923 -0.171544 -0.163588 -0.262091 -0.313065 -0.306476 -1.289104 
-0.136146 0.315261 -0.105572 0.072254 0.564472 0.034281 0.143646 -0.462560 0.743479 0.131808 0.179394 -0.410763 -0.295856 0.124007 -0.247221 -0.537859 
0.166409 -0.100068 0.028747 -0.592146 -0.487018 0.117425 0.118917 0.197655 0.330846 0.001657 -0.765859 -0.010745 0.167867 0.093185 -0.232120 -0.024742 
-0.000023 -0.159795 0.062856 0.805180 0.315684 -0.007727 -0.417625 0.064756 -0.278463 -0.246336 -0.034126 -0.847989 -0.032911 -0.095580 -0.145579 -0.794984 
-0.269274 0.088614 0.147698 -0.550241 0.052601 0.083005 0.188454 -0.083864 -0.459014 -0.482416 0.142869 -1.260129 0.531821 0.100118 0.107632 -0.188156 
