-0.333521 -0.236079 0.043625 -0.450609 0.181496 0.390054 -0.411971 0.012754 0.037316 0.092641 0.246524 -0.392542 -0.178572 0.321344 0.115838 -0.328422 0.159549 0.656072 -0.818215 -0.274784 -0.987785 0.422866 -0.006925 0.231339 0.229786 0.427437 0.048280 0.340216 -1.136510 -0.064707 -0.427326 -0.487897 -0.530992 -0.594676 0.497852 0.369721 -0.398263 -0.313662 0.188129 -0.014336 -0.161724 0.007088 0.152240 -0.753113 
-0.220877 -0.269849 -0.010265 -0.529302 0.129451 0.041703 -0.058234 -0.119718 -0.165926 -0.208752 0.026389 -0.128780 -0.194639 0.242170 0.107541 -0.338140 0.319190 0.813496 -0.916262 -0.246172 -0.953172 0.601688 -0.049492 0.324813 0.412669 0.476266 -0.048196 0.294094 -0.829979 -0.062472 -0.122151 -0.507429 -0.596223 -0.502876 0.326229 0.335824 -0.392676 -0.338927 0.246360 -0.278728 -0.150684 -0.026271 0.025789 -0.621504 
-0.049138 -0.241401 -0.030014 -0.508793 -0.127501 -0.261504 -0.081151 0.034988 -0.133474 -0.253041 -0.103648 -0.112311 -0.458932 0.345283 -0.039791 -0.166828 0.323116 0.658538 -0.756405 -0.329862 -0.650093 0.604774 -0.041072 0.073143 0.393436 0.510457 0.018763 0.460767 -0.763579 -0.206971 -0.040673 -0.540332 -0.451666 -0.415489 0.341315 0.313379 -0.462450 -0.072250 0.222991 -0.130913 -0.087607 0.083967 0.073767 -0.362431 
-0.055827 -0.338888 -0.043493 -0.453745 -0.101328 -0.122984 0.212943 0.267187 -0.207607 -0.214354 0.135875 0.134374 -0.041542 0.090161 0.009371 0.105244 0.299181 0.758018 -0.501863 -0.464902 -0.487453 0.420990 0.029288 0.272956 0.450253 0.579464 0.009332 0.229875 -0.715212 -0.273595 -0.152767 -0.566045 -0.466987 -0.098977 0.410126 0.141512 -0.229513 -0.295486 0.298041 0.034853 0.048102 0.010634 -0.031333 -0.626828 
-0.087569 -0.166826 0.006632 -0.330023 0.109156 0.154946 0.116355 0.246988 -0.091057 -0.183548 -0.013012 0.101847 -0.222086 0.053707 -0.146770 0.025129 0.265400 0.564522 -0.262879 -0.322412 -0.465929 0.269198 -0.071161 0.372646 0.353661 0.396085 -0.093697 0.190050 -0.603036 -0.127009 0.112510 -0.352304 -0.203398 -0.175337 0.387940 0.042614 -0.136148 0.182764 0.420269 -0.155362 0.110404 -0.008807 0.167298 -0.475603 
-0.066659 -0.230499 0.062784 -0.104342 -0.028413 0.045472 0.100737 0.115336 -0.214337 -0.256931 0.213425 -0.072804 -0.133665 0.043619 -0.031300 0.135012 0.398659 0.399809 0.099279 -0.233678 -0.503267 0.050822 -0.219488 0.324044 0.399779 0.280946 0.043193 0.077138 -0.597842 -0.040099 -0.020866 -0.076614 0.003688 0.102704 0.518145 0.027575 -0.140213 0.067451 0.211805 0.008912 0.028069 0.085179 0.104685 -0.638559 
-0.137472 0.024400 0.324267 -0.004536 -0.142625 -0.124716 0.265038 0.084412 -0.088533 -0.094051 -0.069522 0.013233 -0.160181 0.153178 0.041932 -0.051374 0.487375 0.102024 0.121650 -0.120072 -0.409510 0.200103 -0.305453 0.034762 0.084253 0.284590 -0.023095 -0.158349 -0.421132 -0.158202 0.038400 -0.226747 0.156501 0.065514 0.326400 0.125018 -0.139464 0.040768 0.309187 -0.148971 -0.119668 -0.161563 0.088675 -0.423471 
0.085082 -0.157829 0.025278 -0.053865 -0.169348 -0.153085 0.449402 0.258123 0.021065 -0.035351 -0.132235 -0.003238 0.052701 0.082760 0.134211 -0.016930 0.470834 0.408740 0.006729 0.050830 -0.153678 0.299851 -0.192161 -0.145914 -0.053924 0.281760 0.188384 -0.044447 -0.277111 0.165583 0.008091 -0.238903 0.012573 0.272585 0.314070 0.107333 -0.108711 -0.020167 0.198051 -0.162771 -0.160242 -0.101618 0.024486 -0.529532 
-0.172568 -0.267910 0.193910 0.141850 0.070944 -0.301546 0.435192 0.142383 0.010217 -0.099221 -0.096793 0.070685 0.073287 -0.053019 0.060768 -0.026146 0.425221 0.266899 0.044077 -0.172855 -0.092184 0.274305 -0.081985 0.153170 -0.100834 -0.022905 0.229959 -0.233272 -0.148205 -0.041214 -0.044370 -0.174874 0.171575 0.357745 0.356152 0.107516 -0.227286 0.136165 0.046717 -0.029296 -0.233614 0.247829 -0.036473 -0.379192 
-0.324814 -0.102092 0.046422 0.239673 0.055755 -0.150512 0.485792 -0.104522 -0.025589 0.020773 0.012747 0.004700 -0.103217 -0.072808 0.169441 0.187937 0.291773 0.302456 0.231705 -0.035136 0.142401 0.235052 -0.183289 -0.043767 -0.088848 -0.105727 0.075978 0.002995 -0.018718 0.010159 -0.003002 -0.052260 0.251464 0.526082 0.271354 0.145755 -0.126444 0.127653 0.148650 -0.029371 -0.277374 0.209550 -0.049049 -0.553429 
-0.272230 0.123642 -0.064972 0.001142 -0.195382 -0.155004 0.509354 0.180492 -0.159358 0.041336 -0.213930 -0.136614 -0.070468 -0.073937 0.099004 0.168722 0.196518 0.415314 0.250827 0.085259 0.270969 0.181151 0.059154 -0.273024 0.033721 0.091935 -0.006209 0.091071 -0.001048 0.206130 -0.001913 -0.090156 0.394018 0.589991 0.076247 -0.093009 -0.034742 0.177011 0.042024 -0.043403 -0.163522 0.080878 -0.105125 -0.557341 
-0.403515 0.125167 -0.067064 -0.239048 -0.205873 -0.179823 0.373055 0.116990 0.022348 -0.284031 -0.075476 -0.005834 -0.085183 -0.129439 0.278516 0.147809 0.194623 0.256066 -0.154978 0.108186 0.089110 -0.002677 -0.156309 -0.192490 -0.018222 0.114621 -0.096927 0.132515 0.067640 0.130317 -0.165845 0.045475 0.443394 0.553977 0.094568 0.017483 -0.270911 0.255271 -0.228058 -0.033697 -0.057914 -0.123580 -0.187916 -0.407589 
-0.223057 -0.053427 -0.123756 -0.188405 -0.231759 -0.141180 0.319694 0.044715 -0.011953 -0.052267 -0.241286 0.019400 0.101678 -0.079810 -0.003825 0.084295 0.272058 0.096652 0.049422 -0.006587 0.272101 -0.129875 0.257659 -0.166640 -0.014132 0.257838 0.012903 -0.119133 0.088287 0.047815 -0.141299 0.006859 0.533294 0.150001 0.012468 -0.192133 -0.204401 0.075732 -0.091227 -0.014565 -0.070283 -0.024870 -0.113365 -0.393271 
-0.145214 0.274048 -0.137143 -0.477317 0.155584 -0.059560 0.183097 0.074490 -0.311480 -0.135691 -0.015493 0.194209 -0.042953 -0.220648 0.239481 0.037678 0.252229 0.131422 -0.306963 0.181426 0.188733 -0.101806 0.080376 -0.226069 0.058347 0.116117 0.092939 -0.136430 -0.029034 -0.042158 0.067005 0.168782 0.447892 0.275331 0.083389 -0.261677 -0.349880 0.244389 -0.272980 0.040112 0.011511 -0.194370 -0.031413 -0.398826 
-0.006650 0.160698 -0.490798 -0.612931 0.139071 -0.023129 0.304666 0.080634 -0.058361 0.010480 -0.305056 0.123653 0.347606 -0.257602 0.075819 -0.085434 0.436195 -0.084287 -0.071925 0.186282 0.153418 0.010711 0.080935 -0.140993 -0.046692 0.169013 -0.023195 -0.084406 0.008968 -0.096458 0.142447 -0.095836 0.312856 0.042887 0.138472 0.029745 -0.250607 0.285042 -0.260398 -0.013034 -0.081361 0.100756 -0.058407 -0.304674 
0.098121 0.380150 -0.309529 -0.305611 0.124422 -0.027629 -0.101325 0.168555 0.055068 -0.078324 -0.189344 -0.031100 0.202034 0.117946 0.110004 0.119356 0.139203 -0.047273 -0.211679 0.057634 -0.005450 -0.199634 0.039224 0.121131 -0.006067 0.046889 0.078341 -0.376071 0.357551 0.043175 0.091224 -0.167894 0.363400 -0.161877 0.126703 -0.083704 -0.103888 0.237429 -0.261966 0.188421 0.328050 0.087372 0.181883 -0.138188 
0.126704 0.528214 -0.148448 -0.500187 0.004490 0.311043 0.015167 0.090891 -0.103358 -0.037794 -0.214231 0.102008 0.124057 0.127968 0.202066 0.077426 0.072464 0.267926 0.151404 0.088039 0.244776 -0.375304 0.135606 -0.089667 0.428928 0.346872 -0.038246 -0.185503 0.344933 0.045316 0.033473 -0.071989 0.377258 -0.013434 -0.169507 -0.208344 -0.055674 0.024026 -0.320280 0.084539 0.177061 0.020435 0.090835 0.143120 
0.122046 0.516536 -0.091942 -0.413503 -0.066592 0.096104 -0.003992 0.121167 0.167003 -0.040917 -0.025586 0.153071 0.174911 0.300803 0.023321 -0.085111 0.063020 0.029369 0.014670 0.301675 0.238184 -0.425138 0.017252 -0.168066 0.310612 0.300283 -0.092965 0.045928 0.272514 0.005895 -0.190848 -0.001056 0.366090 0.053963 -0.399252 0.028657 0.376258 0.371832 -0.050342 0.284982 0.298802 0.111866 0.109934 0.196641 
-0.048387 0.345631 -0.120508 -0.472067 0.144751 0.092002 -0.421642 0.392282 0.245410 -0.020499 -0.001624 0.182604 -0.072949 -0.008123 0.046663 0.104984 0.135407 0.257009 0.048989 0.095803 0.274730 -0.167138 0.225603 -0.319886 0.160790 0.378345 -0.267463 -0.009363 0.371494 0.007117 -0.179096 -0.139993 0.409890 -0.136078 -0.596701 -0.020728 0.341390 0.067156 -0.066336 0.303047 0.327696 0.164501 -0.115027 0.107657 
-0.061389 0.319642 -0.309350 -0.455313 0.068221 0.094429 -0.337342 0.254601 0.059318 0.029581 0.126955 0.195158 0.075321 0.005416 0.086651 0.050230 -0.142009 0.465531 -0.011377 0.052381 0.362770 -0.200123 0.152918 -0.180996 0.452351 0.247889 -0.293733 0.177929 0.527539 0.040203 -0.063173 -0.075468 0.336753 -0.085259 -0.412157 -0.132922 0.257859 -0.035440 -0.359110 0.179659 0.091212 0.049101 -0.169129 0.065073 
0.009961 0.188331 -0.369246 -0.460911 0.099588 -0.001035 -0.139223 0.261018 0.016323 0.280327 0.002639 0.240828 0.063275 0.227474 -0.076617 -0.072848 -0.013559 0.408669 -0.395736 0.111580 0.029253 -0.243836 -0.002934 -0.116874 0.232318 0.277970 -0.147013 -0.094820 0.394535 0.065825 -0.050956 0.038249 0.212617 -0.030359 -0.741189 -0.231651 0.160018 -0.176362 -0.430678 0.256896 0.095688 0.054366 0.121910 0.139173 
-0.254775 0.007890 -0.197661 -0.266377 -0.059869 0.214415 -0.107332 0.520780 -0.069928 0.177092 0.033716 0.225917 0.015191 -0.041283 0.081201 0.108372 -0.113830 0.196209 -0.147984 0.006055 0.037104 -0.042926 0.222830 0.070603 0.302234 0.185261 -0.199670 -0.211825 0.177735 0.066298 -0.144653 -0.166454 0.331331 -0.157282 -0.573100 -0.121811 0.289674 -0.310357 -0.455771 0.167599 0.166472 0.178066 0.080155 0.196006 
-0.310363 -0.021812 -0.447188 -0.103792 0.121993 0.034690 0.038810 0.051417 -0.028511 0.220635 0.027451 0.112071 -0.137866 -0.037450 0.032166 0.057806 -0.211488 0.605684 -0.139571 -0.091134 0.019307 -0.120455 0.102401 -0.180457 0.070650 0.054787 -0.074817 -0.241292 0.244904 0.257100 0.153420 0.179273 0.250134 -0.154502 -0.729228 -0.040187 0.348172 -0.215247 -0.541292 0.027830 0.135069 0.043672 0.010811 0.351632 
0.017837 0.194783 -0.507703 -0.166030 0.011091 -0.021910 -0.210235 0.180438 -0.214068 0.118913 0.030178 -0.011686 0.130989 -0.340441 -0.223177 0.138786 -0.213472 0.586453 0.004611 -0.045481 0.150994 -0.064860 -0.068455 -0.247487 -0.081420 0.295184 -0.174994 -0.079329 0.294678 -0.012572 0.231512 0.053874 0.232099 -0.159845 -0.394540 -0.100848 0.203246 -0.151654 -0.215536 0.113855 0.242534 0.113117 0.064908 0.252047 
0.294985 0.095918 -0.534163 -0.205458 -0.056039 0.029321 -0.133748 -0.018663 0.048260 0.123749 0.067610 0.107247 0.261759 -0.138726 -0.136283 0.047074 -0.114248 0.400756 0.103437 0.053755 0.420074 0.106045 -0.032921 -0.128631 -0.219254 -0.099799 -0.099279 -0.182054 0.388159 0.041839 0.081713 0.099898 0.309459 -0.211465 -0.709041 -0.049186 0.345870 -0.352167 -0.619095 0.167910 0.295299 0.256245 -0.048074 0.433480 
0.120986 -0.104108 -0.553095 -0.200581 -0.225344 0.069458 -0.190130 -0.158497 -0.038381 0.339939 0.020374 0.177141 0.246570 -0.049400 0.049029 0.016280 0.015589 0.431766 0.065649 -0.098240 0.280978 0.109649 0.066788 -0.262142 -0.307141 -0.064594 -0.136007 0.003433 0.486828 0.070876 0.024848 0.098166 0.123676 -0.165427 -0.682439 0.058812 0.297350 -0.243930 -0.591783 0.153345 0.311134 0.072352 0.137286 0.352283 
0.308033 -0.107762 -0.587435 -0.197071 0.112351 -0.078235 -0.224314 -0.037880 -0.081172 0.241048 0.120426 0.165931 0.252180 -0.128667 0.053373 0.179433 -0.120551 0.016820 -0.086619 0.043355 0.374680 0.019673 0.105141 -0.127074 -0.064397 -0.140051 -0.196691 0.072157 0.176856 0.130246 0.199812 0.402220 0.233225 0.017661 -0.632920 0.024291 0.085149 -0.186658 -0.528079 -0.038771 0.351126 -0.192241 0.169702 0.430926 
0.129942 0.032286 -0.397005 -0.177800 0.000552 0.178600 -0.393678 -0.157236 -0.017995 0.141316 -0.013834 0.134833 0.227397 -0.123789 0.147509 -0.119057 -0.170635 0.011943 -0.162208 -0.055392 0.186892 -0.052809 0.005924 -0.420279 -0.239988 -0.181459 -0.213010 -0.049780 0.162035 0.052572 0.196263 0.160497 0.347797 0.095446 -0.784908 -0.022075 0.209668 -0.050260 -0.333670 0.163068 0.289725 -0.118284 -0.171565 0.218137 
-0.123592 -0.084915 -0.402151 -0.022281 -0.049250 0.057869 -0.269682 -0.011522 0.239199 0.076703 0.198555 -0.012070 0.085644 0.050993 -0.039092 0.000200 -0.212452 0.163386 -0.048623 -0.200007 0.313888 -0.027127 0.076971 -0.242740 -0.304309 -0.176668 -0.202048 -0.019027 0.223380 0.054252 0.177946 0.298464 0.466499 0.361227 -0.748936 -0.337376 0.180149 0.077178 -0.528605 0.243592 0.410415 0.003853 -0.091370 0.308961 
-0.308143 0.102314 -0.204345 0.082323 -0.199807 0.028543 -0.329077 0.067206 0.077270 0.030313 0.038708 0.073985 -0.054352 -0.100738 0.107175 -0.153348 -0.292264 0.104394 -0.085458 -0.246494 0.289370 -0.262054 -0.036137 -0.151024 -0.355970 -0.093140 -0.090354 0.041768 0.225050 0.069332 0.163766 0.299953 0.343065 0.089629 -0.708148 -0.030116 0.252428 -0.192998 -0.155467 0.035305 0.283506 -0.030640 0.032175 0.632846 
-0.226195 -0.012490 -0.221794 0.241093 0.089659 -0.041914 -0.099673 -0.023667 0.174499 -0.035269 0.146065 0.103999 0.230885 -0.178783 -0.012757 -0.162959 -0.206412 0.129909 -0.361068 -0.297941 0.166016 -0.111621 0.056005 -0.111121 -0.377236 0.061298 -0.188797 0.155681 0.324342 0.203239 0.080323 0.260551 0.241477 0.087251 -0.631277 -0.030657 0.205930 -0.244310 -0.165747 0.147579 0.149067 0.014734 -0.053588 0.550163 
-0.140314 -0.125535 -0.191617 0.112773 -0.111883 -0.139949 -0.091567 -0.119919 0.198183 -0.048298 -0.013653 0.005983 0.194063 -0.103213 -0.137735 0.049508 -0.446681 0.009619 0.119390 -0.065099 0.189850 -0.017788 0.038687 0.041435 -0.429212 0.296289 -0.063363 0.116474 0.369679 0.031194 0.108286 0.092418 0.099992 0.132273 -0.696574 0.036339 0.241285 -0.260146 -0.352066 -0.009650 0.269022 0.048992 0.037306 0.509840 
0.004460 -0.179332 -0.104607 0.280206 0.104954 -0.277322 -0.155126 -0.461366 0.135917 0.292465 -0.025705 0.224726 0.166420 0.129510 -0.004412 -0.048959 -0.381388 -0.019825 -0.039175 -0.116951 0.038941 0.182077 0.010380 0.012816 -0.591853 0.142443 -0.168718 -0.129802 0.253146 0.203296 0.025913 -0.118326 0.194734 0.071909 -0.552590 0.203276 0.093740 -0.069618 -0.276095 0.245105 -0.121620 -0.023392 -0.137752 0.621948 
0.003560 -0.208401 -0.212071 0.420587 0.102504 -0.109644 -0.204017 -0.456314 -0.070510 0.125161 0.100025 0.422744 -0.049671 0.066434 0.116777 -0.165099 -0.284637 -0.078792 -0.002972 -0.219701 0.390557 0.277024 -0.024967 0.036776 -0.517953 0.062424 -0.181297 0.050416 0.283723 0.159509 0.180330 -0.046855 0.213396 0.007129 -0.555263 -0.102056 0.111953 -0.166844 -0.241362 -0.025510 -0.120963 -0.114478 -0.018425 0.439692 
-0.191938 0.101206 0.084783 0.536896 0.046308 -0.037126 -0.200408 -0.408886 -0.072028 0.091875 0.064397 0.348466 -0.154821 0.250319 -0.049734 -0.001712 -0.439649 -0.151590 0.155689 -0.226001 0.461625 0.329468 0.201079 -0.088042 -0.571479 0.026553 0.051102 -0.033730 0.296121 0.053406 0.024173 0.099977 0.384286 -0.002897 -0.722754 -0.036111 0.283308 -0.044430 -0.293446 -0.009006 -0.003883 -0.076358 0.044748 0.480684 
-0.162634 0.127979 0.238791 0.600695 0.032201 0.026449 -0.239524 -0.459762 -0.028548 0.000864 0.044298 0.035989 -0.175030 0.266343 0.028662 0.283499 -0.704699 -0.055772 0.070573 -0.305437 0.460188 0.042558 0.109814 -0.121032 -0.267914 -0.036734 -0.080624 -0.054389 0.139974 -0.233620 -0.065103 0.032336 0.191891 0.250268 -0.679695 -0.116651 0.346561 0.088576 -0.202494 -0.144317 -0.028734 -0.154075 -0.097999 0.639864 
0.075258 0.208584 0.282718 0.679989 -0.062483 0.136344 -0.284928 -0.605428 0.197916 0.054896 0.070808 -0.237538 -0.543970 0.249389 -0.022804 0.256179 -0.378910 -0.211479 0.093096 -0.329401 0.568630 0.116275 0.094281 -0.016288 -0.193324 -0.262337 -0.269593 0.258586 0.113507 -0.178289 -0.143255 0.041678 0.195268 -0.014521 -0.777779 -0.241440 0.476526 0.319754 -0.057380 -0.143956 -0.253372 -0.311891 -0.173937 0.375210 
0.166449 0.365982 0.315718 0.550002 -0.277207 0.278349 -0.315519 -0.728266 0.447750 0.091657 -0.086310 -0.156043 -0.548642 0.297271 0.081548 0.363849 -0.407328 -0.189022 0.066814 -0.273381 0.205570 0.121489 -0.036712 0.097032 -0.178831 -0.198697 -0.029779 0.225794 -0.135476 -0.249684 -0.067815 0.006716 0.196385 0.008070 -0.670456 -0.199911 0.271180 0.534088 0.006599 0.143368 -0.291089 -0.348350 -0.238219 0.564768 
0.213127 0.619674 0.400577 0.523430 -0.169906 0.432167 -0.051780 -0.844833 0.386146 0.050729 -0.474200 -0.384302 -0.263516 0.499722 0.222223 0.384159 -0.327364 -0.473611 -0.217455 -0.305147 0.142582 0.285338 -0.055677 0.320128 -0.103706 -0.399379 -0.076828 0.203084 -0.161828 -0.254711 -0.015035 -0.137093 0.156686 -0.038198 -0.467086 -0.436825 0.029783 0.379158 -0.064393 -0.027829 -0.173458 -0.285517 -0.183193 0.490380 
-0.019564 0.515032 0.131212 0.611763 0.086447 0.364234 -0.054117 -0.777840 0.226766 0.045010 -0.346213 -0.130157 -0.193564 0.503118 0.102058 0.493944 -0.380847 -0.357236 -0.470487 -0.262597 0.295075 0.001794 0.031077 0.164869 -0.158992 -0.351665 -0.146597 0.469506 -0.068259 -0.158775 0.031582 -0.046859 0.395791 -0.153522 -0.321092 -0.428259 0.111599 0.679619 0.123384 -0.379629 -0.339458 -0.248918 -0.091331 0.272339 
0.147589 0.501301 0.231721 0.698941 -0.005105 0.501950 0.128301 -0.529096 0.324808 0.021504 -0.142635 -0.523052 -0.289730 0.324240 0.216555 0.255333 -0.366621 -0.406185 -0.230863 -0.566347 -0.023067 -0.010150 0.042020 0.242887 -0.027407 -0.268177 0.014524 0.378828 -0.082207 -0.233553 0.034130 0.052394 0.513794 0.118354 -0.542769 -0.480130 0.227723 0.513416 0.324522 -0.160718 -0.293010 -0.354136 -0.048971 0.399020 
-0.176104 0.480520 0.180499 0.627754 0.110211 0.168587 0.115593 -0.599756 -0.030140 -0.213780 -0.193581 -0.513479 -0.294428 0.189219 0.258208 0.299719 -0.544071 -0.197175 -0.449926 -0.305809 0.135658 -0.054694 0.049909 0.395069 -0.040577 -0.044017 0.041046 0.377997 -0.077230 -0.212706 0.104189 0.136669 0.360328 0.062543 -0.243262 -0.513112 0.077868 0.515436 0.113537 -0.125055 -0.335240 -0.265444 -0.248369 0.325473 
-0.116023 0.290690 0.337650 0.578147 0.092908 0.045871 0.143964 -0.341269 -0.001239 -0.162117 -0.178662 -0.613237 -0.019128 0.124607 0.100256 0.196190 -0.314802 -0.052730 -0.239224 -0.300270 0.152629 0.031539 -0.091967 0.428313 0.033516 -0.203399 0.375370 0.463226 -0.274621 0.036054 -0.032087 0.093035 0.192705 0.096594 -0.239642 -0.203141 0.255402 0.474884 -0.148451 0.060462 -0.349966 -0.400177 0.045014 0.306819 
-0.052207 0.345422 0.312100 0.500101 0.040149 0.100467 0.206775 -0.468324 0.092747 0.120916 -0.209621 -0.421911 -0.260774 0.185841 0.040664 0.330236 -0.245170 0.140125 -0.270185 -0.083688 0.190605 0.046565 0.144217 0.236112 0.101760 -0.093384 0.274297 0.520678 0.100372 0.073296 -0.023321 0.086477 0.169396 0.031170 -0.232906 -0.297399 0.270032 0.435973 -0.132951 -0.050763 -0.542370 -0.396254 -0.071907 0.263363 
0.130261 0.385155 0.572354 0.436376 -0.176570 0.247742 0.286254 -0.122979 -0.115089 0.100167 -0.271595 -0.289631 -0.204868 0.062853 -0.158411 0.167085 -0.234628 -0.219808 -0.120510 0.053614 0.184626 0.023961 0.063301 0.112144 0.035786 -0.047484 0.321921 0.329156 -0.016759 0.191521 -0.252253 0.097459 -0.007528 -0.087990 -0.048106 -0.122415 0.202381 0.477177 -0.151260 -0.256826 -0.538495 -0.363768 0.055185 0.045774 
0.025981 0.093327 0.614340 0.751279 -0.067847 -0.013776 0.223310 0.134420 0.056073 0.270767 -0.236069 -0.184843 -0.247943 0.052881 -0.134397 0.180650 -0.220362 -0.299670 -0.106979 0.019194 0.304904 -0.097505 -0.024614 0.173589 -0.085684 -0.370739 0.282045 0.216309 -0.289746 0.196303 -0.179879 0.030912 0.326022 -0.210193 0.039706 -0.169354 0.235644 0.335446 0.121071 -0.131725 -0.489162 -0.222375 -0.100924 0.217135 
-0.106955 -0.050435 0.637688 0.802915 -0.114849 0.251929 0.007863 0.191779 -0.002369 0.129801 -0.254589 -0.295500 0.080193 -0.114343 0.044459 0.069779 0.088588 -0.151429 0.001050 0.044944 0.106643 0.117186 0.096645 0.222520 0.125375 -0.289996 0.254116 0.135694 -0.239743 0.099038 -0.175681 0.249911 0.184389 -0.263923 0.024781 -0.033099 0.448980 0.393973 0.104059 0.068084 -0.329359 -0.268830 -0.229202 0.111679 
-0.381380 -0.242153 0.660541 0.542524 0.145248 0.039146 -0.125929 0.311380 -0.066040 0.063889 -0.116496 -0.154297 -0.144452 -0.353132 -0.035730 0.222233 0.197544 -0.246085 -0.139052 0.165429 0.142551 0.080148 0.079913 -0.091549 0.127523 -0.121527 0.216290 0.023117 -0.259388 0.120320 -0.440224 0.261712 0.104297 -0.207274 0.122623 0.152674 0.425736 0.408154 0.305825 -0.056487 -0.228448 -0.269188 -0.031906 0.264746 
-0.060725 -0.336605 0.439372 0.820019 -0.151464 0.170754 0.117738 0.441881 0.099291 0.022377 -0.070851 -0.091828 0.016899 -0.486030 0.053933 0.213677 0.138257 -0.232614 0.090737 0.234437 0.018224 0.337929 0.135483 -0.031453 -0.001591 -0.346517 0.190411 0.103336 -0.290497 -0.071952 -0.246537 0.155458 -0.170305 -0.033759 0.195079 0.058978 0.420320 0.330452 0.295969 0.144867 -0.072526 0.016994 -0.049265 0.154243 
-0.258710 -0.428398 0.221212 0.468187 0.117095 -0.171670 0.219598 0.496789 0.074252 0.151800 -0.042787 -0.074239 -0.082579 -0.478283 -0.128306 0.036475 0.176628 -0.269011 0.097859 0.320602 -0.090527 0.153849 0.055649 -0.061748 -0.077672 0.045183 0.146659 0.174001 -0.107665 -0.009134 -0.077620 -0.016322 -0.210470 -0.046170 0.361931 0.343632 0.524125 0.202123 0.315912 0.177002 -0.136525 0.058298 -0.080585 0.232372 
0.193118 -0.298162 0.096601 0.561509 -0.125324 0.091603 0.169935 0.436161 0.020706 0.206740 -0.240012 -0.419597 -0.081001 -0.485346 -0.323268 -0.129069 0.150903 -0.314250 0.068744 0.267766 -0.054641 0.001074 0.154271 -0.186269 0.035937 -0.156380 0.320640 0.061811 -0.119644 -0.014934 0.095883 0.164978 -0.291018 -0.095613 0.325283 0.247155 0.425588 0.289994 0.316276 0.467600 0.022741 0.102526 -0.104127 0.119783 
0.088521 -0.644163 0.022344 0.490026 0.060493 -0.100079 0.194135 0.542765 -0.001674 -0.081956 -0.003785 -0.332159 0.030894 -0.526713 -0.169606 -0.317070 0.011528 -0.330834 0.412045 0.319523 -0.037211 0.202877 -0.148816 -0.052788 0.144173 0.034624 0.269749 0.132939 -0.195161 -0.098045 0.089970 0.418607 -0.391527 0.052505 0.623654 0.158950 0.479433 0.216935 0.442765 0.311249 0.243859 0.075165 -0.038215 0.102297 
0.083249 -0.355298 0.369026 0.470352 -0.014528 0.252772 0.033259 0.706299 0.046118 0.239864 -0.009753 -0.224031 0.195547 -0.484763 -0.141279 -0.247197 0.186667 -0.467140 0.628795 0.283119 -0.008303 -0.006267 -0.180183 -0.188492 0.172318 -0.047995 0.261102 -0.239866 0.019299 0.212251 -0.120095 0.282031 -0.326680 0.137127 0.641719 0.303013 0.428276 -0.011851 0.659340 0.247076 0.123965 0.059902 -0.232856 0.069673 
0.262609 -0.370726 0.205819 0.413475 -0.036691 0.021955 0.267195 0.716217 0.103844 0.082364 -0.019601 -0.156443 0.148821 -0.459831 -0.055473 -0.374794 0.170873 -0.243931 0.796474 0.477362 -0.029686 0.019669 -0.027764 0.021786 0.418900 0.006125 0.353770 -0.147436 -0.034849 -0.109357 0.168574 0.222267 -0.499153 0.063308 0.591871 0.385731 0.574276 -0.196641 0.473687 0.287051 0.065569 0.087944 -0.150198 -0.010923 
0.510538 -0.383585 0.220372 0.359010 0.066354 0.054902 0.025366 0.525959 0.043984 0.229918 -0.198959 -0.128306 0.075330 -0.352649 -0.061832 -0.445619 -0.003189 -0.356748 0.498799 0.432141 0.131505 0.156711 -0.067590 -0.001554 0.425839 -0.126039 0.387746 -0.049251 0.019445 0.217821 0.006937 0.056130 -0.602346 -0.166187 0.629858 0.194418 0.474037 0.055590 0.421681 0.193666 -0.004658 0.052738 -0.152709 0.016035 
0.479339 -0.406422 0.112470 0.125536 -0.060326 -0.129275 0.334239 0.553727 0.320409 0.124302 0.046149 0.048790 0.162631 -0.178554 -0.050596 -0.352162 0.024526 -0.086260 0.371988 0.624271 -0.066995 0.309272 -0.232103 -0.115046 0.385817 -0.041719 0.266859 -0.201758 -0.097699 -0.003018 0.129012 -0.086539 -0.527448 -0.181160 0.475471 0.348462 0.455248 0.063333 0.454201 0.289394 0.139817 0.175923 -0.114633 0.038817 
0.337063 -0.524989 0.085333 0.062011 -0.172245 0.062828 0.293556 0.539737 0.309709 0.105055 -0.025322 0.019773 0.158038 0.008301 -0.264126 -0.528330 -0.035581 -0.431415 0.346313 0.221700 -0.154981 0.137265 0.101755 -0.249559 0.240728 -0.266531 0.256420 -0.042554 -0.060698 0.191041 0.265245 0.048488 -0.455548 -0.036693 0.418692 0.281568 0.201241 -0.050673 0.729780 0.261476 -0.055347 0.228531 -0.070673 0.009727 
0.634441 -0.218552 0.158158 -0.070256 -0.147270 -0.018563 0.163695 0.435078 0.399914 0.038764 0.431200 -0.129246 0.054407 -0.131618 -0.069756 -0.668285 0.365202 -0.454157 0.081425 0.280789 0.039992 0.047948 0.072528 -0.281068 0.143591 -0.174333 0.137621 0.004633 0.046883 0.009725 0.607828 0.000863 -0.335387 -0.110216 0.703405 0.042152 0.173171 -0.063763 0.553704 0.258665 0.115739 0.144622 -0.176371 -0.068175 
0.525349 -0.417689 0.091414 -0.214914 -0.245122 0.052967 0.060747 0.404634 0.161768 -0.000440 0.317854 -0.120739 -0.209649 0.209991 -0.591603 -0.391387 0.208243 -0.382055 0.025175 0.457164 -0.062608 0.052895 0.447773 0.136622 -0.134181 0.088995 0.312808 -0.129981 0.144661 -0.184613 0.594518 0.000474 -0.189177 -0.026012 0.693177 0.023024 0.189734 -0.228752 0.335625 -0.032184 -0.016097 0.019733 -0.098732 -0.191289 
0.441373 -0.096349 0.033779 -0.208955 -0.138000 -0.323104 0.034597 0.257932 0.241081 -0.180057 0.632978 0.037301 -0.198254 0.014599 -0.607599 -0.284900 0.231721 -0.490292 -0.209884 0.257753 -0.101025 0.069826 0.301430 0.234889 -0.138959 -0.101423 0.099092 0.067127 0.156733 0.057952 0.807326 -0.164696 -0.174232 -0.218533 0.609306 -0.089882 0.340013 -0.166330 0.373380 0.087272 0.001136 0.268706 0.010638 -0.081519 
0.606652 0.097805 -0.279056 -0.098484 -0.119658 -0.202186 0.228257 0.334328 0.286326 -0.025993 0.307511 -0.105819 -0.207718 -0.025727 -0.232726 -0.076579 0.242269 -0.328741 -0.232959 0.224032 -0.320193 0.073083 0.100520 0.122986 -0.351842 -0.101696 0.320703 -0.066062 0.279203 0.037595 0.529170 0.015885 -0.306329 -0.023253 0.469163 -0.406407 0.235628 -0.318338 0.398553 0.071447 0.073750 0.321568 0.024058 0.063338 
0.481214 -0.038904 -0.102031 -0.278905 -0.022321 -0.400824 0.145699 0.347871 0.266925 -0.324510 0.213021 -0.345680 -0.325908 0.078833 -0.188081 -0.122605 0.167100 -0.380461 -0.442995 0.279283 -0.183329 0.231238 0.092939 0.110782 -0.193971 -0.077248 0.090007 0.102517 0.574897 0.006075 0.453629 0.202071 -0.347106 0.003956 0.283708 -0.357695 0.120211 -0.349164 0.403615 0.146566 0.003624 0.442064 -0.293800 0.031367 
0.426330 0.064445 -0.106506 -0.301317 0.023650 -0.202366 0.016365 0.179431 0.373197 -0.461233 0.210237 -0.320376 -0.050067 0.182579 -0.085713 -0.178255 0.035042 -0.344543 -0.320921 0.146764 -0.204394 0.325608 -0.121427 0.060622 -0.427532 -0.006110 -0.061837 0.222972 0.697378 0.156317 0.561223 0.520946 -0.332331 0.095806 0.261308 0.025710 -0.273735 -0.480571 -0.021048 0.286429 -0.027028 0.609954 0.024040 0.022315 
0.543564 -0.370188 -0.403232 -0.312811 -0.118662 -0.140799 0.186306 0.118780 0.526103 -0.242976 0.172561 -0.505398 -0.097845 0.338699 -0.297076 -0.217964 0.212179 -0.113148 -0.496837 0.004809 -0.097731 -0.116805 -0.090865 0.228857 -0.201407 -0.065780 0.054279 0.025847 0.707504 -0.039707 0.569611 0.244898 -0.132636 0.181555 0.008297 0.248513 -0.556571 -0.378929 0.131028 0.109113 0.094806 0.378107 0.178710 0.123896 
0.472993 -0.435116 -0.033821 -0.293958 -0.007708 -0.271006 0.127386 0.125939 0.338588 0.068406 0.031321 -0.426754 -0.175176 0.073095 -0.050896 -0.223384 0.230141 -0.076266 -0.245919 0.060238 0.059462 -0.096679 -0.224531 0.362721 -0.010656 -0.100538 0.366362 0.081955 0.688401 -0.003178 0.271984 0.295394 -0.253521 0.187427 0.253000 0.224480 -0.608001 -0.396889 -0.356376 0.063275 0.305079 0.374826 0.273560 0.005505 
0.222227 -0.300102 -0.174480 -0.233584 0.036275 -0.388844 0.206715 -0.191532 0.259993 -0.084736 0.075244 -0.666371 -0.099153 0.060289 0.060667 -0.249107 0.116820 -0.056318 -0.545930 -0.119164 -0.207063 -0.086949 -0.189975 0.850393 0.160315 -0.336216 0.415413 -0.198648 0.522487 -0.131506 0.168953 0.186484 -0.166010 0.282798 0.182958 -0.005345 -0.713036 -0.303248 -0.350141 0.103037 0.031283 -0.067678 0.329043 0.021557 
0.334267 -0.185708 -0.189230 -0.158174 0.102216 -0.205456 0.238933 -0.272740 0.170377 -0.190503 -0.030688 -0.302050 0.281946 -0.037866 0.098482 -0.160737 0.213425 0.172271 -0.284719 -0.064187 -0.131279 -0.189011 -0.154402 0.753479 -0.001048 -0.237607 0.358083 -0.350894 0.600559 -0.063397 -0.111785 0.278174 -0.017053 0.072291 0.133497 -0.142994 -0.490662 -0.230056 -0.201523 0.237712 0.020084 0.009294 0.155352 -0.066273 
0.122232 0.020431 -0.049542 -0.240165 0.347661 -0.260821 -0.133558 -0.303499 0.295306 -0.318664 -0.336723 -0.179458 0.125725 0.124302 0.085920 -0.090124 0.056698 -0.169621 -0.129467 -0.002854 -0.278763 0.061470 0.234675 0.599807 0.243797 0.017822 0.062705 -0.547722 0.392527 -0.110837 -0.209749 0.485111 -0.079952 0.235353 0.325448 0.203867 -0.241538 -0.199391 -0.066977 0.003471 -0.015483 -0.173286 0.076309 -0.018039 
-0.038338 0.044323 -0.115771 -0.319408 0.269019 -0.175783 -0.320435 -0.571097 -0.007238 -0.071500 -0.066364 0.326555 0.454063 0.219857 0.022339 0.086439 0.262567 -0.234772 -0.274845 0.151230 -0.214765 -0.095923 0.312705 0.479390 0.190882 -0.070826 0.235960 -0.573011 0.205991 -0.012543 -0.393673 0.475862 0.167012 0.255697 0.551462 -0.104921 -0.243100 -0.383354 0.020902 -0.117304 -0.136413 -0.053858 0.312890 -0.056816 
0.074891 0.079345 0.001488 -0.212477 0.281919 0.034752 -0.113777 -0.563048 -0.388429 -0.146568 -0.251676 0.324876 0.220996 0.156874 0.038997 0.277858 0.329637 -0.214319 -0.104991 -0.047930 0.010137 -0.338752 0.238701 0.068136 0.203594 0.068048 -0.027061 -0.796619 0.417632 0.142401 -0.734959 0.457124 0.116515 -0.025408 0.807341 -0.062097 -0.037601 -0.488291 -0.063989 -0.448789 -0.505387 -0.274310 0.071295 -0.227536 
0.066433 0.393023 0.176366 -0.229694 0.631209 0.144675 -0.401418 -0.492760 -0.562409 0.157432 -0.204498 0.731282 0.642239 0.026055 -0.133848 0.404827 0.250507 -0.476025 0.109642 0.012419 0.190484 -0.295920 0.299159 0.030747 -0.051871 -0.093830 -0.018783 -0.636733 0.301562 0.287550 -0.687338 0.694341 0.359401 -0.167924 0.745130 0.026776 0.363387 -0.159197 0.015017 -0.428274 -0.102908 -0.161307 -0.057306 -0.517455 
0.090598 0.493784 0.142399 -0.335671 0.752750 0.266402 -0.420738 -0.221806 -0.816306 0.054887 -0.170102 1.020790 0.757437 -0.033879 -0.040192 0.599642 0.089962 -0.389818 0.029128 -0.071560 -0.145939 -0.296934 -0.041877 0.027075 -0.262023 -0.055395 0.093299 -0.517149 0.171150 0.098246 -0.477848 0.643789 0.308275 0.125424 0.571834 -0.099598 0.193877 -0.081086 0.010997 -0.489079 -0.190982 -0.322172 -0.049717 -0.189209 
0.139614 0.378406 0.066155 -0.293777 0.635284 0.037211 -0.209765 -0.119595 -0.923322 -0.037902 -0.502846 0.820243 0.609297 -0.217385 -0.056391 0.640531 0.037672 -0.309234 0.147692 0.046641 -0.139257 -0.429027 -0.513946 -0.429317 -0.303535 0.014181 -0.091656 -0.141455 -0.017102 0.229170 -0.263947 0.811036 0.276113 0.008907 0.689147 0.115043 0.278061 0.083112 -0.131299 -0.397351 -0.039094 -0.488980 -0.146835 -0.207643 
-0.096161 0.479120 -0.044203 -0.378083 0.742952 0.003455 -0.168909 -0.060971 -0.669994 -0.337498 -0.300843 0.633557 0.467796 -0.173733 -0.093290 0.887946 -0.165862 -0.365937 -0.222716 0.026562 -0.369772 -0.052580 -0.591661 -0.154543 -0.457029 0.332903 -0.150522 -0.091362 -0.102165 0.295173 0.220711 0.610688 0.266326 -0.040692 0.637296 -0.116172 0.182971 0.162192 0.154277 -0.473669 0.178690 -0.284342 -0.293895 -0.044177 
-0.271703 0.413492 0.204872 -0.109069 0.705057 -0.408284 -0.111775 -0.018643 -0.260546 -0.511387 -0.415142 0.537467 0.312429 -0.351695 -0.061267 0.783935 -0.051725 0.010761 -0.098526 0.133926 -0.787098 -0.340884 -0.760879 -0.362737 -0.063807 0.328909 -0.024991 0.132433 -0.232353 0.211953 0.567542 0.458373 0.343930 -0.056473 0.421253 0.095646 -0.105817 0.031955 0.272946 -0.114570 0.269896 -0.398013 -0.071001 0.142281 
-0.140076 0.176363 0.103021 -0.254312 0.359222 -0.604288 0.075661 0.195388 -0.078267 -0.670342 -0.253813 0.606165 -0.113783 -0.196115 -0.038505 0.339637 0.079555 0.133426 -0.241238 0.059912 -0.570988 -0.007163 -0.937268 -0.350320 0.045559 0.325179 -0.081055 0.081184 -0.390066 -0.144748 0.544023 0.221184 0.065717 -0.273436 0.280687 0.109413 -0.170771 0.207384 0.168828 -0.150626 0.437320 -0.597576 -0.028692 0.111484 
0.134618 -0.185458 0.202663 -0.197876 -0.008024 -0.811011 0.094337 0.181532 0.022454 -0.711177 -0.107815 0.644141 -0.558680 -0.092401 -0.081303 0.064429 0.289648 0.069863 -0.046146 0.448480 -0.519891 -0.246034 -0.746439 -0.447373 -0.198831 0.198613 -0.003407 0.143050 -0.496351 -0.227929 0.054577 0.107663 -0.036126 -0.320175 0.104303 0.165609 -0.413273 0.086253 0.094213 0.125538 0.450399 -0.351400 0.022378 0.075254 
0.069102 -0.235262 0.243774 -0.099206 -0.280157 -0.579328 0.044990 0.111539 -0.027536 -0.385153 0.292098 0.767007 -0.726327 0.141779 0.003513 -0.494715 0.435841 0.051575 0.184608 0.669174 -0.339699 -0.136344 -0.708492 -0.306822 -0.193260 0.155385 0.121895 -0.169462 -0.378655 -0.403753 -0.159690 0.040858 -0.087738 -0.133139 -0.053747 0.223231 -0.516737 0.059891 -0.000654 -0.061308 0.296083 -0.189955 0.529996 0.441380 
0.026803 -0.133704 0.512654 -0.151610 -0.424264 -0.727802 0.144765 0.230134 0.123671 -0.207044 0.409315 0.492614 -0.886280 0.218488 -0.421198 -0.654865 0.807841 0.057530 -0.084412 0.557433 -0.189581 0.104029 -0.257060 -0.376821 -0.173123 0.103766 0.160604 -0.390087 -0.210792 -0.504269 -0.554982 -0.187736 -0.123205 -0.126769 -0.003853 0.323552 -0.658819 -0.164295 -0.381741 -0.182250 0.466085 -0.144981 0.860363 0.104807 
0.006205 -0.023517 0.396887 0.139037 -0.504528 -0.524298 0.022085 -0.051803 -0.018272 -0.000107 0.523369 0.636975 -0.987749 0.643062 -0.334939 -0.728454 0.477075 -0.416107 -0.122011 0.662333 0.402184 0.053421 0.386154 -0.312059 -0.418202 0.180110 0.355480 -0.851409 -0.046741 -0.652669 -0.735924 0.002430 -0.056490 -0.099562 -0.060425 -0.028951 -0.384097 -0.291898 -0.504469 -0.020893 0.223820 0.044225 0.520547 0.267223 
0.168963 0.369424 0.353443 0.281576 -0.496388 -0.213469 0.111180 0.095776 -0.014190 0.290515 0.660128 0.491349 -0.745632 0.355235 -0.255201 -0.476902 0.123701 -0.466979 0.069616 0.299826 0.503367 -0.119196 0.644888 -0.385075 -0.444820 0.119957 0.463583 -0.615974 -0.151011 -0.613438 -0.623894 -0.282447 -0.032930 -0.104416 0.200396 -0.513941 0.113750 -0.157611 -0.463135 0.041506 -0.038508 0.001983 0.271996 -0.051463 
0.079721 0.691494 0.091959 0.141893 -0.269323 0.060273 0.027024 -0.028846 0.171757 0.300635 0.349433 0.100020 -0.466714 0.418289 -0.151525 -0.314083 -0.479864 -0.341891 0.081840 0.168015 0.622102 -0.068905 0.196771 -0.011262 -0.098309 -0.036830 0.402573 -0.582633 -0.451032 -0.247560 -0.168401 -0.031588 -0.206102 0.135425 0.062796 -0.602683 0.369096 -0.380402 -0.618200 0.290627 -0.260920 0.060775 0.154966 -0.020776 
0.397904 0.667838 -0.202989 0.055216 -0.009077 0.509087 0.223896 0.040806 0.298737 0.734547 -0.095938 0.295385 0.266945 0.134777 -0.311642 -0.124742 -0.869161 0.042786 -0.116928 0.063500 0.330991 -0.002395 0.174382 0.600705 0.053819 -0.160180 0.209964 -0.340040 -0.092327 -0.197784 0.049057 -0.154898 -0.272145 0.348907 -0.022118 -0.519782 0.004773 0.002909 -0.102792 0.391287 -0.430795 0.054692 0.182142 0.070218 
0.328671 0.396530 -0.697171 0.231897 0.265819 0.527425 0.170281 -0.028217 0.320448 0.850766 -0.164512 0.336159 0.636165 -0.026199 -0.056958 -0.069286 -1.007425 0.262978 -0.041343 0.241205 0.006359 0.383658 -0.128822 1.037057 0.278316 -0.065682 -0.144995 0.287498 -0.095757 -0.026921 0.410143 -0.597778 -0.216481 0.357394 -0.008046 -0.230031 -0.156521 0.568925 -0.153071 0.340797 -0.416080 -0.135101 0.358480 -0.068174 
0.130171 -0.156454 -0.819378 0.036131 0.163730 0.531440 0.137175 0.133131 0.324986 0.564612 -0.172805 0.021482 0.633209 -0.524416 0.054627 -0.086327 -1.183132 0.324686 -0.020956 -0.170812 -0.396467 0.268177 -0.219182 1.029534 0.333464 -0.252913 -0.504003 0.579280 0.109695 0.004546 0.556715 -0.692425 -0.192647 0.297006 0.004857 0.258486 -0.418566 0.606437 0.025186 0.222916 -0.289444 0.191551 0.315532 -0.209500 
-0.049895 -0.077032 -0.838800 0.143507 -0.118031 0.080230 0.116483 0.196979 -0.192653 -0.169516 0.021565 -0.197690 0.482031 -0.621185 0.007720 -0.116263 -0.848282 0.334816 -0.051614 -0.386950 -0.293049 0.427491 0.101700 0.317607 0.138176 0.062418 -0.358139 0.513788 0.360719 0.181685 0.562981 -0.486843 -0.087424 0.026114 -0.135276 0.267988 -0.414603 0.292225 0.014320 0.300628 0.169058 0.401717 0.232260 -0.128430 
-0.205746 0.192645 -0.396793 0.407577 -0.441784 -0.225294 -0.017537 0.185941 -0.593056 -0.407323 0.178661 -0.050489 0.331582 -0.410692 0.117197 -0.246463 -0.506173 -0.126170 -0.322095 -0.657994 -0.280010 0.401074 0.407805 -0.168862 -0.072511 0.361075 -0.470704 0.611392 0.170524 0.198944 0.529282 -0.483785 -0.193621 -0.232869 0.215761 -0.025239 -0.317279 -0.075338 -0.073245 0.019024 -0.205003 0.397382 0.017487 -0.088739 
-0.121603 0.129297 -0.209160 0.586997 -0.620081 -0.345618 0.302403 0.306664 -0.574562 -0.444550 0.300978 -0.304250 -0.069502 -0.364134 0.131160 -0.034508 -0.157986 -0.119085 -0.129154 -0.527110 0.039367 0.620798 0.300443 -0.687291 -0.684047 0.473114 -0.709763 0.545921 0.091608 0.024414 0.186196 -0.402619 0.249861 -0.361801 0.375667 -0.147559 -0.268529 -0.377470 0.145276 0.226653 -0.423430 0.012886 -0.257601 0.161455 
0.055263 -0.257263 0.180654 0.139167 -0.470390 -0.196047 0.084552 0.197142 -0.530467 -0.040664 -0.109861 -0.237514 0.135123 -0.179558 -0.114724 -0.171921 -0.085804 0.094125 -0.174187 -0.134813 -0.075030 0.479937 -0.084134 -0.978211 -0.499335 0.495199 -0.621226 0.458121 -0.112109 0.162426 0.008193 -0.118815 0.269038 -0.383680 0.232723 -0.086502 -0.084063 -0.205556 0.240240 0.030458 -0.573317 -0.051073 -0.287932 0.013778 
0.069462 -0.617396 0.185587 -0.460136 -0.502889 -0.134622 -0.118311 0.051006 -0.442542 0.090780 -0.341235 -0.033130 0.001226 -0.254047 -0.215798 0.185982 -0.125844 0.108224 0.026095 0.267203 0.085219 0.048948 -0.664065 -0.811888 -0.211474 -0.020078 -0.375191 0.320112 0.332099 0.351032 -0.364784 0.264668 0.298542 -0.209889 -0.035264 0.198493 0.228188 -0.523176 0.449122 -0.199172 -0.153350 -0.054940 -0.172648 -0.010816 
0.458127 -0.440220 0.179844 -0.669848 -0.391846 -0.208705 -0.226781 -0.116338 -0.243409 0.382775 -0.201650 -0.171846 -0.048475 -0.077061 -0.270607 0.717506 -0.228216 0.285852 0.163582 0.560109 0.309896 0.024198 -1.030647 -0.368998 -0.247661 -0.370217 -0.256811 -0.180888 0.322725 0.680312 -0.457889 0.598998 -0.164382 -0.048772 -0.061820 0.300379 0.382613 -0.377878 0.572193 -0.320459 0.692479 -0.204466 -0.142735 0.007752 
0.135377 0.082326 0.262113 -0.469278 -0.281349 0.150882 -0.203763 -0.084626 -0.167677 0.139290 -0.479690 0.094184 -0.191012 0.154139 0.027202 0.719503 0.153136 0.358416 0.188691 0.581041 0.247784 -0.433980 -0.591879 0.306457 0.000746 -0.501092 -0.199168 -0.395162 -0.065757 0.708618 -0.616750 0.066407 -0.226091 0.173904 -0.170618 0.057242 0.232532 -0.108512 0.707520 -0.292414 0.528480 -0.072767 -0.219295 -0.073300 
-0.020936 0.752768 0.237177 -0.287599 -0.146459 0.515942 -0.347284 -0.056892 -0.164729 -0.040467 -0.236246 0.155627 -0.376478 0.470833 0.312541 0.482207 0.415511 0.064206 0.283264 0.254234 0.278919 -0.675925 0.237059 0.603098 -0.150788 -0.242325 -0.090226 -0.251615 -0.395367 0.645601 -0.467267 -0.575644 -0.338576 0.040022 -0.018850 -0.202426 0.008526 0.366156 0.407664 -0.179386 0.125354 -0.093721 -0.256529 -0.067740 
-0.071567 0.813898 0.214732 -0.212162 0.076953 0.409808 -0.485387 0.078739 0.191856 -0.151972 -0.066455 -0.115747 -0.171039 0.440900 0.132453 0.316917 0.644486 -0.164101 0.086032 -0.132084 0.250948 -0.871761 0.744265 0.746075 0.047268 -0.200594 0.492251 -0.451208 -0.562333 0.556639 -0.217009 -0.500078 -0.224539 -0.016812 0.199774 -0.634079 0.049251 0.513688 0.217840 0.265301 -0.022363 -0.033424 -0.348791 -0.111917 
-0.084324 0.262072 -0.014830 -0.173922 0.257341 0.215913 -0.560345 -0.108390 0.531289 0.030289 0.059096 -0.145974 -0.023877 0.051644 0.353171 -0.424959 0.380331 -0.172223 0.146555 -0.014625 -0.094507 -0.716566 0.711679 0.385884 0.513815 -0.192971 0.539169 -0.574535 -0.290387 0.349584 -0.352744 -0.204753 -0.221296 0.259751 0.042032 -0.455996 0.322469 0.286095 0.039229 0.684421 0.169864 0.624496 -0.379366 -0.268314 
0.168723 -0.407794 -0.428217 -0.309259 0.356751 -0.289613 -0.520439 -0.312716 0.689329 0.223750 -0.080549 -0.323011 0.024888 -0.154360 -0.087587 -0.725628 0.043135 -0.135467 0.165789 0.032206 -0.290023 -0.585293 0.522375 -0.490204 0.726420 0.115173 0.477024 -0.255984 -0.106501 0.581403 -0.117034 0.603273 0.128101 0.132957 -0.134975 0.207902 0.106604 0.086908 -0.266227 0.849044 0.533392 1.017676 -0.294984 -0.185093 
0.284879 -0.535341 -0.389477 -0.190449 0.207430 -0.650566 -0.037304 -0.144537 0.405658 0.183039 0.020658 -0.313775 0.311399 0.265528 0.016418 -0.647981 -0.049321 0.126873 0.094400 0.015457 -0.089605 -0.200773 0.252190 -0.475710 1.059781 0.459386 0.344002 -0.013083 0.036018 0.288405 -0.084675 0.520535 0.094200 -0.195053 -0.485773 0.353734 0.128234 0.255826 -0.816574 0.591486 0.130405 0.816751 0.193169 0.049881 
-0.315191 -0.665195 0.102949 -0.044003 0.172120 -0.525089 0.963686 -0.110686 -0.163858 -0.101335 0.007072 -0.495810 0.334525 0.380705 -0.235684 -0.171962 0.098015 0.051779 -0.386142 -0.100501 -0.102521 -0.071308 -0.249633 -0.402414 0.932806 0.214534 0.186524 0.011919 0.235337 0.246801 0.158219 0.275710 0.320284 -0.191687 -0.542510 0.343421 -0.034728 -0.172289 -0.961683 -0.010965 -0.265756 0.126420 0.586975 0.201901 
-0.147650 -0.869877 0.287632 0.079288 -0.127248 0.022629 1.162614 0.107377 -0.402788 -0.180239 -0.149531 -0.714950 0.655639 0.286248 -0.483651 0.174904 0.304141 -0.031962 0.137694 -0.281957 0.074207 -0.223221 -0.314105 -0.452119 0.657665 0.048214 0.297186 0.122051 0.405553 -0.015270 0.183429 -0.062265 0.196405 -0.269624 -0.553149 0.436805 -0.150080 -0.669865 -0.369620 -0.540313 -0.293772 -0.337230 0.847434 0.011112 
-0.358513 -0.566153 0.292354 -0.042027 -0.153459 -0.030802 0.977896 0.241888 -0.547966 -0.251286 -0.178345 -0.600840 0.887079 0.202791 -0.632327 0.571814 0.210090 0.347717 0.035926 -0.439624 0.265714 -0.232586 -0.071361 -0.483224 0.303527 -0.410942 0.457206 -0.131876 0.412806 -0.205331 -0.050003 -0.150826 0.026589 -0.126355 -0.147485 0.271381 -0.398450 -0.615633 -0.212182 -0.870227 -0.145021 -0.737880 0.593544 -0.084625 
-0.401019 -0.169739 0.160509 -0.194203 -0.204791 -0.185485 0.492674 0.176068 -0.419822 -0.559614 0.016014 -0.095946 0.338795 0.743823 -0.521879 0.661662 0.670078 0.254982 -0.528307 -0.437972 -0.048780 -0.331933 0.093386 -0.238116 -0.439786 -0.202289 0.457242 0.422854 0.165915 -0.362952 -0.326470 -0.136021 -0.007092 0.309048 -0.113182 -0.238908 -0.069875 -0.007287 0.135366 -0.743565 -0.408850 -0.914063 0.420054 -0.205491 
-0.126057 0.192571 -0.301266 -0.088677 -0.392070 -0.506801 0.144137 -0.143003 -0.095078 -0.492642 -0.248737 -0.060892 -0.109390 0.876278 -0.381714 0.632965 0.348521 -0.010723 -0.560448 -0.287654 0.130271 -0.379647 0.188079 0.143276 -0.591728 -0.166487 0.184357 0.870421 0.064651 -0.144349 -0.355949 -0.149984 -0.049249 0.138063 -0.184490 -0.386680 0.013784 0.216158 0.209199 -0.712177 -0.553263 -0.815019 0.146676 0.059275 
-0.119087 0.352875 -0.438425 -0.115721 -0.313935 -0.290304 -0.189866 -0.241509 0.154230 -0.276295 -0.185809 0.584480 -0.352941 0.670259 -0.365200 0.571850 0.289393 0.110530 -0.429927 -0.406377 0.226899 -0.226329 0.666674 0.117913 -0.751301 0.002281 -0.109837 1.059894 0.071318 -0.310908 -0.478250 -0.301275 -0.258009 0.008773 -0.028130 -0.423094 0.140733 0.451591 0.559417 -0.500152 -0.800969 -0.558176 -0.044021 0.216375 
0.228833 0.188193 -0.429598 -0.079769 -0.377252 0.015007 -0.439190 -0.551847 0.482715 -0.171734 -0.474991 0.780805 -0.453280 0.574805 0.004695 0.391753 0.356678 0.102198 -0.194784 -0.193903 0.058506 -0.138422 0.697261 0.453979 -0.551307 -0.033992 -0.104744 0.940962 0.146841 -0.315486 -0.494385 -0.266882 -0.534803 -0.041850 -0.016379 -0.025923 0.025032 0.122002 0.691382 0.033065 -0.615655 -0.274396 -0.396262 0.015593 
0.243326 -0.002312 -0.294816 0.087079 -0.294192 0.269028 -0.569471 -0.376602 0.664728 -0.079514 -0.016633 0.982911 -0.678099 0.391860 -0.103777 0.311782 0.129459 0.182811 0.200780 -0.125163 0.421772 -0.117528 0.683236 0.063584 -0.355886 -0.098137 -0.394207 0.466692 0.156353 -0.246447 -0.444820 -0.339739 -0.404651 -0.111841 -0.047924 0.040021 0.323419 0.068277 0.928552 0.245885 -0.343973 -0.043306 -0.241215 -0.177593 
0.446741 -0.032284 -0.202391 0.120928 -0.322676 0.412473 -0.661771 -0.269439 0.784540 0.020562 0.029150 0.716952 -0.704871 0.211903 0.014639 0.042791 0.221738 0.028893 0.340663 -0.370855 0.416970 0.081850 0.718269 -0.222542 -0.240309 -0.415254 -0.470806 -0.005849 0.175951 -0.418510 -0.457683 -0.291084 -0.487103 -0.152181 0.128979 0.461367 0.316765 -0.253352 0.396099 0.129725 -0.092251 0.549259 -0.143576 0.029263 
0.236716 -0.152886 0.001173 0.419377 -0.182088 0.294279 -0.635164 -0.116070 0.868655 -0.316715 0.337697 0.357588 -0.445027 0.005935 0.208584 0.022503 0.000541 0.043926 0.352596 0.056067 0.425727 -0.034141 0.289484 -0.301927 0.002987 -0.272210 -0.247593 -0.153521 -0.035927 -0.538478 -0.395354 -0.496842 -0.325507 -0.460938 0.022253 0.648476 0.027737 -0.164063 0.451769 0.108931 -0.106795 0.898145 0.089861 -0.027818 
0.225204 -0.272467 0.267612 0.582796 -0.204801 0.176720 -0.732125 -0.131267 0.800937 -0.091757 0.363068 0.205740 -0.438198 -0.079712 0.117438 -0.133492 -0.135359 0.326573 0.520475 0.359455 0.479653 0.219746 -0.179923 -0.256241 0.138597 -0.444345 -0.274627 -0.101412 0.009330 -0.300244 -0.530719 -0.416607 -0.194072 -0.371096 -0.083220 0.816530 0.075075 -0.084928 0.099433 0.178526 -0.128896 0.824970 0.203658 -0.009043 
0.259433 -0.175397 0.238399 0.394302 0.032877 -0.014069 -0.672967 0.131832 0.486355 0.119955 0.129007 -0.144619 0.073897 0.093157 0.038887 -0.167222 -0.048267 0.317328 0.410992 0.544098 0.572015 0.293993 -0.334029 -0.399794 -0.012162 -0.239528 -0.309064 0.064089 0.016596 -0.048815 -0.278690 -0.288554 0.058349 -0.250975 -0.297366 1.168920 -0.219051 0.021918 0.122628 0.110504 -0.121468 0.556376 0.444016 -0.003324 
0.059690 -0.199108 0.319193 0.342991 -0.089608 0.033143 -0.375738 0.149123 0.255151 0.147986 0.250933 -0.336648 0.180469 -0.044063 0.381175 -0.099529 0.022674 0.275152 0.388637 0.489446 0.536633 0.372752 -0.409221 -0.136542 0.117540 -0.278778 -0.317112 -0.176458 -0.062860 0.014493 -0.199855 -0.550100 0.139140 -0.089213 -0.434627 0.976908 -0.399825 0.308712 -0.057673 0.199305 0.030375 0.361286 0.363144 0.183404 
-0.127218 -0.549103 0.303367 0.244514 0.314434 0.100152 -0.445193 0.046228 0.123756 0.271344 0.190938 -0.266939 0.245136 -0.138612 0.110264 -0.411212 -0.020897 0.188926 -0.011249 0.332368 0.327548 0.088057 -0.545648 -0.010471 0.125146 -0.399073 -0.082680 -0.148863 0.038750 0.106164 0.040509 -0.519235 0.004874 0.009685 -0.392264 0.894745 -0.350899 0.101694 -0.185370 0.060399 0.106867 0.439192 0.549759 0.116615 
0.123913 -0.376600 0.190289 0.240711 0.272019 0.364641 -0.496271 0.221963 -0.000142 0.226040 0.226229 -0.317020 0.456006 -0.329142 -0.047517 -0.390604 0.296987 -0.146768 -0.108897 0.514719 0.318721 0.248971 -0.452013 0.084476 0.197893 -0.223338 -0.334690 0.025825 -0.050971 0.082876 0.159312 -0.278032 -0.100126 0.138077 -0.236349 0.779496 -0.238326 0.077405 -0.465231 0.134033 0.047139 0.203382 0.559127 0.045878 
-0.093679 -0.245855 0.116200 -0.161314 0.387962 0.332452 -0.431901 0.097820 -0.333179 0.279556 0.102424 -0.367315 0.347423 -0.258040 -0.218738 -0.435898 0.058387 -0.160919 -0.271625 0.243047 0.028990 0.179637 -0.542946 0.063007 0.129939 -0.276215 -0.053328 0.098581 -0.053689 -0.006354 0.377490 0.146932 0.017621 0.118209 -0.050939 0.542199 -0.240072 -0.100223 -0.556646 -0.006231 0.298102 0.010650 0.511791 0.203503 
0.019598 -0.193274 0.060846 -0.070622 0.160387 0.650776 -0.397993 0.259912 -0.567275 0.339333 -0.035909 -0.124272 0.256620 -0.257024 -0.267143 -0.279029 -0.076848 -0.452753 -0.141337 0.028669 -0.242922 0.088588 -0.289938 0.249211 0.095676 -0.226366 -0.391281 0.059169 0.016195 0.167650 0.137289 0.230788 -0.005844 0.011881 -0.243406 0.256536 -0.156203 0.160182 -0.308029 0.124576 0.286269 -0.159623 0.469290 0.142902 
-0.193553 -0.101113 0.212513 -0.175950 -0.009265 0.645209 -0.210585 0.046114 -0.654591 0.480528 -0.192940 0.005715 0.253271 -0.175449 -0.209586 -0.588809 0.109650 -0.124134 -0.369777 0.035094 -0.120140 -0.077202 -0.290295 0.085443 0.063608 -0.115742 -0.207210 0.046770 -0.061733 0.167250 0.086568 0.475936 -0.296093 0.087750 -0.065072 0.229637 -0.363950 0.082204 -0.200967 0.127772 0.241506 -0.333349 0.162899 0.341574 
0.014795 -0.128328 0.207046 -0.262583 0.378081 0.603741 -0.043243 0.146064 -0.789618 0.305062 -0.081588 0.105375 0.202872 -0.241999 -0.102317 -0.467238 -0.029410 -0.188074 -0.373785 0.136463 -0.015619 0.056210 -0.367034 -0.129244 0.189738 -0.076540 -0.257543 0.024062 0.156936 0.099208 0.042675 0.403626 -0.272090 -0.068376 -0.244793 0.230536 -0.311098 -0.043031 -0.305044 0.030496 0.327468 -0.479630 0.258300 0.329084 
-0.130595 -0.188684 -0.088741 -0.107816 0.193823 0.448529 -0.250529 0.108404 -0.479015 0.334980 -0.330904 0.129926 0.534855 -0.340892 0.096585 -0.233908 0.010668 -0.018916 -0.282049 -0.172449 0.069626 0.202272 -0.230167 -0.015950 0.218971 0.067429 0.049561 -0.008347 0.211106 -0.102625 -0.281530 0.524115 -0.181317 0.167698 -0.017081 0.193106 -0.465518 0.384715 -0.293748 0.025176 0.274300 -0.314251 0.056050 -0.110583 
-0.088929 -0.187582 -0.035390 -0.278177 0.296444 0.464664 -0.202590 0.005200 -0.275685 0.302867 -0.219989 -0.033559 0.586950 -0.350547 0.096860 -0.429002 0.001185 0.127012 -0.226720 0.061087 0.119163 0.165671 -0.190779 -0.026871 -0.141017 -0.200737 -0.147861 -0.154575 0.074706 -0.141192 -0.095431 0.131280 -0.328102 0.143657 -0.194792 0.062804 -0.507950 -0.023011 -0.119379 -0.166615 0.146708 -0.489900 -0.052722 -0.212759 
-0.274956 -0.225101 0.038753 -0.046866 0.151204 0.229518 -0.209433 -0.082962 -0.031020 0.360889 0.088005 0.217658 0.244828 -0.199960 0.208832 -0.125318 0.060868 0.169864 0.270334 0.135678 0.146083 0.306791 -0.213402 -0.057683 0.209877 0.156925 -0.061683 -0.265963 0.006000 -0.266837 -0.220308 0.251800 -0.280227 0.191358 -0.005833 0.101058 -0.255785 0.151509 0.071018 -0.125122 0.314501 -0.230847 -0.029788 -0.176566 
-0.316038 -0.195129 0.039904 0.137155 0.040425 0.131836 -0.067704 -0.097358 0.128924 0.283630 -0.044563 0.045087 0.269946 -0.300241 0.389900 -0.135587 0.119022 0.126029 0.322467 -0.076181 0.265072 0.224563 -0.257693 -0.109502 -0.099221 0.125558 0.140385 -0.350274 -0.051658 -0.289481 -0.140461 0.010237 -0.170927 0.148439 0.154677 0.228171 -0.187159 -0.158103 0.156415 0.205561 0.301876 0.077512 -0.239629 -0.164825 
-0.303521 0.038812 0.225057 0.139749 0.164791 0.223379 -0.021039 -0.117985 0.103906 0.349764 0.091197 -0.078193 0.112507 -0.088533 0.407891 0.142114 -0.138638 0.252851 0.398115 0.135889 0.184444 0.019180 -0.136059 -0.325664 0.017890 -0.042888 0.154816 -0.284179 -0.037909 -0.357247 -0.056216 -0.181642 -0.157039 0.184988 0.081044 0.502816 -0.342711 -0.077495 0.090544 0.208865 0.349497 -0.007827 -0.143397 -0.188164 
-0.220777 0.336217 0.218438 0.181766 0.037822 0.253976 0.124141 -0.193401 0.062049 0.483125 0.127490 -0.087309 0.305529 -0.170226 0.174576 0.062458 0.009969 0.282858 0.578927 -0.106350 0.305103 0.202010 -0.158364 -0.036368 0.294401 -0.019332 0.189821 -0.249104 -0.240461 -0.069917 -0.049708 -0.115942 -0.177908 0.012171 0.167533 0.373656 -0.050761 0.044369 0.324275 0.183747 0.408650 -0.114802 -0.372009 -0.287128 
-0.434917 0.225844 0.200445 0.085857 -0.082380 0.233703 0.182461 -0.181103 0.020052 0.208332 -0.111189 -0.113460 0.335754 0.002519 0.274732 0.126763 -0.115007 0.373959 0.344094 0.078055 0.097295 0.099304 -0.306020 0.029092 -0.096583 -0.082192 0.146849 -0.372053 -0.041592 -0.076501 0.236441 -0.196557 -0.147816 -0.303415 0.177810 0.047126 -0.104030 -0.169054 -0.024768 -0.041824 0.199388 0.102348 -0.265085 -0.121334 
-0.379598 0.162366 0.222940 0.203724 0.083142 0.328289 0.040904 -0.092678 -0.142989 0.297301 -0.066161 0.045014 0.379910 -0.055759 0.178298 0.038436 0.044659 0.377688 0.217445 0.262488 0.221709 0.118765 -0.247901 -0.047559 0.007252 -0.055016 0.135139 -0.272833 -0.389179 -0.087870 0.243341 -0.359623 0.214646 0.007311 0.065971 -0.057424 -0.044618 -0.142813 0.039117 -0.129502 0.060124 0.047911 -0.347611 -0.112988 
-0.343033 0.170109 0.120127 -0.047645 -0.118680 0.232403 0.133029 -0.073153 0.015768 0.244245 0.020072 -0.054377 0.191163 -0.175142 0.073783 0.313599 -0.249507 0.341563 0.225358 0.283967 0.130297 0.100621 -0.090648 -0.044617 0.067104 0.280210 -0.013752 -0.155066 -0.386462 -0.107549 0.410474 -0.471012 0.136572 -0.051679 -0.038023 -0.105178 0.027401 -0.067195 0.040057 -0.241381 0.119722 -0.009405 -0.282552 -0.124187 
-0.437607 0.014059 0.020892 0.201913 0.119095 0.029375 0.421345 -0.059090 -0.137425 0.233452 -0.180876 -0.132631 -0.042223 -0.114438 0.162113 0.265301 -0.014850 0.007059 0.323833 0.086651 -0.276055 0.119356 0.078231 -0.173338 -0.090968 0.161079 -0.070072 0.059094 -0.367314 0.049007 0.105330 -0.401222 0.217750 -0.164547 -0.048076 -0.227680 0.078030 -0.008512 -0.009446 -0.131310 -0.285184 -0.058281 -0.258524 -0.186635 
-0.450191 -0.003203 0.180080 0.179548 0.060092 0.086781 0.023370 -0.174796 -0.311457 0.117937 -0.081545 -0.155062 -0.050979 0.067416 0.109053 0.203860 -0.231072 -0.056118 0.020634 0.274767 -0.230906 -0.171889 0.181194 -0.034471 0.000581 0.236182 0.084750 0.239127 -0.466279 0.166668 0.246284 -0.254292 0.223389 -0.276032 0.077707 -0.345865 0.155515 -0.156986 0.230804 -0.157130 -0.211890 -0.164028 -0.227461 -0.160635 
-0.482911 0.130703 0.228457 0.104184 -0.066467 0.164795 0.077575 -0.097241 -0.318988 -0.023093 -0.067629 -0.275875 -0.076281 -0.064249 0.038856 0.101500 -0.116728 -0.124307 -0.109342 0.534483 -0.447358 -0.253073 0.580258 0.164376 0.007878 0.256966 0.218293 -0.038839 -0.443136 -0.113573 0.218084 -0.286956 0.353799 -0.136356 0.038115 -0.381756 0.037402 -0.298326 0.070757 -0.149094 -0.048799 0.152512 -0.214253 -0.029293 
-0.613010 0.344117 0.333467 0.069317 0.028719 0.171394 0.336377 -0.050446 -0.187606 -0.087874 -0.115128 -0.239416 -0.151025 0.301043 0.157446 0.229793 0.120833 -0.331442 -0.240852 0.139761 -0.469779 -0.061398 0.436521 0.054316 0.011911 0.234169 0.098574 -0.163989 -0.350160 0.091725 0.203638 -0.215264 0.259268 -0.370755 0.086747 -0.336593 0.271630 -0.525981 0.116842 -0.251765 0.008321 0.132879 -0.023677 0.142973 
-0.426126 0.220405 0.106230 0.045394 0.039002 0.210258 0.167704 -0.189931 -0.569014 -0.277973 0.062939 -0.107362 -0.226984 0.125821 0.083142 0.334487 0.269448 -0.416854 -0.023433 0.225549 -0.389689 -0.300933 0.298988 0.442994 0.240975 0.394595 0.188072 -0.054151 -0.340137 0.204152 0.092797 -0.130908 0.218897 -0.071156 0.164209 -0.285623 0.028857 -0.389490 -0.007129 -0.374507 0.307134 -0.092882 0.032859 0.194247 
-0.286082 0.234123 0.031042 -0.063852 -0.152119 0.406100 0.168843 -0.055178 -0.514040 -0.249496 0.137843 -0.078702 -0.075859 0.232726 0.003361 0.119364 0.307499 -0.180835 0.147939 0.072082 -0.418466 -0.063999 0.498170 0.237237 0.163669 0.201768 0.241419 -0.330379 -0.303656 0.252826 0.036698 -0.115632 0.225223 -0.170189 0.141696 -0.469456 0.300070 -0.511214 -0.006675 -0.278122 0.443959 -0.118334 -0.004114 0.029831 
-0.409151 0.197363 0.107696 -0.112789 -0.053900 0.258004 0.322797 -0.146164 -0.348321 -0.184992 0.235767 -0.197943 -0.124844 0.088731 -0.266512 0.190531 0.339441 -0.331740 0.427262 0.053958 -0.531625 -0.399409 0.491782 0.266495 0.171201 0.289950 0.176994 -0.132370 -0.366427 0.020025 0.110316 -0.297079 0.088541 -0.200006 0.200583 -0.416508 0.203034 -0.515031 0.310547 -0.431375 0.435754 -0.026085 0.002091 0.391816 
-0.364766 0.170775 0.140922 0.180027 -0.116958 0.238333 0.253453 -0.253988 -0.300281 -0.164683 0.125626 -0.278194 -0.167221 0.001454 -0.043962 0.005520 0.241024 -0.329722 0.074780 0.027856 -0.383701 -0.286116 0.553964 0.401551 0.088021 0.323016 0.302438 -0.272701 -0.541268 0.101111 0.163331 -0.458891 -0.017953 0.041691 0.266046 -0.122968 0.162201 -0.412302 0.282614 -0.275746 0.285477 -0.058141 -0.048851 0.211492 
-0.060420 0.185189 0.041723 0.262461 -0.053268 0.132823 0.277978 -0.346336 0.010753 -0.257006 0.294767 -0.290019 0.040795 0.179732 0.040209 -0.105531 0.094629 -0.109000 0.161979 0.091129 -0.384915 -0.088239 0.255978 0.315021 -0.015594 0.099794 0.344121 -0.119925 -0.514375 -0.171292 0.052225 -0.247564 -0.149406 0.034077 0.367006 -0.130774 0.020265 -0.266695 0.204790 -0.340602 0.166689 0.238986 0.133563 0.223196 
0.004620 0.041823 -0.099149 0.170386 -0.003268 -0.040907 0.167806 -0.439807 -0.052333 -0.090752 0.194168 -0.399261 -0.184639 0.140602 0.029053 0.012590 0.093255 -0.292949 -0.020175 -0.054165 -0.257048 -0.139594 0.256299 0.335557 0.234436 -0.021860 0.019865 -0.154656 -0.242682 -0.082450 0.292212 -0.079053 -0.051888 0.205883 0.022154 -0.190282 0.096343 -0.385301 0.201651 -0.145939 0.219967 0.054691 -0.147720 0.085446 
-0.013287 0.125868 -0.325209 0.124345 0.036654 -0.234260 0.174188 -0.548236 0.193519 -0.325457 0.393258 -0.214249 -0.069674 0.151419 0.109546 -0.064276 -0.220035 -0.102591 0.080030 -0.145138 -0.037245 -0.074136 0.181827 0.076671 0.153652 -0.054300 0.057214 -0.137949 -0.244581 0.057664 0.347713 0.002277 -0.184634 0.099618 0.305142 -0.207079 0.216446 -0.182636 0.116291 -0.473767 0.029156 0.110460 -0.226900 -0.068529 
0.033844 0.210381 -0.363200 0.134328 -0.046336 -0.020832 0.191230 -0.390348 -0.032952 -0.051827 0.316208 -0.148361 -0.071542 0.001332 0.120438 -0.164149 -0.019222 -0.160353 0.019479 -0.423916 -0.261083 -0.078991 0.074531 0.015392 0.040094 -0.079522 0.062183 -0.261555 -0.052926 0.143700 0.188304 -0.160480 -0.148286 0.204971 0.206562 -0.200556 0.194492 0.053140 0.039321 -0.241267 0.229817 0.167677 -0.193069 0.037157 
-0.038348 0.372442 -0.316119 0.331293 -0.169306 -0.023789 0.105105 -0.343155 -0.200850 -0.001876 0.151463 0.064289 0.125931 -0.078884 0.107903 0.111701 -0.102605 -0.150969 0.283380 -0.291006 -0.065590 -0.055788 0.041648 0.085344 -0.016469 0.136912 0.404047 -0.232952 -0.137518 -0.022799 0.245215 -0.091694 0.006989 -0.027896 0.108925 -0.119547 0.050483 0.043323 0.149267 -0.449505 0.274915 0.077807 -0.225651 -0.072844 
-0.138838 0.212660 -0.366439 0.204716 0.078709 -0.209418 0.208273 -0.188377 -0.136884 0.170003 0.139237 -0.032719 0.179023 -0.261403 -0.105032 -0.022997 -0.136565 -0.030765 0.267740 -0.236437 0.116983 0.114003 0.229909 0.031838 -0.078384 0.107386 0.392875 -0.283175 -0.013214 -0.065648 0.083231 -0.121100 0.038700 -0.020461 0.196116 0.089564 0.088459 0.086541 -0.073161 -0.539889 0.483871 0.107438 -0.210040 0.082038 
0.235450 0.170395 -0.293717 -0.137838 -0.082285 0.071976 -0.059793 -0.375027 -0.059715 -0.022136 0.192889 -0.008040 0.226350 -0.081101 0.126921 -0.097360 -0.165371 -0.218682 0.110818 -0.177618 -0.056213 -0.043199 0.323786 0.181729 0.034721 -0.033944 0.387407 -0.165787 -0.115610 0.155357 -0.009668 -0.046489 0.114442 -0.192872 0.124373 -0.091093 0.069938 -0.011585 0.017629 -0.518558 0.492583 0.157585 -0.306756 0.149169 
0.138332 0.326620 -0.220162 -0.049330 0.199182 0.010569 -0.135163 -0.171174 -0.129218 0.060090 0.228001 -0.042514 0.011893 -0.074658 0.089830 -0.385640 -0.101357 -0.047483 -0.021937 -0.077901 0.145752 -0.164849 0.110435 0.089524 -0.190544 0.069990 0.238314 -0.154128 0.027050 -0.077432 -0.193269 -0.226360 0.040859 -0.009262 0.140043 -0.302404 0.282293 -0.068778 -0.193831 -0.245378 0.461401 0.103734 -0.390081 -0.170792 
0.062488 0.195260 -0.434407 -0.102738 0.027486 -0.082654 0.124122 -0.079710 0.045997 0.113167 0.120483 -0.226808 -0.132691 -0.059092 -0.159148 -0.204066 -0.141258 -0.256228 -0.008631 0.044113 0.100559 -0.199996 0.239091 0.083946 0.158565 -0.112627 0.137714 -0.051164 -0.048693 0.056856 -0.063792 -0.098409 0.192584 -0.026764 -0.065354 -0.083384 -0.022070 -0.160575 -0.113978 -0.489552 0.269432 0.132813 -0.167092 -0.110507 
0.117932 0.126879 -0.266865 -0.022884 -0.049895 -0.003740 -0.032761 -0.356734 -0.020207 0.112192 0.110152 -0.097673 -0.067846 -0.123917 -0.345422 -0.321976 0.049890 -0.013398 -0.042167 -0.062375 0.040504 -0.271977 0.202802 0.115358 0.110821 0.189584 0.194173 0.033046 -0.174106 -0.021200 -0.105342 0.024396 0.123737 -0.320248 -0.141479 -0.284547 -0.012364 -0.119026 -0.104775 -0.496735 0.338046 0.059518 -0.190499 -0.006027 
0.231356 -0.052981 -0.191789 -0.065028 -0.003063 0.017878 -0.212588 -0.030026 0.009253 0.092354 0.098503 0.051226 0.029313 -0.002245 -0.227618 0.023254 -0.155140 -0.055424 0.037777 -0.013349 0.014779 -0.215569 0.044865 0.278696 -0.011416 0.117414 -0.132423 -0.091349 -0.031253 0.062046 -0.024351 -0.176399 0.242310 -0.471815 -0.028574 -0.044195 -0.005768 -0.075337 -0.113715 -0.418218 0.115460 0.108757 -0.160435 0.005907 
0.253820 0.071025 -0.282185 -0.342046 -0.150535 0.005345 -0.146317 0.054813 0.153582 0.175434 -0.121197 -0.175174 0.235662 -0.281658 -0.116175 -0.048566 -0.095239 -0.084261 -0.015674 -0.012175 -0.007802 0.002368 0.035593 0.320136 -0.275116 -0.046918 0.058307 0.144551 -0.089068 0.138276 0.056481 -0.242457 0.105925 -0.183897 -0.187175 -0.185095 0.051405 0.113887 0.043161 -0.197066 0.062833 -0.134426 0.034609 -0.132393 
0.143320 0.045850 -0.325090 -0.189319 -0.025429 -0.187330 0.089253 0.006717 -0.031144 0.228499 -0.076259 -0.183042 0.117111 -0.269280 -0.189130 -0.018500 -0.037552 0.013690 -0.268407 -0.265597 -0.149753 -0.262335 0.253033 0.353265 -0.218411 -0.190781 -0.212091 -0.010220 -0.152409 0.204525 -0.009798 -0.267774 0.148176 -0.228618 -0.182704 -0.166821 0.075884 0.166035 -0.100586 -0.121032 -0.097007 -0.067064 0.004414 -0.109374 
0.368657 0.059372 -0.084070 -0.233802 -0.008974 -0.297612 0.047028 0.198544 -0.016206 -0.000162 -0.012251 -0.080565 -0.145288 0.136532 0.028897 -0.002815 -0.117861 -0.037177 -0.206856 -0.207407 0.056789 -0.105182 -0.106679 0.124792 -0.086758 -0.084402 0.116962 -0.153940 -0.148886 -0.012598 0.088313 -0.125011 0.062914 -0.169676 -0.247958 0.022532 -0.112069 0.063193 0.053775 -0.191162 -0.177213 0.067860 -0.061638 -0.003350 
0.419473 0.053014 -0.078369 -0.344342 0.046055 -0.089683 -0.021458 0.267696 0.064087 -0.066434 -0.152620 -0.031495 -0.055707 -0.113265 0.063329 -0.207171 0.022922 -0.149271 -0.073780 -0.057890 0.070548 -0.177407 -0.091800 0.274231 0.110213 -0.015893 -0.000038 0.076741 0.005564 0.015400 0.171518 -0.022543 -0.072833 -0.313643 0.063988 -0.011982 -0.020216 -0.024729 -0.214237 -0.066575 0.047634 0.136878 -0.093336 -0.005026 
0.435082 -0.007426 -0.111069 -0.259199 0.145158 -0.049752 -0.152695 0.279565 0.034509 -0.074891 -0.294796 0.246317 0.273978 0.034116 0.229273 -0.255327 -0.100190 0.067438 -0.015096 0.006058 0.065695 -0.079609 -0.092201 0.059981 -0.078139 -0.184722 -0.105407 -0.135242 -0.168395 -0.048663 0.032444 0.116588 -0.081772 -0.150476 0.029654 -0.214171 0.138666 0.137468 0.073608 0.103099 0.015392 0.214220 -0.378306 -0.264581 
0.178208 0.122439 -0.254528 -0.352759 0.029911 -0.253843 -0.132023 0.167876 0.046478 -0.168225 0.156229 0.042033 -0.061590 -0.327130 0.155432 -0.026671 -0.251025 -0.079454 0.269739 -0.099848 0.055368 -0.075916 -0.100639 0.146605 0.139594 -0.086499 0.001884 0.144561 -0.167897 0.036642 -0.008170 0.125799 -0.122350 -0.053087 0.025217 -0.189312 0.037826 0.242025 -0.002723 0.047857 -0.152117 0.161670 -0.276699 -0.169203 
0.461595 -0.028948 -0.138213 -0.408809 0.003558 0.038339 -0.183004 0.103821 -0.067513 0.034235 -0.279393 -0.132872 0.182008 -0.171561 0.151516 -0.273491 -0.154635 -0.020795 0.047571 -0.163854 0.157450 -0.012952 -0.136223 -0.003032 0.186640 -0.036638 -0.012037 -0.094746 -0.104494 -0.089101 0.028216 -0.121673 0.075303 -0.088080 0.073273 -0.072931 -0.123865 0.273427 -0.081643 -0.097473 0.183736 0.021419 -0.114800 -0.185845 
0.221870 0.020272 0.007807 -0.236046 0.186893 -0.189875 -0.081506 0.325265 -0.040872 -0.034973 -0.094988 -0.118132 0.094228 -0.099794 0.017169 -0.022849 -0.161886 0.006565 -0.178165 -0.255860 0.170063 0.041628 -0.073659 -0.030481 0.204241 -0.109919 0.073213 0.115153 0.218043 0.046417 0.106140 -0.358641 0.108148 0.019386 -0.136283 -0.105498 -0.104061 0.035646 -0.036384 0.058171 0.052649 0.025567 -0.319203 -0.369558 
0.288025 -0.155010 -0.203251 -0.423754 0.084839 -0.014496 -0.156163 0.131809 0.058016 0.062839 -0.323934 -0.207504 0.105040 0.061723 -0.154938 -0.129937 -0.172778 -0.019414 -0.196068 -0.093482 -0.090533 0.025689 -0.235920 0.123489 0.299917 -0.102350 0.040275 -0.044027 0.052198 0.009356 -0.061657 -0.188786 0.086285 0.054987 -0.032723 0.207992 -0.337907 -0.010838 0.006119 -0.077042 -0.017387 -0.205442 -0.258535 -0.455767 
0.398720 -0.088129 -0.130226 -0.313395 0.053077 0.026066 0.098220 0.109097 0.038468 0.078794 -0.141168 0.142112 -0.172216 -0.187365 -0.052292 0.002286 -0.128640 0.140736 -0.151846 -0.280297 -0.043798 -0.031140 -0.186781 0.132093 0.223225 -0.282444 -0.094907 -0.050726 -0.171467 -0.048635 -0.082396 0.035122 0.105989 0.104406 -0.084056 -0.089089 -0.277375 0.034323 -0.163254 0.113973 -0.288336 0.013653 -0.177008 -0.489282 
0.190313 -0.107420 -0.160799 -0.140712 0.080115 0.042777 -0.016153 0.270898 -0.004902 -0.001796 -0.276388 -0.024371 -0.069264 -0.260198 0.059085 0.061360 -0.075920 0.188321 -0.308262 -0.313872 -0.037708 0.256510 -0.372274 -0.010958 -0.010750 -0.396184 -0.155791 -0.034912 -0.086856 -0.151871 -0.033167 -0.172572 -0.048072 0.147176 -0.252417 -0.100556 -0.206943 0.071021 0.089068 0.134137 -0.221494 0.025490 -0.002007 -0.423916 
0.329989 -0.124461 -0.034177 -0.271986 -0.121960 -0.029456 -0.038906 0.095209 -0.129076 0.057918 -0.115245 -0.007406 -0.245337 -0.327715 0.032721 -0.077168 -0.292818 0.222494 -0.182964 -0.197983 -0.112064 0.109151 -0.063993 -0.048235 0.065853 -0.412583 -0.398339 0.123063 -0.045667 -0.222031 -0.077872 0.135628 0.379824 0.176157 -0.165639 -0.272054 0.153806 0.086589 -0.182503 -0.235025 -0.158717 0.015948 -0.092795 -0.451857 
0.265619 -0.015445 -0.078644 -0.206912 -0.028474 -0.354067 -0.143096 0.251874 0.018496 0.037521 -0.118802 0.050093 -0.276496 -0.156835 0.086763 0.179518 -0.375108 0.065983 -0.060294 -0.191206 0.041900 0.173745 -0.206767 -0.280041 0.057310 -0.321512 -0.344627 0.079686 -0.072605 -0.103893 -0.145062 0.008518 -0.010795 0.106638 -0.044856 -0.146352 -0.016083 0.242420 -0.008784 -0.195665 -0.108030 0.102467 -0.215154 -0.403018 
0.556459 -0.133252 0.050586 -0.221250 0.032117 -0.308970 -0.076275 0.394416 -0.096468 0.052749 -0.380611 0.048613 -0.063606 -0.153121 0.105334 0.105501 -0.091056 0.138794 0.080949 -0.323112 0.004429 0.127937 -0.267573 -0.217725 0.128605 -0.344324 -0.193266 -0.007363 -0.223952 -0.046729 -0.195904 0.012163 -0.154669 -0.066501 0.000468 -0.116731 -0.157526 0.012090 -0.007201 -0.179754 -0.241819 0.026102 -0.145835 -0.504325 
0.355865 -0.307753 -0.137740 -0.323101 0.268854 -0.120758 0.073691 0.343520 -0.140058 -0.016063 -0.071365 0.011453 -0.232215 -0.098591 0.070367 0.183524 -0.009521 0.346223 -0.041258 -0.233380 0.086897 0.042701 -0.131599 -0.354803 0.110906 -0.331881 -0.051254 -0.215182 0.179865 0.020908 -0.205474 0.007694 -0.077372 0.079709 -0.131203 -0.051003 -0.290016 0.066648 -0.179429 0.032550 -0.057059 0.022238 -0.011312 -0.352307 
0.130885 -0.195065 -0.140641 -0.148857 0.126409 -0.187765 0.074385 0.407564 -0.041455 0.069835 -0.260693 0.124012 -0.319768 0.226938 0.268129 0.113105 0.036242 0.096848 -0.168133 -0.466202 -0.090514 0.046642 -0.118228 -0.116955 0.131832 -0.393621 0.040412 -0.312068 -0.024971 -0.094580 -0.188116 0.103630 0.034040 -0.022879 0.090956 0.069642 -0.273435 -0.176168 0.001636 0.065738 -0.185753 -0.183478 -0.385415 -0.367604 
0.197949 -0.230843 -0.023741 -0.206178 0.098814 -0.226904 -0.013440 0.144556 0.110124 -0.012884 0.103075 0.023054 -0.413245 0.097809 0.175970 0.161938 -0.106643 0.134314 -0.166694 -0.334843 0.192198 -0.011329 -0.196264 -0.210633 0.089891 -0.175333 0.024536 -0.114369 -0.062368 -0.081110 -0.150830 0.182861 0.025095 -0.014372 -0.118995 -0.078172 -0.147508 0.101357 -0.110070 0.257178 0.017028 -0.075621 -0.005420 -0.243712 
0.325872 -0.062535 0.217431 -0.157904 -0.002950 -0.265435 0.025757 0.272671 -0.015916 -0.310943 -0.070116 -0.085025 -0.374193 -0.093721 0.230927 0.295925 -0.062080 0.078449 0.074313 -0.301677 0.032301 -0.143808 -0.081820 -0.399991 0.297580 -0.169051 -0.143536 -0.066301 0.112395 -0.212679 -0.094067 0.190495 0.185297 0.007452 -0.033993 -0.042743 -0.026811 -0.034567 0.053377 0.386319 -0.203903 -0.014145 -0.135751 -0.136546 
0.412037 0.002675 0.163760 -0.023159 0.088173 -0.290596 0.132655 0.389802 0.156427 -0.215308 0.063942 0.081701 -0.444074 -0.151505 0.092632 0.236396 -0.303976 0.258182 0.018021 -0.198002 0.042168 -0.214598 -0.071621 -0.459755 0.018657 -0.122719 -0.112345 0.189100 0.149558 -0.257216 0.085071 0.281360 0.064279 0.153408 -0.268197 -0.062701 0.145339 0.075951 -0.006719 0.273933 -0.074638 0.022607 -0.066927 -0.210791 
0.479690 -0.107022 0.204716 -0.079743 -0.096411 0.006644 -0.020680 0.296169 0.012589 -0.084912 -0.033848 -0.134772 -0.528856 -0.027704 0.132648 0.202785 -0.299655 0.268954 0.014569 -0.319739 0.049871 0.034654 0.123037 -0.403586 -0.082738 0.025013 -0.197609 0.346210 -0.086661 -0.087363 -0.166774 0.181337 0.071658 0.093046 0.049331 -0.086029 0.024621 0.086382 -0.108942 0.078085 -0.113558 0.093911 0.030739 -0.205453 
0.225633 -0.157472 0.082335 -0.026277 -0.000220 0.013785 -0.088449 0.396960 -0.043170 -0.215870 -0.034076 0.126804 -0.143289 -0.252831 0.306114 0.240364 -0.097809 0.345698 0.091981 -0.351538 0.024648 0.093087 0.176213 -0.523850 -0.210018 -0.024700 -0.170470 0.082176 0.001878 0.023610 -0.169786 0.216335 -0.014718 0.225855 -0.206174 -0.119739 -0.023501 -0.057906 -0.030082 0.094290 -0.029852 0.003895 -0.000482 -0.379260 
0.372210 -0.019739 0.057627 0.257054 0.134436 -0.106875 -0.147957 0.197859 -0.233494 -0.159796 0.033901 0.181793 -0.126467 -0.117932 -0.040315 0.046940 0.085549 0.353187 0.007447 -0.257877 0.137764 0.046213 0.136454 -0.605237 -0.047648 0.095045 -0.111356 0.079096 0.296150 -0.204364 -0.229146 0.045309 -0.016207 -0.167854 0.141227 -0.210801 -0.210594 -0.084679 -0.058281 0.216525 0.042768 -0.067210 -0.057924 -0.211872 
0.169072 0.057205 0.166748 0.148734 0.082007 0.211650 -0.077098 0.323444 -0.466799 -0.177251 0.024222 0.132343 -0.073298 -0.178265 -0.003321 0.129056 -0.248602 0.429622 0.249359 -0.254001 -0.084017 0.127703 0.015379 -0.459831 -0.112541 -0.099174 -0.012891 0.234309 0.336241 0.064765 -0.107203 0.239544 -0.006008 -0.134965 -0.110846 -0.327074 -0.136615 0.059898 -0.264246 0.192419 -0.245938 -0.134829 0.089412 -0.124764 
0.264556 0.070029 0.153337 0.297923 0.031280 -0.063243 -0.002374 0.161776 -0.036719 -0.007504 0.008762 0.024771 -0.245805 -0.268592 -0.028260 0.141257 0.110077 0.510755 0.332943 -0.069081 0.222669 0.003743 0.002764 -0.373677 -0.159740 -0.023907 -0.210786 0.068523 0.347420 -0.014878 0.104467 0.100818 -0.252577 -0.103257 -0.077735 -0.235450 -0.153907 0.091024 -0.255185 0.313738 -0.083508 0.038266 -0.055301 -0.034150 
0.259379 0.041906 0.093993 0.114986 -0.083916 0.102979 -0.062102 0.278861 0.052887 -0.213166 0.264795 0.192520 -0.177665 -0.077323 -0.253398 0.260392 0.038135 0.358172 0.312543 -0.170020 0.182941 -0.029288 -0.017300 -0.283740 -0.153275 0.019646 -0.253157 0.315853 0.105562 -0.260570 0.123840 -0.191895 -0.253582 -0.185401 0.195612 -0.127919 -0.047662 -0.136453 -0.087574 0.434043 -0.001034 -0.067922 0.080139 -0.151527 
0.137489 0.110628 0.128580 0.027394 -0.144668 -0.025856 0.163530 0.200841 0.078970 0.049717 0.160807 -0.133566 -0.113217 0.035504 -0.029856 0.155353 -0.064670 0.301922 0.536952 -0.167578 0.142156 -0.140309 0.118559 -0.320057 -0.230320 0.031353 -0.020595 0.006170 0.257689 -0.142493 0.004390 -0.051417 -0.452233 0.097873 0.117059 -0.078585 -0.094267 -0.191878 -0.002146 0.417581 -0.105471 0.100851 0.011437 0.123761 
0.309527 0.137609 -0.126570 -0.059000 -0.140278 -0.253786 0.133219 0.298409 0.084070 -0.080813 0.198874 -0.055764 -0.164631 0.051668 -0.204624 0.401171 0.090047 0.139827 0.484605 -0.228934 0.180318 0.012103 0.139037 -0.087826 0.085928 0.204325 -0.159170 0.016021 0.174550 -0.002863 -0.029941 -0.162107 -0.295906 -0.161262 0.070105 0.070920 -0.182480 -0.221195 -0.060744 0.476826 -0.153260 -0.055955 0.069682 0.190821 
-0.064981 -0.121900 0.106743 0.146893 -0.025570 -0.127509 0.055021 0.179635 0.131798 -0.180338 0.025094 0.079843 -0.133472 0.045710 0.008119 0.182325 0.108347 0.014063 0.181060 -0.191612 -0.042218 -0.183663 -0.060956 -0.210023 -0.097147 0.221862 -0.070522 0.192023 0.201544 0.022856 0.011225 -0.111239 -0.188135 -0.058250 0.186711 0.073582 -0.054105 -0.069180 -0.016737 0.254072 -0.145238 0.031606 0.174990 0.160418 
-0.302679 -0.019869 0.123160 0.125297 -0.050913 0.040612 0.259653 0.188390 -0.077154 -0.196022 0.076184 0.200292 -0.047226 0.114352 -0.057939 0.048711 0.263565 0.016809 0.367179 -0.062546 -0.197453 -0.019133 0.003837 -0.176475 -0.098185 0.293365 -0.212625 0.289121 0.204044 0.189466 0.154585 -0.001877 -0.085622 0.013229 0.079700 0.100070 0.005787 -0.087810 0.056517 0.407612 -0.009560 -0.116367 0.159354 0.165054 
-0.503519 0.000782 0.050150 0.019811 -0.024300 -0.079527 0.094489 -0.113998 -0.086764 -0.177034 -0.060962 0.240827 0.027278 -0.148627 -0.054342 0.151732 0.027272 -0.099969 0.342677 0.147321 -0.364048 -0.172479 -0.052677 -0.193905 -0.140164 0.280015 -0.093493 0.086723 -0.054949 -0.088678 0.012802 0.204775 -0.045622 0.056069 -0.075386 -0.250617 0.061499 0.211268 -0.024117 0.482965 -0.032447 0.137381 0.125286 0.487453 
-0.262374 -0.122767 0.045880 0.007294 0.003723 -0.212699 0.137704 -0.104646 0.116537 0.133546 -0.067861 0.070095 0.035124 0.154779 0.032595 0.211344 -0.163360 -0.279347 0.389498 0.058594 -0.263725 -0.164882 -0.087994 0.088269 0.072344 0.351954 0.083884 -0.015773 0.176501 0.033134 0.483421 -0.018345 -0.168145 -0.075767 0.138399 -0.036583 0.031543 0.222829 0.103908 0.364788 -0.101326 0.083101 0.186018 0.333403 
-0.354780 -0.015194 -0.067599 0.084246 0.105200 -0.262937 0.257531 -0.286273 0.179411 0.098755 -0.153286 0.029869 0.179922 0.095332 0.018667 0.097984 -0.056034 -0.276690 0.462478 0.235802 -0.251482 0.115898 -0.082334 -0.000497 -0.038029 0.251833 -0.154249 0.028022 0.228874 0.166754 0.143445 0.303878 -0.152118 0.046926 -0.040281 0.108502 0.128522 0.152521 -0.012716 0.284896 -0.024855 0.138492 0.272209 0.359160 
-0.908572 -0.094519 -0.122921 -0.011949 0.261815 -0.196417 0.019545 -0.172635 0.497633 0.148588 0.115499 0.064860 0.359870 0.075275 0.170597 0.011235 -0.066490 -0.222310 0.615927 0.007718 -0.375854 -0.042909 -0.176036 0.279384 -0.100138 0.193975 -0.274121 0.101564 0.244199 0.080582 0.359734 0.152478 -0.250610 0.219467 -0.012544 0.032229 -0.215390 0.287674 0.145529 0.317619 -0.152995 -0.033428 0.280581 0.352448 
-1.118066 -0.140301 0.235306 0.129591 0.061598 -0.137327 -0.157067 -0.485832 0.123529 0.355727 0.143258 -0.053956 0.317671 0.273918 0.366198 -0.521274 0.149320 -0.535866 0.279394 0.332298 -0.410346 -0.213360 -0.089930 0.283568 -0.036159 0.275896 -0.365076 -0.089228 0.344594 -0.082045 0.345848 0.200939 -0.278565 0.268415 0.163243 -0.031927 -0.246038 0.572206 -0.200569 0.170784 -0.255779 -0.034237 0.419551 0.242597 
-1.459401 0.136382 0.216207 -0.048627 0.065411 0.070407 -0.097497 -0.542310 0.302544 0.414059 0.237071 -0.058248 0.325137 0.392067 0.484305 -0.688573 0.216170 -0.734729 0.025412 0.519764 -0.425965 -0.321414 -0.250742 0.800286 -0.323044 0.347312 -0.336953 -0.130948 0.275128 0.181493 0.328869 0.468450 -0.316483 0.177383 0.241790 -0.135861 -0.435843 0.501819 -0.012981 0.223555 -0.070947 -0.015613 0.355070 0.401885 
-2.007375 0.134775 0.504344 -0.080294 -0.327571 0.089039 -0.262782 -0.524585 0.054348 0.430206 0.151315 0.085388 0.396014 0.429204 0.578806 -0.570412 0.285910 -0.973246 -0.076136 0.792755 -0.538896 -0.429769 -0.030973 1.019013 -0.192889 0.454055 -0.313936 0.018925 0.103900 -0.053986 0.188343 0.491782 -0.425113 0.133072 0.158319 -0.177724 -0.309008 0.294956 -0.132989 0.131716 0.032152 0.010318 0.288155 0.364080 
