0.202983 -0.470654 0.146220 -0.365027 0.147877 0.414505 -0.496744 -0.129872 -0.077970 0.223023 -0.354394 -0.744719 -0.593144 0.096352 -0.530273 -0.315971 
-0.267403 0.106616 -0.142771 0.547019 0.285472 -0.049660 0.076109 -0.132327 -0.782966 -0.667586 -0.203078 -0.449174 0.263546 -0.080994 -0.509878 0.098468 
0.051886 0.050966 -0.040435 0.004622 0.126787 0.202459 0.198462 -0.748360 -0.298586 -0.081344 -0.048781 0.125708 0.202202 -0.048938 -1.319573 0.077166 
0.163440 0.000174 0.188110 -1.204536 -0.554400 0.296526 0.326055 0.042762 -0.933071 -0.166722 0.331346 -0.453909 -1.037581 0.265695 -0.027639 -0.813041 
0.130744 0.154767 0.124521 0.052382 0.128872 -2.040222 -1.752630 0.153219 0.085671 0.342578 -0.011888 -0.000082 -0.118865 0.025438 0.243810 -0.344834 
0.194816 -0.764731 0.144484 0.446541 0.378348 -0.470154 -0.329121 0.108428 0.085394 0.298057 0.046733 -1.287872 -0.580155 0.223948 0.139746 -0.259749 
0.136282 0.204449 -0.209869 0.190569 0.291839 -0.033376 0.067553 -0.167469 0.135921 0.722041 0.093476 0.320356 -0.614683 -0.681987 -0.556399 -0.179716 
0.297760 -0.103641 -0.316460 -0.013719 -0.179494 0.204445 0.403415 -0.107802 -0.370536 -0.128498 -0.424395 0.359111 0.254738 0.474226 0.164518 -0.243308 
-0.297080 0.018715 -0.065460 0.030194 0.255471 -1.274521 -1.217453 -0.025738 0.242641 0.325087 -0.255570 0.082720 0.261020 -0.207187 0.026420 -0.622595 
0.107519 -0.295585 0.182205 0.288937 0.410368 0.137720 -0.300794 -0.160282 -0.234628 0.211441 -0.371394 0.367544 0.444826 0.318816 1.220071 -0.105726 
-0.000334 -0.178692 -0.045956 0.218618 -0.286399 -0.021680 -0.230719 0.026023 -0.015118 0.002958 -0.820844 0.146922 0.153296 -0.810169 -0.809506 -0.150022 
0.165756 -0.524687 0.262439 0.242906 0.269238 -0.233308 0.142813 0.245387 -0.386179 -0.698321 0.565925 -0.506958 -0.384958 0.214118 0.304549 -0.250268 
-0.301554 0.082151 0.159687 -0.194290 0.393086 -0.057613 -0.557160 -0.140570 -0.011580 0.072053 -1.481233 0.229057 0.219276 0.079714 0.168163 -0.173222 
0.112920 -0.179464 0.340372 -0.241504 -0.232261 -0.217502 0.454648 0.379249 0.268497 0.248976 0.158504 -0.419321 -0.320842 0.472204 0.645786 -0.059499 
0.152887 0.204574 0.019970 -1.813330 -1.481631 0.099848 0.041651 0.041839 0.077406 0.121988 0.489527 -0.016172 0.187824 0.103335 0.088476 -0.479345 
0.082709 0.075419 -0.406342 0.171355 0.125254 -0.194713 -0.573102 0.098876 0.254597 -0.222483 -0.001559 0.141856 0.479566 -1.218022 -0.504300 -0.683294 
0.359907 0.039534 0.157096 0.171669 -0.289189 -0.034125 0.322837 0.289560 0.556642 -0.707209 -0.014441 0.230620 0.396738 0.188490 -1.091155 -0.405876 
-0.108283 0.388580 0.242000 0.225767 -0.662608 0.236231 0.111282 0.096278 -0.280625 0.119815 0.379565 0.591806 -1.095030 0.276470 0.105189 -0.543436 
0.108555 -0.563654 0.135603 -0.242398 -0.666276 -0.000569 -0.091551 0.167343 0.152794 -0.057119 -0.764529 -0.343098 0.105295 -0.159221 -0.282707 -0.456606 
-0.089057 -0.003739 0.209474 0.260980 0.434967 0.305270 -0.189584 0.222745 -0.238173 0.033629 -0.268738 -0.483021 -0.835849 -0.115114 0.597218 0.054931 
-0.210757 0.225045 0.166234 -0.218521 0.153997 0.249533 -0.083224 0.126839 -0.013586 0.269247 -0.061262 -0.012785 -0.369853 0.175032 -0.164086 -0.756981 
0.115247 0.153322 0.045726 -0.484158 -0.214159 0.078566 -0.019460 0.218848 0.175031 0.148813 -1.854275 0.309244 0.166414 0.004714 -1.682244 -0.489233 
0.091066 -0.168935 -0.096636 -0.702207 0.657720 0.109412 -0.776256 -0.082893 0.541668 0.633282 -0.092440 -0.988681 0.092720 -0.084790 -0.313750 -0.359886 
-0.325454 0.148184 -0.475326 0.517821 0.346118 0.196970 0.330649 -0.594733 -0.326868 0.015989 -1.111986 -0.204532 0.183892 -0.250289 -0.255867 -0.224376 
0.021357 0.148348 -0.284376 0.129456 0.091796 -0.138590 -0.005756 0.081685 -1.513790 -0.465603 0.299403 0.306327 0.226054 -0.097812 -0.313740 -0.080527 
-0.000450 -0.037112 0.185211 0.077470 0.061968 0.117871 -0.134029 0.205414 -0.737608 0.182213 0.293447 -0.037849 -0.165986 0.224902 -1.134818 -0.464255 
0.159948 0.164518 -0.089765 0.367462 -0.658859 -0.193381 0.197513 0.141420 -0.168986 0.433416 0.319138 0.084593 0.098769 -0.109483 -1.617321 -0.428158 
0.024341 -0.294841 -0.148054 0.603825 0.175317 -0.083935 0.098051 0.076072 0.196921 -0.253050 -0.855170 -0.022071 -0.159191 -0.232356 -0.763365 -0.257714 
-0.233710 -0.051638 -0.079949 0.176637 0.558223 0.185539 0.323733 -0.257013 -1.456474 -0.501220 0.400571 -0.170209 -0.388806 0.051662 0.034011 -0.385514 
0.087500 0.090096 0.126603 -0.761020 0.004405 -3.240269 -1.497534 0.146665 0.035434 0.049071 0.045616 0.214762 0.212315 -2.031976 -0.264636 -0.649324 
-0.552360 -0.261763 0.043332 0.436661 -0.129884 0.086307 -1.167326 0.054129 -0.558942 0.027717 -0.489652 -0.062930 -0.383394 0.043710 -0.049784 -0.427800 
-0.039951 0.028423 0.243501 -0.676082 0.767566 0.065132 0.265384 0.044893 -0.379770 0.138271 -0.142105 -0.293777 -0.819589 0.133283 0.565217 -0.595649 
0.060054 -0.140541 0.097038 0.030608 -1.131905 0.267169 0.276437 -0.412482 -0.703766 0.014602 -0.156840 -0.178956 0.184513 0.196896 -1.607822 -0.310407 
0.276126 0.206680 0.129575 0.157583 -0.016562 0.223800 0.102514 0.092566 0.148191 0.286012 -1.417569 0.212613 0.258117 -0.486652 -1.279644 -0.776409 
0.192620 0.139415 0.215350 0.310554 -0.541873 0.330661 0.168794 0.181270 -0.313208 0.064921 0.415888 -0.502366 -2.041822 0.325020 0.151463 0.023276 
-0.499364 0.135501 0.190764 0.251089 0.127103 -0.139080 -0.179279 -0.220158 -0.877346 -0.102515 0.517445 -2.221746 0.359594 0.231435 0.219152 -0.430793 
0.118245 0.161147 -0.175967 -0.467703 -0.770809 0.206756 0.153533 -0.345069 0.149482 0.239524 0.187842 -0.028693 0.350721 0.286664 -0.017576 -0.638819 
-0.264936 0.017559 -0.142405 0.239073 0.717823 0.217364 0.355193 -0.411178 0.566265 -0.359420 -0.192526 -0.041402 -0.175391 -0.076488 0.204134 -1.940455 
0.449787 0.254712 -0.019060 -0.148884 -0.017667 -0.468676 0.149546 0.400764 0.159794 -0.098724 -0.396015 0.374355 -0.573569 -0.209962 -1.737440 -0.577902 
0.168757 0.175324 0.202314 -0.020806 -0.962059 0.260518 -0.304688 0.221868 -0.726435 -0.342124 -0.131018 -2.081770 -0.697730 0.296166 0.216718 -0.581357 
0.052743 -0.654967 0.042521 0.540026 -0.458348 0.226417 0.418521 0.076031 -0.010843 -0.181328 0.194498 -0.049980 -0.270083 0.297617 0.280971 -0.336885 
0.111607 0.219958 0.089827 -0.821258 0.276810 -0.579606 -0.711954 -0.040558 0.228968 -0.005796 0.162675 -0.184516 -0.416003 -0.817890 0.027376 -0.392753 
0.228428 0.163049 0.108413 -0.735708 -0.319801 -0.120602 -1.689268 0.072935 0.245541 -0.783394 -0.306386 -0.095548 0.189728 0.219201 0.212408 -0.218419 
0.154174 0.323998 0.173543 -1.241279 -0.837983 0.253798 0.370735 0.092210 -1.254611 -0.448936 0.075452 0.427644 -0.401348 -0.035942 -0.514280 -0.391456 
