-0.104860 -0.204708 0.207631 -0.603888 0.374934 -0.587850 0.148568 0.221715 0.014041 -0.001754 -0.032733 -0.710365 -0.432293 -0.083546 0.737724 0.115817 
-0.064671 -0.110871 -0.119275 -0.453181 0.112157 -0.075152 -0.438686 -0.058979 -0.318393 0.016048 -0.289081 -0.159224 0.143780 -0.821461 0.542506 -0.423017 
-0.118748 -0.091427 -0.094483 0.089586 0.173884 0.281689 0.077129 -0.085764 -0.833957 0.569302 0.015394 0.158481 -0.700024 -0.041476 -0.430916 -0.761118 
0.077815 0.294477 0.194443 -2.091402 -1.109546 0.254529 0.379308 0.008306 -1.910207 -0.573312 0.331907 0.221359 -1.399688 0.227648 -1.857910 -0.520565 
-0.223021 0.275891 -0.151075 0.540640 0.251748 0.241428 0.253918 -0.189938 0.269467 0.445120 -0.081868 -0.369799 -0.041374 0.027089 0.270658 -1.103905 
0.049364 0.017891 0.152606 -0.402702 0.000984 0.044133 -0.073567 0.115779 0.131658 0.057996 -1.856725 0.113105 0.112003 -0.545011 -0.146417 0.089946 
0.302336 -0.280723 0.245445 0.225371 -1.068008 0.214184 0.379508 0.221535 0.013954 0.238682 -0.775155 -0.548680 0.197026 0.027262 -0.379522 -0.898877 
-0.532241 -0.034782 0.162093 0.269998 0.350462 -0.460758 -1.292942 0.077166 -0.039432 0.212923 -0.922305 0.123062 0.242718 0.164951 0.504113 0.022150 
-0.003589 0.014888 0.127269 0.036531 -0.023076 0.093398 0.371847 0.133956 -0.936814 -0.757973 -0.426848 -0.939492 0.040075 0.190506 -0.739375 0.028614 
0.089297 -0.500102 0.052050 0.429690 -0.148757 -0.263561 -0.560041 0.052018 -0.802120 0.122084 0.061070 -1.340661 -0.861886 0.268519 0.026489 -1.320364 
-0.041173 -0.805293 0.273539 0.762296 0.681577 0.144287 -0.040491 0.219354 -0.526837 -0.260065 0.279329 -0.097278 0.386315 0.137019 0.316489 -0.479253 
-0.268627 0.072844 0.005722 0.571125 -1.302987 0.090489 -0.063054 0.076621 -0.297319 0.048959 -0.287626 0.301695 -0.121196 -0.062083 -0.097400 0.208267 
-0.313930 0.020618 0.356241 0.486489 -0.045825 -0.030605 0.146463 0.278484 0.107043 0.164828 0.083180 -0.150363 -0.062074 0.383653 -0.312644 -0.423391 
0.059734 0.035316 -0.061059 -0.816014 0.580187 0.354105 0.343468 -0.560955 -0.020563 -0.448083 -0.258924 0.099823 0.187536 0.224977 0.121504 0.345347 
-0.037619 0.003716 -0.027378 -1.228456 0.280041 0.360276 -0.798226 -0.123167 -0.396978 0.166257 -0.832870 -0.288944 -0.078439 0.055522 1.039082 -0.043831 
0.168676 0.127699 0.077111 -0.599944 -1.637507 0.028912 -1.613091 0.029612 0.121213 -0.345118 -0.227509 -0.296266 0.209909 0.179866 0.250514 -0.067453 
0.164350 0.126251 -0.340962 0.043121 -0.299239 -0.166386 0.414481 0.108086 -0.849043 0.091438 -0.420799 0.237679 0.084825 -0.378401 -0.329988 0.261352 
0.161040 0.033095 0.133494 -0.523996 -0.155992 0.091068 0.085283 0.359630 -0.216890 -0.479505 -0.064848 0.210560 0.331111 -0.152207 -0.874516 0.117411 
0.139522 -0.052516 0.010153 -0.412461 -0.408990 0.419529 -0.121687 -0.593888 -1.359162 -0.028249 -0.214653 0.131614 -0.188195 0.223595 -0.625603 -0.192408 
0.085302 0.129874 0.103426 -0.364852 -0.052498 0.172469 -0.289891 0.087312 0.311825 0.193317 -0.116759 -0.035893 0.018882 -0.565780 -0.725174 -0.009829 
0.301836 0.286843 0.167622 -0.073783 -0.363277 -1.033170 -0.820735 0.132117 -0.291080 0.303308 0.184955 -0.087305 -0.431934 -0.318692 -0.083673 0.322907 
0.056136 0.115821 -0.369307 -0.261073 0.074756 -0.031657 -0.169333 -0.411077 -0.510177 0.081139 -0.494593 -0.220906 0.377221 -0.107278 0.350365 0.265983 
0.062611 0.223000 -0.188344 -0.645781 0.427193 -0.264859 -0.307310 0.056069 -0.232595 -0.958232 -1.111246 0.075430 0.062870 -1.142940 -0.486930 0.777993 
-0.001572 0.277612 0.056076 -0.129775 -0.622661 0.373148 0.244669 0.047110 -0.409755 -0.008414 0.246784 0.396408 -1.957383 0.122302 -0.010592 0.149645 
0.434908 0.100445 0.347552 -0.573747 -0.138527 -0.190901 -0.071777 0.301229 -0.284919 -0.888937 0.423369 0.048818 -0.041236 0.564669 0.560534 0.286163 
0.176630 -0.139359 0.061771 0.287139 -1.020348 -0.004864 0.330520 0.226173 0.062348 0.051456 -0.222668 0.091583 0.118737 0.235821 -1.159050 -0.544601 
0.220313 0.376744 0.036265 0.189823 -0.110669 0.171546 -0.110535 -0.094462 0.409968 0.204676 -0.283396 0.321885 0.306431 -0.091134 -1.502547 0.262108 
0.115924 0.144287 -0.285551 0.039382 -0.436561 -0.041416 0.157460 -0.339867 0.182394 0.420884 0.540995 0.458459 -0.014544 -0.235444 -0.677309 -0.414377 
0.006956 -0.721432 -0.040807 -0.352863 -0.428925 0.378785 0.669308 -0.032158 -0.148219 -0.076158 0.288498 -0.551343 -0.335891 0.424845 1.200563 -1.778639 
0.292150 0.020155 -0.096529 0.213986 0.213322 -1.386682 -0.617550 0.347403 0.513960 0.068279 -0.173852 0.530057 0.260478 -0.097513 -0.479398 -0.373321 
0.005333 0.101974 -0.549992 0.096010 -0.145370 0.063888 0.146537 0.065432 -0.294985 -0.474754 -0.211016 0.106487 0.415154 -0.142863 -0.562560 -0.328409 
0.097522 0.124093 0.089699 -0.314837 0.000687 -5.656089 -1.930804 0.155435 0.274006 0.122913 0.066853 0.234416 0.286555 -1.650701 -0.480088 0.098778 
0.033213 0.272803 0.177142 -0.412508 -1.336402 0.172533 0.083730 0.176250 -0.165562 -0.765347 -0.202383 -0.191641 -1.027139 0.049052 -0.157567 0.246438 
-0.062954 -0.995182 0.145575 0.004542 0.591734 0.170700 -0.111493 -0.658688 -0.398331 -0.000638 -0.250859 -0.681578 -0.738361 0.192348 0.834237 -0.460865 
-0.588523 0.222979 0.138254 0.090986 0.304751 0.173941 -0.211121 -0.410515 -1.168743 -0.211583 0.355367 -1.055607 0.483893 0.063113 -0.030240 -1.410612 
-0.057252 0.087370 0.180612 -0.028331 0.205995 -0.224645 -0.923562 0.130965 -0.876782 0.290263 -0.166462 -0.297646 -0.945901 0.088608 0.142443 0.031148 
0.350445 0.030809 0.079807 0.100231 -0.453049 -0.351793 0.393471 0.122996 -0.474953 0.016021 -0.077647 0.138744 -0.502999 -0.363507 0.002500 -1.382771 
-0.130879 -0.378413 -0.063240 -0.865627 0.241681 0.070313 -1.310764 -0.093693 0.092325 0.352064 0.205946 -1.478280 -0.030958 0.011712 -1.339046 -0.699746 
0.015853 -0.004809 -0.183596 0.199668 0.784298 0.001634 0.151422 -0.033639 0.590380 -0.057747 -0.402103 -0.122907 -1.077918 -0.123785 -0.065631 0.311100 
-0.254685 0.196086 0.057975 0.118192 0.620461 0.381712 0.201056 -0.555640 0.674703 0.311807 0.164573 -0.264672 0.211813 0.333930 -0.910921 -0.331159 
-0.274087 -0.047429 -0.015938 0.699419 0.328772 -0.109400 0.026485 -0.280993 0.124466 -0.683761 0.161074 -0.750170 -0.052840 0.027990 -0.370479 -0.072332 
0.060147 -0.173472 0.021745 0.772345 0.242173 0.027979 0.166009 0.062172 -0.158572 -0.078941 0.204023 -1.023436 -0.729098 -0.075816 -0.783039 -0.191335 
0.119912 -0.045301 0.178192 0.353721 0.365978 -0.036671 -0.085688 0.057887 0.196059 0.281458 0.336386 -0.962677 -1.738339 0.305432 0.500787 -1.191001 
0.129753 -0.152754 0.037709 -0.980061 -0.283675 0.079644 -0.038239 0.125955 -0.125936 0.108100 -0.742979 0.019927 0.023279 -0.271922 -1.360729 -0.103754 
0.138262 -0.018061 0.273480 0.170771 -0.324800 0.218984 -0.060429 -0.085844 -0.233693 -0.083525 0.282648 0.436909 0.124038 0.330676 -0.283646 -0.548267 
-0.028672 -0.030420 -0.119047 0.276779 -0.290864 -0.053765 -0.294735 -0.125686 0.005877 0.127954 -0.401890 -0.076197 -0.027910 0.356037 -0.721808 -0.419804 
