0.936541 0.187380 -0.766826 -0.434633 -0.431328 -0.688282 -0.061684 0.159601 0.321115 0.469394 -0.056966 -0.494430 -1.188061 -0.207322 -0.314897 -0.036349 0.012767 1.814308 -0.137241 -0.152545 0.114981 0.015216 0.448814 -0.760068 0.294383 -0.244747 -0.062209 -0.174580 0.357030 0.080587 0.160357 -0.772849 -0.042127 0.111399 0.031683 0.475511 -0.517372 -0.323566 0.466017 0.239725 -0.086689 -0.608594 0.342709 0.010978 0.464952 -0.249063 0.009115 -0.186382 
0.736234 0.125135 -0.789658 -0.397518 -0.279912 -0.653112 0.374616 0.057806 0.174201 0.222900 -0.156577 -0.586701 -1.200282 -0.324081 -0.400901 -0.094696 0.016729 1.198147 0.005834 -0.038283 0.036041 0.034912 0.599586 -0.686949 -0.030130 0.070218 -0.039746 -0.280578 0.521240 -0.048845 -0.215799 -0.824840 -0.016312 -0.076936 -0.025687 0.307601 -0.413404 -0.057195 0.528627 0.238932 -0.165747 -0.229593 0.393219 -0.145421 0.112023 0.105543 0.027955 0.047708 
0.693470 -0.227335 -0.579375 -0.329833 -0.157434 -0.806397 0.223840 -0.134120 0.332233 0.199354 -0.077115 -0.707168 -0.973454 0.031840 -0.098687 -0.105563 0.098865 0.954244 -0.210292 0.039667 0.059929 -0.116363 0.439131 -0.621783 0.126791 -0.065057 0.016848 -0.129407 0.421353 -0.009347 -0.277831 -0.761711 0.095070 0.030465 0.020022 0.167505 -0.340795 -0.209075 0.335166 0.219499 0.110945 0.269930 0.176385 0.286289 0.091620 0.204076 -0.039561 0.144835 
0.709484 0.044408 -0.393027 -0.137755 -0.006536 -0.423387 0.254077 -0.113453 0.257081 -0.012661 0.101548 -0.633379 -0.730995 0.012381 -0.126876 -0.095676 0.112228 0.749826 -0.329962 0.146997 0.041847 -0.321664 0.415683 -0.282047 0.032933 -0.111999 0.127207 -0.268815 0.470863 -0.012929 -0.400226 -0.545108 0.262704 -0.123589 -0.306556 0.338363 -0.193167 -0.140193 0.302575 0.322301 0.089706 -0.013653 0.130310 0.069531 -0.141874 -0.033781 -0.304698 0.169687 
0.517127 -0.294072 -0.284486 -0.052722 -0.221314 -0.407961 -0.196983 0.239061 0.057305 -0.086520 0.029503 -0.583677 -0.731682 0.128056 0.099452 0.113619 -0.001017 0.680820 -0.412268 -0.127161 0.224040 -0.130992 0.171588 -0.131790 -0.066422 -0.245890 0.132387 -0.067014 0.363581 -0.060447 -0.070700 -0.464985 0.178386 -0.010978 -0.003970 0.264213 -0.171185 -0.392368 0.102198 0.124797 -0.103906 0.222891 -0.058910 0.240301 -0.043365 0.053792 -0.094845 0.049645 
0.627076 -0.167133 -0.351423 -0.103748 0.087440 -0.259148 -0.257218 0.114811 0.024703 -0.053703 -0.013081 -0.388194 -0.349684 0.048293 0.051945 0.141016 0.084832 0.471462 -0.002112 -0.022299 0.109816 -0.091407 0.180958 -0.130418 0.171933 -0.232009 0.273489 0.124146 0.282953 -0.104218 -0.005519 -0.324774 0.062292 0.135892 0.132065 0.338989 -0.168053 -0.362388 -0.052327 0.166467 0.090854 0.187174 -0.116936 0.099689 0.197878 -0.155220 0.038792 0.043881 
0.462778 -0.113326 -0.120100 0.176032 0.024574 -0.252672 0.209687 0.003692 -0.121912 -0.318412 0.303032 -0.219297 -0.244567 -0.229268 0.103967 0.146435 -0.157776 0.325391 -0.161822 0.073618 0.233973 0.006005 0.166512 0.014024 -0.024580 -0.201692 0.053095 -0.076115 0.224793 -0.071679 0.052746 -0.330212 -0.006121 0.064425 0.325802 0.192489 -0.138921 -0.367291 0.051857 0.042184 0.065656 0.323032 -0.135590 0.094662 -0.060808 -0.248950 0.081323 0.006892 
0.553817 -0.077598 0.024372 0.381045 0.031986 -0.368357 0.034126 -0.012377 -0.325152 -0.270804 0.143864 -0.271461 -0.432858 -0.140205 0.226023 0.157261 -0.080304 0.212068 -0.205188 0.082265 -0.197289 -0.045829 0.295774 -0.007396 0.023222 -0.018701 -0.029251 -0.058619 0.192270 0.187068 -0.271181 -0.053002 0.043280 0.156582 0.161158 0.234317 -0.280676 -0.440477 0.112724 -0.034932 0.023667 0.291864 -0.069001 0.195032 0.000670 -0.001268 0.037838 0.142096 
0.459365 0.140134 0.179639 0.232839 -0.116720 -0.106442 0.163254 -0.024641 -0.115986 -0.294098 0.046175 0.056728 -0.427505 -0.371964 0.198841 0.093965 -0.007190 -0.030167 -0.160274 0.107124 -0.056247 -0.085378 0.228451 0.124638 0.211736 -0.082191 0.110291 0.173116 0.285396 0.283881 -0.093837 -0.002498 0.091567 0.013024 -0.048253 -0.180462 -0.219461 -0.187890 0.125855 0.005224 0.008770 0.107332 0.022485 -0.052579 -0.388830 -0.166097 -0.115658 0.260381 
0.297336 -0.220076 0.067304 0.234485 0.049124 0.067217 0.157002 -0.002810 -0.040970 -0.240989 0.126297 0.282258 -0.353688 -0.353783 0.357650 0.046646 -0.153586 -0.133247 0.033457 0.047140 -0.086326 -0.211379 -0.026212 0.235180 -0.072673 0.155257 -0.103251 0.362735 0.303764 0.175840 -0.301572 -0.003778 0.305472 0.246708 -0.044202 -0.127157 -0.235446 -0.577921 0.099607 0.011396 0.278807 0.139049 -0.350864 -0.072596 -0.331346 -0.048660 -0.113703 0.033409 
0.237466 -0.068850 -0.100269 0.281984 -0.092816 0.036790 -0.044155 -0.033877 -0.244968 -0.126934 -0.049831 0.126788 -0.387633 -0.229279 0.250327 0.067942 0.051229 -0.415495 -0.048874 0.033753 -0.365240 -0.181998 0.159227 0.035080 -0.091285 -0.022518 -0.027258 -0.068658 0.309365 -0.102315 0.089865 0.118167 0.220772 0.456863 0.009611 -0.171508 0.102083 -0.390610 -0.105568 0.285255 0.039750 0.167108 -0.137004 -0.150726 -0.202150 0.059640 0.071537 -0.264938 
0.287152 -0.130191 -0.008897 0.157779 0.013480 -0.135301 -0.156604 -0.149510 0.025494 0.020400 -0.155725 0.309995 -0.321774 -0.240880 0.160794 0.105233 -0.259169 -0.156663 -0.043437 -0.008308 -0.323600 -0.164058 0.316908 0.209202 -0.124712 0.199098 0.169745 -0.017564 0.511109 0.076077 0.209013 0.334333 -0.041018 0.113469 0.172407 -0.151088 0.167358 -0.262046 -0.158842 0.154762 0.203540 -0.074580 -0.516337 -0.177363 -0.408498 0.212195 -0.134746 0.057079 
0.185674 -0.104799 0.147490 0.212055 0.190824 -0.321720 -0.070831 0.029626 -0.144761 -0.094568 -0.047497 0.270012 -0.122463 -0.101287 0.251477 0.178613 0.158252 -0.321617 0.136796 0.009708 -0.024004 -0.354282 0.140552 0.179001 0.098408 0.101285 0.189837 0.151819 0.290153 0.015476 0.015256 0.079619 0.131517 0.002843 0.000644 -0.040929 0.031228 -0.375440 0.057834 -0.036086 -0.091660 0.082381 -0.396409 -0.199344 -0.367361 0.049406 -0.024641 0.010283 
0.126640 -0.058643 0.115967 0.210206 -0.092622 -0.341701 0.077008 0.145443 -0.173288 0.040991 -0.242099 0.378841 -0.222183 -0.260432 0.261150 0.065387 0.085137 -0.394406 0.017986 0.214198 -0.019028 -0.270952 0.437618 0.121559 0.241602 -0.141262 0.042221 0.466603 0.193945 -0.186573 -0.197377 0.010176 0.283009 0.137781 -0.289017 0.208730 0.025919 -0.255926 -0.073680 0.090927 0.016173 -0.127567 -0.119757 -0.073921 -0.337154 0.143537 0.045401 0.117293 
-0.032364 0.003211 0.257302 -0.053625 0.116787 -0.215054 -0.025557 0.123400 -0.040592 0.160241 -0.188078 0.299531 -0.263998 -0.322522 0.239235 -0.035606 0.108763 -0.241491 0.036559 0.011514 -0.160406 -0.313708 0.475609 0.209067 0.259182 0.020610 0.112337 0.312506 0.222015 -0.186613 -0.227398 0.159209 0.027152 0.127601 -0.171564 0.125652 0.089146 -0.271774 -0.168533 0.060532 0.034761 -0.199015 0.104290 -0.198779 -0.321118 0.058086 0.071255 -0.055887 
-0.251849 -0.053765 0.386779 0.113123 0.232836 -0.177320 0.020632 0.196806 -0.008256 0.119628 -0.100575 0.293716 -0.166010 -0.167745 0.201371 0.105722 0.161576 -0.290099 0.092183 -0.036827 0.088665 -0.284220 0.128511 0.103041 0.146880 0.099633 0.247270 0.287555 0.195034 -0.099597 -0.086334 0.018157 -0.044122 0.019159 0.067109 0.010775 -0.054430 -0.010598 -0.136074 0.242741 0.191759 -0.013981 -0.100870 0.024627 -0.271965 -0.167851 0.169402 -0.130078 
-0.223321 0.047607 0.243708 0.159649 0.177174 -0.338885 0.019822 0.029770 0.246063 0.229426 0.038883 0.282285 0.025847 -0.205607 -0.127816 0.093875 0.050170 -0.601978 0.017556 -0.109692 0.090376 -0.192969 -0.034422 0.108665 0.128806 0.120740 0.260544 0.286818 0.256011 -0.099268 -0.063164 0.225595 -0.204579 0.032989 0.123781 -0.038338 -0.261161 -0.008664 -0.213935 0.288558 0.231019 -0.050515 0.241479 0.007885 -0.175756 -0.202648 0.220177 -0.237318 
-0.402583 -0.042578 0.112449 0.193341 0.081818 -0.217762 0.126210 0.088944 0.389873 0.081059 0.112838 0.265454 -0.011856 -0.079125 -0.176035 -0.056871 0.078938 -0.595014 0.163687 -0.101316 -0.041917 -0.213262 0.028247 0.228432 0.048460 0.180389 0.014813 0.213436 0.065855 -0.264629 0.239141 0.222211 -0.156779 -0.149264 0.241039 -0.125135 -0.271475 0.228523 -0.282030 0.283812 0.013149 0.005571 0.120523 -0.008107 -0.207583 -0.258313 0.025395 0.014430 
-0.472896 0.100663 0.060008 -0.002491 -0.098180 -0.222581 0.028459 0.019656 0.183910 0.108803 0.059473 0.276452 0.120217 0.191541 -0.135813 -0.093825 0.252557 -0.532725 0.124594 -0.107302 0.007440 -0.157560 0.258762 0.212337 0.024544 0.030689 -0.128714 0.044679 0.251738 -0.334652 0.234202 -0.166675 -0.186984 -0.160332 -0.127842 -0.264573 -0.285746 0.162365 -0.127935 0.040972 0.066094 -0.248759 0.135199 0.046557 -0.125708 -0.417243 0.094067 -0.168420 
-0.647651 0.095951 0.163910 -0.164404 0.134716 -0.345038 0.031632 0.234903 0.250508 0.226147 0.151977 0.139660 -0.161292 0.143026 -0.119921 -0.137488 0.214522 -0.490438 0.008422 -0.031496 -0.258682 -0.284385 0.004397 0.103333 -0.040366 0.111126 -0.001660 0.180418 0.085364 -0.471003 0.049834 0.051493 0.197159 0.158156 -0.277412 -0.260088 -0.327143 0.224803 0.089428 0.117817 0.071301 -0.185225 0.095813 0.088529 -0.167722 -0.223470 0.035803 0.097732 
-0.678922 0.292765 0.249073 -0.568566 -0.009845 -0.093649 -0.027010 0.152304 0.146693 0.387306 -0.045164 0.036991 -0.067297 0.127773 0.008339 -0.245840 0.336055 -0.629639 -0.061702 -0.016896 -0.006118 -0.433511 0.126141 0.084747 0.084581 -0.089169 0.156735 0.266728 -0.054056 -0.446404 0.263189 0.041701 0.152633 -0.036245 -0.266719 -0.147551 -0.194610 0.275381 -0.186581 0.181967 0.111552 -0.214791 0.219582 -0.045349 0.103724 -0.107708 -0.142008 0.145686 
-0.808947 0.364572 0.127387 -0.344480 -0.031321 -0.214833 -0.167747 0.255167 0.196356 0.391501 -0.014977 0.339959 -0.176905 0.096958 0.068370 -0.004205 0.262509 -0.777895 -0.130892 -0.207909 -0.003494 -0.558296 0.076527 0.154410 0.355168 -0.076896 0.320359 0.325004 -0.255451 -0.146497 0.299885 0.168498 0.063485 -0.034913 -0.429998 -0.109572 -0.159295 0.187182 -0.129418 0.247915 0.022231 -0.247296 0.028622 0.058643 0.019184 -0.054252 -0.150509 -0.210527 
-0.768951 0.372048 0.327976 -0.324176 -0.090229 -0.433892 -0.545826 -0.013205 0.190736 0.270497 -0.027235 0.157350 -0.040396 0.048289 -0.022084 0.028707 0.331096 -0.684393 0.028332 0.221314 -0.022045 -0.595656 -0.084818 0.276405 0.378214 -0.113196 0.359305 0.172171 -0.342500 -0.251744 0.265459 0.040468 0.225420 0.023278 -0.442001 0.020102 -0.253296 0.197462 -0.006601 -0.214501 0.046445 -0.357966 0.046973 0.053754 0.004350 0.152104 -0.352059 -0.175961 
-0.573500 0.128724 0.145599 -0.252878 0.279580 -0.382070 -0.313567 0.030965 -0.038884 0.407868 0.085422 0.219034 -0.241551 0.098259 0.006096 0.043584 0.291101 -0.883862 -0.091774 -0.046212 0.088190 -0.548400 -0.116560 0.628119 0.267147 0.160325 0.237525 0.259099 -0.494695 -0.139345 0.159193 0.391778 0.177303 -0.032416 -0.510143 0.025384 -0.193538 0.172226 -0.290452 -0.207179 0.123092 -0.202034 0.213411 0.189617 0.203234 0.033525 -0.354688 0.017273 
-0.638083 0.152835 0.053283 -0.114780 0.170454 -0.461328 -0.415449 -0.021505 0.086501 0.246989 -0.157510 -0.036172 -0.238900 0.211728 0.133006 -0.174794 0.309371 -0.872692 -0.032627 -0.041526 0.059956 -0.425825 -0.117017 0.385018 0.129554 0.097192 0.225071 0.296416 -0.378696 -0.183268 0.186819 0.404719 0.462687 -0.208279 -0.376367 -0.211399 -0.251644 0.365874 0.055376 -0.382570 0.163119 -0.134082 0.036266 0.027627 0.074360 0.021424 -0.024776 -0.059496 
-0.614010 0.355749 -0.019861 -0.325979 0.174114 -0.425151 -0.022349 -0.035092 0.060337 0.287826 -0.399205 0.116898 0.026027 0.164503 -0.020714 -0.343181 0.506363 -0.610223 -0.098653 0.160279 0.130814 -0.156826 -0.132978 0.183217 0.036434 -0.019538 0.148993 0.278400 -0.424413 -0.268067 0.059070 0.225061 0.417588 -0.092858 -0.441484 -0.078373 -0.325450 0.185040 0.164712 -0.283754 0.252482 -0.025126 0.072355 0.298660 -0.031245 0.025108 0.063112 -0.112365 
-0.698257 0.417379 0.196017 -0.390336 -0.029451 -0.113252 -0.137627 -0.018248 0.026053 0.284134 -0.472332 0.197507 0.178289 0.162841 -0.015220 -0.080696 0.350103 -0.523248 0.004880 0.185921 -0.143181 -0.026835 0.099617 0.066812 0.167709 -0.011372 0.178786 -0.024975 -0.342854 -0.309584 0.081733 0.142926 0.549943 -0.251744 -0.343106 -0.210935 -0.001781 0.175272 0.169107 -0.450145 -0.095970 -0.136086 0.182946 0.068078 0.000717 0.163812 0.041713 -0.134928 
-0.628496 0.413498 0.038926 -0.362206 0.029969 -0.189760 -0.379421 0.191228 0.024328 0.351115 -0.605579 0.152780 0.320756 0.065077 -0.093689 -0.177737 0.552560 -0.236315 0.293929 0.123302 -0.187913 -0.014079 -0.095277 0.123008 0.170759 -0.027064 -0.122214 0.090932 -0.367953 -0.077178 0.165553 0.312008 0.296169 0.004341 -0.370817 -0.076685 0.071565 0.225982 -0.055891 -0.207785 0.042159 0.015623 -0.033656 0.255086 0.102409 0.131213 -0.243836 -0.008182 
-0.727356 0.373825 -0.050620 -0.508398 0.011304 -0.166630 -0.277502 0.126259 0.065670 0.352897 -0.304245 0.466015 0.246939 -0.068072 -0.240131 0.126039 0.569147 -0.450846 0.404664 0.124417 -0.085840 -0.003395 -0.046794 0.068325 0.194197 0.163466 -0.033162 -0.106774 -0.171525 0.023952 0.372145 0.500773 0.219674 0.021272 -0.227416 -0.317052 0.129568 0.215831 0.097076 -0.174993 0.220241 -0.176714 0.032165 0.323989 -0.114272 0.249038 -0.149352 -0.084081 
-0.728939 0.363497 -0.064910 -0.433751 0.167816 -0.188034 -0.264792 0.048988 0.058187 0.074605 -0.216522 0.309086 0.183956 0.124751 -0.078853 -0.116769 0.457283 -0.421553 0.061560 -0.054112 -0.139305 0.379107 0.086877 -0.001840 -0.118403 -0.066408 0.011121 -0.277480 -0.107516 -0.390511 0.437467 0.325981 0.365768 -0.089229 -0.394243 -0.170944 0.223341 0.150585 -0.116274 -0.444639 0.331913 0.116279 -0.007747 0.083734 -0.078863 0.086200 -0.202628 -0.084016 
-0.578263 0.332968 0.017027 -0.454172 -0.010745 -0.078949 -0.093712 0.045729 0.170137 -0.005605 -0.124827 0.122028 0.238973 0.134189 0.217803 -0.067273 0.521238 -0.335944 0.019041 -0.057382 -0.159915 0.080418 -0.006002 -0.026196 -0.201973 -0.016981 -0.094560 -0.043667 -0.125612 -0.332859 0.129534 0.463003 0.247343 -0.075659 -0.170351 -0.183892 0.026636 0.501689 0.021048 -0.618967 0.335130 0.208437 -0.204110 0.161189 -0.107137 0.090092 -0.208459 -0.047638 
-0.488131 0.191252 0.164625 -0.089277 0.164518 -0.281450 -0.246863 0.115360 -0.093386 0.020081 -0.166964 0.032812 0.046788 0.300024 0.040811 -0.001194 0.396860 -0.444791 -0.092708 0.069936 -0.198394 0.032619 0.136427 0.114989 -0.303809 0.016613 0.214113 0.003317 -0.044861 -0.150307 0.034716 0.291772 0.310039 0.073921 -0.217468 -0.236349 0.008246 0.431101 0.143441 -0.612643 0.111557 0.141372 -0.110155 -0.221262 0.216025 0.153809 -0.125258 0.109867 
-0.699134 0.184820 0.080890 -0.114414 0.104125 -0.051536 -0.042598 0.354311 -0.123433 0.134024 -0.181615 0.319687 0.032463 0.233611 0.196186 -0.160143 0.356197 -0.418368 -0.182049 0.179766 -0.403335 0.406403 -0.008227 0.143089 -0.038210 0.072540 0.266812 0.126784 0.041089 -0.173871 0.262344 0.430896 0.116055 -0.174333 -0.210378 0.057918 0.019750 0.379028 0.056209 -0.488864 0.060793 0.114540 0.071328 -0.073490 0.179047 0.001022 -0.159187 -0.184031 
-0.524340 0.325717 -0.071453 -0.142743 0.173760 0.029391 0.292882 0.279832 -0.106499 0.058258 -0.217448 0.172227 0.057342 0.115675 0.014736 -0.067306 0.213074 -0.128091 -0.066171 0.185042 -0.340663 0.328535 -0.080547 0.232109 -0.247167 0.070212 0.318359 -0.068350 -0.132398 -0.092232 0.236347 0.415829 0.021697 0.004930 0.028338 -0.028809 0.176687 0.207333 -0.022361 -0.260124 0.081741 0.253889 -0.224930 -0.308626 0.265425 0.380478 -0.017735 -0.193619 
-0.731904 0.198200 0.010411 -0.178825 0.133578 0.048622 0.018611 0.156056 -0.082819 -0.098686 -0.156612 0.085284 0.237141 -0.037616 -0.102080 -0.053466 0.158967 -0.252941 0.013517 -0.145526 -0.370817 0.257972 0.049223 0.371575 0.071031 -0.048867 0.233679 -0.080795 -0.262322 -0.192888 0.205414 0.431036 -0.285890 -0.035728 0.026719 -0.280716 0.271292 0.262527 -0.076029 -0.132307 0.023131 0.044155 -0.172559 -0.181965 0.156010 0.102841 0.179439 -0.152357 
-0.712659 -0.129702 0.092192 0.028447 -0.096095 0.066308 -0.098866 0.220330 0.001277 -0.072747 -0.184553 -0.073256 0.256476 -0.038749 -0.353810 0.098569 0.350077 -0.314138 0.050969 -0.057232 -0.227610 0.377270 -0.033153 0.284664 -0.046182 0.122791 0.138736 -0.426958 -0.274254 -0.008857 0.266780 0.597000 -0.410506 -0.063589 0.341994 -0.408621 0.169908 0.378890 -0.290788 0.096775 0.058957 0.163895 -0.132509 0.232746 -0.020325 0.006153 0.083790 -0.078573 
-0.701126 -0.333885 0.038779 -0.022751 -0.156095 0.247836 -0.270973 0.167501 -0.161933 -0.293956 0.013351 -0.053262 0.182843 -0.136536 -0.454699 0.131614 0.341468 -0.347061 0.094078 0.012338 -0.205202 0.494837 -0.121241 0.189220 -0.230074 0.087531 -0.031591 -0.132722 -0.144157 0.347179 0.250056 0.378130 -0.628636 -0.259099 0.352998 -0.381101 -0.187282 0.346633 -0.266234 -0.024230 0.108207 0.003189 0.049560 0.200478 0.092021 0.159896 -0.091178 -0.060485 
-0.573956 -0.240962 -0.010796 0.089658 -0.126257 0.369872 -0.028303 0.167176 -0.057126 -0.235243 0.039729 -0.376716 0.428237 -0.236128 -0.434186 0.055888 0.310966 0.076764 0.382446 -0.159423 -0.448952 0.423902 0.087245 -0.160450 -0.386977 0.119764 -0.018648 -0.251052 0.080556 0.397019 0.251836 0.581154 -0.379374 -0.262677 0.551400 -0.312238 -0.329535 0.188830 -0.428792 0.268746 0.029314 0.042105 0.133498 0.271265 0.028246 -0.012387 0.075616 0.054416 
-0.595529 -0.434780 -0.156330 0.217596 -0.299767 0.455352 0.085344 0.164584 -0.002998 -0.341679 -0.088607 -0.246807 0.542093 -0.272740 -0.181281 0.105737 0.241915 0.058969 0.292284 -0.146280 -0.453114 0.465046 0.072598 -0.263508 -0.403594 0.014528 0.195743 -0.231424 -0.026955 0.245280 -0.049720 0.561384 -0.217049 0.003092 0.545965 -0.208860 -0.202405 0.279549 -0.465349 0.448727 0.065107 0.201465 0.095371 0.212752 -0.064744 0.117559 -0.020724 0.335581 
-0.436458 -0.586625 -0.103008 -0.054233 -0.319612 0.319284 0.029435 0.437027 0.103814 -0.455381 -0.093974 -0.246387 0.401222 -0.238991 -0.075836 0.082818 0.328004 0.245024 0.198733 -0.279986 -0.673438 0.555035 0.211614 -0.513078 -0.294860 0.238951 0.054322 -0.400689 0.152055 0.245221 0.177827 0.527710 -0.134955 0.024047 0.548303 -0.286904 -0.355821 0.284624 -0.501261 0.741441 0.104775 0.043432 -0.003937 0.209373 -0.240494 0.302549 0.092863 0.283616 
-0.306202 -0.589896 -0.254873 0.053965 -0.242469 0.294202 -0.132166 0.397690 0.034237 -0.410948 -0.240851 -0.426671 0.160775 -0.291652 -0.220537 0.169616 0.447613 -0.044680 0.117644 -0.220965 -0.505644 0.500444 0.325621 -0.466347 -0.381297 0.050808 0.109052 -0.260252 0.232182 0.326184 0.037027 0.580876 0.114142 0.259388 0.718218 -0.006886 -0.113162 0.338739 -0.566283 0.593556 0.216637 0.065643 -0.129226 -0.148491 -0.349124 0.123843 0.108873 0.203153 
-0.144887 -0.663317 -0.030355 0.237736 -0.291279 0.237124 -0.086219 0.280542 0.048694 -0.320210 -0.184073 -0.318333 0.324353 -0.008306 -0.286490 0.100426 0.282238 0.018340 0.127824 -0.035251 -0.691956 0.355922 0.148975 -0.682585 -0.310317 -0.069986 0.107814 -0.510814 -0.102019 0.566321 0.161523 0.621588 0.032503 0.401896 0.581662 -0.236352 -0.049785 0.154946 -0.483492 0.439142 0.059678 0.226037 -0.111158 0.119358 -0.432021 0.287440 -0.199295 0.027681 
-0.098087 -0.418822 0.038233 0.269095 -0.199153 0.379517 0.082423 0.428992 0.168898 -0.227540 -0.053032 -0.603298 -0.034927 -0.233190 -0.203886 0.151888 0.337764 0.195138 0.006525 0.146963 -0.527298 0.285468 -0.048842 -0.475953 -0.168482 0.089702 0.019947 -0.277717 -0.114753 0.721854 0.084907 0.532165 -0.021161 0.158347 0.537024 -0.291423 -0.006743 0.141655 -0.418106 0.262506 0.190386 0.286666 -0.070215 0.196225 -0.315432 0.155288 -0.152900 0.182657 
-0.212130 -0.348504 0.048018 0.434907 -0.382768 0.146083 -0.160899 0.170016 0.035179 -0.130394 0.077882 -0.404347 -0.027352 -0.040404 -0.276598 0.016216 0.305894 0.092699 -0.041368 0.099356 -0.610926 0.048641 -0.131614 -0.523932 -0.166392 0.015344 -0.188749 -0.374463 0.058874 0.545651 -0.024010 0.498707 -0.221094 0.079690 0.623680 -0.253245 -0.333923 0.077873 -0.173362 0.054107 0.185705 0.093926 -0.073514 0.038594 -0.155172 0.361270 -0.077351 0.219108 
-0.257873 -0.191674 -0.056101 0.445897 -0.211310 0.161769 0.007771 0.095797 0.047725 -0.288327 -0.046143 -0.511558 0.336182 0.041635 -0.192756 -0.132541 0.455705 0.074277 -0.156474 0.028598 -0.404298 0.063010 0.231311 -0.361556 0.064648 -0.245883 -0.197354 -0.316847 0.253821 0.273455 0.153872 0.442772 -0.239836 0.285892 0.708040 -0.247875 0.045872 0.183090 -0.176497 -0.015511 0.251455 0.180987 -0.237028 -0.163194 -0.198555 0.278797 -0.100101 0.268418 
-0.077026 -0.152272 0.225329 0.135691 -0.115074 0.126990 0.041233 0.216214 0.021973 -0.026423 0.044356 -0.438951 0.352269 -0.075059 -0.216695 0.038735 0.058068 0.131334 -0.114932 0.222556 -0.301286 0.072380 -0.023256 -0.226248 -0.071251 -0.012969 -0.322954 -0.384247 -0.012479 0.455792 0.188980 0.365630 -0.274832 0.163053 0.654066 -0.119907 0.074669 0.044075 -0.042249 0.029269 0.197645 0.295673 -0.148347 0.116110 -0.223745 0.262201 -0.068359 0.385203 
0.020713 0.033426 0.087472 0.213872 -0.200041 0.517943 -0.024293 0.057981 0.205781 0.071801 -0.022959 -0.280693 0.555198 -0.278680 -0.087664 -0.001515 0.098152 0.177213 -0.043106 0.186185 -0.193918 0.109900 -0.094927 -0.300477 -0.004938 -0.092261 -0.422151 -0.374511 0.298141 0.268941 0.255876 0.373963 -0.306044 0.417475 0.713447 -0.366678 0.298286 -0.073562 0.004271 0.052884 0.153493 0.176903 -0.159636 0.128289 -0.338151 -0.068512 0.004910 0.253003 
0.202653 -0.106380 0.084040 0.213241 -0.037781 0.390903 -0.158114 -0.048340 0.020974 -0.030028 0.078808 -0.411686 0.510587 -0.280859 0.033123 0.075382 -0.279537 0.011409 0.002833 0.065746 -0.156164 0.279074 -0.273843 -0.431308 -0.210956 0.075326 -0.145295 -0.212907 0.150543 0.021330 0.427441 0.218253 -0.447790 0.196490 0.708609 -0.204175 0.188800 -0.155308 0.168184 -0.119894 0.051242 0.169266 -0.075893 -0.057288 -0.417221 0.102246 0.020087 0.105812 
-0.073312 0.055185 -0.054362 0.345234 0.069561 0.285111 0.002035 0.317431 0.005079 0.058204 0.235718 -0.384839 0.318142 0.062953 -0.018349 -0.005314 -0.374158 -0.068088 0.048109 -0.016293 -0.010111 0.258120 0.032776 -0.233293 -0.094848 0.036950 -0.506650 0.002799 0.067210 0.233433 0.130489 0.154802 -0.320545 0.139666 0.418041 -0.198875 0.241883 -0.074857 0.391366 -0.518468 -0.346630 0.232885 -0.121820 -0.073346 -0.418609 0.165553 -0.124223 0.150180 
-0.004929 0.069539 -0.074603 0.516757 -0.036705 0.415601 -0.075447 0.120727 0.057303 0.054360 0.180831 -0.338669 0.456887 0.197255 -0.060234 -0.114598 -0.417793 -0.040538 0.093908 0.076127 0.085050 0.216709 0.015061 -0.072867 -0.135061 0.111173 -0.148926 0.047931 0.301613 0.319483 0.070325 0.115942 -0.278449 -0.126982 0.273509 -0.027514 0.351857 -0.192189 0.169693 -0.383956 -0.350005 -0.045523 0.075617 0.089200 -0.143711 0.051031 -0.224869 0.046451 
0.257699 0.257492 0.116767 0.467401 0.083051 0.348764 -0.207705 0.266785 -0.188506 -0.238107 0.285317 -0.008313 0.397704 0.131956 -0.039695 -0.060818 -0.389263 -0.097482 0.216515 -0.029291 0.638161 0.192485 -0.020769 -0.196691 -0.295988 -0.000025 -0.483772 0.020860 0.258955 0.356902 -0.224305 -0.101500 -0.095633 0.071551 0.170214 0.160641 0.532256 -0.095933 0.242141 -0.577846 -0.415839 -0.157726 0.276592 0.275692 -0.210671 -0.020125 0.016384 0.173246 
0.288730 0.076275 -0.102833 0.537587 0.232095 0.348193 -0.046167 -0.053614 -0.171265 -0.120995 0.360150 0.102549 0.614456 0.112574 -0.080192 0.053085 -0.367388 0.119524 0.461221 -0.088065 0.861689 0.066182 -0.217196 0.000769 -0.210332 -0.085345 -0.340130 -0.089698 0.146038 0.523269 -0.251444 0.209751 0.016111 -0.064253 0.251846 0.375710 0.480084 -0.175109 0.201117 -0.637813 -0.619592 -0.146314 0.036799 0.073221 -0.053678 -0.071461 0.140826 -0.036961 
0.338861 0.389539 0.003637 0.656341 0.263480 0.312840 -0.193469 0.116748 -0.220330 -0.091893 0.312138 0.266080 0.532192 0.201136 -0.067113 -0.167347 -0.515172 -0.098016 0.318392 0.011302 0.910677 -0.077903 -0.499164 -0.019049 -0.037518 -0.091193 -0.491196 -0.158882 -0.042921 0.396321 -0.137570 0.083586 0.059659 0.107835 0.337004 0.152402 0.458952 -0.102152 0.328312 -0.724442 -0.797985 -0.270084 0.090696 -0.075317 0.165719 -0.322616 -0.070083 0.040915 
0.149654 0.388284 0.030617 0.585106 0.175946 0.209187 -0.020139 0.024773 -0.346632 -0.407413 0.440057 0.008544 0.388421 0.441905 0.038539 -0.254216 -0.620771 0.029199 0.433882 -0.028544 0.940028 -0.175987 -0.405781 0.021215 0.121722 -0.221799 -0.447918 0.095796 -0.064854 0.437391 -0.287950 -0.006379 0.147875 -0.219965 0.172825 -0.121948 0.309098 -0.090283 0.368396 -0.840688 -0.674450 -0.240279 0.019630 0.004036 0.291652 -0.344013 0.033982 -0.118024 
0.332247 0.429470 0.067487 0.384403 0.378927 -0.023603 0.000855 0.034220 -0.344508 -0.473015 0.405876 -0.009402 0.414926 0.263618 -0.152492 -0.236175 -0.453351 0.170258 0.399767 0.026140 0.907276 -0.119522 -0.265665 0.031672 -0.103331 0.061411 -0.294704 -0.018001 -0.049016 0.389322 -0.326253 -0.038790 0.064093 -0.221853 0.095338 -0.005582 0.217418 -0.198456 0.120543 -0.602252 -0.734847 -0.150739 0.152695 -0.066216 0.420619 -0.239666 -0.078556 0.152631 
0.228738 0.702118 0.088230 0.400112 0.277147 0.337199 0.092778 0.052510 -0.216229 -0.280401 0.269454 0.149399 0.314645 0.341266 -0.313069 -0.276119 -0.611832 0.126469 0.355231 -0.061163 1.007381 -0.211770 -0.056662 0.168604 -0.025087 -0.047608 -0.217962 0.166546 -0.160531 0.435212 -0.499911 0.221001 0.015386 -0.434706 -0.206834 0.123157 0.230956 -0.151428 0.284930 -0.513725 -0.490460 -0.327601 0.178559 0.089042 0.384313 -0.090551 0.053200 0.373626 
0.410248 0.720941 0.040711 0.158279 0.474536 0.141322 0.256704 0.069864 -0.145138 -0.369466 0.400644 0.119665 0.216251 0.277817 -0.492608 -0.107134 -0.477521 0.228597 0.265188 -0.059123 1.024995 -0.305962 -0.091243 -0.002705 0.031155 0.082320 -0.243825 0.053778 -0.066250 0.215765 -0.475403 -0.003719 0.046387 -0.510853 -0.118521 0.041104 -0.137076 -0.246897 0.213229 -0.261577 -0.561597 -0.100321 0.333951 0.128372 0.199018 0.053913 -0.058901 0.226056 
0.408465 0.733339 -0.318827 0.173548 0.309013 0.390350 0.206797 -0.042677 -0.047561 -0.282328 0.281590 0.120607 0.206423 0.163002 -0.716288 -0.151457 -0.557701 0.117662 0.078943 0.104949 0.818209 -0.075793 -0.067586 0.031279 -0.025481 -0.017882 -0.018992 0.262536 0.037615 0.295508 -0.244114 0.114598 -0.326535 -0.408952 -0.101190 0.099407 0.168904 -0.207103 0.057099 0.085802 -0.653691 -0.230666 0.095914 0.157813 0.121604 0.141821 0.009106 0.339428 
0.623985 0.445900 0.048169 0.223547 0.174299 0.458250 0.128260 -0.272288 0.206865 -0.292942 0.444982 0.099999 0.059383 0.292930 -0.658729 0.152052 -0.538278 -0.014514 -0.057836 0.056238 0.456586 -0.213795 -0.030893 -0.123345 0.335343 -0.097001 0.073248 0.375776 -0.086698 0.197326 -0.397562 -0.168746 -0.186207 -0.429372 -0.233075 0.228979 0.431025 -0.379100 0.018206 -0.147716 -0.679431 -0.594311 -0.014096 0.112061 0.130942 0.367164 0.115210 0.365624 
0.563446 0.409316 0.039168 0.170297 0.286994 0.212927 0.093789 -0.578195 0.259319 -0.417649 0.499791 -0.021771 0.026444 0.627601 -0.454621 0.198091 -0.644431 0.017670 -0.025064 -0.055388 0.151294 -0.348638 0.258089 0.174725 0.181500 -0.251075 -0.011090 0.172317 -0.270235 0.141697 -0.524705 -0.109211 -0.248260 -0.383177 -0.109983 0.381385 0.390457 -0.512315 -0.161081 -0.141097 -0.654115 -0.496457 0.207479 0.252539 0.150127 0.424785 -0.116440 0.040177 
0.519349 0.401423 -0.055656 0.254721 0.288212 0.141876 0.201996 -0.600428 0.184587 -0.154689 0.483390 0.211139 0.120241 0.257429 -0.357276 0.103690 -0.782182 -0.107958 0.026856 -0.055757 0.335859 -0.222539 0.367171 -0.074100 0.089064 -0.131468 -0.310726 0.574153 -0.182186 0.155908 -0.336476 -0.174956 -0.266630 -0.480988 -0.356543 0.418120 0.282650 -0.393896 -0.587624 -0.184321 -0.588619 -0.318270 0.092426 0.129510 0.131754 0.423715 -0.351624 0.117970 
0.492218 0.156644 0.008714 0.038805 0.400202 0.124352 0.267207 -0.908667 0.147764 -0.123273 0.441542 -0.000890 0.015921 0.309636 -0.237152 -0.045210 -0.871233 0.115932 0.001267 -0.154136 0.255992 0.212869 0.293757 -0.096405 -0.089394 0.023856 -0.365029 0.307513 0.082549 0.079184 -0.210764 -0.428324 -0.138446 -0.342330 -0.234810 0.472416 0.156363 0.049140 -0.411897 0.074992 -0.493900 -0.253530 0.215524 0.326483 0.113701 0.376677 -0.235442 0.416878 
0.199515 0.082665 0.124276 -0.147808 0.348920 0.333165 0.110738 -0.754468 -0.082368 -0.338192 0.328931 0.116816 -0.055420 0.397717 -0.198770 -0.273515 -0.578393 0.072963 0.080031 -0.120521 -0.169280 0.100252 0.356012 -0.374244 0.081535 0.182690 -0.477198 0.275487 0.123759 0.090737 -0.263213 -0.466476 -0.153680 -0.514785 -0.162100 0.448424 0.240401 0.012265 -0.214544 0.166945 -0.403001 -0.187013 0.038466 0.250131 -0.009357 0.056395 -0.446654 0.300232 
0.275395 -0.010954 0.325310 0.172588 0.207259 0.278754 0.182052 -1.083264 -0.081183 -0.089400 0.154646 0.144182 -0.104377 0.148416 0.120448 -0.277766 -0.500885 0.257896 -0.214424 -0.178066 -0.211131 -0.016251 0.468493 -0.239191 0.031709 0.282107 -0.263262 0.320973 0.094168 0.234227 -0.316350 -0.621860 -0.006005 -0.298826 -0.316465 0.198787 0.126916 -0.182571 -0.002532 0.465142 -0.370542 -0.058538 0.002127 0.161289 -0.220509 0.035112 -0.394112 0.551583 
0.358414 -0.252176 0.417327 0.100016 0.117925 0.437687 -0.202368 -0.772858 0.000990 0.081965 0.151627 0.166088 -0.212669 0.200636 -0.063148 -0.140953 -0.333887 0.192180 -0.202827 -0.236474 -0.285050 0.022314 0.429096 -0.234039 0.082314 -0.098989 -0.211219 0.296273 0.052371 0.237829 -0.350869 -0.435582 -0.178224 -0.336471 -0.518438 -0.047467 0.012067 -0.126419 -0.194785 0.450936 -0.412767 -0.124859 0.040627 0.142491 -0.207291 0.004177 -0.273506 0.307194 
0.100366 -0.273714 0.365141 0.140261 0.011473 0.408328 -0.176522 -0.849676 -0.106207 -0.203257 -0.101950 0.186090 -0.383352 0.217323 0.123543 -0.169939 -0.160773 0.305494 -0.380081 -0.241336 -0.324476 0.167010 0.455906 -0.183613 0.096698 -0.268443 -0.132352 0.014270 -0.215023 0.184268 -0.210107 -0.449317 0.013394 -0.266406 -0.428634 -0.072716 0.000836 0.019226 -0.071902 0.126408 -0.323630 -0.318988 0.059448 -0.134789 -0.040561 0.109304 -0.299802 0.381536 
0.249477 -0.363052 0.674086 0.272708 -0.032760 0.141164 0.022580 -0.845924 -0.192868 -0.062933 -0.329783 -0.054780 -0.431384 0.092455 -0.032916 -0.120130 -0.124405 0.220863 -0.211066 -0.192628 -0.157275 0.094753 0.486975 -0.325653 0.199748 0.004838 -0.124342 -0.043504 -0.198258 0.015937 -0.133016 -0.312959 -0.198357 -0.298404 -0.158318 0.052156 -0.063550 0.107762 -0.041060 0.300824 -0.180314 -0.074463 -0.053057 -0.314645 -0.116603 -0.220723 -0.233609 0.458453 
0.455906 -0.290845 0.659018 0.299700 -0.038592 0.255803 0.011051 -0.817318 0.107160 -0.076952 -0.281951 -0.080834 -0.091336 0.000815 0.002900 -0.118387 -0.096317 0.216698 -0.246661 -0.038588 -0.112390 0.162772 0.342967 -0.409169 0.108307 -0.017863 -0.380461 -0.382921 -0.382004 -0.003556 -0.381614 -0.245993 -0.388160 -0.068514 -0.206391 0.128849 -0.194623 -0.206187 -0.082122 0.197783 -0.328389 0.004702 -0.009902 -0.255966 -0.035709 0.126440 -0.207925 0.148901 
0.512124 -0.100722 0.692201 -0.038164 -0.359557 -0.129441 0.435731 -0.585360 0.209713 0.032212 -0.339165 -0.155204 0.218166 -0.124020 -0.033211 -0.083059 -0.072991 0.258360 -0.153997 0.038607 -0.033162 0.147477 0.178471 -0.255423 0.116263 -0.019124 -0.340361 -0.567560 -0.404593 -0.347395 -0.108740 -0.147331 -0.334503 0.022695 -0.102120 0.272234 -0.172454 -0.223957 0.093039 0.119340 -0.192625 -0.180569 0.053513 -0.521234 -0.122693 0.169908 -0.010152 0.101144 
0.764937 -0.130607 0.546699 -0.074979 -0.207560 0.099706 0.594082 -0.299071 0.446649 0.194707 -0.192711 -0.088601 0.358340 -0.058065 -0.287316 -0.148095 0.202589 0.079204 -0.193467 0.304517 0.091969 0.381671 0.123253 -0.218106 0.217531 0.044511 -0.455657 -0.799324 -0.622202 -0.623179 -0.024914 -0.250056 -0.362455 0.029771 -0.130772 0.071005 0.029156 -0.150525 0.216287 0.391575 0.092126 0.091472 -0.194358 -0.517378 0.132861 0.178417 0.099488 -0.469751 
0.660304 -0.369667 0.553735 0.000842 -0.408325 -0.029199 0.642840 0.180468 0.573667 0.476894 -0.021909 -0.036021 0.544553 -0.183766 -0.382891 0.164426 0.115350 0.015855 -0.217740 0.308808 0.149849 0.332208 -0.081515 -0.054720 0.320416 -0.000581 -0.468010 -1.000475 -0.862925 -0.844212 0.078133 -0.194253 -0.196357 0.254268 -0.402803 0.142872 0.242572 -0.051435 0.166524 0.177325 0.096123 0.016571 0.043342 -0.709299 0.175419 0.322679 0.290312 -0.538783 
0.590954 -0.764025 0.616585 -0.045058 -0.475028 0.007236 0.601079 0.350743 0.225665 0.640904 0.063914 0.051650 0.766117 -0.574362 -0.464596 0.285042 0.326965 0.084640 -0.231124 0.166593 -0.050221 0.358980 -0.168111 0.171445 0.082824 0.386273 -0.107252 -1.364522 -0.743884 -0.749444 0.244334 -0.156310 0.041996 0.197993 -0.333440 0.232531 0.540977 -0.076338 -0.137054 0.290776 0.443265 0.112420 -0.038266 -0.686615 0.120182 0.162189 0.587723 -0.621013 
0.506108 -0.588040 0.218892 -0.297232 -0.302792 0.080789 0.464346 0.529655 -0.298421 0.237899 0.304705 -0.049601 0.501467 -0.531118 -0.475749 0.459610 0.578442 0.239073 0.034187 0.315774 -0.068142 0.240785 -0.095833 -0.006094 -0.261790 0.512410 -0.270133 -1.465932 -0.343059 -0.594954 0.458322 -0.149678 0.223308 0.031954 -0.258765 0.391829 0.268728 0.168275 -0.057828 0.131614 0.401635 0.294049 -0.262208 -0.588303 0.121687 0.037441 0.329894 -0.559276 
0.362816 -0.701994 0.020798 -0.065128 -0.288584 -0.085602 0.022787 0.364348 -0.581855 0.096020 0.150329 -0.020565 0.428989 -0.536824 -0.479873 0.656121 0.613441 0.164397 0.005931 0.126288 -0.277200 0.152056 0.145536 -0.328601 -0.265210 0.248569 -0.210256 -1.124696 -0.162925 -0.809691 0.110935 -0.280218 0.580016 0.345200 -0.361884 0.558860 0.517298 0.225737 -0.075341 0.003553 0.301430 0.198377 -0.009051 -0.509935 0.051603 -0.071276 0.084746 -0.699666 
0.505599 -0.702809 -0.463235 -0.234934 -0.274493 -0.323289 -0.074134 0.265566 -0.810031 -0.074024 0.548719 0.052243 0.183508 -0.161791 -0.217104 0.745012 0.304393 0.084902 0.107081 0.207467 -0.440656 0.024272 0.092518 -0.121772 -0.240234 0.353372 -0.087975 -0.537213 0.031293 -0.523673 0.191082 -0.367553 0.559540 0.346794 -0.303602 0.537728 0.392927 0.148684 -0.086779 -0.061127 0.199383 -0.062514 -0.156584 -0.093760 0.217581 -0.128535 -0.236994 -0.404446 
0.141719 -0.438603 -0.756523 -0.144281 -0.406272 -0.467101 0.037759 0.044907 -1.178453 -0.135683 0.526928 -0.089784 0.175328 -0.319992 -0.243474 0.583087 0.621727 -0.049007 -0.048491 -0.128261 -0.383983 -0.284214 -0.006341 -0.206084 -0.310133 0.158675 -0.029279 -0.036637 0.045714 -0.512076 0.137242 -0.335942 0.209409 0.006421 0.290382 0.604796 0.237772 -0.070704 0.117691 0.016737 0.072546 -0.276531 -0.282937 0.039572 0.028862 -0.132260 -0.072018 -0.101681 
0.016617 -0.157290 -1.005503 -0.337119 -0.377944 -0.590521 0.084794 -0.350955 -1.062469 -0.370082 0.621651 -0.147591 0.314628 0.118020 -0.037767 0.317181 0.201050 0.178495 -0.020745 -0.184886 -0.419569 -0.107923 -0.012061 -0.063266 0.034332 -0.441187 -0.411408 0.082291 0.276263 -0.665963 0.027521 -0.347999 -0.088827 -0.202206 0.456272 0.525569 0.057410 -0.206939 0.408745 0.148340 0.208260 -0.216990 -0.424776 0.055414 -0.036016 -0.105140 -0.047086 -0.149299 
-0.192042 0.280139 -0.917818 -0.477175 -0.096816 -0.480530 0.113469 -0.586221 -0.894656 -0.279401 0.445812 -0.062870 0.509947 0.415794 0.157269 0.004915 -0.040834 -0.104209 -0.318534 -0.446281 -0.432537 -0.309129 -0.292729 -0.025580 0.614857 -0.696537 -0.269032 0.669323 0.105975 -0.512035 0.089886 -0.218546 -0.435597 -0.284326 0.551252 0.347911 -0.041638 -0.325427 0.648025 0.060255 0.192356 -0.046003 -0.410590 0.105080 -0.097452 -0.262369 0.091869 -0.060548 
-0.433710 0.452523 -0.629746 -0.247226 -0.034577 -0.424104 0.217600 -0.613724 -0.279359 0.077044 0.178894 0.042686 0.617973 0.459900 0.551701 -0.356102 -0.477624 0.130065 -0.822642 -0.195355 -0.262277 -0.186498 -0.321670 0.185060 1.002929 -0.735034 0.066494 0.679634 0.358117 -0.608826 0.208686 -0.344770 -0.771591 -0.102813 0.589246 -0.019716 -0.293552 -0.445292 0.448443 0.086496 0.391407 0.125901 -0.534933 0.113458 -0.445337 -0.159830 0.290481 0.067550 
-0.424796 0.518677 -0.903532 0.015633 0.018039 -0.130843 0.388328 -0.208664 0.188093 0.391814 -0.052117 0.318029 0.618104 0.795159 0.639502 -0.567699 -0.627125 -0.109584 -0.710860 -0.114597 -0.322126 -0.160751 -0.249959 0.433952 1.122119 -0.848709 0.481672 0.668503 0.256900 -0.610445 0.074732 -0.348664 -0.844850 -0.172435 0.386016 -0.131543 -0.460436 -0.248731 0.042303 0.130320 0.234970 0.193786 -0.502648 0.054008 -0.456189 0.122614 0.382705 -0.059835 
-0.189788 0.370273 -0.704276 0.579713 -0.004585 0.047640 0.415946 -0.071774 0.219488 0.523785 -0.126183 0.325424 0.606939 0.401801 0.410209 -0.916134 -0.431708 -0.217679 -0.352444 -0.180752 -0.208864 -0.019695 -0.050767 0.467863 0.886552 -0.283863 0.703196 0.356015 0.489331 -0.153619 0.241628 -0.279929 -0.920966 -0.446197 0.163957 -0.442033 -0.322246 -0.042284 -0.544602 0.378333 0.239292 0.211299 -0.104959 0.098910 -0.312206 0.391526 0.138398 -0.234131 
-0.102579 0.244464 -0.248456 0.565445 0.122641 0.311696 0.424561 0.138185 0.015280 0.810752 -0.311956 0.555363 0.367681 -0.287769 0.428238 -0.913566 -0.118384 -0.021729 0.032981 -0.168857 0.002671 0.004610 -0.049666 0.616892 0.375429 0.139664 0.760799 0.192356 0.040554 -0.232199 -0.241711 0.068842 -0.408139 -0.322951 -0.089610 -0.533127 -0.560740 0.405295 -0.838631 0.384964 -0.110302 0.178376 0.053973 0.093615 -0.112678 0.075004 -0.235823 -0.206857 
-0.124003 0.336619 0.170182 0.971122 0.237997 0.072146 0.106895 0.267791 -0.311538 1.001903 -0.630830 0.511171 -0.033245 -0.858404 0.271672 -0.852649 0.030974 0.115406 0.275938 -0.416256 0.056598 -0.057389 0.085058 0.580298 -0.101002 -0.061521 0.836228 0.073346 -0.571942 -0.136542 -0.555430 -0.080113 0.225115 -0.515340 -0.222489 -0.234650 -0.777851 0.426648 -0.497814 -0.034878 -0.257386 -0.296040 0.124139 -0.130612 0.144120 -0.089467 -0.433136 -0.085414 
-0.098179 0.444069 0.530172 0.472109 0.294899 0.341406 -0.116606 0.421705 -0.468265 0.917147 -0.500192 0.181679 -0.553945 -1.016271 0.308190 -0.650160 0.389646 0.360988 0.318693 -0.312876 -0.007181 -0.096813 0.061354 0.398682 -0.722304 -0.041612 0.779484 0.060583 -0.846707 -0.116515 -0.592987 -0.082934 0.836742 -0.122407 -0.256888 -0.295694 -0.471969 0.620423 -0.210390 -0.167029 -0.415829 -0.206495 0.192633 -0.078236 0.329663 -0.187159 -0.679997 0.048085 
-0.133809 0.574613 0.583010 0.139428 0.434252 0.075587 -0.157042 0.355425 -0.088033 0.699452 -0.464893 0.123569 -0.581473 -0.733183 0.399268 0.019913 0.340614 0.251154 0.138318 -0.445074 0.058452 -0.042446 0.118916 0.397784 -0.855320 -0.189472 0.622642 0.195261 -0.649900 0.114044 -0.637167 0.199455 1.002141 0.122319 -0.521026 -0.058391 -0.185084 0.613633 0.166888 -0.246253 -0.239562 -0.406821 0.513578 0.122811 0.163156 -0.367335 -0.741665 0.365822 
-0.245742 0.509298 0.281732 -0.222668 0.336948 0.136922 -0.297853 0.067064 0.250210 0.422457 -0.068810 -0.046068 -0.439992 -0.136098 0.144693 0.691973 0.232259 0.048980 0.150401 0.012399 -0.229208 -0.186216 0.235355 0.436683 -0.493709 -0.050832 0.308606 0.212670 0.007439 0.360954 -0.478446 0.297142 0.849291 0.048210 -0.492962 0.378091 0.344910 0.499444 0.130459 -0.127649 -0.455026 -0.052739 0.354674 0.086505 0.079335 0.032122 -0.525248 0.140250 
-0.106516 0.556977 0.080597 -0.354157 0.110706 0.130618 -0.166211 -0.370154 0.612143 0.004388 0.282826 -0.381754 -0.142430 0.145777 0.181451 1.274653 -0.093430 0.093217 -0.002300 0.217352 -0.405810 -0.236072 0.163785 0.382303 -0.094289 0.055426 0.223651 0.697374 0.431305 0.235260 -0.218817 0.280074 0.451776 0.000304 -0.361760 0.393446 0.548842 0.201525 -0.167773 0.209619 -0.304427 -0.224190 0.301836 -0.100966 0.067528 -0.037107 -0.290697 -0.295237 
-0.164893 0.264056 0.057550 -0.463405 0.023905 0.012395 -0.046835 -0.300257 0.622422 -0.232700 0.618856 -0.281155 0.178175 0.784670 0.173198 1.023105 -0.149554 0.112386 -0.245296 0.651103 -0.166589 -0.221238 0.164087 0.434099 -0.309506 -0.002213 0.232574 0.732536 0.544712 0.166585 0.306209 0.306916 0.457414 -0.247302 -0.096252 0.413539 0.223869 -0.204875 -0.118900 0.275109 -0.163405 0.227865 0.013978 0.029152 0.212707 0.124951 -0.046418 -0.515026 
0.049447 0.244033 0.003210 -0.424977 0.004997 -0.046792 0.218504 -0.213295 0.098751 -0.557293 0.807158 -0.592338 0.123238 1.012897 0.125792 0.358425 -0.371832 -0.339377 -0.048240 0.493722 -0.206278 -0.119456 0.166988 0.277906 -0.848746 0.088830 0.197706 0.285876 0.518291 0.115121 0.487254 0.002606 0.227650 -0.355414 0.001946 0.320800 0.060230 -0.433734 0.139940 0.016607 -0.031713 0.163174 0.007632 0.083430 0.382476 -0.043111 -0.014775 -0.609449 
0.239595 -0.018334 -0.008997 -0.287441 -0.287006 -0.136247 -0.161740 -0.427481 -0.758008 -0.572226 0.495209 -0.330909 -0.043819 0.623017 -0.059127 -0.589785 -0.295350 -0.445116 -0.146889 0.747584 0.145909 -0.064162 0.168521 0.290881 -0.930020 0.073974 -0.489416 -0.098678 0.259254 0.200161 0.123203 -0.264029 -0.410964 -0.101906 0.106361 -0.057200 0.083812 -0.218779 0.579978 0.208356 0.023910 -0.006696 0.073118 -0.024441 0.191732 0.003793 0.009904 -0.441678 
0.418272 -0.484280 0.289419 0.184369 -0.307757 -0.097419 -0.289954 -0.526016 -1.233008 -0.166030 0.176394 -0.226680 -0.227348 -0.058942 -0.412241 -0.708594 -0.510296 -0.521516 0.160562 0.788927 0.198543 -0.063806 0.089482 0.038018 -0.420065 -0.038998 -0.858714 -0.538118 -0.299656 -0.006790 0.234993 -0.212971 -0.821159 0.061683 -0.110916 -0.403183 -0.029256 -0.279654 0.658951 0.026324 0.244408 -0.034336 0.174916 -0.133604 0.264489 -0.243536 0.038938 -0.222587 
0.238569 -0.359067 -0.072825 -0.002296 -0.289055 -0.109465 -0.163376 0.113427 -0.543643 0.281962 -0.168209 -0.129212 -0.303136 -0.484258 -0.496427 -0.361124 -0.418352 -0.209091 0.002247 0.758773 0.244028 0.243823 -0.061311 0.064665 -0.250871 0.253954 -0.728918 -0.460121 -0.333699 -0.058486 0.215030 -0.240691 -0.458170 0.115893 0.262176 -0.457359 -0.329861 -0.214811 0.198897 0.184066 0.096811 0.073357 0.117477 -0.195199 0.258909 -0.233906 0.374981 -0.013313 
0.125796 -0.597919 -0.371309 0.060732 -0.212022 -0.030825 0.106257 0.773441 0.540219 0.560587 -0.515262 0.155549 -0.153091 -0.494236 -0.043880 0.013547 -0.202308 0.046581 0.097307 0.699358 0.199281 0.306006 -0.102996 -0.259681 -0.086691 0.297861 -0.350815 -0.050481 -0.116028 -0.272513 0.244807 -0.076468 -0.122758 0.098875 0.183029 -0.580784 -0.234036 -0.253399 -0.551433 0.498515 -0.095864 0.167554 -0.059314 -0.134444 0.188192 -0.245035 0.314600 0.042299 
0.002372 -0.475298 -0.235250 -0.074940 0.138616 0.216652 -0.068713 0.916933 0.762361 0.318000 -0.707207 0.507467 -0.220240 -0.369502 -0.034531 0.325859 -0.298829 0.320111 0.345206 0.410358 0.370658 0.386864 -0.250297 -0.457348 0.346279 0.407589 0.064503 0.125788 -0.017245 -0.096643 0.441380 -0.320237 0.079276 0.216075 0.334024 -0.479899 -0.039533 -0.074139 -0.978038 0.439297 -0.237134 -0.015270 0.010155 -0.123573 -0.006470 -0.195658 0.366465 0.038573 
0.312666 -0.221363 -0.178046 -0.278867 0.602438 0.175387 -0.012205 0.624167 0.528370 -0.154665 -0.535001 0.685633 -0.007209 -0.259827 -0.001744 0.055290 -0.183580 0.505510 0.623141 0.409505 0.404584 0.521847 -0.211306 -0.265916 0.552936 0.556037 0.012413 0.343627 -0.155160 0.225267 0.220925 -0.095750 0.172121 0.038926 0.074726 -0.121295 -0.217165 0.043706 -0.563124 -0.321230 -0.497747 -0.024718 0.138302 -0.151355 0.026533 0.218964 0.322106 0.679057 
0.114855 0.189654 -0.123346 -0.255574 1.070155 0.114488 -0.067798 0.177696 0.201674 -0.392848 -0.282897 0.503153 -0.167942 0.164011 0.048024 -0.335698 -0.023151 0.137457 0.729967 -0.005524 0.162296 0.282099 0.074726 -0.146151 0.919976 0.353368 0.266411 0.382415 -0.360404 0.312353 0.283159 0.065116 -0.318439 -0.330612 -0.022911 0.407130 -0.043591 0.428519 0.422843 -0.746468 -0.751549 0.211387 0.482266 -0.356924 0.130434 0.033920 0.140202 0.699293 
-0.554482 0.105896 -0.041681 -0.277985 0.897363 0.358783 0.246703 -0.268276 -0.002410 -0.520686 0.159006 0.429599 -0.108528 0.045466 0.069073 -0.216039 0.315934 -0.181983 0.426760 0.142725 -0.538788 -0.157302 -0.038930 -0.271853 0.881228 0.077649 0.348657 0.317532 -0.146933 0.222417 -0.021090 -0.101593 -0.151626 -0.460698 -0.093393 0.441891 -0.023610 0.769986 0.227241 -0.931014 -0.418680 0.261760 0.220572 -0.334827 0.072211 0.112695 0.282353 0.502318 
-0.646947 -0.225730 0.412321 0.138142 0.382296 0.011455 0.158201 -0.413901 -0.165334 -0.619918 0.720311 0.246714 -0.063701 0.066193 -0.035379 -0.130694 0.542731 -0.105964 -0.144151 0.031809 -0.558300 -0.931062 0.203402 -0.313596 0.606003 -0.402225 0.234937 -0.302150 0.314716 0.080535 -0.168872 0.073697 0.422158 -0.000194 -0.576904 0.273279 0.306669 0.845746 0.315017 -1.032755 0.403398 0.130166 0.001282 -0.083882 -0.164269 0.017109 0.615171 0.118304 
-0.577105 -0.472092 0.897754 0.536470 -0.317280 0.113188 -0.105706 -0.380401 -0.184721 -0.501531 0.646648 0.134434 -0.462266 0.105959 0.000990 -0.063619 0.661610 -0.075982 -0.337115 0.004791 -0.197745 -1.233379 -0.004764 -0.465187 0.396031 -0.680892 -0.362777 -0.316845 0.385360 0.545811 -0.666983 -0.027597 0.508883 0.443287 -0.158268 0.120787 0.447384 0.392747 0.638018 -0.973356 0.611813 0.013461 -0.100446 0.066926 -0.495491 -0.239308 0.904993 -0.583329 
-0.141424 -0.249244 0.622347 0.548484 -0.774119 0.100917 -0.071475 -0.324406 0.174727 -0.230682 0.330133 0.271382 -0.380768 0.198818 -0.155074 -0.004460 0.292605 -0.301710 -0.639827 -0.097497 0.044092 -1.240534 0.027541 -0.629709 0.062755 -0.608977 -0.296035 -0.459773 0.379016 0.673534 -0.402498 0.077156 0.338715 0.528565 0.069647 -0.078196 0.034877 -0.208003 0.682394 -0.247841 0.751357 0.191821 -0.242765 -0.108512 -0.523208 -0.158494 1.142268 -1.003379 
-0.175286 -0.356363 0.327547 0.213163 -0.803473 0.314770 0.273547 -0.353008 0.575662 0.021277 0.026228 0.237767 -0.026379 0.099832 0.026712 0.023296 0.316307 -0.220666 -0.907564 -0.084186 -0.262780 -0.737288 0.244131 -0.764615 -0.418165 -0.554291 -0.236081 -0.177645 0.521986 0.275807 0.133320 0.229362 -0.154380 0.172996 0.209982 -0.041911 -0.269758 -0.763897 -0.015594 0.325648 0.933672 0.309080 -0.418687 -0.299602 -0.527547 0.161744 0.681319 -0.438102 
0.035147 -0.355930 -0.008091 0.222099 -0.624192 -0.063188 0.544577 -0.026751 0.739285 -0.058629 -0.076722 0.146869 0.015066 -0.127544 0.403667 0.193077 0.241220 -0.252118 -0.572738 -0.096564 -0.353295 -0.159382 0.478128 -0.748545 -0.616922 -0.130170 -0.044850 0.000490 0.630921 -0.061812 0.486543 0.285432 -0.353226 0.074671 -0.056522 0.095501 -0.562283 -0.653679 -0.296004 0.640682 0.817745 0.081045 -0.420664 -0.352173 -0.157970 0.309016 0.076049 0.152976 
0.206876 -0.215824 0.026168 0.118997 -0.581864 0.025409 0.823944 -0.149117 0.843842 -0.110322 -0.323380 0.066560 0.280773 -0.102649 0.468238 0.489683 -0.104898 0.081398 -0.388787 -0.129254 0.041182 0.427577 0.366576 -0.306851 -0.994381 0.032890 -0.180872 0.326883 0.615471 -0.395765 0.720200 -0.082277 -0.277323 -0.141345 -0.110001 0.033767 -0.751095 -0.835161 -0.361963 0.421314 0.538788 0.051017 -0.420230 -0.313212 0.341426 0.505844 -0.044980 0.439984 
0.076990 -0.388942 -0.496096 0.283422 -0.357156 0.161656 0.645834 -0.001873 1.007223 -0.069514 -0.448530 -0.109191 0.141412 0.157914 0.561324 0.114208 -0.321084 -0.197685 -0.119414 -0.040719 0.107928 0.802887 0.081444 -0.101733 -0.914747 0.355478 0.119910 0.457890 0.444438 -0.503734 0.634231 -0.053078 -0.138226 -0.500688 -0.043949 -0.254881 -0.940789 -0.492240 -0.327789 0.307706 0.355700 -0.114153 -0.034808 -0.144839 0.678301 0.675814 -0.078170 0.840197 
0.332909 -0.426009 -0.674563 0.001185 -0.071934 0.026574 0.463652 -0.108203 0.860793 0.147572 -0.290639 -0.380870 0.201280 0.230966 0.091715 0.234851 -0.488694 0.095820 0.157694 -0.376423 0.525064 0.935837 -0.114308 0.046964 -0.534792 0.465376 0.132949 0.480951 0.101857 -0.417183 0.688302 -0.306242 -0.351960 -0.350520 -0.156248 -0.544732 -0.905221 -0.416178 -0.176600 0.221036 0.081830 -0.055835 0.378484 0.148805 0.835291 0.700367 -0.184109 0.790152 
-0.036775 -0.325484 -0.888113 -0.323025 0.020358 0.008167 0.445369 -0.107038 0.706058 -0.208629 -0.198535 0.040704 -0.187528 0.112416 0.282274 0.317356 -0.700491 -0.091582 0.082452 -0.605179 0.485629 0.825265 -0.460719 0.069906 -0.255482 0.218105 0.527658 0.293362 0.010406 -0.279617 0.601824 -0.465183 -0.353112 -0.436433 -0.340828 -0.559765 -0.471543 -0.222141 0.149620 -0.020250 -0.059480 0.068878 0.350733 0.562473 0.860717 0.698649 -0.161897 0.766584 
0.110404 -0.344611 -1.050700 -0.185058 0.064299 0.272255 0.373941 0.006528 0.134360 -0.007548 -0.195414 0.061636 -0.295193 0.180658 0.129195 0.254210 -0.575343 0.036901 -0.129992 -0.490415 0.243652 0.774150 -0.774446 0.001598 0.032836 0.005923 0.630838 0.207507 -0.001615 -0.072851 0.453999 -0.559286 -0.069617 -0.075324 -0.109712 -0.640614 -0.026229 -0.024286 0.599802 -0.331811 0.095364 0.142832 0.616315 0.546900 0.689643 0.337784 -0.118360 0.743885 
-0.265016 0.021878 -1.078825 -0.440415 0.250099 0.062315 0.361699 0.270285 -0.163070 -0.102256 0.089253 0.008937 -0.068237 0.194673 0.283071 0.231591 -0.503603 -0.142816 -0.077519 -0.208933 0.271380 0.363341 -0.627780 -0.134791 0.137788 -0.200377 0.518205 0.215798 -0.284129 -0.098412 0.301783 -0.357651 -0.000542 0.072711 0.026193 -0.744665 -0.186261 0.190431 0.720326 -0.205908 -0.080206 -0.007554 0.334818 0.456193 0.153709 0.053158 -0.052311 0.622183 
-0.301324 0.202585 -0.660192 -0.480392 0.280190 0.179488 -0.006887 0.268017 -0.407100 -0.255823 0.169162 0.109519 -0.255701 0.233055 0.017589 -0.084111 -0.548962 -0.180612 -0.189588 -0.184482 0.266382 0.240137 -0.580470 -0.276526 0.064421 -0.360656 0.443505 0.096825 -0.259914 0.113713 0.084618 -0.217484 -0.016573 0.165595 0.286933 -0.599845 -0.227724 0.166123 0.922162 -0.475724 -0.155063 0.167819 0.357222 0.094913 -0.041849 -0.611592 -0.159659 0.563690 
-0.497935 0.404475 -0.179563 -0.336502 0.345931 0.308312 -0.025777 0.184335 -0.491520 -0.342628 0.068891 0.103879 -0.136341 0.186875 -0.036415 -0.249972 -0.119760 -0.077885 -0.235723 -0.099472 0.205171 -0.075819 -0.438027 -0.367066 0.124960 -0.598228 0.249919 0.015293 -0.088447 0.343274 -0.111194 -0.119645 0.100738 0.294216 0.378646 -0.649873 0.095701 0.017718 1.227747 -0.376775 -0.030380 0.279711 0.360485 -0.088362 -0.107821 -0.844301 -0.326999 0.179666 
-0.310346 0.520903 -0.045060 -0.683102 0.312219 0.176449 -0.368496 -0.028900 -0.641799 -0.369605 -0.131598 0.380300 0.083447 0.172896 0.063295 -0.326484 -0.081577 0.061874 -0.217556 -0.014559 0.059645 0.094837 -0.324989 -0.420603 0.277146 -0.699822 0.318576 0.107455 -0.055957 0.315170 -0.209419 -0.212869 0.077573 0.017028 0.320926 -0.780604 0.027615 0.087626 0.867464 -0.188225 -0.134925 -0.028198 0.251300 0.028199 -0.207995 -0.652889 -0.234431 0.358903 
-0.306893 0.509847 0.353473 -0.507301 0.340176 0.319442 -0.557939 0.334773 -0.649495 0.093457 -0.065783 0.270517 -0.098690 0.206792 0.063730 -0.065784 0.005450 -0.071345 -0.446733 -0.012754 0.089983 -0.090458 -0.049395 -0.354062 0.361543 -0.576511 0.423208 0.079512 -0.113817 0.166507 -0.101889 -0.200750 0.272782 0.248826 -0.061645 -0.588717 0.144830 0.012895 0.623437 -0.002139 -0.241476 -0.094842 0.000653 -0.205296 -0.156010 -0.334105 -0.391506 -0.113757 
-0.317161 0.495694 0.573790 -0.588606 0.226762 0.266895 -0.574867 0.184565 -0.500697 0.208406 -0.090105 0.385037 0.093799 0.273429 -0.210543 -0.375312 0.087216 -0.021865 -0.369204 -0.018242 0.010003 -0.066351 0.002840 -0.054353 0.085775 -0.695739 0.269888 -0.042359 -0.051594 0.151461 -0.245763 -0.149436 0.365461 0.309513 0.050049 -0.297418 0.062905 0.137414 0.566864 0.199855 -0.319894 0.102436 -0.064972 0.072260 -0.212354 -0.473826 -0.268368 -0.169464 
-0.262477 0.195835 0.949171 -0.708540 0.044952 0.303629 -0.551595 0.219251 -0.523088 0.259733 0.050233 0.177479 0.191095 0.236065 -0.424883 -0.356187 0.233931 -0.032941 -0.188244 0.113545 0.092105 0.178791 0.161866 -0.045162 0.334296 -0.449025 0.292668 -0.145477 0.035479 -0.051758 0.019618 -0.315502 0.163714 0.383517 -0.089364 -0.155978 0.115533 0.003452 0.216277 0.179998 -0.218349 -0.003696 -0.284380 -0.119482 -0.126445 -0.406611 -0.076121 -0.441544 
-0.136100 0.147382 1.054870 -0.469375 -0.011341 0.208910 -0.694736 0.240451 -0.605175 0.322179 0.168734 0.186480 0.255822 -0.135975 -0.531178 -0.275381 0.301846 0.264643 -0.135340 -0.088830 0.375396 0.165205 0.327243 -0.079652 0.165458 -0.299296 0.294993 -0.292487 -0.110614 -0.077729 -0.128037 -0.186772 -0.005850 0.179957 -0.070171 0.023106 -0.142886 0.058255 0.295523 0.179939 -0.233614 -0.077646 -0.446478 -0.153689 -0.413885 -0.390102 -0.126308 -0.518342 
-0.078769 -0.089223 0.826006 -0.487336 -0.098038 0.261851 -0.624021 0.240792 -0.444974 0.421228 0.050190 0.148973 0.264488 0.185238 -0.335316 -0.092449 0.323963 -0.078690 0.015202 0.234575 0.324979 0.139821 0.569430 0.250601 0.329292 -0.148956 0.221864 -0.242758 -0.099141 -0.000668 -0.039359 -0.277025 -0.046934 0.145940 0.064593 -0.008849 -0.262303 0.117101 0.291782 0.151311 -0.093314 -0.150559 -0.420092 -0.399418 -0.065556 -0.147999 -0.041793 -0.842021 
-0.031935 0.040695 0.868821 -0.510659 -0.049121 0.180807 -0.533124 0.114496 -0.368343 0.281529 -0.102972 -0.058142 0.191552 0.145019 -0.141911 -0.341415 0.488926 -0.040727 0.095571 -0.188782 0.296178 0.165949 0.450340 0.311820 0.190158 -0.021666 0.102481 -0.173711 -0.126804 -0.317079 0.088034 0.020173 -0.144306 0.049596 -0.134696 -0.013404 -0.164383 -0.058842 0.271281 0.292821 -0.126290 0.177934 -0.274879 -0.308109 -0.130456 -0.312057 0.049475 -0.549076 
0.121501 -0.037381 0.714941 -0.582714 -0.350924 0.091873 -0.193392 0.359861 -0.228511 0.325637 0.039040 0.023172 0.099942 -0.029896 -0.251924 -0.310739 0.189242 -0.234255 0.224354 -0.198690 0.434316 0.232024 0.169764 0.323830 0.173939 0.028348 -0.077326 -0.112368 -0.313301 -0.041844 0.336257 0.272764 -0.132475 0.103214 -0.035023 -0.208505 0.002535 -0.138411 0.421506 -0.069351 0.057560 0.093776 -0.345554 -0.366285 -0.245176 -0.186361 -0.031907 -0.237198 
0.154956 -0.332822 0.615637 -0.264026 -0.224886 0.182488 -0.278374 0.341112 0.024956 0.470519 -0.039002 -0.208504 0.032129 -0.087919 -0.238803 -0.174446 0.087795 -0.023035 0.160600 -0.282747 0.368275 0.379512 -0.001062 0.165195 0.159827 0.066878 -0.202725 0.076534 -0.260611 -0.238089 0.153312 0.245848 0.048289 0.092224 -0.189528 -0.126894 0.175572 -0.010147 0.304565 0.088946 0.063098 0.123810 -0.094331 -0.353143 -0.044697 -0.264320 -0.132463 -0.124809 
-0.035600 -0.267388 -0.022075 -0.056770 -0.200241 0.031396 -0.174075 0.181780 0.027243 0.279168 -0.028188 0.147956 -0.194364 -0.039783 -0.130430 -0.017782 -0.141500 0.142030 0.245624 -0.339817 0.160458 0.274760 -0.145488 0.242882 0.363863 -0.052913 -0.077330 -0.075726 -0.224158 0.014021 0.010109 0.366058 0.050930 0.171418 -0.066854 -0.117004 -0.029807 -0.124407 0.337261 -0.075323 -0.068800 0.285109 0.088473 -0.271331 -0.169723 -0.193449 0.099355 -0.046748 
-0.163213 -0.124086 0.140459 0.153815 -0.261747 0.071512 -0.028588 0.273499 -0.219303 0.152081 -0.013273 0.066796 -0.386148 -0.090156 -0.237303 0.113600 -0.264411 0.049021 0.136179 -0.258294 0.151642 0.526102 -0.245219 0.170115 0.101511 0.226111 0.023385 -0.156246 -0.346935 -0.091522 0.087796 0.500257 -0.003484 0.247143 0.279779 -0.208814 0.304098 0.032620 0.298579 -0.186216 0.137549 0.376241 0.104034 0.028353 -0.056307 -0.261753 0.299777 0.048166 
0.064121 -0.210049 0.062313 0.298908 -0.263746 -0.056238 -0.157691 0.329466 0.039596 0.215825 -0.210284 0.083317 -0.579226 -0.361450 0.010580 -0.205197 -0.097038 0.172661 0.341381 -0.106321 0.246581 0.259003 -0.285823 0.067026 0.340554 0.116636 -0.119610 -0.190993 -0.369095 -0.095499 -0.120362 0.354108 0.125322 0.516466 0.096012 -0.367690 0.114397 -0.031715 0.241871 -0.062808 0.183464 0.359235 0.433936 0.116445 -0.094379 -0.217760 0.236586 -0.062631 
0.033160 -0.086375 0.179321 0.243561 -0.143181 -0.048098 0.042362 0.441819 -0.290150 0.121243 -0.222447 -0.264445 -0.420109 -0.235679 -0.099570 -0.104983 -0.287314 0.069174 0.104557 0.107509 0.215618 0.073338 -0.080566 0.082176 0.179536 0.305398 -0.186082 -0.066414 -0.089281 -0.107767 -0.195592 0.297558 0.302920 0.487632 0.083315 -0.179367 0.042677 -0.004400 0.076836 0.059779 0.103646 0.286640 0.303276 0.129641 0.125549 -0.361868 0.231118 0.013099 
-0.179636 -0.221039 0.022724 0.227785 -0.191075 -0.352884 0.009603 0.403016 -0.195286 -0.059883 -0.053947 -0.243986 -0.331076 -0.317000 0.165586 -0.270260 -0.233216 -0.054493 0.118617 -0.103236 0.125578 0.186474 -0.191802 0.296584 0.014554 0.281004 0.252352 -0.090974 -0.346124 -0.076854 -0.237237 0.249610 0.471847 0.637478 -0.163025 -0.057853 0.364689 0.121902 -0.050838 0.114749 0.393675 0.010537 0.224301 0.057807 0.122579 -0.190666 0.029748 -0.092939 
0.023373 -0.116887 -0.141992 0.064051 -0.224721 -0.136167 -0.145045 0.375610 -0.018143 -0.034194 -0.097963 -0.276579 -0.062983 -0.238252 0.032706 -0.349347 -0.201333 -0.181308 0.183837 -0.095166 0.020617 -0.125409 0.012900 0.218033 -0.265076 0.315927 0.262543 -0.101691 -0.306185 0.025442 -0.156878 0.276588 0.283077 0.598054 -0.129271 -0.155541 0.109864 0.083417 0.058312 0.140538 0.397285 -0.224249 0.335218 0.150097 -0.022354 -0.230712 0.228157 -0.067732 
0.259403 -0.029356 -0.225921 0.326921 -0.266398 -0.345417 0.035513 0.427541 0.289333 -0.227517 -0.082246 -0.062472 -0.183421 -0.158617 0.025643 -0.154569 -0.005627 -0.137117 0.113677 -0.135595 0.064224 -0.203605 -0.008688 -0.000240 -0.195141 0.297948 0.203246 -0.065930 0.024004 0.033698 -0.013431 0.397803 0.615739 0.589585 0.028928 0.361385 0.095375 -0.091110 -0.064215 -0.001706 0.121379 -0.107042 0.034909 0.116593 0.093513 -0.221704 0.268184 -0.314107 
0.014053 0.051025 -0.397772 0.031277 -0.051038 -0.240291 -0.033889 0.225900 0.237757 -0.315831 0.093700 -0.227122 -0.119546 -0.327594 0.172160 0.101140 -0.155899 -0.013298 0.081590 0.159470 0.083081 -0.046351 0.076383 0.098801 0.018473 0.222924 0.234090 0.051597 0.012488 0.008733 0.219370 0.153517 0.386869 0.555203 0.158455 0.508521 0.164803 -0.032650 -0.285129 -0.041599 0.147055 -0.182724 0.164164 0.112439 0.069870 -0.059866 0.297827 -0.377032 
0.267843 -0.008081 -0.184012 0.369399 -0.061087 -0.357681 -0.021027 0.265605 0.339550 -0.255148 -0.161304 0.011629 0.064639 -0.298253 0.025461 0.081910 -0.205498 0.148702 -0.139067 0.084470 0.004961 -0.052153 -0.028544 0.017781 -0.009823 0.189365 0.282119 0.112230 -0.119075 -0.101477 -0.131760 0.185380 0.411045 0.731517 0.101400 0.594889 0.206893 -0.055647 -0.346524 0.055436 0.011831 -0.081547 0.135712 0.111202 0.017421 -0.013746 0.153721 -0.607699 
0.064323 -0.092173 -0.225203 0.402230 0.006572 -0.252913 -0.462341 -0.010952 0.565039 -0.280203 -0.064097 0.060034 0.123123 -0.266850 -0.088608 0.017597 -0.271772 0.044411 -0.142487 -0.043311 -0.097399 -0.052136 -0.003074 0.030625 0.107543 0.310169 -0.118880 0.309120 0.017966 0.013661 -0.088103 -0.057897 0.204094 0.656524 0.085653 0.715594 0.353182 0.133651 -0.348761 0.219498 0.047425 -0.402934 0.111501 0.199314 -0.143760 0.229599 0.053164 -0.607793 
0.145292 0.037212 -0.086246 0.410014 -0.021994 -0.162886 -0.504156 0.149220 0.593882 -0.496328 -0.238778 -0.250260 0.117237 -0.222457 -0.094627 -0.222757 -0.202727 0.228672 -0.221660 -0.047777 0.088872 0.173784 0.042639 -0.158845 0.269039 -0.144560 -0.047578 -0.009640 -0.047005 -0.060516 -0.100529 -0.053397 0.115744 0.475447 -0.086626 0.729965 0.162365 -0.166257 -0.694182 0.293118 0.095957 -0.383129 0.086236 0.210384 0.258360 0.314291 0.292917 -0.590612 
0.408499 -0.254395 -0.220728 0.368434 0.110245 -0.144072 -0.544048 -0.111007 0.409618 -0.415764 -0.214997 -0.055598 0.098286 -0.163220 -0.086976 -0.094413 -0.098514 0.076834 -0.140371 0.181928 0.295416 -0.068751 -0.062931 0.073800 0.292415 -0.044593 -0.088626 0.139434 -0.052964 -0.175133 0.178334 -0.039773 0.416726 0.515768 0.155710 0.570840 0.028763 0.032994 -0.360054 0.010359 0.114794 -0.196778 -0.006691 -0.083368 0.047245 0.273893 0.304227 -0.410317 
0.292803 -0.240922 -0.200781 0.488317 -0.008487 -0.198422 -0.575388 0.043240 0.452374 -0.640326 -0.171222 -0.170283 0.047621 -0.062746 -0.177404 -0.119644 -0.246100 -0.016546 -0.111810 0.154500 0.038173 0.099115 -0.266816 0.001547 0.189436 0.056750 -0.090741 0.181727 -0.222579 0.053802 0.109291 0.033386 0.214047 0.460652 0.041935 0.469720 0.219902 -0.062261 -0.273076 -0.075223 0.149641 -0.055475 -0.154230 0.341272 0.108642 0.307092 0.422175 -0.356339 
0.372790 -0.257834 -0.281594 0.459047 0.135280 -0.016933 -0.455122 -0.105349 0.334685 -0.721993 -0.032511 -0.169499 0.022946 -0.091331 -0.095591 -0.030973 -0.291099 0.085792 -0.297866 0.052676 0.048775 0.044551 -0.283308 0.018838 0.245531 0.093578 -0.005500 0.178575 -0.111031 0.087721 -0.037186 -0.116943 0.256821 0.336974 0.013521 0.577942 0.028044 -0.011004 -0.312000 -0.107871 0.150102 -0.168840 -0.057626 0.185539 -0.018860 0.181165 0.065019 -0.337302 
0.398750 -0.227939 -0.090726 0.307022 0.021217 -0.115667 -0.318271 -0.221022 0.147016 -0.616643 -0.026350 0.071337 0.184911 -0.028330 -0.030025 0.125685 -0.201756 0.105864 -0.300501 -0.103009 -0.039554 0.131955 0.049531 0.018318 0.220889 0.012281 0.100787 0.266653 -0.147025 0.020626 -0.266092 0.010026 0.271475 0.194702 -0.264619 0.318102 0.181227 -0.146563 -0.142087 0.148409 0.062589 -0.154695 0.031138 0.106229 -0.115563 0.052538 0.051894 -0.249648 
0.092580 -0.312254 -0.231369 0.209426 0.187512 0.087894 -0.372060 -0.160578 0.044007 -0.443030 -0.085523 -0.091911 0.209856 -0.117339 -0.038487 0.030027 0.029818 0.169286 -0.219100 0.057097 -0.099238 0.133644 -0.251158 0.061907 0.028133 0.367525 0.051547 0.190706 -0.123569 0.135277 -0.121211 0.109160 0.203739 -0.011672 -0.007790 0.271723 0.225137 -0.166073 -0.122128 0.218945 0.348078 -0.264729 0.058417 0.256016 -0.063031 0.060556 0.179143 0.030023 
0.358450 -0.168681 -0.102614 0.385872 0.224358 -0.073931 -0.189087 -0.281915 0.184895 -0.338029 0.126791 -0.138600 -0.045354 -0.152001 -0.009126 0.180485 0.043419 0.147657 0.036873 0.089223 -0.210088 0.198350 -0.328680 -0.080836 0.012486 0.166924 -0.121528 0.223052 -0.121134 0.005835 -0.001975 0.140666 -0.135260 -0.169790 -0.051130 0.149503 0.428150 -0.174572 -0.259661 0.159757 0.361828 -0.268208 0.077881 0.207224 0.068787 0.210462 0.079741 -0.285534 
0.358839 -0.240798 -0.023066 0.422470 0.055503 -0.087354 0.004976 -0.405963 0.076001 -0.119766 0.051650 -0.271406 -0.073352 -0.300694 -0.039731 0.373461 -0.241567 0.019175 0.136115 -0.078407 0.051399 0.024742 -0.180234 0.200507 -0.122572 0.303409 0.029094 0.216430 -0.127906 -0.035450 -0.025133 0.035832 -0.021929 -0.291489 0.128683 0.202304 0.164347 0.214676 -0.073947 0.065075 0.429673 -0.158603 -0.009932 0.177685 0.074718 0.136925 0.192900 -0.149707 
0.283427 -0.222771 0.112680 0.386458 0.178388 -0.247592 -0.284142 -0.337588 -0.031664 0.029552 0.304155 -0.183427 0.098689 -0.128855 0.046547 0.118727 0.048385 -0.049838 -0.032735 0.049420 -0.313270 0.122284 -0.470506 0.400497 0.164424 0.428478 -0.275133 0.364454 0.169193 -0.005547 -0.089032 0.152487 -0.080277 -0.070034 0.006201 -0.021083 0.339948 0.031804 -0.084459 0.108763 0.481341 -0.151225 0.224286 0.096138 0.208357 0.387068 -0.059955 0.037737 
0.322768 -0.139427 -0.097103 0.385680 0.174762 -0.313359 -0.190631 -0.247674 0.189587 -0.128542 0.035291 -0.086860 0.151805 -0.037642 -0.042547 0.167924 -0.041382 -0.158332 -0.227045 -0.058788 -0.373212 -0.030214 -0.197716 0.085927 0.088303 0.390443 -0.215304 0.430486 0.000621 0.069783 -0.091889 0.131972 0.014261 -0.272514 0.100393 -0.156599 0.237011 0.224212 -0.263128 0.090192 0.580455 -0.092356 0.064398 -0.015542 0.241684 0.136631 0.040022 -0.180569 
0.408613 0.049211 0.084138 0.410645 0.283543 -0.118557 -0.001436 -0.046859 0.107248 -0.078519 -0.087908 0.115639 0.014328 -0.038113 -0.048890 0.336548 0.028121 -0.114418 -0.236241 0.070089 -0.047493 -0.078362 -0.068450 0.034379 0.202782 0.478046 -0.424525 0.276589 -0.052130 0.091724 -0.282034 -0.010736 -0.166530 -0.400731 -0.164532 -0.143546 0.248233 0.293424 0.033313 -0.115407 0.375018 -0.074323 -0.020920 0.010035 0.328528 -0.010292 0.033736 0.177052 
0.396002 0.172796 -0.073629 0.242592 -0.008872 -0.119706 0.011696 -0.157359 0.148919 0.074756 -0.127084 0.251351 -0.001183 -0.010049 0.053029 0.158773 -0.073717 0.159688 0.170168 0.157222 -0.232049 -0.104264 -0.260379 0.023080 0.120083 0.249538 -0.323683 0.083260 0.046461 0.122212 -0.282129 -0.092654 -0.238524 -0.271978 -0.124372 -0.162365 0.062276 0.128261 -0.094377 0.212924 0.386797 -0.086823 0.061226 -0.068047 0.423953 0.235138 0.287941 -0.034555 
0.165339 -0.013570 -0.137078 0.222131 -0.009348 0.187685 0.040059 -0.350293 0.113598 0.122051 -0.169368 0.184443 0.157004 0.060660 0.079365 0.070990 0.053929 0.081414 0.014542 -0.120730 -0.171706 -0.180602 -0.005868 0.016646 0.028128 0.390006 -0.244352 0.187190 0.022607 0.024284 -0.229149 0.060671 -0.005741 -0.156240 -0.276283 -0.012696 -0.010380 -0.075348 -0.183892 0.073472 0.253706 -0.052901 0.053650 0.045433 0.343860 0.314337 -0.084862 0.228174 
0.000425 0.065407 -0.133167 -0.014596 0.253625 -0.059579 -0.069928 -0.367881 -0.023614 0.047455 -0.014307 0.181677 -0.002563 -0.014168 -0.119358 0.142560 -0.109951 0.284334 -0.157883 -0.045312 -0.096309 -0.199954 0.064277 -0.039169 0.008286 0.160201 -0.070320 -0.016267 -0.045042 -0.120507 0.062485 -0.079187 0.021587 -0.369057 -0.027666 -0.347145 0.024181 0.149594 -0.237412 0.091809 0.481577 -0.426744 -0.130385 0.084299 0.361249 0.353537 0.008018 0.270240 
0.226691 0.074635 -0.110298 -0.035560 0.171519 -0.001594 -0.147816 -0.343763 0.000016 0.266495 0.171479 0.154476 -0.046928 -0.042315 -0.005593 0.065603 0.065177 0.058957 -0.028420 0.071649 -0.178614 -0.273343 -0.217151 0.052908 -0.047378 0.040284 -0.086155 0.062052 -0.145409 0.246434 0.004300 0.053842 0.095840 -0.231686 -0.159035 -0.208163 -0.181203 0.182943 -0.116255 -0.217699 0.426305 -0.272788 -0.065533 0.011350 0.452808 0.234687 -0.246446 0.184799 
0.213642 -0.034582 -0.131154 -0.083826 0.126877 -0.147172 -0.123825 -0.235352 0.124596 0.260863 0.022236 0.117119 0.052172 0.029601 -0.011557 0.095235 -0.119195 0.003387 -0.120541 0.126418 -0.241307 -0.116066 0.158099 0.105156 -0.249272 0.090512 -0.065426 0.101264 -0.228714 0.121394 0.029844 -0.132708 0.230451 -0.304776 -0.051039 -0.111259 -0.151731 0.206718 -0.306523 -0.091440 0.319086 -0.186288 -0.033343 -0.060767 0.383951 0.273700 -0.006500 0.182420 
0.035435 -0.068324 -0.309604 0.040643 0.137452 0.198861 -0.153494 0.048290 0.089232 0.440916 0.011948 -0.044265 -0.132257 0.093920 0.127223 -0.008906 -0.014431 0.104847 -0.077361 0.110362 -0.196540 -0.023486 0.084159 -0.152241 -0.146890 -0.032410 -0.074443 0.120576 -0.236013 0.119816 -0.036879 -0.148514 0.127303 -0.464163 -0.090603 -0.255677 0.004386 0.360723 -0.387765 0.009270 0.411393 -0.273197 -0.049152 -0.173863 0.467928 0.001507 -0.066711 0.024298 
0.029039 0.112686 -0.122097 0.032985 0.244430 0.056138 0.077732 0.122894 0.182597 0.311854 0.270585 0.069634 0.080717 -0.096195 0.143374 0.049053 0.036501 0.218794 -0.024479 0.004016 -0.036427 -0.221156 0.048480 -0.074701 -0.000796 0.088006 -0.023161 0.083388 -0.084115 0.058920 -0.152557 -0.154704 0.010591 -0.360640 -0.061502 -0.088218 0.015140 0.366651 -0.101233 0.080365 0.237814 -0.347480 -0.023986 -0.072680 0.461819 0.273990 0.038646 0.045351 
0.166781 0.035389 0.030612 -0.059696 -0.078172 -0.045662 0.082174 -0.154519 -0.089523 0.320337 0.137704 0.028366 0.001995 -0.064154 0.281672 0.011193 -0.004140 0.163427 0.241084 -0.053176 -0.082359 -0.050493 0.163615 0.125317 0.065581 0.365806 -0.262498 -0.038539 0.092718 0.185144 0.093792 -0.148046 0.013568 -0.374570 0.039571 -0.008596 0.036442 0.261246 -0.062770 -0.071526 0.095952 -0.285723 0.037068 -0.050717 0.495331 0.319182 0.020042 0.234392 
0.124520 0.054665 -0.084268 -0.053933 -0.124458 0.143951 -0.131157 -0.317918 0.038348 0.227163 0.089017 0.137480 -0.044902 -0.171759 0.044423 0.046598 -0.022966 0.144529 0.178408 0.007116 -0.040907 -0.152868 -0.065346 -0.027200 0.179060 0.282822 -0.194764 -0.052489 0.031567 0.088390 -0.132308 -0.157385 0.154387 -0.420165 -0.104356 0.160759 0.021419 0.192768 -0.130854 -0.169484 -0.054120 -0.285055 0.075606 -0.118519 0.249733 0.092247 -0.179059 0.193180 
0.076505 0.139756 0.053352 -0.197497 0.046444 0.030830 0.091017 -0.016929 0.126653 0.277717 0.027639 0.229318 0.021302 0.113023 0.216057 0.047115 0.051977 0.086495 0.388672 -0.062532 -0.088945 0.008013 -0.089378 0.217643 0.046418 0.461698 -0.117573 -0.005139 0.032017 0.075445 0.104672 -0.083563 0.089907 -0.297254 -0.075112 -0.186347 0.283706 0.148759 -0.164911 -0.129067 -0.035892 -0.239865 0.012933 -0.097987 0.343228 -0.087404 -0.207090 0.141522 
0.075116 0.264963 0.055158 -0.277401 0.015889 -0.209880 -0.124489 0.081671 -0.047769 0.188008 0.113238 0.392819 -0.292535 0.158486 0.108293 0.006690 0.066721 0.090492 0.499560 -0.125540 -0.098343 -0.020768 0.173546 0.143114 -0.012518 0.166258 -0.200382 -0.094798 -0.223219 -0.026370 -0.015862 0.103444 0.047580 -0.435521 0.003047 0.067586 0.171951 0.164257 -0.027466 0.033609 0.117770 -0.068655 -0.079808 -0.170502 0.310912 -0.158111 -0.106137 0.135187 
-0.042214 0.102452 -0.112167 -0.157261 -0.182250 -0.083387 0.290586 0.019620 -0.096394 0.071880 -0.005779 0.302931 -0.323371 -0.106537 0.021106 -0.039925 0.104508 0.203351 0.297440 0.228145 0.024535 0.119971 0.251424 0.029268 -0.055377 0.104889 0.078921 -0.147593 -0.072730 0.103758 -0.241635 0.030363 0.258704 -0.349098 -0.127160 -0.164172 -0.011755 0.229529 0.034575 -0.112624 -0.158583 -0.034753 0.046815 0.088453 0.255338 -0.172738 -0.119215 0.128288 
0.012289 0.120929 0.030756 -0.165378 -0.263247 0.023251 0.156439 0.055348 -0.103140 0.344980 0.278113 0.254882 -0.371754 -0.049864 0.164001 -0.173556 0.052233 0.250356 0.069575 -0.120219 0.097015 -0.047015 0.395144 -0.141461 0.076258 0.146011 0.007236 -0.059960 -0.091767 0.132542 -0.001956 0.017570 0.224542 -0.464179 -0.074997 -0.266540 -0.056999 0.079644 -0.130142 -0.137722 0.106150 0.152997 0.006283 -0.149895 0.114177 -0.123602 -0.113817 0.022546 
0.107579 0.113592 -0.116394 -0.315709 -0.224883 -0.104708 0.262363 0.180560 -0.153448 0.089556 -0.019324 0.280376 -0.176685 0.079730 -0.174003 0.179597 0.016991 0.152163 0.259343 0.022121 -0.113631 0.022634 0.236790 0.143540 0.172033 0.198070 0.081446 -0.044054 -0.092957 -0.001463 0.017189 -0.035720 0.226147 -0.589221 0.024303 -0.134864 0.053929 0.138771 0.001135 0.026220 -0.079299 0.076106 0.050382 0.081173 -0.035372 -0.244488 0.044911 0.044972 
-0.048147 0.198415 -0.199515 -0.520934 -0.060316 0.131530 -0.112833 0.097126 -0.397537 0.123316 0.031082 0.228713 -0.235180 0.043380 -0.046813 -0.009974 0.293263 0.191374 0.263049 -0.116441 -0.295202 -0.009044 0.332127 0.219967 -0.182565 0.077194 0.027305 -0.097930 -0.002422 -0.062909 0.007198 -0.156358 -0.037272 -0.425454 -0.045804 -0.098391 0.337605 0.272067 -0.181516 -0.159832 -0.049801 -0.089037 0.134544 0.057426 0.133955 -0.123835 -0.220511 0.109275 
0.246402 0.010352 -0.131339 -0.492250 -0.315029 0.129512 -0.120180 -0.232033 -0.156964 0.185065 -0.076367 0.227263 0.031396 0.145883 -0.056819 -0.095750 0.331925 0.003085 0.397875 0.002725 -0.266847 0.015102 0.417166 0.402626 -0.100892 0.183176 -0.019037 -0.251605 -0.138117 -0.031829 0.082503 -0.031931 -0.001840 -0.578276 0.068718 -0.169536 -0.077271 0.253447 -0.110037 -0.108435 0.023936 0.030264 0.031370 0.002270 0.037100 -0.027329 0.005835 0.162433 
0.166841 0.081356 -0.156136 -0.222773 -0.132119 0.013891 0.164738 0.027917 -0.246729 0.115915 -0.049769 -0.022767 -0.098896 -0.024368 0.171981 -0.127779 0.278684 0.062293 0.384950 -0.037178 -0.156234 -0.037881 0.273283 0.231209 -0.214246 0.126086 0.019213 0.033598 0.172763 0.075701 0.129465 -0.160861 -0.114194 -0.485116 0.283626 0.018124 -0.032708 0.129745 0.023491 -0.314759 0.086621 0.048724 -0.042388 0.047922 0.131521 -0.122990 -0.000903 0.017794 
0.105806 0.224481 -0.258420 -0.279575 -0.285242 0.060089 -0.026396 0.092967 -0.282766 0.226909 0.203424 0.119159 -0.162623 0.030536 -0.025108 -0.035381 0.216365 0.094572 0.229665 0.043011 0.016955 0.075443 0.192303 0.219487 -0.010033 -0.009162 -0.027525 0.126183 -0.096290 0.229666 0.156016 -0.053208 -0.099431 -0.491297 0.052213 -0.004831 0.009637 0.063380 0.059921 0.010185 0.179279 0.106151 0.193635 -0.184106 -0.142857 -0.208753 0.062330 -0.116505 
-0.006223 -0.021502 -0.021442 -0.125951 -0.327697 0.028808 0.321712 0.009848 -0.081689 0.175538 -0.106808 0.101964 -0.183695 0.040192 0.007520 0.054066 0.274991 -0.036867 0.356047 0.001895 0.153798 -0.193878 0.198120 0.136349 0.050920 -0.068768 0.001851 0.057063 -0.010198 0.313964 0.031961 -0.077186 0.054131 -0.470657 0.019415 -0.139732 0.093860 0.161024 0.099661 0.306653 -0.107919 0.285590 0.089605 0.237883 -0.130659 -0.372453 0.080793 -0.067312 
-0.077531 0.069825 -0.201811 0.022566 -0.257350 -0.201200 0.363262 0.242405 -0.198113 0.154190 -0.053723 0.008229 -0.279352 -0.204674 -0.125236 -0.003337 0.255967 0.170631 0.255679 0.025321 -0.038569 -0.114030 0.205438 -0.036770 0.137246 0.072792 0.086729 0.011065 0.001480 0.209510 -0.196147 -0.025824 -0.183899 -0.396993 -0.171240 -0.093844 -0.050295 0.032761 0.107798 0.369896 -0.005441 0.213640 -0.081802 0.186245 -0.137347 -0.138527 -0.184457 -0.071221 
0.201990 -0.011336 -0.073625 0.133849 -0.371833 -0.024879 0.157105 0.189121 0.013553 0.069216 0.277666 0.221385 -0.255217 0.093009 -0.083528 0.136001 0.184560 0.285600 0.347016 -0.092998 -0.304500 -0.117963 0.112679 0.018257 -0.082266 0.198456 -0.087546 -0.067892 -0.045025 0.159244 -0.035133 0.003733 -0.152856 -0.475335 -0.195427 -0.200753 0.205670 -0.078336 0.347458 0.255337 -0.142033 0.409415 -0.129145 0.321785 -0.350456 -0.094675 -0.016608 -0.275360 
-0.000780 0.064056 -0.194641 0.029919 -0.208245 -0.238314 0.180363 0.001027 -0.134251 0.093967 0.096849 0.216081 -0.071061 -0.022589 -0.008134 -0.097261 0.229691 0.073347 0.168946 -0.098936 -0.210318 -0.169040 -0.024306 0.149822 -0.119056 -0.198577 0.137858 -0.032337 0.181507 0.166939 0.274802 0.227465 -0.133462 -0.441523 -0.032409 -0.002264 0.145284 0.138975 0.026471 0.431410 -0.193773 0.513912 -0.163873 0.427578 -0.253582 -0.126379 0.051920 -0.009294 
0.089384 -0.043681 -0.289656 0.080278 -0.185847 -0.063078 0.070290 -0.003567 -0.235857 -0.076149 0.002323 0.032872 0.012909 0.045351 0.130462 0.025982 0.247575 0.017420 0.265198 -0.086267 -0.266523 -0.043040 0.200557 0.090973 -0.404644 0.069027 0.071309 -0.031566 0.240095 0.289750 0.343868 0.063356 -0.330924 -0.197781 0.144751 -0.174457 0.039489 -0.015582 -0.022849 0.067276 -0.288320 0.525290 0.034501 0.444193 -0.250854 -0.423097 0.011660 -0.128911 
-0.054296 -0.101000 -0.091607 -0.096749 -0.146496 -0.083339 -0.092186 -0.183772 0.057336 0.168263 -0.016837 0.165453 -0.084385 0.078061 -0.107217 -0.077718 0.077549 0.172173 0.314694 -0.116692 -0.157144 -0.101441 0.005144 0.231405 -0.238953 -0.167704 -0.088441 -0.142582 0.293101 0.329512 0.096256 -0.048479 -0.513536 -0.070546 0.085785 -0.016228 0.228636 -0.056096 -0.078259 0.173319 -0.187644 0.798877 -0.091795 0.141415 -0.320486 -0.160938 -0.106825 0.054094 
0.136396 -0.089565 -0.073283 -0.149219 -0.228786 -0.179951 0.081220 -0.161034 0.034329 0.060003 -0.091773 0.233389 -0.177218 -0.014110 0.074641 -0.101540 0.189658 0.033070 0.258202 0.204298 -0.025470 0.089017 -0.186007 0.194767 -0.173141 -0.289044 0.047720 0.019583 0.386775 -0.156202 0.307823 -0.354020 -0.259649 -0.037192 -0.045427 -0.016979 0.177716 -0.049629 0.100067 0.401605 -0.190006 0.753468 -0.220598 0.107366 -0.516352 -0.349943 0.131279 -0.215458 
0.111971 -0.173598 -0.145767 -0.170273 -0.008006 -0.215254 0.003259 0.156995 -0.102621 0.006134 -0.049305 0.037477 -0.222388 -0.142301 0.222012 -0.125815 0.340902 -0.298081 0.238036 0.109773 0.072081 -0.215430 -0.132645 0.120130 -0.145900 -0.045579 0.037325 -0.072037 0.184819 -0.104861 0.280330 -0.365862 -0.129871 -0.005145 -0.119124 -0.043014 0.127113 -0.051475 -0.001173 0.325754 -0.144233 0.817644 -0.298751 -0.020305 -0.228453 -0.301827 0.201319 -0.185465 
0.132516 0.002525 0.100428 -0.046725 -0.196134 -0.219802 -0.082543 -0.136512 -0.035278 0.257529 -0.006243 -0.111916 -0.402909 -0.057028 0.276366 0.015625 0.129881 -0.135755 0.072168 0.120143 0.205195 0.064977 -0.190134 0.078036 -0.165519 -0.463244 0.241552 0.182702 0.226180 0.154161 0.486717 -0.426109 -0.111699 0.043854 -0.001060 -0.249151 0.060041 -0.204914 -0.028445 0.363354 -0.139562 0.950234 -0.372423 0.047103 -0.166961 -0.219807 0.428388 -0.206633 
-0.084707 -0.234141 -0.010322 -0.170038 -0.069426 -0.232382 0.146847 0.090179 -0.183266 0.126720 0.101503 -0.156388 -0.142642 0.251475 0.270995 0.015336 0.039398 -0.075046 0.053667 -0.013782 0.056867 -0.259777 -0.184214 0.062863 -0.140398 -0.282605 -0.027795 -0.075912 0.063985 0.199332 0.406386 -0.621286 -0.281889 0.163658 -0.068912 -0.078168 0.262346 0.032922 -0.201768 0.218226 -0.268433 0.821526 -0.410141 0.199025 -0.097005 -0.179031 0.041615 -0.141106 
-0.050245 -0.146858 -0.085120 -0.124069 0.063054 -0.194026 0.127855 -0.036756 -0.117004 0.033757 0.251757 -0.443867 0.006832 0.246633 0.083069 -0.059969 0.056990 -0.054250 -0.025615 -0.170743 -0.019105 -0.144324 -0.429078 0.015659 -0.247073 -0.048453 0.160881 0.130417 0.075345 0.038106 0.062141 -0.390544 -0.192799 0.098834 -0.112409 -0.127070 0.178658 -0.273550 -0.103230 0.080742 -0.173893 0.833152 -0.020932 0.253774 -0.081290 -0.386012 0.032381 0.044430 
-0.012347 -0.145083 -0.025977 0.074281 -0.005858 -0.193756 0.123653 0.150915 -0.131494 0.059902 0.343166 -0.245825 0.096335 0.396214 0.083614 -0.152097 -0.126369 -0.362777 -0.054251 -0.038512 0.230593 -0.017288 -0.435141 0.185397 0.029654 -0.034644 -0.088243 0.197438 0.201814 0.169183 0.176927 -0.434282 0.049179 -0.003907 -0.299090 0.006098 -0.185972 -0.046268 -0.039936 -0.044570 -0.388924 0.767711 -0.071908 0.382705 -0.277562 -0.110046 -0.007690 -0.047147 
-0.264359 0.062938 0.131766 -0.071763 -0.182053 -0.064488 0.207181 0.077683 -0.045983 0.165553 0.089984 -0.221979 -0.050885 0.198063 -0.191976 0.127288 -0.108617 -0.295823 0.064800 -0.095203 0.188748 0.016117 -0.371380 0.235914 0.139166 -0.020458 0.087753 0.320076 0.137736 0.275830 -0.039574 -0.255463 -0.003516 0.214677 -0.411384 -0.150856 -0.179507 -0.361637 -0.013018 0.037335 -0.381940 0.784818 0.004467 0.325324 -0.192400 -0.092277 0.118709 0.030084 
-0.266552 0.063181 0.139906 -0.241059 -0.001993 0.156140 0.340498 -0.011603 -0.013561 -0.036468 0.133694 -0.086668 -0.064422 -0.004154 -0.077208 0.199400 -0.074908 -0.207706 -0.074774 -0.037015 0.087913 -0.126331 -0.384934 0.054773 0.082461 -0.111242 0.029460 -0.015957 0.083848 0.094866 0.039753 -0.452203 0.059876 0.278366 -0.045301 0.069349 -0.144811 -0.338757 0.048183 0.050353 -0.322690 0.443529 0.126082 0.220173 -0.335262 -0.034697 -0.035392 0.148473 
-0.211821 -0.015173 0.188643 -0.111976 0.215900 0.014290 0.041019 -0.133289 0.209618 -0.076976 0.045396 0.122483 0.122856 0.097364 -0.147391 0.325308 0.086930 -0.060460 -0.027881 -0.160445 0.499621 -0.204414 -0.341737 0.121324 -0.177667 -0.112217 0.213778 -0.089840 0.175258 -0.126427 -0.041385 -0.086477 -0.221589 0.082960 0.146306 0.195400 0.019007 -0.246253 -0.183680 -0.060854 -0.464016 0.420966 -0.185264 0.061248 -0.144074 -0.108948 0.011348 -0.108791 
-0.272690 -0.260783 0.313131 -0.181372 0.272470 0.110098 0.154735 -0.037616 -0.077433 -0.028683 0.099594 -0.066571 -0.053474 -0.081853 -0.156905 0.358920 0.030347 -0.115050 0.023096 0.277899 0.210635 -0.147605 -0.196743 0.211954 -0.113025 -0.149736 0.062025 0.173334 -0.045332 -0.174807 -0.110980 0.040812 -0.050737 0.174511 0.278102 0.389296 0.040095 -0.318627 -0.030914 -0.080580 -0.346930 0.383683 -0.130325 0.141714 -0.140154 -0.003638 -0.121396 -0.050220 
-0.437201 -0.080467 0.129149 0.135342 0.399133 0.369894 0.185900 -0.084148 0.046207 0.043750 0.129790 -0.180268 0.016885 -0.068838 0.043284 0.313331 0.056849 -0.026306 -0.021129 -0.013367 0.337241 -0.225166 -0.408015 0.105199 -0.040134 -0.078263 0.008776 -0.151530 -0.115149 -0.147855 -0.178772 0.070106 -0.090010 0.157570 -0.018561 0.383886 -0.199567 -0.215964 -0.240090 -0.383178 -0.336391 0.020287 0.032286 0.173101 -0.145578 -0.106560 -0.038894 -0.131559 
-0.563434 -0.049395 0.165026 0.035881 0.122982 0.347656 0.253214 0.154050 0.062186 -0.153894 0.133433 -0.205918 -0.131539 0.013439 0.138339 0.300150 0.121315 0.013183 -0.051791 -0.059081 0.224244 -0.242634 -0.213394 0.365295 -0.031317 -0.160030 0.009154 -0.072118 0.044544 0.068001 -0.288713 0.031253 -0.180123 0.362172 0.036343 0.297793 -0.235884 -0.087483 0.083827 -0.392029 -0.359076 -0.350091 0.197059 -0.010224 0.134489 -0.305727 -0.079257 0.132716 
-0.409554 0.028962 0.325521 -0.042163 0.137235 0.449042 0.288475 0.057252 -0.039101 0.022771 -0.043759 -0.071949 0.168691 0.128838 0.545828 0.113709 0.004936 0.051195 -0.235709 0.093594 0.062364 -0.092074 -0.416889 0.240537 0.011969 -0.158482 -0.068626 -0.280652 -0.111458 -0.099382 -0.588139 0.221523 -0.240210 0.593266 -0.032370 0.497722 -0.219939 -0.128399 0.081619 -0.482137 -0.300201 -0.379059 0.322941 0.088808 0.104914 -0.447229 -0.029420 0.171115 
-0.370141 -0.044511 0.433789 -0.143047 0.069727 0.376958 0.210793 -0.208016 0.001466 -0.009918 -0.195050 -0.069892 0.244836 0.162880 0.652937 0.016333 0.181973 0.147370 -0.035290 -0.120910 0.129157 0.123341 -0.203046 -0.059279 -0.130894 -0.077767 0.153147 -0.342634 0.112417 -0.028485 -0.295099 0.220619 -0.489727 0.885147 0.326551 0.498198 -0.253160 -0.289691 -0.125007 -0.182540 -0.168971 -0.974579 0.253724 -0.230778 0.335030 -0.316828 0.055989 0.510936 
-0.184642 0.298169 0.314241 -0.372738 0.120689 0.233078 -0.008907 -0.128020 0.126055 0.024090 -0.518052 0.078870 0.229205 0.062692 0.719702 0.139109 -0.024784 0.483515 -0.404027 0.120395 0.088235 0.110289 -0.200750 -0.138834 0.034243 -0.319561 -0.059726 -0.354479 0.067847 -0.365851 -0.241749 0.362862 -0.300615 1.143511 0.492413 0.856877 -0.275916 -0.182062 -0.314584 -0.323672 -0.101352 -1.399329 0.083348 -0.257066 0.310862 -0.617858 -0.145105 0.262029 
-0.238537 0.196888 0.445839 -0.329525 0.081136 0.134926 -0.015600 -0.307160 -0.156015 -0.208740 -0.528649 0.074089 0.359395 0.017532 0.858999 0.259140 0.045608 0.781314 -0.417857 -0.041494 0.196959 0.326728 0.022647 -0.251945 0.241473 -0.237996 -0.102560 -0.467929 0.277737 -0.377175 -0.233086 0.372570 -0.268702 1.404738 0.473917 0.869248 -0.382032 -0.212171 -0.511821 -0.262365 -0.092867 -1.908485 -0.065690 -0.546314 0.341700 -0.821542 0.075917 0.369597 
