0.123356 0.045952 0.114846 0.282820 -0.636410 0.148316 0.430283 0.112908 -0.956033 -0.318149 0.236579 -0.494658 -1.820186 0.033914 0.482533 -2.296817 
0.104140 -0.028948 -0.437210 0.062326 0.072772 -0.003693 0.084282 0.211866 0.420609 -0.202489 -0.024922 0.417831 0.239762 0.207904 -0.245568 -0.504206 
-0.526198 -0.416067 -0.031453 0.074588 0.466793 0.254585 0.000130 -0.114578 -1.838268 -0.117188 -0.288453 0.196430 0.473688 0.018528 -0.076014 -0.783910 
-0.031908 0.118815 -0.317231 0.550409 0.024137 0.018486 0.250653 -0.191467 -0.346903 0.596657 0.277839 -0.410357 -0.059597 -0.238377 -0.471116 -0.628385 
0.000355 0.109972 0.037132 -0.351311 -0.072550 -0.420159 -0.298624 0.021273 -0.465805 -0.046132 -0.120976 -0.044952 -0.113079 -2.411172 -0.731718 0.128706 
-0.053754 0.013560 0.132304 -0.431038 -0.924384 0.168657 0.029238 -0.185242 0.106860 0.058494 0.420137 0.273193 0.143353 0.171115 -0.682560 -0.346155 
0.097566 -0.915600 0.131893 0.319175 -0.146765 -0.248105 0.188233 0.111556 -0.540602 -0.137448 0.308186 -1.157350 -0.674490 0.328701 0.541409 -1.468240 
0.038462 -0.042919 0.094819 0.362315 0.638159 0.165937 -0.149070 -0.216173 0.302885 0.351622 -0.095754 -0.850347 -0.724308 0.176867 0.251545 -0.243779 
0.080114 -0.658099 0.058345 -0.729359 1.008028 -0.010567 -0.858894 0.038058 0.746810 0.459961 -0.243175 -0.157181 -0.289047 -0.257701 -0.338120 -0.883458 
0.205413 -0.016691 -0.026476 0.387770 0.279079 0.116734 0.202578 -0.036974 -0.067216 -0.571471 -0.507240 -0.367972 -0.300034 0.097464 -1.687576 0.048665 
0.273108 0.197505 -0.263349 0.004234 0.034022 0.204075 -0.086296 -0.002564 -0.054698 0.323465 -0.025633 0.091568 0.474931 -0.041404 0.408328 0.158653 
0.101181 0.138272 0.020256 -0.719532 -0.309906 0.323791 0.437563 0.137302 0.304348 0.070995 -0.547818 -0.145810 0.033239 -0.486957 -0.375363 0.073872 
-0.026291 0.307002 0.182193 -0.219399 -0.248553 0.213449 0.220750 0.163141 -1.505187 -0.301265 0.399815 0.245817 -1.514037 0.072070 0.098252 -0.614734 
-0.133808 0.152186 -0.033424 0.484682 0.328350 0.298151 0.191856 -0.142406 0.620354 -0.063273 0.498842 -0.282841 0.102054 0.031144 0.302826 -0.118396 
0.228504 0.034439 0.097905 0.395434 -0.409714 0.160541 0.053973 0.022008 0.214400 0.264164 0.137492 -0.258029 -0.064059 -0.045419 -1.042246 -0.660075 
-0.195980 -0.316615 -0.013801 0.173154 0.544206 -0.113879 0.123751 -0.006248 0.121919 -0.003355 -1.068493 -0.293102 0.180097 -0.444559 0.750250 -0.168758 
0.140093 0.133366 0.093428 -0.205478 0.508508 0.058233 -0.088620 0.198312 0.176498 0.087685 -0.022012 -0.064254 -1.386759 -0.094508 0.335798 0.311312 
-0.103434 0.371857 -0.028375 -0.429620 -1.385653 0.352622 0.281518 -0.167385 -0.537220 0.075170 0.249543 0.479152 -0.366894 0.362744 0.026384 0.129678 
0.250718 0.125368 0.139211 -0.741799 -0.725031 -0.087952 -0.099226 0.146289 -0.208434 -0.389796 0.290337 -0.054162 0.143742 0.107679 0.198340 0.157991 
0.097383 0.132481 0.149375 -0.329239 0.126795 -5.546491 -1.997221 0.175346 0.163590 0.193254 0.098570 0.235825 0.244061 -1.687925 -0.214709 0.137734 
0.035999 -0.579296 -0.077847 0.331112 -0.344381 -0.228193 0.189997 -0.064429 -0.023067 -0.077266 -0.587795 -1.107278 0.113769 -0.101137 -0.077749 -0.529787 
0.093490 0.121394 -0.302379 -0.192525 -0.095971 0.037806 0.171014 -0.176226 -0.292198 0.115124 0.090138 0.267463 -1.024665 0.144231 -0.212719 0.307510 
0.244257 -0.340577 0.246200 -0.527666 -0.377675 0.226981 0.277961 0.286819 0.270485 0.123348 -0.430229 0.049249 0.117653 -0.104150 -1.168337 -0.272461 
0.099522 -0.095973 0.234574 0.127416 -0.187973 -0.375460 0.431622 0.241809 -0.162230 -0.062701 0.167506 -0.242662 -0.056076 -0.004366 -0.533168 -0.027692 
0.246836 0.072376 -0.151105 0.680828 -0.382548 -1.031857 -0.409305 0.201635 -0.254206 -0.062081 -0.350414 0.270668 0.146242 -0.336585 -1.616526 -0.051653 
0.161748 0.082681 -0.017547 -0.518678 -0.008981 -0.027855 -0.855557 -0.080932 0.025036 -0.904548 -0.530625 0.134378 0.220951 -0.046114 0.293465 0.227922 
0.099550 0.053154 0.080667 -1.161245 -0.141790 -0.217439 0.345788 0.077827 0.268219 0.090180 0.257495 -0.184765 0.208555 0.179412 0.664362 0.155124 
0.128471 0.148394 0.176227 -0.239583 0.684324 -0.090568 0.442192 -0.011521 -0.325954 0.297636 -0.090906 -0.921223 -0.323096 0.020533 -0.283351 0.220148 
-0.081940 -0.286602 -0.198772 0.738896 0.289665 0.018089 -0.026555 -0.142919 -0.078859 0.102401 -0.716565 -0.019441 -0.088595 0.083668 -0.238334 -0.169665 
0.226220 -0.399037 0.312568 0.690126 0.394468 0.237165 0.043330 0.326707 -0.093242 -0.590382 0.584590 -0.447181 -0.423309 0.395271 0.534060 -0.382258 
-0.071155 0.087172 -0.138149 0.319486 -0.067824 -0.122333 -0.535729 0.041458 0.086366 0.175057 -0.462888 0.295183 -0.178764 -0.404572 -0.469611 -0.232573 
0.113651 -0.072131 -0.027730 -2.042538 -0.471424 0.237948 0.067532 -0.174712 -0.515410 -0.142189 0.111507 -0.410511 0.091493 0.251820 -0.220004 -0.384470 
-0.097794 0.069359 0.049210 -0.316818 0.736696 0.063898 -0.247532 -0.079320 -1.532660 -0.237142 -0.550593 0.101792 0.203524 -0.109757 0.655402 0.449313 
0.109832 -0.559671 0.126823 -0.054594 -0.036727 0.331525 -0.158729 -0.297011 -0.855826 0.179792 -0.523375 -0.804382 -0.487292 0.220159 -0.364809 -0.076873 
0.020949 0.125150 -0.065481 -0.016140 0.193696 0.217043 0.394175 -0.630788 0.381462 -0.225578 0.111361 0.238258 0.137630 0.001306 -0.290623 0.193320 
-0.162700 -0.077571 0.241514 0.114536 0.284463 0.091896 -0.623745 0.204471 -0.651020 0.444768 -0.010187 -0.540314 -0.898424 0.103597 -0.484713 -0.565166 
-0.204329 -0.174672 0.165513 0.109864 -1.122511 -0.151222 -0.282898 0.168449 0.443621 -0.041018 -0.157963 -0.149353 -0.230366 0.329945 -0.041312 -0.253879 
0.161562 0.102474 0.035033 0.149332 -0.142350 0.026325 0.075704 0.130202 0.364960 -0.587486 -0.386348 0.096346 0.288441 -0.044899 -1.444046 0.051184 
-0.717745 0.232145 0.125940 0.323480 0.292594 0.024207 -0.147557 -0.417313 -0.895630 -0.230052 0.340407 -1.350262 0.485763 0.200698 0.191849 -0.702652 
0.105658 0.373549 -0.230294 -0.330339 -0.036616 -0.196316 0.188957 -0.037450 0.201331 -0.144529 -0.829203 -0.245142 0.339252 0.142047 -2.125972 0.051366 
0.167158 0.119828 0.116882 -0.288480 -0.936367 0.213378 -0.168529 0.161701 -0.414243 -0.507061 -0.132709 -0.678643 -0.960523 0.406355 -0.987164 0.269223 
-0.097302 0.154022 0.068127 0.467526 -0.459790 0.610003 -0.222464 -0.062195 -0.533998 -0.197152 -1.246654 -0.000448 -0.027220 0.151711 -1.025237 0.284754 
0.031861 -0.016952 -0.008778 -0.389514 0.189429 -0.073731 -0.688039 -0.055136 -0.278734 0.043232 0.758196 0.101850 0.048747 -0.888707 0.163009 -0.007403 
-0.120124 -0.049538 0.163735 0.173230 -0.317608 0.120787 -1.970170 0.131679 -0.802370 0.120514 -0.748802 0.214070 0.156265 0.086910 0.066929 -0.052641 
-0.004220 -0.201357 -0.021904 -0.834897 -0.229225 0.080880 0.062106 -0.080895 -0.021903 0.038662 -1.807089 0.335111 0.020861 -0.253258 -2.765872 -0.197446 
0.158278 -0.023291 0.060204 -1.004540 -1.265786 0.175089 -0.213368 0.012563 0.096901 0.122550 -0.011100 -0.427228 0.204163 0.203505 0.209388 -1.233344 
-0.213269 0.030830 0.042919 -0.046420 0.092359 -0.559904 -1.140850 0.030088 -0.408891 0.154747 -1.611734 -0.133406 -0.002832 0.056875 0.739348 0.053611 
-0.264878 0.199187 0.023469 0.302573 0.585008 -0.454971 -0.421512 -0.030913 0.301456 0.176276 0.360176 -0.100832 0.197978 -0.029005 0.326916 0.031303 
