-0.448772 -0.207381 0.340128 1.260203 
-0.180870 0.073955 0.377301 1.037815 
0.119583 0.156961 0.217012 0.825705 
0.054000 0.187830 0.276871 0.560900 
-0.112831 -0.139338 0.306863 0.347375 
-0.192977 -0.143388 -0.032609 0.209610 
0.073944 -0.331271 0.021710 0.108116 
0.018513 -0.042437 0.022722 0.153572 
0.025200 -0.282906 0.194503 0.253133 
0.135557 -0.240388 0.334415 -0.066559 
-0.254789 -0.054785 0.142304 -0.062889 
0.048181 -0.264773 0.042675 0.030580 
-0.052480 -0.029780 -0.109712 -0.081138 
0.081842 0.137853 -0.062875 -0.038436 
-0.018708 0.004423 -0.015694 -0.102379 
-0.004935 0.096738 0.060227 -0.098062 
-0.197112 0.098019 0.003720 -0.173457 
-0.060899 0.038341 -0.142529 -0.152623 
0.052123 0.058670 -0.260156 -0.275601 
0.139675 0.085536 -0.142906 -0.078532 
-0.078693 0.189358 -0.291293 -0.212047 
0.131767 -0.085669 -0.056137 -0.415333 
0.055562 -0.008054 -0.139025 -0.196198 
-0.048679 0.059614 -0.004105 -0.589550 
-0.046519 -0.017684 0.031205 -0.339313 
0.088314 0.095241 -0.015933 -0.200389 
-0.091345 -0.030830 -0.350406 -0.110430 
-0.023954 0.232640 -0.258153 -0.134789 
0.327789 0.021231 -0.515464 -0.562489 
0.144905 0.157032 -0.088623 -0.442972 
-0.006565 0.017608 -0.118512 -0.395558 
-0.275470 0.037728 -0.243512 -0.143337 
0.115925 0.133726 0.199546 0.212906 
0.001564 0.070036 0.206437 0.041595 
0.103491 -0.044217 -0.010902 -0.180660 
0.033888 -0.070325 -0.217983 -0.267177 
0.062855 -0.088014 -0.034694 -0.314098 
-0.067547 0.193975 -0.127111 -0.251466 
-0.037221 0.032429 -0.229813 -0.179699 
0.035902 0.018397 -0.466685 -0.219638 
0.263588 0.208337 -0.234769 -0.567359 
-0.088846 0.102316 -0.291001 -0.434080 
0.059561 -0.043266 -0.205403 -0.638599 
0.000582 0.009713 -0.327921 -0.562757 
0.058516 0.024549 -0.182560 -0.234900 
0.177278 0.091483 -0.060573 -0.465845 
0.163663 0.208099 -0.199104 -0.452043 
0.049596 0.301373 0.017867 -0.264829 
-0.043159 0.010198 0.015372 -0.289459 
0.298550 -0.020671 -0.121086 -0.117146 
-0.092405 -0.098023 0.193600 -0.258377 
-0.190313 -0.028590 0.388207 0.099826 
0.188059 0.038755 0.339859 0.083812 
0.124956 0.014064 0.209826 -0.058662 
0.081299 -0.243713 -0.059774 -0.011294 
0.140706 -0.091653 0.145760 0.492539 
0.088272 0.354829 0.068097 0.266416 
0.199793 0.330754 0.064731 0.588503 
-0.024931 0.106400 -0.205949 0.158919 
-0.112234 -0.192294 -0.131960 0.156755 
-0.092190 -0.134557 -0.393610 0.284378 
-0.105406 0.091257 0.007092 -0.002971 
-0.267417 0.395139 -0.055745 0.012916 
-0.444031 0.717100 -0.035709 0.110671 
-0.364580 0.696954 0.097245 0.097731 
-0.428682 0.675295 0.052943 0.247915 
-0.529053 0.654129 0.361329 0.175174 
-0.650745 0.334477 0.108324 0.329429 
-0.456406 -0.207069 0.164879 0.430185 
-0.100637 -0.739855 -0.004507 0.418088 
0.106599 -1.000178 0.349898 0.631417 
0.761084 -0.927805 0.027049 0.537300 
1.067747 -1.058507 0.279378 0.376371 
0.983411 -1.034117 0.223112 -0.012119 
1.353702 -0.927737 0.202228 -0.470524 
1.166188 -0.771108 0.382399 -0.596126 
0.325291 -0.249838 0.567406 0.179192 
-0.496005 0.254296 0.648789 0.695476 
-0.940510 0.330548 0.493795 1.179035 
-0.797055 0.131241 0.600527 0.794743 
-0.422442 -0.404295 0.099513 0.078899 
-0.142509 -0.636418 0.046022 -0.448581 
-0.586616 -0.728116 0.123340 -0.299605 
-0.384894 -0.463705 0.370445 0.087751 
0.119761 0.223616 0.331569 0.031781 
0.552182 0.124073 -0.093346 -0.001446 
0.233401 -0.119730 -0.532958 0.096037 
-0.033216 0.101818 -0.098649 -0.094468 
0.117403 0.507759 0.140292 -0.362381 
0.377166 0.723896 -0.033348 -0.362721 
0.289428 0.391636 -0.281218 -0.052771 
-0.198410 0.180495 -0.804172 0.285030 
-0.729236 0.003899 -0.888100 0.036355 
-0.877433 -0.053326 -0.742244 -0.004735 
-0.510545 0.395109 -0.045823 0.105289 
0.023690 0.546442 0.426484 -0.032903 
0.687459 -0.044749 0.124135 -0.207146 
0.810102 -0.314742 0.005449 -0.327898 
0.336715 0.105025 0.744905 -0.783571 
-0.243201 -0.376028 0.496796 -0.290506 
-0.434481 -0.763034 0.174569 0.293387 
-0.394195 -0.573381 0.126684 0.622709 
-0.575341 -0.044858 0.233893 0.714024 
-1.115889 0.205104 0.063774 0.253562 
-0.997204 0.390601 -0.231704 0.048669 
-0.385566 0.532845 -0.494633 -0.034072 
-0.212362 0.642019 -0.440046 0.035825 
0.295199 0.980154 -0.271451 0.199000 
0.249316 1.061363 -0.138426 0.169749 
0.137691 0.772743 0.111463 0.238520 
0.061248 0.745459 0.234371 0.401255 
-0.136961 0.464922 -0.120295 0.334268 
-0.032881 0.002154 -0.014587 -0.086806 
0.012748 -0.263309 -0.182028 -0.163172 
0.175986 -0.361000 -0.139366 -0.006581 
0.109353 -0.511833 0.364564 -0.081439 
0.037399 -0.151694 0.426742 -0.027326 
0.018851 -0.113793 0.648705 0.250554 
-0.016288 0.218762 0.319747 0.303048 
0.139474 0.057204 -0.078383 0.382457 
-0.186119 -0.062228 0.023715 0.451460 
-0.304636 0.035183 -0.261786 0.381081 
-0.337990 0.115683 -0.253621 0.023275 
0.051460 0.117106 -0.270030 0.128590 
-0.095614 -0.177972 -0.196803 -0.078438 
0.347270 -0.294873 0.052435 -0.306587 
0.289758 -0.289709 -0.106060 -0.441171 
0.004905 -0.352093 -0.090945 -0.326585 
0.260921 -0.483015 -0.142050 -0.114654 
0.131917 -0.385512 -0.167831 -0.025005 
0.187670 -0.451378 -0.309372 0.020864 
-0.032743 -0.214116 -0.088229 0.197804 
-0.212012 -0.023281 0.003584 0.156034 
0.031645 0.036176 0.031460 0.012059 
0.111065 -0.035307 -0.156264 0.177114 
0.171879 -0.026336 -0.085218 0.074926 
-0.033597 0.072359 -0.048355 0.070896 
-0.051141 0.024688 -0.125493 -0.259872 
0.068036 0.033900 0.027525 0.096594 
0.016781 -0.253140 0.096925 0.070713 
-0.023937 -0.119075 -0.098335 -0.031818 
0.106963 0.143797 0.075326 0.013962 
0.250932 -0.130431 -0.021721 0.001800 
-0.047920 0.107192 0.229766 0.004650 
0.068895 -0.032410 0.109241 -0.173805 
0.043536 0.045936 0.193127 0.105417 
-0.051130 0.104829 0.228193 -0.171787 
-0.072519 0.037636 -0.024871 -0.127243 
-0.081944 0.000769 -0.107503 -0.271062 
0.212122 -0.119914 -0.305399 -0.397139 
-0.014957 -0.056789 0.046423 -0.519506 
0.094308 0.143258 0.015980 -0.341916 
0.295525 0.150086 -0.046171 -0.352857 
-0.082410 0.201093 -0.093398 -0.300069 
0.127673 0.031309 -0.330238 -0.152804 
0.103159 0.003421 -0.110966 -0.253488 
-0.286635 0.030612 -0.046571 -0.247120 
0.063650 -0.026970 -0.059521 -0.269312 
0.165334 0.060657 -0.244799 0.052373 
0.016508 0.009246 -0.101664 0.145463 
0.141197 -0.110873 -0.004023 -0.231543 
0.057422 0.047747 -0.092625 -0.210069 
0.087517 -0.183361 -0.126455 -0.158164 
0.046262 0.023937 0.052719 -0.197431 
0.100181 -0.060352 -0.125051 -0.108798 
0.117728 0.135084 -0.170370 -0.288746 
0.118724 0.056752 -0.149131 -0.233852 
0.056299 -0.010278 -0.050245 -0.348768 
0.045762 0.107581 -0.055658 -0.193936 
-0.014070 0.034486 -0.054908 -0.116353 
0.057403 0.197722 0.099605 -0.121455 
0.000150 -0.102391 0.103851 0.188530 
-0.288435 -0.137071 -0.190304 0.024804 
0.039292 -0.205108 0.033168 0.120743 
0.100161 0.230627 0.182533 -0.023013 
-0.088301 0.097812 0.051700 0.169286 
0.195099 -0.003299 0.080047 0.227938 
-0.107349 0.097957 0.088254 0.334337 
0.099437 -0.076930 0.261657 0.445809 
0.561472 -0.065516 0.559209 0.493503 
