0.059125 0.502764 0.046211 0.513349 0.834702 -0.200424 0.085298 0.135933 0.006764 -0.130323 -0.076947 -0.036602 0.955738 0.271967 0.544366 0.512040 -0.102242 0.080183 -0.142959 -0.328780 0.213024 -0.111831 0.354120 0.242466 -0.216919 -0.018263 -0.636138 -0.003234 -0.123345 -0.434410 0.315574 0.215212 -0.294804 -0.322522 -1.180356 0.159342 0.025718 -0.765288 -0.011094 0.207267 -1.189486 0.082610 -0.170886 -0.187062 0.052377 -0.554712 -0.606556 0.907252 0.034983 -0.085604 
0.023867 0.460239 0.096708 0.408946 0.773975 -0.007436 0.229331 -0.091720 -0.039598 -0.037008 0.033384 0.038811 0.726116 -0.002278 0.570237 0.430691 -0.398644 -0.049492 -0.315462 -0.080200 0.012402 -0.016947 0.446356 0.092281 -0.063648 -0.312261 -0.480927 0.290307 -0.016343 -0.262139 0.258194 0.379865 -0.308994 -0.247903 -0.723869 0.147816 0.006401 -0.690093 0.049005 0.225198 -0.815464 0.041920 0.069055 -0.039684 0.066258 -0.327491 -0.345232 0.686182 0.243569 -0.243025 
-0.088189 0.361765 0.010813 0.395659 0.550654 -0.163518 0.259586 -0.062387 0.081441 -0.002803 0.088345 -0.204030 0.653266 0.104794 0.242314 0.584052 -0.286539 0.234387 -0.247010 -0.142928 0.150645 -0.001459 0.588812 -0.001185 -0.175603 -0.316502 -0.297635 0.027118 -0.160891 -0.324486 0.219629 0.342618 -0.335545 -0.121306 -0.440956 0.010888 -0.178462 -0.512963 -0.048073 0.162230 -0.874656 0.141442 0.039396 0.201386 -0.064265 -0.173140 -0.391651 0.620718 0.378825 -0.023342 
0.097787 0.443239 0.128132 0.373153 0.488736 -0.065400 0.112671 0.271340 0.037226 0.037359 0.011418 -0.322725 0.699523 0.222399 0.112569 0.204462 -0.455630 0.213332 -0.229561 0.025527 0.310092 -0.095753 0.379934 0.312966 -0.065234 -0.333920 -0.346156 0.213889 -0.137369 -0.239331 0.440777 0.491657 -0.043574 -0.110310 -0.285565 -0.159085 0.058299 -0.610539 0.069660 -0.134487 -0.645803 -0.106845 -0.015603 -0.045410 -0.013667 -0.233069 -0.163432 0.486914 0.177130 -0.170517 
0.058443 0.374352 -0.105598 0.253117 0.476635 -0.159657 0.345863 0.053126 -0.096214 0.004971 0.182802 0.052363 0.440486 0.249037 0.158310 0.041143 -0.075979 0.153722 -0.323498 0.118216 0.118222 -0.026839 0.168391 0.298534 -0.062109 -0.437281 -0.050079 0.187248 -0.014778 0.035332 0.293612 0.224377 -0.110653 -0.001233 -0.558395 0.132642 -0.190542 -0.597691 0.317353 0.021656 -0.462159 0.001709 -0.093330 0.072690 -0.302828 -0.045120 -0.019342 0.412026 0.264612 -0.050704 
0.145198 0.187183 0.016794 0.208575 0.432990 -0.000777 0.175662 0.100747 -0.209949 0.151025 0.146090 0.187341 0.372138 0.220142 0.061754 -0.065540 0.021007 0.072988 -0.084718 0.050437 0.109475 -0.101439 0.085994 0.116384 -0.124444 -0.232532 -0.134925 0.036270 0.012050 -0.103246 0.410474 0.347807 -0.039523 -0.082666 -0.301021 0.082357 -0.132673 -0.570697 0.116411 0.082167 -0.077368 0.021915 0.067246 -0.266701 -0.120380 0.001466 0.048865 0.410054 0.255815 0.028174 
-0.023281 0.132330 0.102501 0.139731 0.214985 -0.067028 0.299699 0.094772 -0.000200 -0.055635 0.185989 -0.032348 0.325435 0.151531 -0.038045 -0.082153 0.005711 0.101402 -0.101632 0.336451 0.026251 0.011610 0.250120 0.272541 -0.041053 -0.206165 -0.221271 -0.035682 0.209490 -0.051886 0.088074 0.266667 -0.057310 -0.244461 -0.169077 -0.011308 -0.106905 -0.413813 0.131289 0.045080 0.216661 0.054324 0.037587 -0.135800 -0.300026 -0.120114 0.066666 0.367962 0.135713 -0.066813 
0.025675 0.048342 -0.070107 0.444024 0.493539 -0.109133 0.119773 -0.091613 -0.213574 0.066390 0.230666 0.098444 0.308721 0.055238 -0.079181 0.001697 -0.082661 0.063437 -0.147359 0.202126 0.021407 -0.109622 0.097551 0.236970 -0.139845 -0.424030 -0.303790 0.008647 0.096249 0.112103 -0.023610 0.172489 -0.336877 -0.230443 -0.182913 -0.102780 0.114741 -0.467601 0.005905 0.092590 0.373209 -0.108716 0.227975 -0.016472 -0.005743 -0.219917 0.049449 0.324229 0.027992 0.032858 
-0.182513 -0.197360 0.026423 0.142327 0.337780 -0.185896 0.049567 0.117098 -0.157698 0.133230 0.112027 0.132626 0.500086 -0.023736 -0.214396 0.026303 -0.193809 0.326815 -0.307260 0.154773 0.035802 -0.044953 -0.043441 0.208143 0.206818 -0.246601 -0.168125 -0.156114 0.294585 0.094659 0.268099 -0.011487 -0.425125 0.158275 -0.158465 -0.262660 -0.109530 -0.231768 0.042803 0.046762 0.246744 -0.169545 0.076948 0.025535 0.018078 -0.138739 0.137705 0.104775 0.005565 0.058445 
0.026677 -0.253825 0.159105 0.047380 0.291085 -0.016746 0.103693 0.050886 -0.196366 0.118001 0.045763 0.178481 0.231471 -0.157635 -0.103491 -0.032453 0.097401 0.301237 -0.262577 0.233764 -0.217532 -0.128570 0.059955 -0.021993 0.316700 -0.143670 0.136487 -0.091740 0.176022 0.118011 -0.003404 0.130629 -0.292462 -0.006787 -0.124515 -0.002733 -0.073436 -0.408751 -0.155255 -0.051037 0.437881 0.011989 -0.066661 0.019225 0.275434 -0.058332 0.057031 0.101386 0.154194 -0.135187 
0.054886 -0.369695 -0.028615 0.131409 -0.022768 -0.121584 -0.097781 0.010353 -0.007783 0.071963 -0.026418 -0.228517 0.262162 -0.230798 -0.107980 -0.119276 0.040143 0.306302 -0.286896 0.177718 -0.053097 0.023080 -0.090031 -0.007019 0.333988 -0.255483 0.128123 -0.009105 0.131544 0.337599 0.184666 0.087817 -0.336636 0.166556 -0.149341 -0.216236 -0.088926 -0.396159 0.071377 0.252797 0.369575 0.095700 0.001890 -0.055257 -0.037275 0.156873 0.018469 0.051780 -0.140897 -0.229146 
-0.180747 -0.243298 0.088617 -0.077183 -0.121631 -0.163730 0.073458 -0.046328 0.093522 0.137861 0.030721 -0.189021 0.038500 -0.108021 -0.171092 -0.088115 0.178459 0.335521 -0.287664 0.355686 -0.082781 -0.243925 0.158821 -0.029427 0.181030 -0.010289 -0.037030 -0.117468 -0.050228 0.477805 0.194535 0.092593 -0.329423 0.179309 -0.165089 -0.023164 -0.052008 -0.389896 -0.022159 0.239651 0.391455 -0.080942 0.068753 -0.123718 -0.100381 -0.034299 -0.153574 -0.063606 -0.206373 -0.221668 
-0.103691 -0.135918 0.056148 -0.071556 0.086992 -0.176780 -0.005387 -0.032759 0.102603 0.133505 -0.023762 -0.373522 0.220022 -0.105626 -0.452898 -0.101370 0.303716 -0.004090 -0.286240 -0.036887 -0.209287 -0.225089 0.103202 -0.066933 0.040316 -0.068445 0.039749 0.037053 0.011223 0.361423 0.072861 0.075671 -0.262962 -0.021359 0.081495 -0.121153 0.278453 -0.474655 0.211286 0.018972 0.640691 -0.013461 0.202539 -0.116260 -0.101177 -0.047790 -0.117958 -0.240404 -0.125149 0.058340 
0.055622 -0.161891 0.046230 -0.131422 0.088995 -0.068829 0.139206 0.019404 -0.135505 0.101620 0.087168 -0.079803 0.146644 0.068931 -0.384610 0.145428 0.151630 -0.097212 -0.279168 0.006612 -0.058060 -0.260091 0.170362 -0.132908 0.205885 -0.162041 0.002784 0.051687 0.021343 0.221427 0.087828 0.305785 -0.138745 -0.045842 -0.098803 -0.145496 0.247528 -0.299543 -0.003949 0.088665 0.695503 -0.061795 0.039563 -0.229814 -0.090743 -0.195464 -0.129501 -0.171075 -0.159886 -0.221027 
-0.249000 -0.049630 -0.188746 -0.104640 0.040035 -0.149518 0.038615 0.037009 -0.164225 0.093916 -0.044395 -0.205906 -0.048388 -0.082374 -0.460179 0.065332 0.007273 0.035211 -0.050737 -0.122823 -0.001926 -0.106811 0.125933 -0.322174 0.250822 -0.250427 0.091676 0.070418 -0.244038 0.355043 -0.006388 0.128450 -0.380652 0.123902 0.016559 0.084047 0.330454 -0.394565 0.180756 0.210463 0.719271 -0.111862 -0.176853 0.041318 0.083665 -0.036439 -0.024858 -0.022773 -0.059771 -0.022814 
0.035113 -0.143147 -0.159444 -0.148459 0.090564 0.055983 0.092908 -0.030050 -0.246651 0.045888 0.156809 -0.201361 -0.016093 0.027275 -0.420870 0.165691 -0.081060 -0.154210 -0.028614 0.036359 0.065187 -0.148011 0.184735 -0.165053 0.089236 -0.018154 -0.009740 0.019875 -0.003400 0.162969 -0.047619 0.130320 -0.222106 0.130083 0.175481 -0.104166 0.066505 -0.324157 -0.112088 0.022496 0.650030 -0.277874 -0.125293 -0.250344 0.028234 -0.001346 -0.162092 -0.135301 0.071559 0.104145 
-0.141378 -0.174436 -0.221149 -0.156128 -0.168745 0.196309 0.033538 0.161126 0.124072 0.301029 0.055484 -0.058219 0.202208 -0.079986 -0.360867 -0.079669 0.180383 -0.045949 -0.035762 0.071964 -0.296016 -0.075084 -0.021445 -0.243778 0.103762 0.138287 -0.338422 0.066903 0.145110 0.011222 -0.068956 0.168483 -0.202435 -0.036177 -0.030276 0.185624 -0.206797 -0.153481 0.085654 0.240957 0.507149 -0.038788 0.082674 -0.214635 0.006308 -0.028842 -0.094291 -0.357676 0.077447 0.124361 
0.006225 -0.149509 -0.079902 -0.388453 -0.326435 0.092528 -0.132795 -0.127583 -0.174134 0.037507 0.192999 -0.186751 -0.018656 0.041805 -0.239310 0.065429 0.009909 -0.233196 0.043036 0.206945 -0.364492 -0.169333 0.054959 -0.198845 -0.095899 0.123621 -0.216072 0.221215 0.236303 0.207509 -0.057494 0.263143 -0.125745 0.139551 0.152228 -0.046922 0.096272 -0.004751 -0.019240 0.119237 0.501565 -0.042479 0.059722 -0.231238 -0.094554 -0.159721 -0.030637 -0.523795 -0.093305 0.026123 
-0.057532 0.097269 -0.043049 -0.326054 -0.549735 0.186786 -0.180092 0.189874 0.087672 0.074453 0.094665 -0.184317 0.126082 -0.025968 0.072653 0.059594 0.034047 -0.223804 -0.004076 0.010245 -0.164556 -0.251160 0.169959 -0.096775 0.269910 0.375819 -0.104892 0.188581 0.073990 0.094323 -0.037591 0.140621 -0.548186 0.147442 0.271407 -0.251399 -0.094835 0.071095 0.047568 0.130090 0.421149 0.163780 0.130561 -0.097421 0.043679 -0.089640 0.124663 -0.433017 0.178958 -0.003980 
0.128581 -0.033772 0.004681 -0.525088 -0.529389 0.290776 -0.131385 0.115158 0.003220 -0.144592 0.007319 -0.103537 0.121995 -0.203337 0.077873 0.049788 -0.066656 -0.280856 -0.006711 -0.117121 0.045645 -0.082702 -0.142424 -0.269572 0.385270 0.126335 -0.036533 0.315227 0.082811 -0.095137 -0.011684 0.288835 -0.418363 0.045372 -0.023173 -0.190276 -0.068480 -0.047830 -0.054266 -0.061898 0.409650 0.013587 -0.129711 -0.034926 -0.033016 0.101248 0.151512 -0.321433 0.015765 -0.099489 
0.001943 -0.069104 -0.067556 -0.431664 -0.208015 0.175553 -0.291916 -0.065971 -0.203710 -0.032975 -0.402682 -0.159374 0.065436 0.000288 0.004645 0.317336 -0.453767 -0.241579 -0.112340 -0.151398 0.010655 -0.184695 -0.124182 -0.253399 0.480576 0.220428 -0.216141 0.424755 0.029541 0.077675 0.028407 0.259252 -0.295818 0.228322 0.194639 -0.071226 0.252020 0.018533 -0.013162 0.292608 0.408586 0.002818 -0.014561 -0.079479 -0.091289 0.046673 0.256650 -0.491109 0.173294 -0.106935 
0.121033 -0.038207 -0.265596 -0.326094 -0.201537 0.307745 -0.125238 -0.082709 -0.128509 -0.134011 -0.387275 0.043171 0.442954 -0.219129 -0.031683 0.190060 -0.334316 -0.196316 -0.007590 -0.196846 0.240903 -0.325299 -0.182675 -0.301558 0.529702 0.312765 -0.031249 0.252583 -0.195653 0.084534 -0.211478 0.286265 -0.437698 0.107407 0.064051 0.125601 0.361143 0.027300 0.071679 0.147404 0.260913 0.086072 -0.071516 -0.142126 -0.159965 -0.025472 0.299139 -0.582448 -0.024088 -0.242655 
0.062481 0.026974 -0.228800 -0.145598 -0.368691 0.285023 -0.385649 -0.150995 -0.085706 -0.113639 -0.274539 -0.012014 0.330180 0.053841 0.100746 0.128813 -0.108297 -0.199195 0.148896 -0.318630 0.452789 -0.498907 -0.477817 -0.353605 0.678775 0.246284 0.014275 0.001826 -0.080374 0.037473 -0.372916 0.565369 -0.420793 0.144593 0.159446 0.043518 0.431899 0.126971 -0.054918 0.195350 0.077049 -0.153795 0.167646 -0.115289 -0.087203 0.016138 0.163418 -0.524325 0.234431 -0.054528 
0.092396 -0.088952 -0.005291 -0.284616 -0.443135 0.329301 -0.255775 0.000118 -0.224665 -0.136520 -0.110795 0.037553 0.063213 -0.089294 0.187327 -0.126677 -0.044150 -0.284232 0.242781 -0.183891 0.180855 -0.301046 -0.289191 0.085307 0.474671 0.318427 -0.006824 0.040212 -0.097492 0.170820 -0.200796 0.269464 -0.406898 0.151238 0.369189 0.131030 0.258852 0.401366 0.129424 0.188777 0.210127 -0.133752 0.045705 -0.050294 -0.187269 0.297512 0.376676 -0.664777 0.164529 0.179173 
0.152619 -0.064494 0.026983 -0.291705 -0.307937 0.610872 -0.286819 -0.135103 -0.282924 -0.057087 -0.337496 -0.288791 0.017097 -0.168359 -0.163576 -0.139732 0.118165 -0.295949 0.161816 -0.260414 0.393027 -0.068008 -0.128221 -0.157447 0.386656 0.179857 -0.117098 0.189647 -0.077351 0.177021 -0.067497 0.530162 -0.461330 0.197533 0.169990 -0.069472 0.512829 0.209743 0.156638 0.208809 -0.012397 0.047214 0.268426 -0.024231 0.154351 0.154051 0.311606 -0.608171 -0.014032 0.073399 
0.234197 -0.236321 0.220338 0.014873 -0.374446 0.415670 -0.361807 0.005245 -0.177148 -0.320788 -0.236364 -0.262541 0.184464 -0.111267 -0.013540 -0.056372 0.016462 -0.124929 0.242105 -0.151830 0.416242 -0.183819 -0.189199 -0.128992 0.434716 0.309468 0.040564 0.120427 -0.120216 0.267481 -0.138444 0.213265 -0.246314 0.037735 0.129329 -0.077664 0.543937 0.293526 -0.075057 0.165559 0.078250 -0.083879 0.111269 0.075656 0.072321 0.102735 0.191920 -0.694976 0.167683 0.135033 
-0.008812 -0.018558 -0.042324 -0.111548 -0.296033 0.643910 -0.244680 -0.272767 -0.180911 -0.208956 -0.136860 -0.313749 0.203601 -0.012119 -0.121354 0.172402 -0.011093 -0.130325 0.293429 -0.003623 0.324769 -0.130225 0.009268 -0.146334 0.046000 0.240057 0.271163 0.285146 -0.329868 0.159458 -0.141661 0.302710 -0.091823 0.003749 0.162061 0.019700 0.329710 0.286653 -0.045986 0.127645 0.073723 -0.078988 0.098919 -0.150789 -0.022998 0.079117 0.172738 -0.768880 -0.122782 -0.056040 
0.029221 -0.188195 0.119842 -0.032832 -0.470534 0.184350 -0.148606 -0.137679 -0.069339 0.057363 -0.239661 -0.226231 0.115622 -0.029637 0.118350 0.052757 0.014159 -0.152643 0.186607 -0.210028 0.311116 -0.201030 -0.137233 -0.095033 0.176674 0.408274 0.167024 0.192753 -0.262034 0.366054 -0.229025 0.128194 -0.058060 0.017731 0.318323 -0.130236 0.181126 0.384868 0.133995 0.203036 -0.046872 0.041755 -0.012165 -0.149656 0.024044 0.171306 -0.000487 -0.527269 -0.156216 -0.164067 
-0.119301 0.058715 0.035598 -0.173925 -0.534197 0.438877 -0.047586 -0.132545 -0.276655 0.001125 -0.327723 -0.098539 0.077212 0.052030 -0.077457 0.145035 0.109020 0.222370 0.216867 -0.282222 0.198606 -0.366400 -0.037907 -0.101110 0.129459 0.489785 0.261593 0.157305 -0.248493 0.140240 -0.216401 0.020147 0.077654 -0.034318 0.208333 -0.100329 0.109640 0.524775 -0.151920 -0.134198 0.103221 0.029078 0.017125 -0.241686 -0.037823 0.186093 0.208297 -0.545147 0.140681 -0.268123 
0.170858 -0.136763 0.027446 -0.291922 -0.413132 0.416984 -0.104488 -0.068489 0.188136 0.060087 -0.432348 -0.178725 0.085349 -0.047758 0.165647 0.102129 0.111814 0.036025 0.298850 -0.181230 0.150362 -0.386659 -0.003978 -0.144539 -0.105064 0.229923 0.335818 -0.066106 0.037256 0.045199 -0.360002 0.006377 0.122184 0.191129 0.123105 0.082170 0.119491 0.511553 0.089081 0.022356 -0.194054 -0.126036 0.060259 -0.195934 0.041834 0.276151 0.031155 -0.512258 0.049945 -0.375630 
0.021124 0.073339 0.080152 -0.218474 -0.506797 0.273182 -0.251647 -0.034789 0.168208 0.002174 -0.206479 -0.244319 0.085659 -0.216819 -0.028405 0.064919 -0.132462 0.100269 0.122073 -0.320123 0.270119 -0.512855 0.053399 0.057970 -0.129601 0.216655 0.326359 -0.092724 -0.281186 0.140583 -0.322606 0.055328 -0.091874 0.103008 0.010635 0.137500 0.137523 0.314739 -0.274610 0.108961 -0.287964 -0.003421 -0.077664 -0.164263 -0.052710 0.097894 0.019792 -0.698396 0.044827 -0.140100 
0.132609 -0.152466 -0.120433 0.071592 -0.470168 0.141210 -0.209560 -0.184608 0.320057 -0.001077 -0.087433 -0.055138 0.085111 -0.129502 -0.149033 0.160254 -0.119416 0.081296 0.332258 -0.126499 0.261707 -0.262117 0.104529 -0.029553 -0.201585 0.326764 -0.006187 0.039746 -0.301098 0.238148 -0.592744 -0.277139 -0.088165 -0.121900 0.074146 0.131281 0.122465 0.307691 -0.130968 -0.124725 -0.414688 -0.022615 0.332772 -0.034041 0.154509 0.221181 0.136833 -0.603614 -0.098220 -0.237028 
0.143412 0.015042 0.100912 0.160609 -0.432857 0.328105 -0.014650 -0.237763 0.225217 -0.242999 -0.193814 -0.127668 0.031798 -0.317524 0.143699 0.012764 -0.035656 -0.126768 0.478487 -0.125896 0.090777 -0.230722 0.074843 -0.035690 -0.415468 0.299886 0.241036 -0.147183 -0.242768 0.014636 -0.372871 -0.227724 0.006300 0.161569 0.138281 -0.023462 0.161743 0.400588 -0.128705 -0.000032 -0.389628 0.059525 0.154013 -0.075241 0.156635 0.214350 0.293072 -0.528474 0.028966 -0.370875 
-0.069443 0.065134 -0.080482 -0.053412 -0.201545 0.284984 0.021659 -0.215040 -0.104300 -0.130564 -0.404856 -0.158023 0.102254 0.005157 -0.084115 0.010439 -0.164867 -0.114743 0.398422 -0.109018 0.000867 -0.062965 0.187833 -0.176249 -0.531377 0.178503 -0.061581 -0.176895 -0.188465 0.184067 -0.449928 -0.326898 0.075161 0.050991 0.279437 -0.037045 0.218545 0.489757 -0.136443 0.095193 -0.100550 -0.269371 0.049762 -0.173198 0.131003 0.277824 0.220890 -0.611190 -0.117630 -0.254324 
-0.134819 0.202920 -0.208588 -0.179709 -0.316014 0.365482 -0.114730 0.158707 0.139058 -0.279213 -0.238283 0.109794 0.024552 -0.229190 -0.111965 0.046445 -0.074455 0.051592 0.396239 -0.056814 0.179639 -0.110701 0.137899 0.036454 -0.360766 0.387106 -0.103301 -0.361591 -0.002437 0.325658 -0.195301 -0.342935 0.350489 0.155326 0.243193 -0.016693 -0.011594 0.634660 0.085223 0.076007 -0.310768 0.044050 -0.212343 -0.188716 -0.101668 0.209524 0.337014 -0.541044 0.134565 -0.475269 
-0.127353 0.230991 -0.033379 -0.402947 -0.318243 0.199675 0.176446 0.111869 0.192091 0.122528 -0.196602 0.162332 0.104335 -0.237786 0.134427 -0.094247 -0.201440 -0.133098 0.371892 0.053118 -0.184662 -0.007275 -0.104899 -0.089768 -0.325406 0.537690 0.055317 -0.107739 0.116022 0.271042 -0.499248 -0.167183 0.178943 -0.086547 0.335793 0.034059 0.051250 0.612562 0.126897 -0.032668 -0.250838 0.083187 0.085318 -0.161478 -0.031575 0.275027 0.102737 -0.488524 0.030281 -0.347318 
-0.256080 0.244252 -0.375095 -0.438744 -0.170853 0.226414 0.336431 0.113341 0.349162 0.163334 -0.029776 0.068917 -0.255683 -0.034684 0.103170 -0.124321 0.027916 0.064053 0.175220 -0.063875 -0.123644 -0.080105 -0.212352 -0.140211 -0.484114 0.419685 -0.207671 -0.400804 0.090772 0.350163 -0.358463 -0.162558 0.098985 0.165684 0.409797 -0.048115 -0.031758 0.824473 -0.039896 -0.176547 -0.092351 0.075227 -0.182001 -0.257773 0.032741 0.296610 0.010847 -0.472539 0.323495 -0.230493 
-0.096044 0.342080 -0.324847 -0.284045 -0.172518 0.077757 0.184735 0.237719 0.591182 0.144169 -0.075955 0.023813 -0.159784 -0.313349 0.101222 0.101531 0.083517 -0.153459 0.149338 -0.145711 -0.184010 -0.136255 -0.021903 -0.368312 -0.472252 0.403047 -0.098161 -0.255262 0.075695 0.260132 -0.387331 -0.142520 0.197825 0.137749 0.236406 -0.023793 -0.095862 0.522008 -0.231325 0.073070 -0.215887 0.209485 0.016455 -0.049415 0.128044 0.087979 0.191341 -0.377030 0.131046 -0.339377 
-0.299049 0.347190 -0.382862 -0.174536 -0.294588 -0.123500 0.410471 0.199765 0.539802 0.194813 0.338580 0.060165 -0.156425 -0.281795 0.259474 0.159627 0.133402 -0.283220 -0.054581 0.122330 -0.194035 0.121205 0.224310 -0.239326 -0.383964 0.190732 -0.157958 -0.229046 0.146006 0.245174 -0.351878 -0.383270 0.315064 0.145081 -0.030413 -0.202160 -0.108365 0.598026 0.020568 -0.215520 -0.080515 0.129554 0.014367 -0.137167 0.204191 0.044756 0.142878 -0.306268 0.237539 -0.220847 
-0.461080 0.165112 -0.388310 -0.402054 -0.108029 0.005104 0.517928 0.049171 0.639987 0.017303 0.187014 -0.024114 -0.262817 -0.064884 0.165229 0.401641 0.200523 -0.152688 -0.380031 0.114174 -0.080861 -0.194742 0.389654 -0.330723 -0.565320 0.149338 -0.115632 -0.183444 0.192838 0.179421 -0.423874 -0.401492 0.195092 0.246336 0.145557 -0.100783 -0.153538 0.586777 -0.111928 -0.033241 0.003744 -0.029971 -0.219797 -0.233911 0.138765 0.136766 0.226011 -0.031482 0.078648 -0.430011 
-0.340194 0.272848 -0.406516 -0.433620 -0.005175 -0.083355 0.417520 -0.084692 0.686773 0.027386 0.186279 0.037389 -0.165821 -0.263637 0.193528 0.306538 0.302018 0.009897 -0.444845 -0.134482 -0.164438 -0.081270 0.406191 -0.551358 -0.527320 0.092644 -0.179248 -0.194207 0.086924 0.458845 -0.219170 -0.276708 0.055077 -0.088616 0.132903 -0.024745 -0.204040 0.570195 -0.147125 -0.156656 -0.040823 0.047148 0.037379 0.038300 0.060147 0.022052 -0.020362 -0.114443 -0.058842 -0.465288 
-0.166220 0.330321 -0.331150 -0.328019 0.008815 -0.170012 0.555062 -0.006465 0.350348 0.134504 0.374025 -0.005976 -0.125245 -0.330987 0.209815 0.277337 0.438786 0.147686 -0.347841 -0.114940 -0.145964 -0.084029 0.105138 -0.326848 -0.408484 0.041629 0.138098 -0.351613 0.208817 0.420253 -0.395887 -0.191278 0.193270 0.055194 0.088366 0.018379 0.007185 0.468692 0.024266 -0.062454 -0.053687 0.004547 -0.012563 -0.299970 0.219367 0.270176 0.077594 -0.175064 0.121196 -0.511344 
-0.345059 0.167032 -0.215156 -0.467041 0.163926 -0.092502 0.465391 -0.031085 0.255534 0.181565 0.412978 -0.085074 -0.173765 -0.579568 0.103563 0.223827 0.316119 0.048270 -0.332900 -0.150789 -0.422369 -0.058681 0.270566 -0.082309 -0.261232 0.008224 -0.058819 -0.184453 0.129594 0.373996 -0.179461 -0.030272 -0.100209 0.041853 0.128182 0.029977 0.089131 0.359960 0.016918 -0.036379 0.079198 -0.080959 -0.313339 -0.021689 -0.023306 0.038633 0.286984 0.029772 0.082671 -0.138559 
-0.345835 0.167680 -0.370264 -0.149309 0.269256 -0.097151 0.269101 0.017655 0.109171 0.035177 0.360773 0.094402 -0.203345 -0.419300 0.200573 0.105824 0.188337 -0.002274 -0.449548 -0.081099 -0.283194 -0.085169 0.036467 -0.181435 -0.140167 0.216032 0.065187 -0.197022 0.226380 0.300312 -0.162211 -0.270691 0.099399 -0.096564 0.322802 -0.243659 0.280462 0.328422 -0.008459 0.228300 -0.214969 0.092885 -0.177273 -0.015322 0.218231 -0.114327 0.158756 0.020922 -0.016064 -0.105452 
-0.187542 0.123970 -0.331549 -0.180499 0.269541 -0.028248 -0.039960 -0.209764 0.105591 0.011950 0.443982 0.081717 -0.160541 -0.377080 0.192499 0.274626 0.141301 -0.056042 -0.250630 -0.041066 -0.325630 -0.001707 0.057818 -0.105133 -0.040724 0.321726 -0.150241 -0.124077 0.113821 0.300531 0.064898 -0.346471 0.089677 -0.031202 0.233793 -0.076189 0.089270 0.561869 0.115669 0.079977 -0.178445 0.092757 -0.082602 -0.202237 0.008645 -0.221734 0.100114 0.125243 -0.252304 -0.229684 
-0.117831 0.093221 -0.292421 -0.153354 0.336461 -0.192236 0.295914 -0.180532 0.078895 0.225925 0.381445 0.340851 -0.137824 -0.284623 0.165005 0.081435 0.083646 0.005391 -0.379041 -0.004082 -0.462226 -0.061246 -0.099298 0.029664 0.229576 0.263949 0.024431 0.010519 0.375864 0.083375 0.035769 -0.410696 0.367503 0.147877 0.223336 0.013173 0.034925 0.528132 -0.100627 -0.103164 -0.220238 0.051316 -0.223979 -0.309640 -0.139009 0.059287 0.004161 0.108469 -0.256693 0.025862 
0.173233 -0.013478 -0.319302 0.203840 0.405215 0.079807 0.089266 -0.177032 0.196063 0.079999 0.146856 0.294467 -0.303274 0.041360 0.448379 0.112765 0.051395 -0.033059 -0.437185 -0.056814 -0.365085 -0.139712 -0.245819 0.078722 0.244518 0.271597 0.172530 -0.148213 0.377487 0.287733 0.091606 -0.463765 0.371877 -0.102826 0.062505 -0.071667 -0.232794 0.435665 0.222362 0.027894 -0.118488 0.041565 -0.087822 -0.090984 0.072563 -0.235777 -0.137126 0.143602 -0.053356 -0.177092 
-0.006461 0.023758 -0.119691 0.084812 0.397622 -0.006657 0.272738 0.104975 0.019332 0.086106 0.226944 0.359261 -0.374098 -0.184570 0.426549 0.002392 0.003704 -0.029808 -0.525559 -0.137624 -0.254290 -0.211177 0.070655 0.154309 0.402492 0.336742 -0.110478 -0.105527 0.327715 0.172059 0.137327 -0.534533 0.336732 -0.050831 0.106959 -0.029973 -0.268511 0.382150 0.069868 -0.130252 -0.400990 0.111992 0.118833 -0.046809 -0.090882 -0.130381 -0.034564 0.062671 -0.018329 0.207296 
0.087802 -0.079988 -0.032741 0.274335 0.319931 0.008229 0.280627 -0.074282 0.025193 0.097069 0.187434 0.238114 -0.411379 -0.027722 0.114112 -0.167726 0.166554 0.087679 -0.380234 -0.010417 -0.389943 0.016680 -0.219404 0.068286 0.614361 -0.057813 0.195280 0.115193 0.566791 -0.002822 0.078660 -0.584136 0.189895 -0.141579 0.152539 0.068164 -0.287503 0.343252 0.065017 -0.280645 -0.308203 0.049302 -0.236787 -0.268151 0.089290 -0.178583 0.042512 0.355604 -0.075750 0.317798 
-0.218710 0.059123 0.135768 0.180117 0.297135 -0.132159 0.083508 -0.049356 -0.003173 -0.028640 0.277297 0.245706 -0.403035 0.095357 0.099134 -0.177851 0.235145 0.123051 -0.297533 0.129770 -0.415236 0.053948 -0.045588 0.129867 0.404791 0.122897 0.070580 0.053101 0.216574 -0.038958 0.006924 -0.261482 0.314585 -0.137377 0.149134 -0.003374 -0.252257 0.287331 -0.121823 -0.296172 -0.144263 0.196018 0.020372 0.009603 -0.059209 -0.201045 0.259482 0.240157 0.045789 0.474980 
-0.307608 0.057052 0.127390 0.303773 0.104125 -0.244908 0.097844 0.123111 -0.061686 -0.030555 0.072120 0.145674 -0.327603 0.250421 -0.115975 -0.182380 0.031050 0.114793 -0.364823 0.013209 -0.285118 0.173316 0.008132 0.355825 0.193912 -0.008747 0.376439 0.340533 0.554987 -0.022648 0.157998 -0.270184 0.439663 -0.176950 -0.068964 0.193537 -0.282715 0.462108 -0.235800 -0.498517 -0.131538 -0.004731 0.010205 -0.065956 0.033828 0.147679 0.144759 0.354232 -0.193560 0.333372 
-0.042482 -0.185560 0.001041 0.441621 0.001146 -0.279144 0.174966 0.007769 -0.237559 -0.049712 0.054072 -0.057925 -0.313502 0.275952 -0.142646 -0.366900 0.137927 -0.024645 -0.209514 -0.102352 -0.261969 0.109487 0.032754 0.383613 0.228466 0.034264 0.259129 0.142740 0.576075 -0.171393 0.058906 -0.223332 0.740640 -0.145623 -0.214303 0.177131 -0.312020 0.360496 -0.107315 -0.688128 -0.033268 0.093797 0.087160 -0.095259 0.030703 -0.100102 0.159948 0.280789 -0.026249 0.324376 
-0.116406 -0.067040 0.071842 0.264437 -0.073197 -0.373435 -0.004878 0.045087 -0.311771 -0.014535 -0.007887 0.110943 -0.497426 0.701242 -0.437225 -0.501583 -0.063315 0.000368 -0.179027 0.173943 -0.120737 0.165725 -0.360611 0.327885 0.365595 0.020164 0.218829 0.271887 0.508665 -0.017488 0.086842 -0.248004 0.778062 -0.251511 -0.197031 0.017403 -0.320765 0.252012 -0.082929 -0.680578 0.070894 -0.055557 0.005339 -0.107634 0.044717 -0.000310 -0.023173 0.128199 -0.187227 0.402247 
-0.302044 -0.086930 0.242416 0.357406 -0.067322 -0.464841 -0.129233 0.161268 -0.318837 0.029479 0.215084 0.249255 -0.538626 0.380384 -0.332771 -0.537101 0.218356 -0.211527 0.089852 0.116438 -0.233772 0.378334 -0.246908 0.467157 0.353718 0.048046 -0.069208 0.364696 0.430640 -0.215987 0.095076 -0.143632 0.673180 -0.393806 -0.120880 -0.069944 -0.241130 0.190521 0.011677 -0.843691 -0.108528 0.106541 0.021209 -0.011370 0.046376 -0.019285 -0.059841 0.282025 -0.082436 0.543664 
-0.190777 -0.216989 0.258882 0.276566 0.075507 -0.507837 -0.065327 -0.155494 -0.186112 -0.047771 0.310203 0.341056 -0.426127 0.545539 -0.179452 -0.488252 -0.002374 -0.456039 0.065934 0.076611 0.022372 0.439642 -0.085036 0.405117 0.367848 -0.032015 -0.100435 0.331806 0.291611 -0.232369 0.039463 -0.092192 0.479148 -0.177513 -0.150007 -0.105245 -0.126718 0.073654 -0.204284 -0.412830 -0.148435 -0.147560 -0.106413 0.059899 0.327037 -0.118503 0.164518 0.335912 -0.061280 0.529087 
0.006989 0.062929 0.223201 0.321744 -0.172885 -0.421480 -0.053727 -0.120911 0.024824 -0.076172 0.036111 0.335024 -0.269420 0.376244 -0.100912 -0.571929 0.262486 -0.001115 -0.130669 -0.136706 -0.088286 0.531050 -0.094602 0.293625 0.420202 -0.017575 -0.049813 0.116610 0.472908 -0.430084 0.139615 0.000802 0.361384 -0.351296 -0.338243 -0.315085 -0.337705 0.044485 -0.240059 -0.662966 0.017771 -0.162697 0.116744 0.164232 0.351654 -0.090641 0.071094 0.256171 -0.096001 0.368061 
-0.218993 -0.041107 0.200294 0.138728 0.078256 -0.519396 0.014804 0.049376 0.002077 -0.023881 -0.210561 0.128472 -0.320380 0.546276 -0.130726 -0.205703 -0.110863 0.031738 0.036844 0.168906 -0.021327 0.631964 0.163638 0.165347 0.330360 -0.322623 0.149781 0.308707 0.389096 -0.393061 -0.032607 0.071508 0.614341 -0.402113 -0.290934 0.047413 -0.354858 -0.147768 -0.386985 -0.581642 0.049067 -0.098090 0.060662 0.087612 0.271851 -0.256346 -0.059336 0.121716 0.133783 0.190023 
-0.241370 -0.035057 0.016686 0.139615 0.217104 -0.660971 -0.050712 0.004035 0.080099 -0.033604 -0.336208 0.232206 -0.089486 0.483342 -0.288411 -0.106804 0.082163 0.111077 0.102432 0.237427 -0.036728 0.263400 -0.071934 0.173406 0.221295 -0.347103 0.157424 0.338655 0.494758 -0.413553 -0.092810 -0.093914 0.337902 -0.220427 -0.173615 0.064066 -0.260052 -0.047503 0.042039 -0.591686 0.030067 -0.194039 0.104849 0.106854 0.336273 -0.048884 0.322061 0.289443 0.008788 0.243895 
-0.373186 -0.015006 0.289754 -0.052560 -0.004873 -0.575935 -0.088030 0.088608 0.099939 0.025957 -0.297117 0.231188 -0.277123 0.147974 -0.183753 0.121173 0.318680 0.279223 0.254430 0.065711 0.233350 0.601333 0.088421 0.182041 0.265637 -0.614506 0.425935 0.221174 0.387806 -0.443520 0.184533 -0.070178 0.336169 -0.403665 -0.027424 0.036139 -0.340394 -0.358979 0.030983 -0.523773 0.095213 -0.221197 0.143804 0.063088 0.148320 0.005471 0.353243 0.214255 0.025348 0.121489 
-0.197579 -0.013602 0.173738 -0.170883 -0.126163 -0.532928 -0.135920 0.174581 -0.061732 -0.070523 0.020729 -0.016342 -0.374091 0.000981 -0.207634 0.179806 -0.005515 -0.009835 0.260413 0.006703 0.316063 0.617499 0.085830 0.249650 0.275274 -0.416924 0.338807 0.158049 0.132777 -0.166857 0.150143 0.099513 0.274472 -0.095623 -0.196040 -0.099423 -0.225791 -0.452987 0.006658 -0.272414 0.094836 -0.235740 0.052482 0.150534 0.197442 -0.095311 0.524413 0.477922 -0.247919 0.026314 
-0.440417 0.055751 0.167192 -0.177493 -0.086481 -0.480368 -0.010612 0.238225 -0.107685 0.062014 -0.090489 0.150941 -0.236649 0.020271 0.109782 0.109706 0.010606 0.181324 0.241058 0.101871 0.369941 0.372154 0.050569 0.250894 0.038882 -0.624812 0.597416 0.243919 0.056420 -0.175839 0.184734 -0.223498 -0.034902 -0.323336 0.022483 0.150652 -0.439834 -0.264892 -0.075814 -0.380291 0.085080 -0.239242 -0.008160 0.057444 0.023041 -0.050232 0.298892 0.297664 0.177976 0.445551 
-0.448352 0.255667 0.248214 -0.013603 0.069562 -0.485666 0.121181 0.055825 0.080468 -0.032952 -0.233850 0.162070 -0.300403 0.008369 -0.038923 0.227435 -0.110598 0.126432 0.129184 0.287580 0.140446 0.287408 0.313471 0.109444 0.207135 -0.229130 0.464151 0.067871 -0.120277 -0.487563 0.163477 -0.588709 0.032978 -0.413427 -0.226259 0.480684 -0.105790 -0.290871 -0.363864 -0.146118 -0.107621 -0.059756 0.081528 0.136458 0.308394 0.034486 0.182306 0.133582 0.088499 0.525791 
-0.617337 0.545343 0.436659 -0.066976 0.085736 -0.495471 0.157248 -0.112837 0.046054 -0.500711 -0.201223 0.189280 -0.243384 0.049584 0.213916 0.116984 -0.221087 0.227462 -0.025515 -0.012663 0.163478 0.202244 0.231105 0.040327 0.097047 -0.259272 0.429932 0.051522 -0.110776 -0.217551 0.534184 -0.477355 0.038958 -0.138564 -0.116368 0.315075 -0.043056 -0.357515 -0.338195 -0.197446 -0.326071 -0.104880 0.079911 0.228912 0.058877 -0.021450 -0.099287 0.128069 0.300358 0.416978 
-0.555007 0.504514 0.583094 -0.045677 0.174100 -0.012956 0.005801 -0.048011 -0.077506 -0.513794 -0.301116 0.058681 -0.302374 0.023067 0.193147 0.340037 -0.058635 0.281237 -0.002451 0.103644 0.104453 0.197159 0.455185 0.022703 -0.071343 -0.201159 0.477383 -0.184656 -0.292448 -0.376300 0.552285 -0.547326 0.031589 -0.275922 -0.174743 0.186320 0.036857 -0.502888 -0.187669 0.055200 -0.234767 -0.202592 -0.008206 0.225861 0.368607 -0.035073 -0.300877 0.154471 0.331330 0.494810 
-0.515414 0.609541 0.261757 0.103144 0.015367 -0.146556 -0.248901 -0.092777 -0.119963 -0.825024 -0.064115 -0.001337 -0.099943 -0.001471 0.243290 0.175575 -0.036183 0.040583 0.148876 0.038627 0.236370 -0.032982 0.268342 0.258469 -0.064908 0.039472 0.279387 -0.375081 -0.522006 -0.240361 0.598104 -0.357901 0.134881 -0.084411 0.079561 0.026817 0.287368 -0.223388 -0.404323 0.206168 -0.306776 -0.257392 -0.043337 0.369312 0.337748 -0.111403 -0.181245 0.013515 0.267043 0.527346 
-0.290491 0.592778 0.145943 -0.027118 -0.223979 0.115981 -0.192469 -0.006518 -0.162726 -0.612130 -0.129246 -0.121483 0.082743 -0.081290 0.042110 0.321001 -0.367440 -0.006665 0.333654 0.102945 0.209900 0.166611 0.370830 -0.122059 -0.084677 -0.213662 0.209040 -0.702153 -0.480836 -0.229367 0.613062 -0.154150 0.144508 -0.152350 0.077914 0.200993 0.206938 -0.108022 -0.257786 0.167795 -0.228748 0.011132 -0.177597 0.239262 0.497439 -0.057412 -0.202928 0.205619 0.302485 0.314947 
-0.062924 0.395594 -0.208634 -0.164651 -0.129667 0.174529 -0.395737 -0.041499 -0.192997 -0.385640 -0.043791 -0.185789 -0.037589 0.038457 -0.123031 0.285033 -0.114993 0.066083 0.370705 -0.155010 0.131649 0.122306 0.471085 0.031243 -0.030500 -0.228867 0.041323 -0.634923 -0.392285 -0.053600 0.220409 -0.050385 -0.000270 0.017085 0.067930 0.198644 0.185036 -0.221445 -0.216105 0.261343 -0.188169 0.055419 -0.138019 0.293422 0.438026 0.039515 -0.220477 0.263144 0.238018 0.378308 
0.131821 0.292619 -0.187832 -0.028232 0.009277 0.039890 -0.404808 -0.065769 -0.134178 -0.251494 0.258929 -0.021092 -0.119035 0.049515 -0.262991 0.283394 0.083098 0.098602 0.357224 0.140914 0.191678 0.190533 0.263498 0.028505 -0.304663 -0.321452 -0.173962 -0.499278 -0.287177 -0.092015 0.374177 -0.068223 -0.036481 0.023230 0.239152 0.250080 -0.002033 -0.241776 -0.116810 0.158714 -0.070285 0.114702 -0.106653 0.212029 0.237413 0.131588 -0.073970 0.150909 0.128794 0.313516 
0.348221 0.279115 -0.505555 -0.032301 0.040633 -0.203708 -0.677705 -0.196883 -0.212599 0.005119 0.166425 0.036639 -0.399046 0.164439 -0.348547 0.224827 0.165555 -0.048981 0.390836 0.094616 0.204528 0.400319 0.468084 -0.038817 -0.212540 -0.067963 -0.089661 -0.386672 -0.216619 0.142286 0.443310 -0.176224 0.024599 0.046860 0.140662 0.380582 0.099238 -0.232972 -0.165220 0.140953 0.084625 -0.021857 -0.328174 0.290764 0.134947 0.398996 0.058733 0.479535 -0.019479 0.063920 
0.472345 -0.300256 -0.448175 0.059743 -0.211244 0.039115 -0.676341 -0.153788 -0.260757 0.197958 0.216998 -0.068041 -0.414616 0.150207 -0.343151 0.378518 0.248387 -0.058503 0.348409 0.066971 0.343252 0.643390 0.341712 -0.271777 -0.324080 -0.137092 -0.256288 -0.424926 -0.093385 0.108727 0.358654 -0.130872 0.105969 0.172172 0.076477 0.213485 -0.121380 -0.166672 -0.014713 0.011745 0.391227 0.030506 -0.298791 0.107169 -0.327473 0.491371 0.030077 0.461995 -0.226483 0.129480 
0.742167 -0.518608 -0.886604 -0.080439 -0.111292 0.264194 -0.429492 -0.172682 0.016980 0.529882 0.382956 0.137282 -0.601791 0.185091 -0.178785 0.356181 0.153940 -0.055762 0.362824 0.164026 0.032863 0.501693 0.092727 -0.242035 -0.376093 -0.056709 -0.146525 -0.450244 -0.006341 0.271317 0.305354 -0.147351 0.078327 0.217692 0.257620 0.263089 -0.169728 -0.239291 0.395918 0.149903 0.550913 0.135201 -0.272269 0.260867 -0.462938 0.390276 0.146509 0.499873 -0.462007 0.069638 
0.793753 -0.767422 -0.783539 0.023336 -0.149104 0.257136 -0.566034 -0.170332 0.153522 0.406742 0.689406 -0.095244 -0.365860 0.068903 -0.243439 0.144690 0.359897 -0.011205 0.250180 0.358749 0.196561 0.481169 0.375291 0.024381 -0.452456 -0.210263 -0.169207 -0.165547 0.120054 0.137187 0.116117 -0.048143 -0.022993 0.300567 0.371141 0.017359 -0.292543 -0.402327 0.508266 0.172908 0.685796 0.036503 -0.497542 -0.060888 -0.670387 0.547373 0.231413 0.501575 -0.301211 0.207291 
0.884669 -0.672735 -0.617269 -0.135506 -0.204360 0.472488 -0.307982 -0.527416 0.367083 0.401386 0.670283 -0.096548 -0.372418 -0.081536 -0.073745 0.206630 0.054222 -0.161083 0.173816 0.138386 0.156364 0.330723 0.251503 -0.189398 -0.292294 -0.311819 0.030460 -0.248408 -0.041295 -0.029642 -0.111780 0.206372 0.028742 0.128724 0.364586 0.119060 0.061699 -0.432757 0.348833 -0.052709 0.482858 0.000784 -0.533791 -0.021724 -0.605500 0.517660 0.224700 0.521667 -0.463101 0.281194 
0.932974 -0.453942 -0.629404 0.087725 -0.037219 0.492122 -0.301637 -0.365570 0.306274 0.521822 0.583610 0.146209 -0.432856 -0.029607 -0.068068 0.215207 -0.021916 -0.048545 0.245994 0.520627 0.255376 0.002366 0.157240 -0.273100 -0.321273 -0.437445 0.239375 0.151487 0.039712 -0.078284 -0.064920 0.391849 -0.064784 0.077871 0.238021 0.115149 -0.158677 -0.406497 0.482266 0.103754 0.330146 -0.007505 -0.219972 -0.195287 -0.572091 0.610382 0.019362 0.429283 -0.261735 -0.061531 
0.789917 -0.194944 -0.210891 0.011821 -0.202166 0.787630 0.051711 -0.158161 0.273339 0.269288 0.402292 0.006069 -0.198994 -0.042633 0.202721 0.253871 0.036274 0.133731 0.185264 0.371352 0.082620 0.210565 0.108266 0.028393 -0.261361 -0.718502 0.313325 0.272486 -0.025076 -0.263922 -0.042337 0.415585 0.027166 0.211544 0.092317 0.230521 0.050278 -0.330862 0.137974 0.187598 0.170581 -0.125657 -0.218909 -0.158241 -0.556942 0.431172 -0.005410 0.373349 -0.022460 0.213282 
0.912593 0.064435 0.271825 0.207531 0.054113 0.576156 0.105244 0.141471 0.137740 0.251531 0.157671 0.130564 -0.115636 0.170770 0.188895 -0.139052 -0.036786 -0.122490 0.324890 0.185293 -0.036337 -0.101176 0.184699 0.049193 -0.144058 -0.557884 0.377621 0.500550 -0.217852 -0.307110 -0.010948 0.295337 -0.321313 -0.067655 0.099277 0.377596 0.025830 -0.275260 0.440441 -0.142223 -0.037344 -0.140102 0.026442 -0.238153 -0.625983 0.004464 0.140472 0.283063 -0.187001 0.125496 
0.825767 0.255577 0.244983 0.130228 0.087123 0.447610 0.116512 0.331086 0.144804 0.308976 0.051122 0.033184 -0.115540 -0.223607 0.187808 -0.002987 -0.228459 -0.166216 0.506489 -0.018837 -0.391059 -0.269576 0.090207 0.025623 -0.142197 -0.457162 0.251629 0.571854 -0.063929 -0.270468 0.127229 0.122186 -0.163109 0.159465 -0.078551 -0.048687 0.042552 -0.067971 0.584482 -0.176455 -0.143273 -0.162250 -0.015869 0.021220 -0.407178 -0.054631 -0.045750 0.051967 0.023700 0.212537 
0.568320 0.273313 0.802662 0.334877 0.227430 0.342920 0.064044 0.581965 -0.330898 0.035589 -0.188816 0.081115 -0.112669 -0.444552 0.055851 0.105338 -0.468194 0.082869 0.451342 -0.151094 -0.559361 -0.265109 -0.189573 0.321966 -0.114289 -0.258694 -0.122897 0.155598 -0.069143 -0.264926 0.274692 -0.207763 -0.147260 0.022503 -0.372781 0.157514 0.172163 0.064976 0.555837 0.101101 -0.164841 -0.191721 0.275612 0.461747 -0.245447 -0.301207 -0.038616 0.008513 -0.092420 0.299685 
0.395782 0.217525 0.673590 0.240485 0.199660 0.153758 0.190108 0.827816 -0.637667 0.114190 -0.523289 0.065117 -0.312162 -0.545129 0.317070 0.267367 -0.543642 0.119440 0.360025 -0.266791 -0.421772 -0.404616 -0.402122 0.449671 -0.233173 -0.075142 -0.427642 0.119520 -0.297985 -0.132426 0.539374 -0.386660 -0.433691 0.063362 -0.174571 0.133569 0.318953 -0.049445 0.763182 0.256731 -0.016043 -0.039489 0.074574 0.487074 -0.007860 -0.514120 -0.148591 0.179258 -0.206602 0.138339 
0.098438 0.171825 0.956445 0.157316 -0.018560 0.201124 0.370703 0.842180 -0.637669 0.323792 -0.699126 0.088091 -0.343699 -0.435816 0.262002 0.066019 -0.542393 0.402194 0.158814 -0.288249 -0.329629 -0.455927 -0.256897 0.335712 0.066466 0.148973 -0.494511 0.169493 0.024546 -0.262000 0.404608 -0.415611 -0.334113 0.073040 -0.159534 0.182037 0.047079 0.391426 0.686651 0.374141 0.263981 0.035665 0.106226 0.230023 0.281090 -0.711526 0.112251 -0.113001 -0.163124 0.379691 
-0.096056 -0.198733 0.469519 -0.238986 -0.278074 0.038386 0.503709 0.669083 -0.635773 0.630431 -0.592022 0.059006 -0.383433 -0.285967 0.399386 0.261089 -0.553052 0.362950 0.001971 -0.040065 -0.020945 -0.177602 -0.262135 0.038757 0.108279 0.165287 -0.528331 0.056643 0.244277 -0.387467 0.396585 -0.462571 -0.071022 0.085873 0.056375 -0.053094 -0.074857 0.309119 0.524463 0.144716 0.456403 -0.056464 -0.088468 0.218733 0.242753 -0.418046 0.350378 -0.097411 -0.247031 0.468070 
0.256103 -0.118464 0.394023 -0.585503 -0.520560 -0.149118 0.236276 0.362584 -0.352099 0.957345 -0.503341 -0.179391 -0.370029 -0.215971 0.132544 0.243003 -0.538193 0.164351 0.105591 0.048573 0.119492 0.009763 -0.327436 0.036583 0.074443 0.271601 -0.478312 -0.089034 0.499313 -0.313814 -0.016237 -0.547699 -0.025530 0.119301 0.278309 -0.063708 0.310183 0.173952 0.171139 -0.051909 0.301475 0.007420 -0.130765 0.232980 0.748129 -0.280366 0.191549 0.008144 -0.173944 0.268585 
0.029377 0.150983 -0.072099 -0.291271 -0.537940 0.018847 0.237833 -0.045472 0.138379 0.638536 -0.355874 -0.181252 -0.092420 -0.185846 -0.001896 0.199636 -0.386301 -0.010807 0.113903 -0.139917 0.404834 0.128762 -0.434086 -0.128213 0.069810 0.048343 -0.164227 -0.230836 0.286992 -0.374982 -0.154436 0.176150 0.091925 0.086178 0.166105 -0.647383 0.311840 -0.024693 0.106879 -0.307366 0.020270 0.185775 -0.383229 0.265510 0.883276 -0.186057 -0.032329 -0.035880 0.463093 0.153354 
0.282216 0.234219 -0.435020 -0.208444 -0.422544 0.058933 0.330330 -0.126386 0.578770 0.406761 -0.280659 -0.287842 0.319703 -0.136796 -0.288777 0.126189 -0.426858 -0.032590 0.005256 -0.516774 0.343155 0.079567 -0.199984 0.046853 0.187057 -0.093189 0.054232 -0.357583 0.025147 -0.161275 -0.118793 0.420134 0.022640 -0.098322 0.174584 -0.759559 0.342999 -0.005943 -0.002989 -0.432347 -0.318760 0.187952 -0.289012 0.189471 0.821114 -0.128905 -0.334521 -0.166470 0.641226 0.077420 
0.013710 0.313810 -0.540425 0.082278 -0.368024 0.004064 0.226618 -0.220242 0.336261 -0.032247 -0.263671 -0.489502 0.354890 -0.280804 -0.299285 -0.204317 -0.006302 0.033589 0.130225 -0.739868 0.598581 0.212580 -0.064617 -0.018264 0.348185 -0.313399 0.491309 -0.470195 -0.330012 -0.134413 -0.114671 0.784737 0.126525 0.068756 0.081257 -0.667293 0.367641 0.169885 -0.142416 -0.630355 -0.426534 -0.121649 0.009325 0.059975 0.415770 -0.043887 -0.080970 0.042310 0.668550 -0.560538 
-0.377981 0.085748 -0.151313 0.240313 -0.192015 -0.039149 0.257192 -0.351328 0.323277 -0.382181 -0.299630 -0.205484 0.267541 -0.180366 -0.195247 -0.126465 -0.075196 -0.067480 0.251043 -0.378990 0.249182 0.185466 0.071519 0.180293 0.514214 -0.312719 0.389734 -0.153723 -0.364390 0.027089 -0.242863 0.756104 0.034555 0.033147 -0.029423 -0.250237 0.194596 0.131473 -0.251892 -0.360239 -0.390258 0.135601 0.076674 -0.009356 0.064523 0.391861 -0.133889 0.034625 0.336988 -0.944250 
-0.554482 -0.114409 0.316396 -0.089787 -0.207846 -0.247925 0.090836 -0.181318 0.189171 -0.210752 -0.449209 -0.148012 0.044554 -0.271187 -0.292739 0.238634 -0.004708 -0.158828 0.084980 -0.085339 0.372741 0.208025 0.388112 0.281902 0.425448 -0.429845 0.235362 0.055379 -0.277978 0.042709 -0.366539 0.662286 0.092649 -0.109003 -0.108193 0.258273 0.050120 0.119364 -0.210252 -0.306986 -0.395786 -0.073800 0.517825 0.142704 -0.366387 0.383529 -0.045373 0.154981 -0.105935 -0.886077 
-0.442592 -0.269415 0.467578 0.088818 0.101445 -0.479959 -0.289635 -0.135763 0.449048 -0.021801 -0.502894 -0.042224 -0.264571 -0.215641 -0.203828 0.136421 0.129930 0.023896 -0.404032 0.074677 0.044181 0.198812 0.180199 0.536822 0.341631 -0.424086 0.180322 0.409699 0.029095 0.088745 -0.224529 0.435481 0.240283 0.113573 -0.178393 0.291004 -0.181212 0.448172 -0.010822 -0.350682 -0.046341 -0.017352 0.355984 -0.142245 -0.664861 0.213285 -0.088901 -0.081389 -0.236410 -0.712607 
-0.242498 -0.162491 0.505045 0.037697 0.211612 -0.127705 -0.386924 -0.180840 0.539829 -0.191585 -0.355330 -0.197830 -0.195436 0.176656 -0.280690 -0.019444 -0.140253 -0.176384 -0.475734 0.126364 -0.302967 0.147491 0.206045 0.621172 0.272732 -0.058856 -0.000628 0.620333 0.198980 0.039997 -0.160200 -0.164801 -0.109253 0.233497 -0.071465 0.201204 -0.340477 0.137316 -0.283980 -0.170601 -0.078802 0.072333 0.346910 -0.123030 -0.771674 -0.125807 0.169286 -0.207115 -0.179338 -0.230981 
-0.140927 0.040344 0.038050 0.140595 0.253436 -0.007320 -0.528096 -0.379440 0.475476 -0.677748 -0.019305 -0.185835 0.030826 0.063507 0.062425 -0.146790 -0.108550 -0.124428 -0.226220 0.483809 -0.166208 0.172084 0.236021 0.443630 0.344421 0.228501 -0.093264 0.354392 0.096355 -0.084521 0.168981 -0.674453 -0.185079 0.343863 -0.001426 0.133334 -0.209955 -0.294179 -0.164997 0.006076 -0.089178 -0.018581 0.486358 -0.344982 -0.703963 -0.075649 0.197834 -0.143080 0.150014 0.635907 
0.033977 0.287301 -0.115437 0.128030 0.074939 0.064090 -0.486557 -0.668892 0.433722 -0.549605 0.271818 0.333072 0.261826 0.038503 -0.114079 -0.478762 -0.172985 -0.247183 0.353267 0.562063 -0.053884 -0.146124 0.269693 -0.018766 0.023868 0.419986 -0.475136 0.209574 -0.016639 0.097044 0.250780 -0.701809 -0.017495 0.443133 -0.013767 -0.037045 -0.147405 -0.490190 -0.189799 0.005060 -0.156552 -0.050099 0.319837 -0.066159 -0.609560 -0.285280 0.075501 0.017766 -0.058221 1.135798 
0.466092 -0.117545 0.099018 0.059571 0.058917 0.082645 0.137938 -0.766951 0.317747 -0.043718 0.517259 0.329998 0.254966 0.340347 0.111956 -0.406771 0.067610 -0.431994 0.420525 0.333196 -0.057815 -0.386580 -0.009664 -0.246510 -0.355446 0.410414 -0.370681 -0.145481 0.091929 -0.017946 0.336456 -0.267359 0.049390 0.187481 -0.049866 -0.149172 -0.298133 -0.460400 -0.133967 0.046186 -0.176374 0.108235 0.340770 -0.087358 -0.529377 -0.339321 -0.074250 0.085901 -0.204964 0.655566 
0.566548 -0.249539 0.072606 -0.477463 0.057294 -0.153874 0.559123 -0.610516 0.117602 0.523158 0.289855 0.330091 0.132985 0.129606 0.074626 -0.140753 0.071966 -0.162592 0.341564 0.189976 0.183298 -0.257477 -0.003058 -0.628923 -0.498848 0.203861 -0.450283 -0.342947 -0.016042 -0.179802 0.072542 -0.023360 0.050876 -0.258230 0.072547 -0.173396 -0.357621 -0.206669 -0.190456 0.196825 0.092597 0.257711 -0.040430 -0.084906 -0.313169 -0.375039 -0.209628 -0.004726 -0.425630 0.047006 
0.179310 -0.292411 0.096200 -0.701644 0.168153 -0.133662 0.621501 -0.393647 -0.303625 0.730492 0.294536 -0.032597 -0.079080 0.455095 0.146356 -0.062109 -0.043725 -0.067584 -0.161052 0.012153 -0.220494 -0.042815 -0.243963 -0.824501 -0.528499 0.344421 -0.169612 -0.284028 -0.009450 -0.209721 0.103349 0.161009 0.209977 -0.433647 0.042512 -0.175915 -0.470854 -0.237263 0.230377 0.282446 0.054582 0.112078 -0.195526 -0.051777 0.092545 -0.391678 -0.205250 0.016929 -0.480129 -0.132685 
-0.200199 -0.406159 0.033784 -0.187083 -0.008581 -0.055406 0.358978 -0.405281 -0.536804 0.376418 0.217706 -0.128388 -0.069249 0.260935 0.145148 0.008513 0.192207 -0.011589 0.059260 0.046624 -0.153733 -0.251165 -0.185923 -0.505605 -0.229159 0.496424 -0.066497 -0.389390 -0.108676 -0.152414 -0.081944 0.185909 0.224880 -1.054163 -0.022564 0.056136 -0.341507 -0.439568 -0.300245 0.133435 0.301323 0.147105 -0.043189 0.027689 0.664198 -0.012743 0.038114 0.098597 -0.424303 0.015490 
-0.219308 -0.122563 -0.046342 0.417700 -0.184710 0.273378 0.128427 -0.221267 -0.858297 0.015092 0.141323 0.081115 -0.128951 -0.113426 0.377025 -0.139179 0.237900 -0.210237 0.151807 -0.238947 -0.178550 -0.184781 -0.213033 -0.083955 -0.052839 0.452559 -0.126472 -0.076270 -0.302742 -0.030348 -0.442171 0.346228 0.254016 -1.091198 -0.152752 0.296472 -0.156479 -0.500207 -0.545144 -0.173527 0.400778 -0.151670 0.099462 0.261237 0.775572 0.045542 0.152907 -0.257535 -0.011000 0.387557 
-0.190344 0.159685 -0.115880 0.404382 -0.240038 0.198922 -0.253970 -0.336581 -0.869355 -0.019138 0.081404 0.085740 0.148499 -0.337660 -0.007507 0.272834 -0.097053 -0.203676 -0.154916 -0.663332 -0.017640 -0.069287 -0.344428 0.076661 0.043472 -0.269450 -0.031550 0.139470 -0.291168 -0.097158 -0.287960 0.156554 0.122598 -0.820586 -0.185211 0.268073 0.375273 -0.265522 -0.601123 0.252133 0.242987 -0.101641 0.025606 0.294608 0.397183 0.089554 0.027213 -0.531684 0.000257 0.149179 
-0.293844 -0.388396 -0.150419 0.508156 -0.114002 -0.134944 -0.678877 -0.358495 -0.749972 -0.191812 0.394815 0.067687 0.169399 -0.533665 -0.169546 0.070833 -0.104398 -0.111733 -0.292989 -0.861684 0.119493 -0.016644 -0.147748 0.294125 0.086564 -0.338061 0.241395 0.425751 -0.077291 0.130264 -0.043423 0.179181 0.025407 -0.187825 -0.130116 0.192312 0.818016 0.170312 -0.279096 0.565409 0.295286 -0.141628 0.359323 0.189485 0.166053 0.140702 0.355584 -0.323709 0.040056 -0.381224 
-0.310435 -0.769159 -0.036834 0.594550 0.171055 -0.164815 -0.838343 -0.243513 -0.578039 -0.834729 0.671668 -0.032788 0.496842 -0.249429 -0.583065 -0.175082 0.125938 0.127778 -0.362310 -0.457683 0.278938 -0.181303 -0.030008 0.533255 -0.081367 -0.550739 0.291099 0.663529 0.157425 0.406889 0.090362 0.181457 -0.220451 0.393825 -0.259836 0.027366 0.781214 0.348405 0.178552 0.401315 -0.170828 0.047497 0.304399 0.507481 0.001810 0.206951 0.192024 -0.080532 -0.252027 -0.022859 
-0.315501 -0.750203 0.128459 0.261189 0.352422 -0.083627 -0.568552 0.111976 -0.138987 -0.924578 0.489139 -0.192966 0.382229 -0.055926 -0.395231 -0.061389 0.101060 0.059604 -0.353494 -0.106146 0.180238 0.013538 0.162058 0.433041 -0.417671 -0.646084 -0.134480 0.528646 0.374632 0.554753 0.493438 -0.026237 -0.280918 0.798603 -0.205089 0.057819 0.697115 0.556927 0.419133 0.130154 -0.042575 0.307928 0.101369 0.417155 -0.154742 0.095244 -0.020737 -0.135231 -0.380054 -0.230942 
-0.021293 -0.274465 -0.104016 -0.194616 0.432302 -0.396012 -0.070855 0.120863 0.296616 -0.782211 0.197409 -0.325387 0.241230 0.057211 0.090586 0.474055 -0.082612 0.199094 -0.528239 0.089077 0.184043 0.221042 0.060193 0.145510 -0.220239 -0.270503 -0.353252 0.552475 0.474922 0.498098 0.522856 -0.449915 -0.242643 0.841904 -0.098298 0.183384 0.509596 0.353271 0.698986 0.576240 -0.160073 0.283720 0.149339 0.300332 -0.175221 0.093360 0.026798 -0.026612 -0.532085 -0.150086 
-0.105450 0.051356 -0.215141 -0.259207 0.413186 -0.574239 0.331176 0.057949 0.629775 -0.237462 0.149073 -0.603440 0.103823 0.032818 0.219140 0.564273 -0.137856 -0.146924 -0.668478 0.408955 0.131738 0.549279 0.128109 -0.217819 -0.293052 -0.151976 -0.503312 0.217838 0.229719 0.162852 0.109018 -0.337934 -0.311737 0.689381 0.117472 0.419023 -0.041881 0.135139 0.628406 0.456012 -0.235316 0.513096 0.047552 0.243207 0.007549 -0.014288 0.071618 0.103874 -0.150428 -0.475529 
-0.070089 0.164014 -0.175734 -0.205043 0.274304 -0.692586 0.479512 0.257550 0.875991 -0.091416 0.289720 -0.487134 -0.085611 0.243792 0.355577 0.403896 -0.408585 -0.266855 -0.695845 0.464058 -0.041631 0.743945 -0.082010 -0.419990 -0.390220 0.163110 -0.759165 -0.136302 0.174865 -0.139824 0.019176 0.004919 0.018045 0.463663 0.061283 0.243347 -0.168431 -0.224196 0.412703 0.623238 -0.130628 0.511976 -0.027475 0.101564 0.225047 0.128306 0.109989 -0.149554 -0.130820 -0.393399 
-0.014309 0.025850 0.181397 0.048375 -0.064712 -0.809743 0.445308 0.379299 0.914835 0.142831 0.295465 -0.143838 -0.036548 0.357266 0.221083 0.183605 -0.365731 -0.220409 -0.467969 0.747813 -0.053955 0.596042 -0.107032 0.043939 -0.370271 0.338121 -0.705921 -0.561969 -0.039643 -0.317085 -0.314764 -0.022645 0.014763 0.161110 0.170051 -0.007414 -0.559715 -0.258188 0.265638 0.190724 -0.085467 0.300369 0.245214 0.136215 0.177477 0.146410 0.428975 -0.203053 0.087971 -0.161457 
-0.050646 0.313079 -0.026283 0.032246 0.069712 -0.892292 0.548108 0.511117 0.398251 0.238315 0.085138 -0.039991 -0.041289 0.383041 0.475964 -0.038299 -0.229311 -0.316619 -0.192685 0.651370 -0.050701 0.540960 -0.122438 -0.055867 -0.337688 0.515379 -0.661374 -0.537200 -0.168011 -0.386684 -0.100849 0.224409 0.046894 -0.055377 0.339353 -0.116677 -0.774157 -0.085151 0.214258 0.091877 0.062549 0.282825 0.149953 -0.006418 0.036822 -0.056708 0.167823 -0.093253 0.315518 0.073714 
-0.103106 0.059214 0.162890 0.231485 -0.109247 -0.598432 0.382230 0.373929 0.445017 0.276910 0.113959 0.126054 -0.014931 0.179618 0.579087 -0.047894 -0.120746 -0.023005 0.042694 0.537217 -0.101483 0.571846 -0.133590 -0.136929 -0.349938 0.700441 -0.352254 -0.274542 -0.372213 -0.515444 -0.346456 0.164547 0.002270 -0.240615 0.173582 -0.352188 -0.795128 -0.205609 0.143336 -0.081443 0.158791 0.006557 0.125687 0.106243 -0.149653 0.060479 0.101999 0.003724 0.359089 0.348722 
0.011941 -0.003994 0.368489 0.408704 0.084345 -0.187821 0.356980 0.518049 0.114155 -0.226736 -0.071347 0.258624 -0.040933 -0.105355 0.933979 -0.119007 0.100792 0.019732 0.006606 0.170967 -0.291865 0.446489 -0.228916 -0.094877 -0.172933 0.598401 -0.130609 -0.369361 -0.360042 -0.462468 -0.118833 0.116500 0.298209 -0.063464 0.159805 -0.543273 -0.576143 -0.124140 -0.050638 -0.031270 0.096490 0.068383 0.238217 0.167075 0.043616 -0.062027 0.198992 -0.312784 0.421889 0.485472 
-0.102214 -0.150335 0.460344 0.619846 0.003323 0.039566 0.082020 0.583524 -0.174779 -0.297360 -0.135663 0.167269 0.298529 0.060554 0.913935 -0.171676 0.059445 -0.037992 0.206989 -0.136595 -0.557872 0.376511 -0.361659 0.292662 -0.171989 0.311436 -0.172554 -0.043521 -0.334958 -0.220830 0.066818 0.133364 0.060251 -0.130583 0.252895 -0.629905 -0.719739 0.068038 0.042581 -0.127869 0.159855 -0.190461 0.292987 0.289440 -0.100807 -0.546967 0.167732 -0.418214 0.291268 0.168288 
-0.020088 -0.125611 0.251505 0.563879 0.185282 0.340305 -0.206439 0.323381 -0.242559 -0.540325 -0.159693 0.359063 0.129475 -0.030936 0.626926 -0.099566 0.107942 0.010508 0.169365 -0.245284 -0.648136 0.186352 -0.341598 0.070719 -0.005507 0.486156 0.107747 0.080536 -0.419667 -0.375407 -0.058424 0.167419 0.062605 -0.215983 0.361585 -0.837249 -0.459481 0.120103 0.088738 -0.306210 -0.206990 -0.081487 0.044409 0.491546 0.048857 -0.541190 -0.127537 -0.092003 0.288613 0.451163 
-0.063290 0.024920 0.288472 0.681471 0.279164 0.403693 -0.304842 0.019175 -0.305928 -0.602398 -0.303162 0.259180 0.211273 -0.048493 0.655352 -0.260465 0.226306 0.008246 0.289481 -0.410272 -0.519787 0.044781 -0.202813 0.316224 0.256048 0.366805 0.024789 0.222155 -0.404836 -0.208853 -0.094524 0.081376 0.018454 -0.106822 0.168541 -0.812799 -0.021837 0.356320 -0.117583 -0.272383 -0.212879 -0.013916 0.022978 0.397986 0.087841 -0.599755 -0.305835 -0.191606 0.351038 0.074400 
-0.227742 0.145952 0.207974 0.631559 0.279894 0.506973 -0.504971 -0.079851 -0.275071 -0.539409 -0.427659 0.170318 0.169167 0.031033 0.337015 -0.051248 0.213456 -0.289118 -0.042208 -0.550076 -0.458867 -0.059297 -0.248043 -0.050114 0.162419 0.479823 0.244098 0.209857 -0.374129 -0.214448 0.281547 0.229091 0.065038 -0.216367 0.328213 -0.607378 0.113518 0.133427 0.054436 -0.064699 -0.257313 -0.113387 -0.064393 0.464821 0.008570 -0.747695 -0.225659 -0.214051 0.281358 -0.011540 
-0.089672 -0.027175 0.229571 0.602358 0.094657 0.520204 -0.439592 -0.128534 -0.304190 -0.554752 -0.505568 0.173517 0.014239 -0.021445 0.109126 0.056227 0.455462 -0.255195 -0.133798 -0.374382 -0.204897 -0.235077 -0.293178 0.017107 0.529882 0.393116 0.281770 0.223132 -0.280494 -0.129798 0.117488 0.202464 0.014437 0.152705 0.261048 -0.624559 0.294771 0.276706 0.139799 -0.117665 -0.116493 -0.043020 -0.173906 0.356293 -0.248399 -0.445554 -0.556290 -0.013265 0.128488 -0.016709 
-0.154604 0.140291 0.077095 0.379835 0.026893 0.699132 -0.581652 -0.077846 -0.241580 -0.230979 -0.576076 0.236333 -0.271075 0.048646 -0.036788 0.128406 0.178162 -0.093083 -0.199251 -0.650075 -0.132764 -0.284761 -0.097152 0.306501 0.338032 0.378903 0.292394 0.194548 -0.096909 -0.171414 0.285475 0.097479 0.022470 -0.015098 0.202779 -0.276221 0.107137 0.071900 0.238577 0.027271 -0.003744 0.019247 -0.303976 0.123995 -0.054690 -0.261874 -0.437969 -0.058371 0.294983 -0.098768 
-0.018745 0.314471 -0.173606 0.132844 0.123605 0.517496 -0.653794 -0.054856 -0.375421 -0.158947 -0.357612 0.098929 -0.115700 0.416552 -0.077509 0.108203 0.261453 -0.126286 -0.000829 -0.323620 -0.044496 -0.379430 0.116724 -0.027920 0.203791 0.218914 0.296017 0.274394 -0.273638 0.033108 0.073761 0.007017 -0.250563 0.072588 0.434591 -0.283878 0.161377 0.010316 0.182223 0.002661 -0.157133 0.125243 -0.347888 0.103879 -0.289226 -0.239146 -0.336036 -0.065057 0.132534 -0.234873 
0.300994 0.040854 -0.420225 0.052865 -0.013866 0.587214 -0.544385 -0.262560 -0.095827 -0.172315 -0.302781 0.073121 -0.350235 0.289426 -0.231808 0.135415 0.321516 -0.044729 0.078621 -0.409299 -0.036775 -0.504548 0.448663 0.084793 0.093085 0.252886 -0.020336 0.108168 -0.389797 -0.057765 0.251967 -0.047802 -0.062144 0.027782 0.299250 -0.077022 -0.073967 0.099941 0.267851 0.231642 -0.170121 0.110006 -0.448550 0.205674 -0.156507 -0.026656 -0.372748 -0.098141 -0.130707 -0.202483 
0.167663 0.280513 -0.385610 0.244340 -0.066241 0.504063 -0.786711 -0.165105 -0.221500 0.012980 -0.304773 0.162402 -0.234267 0.403629 -0.569847 -0.008035 0.232680 0.112163 0.042242 -0.471773 -0.078892 -0.398452 0.136426 -0.026674 -0.019712 0.223469 -0.144987 -0.064565 -0.305019 -0.004860 0.105390 -0.123925 -0.108962 -0.014573 0.308580 0.109177 0.010533 0.112028 0.147060 0.146754 -0.072575 0.014363 -0.355777 -0.016172 -0.098439 0.301721 -0.369671 -0.273185 0.015103 -0.446508 
0.340566 0.309643 -0.411352 0.154640 0.098410 0.176033 -0.547415 0.036030 -0.294243 -0.057944 -0.002389 0.210689 -0.005571 0.246985 -0.421238 0.046419 0.231344 -0.166741 0.200341 -0.272831 -0.031715 -0.263145 0.341620 0.138243 0.026068 0.429945 -0.158437 -0.099673 -0.307303 -0.153674 -0.043491 -0.356093 -0.049223 0.193865 0.201142 0.069510 0.158685 0.096575 -0.054020 0.057699 0.133814 0.010551 -0.219647 0.152030 0.063691 0.083936 -0.204372 -0.141838 -0.048583 -0.329261 
0.024269 0.189138 -0.340649 0.349156 -0.018899 0.257353 -0.457909 0.145965 -0.082012 -0.061999 -0.104616 0.380252 -0.060303 0.014110 -0.208227 -0.064856 -0.033264 -0.101035 0.252994 -0.034193 -0.145022 -0.248776 0.240345 0.119321 0.084888 0.318229 -0.385296 -0.397026 -0.365392 -0.115958 0.033681 -0.265804 -0.016097 0.148962 0.301050 -0.118558 -0.182649 0.033832 0.167486 0.188639 0.104926 0.098202 -0.148561 0.176675 -0.087201 0.152249 -0.330969 0.068444 0.045815 -0.285545 
0.228782 -0.015297 0.010938 0.494413 -0.060053 0.112148 -0.166056 0.358074 -0.327082 -0.075112 0.125431 0.270946 0.075006 0.119862 -0.255490 -0.354669 0.150576 -0.058841 0.383001 0.085572 -0.125169 -0.339239 0.254838 0.043134 -0.079839 0.254854 -0.178382 -0.143931 -0.324302 0.035990 -0.111152 -0.257890 -0.092357 0.067163 0.100740 -0.079900 -0.159217 0.308145 -0.028068 -0.148485 0.290614 0.036808 -0.196306 -0.027096 -0.021857 0.215644 -0.031607 0.051982 -0.062504 0.017503 
0.087927 0.032121 0.214504 0.356721 -0.197414 0.244185 -0.254992 0.292622 -0.166518 -0.067524 0.234910 0.352854 0.302680 0.058643 -0.168615 -0.302873 0.248563 0.077809 0.067539 0.325490 -0.276474 -0.173708 0.179000 0.094654 -0.046267 0.088971 -0.289150 -0.266345 -0.369140 0.122295 -0.037262 0.031113 0.138492 -0.004028 -0.120146 -0.333164 -0.294039 0.185776 -0.194361 -0.026333 0.095246 0.081760 -0.226503 0.103100 -0.031706 -0.154606 0.034019 0.130745 -0.011320 0.263743 
0.179185 0.019514 0.184543 0.201432 -0.337985 0.122376 -0.057930 0.308314 -0.152990 0.169215 0.286402 0.335234 0.335711 0.071105 -0.391036 -0.352410 0.110140 0.019236 0.442389 0.479419 -0.217419 -0.173006 -0.025741 0.046513 -0.170679 0.048418 -0.211759 -0.217107 -0.094353 0.216055 0.034775 -0.201820 0.057255 0.001433 -0.029041 -0.523991 -0.206302 -0.072469 -0.080990 -0.209329 0.189046 -0.041847 -0.059264 -0.027108 -0.009861 -0.099241 -0.213397 0.106246 -0.093043 0.195904 
0.129090 -0.099065 0.348977 0.124119 -0.155303 0.084561 -0.081058 0.160423 -0.122043 0.104182 0.132786 0.246075 0.480791 0.025444 -0.196897 -0.196146 0.230521 0.168498 0.370748 0.360705 -0.229398 -0.092621 0.232453 0.099965 -0.026021 -0.165793 -0.215715 -0.362866 0.086402 0.255775 -0.234425 -0.120491 -0.099545 0.016103 0.027058 -0.514110 -0.011640 0.215025 -0.131586 -0.241088 0.049477 0.131788 -0.005465 -0.082895 0.029558 -0.178290 -0.086354 0.043522 0.193486 0.163106 
0.175483 -0.134661 0.368234 0.215901 -0.213188 0.325928 0.079674 -0.082035 0.113185 0.152977 0.185289 0.274253 0.500858 0.097643 -0.128310 -0.339814 0.216993 0.067904 0.157917 0.332489 -0.304477 -0.160572 0.247512 0.219064 -0.099274 -0.048846 0.034692 -0.254229 -0.073448 0.302728 -0.016964 0.117371 0.078173 -0.044948 -0.137442 -0.271831 0.122381 0.100492 -0.251787 0.011860 -0.120617 -0.063128 0.161397 -0.085323 0.096570 -0.059134 0.013585 0.033374 0.144656 0.214835 
0.011984 -0.241802 0.280665 0.156958 -0.032575 0.234181 -0.122195 0.067178 0.090756 -0.022490 0.118911 0.010714 0.288647 0.202568 -0.089299 -0.184794 0.055533 0.150936 0.286154 0.170576 -0.178793 -0.115140 0.092293 -0.153742 0.034172 -0.094814 0.257704 -0.167287 0.078066 0.180901 -0.148494 0.064753 -0.004891 0.088435 -0.071756 -0.456718 0.152187 0.173601 -0.356768 0.109061 -0.019709 0.095067 0.020003 -0.108434 0.137405 -0.101765 -0.000230 0.003087 0.060191 -0.184351 
0.348678 -0.556105 0.310579 -0.106940 -0.019113 0.114695 -0.017856 0.149305 0.205369 0.164085 0.154836 0.164854 0.484055 -0.096053 0.031519 -0.359816 -0.010346 0.093318 0.005626 0.250857 0.167461 0.082947 0.087445 -0.029353 -0.016158 -0.321275 0.175929 -0.070554 0.075757 0.259978 -0.118673 0.060774 0.078770 0.330883 -0.028234 -0.282066 0.119797 -0.100084 -0.170041 0.003554 -0.058092 -0.035852 0.131552 -0.354098 -0.122230 0.041085 0.126566 0.004926 -0.199483 -0.386507 
0.166325 -0.455732 0.449341 -0.053394 -0.024356 0.093119 -0.102655 -0.082578 0.224771 0.046857 0.086007 0.088652 0.157054 -0.066261 0.031479 -0.124537 0.170413 0.238715 0.083861 0.078830 0.025435 0.030543 -0.120582 -0.142238 -0.137417 -0.195807 0.387371 0.058829 0.381947 0.418282 -0.189177 0.200433 -0.210079 0.224945 -0.167914 0.020928 0.014699 0.090967 -0.021316 -0.193467 -0.143048 -0.125822 -0.017521 -0.181767 -0.021543 0.063460 0.135213 0.078125 -0.129060 -0.331739 
0.241965 -0.532190 0.371666 -0.198123 0.107386 -0.204150 0.216443 -0.022711 0.114762 0.020925 -0.029552 0.029005 -0.091788 -0.173570 -0.100911 -0.020832 0.224123 0.149645 -0.031214 -0.017335 -0.073145 0.009751 0.148768 0.124511 -0.001414 -0.076797 0.095146 0.065817 0.385432 0.324271 -0.146737 0.044231 -0.010844 0.125242 -0.291705 0.249011 0.047178 0.109023 -0.228863 0.002715 -0.098656 -0.038334 -0.160895 0.001931 0.009091 -0.047406 0.040674 0.180000 -0.179419 -0.332067 
0.226672 -0.538777 0.472425 -0.289946 0.123394 -0.215790 0.193276 0.076178 0.135319 0.132873 -0.029480 0.211615 0.061810 0.024441 0.010901 -0.033162 0.116646 0.154185 -0.053014 -0.063609 0.046089 -0.285072 0.130765 -0.124869 0.059661 -0.166998 0.236859 0.044007 0.323649 0.297133 -0.280021 0.351233 -0.095829 -0.024174 -0.449885 0.125034 0.070387 -0.152290 -0.228008 -0.088226 -0.040616 0.016505 -0.109422 -0.058732 -0.174733 -0.199364 0.118686 0.431399 -0.195753 -0.432648 
0.220755 -0.480645 0.486914 -0.435467 0.416998 -0.414477 -0.168571 -0.090291 -0.221261 0.296052 -0.148927 0.296110 -0.265279 -0.004267 0.003084 0.100380 0.205328 0.134860 -0.093909 0.158999 0.248539 -0.291155 0.148129 -0.110897 0.039196 -0.363408 0.307961 0.087556 0.237882 0.241072 -0.056828 0.241517 -0.041671 -0.122501 -0.281744 0.243048 0.122324 -0.105444 -0.215499 0.138902 -0.321700 -0.166548 -0.254629 -0.053537 0.063623 0.026125 -0.048936 0.249646 -0.394435 -0.358745 
0.398788 -0.321654 0.315150 -0.477917 0.190704 -0.300631 0.004267 -0.056213 -0.135406 0.115838 -0.043542 -0.076181 -0.383056 0.286715 -0.213252 0.025140 0.306800 0.262104 0.137573 -0.107908 0.228182 -0.444228 0.094875 -0.242146 -0.112028 -0.026109 0.141626 -0.048547 0.433480 0.265714 0.254251 0.183704 -0.069836 0.112254 -0.290617 0.377247 -0.055047 -0.177519 -0.131072 0.233724 -0.346787 -0.205133 -0.074634 -0.158280 -0.022983 -0.130090 -0.085718 0.376366 -0.199948 -0.126688 
0.370469 -0.326758 0.264043 -0.407348 0.346447 -0.369114 0.020036 0.030988 0.063995 0.009372 0.007746 0.166678 -0.285895 0.445413 -0.168072 -0.187217 0.479408 0.091353 -0.025669 0.057481 0.485720 -0.680230 -0.041322 -0.111485 -0.109372 -0.050525 0.007347 -0.158624 0.284439 0.058525 0.147499 -0.004516 0.059503 -0.070482 -0.427333 0.304828 -0.069902 -0.003329 0.033283 0.355446 -0.150535 -0.220839 -0.018026 0.099461 0.099867 -0.224367 -0.115448 0.322142 -0.396428 -0.070355 
0.135175 -0.182135 0.298118 -0.324974 0.114234 -0.431971 -0.137206 -0.083206 -0.098293 0.018745 -0.029758 0.230411 -0.218651 0.346600 -0.154058 -0.273254 0.418497 0.127669 0.067661 0.245913 0.167536 -0.436677 -0.130189 -0.099768 -0.111151 -0.070366 0.083396 -0.074884 0.381294 0.230647 0.005602 0.303808 0.135371 0.267722 -0.334190 0.331491 0.006800 0.118382 -0.185854 0.106726 -0.282807 -0.037325 -0.090847 0.090935 0.009134 -0.253505 -0.102967 0.352338 -0.355774 -0.243693 
0.097532 -0.198749 0.191711 -0.061250 0.310722 -0.413168 0.047904 -0.169177 0.071368 0.318511 -0.168674 -0.011367 -0.195219 0.317814 -0.301789 -0.086884 0.042552 0.260719 -0.101679 0.122065 0.436262 -0.262459 -0.002436 0.046363 -0.168675 -0.270821 0.026452 -0.307746 0.331118 0.421779 -0.072686 0.278399 -0.064668 0.052596 -0.235900 0.439471 -0.135109 -0.020441 -0.076351 0.191928 -0.313687 -0.124270 0.032686 -0.226157 0.156419 -0.255218 -0.143305 0.226290 -0.147057 -0.089603 
0.103191 0.003651 0.228675 -0.116113 0.207355 -0.318852 0.014369 0.202189 0.067001 0.175923 0.083246 -0.123777 -0.116754 0.026285 -0.232489 -0.340872 0.345787 0.012580 0.094981 0.228537 0.339319 -0.088817 -0.221370 0.007315 -0.108524 -0.319743 0.109300 -0.000370 0.029604 0.258163 -0.037097 0.233603 -0.078380 0.229038 -0.217900 0.177669 0.058186 -0.098118 -0.005455 0.202295 -0.125751 -0.021851 0.042941 -0.177503 0.049677 -0.356284 -0.123710 0.150886 -0.127524 -0.038747 
0.022166 0.009799 0.187829 -0.037467 0.263181 -0.273894 0.115641 -0.099676 -0.098840 0.203537 -0.089296 -0.064906 -0.204424 0.048694 -0.002259 -0.235300 0.029229 0.161406 0.227970 0.139148 0.223041 -0.058930 -0.224349 -0.163113 -0.381051 -0.306675 0.273264 -0.207066 0.069089 0.080182 -0.260035 0.289560 0.034413 0.113155 -0.024844 0.248467 -0.068956 0.139358 0.011704 0.328459 -0.243047 -0.091262 -0.028887 -0.018712 0.005995 0.038353 -0.048076 0.266856 -0.105613 -0.232120 
-0.071376 0.012160 -0.002817 -0.181808 0.003948 -0.363227 0.376884 -0.034239 0.027812 0.551797 -0.099584 -0.072276 -0.196178 0.009185 -0.178024 -0.262773 0.156355 0.095794 0.222412 0.311695 0.390168 0.013067 -0.378670 -0.090971 -0.306287 -0.122029 0.353857 -0.273083 0.021990 0.046282 -0.144704 -0.040478 0.086753 0.014870 -0.094435 0.137321 0.011171 -0.072621 -0.168983 0.327384 -0.099020 0.025824 -0.004071 -0.271892 -0.088056 0.119253 0.070308 0.262421 -0.065197 -0.017101 
-0.007699 0.116799 0.099267 -0.254058 0.092249 -0.520143 0.265317 0.045056 0.086257 0.317064 -0.032194 -0.162843 -0.139167 -0.023869 -0.011381 -0.321837 0.241480 -0.037700 -0.005553 0.339077 0.231038 -0.069177 -0.427995 0.044822 -0.217109 -0.272137 0.247794 -0.249519 0.235281 0.058853 -0.320596 0.076812 0.062769 0.016346 -0.053983 0.252630 -0.111880 0.026843 -0.260108 0.115780 0.033910 -0.144282 0.143721 -0.165722 -0.062067 0.003267 -0.084394 0.444213 -0.133389 0.077966 
0.036158 0.216502 -0.031758 0.022645 -0.039822 -0.413299 0.383580 -0.113753 -0.083316 0.251469 -0.074484 -0.047973 0.098909 0.019787 -0.097664 -0.270890 0.272587 -0.037831 0.448052 0.287717 0.259193 -0.030000 -0.402076 0.316009 -0.189625 -0.303618 0.187882 -0.081533 0.025455 0.235441 -0.178956 0.198720 0.177477 0.128185 -0.040717 0.267355 -0.174716 0.040990 0.005816 0.113338 0.154317 -0.255639 -0.134988 -0.212641 -0.021707 -0.030978 -0.007875 0.436080 -0.051734 -0.029552 
0.022386 0.025376 -0.110562 -0.211613 -0.025920 -0.476568 0.073289 -0.097064 -0.056055 0.209299 0.136187 0.055404 -0.158444 -0.067754 -0.050532 -0.294256 0.077242 -0.119744 0.359792 0.078376 0.151561 -0.127926 -0.035289 0.194881 0.009008 -0.066509 0.060725 -0.027910 -0.020638 0.207424 -0.458548 -0.078069 0.000713 0.293636 -0.074219 0.153173 0.002097 -0.207707 0.028514 0.403428 0.005199 -0.224516 0.147516 -0.192741 0.020902 -0.220094 0.083293 0.426332 -0.116625 0.171636 
-0.031806 -0.005162 -0.007926 -0.242289 0.254034 -0.379926 -0.004178 0.104771 -0.100319 0.048098 -0.062984 -0.122632 -0.100248 -0.346424 -0.168195 -0.370932 0.172339 -0.168399 0.410346 0.149087 0.348676 -0.280369 -0.084072 0.260576 -0.291842 -0.124697 -0.054091 0.135363 0.009271 0.031922 -0.247933 0.092614 0.025405 0.366423 0.215311 0.023263 0.208716 -0.221706 -0.274120 0.066524 -0.252391 -0.148350 0.115468 -0.086006 0.104306 -0.107085 -0.011083 0.286259 -0.213410 0.360630 
-0.273900 -0.067189 -0.030846 -0.306979 0.095004 -0.235298 0.093504 0.049047 -0.109357 -0.031807 0.067507 -0.000947 -0.042181 -0.036561 -0.220614 -0.084462 0.023330 -0.118580 0.133845 0.051255 0.207652 -0.271752 -0.030847 0.166786 -0.073580 0.166137 -0.029437 -0.143211 -0.033764 -0.000900 -0.227212 0.057001 -0.009432 0.286176 0.050523 -0.082138 0.164560 -0.162860 -0.157893 0.272245 -0.051833 -0.260399 -0.177204 -0.285603 0.060072 -0.185109 0.131704 0.302065 -0.228296 0.102809 
-0.356573 -0.098758 -0.152214 -0.115084 0.146201 -0.129524 -0.081428 -0.087103 -0.184090 0.037731 -0.036653 -0.180658 0.026127 -0.060715 0.013847 -0.196998 0.128974 -0.202759 0.193115 0.240269 0.286799 -0.222927 -0.212189 0.025613 -0.109984 0.103989 -0.039518 -0.147399 -0.003046 -0.111966 -0.361687 -0.071930 0.057514 0.359888 0.024649 0.016372 0.214457 -0.068093 -0.067257 0.088533 -0.024398 -0.139617 0.101439 -0.199111 0.105571 0.056832 0.119725 0.232707 -0.171374 0.274237 
-0.215787 -0.141415 -0.000475 -0.189862 -0.114442 -0.135011 0.118596 -0.035940 -0.324036 0.261992 -0.227705 -0.275125 -0.112407 -0.136481 -0.059324 0.006197 -0.041768 -0.274556 0.120245 0.086746 0.119958 -0.066925 -0.169070 0.063474 -0.150232 0.062123 0.145778 -0.293856 0.055100 -0.053282 -0.278889 -0.128953 -0.124525 0.257148 -0.043103 -0.042822 0.046516 -0.235855 -0.101075 0.296994 -0.002235 -0.195363 0.081658 -0.122534 0.083862 -0.018346 0.041349 0.121661 -0.036427 0.139586 
-0.092796 0.023398 0.018936 -0.135993 0.009681 -0.107032 0.115341 -0.026779 -0.121257 0.007600 -0.056430 -0.210165 0.018831 -0.047299 0.240854 0.096806 0.030134 -0.279689 0.132845 0.000947 0.189168 -0.027361 -0.166970 0.269681 0.144015 -0.051666 0.047678 -0.248427 0.025063 -0.152185 -0.284922 0.031547 0.091619 0.049510 -0.146542 0.024289 0.131691 -0.092560 0.111669 0.267043 0.162366 -0.232141 -0.115358 -0.199370 0.003597 -0.185213 0.105315 0.216390 0.041261 0.056896 
-0.032694 -0.029295 -0.256489 -0.214972 0.192103 -0.077881 0.007157 0.056228 -0.010537 0.087040 -0.030229 -0.123137 0.066389 -0.147424 0.337766 -0.034857 -0.001222 -0.463609 0.226556 -0.073733 0.157386 -0.163815 0.005142 0.062672 -0.024130 0.177918 0.019955 -0.155713 -0.083634 -0.034244 -0.081487 0.056902 -0.077208 0.174927 0.201358 0.112355 0.209040 -0.005363 0.046753 0.231625 0.119799 -0.295675 0.183528 0.033592 0.100604 -0.167221 0.090376 0.149336 -0.013125 -0.089404 
-0.176997 0.168663 -0.159158 -0.024915 0.178848 0.038663 0.333445 -0.294682 -0.055716 -0.131987 0.081416 0.007636 0.078037 -0.089785 0.148662 -0.040779 -0.259145 -0.363090 0.014404 -0.231928 0.156523 -0.229498 -0.180877 0.068707 0.044285 -0.011558 0.011491 -0.211047 0.001308 -0.266810 0.023347 0.054213 -0.006344 0.013635 -0.049824 -0.161259 0.180988 -0.361397 -0.100127 0.204977 0.094277 -0.145553 -0.102163 0.195276 0.034115 -0.063462 0.097279 0.152908 -0.062051 -0.136076 
-0.222793 -0.071431 -0.221583 -0.033676 -0.067516 -0.172716 0.263477 -0.082917 -0.228995 0.027596 -0.116126 -0.135606 0.121830 -0.211345 0.068460 0.082655 -0.200282 -0.254360 -0.053100 -0.089059 0.208502 -0.208646 -0.033832 0.098248 -0.113415 -0.007804 0.055226 -0.205415 -0.079396 -0.328663 -0.060335 -0.175772 0.036040 0.079373 -0.073338 -0.010789 0.087988 -0.271049 -0.195072 0.008838 -0.012484 -0.409994 0.155279 -0.059184 -0.042610 0.002881 -0.034495 0.159857 -0.092825 -0.080755 
-0.032141 0.026710 -0.178054 -0.204337 0.103478 -0.070278 0.174105 0.078978 -0.021371 0.091015 0.000831 0.009986 0.244872 -0.030949 0.012061 0.029736 -0.159225 -0.239603 0.079637 0.008831 -0.025383 -0.021338 0.231906 -0.069252 -0.059677 -0.134886 0.178745 -0.048980 -0.157533 -0.453964 -0.242097 0.035389 0.173974 -0.094474 -0.243544 -0.024084 0.191880 -0.178730 -0.131029 0.075159 0.208565 -0.126260 0.055447 -0.039748 0.070181 -0.082138 0.024233 0.081784 -0.013702 0.079395 
0.067827 -0.084940 -0.134164 0.026874 -0.107165 0.195886 0.159167 0.101888 -0.026382 0.036955 -0.176826 0.019263 0.144613 -0.064713 0.061420 -0.102528 -0.033267 -0.229908 0.119290 -0.163279 -0.034340 0.144298 0.175531 0.161300 -0.014296 -0.142523 0.162899 -0.275135 0.034653 -0.485674 -0.202839 0.083753 0.136274 0.044207 -0.097520 0.144997 -0.040939 -0.185080 -0.111259 -0.109555 0.107325 -0.261694 0.096427 0.012262 0.037874 0.293568 0.075075 0.045358 -0.058211 -0.041201 
-0.019515 0.176687 -0.070630 -0.115298 -0.052529 0.132818 -0.044017 0.023687 -0.212896 0.110340 0.019430 -0.118486 0.079754 -0.086859 -0.192492 0.116769 -0.131133 -0.344868 0.013853 0.092409 0.021283 0.014323 0.185639 0.064954 0.145550 0.212352 0.086548 -0.266952 -0.113594 -0.378969 -0.061631 0.134565 -0.105138 0.091142 -0.210157 0.057604 0.053021 -0.132873 -0.224423 -0.157109 0.217335 -0.023078 -0.184629 -0.166811 -0.095760 0.190067 0.052315 -0.015324 -0.042648 0.180754 
-0.082741 0.084253 -0.213020 -0.025381 0.116999 0.122924 0.227618 -0.020265 -0.096337 -0.016357 0.119956 -0.032939 0.199518 -0.240441 0.037841 -0.044303 -0.413286 -0.336913 0.085494 -0.127029 -0.135748 -0.048062 0.246063 0.058833 -0.092049 0.161894 0.070664 -0.033196 -0.222048 -0.436697 -0.201533 -0.116311 -0.145381 0.091925 -0.124167 -0.007730 0.119168 -0.234437 -0.198018 -0.413875 0.188037 -0.151079 -0.001675 -0.301477 0.038825 0.041751 -0.050143 0.115399 0.126030 0.092949 
-0.269282 -0.144946 -0.111946 -0.063283 0.072011 -0.001795 0.017501 -0.088987 -0.135667 0.013043 0.141339 -0.136227 0.126569 -0.019899 -0.088154 -0.073185 -0.466153 -0.157100 -0.028379 0.038132 -0.071766 0.059939 0.362570 0.045001 -0.037919 0.272487 0.055517 -0.173815 -0.103009 -0.228882 -0.358925 0.133735 -0.053558 0.008440 0.082788 -0.016270 -0.086524 -0.264241 -0.097645 -0.331168 0.296580 -0.087620 -0.191666 -0.065898 0.023788 0.092991 0.028271 0.075329 0.136315 0.074853 
-0.137547 0.033271 -0.171765 0.094480 0.056177 0.223479 0.158587 -0.029472 -0.180559 -0.031665 -0.021103 -0.065585 0.349999 -0.058140 -0.091907 0.138168 -0.420096 -0.255523 0.055930 -0.066214 0.274622 0.009957 0.472692 -0.067082 0.191230 0.062287 0.194275 0.018082 -0.134437 -0.337836 -0.103861 0.220360 -0.308575 -0.016681 -0.118482 -0.194336 0.180593 -0.167877 -0.109589 -0.236666 0.320792 -0.173247 0.003226 -0.358213 0.044334 0.177237 0.017158 0.055911 0.005998 0.034711 
-0.196224 0.207450 -0.074681 0.098902 0.000754 0.168564 0.184659 -0.001262 0.077164 0.049979 -0.170924 -0.181871 0.221255 -0.085876 0.136184 0.159186 -0.316575 0.061701 0.130757 -0.245729 0.337456 0.186198 0.275144 0.008381 0.190819 -0.060951 0.051494 -0.070974 -0.331364 -0.468233 0.034951 -0.013475 0.000536 0.109619 -0.032889 -0.086231 0.094849 -0.134092 -0.038955 -0.280634 0.393763 0.047591 -0.194037 -0.170011 -0.165707 0.087956 0.018684 -0.211138 -0.019321 -0.212544 
-0.105331 0.129835 0.004039 -0.085271 -0.098881 0.249258 0.180118 0.096019 0.202172 -0.168979 -0.096019 -0.271075 0.251228 -0.341042 0.151215 0.004788 -0.200613 -0.070028 0.014323 -0.120234 0.091286 0.156574 0.274322 0.005645 0.165447 0.064622 0.214092 0.047592 0.022292 -0.362855 -0.038621 0.110785 -0.159714 0.191570 -0.348016 0.013677 0.050438 0.016837 -0.229358 -0.213384 0.214914 -0.019707 0.021574 -0.256520 -0.037100 0.195831 0.045354 0.081720 -0.013021 -0.097697 
0.030266 0.157155 -0.150221 0.180326 0.017703 0.244202 0.187102 0.096409 0.225711 0.004284 0.049697 -0.211460 0.363208 -0.228240 0.250049 -0.008407 -0.193687 -0.223629 -0.039155 -0.371611 0.105195 -0.001645 0.362180 -0.208076 0.248122 -0.008225 0.013630 0.137856 -0.327120 -0.143026 -0.078093 -0.093476 0.136906 0.061512 -0.229316 0.042640 -0.053514 0.006354 -0.155378 -0.175710 0.362838 -0.207847 -0.013353 -0.051270 -0.117045 0.205345 0.198576 -0.130596 -0.081325 0.043120 
-0.047975 0.172850 0.073176 0.057000 0.169914 0.367221 0.413242 0.012744 0.119896 -0.039304 -0.097997 0.155938 0.213233 -0.159931 -0.067771 -0.093087 -0.259283 -0.245071 -0.131646 -0.236425 -0.167807 0.151717 0.097922 -0.148806 0.166740 0.069600 -0.052187 0.175897 -0.102454 -0.047797 -0.119808 -0.064877 -0.157541 0.218047 -0.239916 -0.087998 -0.093610 -0.078555 -0.289803 -0.415922 0.396789 -0.046331 -0.111862 -0.054739 -0.050541 0.325209 0.161345 -0.174152 -0.047564 0.165335 
-0.089336 0.181932 -0.206502 0.266736 0.061890 0.226637 0.312391 0.043394 -0.027112 0.154371 -0.056978 -0.018511 0.098259 -0.344311 -0.152194 0.013376 -0.276708 -0.147684 -0.098297 -0.164234 0.109350 0.157763 0.277260 -0.287336 0.260853 -0.127928 -0.031058 -0.000661 -0.370158 -0.314502 -0.142860 0.008068 -0.184030 0.257976 -0.111582 -0.034160 -0.071488 -0.105265 -0.262874 -0.347213 0.383022 0.183389 -0.050418 0.031945 -0.255999 0.034478 0.157837 -0.200487 -0.321429 0.187041 
0.038495 0.161371 -0.110128 0.040895 0.033911 -0.004171 0.221175 0.131725 0.156492 0.053522 0.065711 -0.080036 0.389554 -0.077157 0.046637 0.074967 -0.306870 -0.047783 0.054753 -0.033834 0.211896 0.123027 0.404932 -0.362804 -0.025017 -0.040460 0.075086 0.135925 -0.197349 -0.259948 0.028184 -0.121673 -0.264035 0.181457 -0.051201 0.081333 0.130808 -0.090386 -0.225614 -0.321426 0.249781 0.056549 0.054052 -0.121252 0.035598 0.060352 0.113584 0.145286 -0.153989 -0.078591 
0.007468 0.223591 -0.130180 0.335589 0.081619 0.111996 0.139206 -0.024963 0.070702 0.068864 -0.020711 -0.082113 0.393232 0.006152 0.121236 0.098032 -0.108971 0.141966 -0.155765 -0.034071 0.039173 0.022419 0.170378 -0.224850 0.169200 0.029781 0.006150 0.323751 -0.123257 -0.427671 0.170500 -0.152275 -0.161179 -0.069118 0.032932 -0.084174 0.080903 0.029318 -0.134986 -0.265037 0.249536 0.253159 -0.077823 -0.135848 -0.107543 0.220657 0.005471 0.049834 -0.040144 0.059243 
-0.210910 0.168402 0.048618 0.063269 0.034884 0.044161 0.226314 0.188959 -0.074829 0.083785 0.076770 -0.057057 0.263202 -0.302655 -0.061229 0.057165 -0.135752 0.165490 0.001698 -0.099042 0.250783 0.050923 0.227323 -0.224065 -0.114693 -0.016112 0.172769 0.406633 -0.019922 -0.154942 0.041662 -0.055653 -0.045659 0.214793 0.240694 -0.179838 0.032658 -0.045380 0.110126 -0.381521 0.121728 0.232745 -0.034466 -0.231170 -0.111829 0.108310 -0.098342 0.023999 0.160081 0.083875 
-0.162019 0.211648 -0.123141 0.007466 -0.050345 0.095201 0.186855 0.140863 0.244274 -0.071512 0.298347 -0.183829 0.241763 -0.220259 0.224044 -0.049103 -0.226675 -0.085645 -0.120850 0.076740 0.186128 0.074669 0.042805 -0.126729 -0.061944 0.126787 -0.072906 0.526696 0.278092 0.189762 0.076458 0.007602 -0.113596 -0.163494 0.141269 -0.007575 0.084645 0.089084 0.041528 -0.349180 0.370270 0.242061 0.015482 -0.015243 -0.213953 0.306963 -0.151381 0.120456 0.162457 -0.066320 
-0.053629 0.076609 -0.036124 0.097107 0.205684 0.067438 0.382645 -0.020970 0.152896 -0.093243 0.057613 -0.233251 0.147515 -0.346270 0.278086 -0.009044 -0.236631 0.286393 -0.309231 -0.051798 -0.187238 0.197301 -0.259003 -0.158590 -0.089194 -0.068083 -0.081074 0.641496 0.075033 0.140042 -0.150986 0.018933 0.097952 -0.193837 0.077824 -0.132522 -0.148005 0.030341 -0.012435 -0.237720 0.073599 0.462737 0.082354 -0.179967 -0.209516 0.163686 -0.060943 -0.245717 0.121188 -0.033670 
0.017669 0.149300 0.096224 -0.065184 0.041992 0.098767 0.287694 0.058912 0.049089 -0.071108 -0.153036 -0.153961 0.359254 -0.244331 0.367202 0.081864 -0.043640 0.368205 -0.219489 0.037057 -0.067219 0.067578 -0.259876 -0.291072 0.202208 0.087803 0.006760 0.496378 0.129205 -0.100454 0.248476 -0.002644 0.143272 -0.089773 0.272745 0.132155 0.008643 -0.212891 -0.126666 -0.190256 0.299698 0.289519 0.178736 -0.194366 -0.208525 0.145127 -0.174969 0.021481 -0.147187 0.105270 
0.140434 0.174495 0.115675 -0.227831 0.160756 0.051069 0.172211 0.143264 0.269678 -0.152340 0.035047 0.013461 0.424181 -0.008049 0.297747 0.115931 -0.060740 0.292807 -0.047507 -0.106495 0.059662 0.211661 -0.173252 0.008877 0.254565 0.007178 -0.018444 0.548377 -0.061121 0.049503 0.171607 -0.114616 0.211834 -0.060102 0.283068 0.035246 -0.098678 0.017538 0.042616 -0.254828 0.197359 0.477733 0.083895 -0.214489 -0.202357 0.277274 -0.213656 -0.017105 -0.327610 0.110760 
-0.002263 -0.001214 -0.027402 -0.271148 -0.077663 0.200158 0.011227 0.010087 0.115812 -0.108579 -0.132555 -0.060991 0.391655 0.152563 0.106778 0.029544 0.070056 0.316718 -0.040006 -0.010166 -0.016867 0.240697 -0.231496 -0.147758 0.107546 0.157076 -0.054096 0.553012 0.063717 -0.228310 0.364410 0.004185 -0.011698 0.109850 0.242181 0.040252 0.122536 -0.012615 0.162748 -0.291764 0.264048 0.420723 0.029960 0.044889 -0.210446 -0.057424 -0.293534 -0.247383 -0.229432 0.187024 
0.074565 0.019660 0.064115 -0.389535 0.029488 0.094477 0.071424 0.199952 0.076370 0.013982 0.097090 -0.246098 0.298862 0.202695 0.076812 0.096243 0.143713 0.382948 -0.260956 -0.153892 -0.083158 0.121882 -0.211530 -0.018636 0.071381 -0.066117 -0.188743 0.503150 0.110955 -0.354101 0.330426 0.120857 0.143654 0.088934 0.325614 0.250169 0.024820 0.070837 0.179043 -0.157305 0.185516 0.567973 -0.010380 -0.046407 -0.197868 -0.047783 -0.309895 -0.082426 -0.252384 0.007008 
-0.148766 -0.231607 0.074264 -0.270657 -0.183734 0.067823 -0.044635 -0.038015 0.189130 -0.015094 -0.018853 0.041915 0.170425 0.104027 0.242571 -0.223260 0.040974 0.432650 -0.082458 0.034411 0.044529 0.017300 -0.284360 -0.081621 0.231740 0.260782 -0.051812 0.339468 -0.066763 -0.401861 0.325907 0.183557 0.073230 -0.149952 0.334961 -0.046418 0.059479 0.020498 0.169822 -0.057474 0.121648 0.565788 0.005403 -0.279225 -0.228539 0.036289 -0.356384 -0.175431 -0.111308 0.060555 
-0.078093 -0.090695 0.191433 -0.317257 -0.074416 0.038828 0.062473 0.081581 0.248261 0.050242 0.118405 0.036810 0.228778 -0.084619 0.375774 -0.297934 0.017684 0.412514 -0.243214 -0.009822 -0.008893 0.210232 -0.215153 -0.054099 0.152864 0.067256 0.004601 0.502786 -0.015061 -0.303989 0.290936 0.174035 -0.066757 -0.157583 0.352434 0.148729 0.061944 0.028401 0.134420 -0.011343 0.016006 0.610553 0.088948 -0.149799 -0.207972 0.315522 -0.238292 -0.174720 0.074470 0.239111 
-0.172575 -0.085627 0.161087 -0.268486 -0.247154 -0.168605 0.008884 0.003296 0.148818 -0.075281 0.124658 0.091471 0.041776 -0.187502 0.240343 -0.166603 -0.092411 0.135571 -0.332240 0.242665 -0.142787 0.059740 -0.285342 0.071275 0.090395 0.001091 -0.108734 0.308260 0.160804 -0.306479 0.119937 0.018668 -0.105620 -0.212716 0.469688 -0.029177 0.105436 0.049637 0.072353 -0.100942 0.045503 0.525157 -0.113472 0.045278 0.170850 -0.020281 -0.298024 -0.304657 -0.050925 0.232863 
-0.031681 0.094104 0.225178 -0.243500 -0.182214 -0.176749 -0.178027 0.091479 0.178716 -0.145367 0.256839 0.057432 0.041598 0.219701 0.003218 -0.315358 -0.297009 0.279588 -0.197751 0.207474 -0.104494 0.138499 -0.510871 -0.034799 0.016276 -0.054020 -0.009347 0.173314 0.045784 -0.193285 0.288133 0.145808 -0.217783 0.003501 0.158877 -0.111633 -0.143292 -0.070768 0.040026 -0.072812 -0.039006 0.632732 0.097173 0.041275 -0.027880 -0.086234 -0.074427 -0.220089 0.016695 0.200407 
-0.079186 -0.236317 0.159126 -0.100265 -0.204788 -0.012177 -0.307908 -0.007146 -0.077449 -0.110408 0.152742 0.046804 -0.031455 0.174523 0.013271 -0.299470 -0.067254 0.127440 -0.499315 0.273271 -0.225931 0.165577 -0.402285 0.089331 -0.013352 -0.282580 0.052428 0.110550 -0.027790 -0.175812 0.327223 0.220940 -0.154166 -0.263039 0.130273 0.033897 -0.007175 0.008876 0.188806 -0.159481 0.152540 0.420621 0.207694 -0.068677 -0.099976 0.027038 -0.019612 -0.274294 0.082978 -0.053026 
0.166334 -0.023771 0.032442 -0.294721 -0.229944 0.170864 -0.211520 0.025978 0.162672 0.025402 -0.056470 -0.113372 -0.219801 0.166059 -0.016714 -0.186461 0.130870 0.011282 -0.305333 0.046672 -0.317546 0.162883 -0.309165 -0.034355 -0.111101 -0.348526 -0.048997 0.052766 -0.065814 0.067150 0.281185 0.072064 0.028360 -0.163462 -0.094263 0.093905 -0.204250 0.019043 0.072532 -0.284866 -0.115187 0.387953 0.067516 0.247417 -0.048253 0.141467 0.034226 -0.261366 -0.042800 -0.182967 
0.268947 -0.077605 -0.167969 -0.025229 -0.259560 -0.003625 -0.127924 -0.054422 0.147979 -0.004786 0.285868 0.207644 -0.225423 0.114488 0.049424 -0.319464 0.009813 -0.195419 -0.191564 0.060109 -0.179646 0.261257 -0.356216 0.106717 0.029964 -0.074044 -0.048992 0.082447 0.105182 0.318015 0.108337 -0.023510 -0.084480 -0.457874 -0.154119 0.510548 -0.007400 -0.089352 -0.039241 -0.084047 -0.289102 0.272467 -0.088257 -0.065315 0.078666 0.149485 -0.181512 -0.179616 0.095173 -0.105461 
0.053074 0.036616 -0.119551 0.150876 -0.422112 0.120454 -0.076087 -0.032955 0.084304 0.068293 0.155184 0.078340 -0.169019 0.231803 -0.139753 -0.240723 -0.018768 -0.140849 -0.165678 0.138048 -0.299236 -0.011093 -0.330021 0.307355 0.044062 -0.261008 0.232604 0.019508 -0.107685 0.246851 0.156480 0.225501 -0.097836 -0.208612 -0.122325 0.358461 0.006253 0.034136 0.075955 -0.061317 -0.388856 -0.026882 0.033930 0.150661 0.145139 0.174935 -0.128378 -0.222070 0.048718 0.205634 
0.127771 -0.046090 -0.218207 -0.070339 -0.283732 0.167321 -0.209317 -0.011346 0.065712 0.085667 0.173413 0.374426 -0.183930 0.162881 -0.185269 -0.401576 -0.073631 -0.078859 0.039585 -0.173364 -0.339868 0.140622 -0.257671 0.317079 -0.053986 -0.136212 0.105666 -0.068950 0.079699 0.256909 -0.099335 -0.123597 0.017090 -0.320732 -0.003169 0.176600 0.205386 0.011505 -0.078854 -0.043567 -0.402140 0.069957 0.182983 0.249874 0.106854 0.272130 -0.241981 -0.130933 0.287580 -0.087013 
-0.072811 -0.193047 -0.364728 0.255958 -0.242318 0.251663 -0.096740 0.038308 0.139196 -0.023288 0.082197 0.250801 -0.528252 0.052683 -0.182414 -0.306716 -0.205366 -0.183632 0.114144 0.006969 -0.372158 0.226322 -0.466159 0.132051 -0.119052 -0.338847 0.205050 -0.212173 -0.035197 0.461765 0.106383 -0.216085 0.030397 -0.361320 -0.283701 0.231292 -0.072078 0.190160 -0.062248 0.404599 -0.461395 -0.316806 0.091652 0.166787 0.364993 0.238275 -0.096076 -0.050034 0.387442 -0.367866 
-0.215335 -0.023873 -0.176552 0.222103 -0.060910 0.190702 -0.092203 0.039929 0.072322 0.029922 -0.100795 0.218133 -0.621363 0.075293 -0.409842 -0.191858 -0.084456 -0.259882 0.014534 -0.109659 -0.398539 -0.096848 -0.578117 0.148149 -0.113431 -0.261990 0.073219 -0.346433 -0.212234 0.400095 0.009438 -0.460566 0.277165 -0.151924 -0.494216 0.232830 0.044784 -0.071293 -0.240939 0.636362 -0.529503 -0.337232 0.214117 0.172828 0.107037 0.393583 -0.345106 -0.073224 0.227034 -0.322700 
-0.164425 0.108675 -0.247235 0.145440 -0.155874 0.328806 -0.263501 -0.069458 -0.090314 0.272896 -0.190031 0.279037 -0.639141 0.269588 -0.350082 0.042988 -0.112071 -0.226221 0.077627 -0.134016 -0.358222 0.051625 -0.165136 -0.128623 -0.216642 -0.199474 -0.195486 -0.710829 -0.312467 0.610289 0.153161 -0.373530 0.298526 -0.417114 -0.607093 0.361243 -0.096498 0.080792 -0.083443 0.873348 -0.626942 -0.229322 0.134700 0.273723 0.011272 0.198018 -0.585301 0.067001 0.333326 -0.288313 
-0.216054 0.086980 -0.151680 0.147351 0.174617 0.226831 -0.059699 -0.022944 -0.189158 0.304781 -0.365655 0.140402 -1.048392 0.302678 -0.630179 0.191882 0.043841 -0.473420 -0.049678 -0.139513 -0.405745 -0.182114 -0.121636 0.045943 -0.127260 -0.270198 -0.276380 -0.875255 -0.252736 1.079055 0.163442 -0.704571 0.422182 -0.570208 -0.736674 0.646576 -0.151130 0.114307 0.178313 1.149923 -0.459058 -0.554555 0.210345 0.316999 -0.095374 0.150326 -0.717589 -0.045441 0.311815 -0.247931 
