-0.221060 -0.495042 0.016361 0.362326 0.444990 -0.082465 -0.681698 -0.008129 -0.438483 -0.318820 0.245107 -1.312901 -0.829849 0.099301 0.111364 -0.826590 
-0.194953 0.272596 -0.077629 -0.467723 0.440390 -0.139970 -0.280533 -0.044900 -0.286228 0.178946 -2.389569 0.110220 0.147960 -0.235125 0.298776 0.040534 
-0.053718 0.125428 -0.001791 -0.343615 0.544224 0.016701 -0.000649 -0.014849 0.593198 0.152361 -0.467633 -0.617848 -0.806859 -0.033342 0.801396 0.333138 
-0.380009 0.227831 0.050071 -0.038904 -0.093256 0.338229 0.189360 -0.384473 -1.521191 -0.432725 0.358630 -1.203280 0.555566 0.207612 -0.054447 -0.662247 
0.028221 -0.012812 0.085786 0.225838 -0.240992 0.017068 0.337538 0.048929 -0.691756 -1.080715 -0.287997 0.032611 0.156224 0.222021 -1.395091 -0.340958 
0.038246 -0.346987 -0.084515 -0.624124 0.311197 0.000794 0.213985 -0.095621 -0.527348 0.409797 -0.497450 -0.306724 -1.442272 -0.182297 -1.613927 -0.595257 
-0.367189 -0.075129 0.187914 0.647770 0.679559 0.072114 -0.089279 -0.645913 0.158444 0.103237 -0.359884 0.013205 0.174297 -0.005373 0.375937 -0.133753 
0.078414 0.050908 0.107886 -0.500805 -0.033226 -3.771085 -1.644506 0.149804 -0.026826 -0.031344 -0.133194 0.214716 0.255049 -1.360944 -0.035653 0.111583 
0.146185 -0.010582 -0.359992 0.597091 -0.361769 -0.663896 -0.221220 0.226804 -0.277004 -0.296715 -0.366102 0.198354 0.201945 -0.743390 -1.042606 0.221784 
-0.155893 0.238078 0.130809 0.532562 0.099023 -1.001246 -0.365661 0.093439 -0.141271 -0.556391 0.112798 -0.201773 0.172482 -0.116639 -0.918831 0.302062 
0.177520 -0.233126 -0.320578 -0.233436 0.006719 -0.306560 -0.001473 0.261585 0.245634 -0.420632 0.264409 0.189586 0.397122 -0.203821 0.753229 -0.949918 
0.117933 -0.008592 0.008120 0.307919 -0.087835 0.128423 -0.139695 -0.102076 -0.154526 0.222048 -0.294475 0.154564 0.244250 -0.028045 -0.012494 -0.046723 
-0.162403 0.363091 0.113887 -0.038548 -0.303740 0.348124 0.111857 0.137583 -0.402477 -0.161546 0.237655 0.330629 -1.964176 0.087258 0.137698 0.130340 
0.068314 -0.578657 -0.079442 0.195457 -0.073014 -0.255269 -0.121157 -0.058287 0.076372 0.031483 0.022658 -0.692819 -0.103644 -0.119927 0.322163 -0.738602 
-0.580384 0.029874 0.129471 0.125828 -0.088510 0.053756 -0.009608 0.271241 -0.855918 0.402757 0.274528 -0.122640 0.009070 -0.164341 -0.089519 -0.152999 
0.186251 -0.627833 0.252919 -0.011798 -0.716922 0.015587 0.414689 0.249626 -0.216785 0.008116 -0.417476 -0.749791 -0.020739 0.205413 0.195174 -0.665677 
0.139525 -0.733817 0.082476 0.143827 -0.210731 0.082527 -0.018119 0.082602 -0.697047 0.081715 0.085667 -1.020203 -0.651052 0.412945 0.217469 -0.684928 
0.029763 -0.066515 0.097232 -0.503765 -0.016819 0.033620 -0.584832 0.014217 -0.019963 0.106175 -0.553912 0.292190 0.194991 -0.667518 -0.014513 -0.273880 
-0.034851 -0.505699 -0.125259 0.444392 -0.082051 0.007049 0.144704 -0.022705 0.115289 -0.002261 -0.706540 -0.158478 -0.137429 -0.094835 -0.476602 -0.208287 
0.227401 0.222306 -0.027738 -0.137289 0.165827 0.063363 -0.235292 0.022490 0.504317 -0.816916 -1.107809 0.331329 0.019509 -0.417960 -0.734379 -0.037840 
-0.114520 0.073698 -0.152231 0.224395 0.393876 0.423543 0.114724 -0.578040 0.560969 -0.178704 -0.295651 0.161281 0.247810 -0.092381 -0.992670 0.261501 
-0.000608 -0.522183 0.030960 0.490893 0.103686 0.077869 0.019685 -0.269019 -0.334806 -0.345133 0.261820 -0.240479 -0.750968 0.268281 0.050867 -1.023693 
0.247787 -0.188126 0.136119 0.075995 -0.362362 0.293066 0.393976 0.138055 0.068840 0.221750 -0.117266 0.063608 0.079693 -0.315917 -1.538012 -0.042234 
0.189531 0.239661 -0.198691 -0.730530 -0.247369 0.026548 0.132256 -0.057967 -0.234843 0.027408 -0.179638 0.147415 0.417212 -0.571280 0.187343 0.087208 
0.001937 -0.033897 -0.133232 -0.087581 -0.410856 0.062867 0.208037 0.389075 0.430377 -0.146143 -0.228323 0.311518 -0.061511 0.634386 -0.652209 -0.346588 
-0.016766 -0.058131 0.030291 0.561521 0.231844 -0.022991 -0.263313 -0.087499 -0.560694 0.616531 -0.003116 0.028310 -0.940016 0.099115 -0.331945 -0.582487 
-0.431579 -0.143781 0.171086 0.472961 -0.551123 0.024356 -0.511625 0.190389 -0.254825 0.128938 -0.235917 0.381268 -0.416350 0.332523 0.075614 -0.284469 
0.100382 0.076404 -0.503122 0.039268 0.272342 0.460411 0.124963 -0.526212 -0.515470 0.153850 -0.218194 0.433032 0.086269 0.143083 0.041046 0.358441 
0.060621 0.047524 -0.456612 -0.086328 -0.068270 0.085501 0.544362 -0.576607 0.217081 0.168689 0.396879 0.207332 0.069982 -0.053084 0.231846 -0.270447 
0.081761 -0.265562 -0.044911 -0.960275 -0.453721 0.384113 0.058877 -0.245543 -0.660191 0.134802 -0.008705 -1.024097 0.001527 0.090913 -0.869947 -1.219480 
0.201599 -0.105445 -0.067433 -0.657837 0.022085 0.159908 0.009059 -0.053186 -0.057561 -0.736738 -0.311223 -0.138912 0.073626 0.314237 -0.343644 -0.056393 
0.026928 0.277597 0.090080 -0.974386 0.838893 -0.111930 0.097962 -0.452244 -1.226491 0.065195 0.448236 0.192278 0.186304 0.137988 -0.278057 0.555084 
0.033794 0.057413 0.154131 -0.378664 -1.820778 0.093083 0.213990 -0.000099 0.316571 0.127136 0.022972 0.036590 -0.114784 0.203366 -1.070119 0.161527 
0.146315 0.304985 0.222414 -0.129618 -0.709192 -0.158985 -0.391496 0.223042 -0.640830 0.025968 0.026109 -0.731078 -0.777066 0.252828 -0.087657 0.262193 
-0.015997 0.128905 0.007075 -0.372038 -0.173102 0.421291 0.156740 0.026636 -0.388045 0.226292 0.409223 0.130096 -0.065916 -0.007738 -1.225610 -0.091150 
-0.318625 -0.067292 0.290823 -0.256558 0.448487 0.201829 -0.058953 0.020977 0.330580 0.183153 0.015485 -2.019842 -0.339803 0.276342 0.544354 -0.325702 
0.322687 0.381298 -0.137529 0.090400 0.043337 -0.447118 0.067683 0.204786 0.240461 0.181733 0.121964 0.192849 -0.791402 -0.419996 -0.822601 0.384929 
-0.016793 -0.048858 0.060282 -1.714743 -0.831483 0.023943 0.248487 -0.107945 -1.428898 -0.381627 0.101959 -0.333986 -1.296688 -0.036302 -0.153719 -0.541347 
0.293661 0.130204 0.207008 -0.888177 0.235410 -0.671750 -0.851342 0.159835 -0.130224 -0.775239 0.497711 0.144949 0.101230 -0.074232 0.352305 0.225704 
0.265704 -0.322107 0.063451 -0.329795 -1.024159 0.257786 -0.411983 0.104016 0.420072 -0.434568 -0.089623 -0.616940 -0.518838 0.226524 -0.027508 0.104123 
0.152908 -0.261509 0.046942 -0.255631 -0.361789 0.247006 0.391298 -0.005983 -1.783752 -0.839363 -0.232168 0.116067 -0.043500 -0.017012 -1.247265 0.120148 
0.069007 0.173438 0.162662 0.286234 -0.153131 0.228986 -0.264052 0.163940 0.188268 0.025170 -1.530529 0.125530 0.085552 0.174632 -0.903101 0.176959 
0.191814 0.212115 0.086671 0.227425 0.080638 -1.692711 -1.069499 0.108144 0.145615 0.266125 0.466604 0.027793 -0.047940 -0.232298 -0.253949 0.070659 
0.135079 0.148943 0.163534 -0.378282 -0.817035 0.010616 -1.134836 0.093715 0.453126 -0.137138 -0.047792 -0.174549 0.229558 0.140519 0.196908 -0.171044 
-0.057690 0.073721 -0.234630 0.074175 -0.019795 -1.182289 -1.127561 -0.020688 0.224794 0.465418 -0.018190 0.107605 0.196571 -0.748264 -2.087639 -0.285348 
-0.090769 0.035685 0.203504 0.032143 0.348864 -0.496863 -0.148647 0.224721 -0.478875 0.090910 -0.001999 -0.368569 -0.515002 0.083852 -0.063878 0.139636 
0.085677 0.151365 0.096142 -1.456012 -1.188306 0.295705 -0.219663 0.004769 -0.024009 0.119232 -0.099586 -0.137156 0.321992 0.249734 0.153810 -0.799427 
0.094914 0.341294 0.136712 0.292724 -0.976242 0.237245 0.246937 0.114065 -0.541285 0.120917 0.416180 -0.468034 -1.426110 0.241637 0.122195 -1.765773 
-0.159698 0.013195 0.098148 -0.550828 0.255754 -0.135787 -0.233344 0.148529 0.216317 0.153276 0.055572 0.018990 0.090378 -0.163589 -0.456275 -0.017483 
0.059528 -0.236950 0.109909 -0.304147 1.151917 -0.321532 0.065696 0.105954 0.412371 0.153792 -0.471588 -0.376186 -0.637077 -0.272668 0.058335 0.217454 
