0.058430 0.065486 -0.200427 0.988318 0.664026 1.040288 -0.406618 0.921846 -0.286166 -0.226818 0.351982 0.394997 0.557060 0.076508 -0.125848 -0.688244 0.187654 1.473174 1.038225 0.067821 -0.884188 -0.160050 -0.426553 -0.126150 0.138336 -0.191686 0.120191 0.215715 -0.093733 -0.113605 -0.247860 -0.048319 0.412108 0.248761 0.217688 0.219638 -0.027473 0.162399 -0.477368 0.248398 -0.595744 0.000555 0.048581 0.045319 1.134592 0.404921 -0.169441 -0.601141 -0.557817 0.038263 0.058724 0.505733 
0.020342 0.212446 -0.312314 0.886692 0.210640 0.572650 -0.312321 0.717594 -0.374124 -0.343483 0.384421 0.284879 0.272577 0.052615 0.006305 -0.672269 0.261941 1.407110 0.816208 0.062399 -0.474057 -0.341152 -0.473179 -0.262660 0.252806 -0.082678 0.427355 0.236316 -0.213114 0.028857 0.086470 0.018392 0.380596 0.322932 0.067135 0.346212 -0.227139 0.106628 -0.404860 0.123698 -0.486830 -0.202306 -0.171416 -0.016276 1.030246 0.412052 -0.101784 -0.521976 -0.302168 -0.192728 0.219158 0.137645 
0.111153 0.127611 -0.179710 0.762550 0.096778 0.462956 -0.395206 0.778889 -0.319286 -0.164717 0.512912 0.336049 0.167372 0.002951 -0.163105 -0.583196 0.255775 1.106082 0.573576 0.222883 -0.264195 -0.413662 -0.516798 -0.204429 0.313235 -0.090746 0.128434 0.172461 -0.371984 -0.071324 0.037393 0.279162 0.264576 0.167071 -0.050720 0.350614 -0.106373 0.176847 -0.133491 0.119999 -0.381195 0.155509 -0.113831 0.016999 0.567813 0.427983 -0.188504 -0.509676 -0.144143 -0.452125 0.042301 0.066107 
-0.038242 0.090245 -0.153101 0.473165 0.177898 0.253786 -0.285547 0.464854 -0.237105 -0.527031 0.372287 0.226336 0.416402 0.065336 -0.278721 -0.558144 0.263637 0.714104 0.497628 0.232785 -0.083363 -0.308396 -0.435883 -0.277598 0.083787 -0.020842 0.188559 0.036041 -0.206120 0.096763 0.026571 0.252293 0.113068 0.010546 0.073976 0.421274 -0.093435 0.184304 -0.294844 -0.041652 -0.538694 -0.205720 -0.116837 -0.147983 0.613417 0.316531 -0.016092 -0.489460 -0.047127 -0.246937 -0.003131 -0.099370 
-0.052751 -0.142656 0.032242 0.364407 -0.183705 0.293833 -0.131205 0.197130 0.128518 -0.332077 0.078535 0.159015 0.355895 0.197543 -0.183369 -0.412357 0.252309 0.552468 0.391928 0.273213 -0.179774 -0.177048 -0.396439 -0.129384 0.344261 0.190000 0.096416 -0.156530 -0.094691 -0.103522 0.187916 0.169386 -0.077832 -0.218156 -0.076399 0.140509 -0.108170 0.217069 -0.182612 0.169445 -0.447835 -0.171864 -0.224525 0.071440 0.327202 0.245514 -0.044453 -0.579994 -0.106823 -0.146137 -0.008292 0.028439 
0.196479 0.085806 0.188081 0.260295 -0.106101 -0.016606 -0.312490 0.086202 -0.048463 -0.183907 0.027027 -0.002045 0.270612 0.111429 -0.164060 -0.180637 0.049348 0.417744 0.172992 0.133016 -0.099562 -0.155094 -0.298801 -0.138241 -0.084094 0.104140 0.184221 -0.164317 -0.135808 -0.074356 0.147950 -0.069073 -0.076442 0.066187 0.038203 0.155805 -0.293097 0.295910 -0.307795 -0.088383 -0.554020 -0.178243 -0.067559 0.002642 0.357649 0.311837 -0.122927 -0.468976 0.158908 -0.025450 -0.104633 0.170177 
0.084291 0.159930 0.397813 0.124501 0.009271 0.025865 -0.088467 0.217331 -0.104843 -0.171981 0.030263 -0.037961 0.057255 0.081995 -0.270925 -0.297636 0.053972 0.320210 0.338558 -0.038756 -0.052933 -0.221388 -0.281802 0.002788 0.121752 0.198367 0.115166 0.064387 -0.069750 -0.064785 -0.208570 -0.132292 0.058884 -0.039423 0.031140 0.023648 -0.107209 0.282647 -0.044710 -0.143905 -0.371614 -0.267867 -0.098895 -0.023306 0.261218 0.182191 0.006106 -0.276252 0.207996 0.191839 -0.107814 -0.041831 
0.048284 0.280853 0.339023 -0.081581 -0.188577 -0.265681 -0.166808 -0.108786 0.014905 -0.027027 0.148231 0.032611 0.006610 -0.101302 -0.013388 -0.360712 -0.030360 0.220382 0.257387 0.086750 -0.037585 -0.217646 -0.373875 -0.179604 -0.009511 0.145105 0.009128 -0.001451 -0.064403 0.129731 -0.061112 -0.118679 0.197462 0.157766 -0.380032 0.246727 -0.181114 0.412919 0.064602 0.080976 -0.324957 0.071355 -0.342205 0.164603 0.321110 0.030436 -0.102030 -0.002710 0.405088 0.166762 -0.096101 -0.075291 
-0.110236 0.165684 0.200906 -0.026029 0.308451 -0.286455 -0.281542 -0.196584 -0.193376 -0.072846 -0.132794 -0.038555 0.091774 -0.178572 -0.125725 -0.340406 0.103258 0.192683 0.235155 0.186577 -0.083186 -0.031602 -0.237091 -0.155306 0.005835 0.093180 0.013479 -0.000325 -0.010710 0.084528 0.054124 0.057762 0.209950 -0.082914 -0.472008 0.122291 -0.293293 0.298654 -0.012527 -0.033678 -0.286926 0.183396 -0.464547 -0.015006 0.399664 -0.022741 -0.193717 -0.072920 0.588704 0.181639 -0.184563 -0.361279 
0.166320 0.181028 0.323622 -0.097457 0.094310 -0.379331 -0.186541 -0.070116 -0.226689 -0.128483 -0.097956 0.009328 0.068405 -0.173606 -0.037344 -0.346941 0.149312 0.120469 0.310885 0.042202 0.044025 0.114593 0.092152 -0.030292 -0.121356 0.072431 -0.182082 -0.023024 0.101507 0.072077 -0.220381 0.038688 0.036249 0.053679 -0.558705 0.084723 -0.373898 0.137150 0.074580 0.205937 0.037155 0.256360 -0.270155 0.038345 0.203792 -0.160714 0.037011 -0.025215 0.291474 0.123796 -0.116084 -0.187931 
-0.198158 -0.038203 0.381886 0.058161 -0.035959 -0.444025 -0.302628 -0.165170 -0.148497 -0.196977 -0.319825 -0.235247 0.042079 0.036960 0.095392 -0.374925 0.324044 0.116139 0.139182 0.204341 0.006770 0.143423 -0.043091 0.010417 -0.221245 0.192475 -0.145098 0.095613 0.120769 0.178969 -0.058787 -0.023294 -0.119124 -0.293195 -0.551516 0.389568 -0.195726 -0.110638 0.005611 0.117622 -0.047169 -0.038128 -0.229391 -0.007322 0.070190 -0.078332 0.118367 -0.045677 0.469258 0.069867 -0.373506 -0.146133 
-0.176265 -0.076977 0.210015 0.152927 -0.080269 -0.165759 -0.353839 -0.335266 -0.217303 -0.262569 -0.131537 -0.018768 0.079254 0.111106 0.020369 -0.378050 -0.010983 0.051030 0.132799 0.015297 -0.086951 -0.027548 -0.074598 -0.040432 -0.231446 0.019842 0.005578 0.176408 0.167597 -0.103279 0.242049 -0.172977 -0.237851 -0.152106 -0.457487 0.525441 -0.169110 -0.158762 0.062440 -0.107892 0.120279 0.030368 -0.175206 0.081735 0.332843 -0.242533 0.134845 0.048488 0.299630 0.069347 -0.249717 -0.164680 
0.111610 -0.044724 0.056213 -0.011952 0.032487 -0.256274 -0.179253 -0.285324 0.103741 -0.372423 -0.131497 -0.301860 -0.003232 0.151318 -0.012826 -0.490758 0.046806 0.043786 0.103835 -0.131470 0.126682 -0.104586 -0.014834 -0.213041 -0.051754 0.072114 -0.096847 -0.010345 0.168282 0.011382 0.126021 0.021481 0.017228 -0.036593 -0.318766 0.626381 -0.053523 -0.182422 0.090031 -0.049934 0.163069 -0.100086 0.019877 0.238585 0.169090 -0.541514 0.160026 0.099577 0.270800 0.182863 -0.156824 -0.036223 
0.089589 -0.028898 0.159890 -0.256936 -0.006130 0.023137 -0.032152 -0.273240 0.115518 -0.544289 0.007834 -0.204322 -0.010420 0.186259 -0.054570 -0.195313 -0.067303 0.165875 0.257356 -0.111825 0.017459 -0.178835 0.093435 -0.227982 -0.132798 0.134522 0.043589 -0.019501 0.067357 -0.121202 0.150532 -0.272519 0.042231 -0.126829 -0.123200 0.452265 -0.189365 -0.133643 -0.017246 -0.046628 0.252430 -0.223797 -0.099127 0.113814 0.153000 -0.256338 -0.076531 0.054487 0.469307 0.032480 -0.188563 -0.344590 
0.019021 -0.116298 0.120271 -0.178243 -0.169386 -0.039488 0.022752 -0.155620 0.037351 -0.329121 -0.091894 -0.216364 0.142431 0.002181 -0.228832 -0.122011 -0.080837 0.117260 -0.050235 -0.102499 0.203603 -0.033097 -0.113372 -0.019750 -0.126783 0.002339 0.008249 0.061967 -0.148974 -0.011951 0.110372 -0.000007 -0.285761 -0.100853 -0.008155 0.378455 -0.239923 -0.237436 0.014529 0.000842 0.082908 -0.032767 -0.108454 -0.022949 0.217023 -0.492230 -0.337467 0.178351 0.306736 0.136807 -0.092059 -0.237622 
-0.197491 -0.109891 -0.021339 -0.176616 0.071678 0.121369 -0.002001 -0.263355 -0.010061 -0.274659 0.175037 -0.311981 -0.123919 -0.000518 0.140695 0.018920 0.062007 0.121490 0.214714 -0.209225 0.179328 0.013429 0.034579 0.026059 -0.217694 -0.090773 -0.161707 0.048216 0.010328 -0.234803 -0.017334 -0.082882 -0.228226 0.048007 -0.059056 0.185592 -0.293964 -0.343147 -0.026554 0.086289 0.422933 -0.089254 -0.017751 -0.166218 0.164726 -0.349154 0.032751 0.460183 0.344419 0.065598 -0.154813 -0.101830 
-0.168507 0.061129 -0.180463 -0.044898 -0.079367 0.314188 0.077548 -0.105983 0.221131 -0.323998 0.147285 -0.150658 -0.299698 -0.158455 -0.134033 -0.197592 0.023616 0.095670 -0.139756 -0.178273 0.279264 0.020454 0.099186 -0.110309 -0.091706 -0.033123 -0.151013 0.032499 -0.027413 -0.093747 -0.153679 -0.206151 -0.177270 -0.025197 0.109473 0.180166 -0.136563 -0.443748 -0.191100 0.113056 0.416336 0.055925 0.049120 -0.092143 -0.109683 -0.430719 0.142326 0.403278 0.301663 -0.154570 -0.036227 -0.060767 
-0.143436 -0.088027 -0.125166 -0.153569 -0.052116 0.402056 -0.073755 -0.042864 0.065942 -0.290153 0.077395 -0.309727 -0.409165 0.012462 0.012006 0.008271 -0.123966 -0.145447 -0.239311 -0.122307 0.129407 -0.034423 0.102716 -0.050165 -0.162054 0.141048 -0.012076 0.162768 -0.143993 0.120004 0.035339 -0.162166 -0.090805 0.192784 0.256749 -0.025688 0.078443 -0.279712 0.021676 -0.307067 0.643728 0.043697 -0.105761 0.013343 -0.001414 -0.448634 0.204287 0.350143 0.346905 0.080568 -0.196970 0.062104 
-0.107492 0.197679 -0.059850 -0.098079 0.257946 0.295186 -0.072672 -0.055488 0.247485 -0.406750 0.235807 -0.021445 -0.550539 -0.028150 -0.036472 0.101073 -0.058521 -0.061671 -0.363490 -0.196250 0.166130 0.017621 0.131736 -0.079419 -0.016157 -0.002460 0.055203 -0.293808 -0.146690 -0.136569 -0.175585 -0.065277 -0.277403 0.027123 0.305881 0.269345 -0.041483 -0.363527 -0.062987 -0.081994 0.877044 -0.077519 -0.012470 -0.065180 0.075787 -0.688471 0.033189 0.422846 0.120431 -0.102587 -0.146828 0.285867 
-0.005897 0.150932 0.028319 -0.145013 0.259714 0.105052 -0.002189 -0.203929 0.161044 -0.251589 0.246877 -0.443826 -0.338891 -0.168924 -0.060185 -0.366914 0.048927 -0.052608 -0.261952 -0.284298 0.000552 -0.074418 0.156556 -0.002320 0.062420 -0.185525 -0.198564 -0.115286 -0.153098 -0.170877 -0.054523 0.131561 -0.160256 0.153442 0.180354 0.028791 0.322602 -0.316412 0.023621 0.031912 0.652219 0.127762 -0.021031 -0.076413 -0.087570 -0.666031 -0.218066 0.045016 0.140003 -0.216106 0.094933 0.120518 
-0.094814 0.425971 -0.011290 -0.257748 0.150010 0.122569 0.013399 -0.145686 0.199241 -0.381098 0.177297 -0.544601 -0.203230 -0.032269 0.094596 -0.044351 0.154694 0.014236 -0.274066 -0.104520 0.116874 -0.203838 0.138867 0.185051 0.317205 -0.544733 0.029707 0.071661 -0.067267 -0.162100 0.048043 0.029511 -0.001963 -0.061838 0.063547 -0.076626 0.212040 -0.361461 -0.108997 -0.007969 0.828874 0.015482 0.242012 0.139710 -0.283945 -0.419843 -0.264802 0.179309 0.002082 -0.153219 0.073233 0.065429 
-0.014739 0.329011 0.050635 -0.007697 0.046842 0.078670 -0.230795 -0.140646 0.093674 -0.188762 0.126949 -0.457696 0.133228 -0.067893 0.000204 -0.114358 0.152517 -0.174186 -0.268753 -0.293296 -0.078900 -0.094514 0.225916 -0.048973 0.011075 -0.319442 -0.252758 -0.222940 -0.014218 -0.234130 0.033853 -0.040680 -0.028576 -0.089597 0.072859 -0.045995 0.200651 -0.414379 0.113886 -0.112919 0.720119 -0.107845 0.142376 0.080477 -0.165239 -0.542861 -0.238086 0.149818 -0.137059 -0.025461 0.073876 -0.057464 
0.075578 0.496512 0.082871 -0.201900 -0.085040 0.202193 -0.217087 -0.121131 0.172869 -0.255907 -0.009254 -0.589067 -0.246092 0.008351 0.118013 -0.323675 0.029455 0.050964 -0.367345 0.000962 -0.109086 -0.095791 0.012232 0.133819 0.093332 -0.272345 0.044576 -0.123774 -0.100399 -0.113205 0.029357 -0.156403 -0.178768 -0.010753 0.082015 -0.265295 0.491988 -0.456809 0.063704 -0.069177 0.570376 -0.166171 0.075476 -0.055085 -0.102261 -0.450781 -0.264142 0.343143 0.177094 -0.406303 0.138917 -0.040090 
0.006020 0.324683 0.184757 0.020203 0.018468 0.097604 -0.015268 -0.134823 0.333884 -0.062519 -0.002715 -0.440298 -0.403205 -0.082215 0.011733 -0.200058 0.105285 -0.241040 -0.238437 -0.145112 -0.008083 0.057029 0.081329 0.357649 -0.051130 -0.012743 -0.146201 -0.301130 -0.175461 0.115388 0.312694 0.062798 0.027874 -0.005846 0.297361 -0.277227 0.450223 -0.430177 0.116129 -0.072438 0.658355 -0.026385 -0.032806 0.196324 -0.095530 -0.553127 -0.221860 0.220204 -0.173822 -0.202262 0.021105 0.114762 
-0.148739 0.202081 -0.088171 -0.003458 0.061901 0.055817 0.071952 -0.354292 0.116634 -0.096043 0.077957 -0.399350 -0.431103 -0.292399 0.071070 -0.393127 0.300821 -0.276476 -0.139172 0.009852 -0.120203 0.092750 0.170280 0.084036 -0.298670 -0.148825 -0.013243 -0.235640 -0.113675 -0.112855 0.255400 -0.025785 0.086917 0.065451 0.086479 -0.178450 0.537017 -0.532325 0.159684 -0.138819 0.608564 -0.143416 0.053316 0.032683 -0.082425 -0.431930 -0.452946 0.273908 0.009121 -0.382648 0.041064 -0.045485 
-0.362299 0.106484 -0.051186 -0.028101 -0.071404 -0.102935 -0.087028 -0.326749 0.392797 0.100141 -0.025992 -0.410392 -0.227458 -0.163794 0.074296 -0.299348 0.180304 -0.077163 -0.353704 -0.265755 -0.045213 0.016933 0.171715 -0.004048 -0.128420 -0.032041 0.014687 -0.338652 -0.347118 -0.048706 0.223907 -0.098840 0.279886 -0.157646 -0.047209 -0.147262 0.388357 -0.581544 0.059667 -0.137860 0.793918 -0.212658 0.219612 0.076396 -0.068002 -0.293340 -0.359448 0.259665 -0.090508 -0.291530 0.045357 -0.038655 
0.001389 0.143264 -0.051746 -0.071153 0.114576 -0.111159 0.071257 -0.030621 0.031370 -0.126803 -0.004482 -0.282168 -0.088125 -0.113072 0.091017 -0.011923 0.002826 -0.356525 -0.307155 -0.359186 0.002729 -0.039095 0.033929 0.190636 -0.009984 -0.196743 -0.124281 -0.095918 -0.081332 -0.207416 0.142643 -0.004133 0.249232 -0.089469 0.111791 0.083967 0.426577 -0.194552 0.008017 0.039846 0.662121 0.052986 0.290331 -0.058375 -0.180830 -0.175674 -0.216752 0.143577 -0.144247 -0.179704 -0.054910 0.077314 
-0.138175 -0.025784 -0.090309 0.002975 -0.100466 -0.158442 0.055287 -0.328691 -0.019911 0.335409 -0.040308 -0.145952 -0.083929 -0.150393 0.099872 -0.040035 -0.000969 -0.098701 -0.366272 -0.190415 -0.131704 -0.006226 0.012637 -0.006221 -0.105301 -0.354035 -0.087440 -0.058840 -0.093012 -0.038574 0.277415 -0.071592 0.077477 0.018016 -0.042282 0.087724 0.481073 -0.272095 0.032783 -0.114661 0.557946 0.138198 0.060961 0.052423 -0.343881 -0.238596 -0.436361 0.304365 -0.016710 -0.077479 0.215480 0.249234 
-0.064239 0.007835 -0.125181 -0.142335 0.006792 -0.163451 -0.044448 -0.045829 0.054760 0.225465 0.053774 -0.214057 -0.329980 -0.225834 -0.014198 -0.104081 -0.152772 -0.201216 -0.104505 -0.286914 -0.268901 -0.071897 0.061101 0.241988 -0.053121 -0.317591 0.093415 -0.006980 0.133497 -0.325512 0.383951 0.047486 -0.031852 -0.086765 -0.240366 -0.026233 0.652616 -0.243216 0.120931 0.086319 0.476105 0.005395 0.133996 0.018843 -0.386240 -0.511952 -0.188123 0.443286 -0.122930 0.045363 -0.018397 0.319142 
-0.240114 0.146527 0.042139 -0.146833 -0.219649 -0.192749 -0.032408 0.027476 -0.007753 0.338949 0.064507 -0.131027 0.071650 0.048478 -0.186902 -0.082444 0.211155 -0.416741 -0.349083 -0.167279 -0.241169 0.082068 0.231048 0.258820 0.050975 -0.205877 0.142882 -0.121634 -0.023879 -0.325889 0.222728 0.199621 -0.124832 0.141021 -0.181510 0.122943 0.518867 -0.231407 0.058436 -0.034818 0.438945 -0.166260 0.141800 0.051278 -0.351788 -0.329900 -0.149365 0.226818 -0.209115 0.122522 0.083327 0.106234 
-0.110738 0.177772 0.035691 0.097307 -0.140396 -0.331875 0.163991 0.176809 -0.008176 0.351505 -0.112098 -0.329350 -0.122161 -0.042349 -0.069483 -0.056157 0.156306 -0.449091 -0.169061 -0.304248 -0.211963 0.037797 0.258154 0.237133 -0.119240 -0.076501 -0.035612 -0.092632 0.131775 -0.348170 0.025155 0.187842 -0.086469 0.261309 -0.270069 0.030056 0.398367 -0.294248 0.347898 -0.194970 0.611552 -0.329792 0.130203 -0.084218 -0.250785 -0.155058 -0.122428 0.049801 -0.201926 0.124560 -0.050876 0.251798 
-0.279860 0.439077 -0.034743 0.007044 -0.167535 -0.206788 0.165545 0.270162 -0.195226 0.432373 0.091018 -0.214472 -0.030033 -0.171604 0.076087 -0.023875 0.304350 -0.586018 -0.110662 -0.150897 0.060451 0.064663 0.134360 0.215249 -0.084456 -0.332895 0.235004 -0.025281 0.100133 -0.304427 0.255072 0.050141 0.058092 0.071321 -0.257921 -0.151699 0.352890 -0.021391 0.312696 -0.139162 0.554739 -0.140468 0.319124 -0.031761 -0.246764 -0.120082 -0.170784 0.336374 -0.113766 0.058098 -0.237532 0.043171 
-0.181020 0.355305 0.052642 0.073213 -0.079913 -0.212702 0.055385 0.127488 -0.189253 0.438042 0.009167 -0.216153 0.007670 -0.137041 0.064751 -0.190552 0.217944 -0.306737 -0.348762 -0.063565 -0.120421 0.147254 0.024254 0.209583 0.000446 -0.181260 0.084328 0.074214 -0.024006 -0.050634 0.009748 0.031262 0.080288 -0.175775 -0.199846 -0.296967 0.398986 -0.166365 0.273263 -0.190816 0.245281 -0.201772 0.149456 0.066607 -0.215332 -0.013181 -0.271786 0.104476 -0.125523 0.058873 -0.096240 0.135533 
0.060119 0.319092 -0.047687 0.111310 -0.282276 -0.032722 -0.141458 0.082731 -0.284457 0.496637 0.009498 -0.095245 0.178470 -0.004847 0.211011 -0.031254 0.155139 -0.474440 -0.333357 0.126371 0.187840 0.313031 0.238925 0.157984 -0.094993 -0.068919 -0.054022 0.056468 0.007068 -0.059251 0.036544 0.240737 -0.126718 0.092520 -0.115690 -0.172400 0.421502 -0.186368 0.108036 -0.127971 0.329435 -0.145666 0.325164 -0.161789 -0.380559 -0.022090 -0.171620 0.306630 -0.113363 0.164962 0.038707 0.131575 
-0.103776 0.090868 -0.160186 -0.061288 0.018228 0.095395 -0.015509 0.202122 -0.050791 0.641995 -0.068345 -0.255863 -0.139437 -0.058351 0.052082 -0.036224 0.142513 -0.408136 -0.319095 -0.046560 0.227067 0.073876 0.349661 0.212566 0.040148 -0.020521 0.100329 0.056158 0.187054 0.023630 -0.055623 0.264649 -0.104724 0.097902 -0.075321 -0.181789 0.387718 -0.305600 0.206585 -0.148977 0.673604 -0.088915 0.441889 -0.000212 -0.427259 -0.172011 -0.028336 0.338697 -0.218349 0.048697 0.097187 0.061613 
0.130008 0.087147 -0.464734 0.026449 0.191955 0.001602 0.162646 0.145899 -0.085847 0.843372 -0.250751 0.091543 0.004065 -0.016215 0.118236 0.143310 0.035971 -0.630583 -0.173117 0.220978 0.199439 0.185549 0.290585 0.518933 0.264950 0.092162 0.232744 0.210908 0.264236 0.043600 -0.269583 0.287380 -0.257897 -0.142114 0.017554 -0.069717 0.215969 -0.172509 0.168535 0.171838 0.522292 0.275195 0.211778 -0.029275 -0.235430 -0.166501 -0.135918 0.280115 -0.071794 -0.176479 0.037795 0.310850 
0.407987 0.015754 -0.575377 -0.093029 0.220783 0.060068 0.110112 0.402532 -0.250842 0.711779 -0.282019 -0.122141 -0.295102 0.090413 0.225123 -0.144776 -0.038448 -0.526547 -0.273012 0.229927 0.151946 0.197981 0.347023 0.296006 0.402918 0.108877 0.153252 0.309427 0.087969 -0.033569 0.055698 0.271213 -0.149896 0.018057 -0.001340 0.165330 0.198057 -0.475818 -0.150762 0.082401 0.418968 0.159336 0.262794 -0.186889 -0.419871 -0.108732 0.268557 0.128617 -0.034694 -0.235822 0.115491 0.370017 
0.050863 0.147851 -0.774923 -0.089777 0.176404 0.280867 0.120505 0.376888 -0.306704 0.822967 -0.276742 0.034904 -0.025806 0.347831 0.151004 0.044753 -0.018251 -0.502102 -0.275850 0.144821 0.146873 0.104693 0.301989 0.249232 0.190711 0.364658 -0.033343 0.456223 0.181548 -0.108999 0.220610 0.420390 -0.389425 0.053830 0.064525 0.193882 0.030102 -0.416536 -0.082223 0.004464 0.494706 0.238175 0.300853 -0.132081 -0.271794 0.151783 0.279424 0.379549 0.132164 -0.310275 0.066524 0.170511 
0.234999 0.178174 -0.561389 0.103793 0.134858 0.075213 0.146030 0.518092 -0.344548 0.719148 -0.096691 -0.042303 0.126131 0.126591 0.313244 0.230463 0.103423 -0.292206 -0.401896 0.070502 0.183385 -0.017698 0.285152 0.507101 0.321474 0.389389 0.144930 0.308483 0.058819 -0.332960 0.212734 0.412674 -0.394595 0.101135 -0.049090 0.095965 -0.049130 -0.213169 -0.277556 0.096431 0.121923 0.310348 0.229393 -0.163379 -0.340269 0.214493 0.492198 0.285354 0.116101 -0.287674 0.008634 0.139450 
0.280527 0.011553 -0.521218 0.189371 0.141786 0.268978 0.084539 0.498942 -0.451514 0.751950 -0.212656 0.170785 0.336215 0.104074 0.151756 0.255104 0.105686 -0.111153 0.012546 0.089221 -0.001483 0.208421 0.166260 0.439316 0.276483 0.494967 0.047689 0.401216 0.036048 -0.370866 0.043205 0.333898 -0.426424 0.160501 0.087958 0.268089 0.280774 -0.465724 -0.184832 0.190696 0.323161 0.221929 0.185455 -0.103924 -0.135533 0.222753 0.455270 0.239877 0.276304 0.002605 0.256597 0.104148 
0.233053 -0.165657 -0.389598 0.072257 0.025953 0.201869 0.394512 0.213533 -0.311929 0.618665 -0.330213 -0.015983 0.310016 0.118779 -0.123735 0.188491 0.142895 -0.236227 -0.055512 0.455330 0.242302 0.197071 0.218262 0.428611 0.301665 0.519724 -0.013363 0.166043 0.154694 -0.519184 0.063668 0.534466 -0.360780 -0.187047 0.045251 0.477669 0.271833 -0.594955 -0.285269 0.211411 0.095427 0.096622 0.331658 -0.328474 -0.116221 0.175919 0.449217 0.176148 0.166394 0.016599 0.025002 0.040096 
-0.043820 -0.079355 -0.335282 0.018984 0.213113 0.054154 0.280484 0.301795 -0.376816 0.822201 -0.601408 0.090245 0.333106 0.198769 -0.093615 -0.022732 0.160804 -0.291884 -0.135069 0.273334 0.035769 -0.091154 0.131842 0.470216 0.322270 0.515600 -0.110034 0.231557 -0.029229 -0.451628 -0.000686 0.423831 -0.439537 -0.042006 0.121626 0.465453 -0.073454 -0.426763 -0.197094 0.338227 -0.101009 0.220062 0.280430 -0.278127 -0.010061 0.230531 0.553461 0.010394 0.283368 -0.151181 0.213130 -0.198502 
0.083111 0.078333 -0.387040 -0.026864 0.119660 0.205916 0.244214 0.060293 -0.167757 0.657650 -0.537838 -0.058683 0.265945 0.236949 -0.073434 -0.063570 0.145112 -0.240881 -0.180329 0.343417 0.101432 0.131568 0.290422 0.331595 0.211419 0.372000 -0.056326 0.410665 0.126116 -0.364519 0.225146 0.527444 -0.257980 0.117452 0.316146 0.428966 -0.266992 -0.302186 -0.236975 0.266083 -0.152258 0.250882 0.188451 -0.256303 0.203543 0.212315 0.586782 -0.093032 0.165257 -0.213045 -0.032178 -0.181696 
0.121704 0.032608 -0.323137 -0.157838 0.281030 0.038678 0.350428 0.098198 -0.302725 0.639698 -0.237412 -0.254079 0.305977 -0.071869 0.041586 0.049100 0.115543 -0.208264 -0.112922 0.427607 0.135140 0.094599 -0.044971 0.159154 0.182093 0.085213 -0.231858 0.454661 -0.088913 -0.256658 0.373209 0.350817 -0.307736 -0.029298 0.265232 0.210160 0.081305 -0.309967 -0.227223 0.348602 0.055323 -0.012804 0.174105 -0.163721 0.186085 0.389614 0.500069 0.171097 0.121798 -0.120511 -0.040411 -0.366397 
-0.071375 0.049607 -0.075805 -0.005723 0.506559 0.134508 0.239812 -0.060993 -0.269322 0.659186 -0.190983 -0.015426 0.108652 -0.198439 -0.059607 -0.024516 0.159106 -0.056256 -0.083849 0.236566 0.203423 0.128975 0.172380 0.088547 0.133384 0.088935 -0.335194 0.401256 0.079022 -0.249754 0.128053 0.284332 -0.273504 -0.106321 0.226722 0.259832 -0.229955 -0.205821 -0.228681 0.274800 -0.030633 0.065942 -0.047322 -0.025662 0.185633 0.105576 0.763196 -0.042217 -0.044590 -0.112654 0.136748 -0.241343 
-0.134454 0.123673 -0.217315 0.001555 0.449694 -0.040819 0.253704 0.170546 -0.127595 0.664559 -0.360833 0.013956 0.263125 -0.023496 -0.107926 0.080505 0.121882 -0.175155 0.058396 0.357579 -0.019928 0.014643 0.236464 -0.034654 -0.008169 0.045457 -0.335270 0.156650 0.082238 -0.250303 0.056218 0.165648 -0.185108 -0.099900 -0.039706 0.133798 -0.206935 -0.071007 -0.359782 0.332259 -0.121602 0.144815 -0.147613 0.108056 0.017532 0.135974 0.863283 0.140501 0.101555 -0.068963 0.015107 -0.052683 
0.103544 0.094798 -0.304580 -0.305343 0.234305 -0.108265 0.517366 0.098339 -0.053331 0.452939 -0.101183 -0.081942 0.290349 0.076990 -0.126475 0.337248 0.049681 -0.371232 -0.020743 0.472767 0.039903 0.069747 0.217273 0.023434 0.228882 0.107888 -0.232414 0.291967 0.131659 -0.255576 -0.042736 0.177607 -0.251886 -0.072020 0.017906 0.113924 -0.177152 -0.213301 -0.291229 0.176415 -0.289728 0.094715 -0.072917 0.121874 -0.288053 0.317563 0.507284 0.100793 0.079480 -0.098678 0.209174 0.076449 
0.024090 0.234003 -0.006257 -0.169657 0.236705 -0.159023 0.344933 0.112635 0.064743 0.396276 -0.075040 -0.044797 -0.032823 -0.136932 -0.047172 0.140288 -0.029320 -0.401289 0.002247 0.538634 -0.035271 0.155815 0.458317 -0.084963 0.036923 0.020610 -0.042092 -0.065536 -0.002687 -0.286296 -0.144063 0.130695 0.023172 -0.056226 0.001923 0.268681 -0.166421 0.094559 -0.370763 0.272170 -0.181645 0.152233 -0.132687 -0.205214 -0.068116 0.386977 0.580914 -0.095147 0.126057 0.026972 -0.037146 0.228496 
-0.010690 0.062983 0.010009 -0.233412 -0.105347 -0.158546 0.417077 -0.249383 0.102389 0.161062 -0.184188 0.321675 0.010369 -0.109079 -0.111676 0.408625 0.021798 -0.298716 0.088188 0.354345 -0.029338 0.224493 0.152143 -0.038896 0.066001 0.109005 -0.068924 -0.340229 0.301454 -0.063729 -0.026160 0.294022 0.285221 0.181626 0.020910 0.014072 -0.221499 0.288205 -0.189606 0.220007 -0.532585 0.161247 -0.012129 -0.155914 0.013402 0.463446 0.543645 -0.073137 0.014079 0.136653 0.139631 0.044956 
-0.066193 0.041747 0.121198 -0.198251 -0.065131 -0.288070 0.562934 0.008424 0.129299 0.265554 -0.266479 0.332721 -0.088797 -0.175986 -0.182983 0.180849 -0.115181 -0.268273 -0.268495 0.146608 -0.013796 0.074186 0.142864 -0.058356 0.036590 0.111794 -0.020179 -0.269313 0.202075 -0.214916 0.035033 0.280731 0.146788 0.059232 0.088474 0.181220 -0.457040 0.531455 0.127686 0.194470 -0.440026 0.082595 -0.031911 -0.234990 0.066854 0.338978 0.426438 -0.294713 -0.014357 -0.137360 0.162593 -0.142668 
0.253636 0.243649 0.273945 -0.321490 -0.291643 0.009098 0.384305 -0.163108 0.283789 -0.019182 -0.119533 0.359175 -0.097250 -0.017859 -0.144324 0.312468 -0.092755 -0.432693 -0.133584 -0.037929 0.165608 0.169507 0.083239 -0.048738 0.222814 -0.209301 -0.092406 -0.371314 0.343546 -0.001746 0.088891 0.037466 0.391402 -0.050784 0.006897 0.184642 -0.415903 0.344951 0.050405 -0.114657 -0.511657 -0.061851 -0.041998 -0.115527 -0.143366 0.286537 0.340854 -0.138529 -0.026757 -0.027189 0.043683 -0.245245 
0.265538 0.155474 0.395288 -0.213512 -0.204043 -0.268233 0.448864 -0.035992 0.455476 0.087308 -0.353271 0.620885 -0.274213 -0.125960 0.053644 0.593897 -0.233985 -0.420436 -0.310702 -0.003790 -0.029244 -0.007907 -0.195064 -0.081618 -0.145226 -0.190431 0.100132 -0.301449 0.536489 -0.023920 -0.303062 -0.176134 0.372849 -0.045438 -0.013884 0.029866 -0.529877 0.399749 0.065187 -0.164084 -0.308459 -0.078757 -0.172136 -0.199292 -0.002883 0.280507 0.335085 -0.331366 0.245748 -0.066865 0.180509 -0.272963 
-0.117899 0.124149 0.350424 -0.336310 -0.159939 -0.248417 0.333352 -0.391058 0.482285 0.115255 -0.344552 0.574782 -0.195358 -0.038948 -0.071967 0.424855 -0.553468 -0.302188 -0.239590 -0.066542 0.050127 0.254058 -0.124062 -0.209472 -0.442358 -0.168620 -0.095379 -0.313006 0.635330 -0.107774 -0.102223 -0.207390 0.179173 0.025840 0.011780 -0.085141 -0.459897 0.446277 0.015841 -0.103696 -0.561574 -0.263343 -0.180317 0.150983 -0.065436 0.116102 0.397659 -0.192072 0.034118 0.022555 -0.120658 -0.014847 
0.092713 0.226427 0.130114 -0.469268 -0.143711 -0.131126 0.352708 -0.412574 0.569300 -0.047417 -0.136117 0.691725 -0.223864 -0.138372 -0.358080 0.520336 -0.548976 -0.360104 -0.274978 -0.219828 0.031867 0.346459 -0.168859 -0.268463 -0.397497 -0.376977 0.288761 -0.366055 0.353519 0.113504 -0.161002 -0.058679 0.316838 0.017790 0.244849 -0.095601 -0.740657 0.389450 -0.104809 -0.049710 -0.428154 -0.179329 -0.366179 0.124207 -0.024002 0.235124 0.237860 0.004207 0.164433 -0.186314 -0.039575 -0.055586 
-0.043488 0.074043 0.323105 -0.392912 -0.149752 -0.391203 0.286593 -0.370192 0.469779 -0.089057 -0.225090 0.418449 -0.368688 0.001035 -0.226611 0.416755 -0.325293 -0.055529 -0.073209 -0.120902 0.084322 0.249685 -0.414721 -0.094101 -0.300420 -0.438259 0.137578 -0.565016 0.307124 0.185622 -0.171949 -0.255846 0.063376 0.176293 0.000558 -0.170630 -0.895068 0.419935 0.131839 -0.102682 -0.464159 0.014943 -0.365535 -0.048924 -0.012192 0.071460 0.246360 -0.222334 0.138988 -0.258664 0.019769 -0.143456 
0.145486 0.184629 0.146101 -0.485001 -0.204165 -0.377517 0.266238 -0.501744 0.478828 -0.112616 -0.130240 0.510917 -0.296465 -0.022450 -0.046188 0.395591 -0.361285 -0.019107 -0.255525 -0.280889 0.093620 0.346054 -0.465716 -0.156890 -0.312813 -0.585388 0.346816 -0.383780 0.404021 0.342945 -0.016387 -0.191208 0.150784 0.209399 0.274993 -0.081230 -0.669850 0.185865 0.110474 -0.159273 -0.476770 0.105485 -0.263839 -0.050467 -0.003259 0.130818 0.091172 -0.421342 0.125135 -0.053497 0.090866 -0.235459 
0.309892 -0.000220 0.089559 -0.465004 -0.016160 -0.258835 0.225908 -0.135133 0.245815 -0.414093 -0.138662 0.692098 -0.385647 -0.085591 0.064825 0.274616 -0.370853 -0.166619 -0.157120 -0.226526 0.103879 0.296333 -0.438797 -0.093179 -0.075182 -0.416551 0.430658 -0.302139 0.467729 0.484051 -0.095503 -0.018375 0.124259 0.153176 0.141693 -0.035946 -0.593257 0.367766 0.080643 -0.250770 -0.478871 0.186570 -0.346918 0.036258 -0.163260 0.091145 0.197256 -0.189654 0.135183 -0.134200 0.165068 -0.093223 
0.206456 -0.154305 0.041437 -0.164926 -0.053262 0.009499 -0.151928 -0.219539 0.116698 -0.391010 0.099277 0.581698 -0.496768 -0.052404 0.225448 0.369270 -0.271640 -0.057921 -0.038482 -0.159792 0.141330 0.160386 -0.385829 -0.385569 -0.104663 -0.404927 0.314978 -0.417660 0.122392 0.537356 0.108464 -0.085088 0.139094 0.221426 0.131043 -0.008384 -0.816574 0.092520 0.268478 -0.222294 -0.150462 0.210175 -0.303997 0.116042 -0.062357 0.010640 -0.090117 -0.346042 0.105626 0.235525 0.496863 -0.199109 
0.189404 -0.443359 0.212661 -0.028668 -0.136444 0.002402 -0.068926 0.037187 -0.016519 -0.359549 -0.124855 0.509067 -0.410149 0.235893 0.131450 0.206785 0.111185 -0.209604 -0.155003 -0.378086 0.228909 0.532425 -0.300912 -0.263885 -0.062627 -0.257342 0.333175 -0.085965 -0.105036 0.619790 0.241750 -0.503843 -0.102280 0.312574 0.106445 0.345867 -0.708859 0.034586 0.238999 -0.256000 -0.444901 0.423954 -0.206490 0.113499 -0.095399 0.116370 0.081363 -0.401281 -0.017186 0.048972 0.486026 -0.225384 
-0.073428 -0.740012 0.162828 -0.057204 -0.317163 -0.198230 0.079063 -0.106692 -0.080666 -0.160870 -0.116341 0.420107 -0.401059 0.056633 0.005679 0.323260 -0.022318 -0.230744 -0.057018 -0.325280 0.054192 0.535574 -0.444778 -0.246611 0.188298 -0.214520 0.220925 -0.338221 -0.096815 0.827972 0.258080 -0.513498 -0.322405 -0.060260 0.311523 0.246004 -0.554241 0.107524 0.192614 -0.404876 -0.554910 0.187487 -0.334027 0.134889 0.020564 0.197165 -0.052067 -0.225399 0.002887 0.108226 0.579461 -0.246709 
-0.015353 -0.610763 0.186274 -0.057929 -0.485610 -0.182117 0.002316 -0.138074 -0.258600 -0.326223 0.102637 0.376361 -0.036963 0.063857 -0.151859 0.241325 0.057129 -0.246422 0.020226 -0.519004 -0.182468 0.489064 -0.463678 -0.345265 0.540967 -0.288355 0.397464 -0.282773 0.060862 0.742423 0.343253 -0.456081 -0.261039 0.242945 0.327689 0.090966 -0.617534 0.114357 0.053222 -0.109484 -0.378313 0.182492 -0.270408 0.004882 0.146480 0.296078 -0.176048 -0.288301 0.162441 0.105782 0.391713 -0.122064 
-0.207288 -0.400158 0.160787 -0.184702 -0.705503 -0.360161 -0.127664 -0.099997 -0.195918 -0.324650 -0.021824 0.436765 0.026827 0.078348 -0.228195 0.430173 -0.241944 -0.149295 -0.070927 -0.391130 -0.161283 0.297495 -0.171234 -0.270133 0.509179 0.148979 0.609010 -0.404440 0.158076 0.548133 0.251875 -0.087109 -0.221279 0.199771 0.220028 0.304915 -0.472784 0.119552 0.042178 -0.122044 -0.162353 0.335391 -0.404269 -0.164663 -0.114070 0.113537 -0.274276 -0.623462 -0.154652 0.068440 0.451649 -0.125487 
-0.430920 -0.499006 0.145648 -0.275189 -0.725503 -0.214259 0.046133 -0.133111 -0.081200 -0.412145 -0.159160 0.442271 0.371927 -0.130963 -0.002558 0.420032 -0.504557 0.021356 -0.104425 -0.256511 -0.109865 0.286633 -0.118390 -0.289578 0.788205 -0.210289 0.362727 -0.415602 0.104754 0.395678 0.044027 0.355729 0.176026 0.141102 -0.034882 -0.027255 -0.283885 0.118274 -0.172392 -0.222128 -0.192537 0.263499 -0.250398 -0.125715 -0.235361 0.209437 -0.265319 -0.354145 -0.172918 0.109686 0.370604 -0.276090 
-0.411380 -0.623319 0.148305 -0.024679 -0.256615 -0.022043 -0.044977 -0.030949 -0.495772 -0.576655 -0.198588 0.133680 0.519644 -0.072957 0.035894 0.284759 -0.579080 -0.093128 0.049252 -0.313914 -0.463679 0.334141 0.035427 -0.041677 0.717069 0.179390 0.151586 -0.345623 -0.066571 0.411229 -0.261694 0.501927 0.122434 0.231025 0.085270 0.295576 -0.233353 0.230446 -0.045127 -0.107022 0.159636 0.128178 -0.250677 -0.189933 -0.281747 0.233515 -0.347416 -0.448516 -0.188258 0.205156 0.178147 -0.328627 
-0.734369 -0.508771 0.295755 -0.027673 -0.236601 -0.265138 -0.052230 0.069496 -0.201183 -0.422387 -0.290783 0.153632 0.719831 -0.161181 -0.017267 0.179416 -0.440500 0.281393 -0.236145 -0.479428 -0.399550 0.262853 0.261436 -0.087888 0.565410 0.038744 0.155890 -0.250134 -0.268041 0.471281 -0.114749 0.485428 0.113050 0.141984 -0.113162 0.151038 -0.287112 0.196912 0.005492 0.035900 -0.138478 0.215400 -0.248122 -0.173386 0.125072 0.274384 -0.528974 -0.462969 -0.234118 0.041774 0.246007 -0.476338 
-0.720083 -0.600521 0.340186 -0.243768 -0.226807 -0.022053 -0.023422 0.081124 -0.302545 -0.395183 -0.397692 -0.066468 0.666658 0.186030 -0.055462 0.096516 -0.355756 0.051277 -0.104558 -0.310211 -0.319047 0.076878 0.179965 -0.063672 0.228005 0.072407 -0.118789 -0.151835 -0.184740 0.641469 -0.205538 0.144205 0.078268 0.067497 -0.087055 0.147039 0.006385 0.160104 -0.245100 0.219093 -0.198686 0.044908 -0.206845 0.079375 0.158227 0.263990 -0.266721 -0.303542 -0.264021 -0.006158 0.113089 -0.609174 
-0.593861 -0.717387 0.132441 -0.109633 -0.080419 0.092915 -0.237048 0.229318 -0.194311 -0.198202 -0.025736 0.181109 0.547991 0.171953 0.072769 0.141793 -0.094780 0.093277 -0.062076 -0.313831 -0.328754 0.158388 0.148016 0.346778 0.295264 0.087943 0.018324 -0.076510 -0.180667 0.592312 -0.258526 0.064006 -0.131315 0.124311 -0.140501 0.078491 0.058960 0.063656 -0.260483 0.198002 -0.139653 -0.070868 -0.308754 0.118751 0.168102 0.186666 0.118946 -0.167319 -0.337259 -0.103687 -0.005339 -0.329136 
-0.500694 -0.439510 0.180809 0.198881 -0.286003 -0.028870 -0.163991 0.113476 -0.005745 -0.186808 0.336594 0.143501 0.519301 -0.006783 0.327646 0.062144 -0.120791 0.101841 -0.209847 -0.043342 -0.160039 -0.068664 -0.053032 0.247802 -0.094971 0.193941 -0.089853 0.253232 -0.081936 0.399744 -0.310999 -0.525506 0.230928 0.137178 -0.172934 0.129188 0.229425 0.112282 -0.311047 0.285919 -0.166224 0.003441 -0.152894 0.118953 0.344599 0.239631 -0.184434 -0.022287 -0.042216 0.184142 0.034703 -0.400782 
-0.146630 -0.424311 0.021594 -0.012133 -0.434234 0.228469 -0.029806 0.263824 -0.003498 -0.366120 0.304215 0.247036 0.575307 -0.031570 0.434110 0.471697 0.059591 0.008982 -0.089768 -0.145953 -0.027655 -0.056899 -0.122582 0.357110 -0.272523 0.145806 -0.238660 0.537871 -0.116764 0.595385 -0.089965 -0.601615 0.281315 -0.133648 -0.097453 0.313457 0.240926 -0.006138 -0.226882 0.455615 -0.435920 -0.092081 -0.122883 0.218677 -0.020039 0.108354 0.063717 -0.156937 -0.110407 0.281080 0.117143 -0.084065 
-0.078097 -0.681739 -0.026748 0.397492 -0.354039 0.317873 -0.077033 0.243642 0.157318 -0.376286 0.721850 -0.080890 0.426308 -0.010279 0.488646 0.467681 0.159895 -0.019469 -0.000415 0.207985 0.187832 -0.049346 0.114912 0.380042 -0.484137 0.101812 -0.608706 0.546511 -0.170015 0.435692 -0.108757 -0.869968 0.190174 -0.228927 -0.152855 0.373363 0.304509 -0.184577 -0.131345 0.634136 -0.612396 -0.195606 -0.164311 0.466658 0.084691 -0.058228 -0.112566 0.200869 0.020440 0.314084 0.152301 0.205305 
-0.033011 -0.417289 -0.074674 0.419730 -0.131178 0.357147 -0.046900 0.431654 0.461703 -0.186822 0.846095 -0.094350 0.094818 0.075408 0.254119 0.564646 -0.053148 0.187738 0.152446 0.020583 0.519930 0.016825 -0.014427 0.362142 -0.787717 0.363783 -0.901339 0.623548 -0.180687 0.609203 -0.185459 -0.808050 0.009394 -0.443619 -0.056386 0.275789 0.407577 0.012664 -0.102426 0.631965 -0.510224 0.039513 -0.212881 0.369314 -0.127415 -0.259918 -0.124007 0.541137 -0.085791 0.179891 0.057190 0.441581 
0.083522 -0.548371 -0.194954 0.470641 0.056006 0.398661 -0.081183 0.193872 0.686703 -0.296046 0.915946 -0.160126 -0.214279 -0.086037 0.135472 0.729751 0.075457 0.020190 0.253126 0.135616 0.339298 -0.104456 0.071352 0.309856 -0.764002 0.477181 -1.009621 0.475475 -0.217499 0.359569 -0.226790 -0.569765 -0.047490 -0.559177 0.072709 0.204374 0.424789 -0.248412 -0.076611 0.891056 -0.332523 -0.282277 -0.007873 0.395898 0.041879 -0.251400 -0.210846 0.564308 -0.117199 0.215739 0.238784 0.557843 
0.044151 -0.195741 -0.209174 0.109719 -0.120511 0.561706 -0.132309 0.241833 0.388000 -0.210466 0.783162 -0.172604 -0.161344 -0.172431 -0.363419 0.502396 0.025811 -0.028401 0.377845 0.219123 0.289896 -0.326972 0.031065 0.267020 -0.854069 0.645599 -0.877363 0.649362 0.019603 0.309476 -0.182992 -0.574753 -0.156958 -0.355651 0.366257 0.266692 0.436180 -0.045548 0.185836 0.760798 -0.467989 -0.605612 0.036730 0.103635 -0.182318 -0.339660 -0.182584 0.599632 -0.048437 -0.024277 0.164192 0.294574 
0.025903 -0.161943 -0.245847 0.306375 -0.066974 0.470053 0.204687 -0.021486 0.413128 -0.374203 0.742696 -0.218635 -0.252552 -0.458669 -0.431261 0.402409 0.094545 0.112946 0.277220 -0.012610 0.135289 -0.495188 -0.105151 0.280842 -0.392812 0.471454 -0.625425 0.524558 -0.006271 0.097744 -0.398216 -0.491524 -0.192344 -0.263103 0.510055 0.143622 0.497712 -0.012411 0.299458 0.632372 -0.335621 -0.654872 0.004187 -0.177148 0.069680 -0.386352 -0.201878 0.241311 -0.022793 -0.296754 0.229968 0.591688 
0.045276 -0.087625 -0.316999 0.224014 -0.077335 0.042614 0.079973 -0.100035 0.098442 -0.190700 0.745531 -0.097589 -0.231908 -0.138748 -0.554099 0.295633 -0.032402 0.142502 0.287904 0.212330 -0.231293 -0.498369 -0.306706 0.061837 -0.088356 0.622778 -0.087951 0.201358 0.138456 0.041122 -0.601658 -0.211556 -0.018939 -0.410162 0.707528 0.255192 0.130916 -0.053127 0.467079 0.442765 -0.536606 -0.817184 -0.068118 -0.517825 0.030633 -0.360823 -0.253226 0.080374 -0.061038 -0.351907 -0.025839 0.499654 
0.424277 0.107613 -0.058244 0.377670 -0.352240 0.021843 -0.059679 -0.245115 -0.106273 -0.170592 0.661084 -0.283539 -0.204520 0.061062 -0.593380 0.294716 -0.413930 0.184988 0.205051 0.007424 -0.300595 -0.491657 -0.077936 0.098671 -0.012815 0.536619 0.490870 0.110203 0.104473 -0.144762 -0.410100 -0.094325 0.131545 -0.242682 0.470762 0.091989 0.101349 -0.009332 0.592080 0.361503 -0.138167 -0.564629 -0.043211 -0.395382 -0.205481 -0.602433 -0.078663 -0.075160 -0.114553 -0.272086 0.226206 0.331136 
0.617728 0.170528 0.105228 0.169390 -0.041535 -0.425720 -0.009306 -0.280676 -0.305753 -0.312862 0.462538 -0.450416 -0.185395 0.341542 -0.451335 0.014521 -0.313834 0.241361 0.225691 -0.122168 -0.413313 -0.741816 -0.014704 -0.435212 0.090634 0.488384 0.826183 0.034658 -0.265853 -0.095678 -0.261389 -0.112178 0.366402 -0.024133 0.566577 -0.054476 0.264489 0.132115 0.496770 0.032711 -0.099042 -0.486042 -0.112829 -0.209282 -0.156935 -0.394467 0.253544 -0.268455 0.060570 -0.085095 -0.000986 0.061023 
0.462767 0.162558 0.297488 0.230366 0.263885 -0.314933 0.010143 -0.162919 -0.376587 0.001576 0.350383 -0.447708 0.120634 0.567937 -0.355196 0.218064 -0.108489 0.128551 0.102808 -0.308352 -0.308353 -0.598543 0.204744 -0.502949 0.259334 0.092580 0.845439 -0.097771 -0.562351 -0.220896 0.056411 -0.311168 0.650768 0.199331 0.438787 -0.435517 0.378520 0.190953 0.255325 -0.062581 -0.001562 -0.406838 -0.442391 -0.012893 0.061488 -0.182226 0.335016 -0.341841 -0.243424 -0.024549 -0.162904 -0.045973 
0.738149 0.455290 0.756586 0.069769 0.116739 -0.287511 0.060479 -0.213421 -0.619322 -0.033663 0.182894 -0.543101 0.465856 0.631993 -0.083996 0.122499 -0.038027 0.215930 0.007316 -0.174008 -0.282501 -0.286437 0.389155 -1.058249 0.232790 -0.146367 0.589116 -0.256471 -0.839027 -0.237041 0.218599 -0.619955 0.331901 0.289911 -0.125093 -0.289653 0.237163 0.019445 0.248513 -0.123600 0.062134 -0.195378 -0.391392 0.312233 -0.036305 -0.271565 0.448986 -0.401240 -0.130773 0.116493 -0.246763 -0.307427 
0.924153 0.647006 0.822173 0.076094 0.271013 -0.157321 0.185323 -0.128495 -0.806059 0.120341 0.076398 -0.380842 0.253230 0.775735 0.313532 0.098246 -0.047766 -0.046786 0.121251 -0.226184 0.085145 -0.341386 0.363502 -1.026525 0.092138 -0.429813 0.745571 -0.274015 -0.502333 -0.049858 0.356684 -0.712320 -0.162957 0.531826 -0.273925 -0.274332 0.429049 0.073105 0.122183 -0.089193 0.164249 0.326402 -0.394553 0.412742 -0.002635 -0.065567 0.151853 -0.264516 0.193698 0.051853 -0.105734 -0.276268 
0.782524 0.580760 0.788556 0.060122 0.374835 -0.066700 0.286351 -0.149745 -0.602825 0.043567 -0.091058 -0.350478 0.119058 0.526841 0.381915 0.469909 -0.290233 -0.104113 -0.026422 -0.223367 0.429864 -0.169947 0.379577 -0.836101 -0.009495 -0.552964 0.333046 -0.086714 -0.220251 -0.099377 0.297216 -0.834300 -0.486567 0.312324 -0.271206 -0.137706 0.536932 -0.193192 0.051081 -0.182080 0.033144 0.498672 -0.299778 0.506467 -0.044225 -0.050486 0.220993 0.343293 0.197841 0.256416 0.323211 -0.579589 
0.457310 0.866329 0.217136 0.136305 0.325726 -0.009315 0.431103 -0.240750 -0.316493 -0.087809 0.130624 -0.159362 0.022485 0.272389 0.436440 0.158462 -0.402670 -0.278500 -0.308419 -0.280954 0.465355 0.301499 0.236489 -0.274034 -0.178835 -0.369281 0.332025 -0.142765 -0.321617 0.133911 0.210660 -0.582874 -0.870312 0.318310 -0.239909 -0.312996 0.694023 -0.080782 -0.209241 0.309057 -0.022729 0.575705 -0.045156 0.211836 0.172619 0.144943 -0.126563 0.303832 0.041020 0.108579 0.092887 -0.548841 
-0.405597 0.647393 -0.082939 -0.097858 0.317800 0.005033 0.478622 -0.032300 -0.047763 -0.186882 0.207171 -0.070227 0.167321 -0.046654 0.281596 -0.082683 -0.841075 -0.220555 -0.461936 -0.313395 0.095390 0.646726 0.123724 0.433910 -0.068292 -0.366770 -0.059429 -0.126896 -0.178270 0.002823 -0.047558 0.066962 -0.969339 0.118574 -0.299866 -0.168066 0.385301 0.060124 0.131491 0.043983 -0.125623 0.309441 0.135876 -0.069838 0.195216 0.095947 -0.219840 0.292971 0.127593 0.471921 0.146637 -0.577383 
-0.689381 0.506868 -0.461224 -0.296534 0.574076 -0.217059 0.140302 -0.044869 -0.058594 -0.174097 0.020298 0.374550 0.188851 -0.117312 -0.031660 -0.382826 -0.714214 0.240325 -0.610738 0.074372 -0.083459 0.999413 -0.211058 0.847334 0.177188 -0.782411 -0.233755 -0.081858 -0.163029 -0.166635 -0.193600 0.469955 -0.262024 -0.032558 -0.326558 -0.264904 0.371289 0.316524 0.160352 -0.434393 -0.344393 0.090216 0.502186 -0.484844 0.268180 0.251729 -0.333284 0.309694 -0.206248 0.443057 -0.183460 0.001044 
-0.733185 0.457824 -0.635191 -0.353745 0.164825 -0.274101 -0.278864 0.253334 -0.089261 0.049550 -0.219478 0.135199 0.201954 -0.176355 -0.675927 -0.556284 -0.406909 0.182204 -0.386024 0.070381 -0.217315 0.785720 -0.144233 1.193126 0.164648 -0.652749 -0.265182 -0.084462 -0.108730 -0.077174 -0.035766 0.692650 0.122118 -0.135311 -0.162473 -0.239868 0.140301 0.426510 0.197978 -0.733851 -0.113404 0.067851 0.618412 -0.487913 0.041555 0.254352 -0.611102 0.152991 -0.089287 0.704866 0.070100 -0.056470 
-0.568366 0.103648 -0.365087 -0.417438 -0.237902 -0.015226 -0.116800 0.225643 0.008579 0.039419 -0.215601 0.020033 0.085825 -0.176221 -0.867324 -0.315576 0.260280 0.169206 -0.258450 0.292208 -0.121888 0.481803 -0.379642 0.683525 0.332059 -0.649331 -0.295154 -0.209205 0.209358 -0.006928 0.269135 0.407505 0.337629 -0.354646 -0.077212 -0.165759 -0.115915 0.262097 0.412664 -0.667557 -0.021956 -0.346035 0.148313 -0.316532 0.038389 0.375058 -0.537794 -0.035498 -0.053710 0.459490 -0.062914 0.324961 
-0.521187 0.009972 -0.108194 -0.365781 -0.254889 0.258284 -0.029048 0.193802 -0.085785 0.348822 -0.131733 0.058015 -0.084710 -0.249384 -0.668426 0.025423 0.941269 0.228816 -0.213805 0.045441 -0.077154 -0.157869 -0.404644 0.139902 0.206424 -0.520417 -0.144546 -0.289648 0.222296 0.174038 0.412737 0.374517 0.043326 -0.353772 -0.279061 0.017813 -0.147375 0.070920 0.663459 -0.593116 -0.076986 -0.332041 -0.062559 0.010157 -0.097045 0.293740 -0.552847 0.041408 -0.139470 -0.012567 -0.179982 0.257945 
-0.174739 -0.149204 0.172561 0.026195 -0.478379 0.167861 -0.099269 -0.151270 -0.375320 0.325887 -0.279273 0.194468 -0.262453 -0.077335 -0.199060 0.235731 1.005733 -0.002697 -0.108729 0.209362 0.139966 -0.775630 -0.152328 -0.272429 -0.048799 -0.303231 -0.306535 -0.351210 0.424837 0.358565 0.626086 0.263685 -0.078572 -0.636549 -0.200795 0.330603 -0.032474 0.289701 0.515155 -0.391250 0.025242 -0.380315 0.059371 0.194627 -0.124970 -0.167920 -0.388635 -0.249629 0.063920 -0.018573 -0.138720 0.119213 
-0.204895 -0.035085 -0.104679 0.084753 -0.313871 -0.060414 -0.181053 -0.018283 -0.214934 0.209782 -0.075892 0.066603 -0.330326 -0.254368 0.174214 0.064333 0.369292 -0.060593 -0.024095 0.498244 0.142219 -1.156514 0.248349 -0.406341 -0.042618 -0.129911 -0.215255 -0.087313 0.427564 0.188984 0.322127 0.392382 0.162638 -0.832402 -0.114681 0.316301 0.122860 0.045757 0.200704 -0.031116 0.162869 -0.554945 0.520941 0.460241 -0.107548 -0.305868 0.057585 -0.070303 0.231192 -0.150513 0.203330 0.119132 
-0.009888 -0.074701 -0.113557 0.245373 0.091747 -0.249674 -0.372037 -0.242557 -0.002131 -0.426502 -0.143089 0.339913 -0.560520 -0.514677 0.364053 0.090534 -1.057231 -0.268343 0.246900 0.114787 -0.020176 -1.031723 0.450760 -0.310960 -0.050976 0.230672 -0.115115 0.318411 0.313765 0.385081 -0.355719 0.159899 0.458606 -0.679077 0.076590 -0.045479 -0.226390 0.180492 0.048050 0.213341 0.032022 -0.525373 0.064542 0.206564 0.082470 -0.153442 0.135458 -0.346520 0.279040 -0.409648 0.365335 0.200699 
0.137189 0.138262 -0.303062 0.083868 0.438035 -0.128849 -0.290457 -0.142362 0.416456 -0.598943 0.016322 0.401132 -0.154709 -0.645246 0.506318 -0.240113 -1.411307 -0.320889 0.393690 -0.083638 -0.035006 -0.425780 0.360705 -0.414404 -0.130624 0.431614 -0.070532 0.357087 0.133847 0.256358 -0.329643 -0.130140 0.494399 -0.479318 0.106733 -0.339926 -0.277785 -0.233399 -0.264216 0.346360 -0.064412 -0.155025 0.111015 -0.020273 0.251406 0.126103 0.273936 -0.330437 0.385157 -0.536028 0.275121 0.081453 
0.539122 0.292943 -0.534874 0.219729 0.667381 -0.029486 -0.153524 0.104702 0.136372 -0.292843 -0.003741 0.468132 0.206736 -0.773807 0.187904 -0.466429 -0.457968 -0.094548 0.326430 -0.077213 0.099221 0.338550 0.407642 -0.319318 -0.291790 0.619837 -0.081225 0.191807 0.070957 -0.394631 -0.221172 -0.330527 0.033982 -0.257246 0.268874 -0.205913 0.207824 -0.297050 -0.473871 0.407686 0.150934 0.117660 -0.160255 0.286425 0.315065 0.407435 0.095454 -0.155280 0.013824 -0.433635 -0.139276 0.230200 
0.399964 0.004695 -0.412505 0.170319 0.519299 -0.150948 0.016518 0.209610 0.119126 -0.105269 0.235977 0.154210 0.251116 -0.596717 -0.062775 -0.142546 0.576835 0.032783 0.007298 -0.092358 0.306001 0.634332 0.423441 -0.345742 -0.175634 0.707916 0.121455 0.005177 0.042951 -0.566383 0.044980 -0.495964 -0.644256 -0.142169 0.414101 -0.237490 0.181403 -0.618180 -0.533413 0.338021 0.257470 0.254983 -0.058741 0.332955 -0.054648 0.305599 0.113759 -0.267234 -0.174188 0.112953 -0.190771 0.399035 
0.378176 -0.240415 -0.030330 0.286613 0.018756 -0.269481 0.420247 0.057267 0.295593 -0.441180 -0.127467 0.264318 0.616176 -0.411335 0.097563 -0.135355 0.850799 0.254944 -0.045065 -0.163811 0.098307 0.662609 -0.038751 -0.437598 -0.101443 0.456351 -0.042437 -0.347415 -0.157432 -0.483710 0.128831 -0.357138 -0.734478 0.285597 0.207895 -0.205034 0.128325 -0.633237 -0.436607 0.092838 0.160376 0.716715 -0.240234 0.173984 0.212773 -0.181610 0.141052 -0.089042 -0.068742 0.264179 -0.164185 0.142986 
0.063862 -0.527953 0.364825 0.102281 -0.228383 -0.032208 0.219032 -0.274631 0.370978 -0.335403 -0.022408 0.118997 0.178705 -0.260976 0.332171 0.057405 0.181958 0.382595 -0.063069 -0.340052 0.355780 0.493064 -0.082964 -0.110259 -0.199084 0.309336 -0.028639 -0.624570 0.075304 -0.341969 0.051732 -0.555508 -0.359781 0.663156 0.042742 -0.335238 -0.143839 0.006419 -0.039877 -0.438670 0.058733 0.764849 -0.316719 0.223352 0.349986 -0.155158 0.322019 0.355532 -0.110030 0.316477 0.171223 0.061745 
0.016035 -0.177223 0.419911 0.027359 -0.258584 0.393126 0.224938 -0.345913 0.157725 -0.327150 0.087642 -0.193636 -0.391182 -0.517690 0.781037 0.193517 -0.205098 0.250920 -0.111400 -0.582218 0.291266 0.069891 -0.289482 -0.025954 -0.103972 -0.233070 -0.162062 -0.813385 0.422087 0.105169 0.167997 -0.268457 0.141134 0.992501 -0.018955 -0.164928 -0.462094 0.386902 0.117371 -0.658146 0.124619 0.350637 -0.320817 0.185052 0.265765 -0.140879 0.096251 0.700638 0.141739 0.191248 -0.061561 0.265285 
-0.066578 -0.387727 0.705109 -0.199270 -0.471564 0.392402 0.263636 -0.291127 -0.397059 0.016389 0.021218 -0.722069 -0.501924 -0.592741 0.273194 0.007094 -0.078816 -0.055383 -0.084456 -0.300475 0.125928 -0.231097 -0.311211 0.033228 -0.362737 -0.387491 -0.093628 -0.653782 0.038422 0.267510 0.282200 0.144814 0.261780 0.826582 0.196786 0.125416 -0.246019 0.568716 0.132753 -0.643196 0.288755 0.014128 -0.113705 0.065753 0.191104 -0.088220 0.083756 0.564018 -0.018253 -0.226685 0.127265 -0.183650 
-0.181544 -0.281796 0.581677 0.221185 -0.530481 0.073888 0.084905 -0.163598 -0.417140 0.187721 -0.204660 -1.006860 -0.622273 -0.413907 -0.507790 0.082102 0.180749 0.053795 -0.273284 0.441884 -0.099122 -0.493017 -0.348679 0.113370 -0.468290 -0.192462 0.069594 0.138149 -0.517864 0.200613 0.077657 0.342734 0.444284 0.387700 0.301104 0.210094 0.128938 0.333309 -0.130062 -0.101839 0.332103 -0.501243 -0.060006 -0.000293 -0.130292 -0.022343 -0.345547 0.275777 0.008500 -0.758211 0.134719 -0.507704 
-0.498841 -0.013932 0.409672 0.308679 -0.238393 -0.134837 -0.519560 0.270649 -0.126585 0.239227 -0.578783 -0.669359 -0.780961 -0.208142 -0.707251 -0.385833 0.121649 -0.081099 0.145084 0.558316 -0.385708 -0.681339 -0.241373 0.101693 -0.608114 0.112435 -0.266622 0.573782 -0.570192 -0.283902 -0.220727 0.307296 0.772009 0.010671 0.360041 0.045426 -0.116316 0.356569 -0.477677 0.389319 0.002832 -0.377314 -0.129884 0.153181 -0.732593 0.197853 -0.236782 -0.114292 -0.146686 -0.806581 -0.161765 -0.846310 
-0.376922 -0.148867 0.226808 -0.051962 0.051879 -0.093106 -0.441689 0.194978 -0.002053 0.109476 -0.462625 -0.419343 -0.635898 0.300871 -0.916018 -0.337885 0.314158 -0.271902 0.333683 0.460914 -0.299133 -0.434633 0.240047 -0.007631 -0.426421 0.428425 -0.365214 0.796969 -0.616506 -0.104667 -0.226725 0.537281 0.671968 -0.356022 0.084198 0.166536 -0.087275 0.248893 -0.535479 0.446348 -0.140743 -0.225764 0.015604 0.405997 -0.759919 0.117521 -0.133665 -0.151999 -0.150658 -0.772646 -0.171825 -0.730838 
-0.301590 -0.413358 -0.222134 -0.029282 -0.083018 0.173833 -0.461239 0.133094 -0.339603 -0.097710 -0.154748 -0.149819 -0.256557 0.617530 -0.819133 -0.347260 0.399689 -0.293061 0.328944 0.141863 -0.315091 -0.221933 0.453363 -0.108026 -0.307607 0.570524 -0.219425 0.814788 -0.761771 0.327409 0.107171 0.480209 0.084048 -0.658381 0.120080 0.593018 -0.174690 -0.315831 -0.765392 0.519547 0.137852 0.005668 0.339274 0.400426 -0.473759 0.281267 0.036601 -0.468346 -0.166669 -0.201578 0.018842 -0.661605 
-0.111456 -0.414674 -0.506033 -0.216934 -0.174926 0.390796 -0.108812 0.002832 -0.655244 -0.071352 0.260353 0.265569 0.180119 0.382930 -0.371962 -0.164155 0.504992 -0.354820 0.438287 -0.004709 -0.310396 0.056485 0.595541 0.120372 0.111705 0.449087 -0.201171 0.519804 -0.695777 0.316346 0.224547 0.786346 -0.323608 -0.348694 -0.138816 0.398176 -0.433297 -0.325607 -0.763070 0.218046 0.068893 0.042302 0.555713 0.346267 -0.049910 -0.001742 0.206646 -0.205443 -0.073908 0.149991 0.056616 -0.168004 
0.004161 -0.011289 -0.364254 -0.444866 0.082753 0.447443 0.315839 0.014320 -0.545003 -0.022510 0.724537 0.455329 0.129771 0.426294 -0.065797 -0.059433 0.438930 -0.095465 0.235072 -0.264939 0.064841 0.407391 0.520017 0.127658 0.362846 0.338833 0.003917 0.152102 -0.614928 0.427453 0.297428 0.458641 -0.362216 -0.370861 0.124679 -0.118758 -0.631728 -0.373069 -0.944900 0.029742 0.099601 0.319465 0.656851 0.566404 0.248269 -0.067887 0.109150 -0.267627 0.009643 0.447106 0.267177 -0.238276 
0.215310 0.323329 -0.568007 -0.257637 0.121963 0.462424 0.623108 0.061411 -0.454308 0.251975 0.512584 0.611133 0.063111 0.501474 0.125498 0.033414 0.401354 -0.150311 0.041438 -0.243516 0.130558 0.217400 0.512257 0.149326 0.106868 0.615590 0.165632 0.039930 -0.121234 0.460458 0.561227 0.282848 -0.347477 -0.171911 0.263208 -0.315115 -0.368673 0.076723 -0.882005 -0.183937 0.140681 0.533026 0.449293 0.454777 0.367233 -0.152104 -0.044920 -0.130884 -0.081432 0.379297 0.419923 0.241193 
0.544604 0.270349 -0.167361 -0.164198 0.151082 0.310273 0.321201 -0.014420 -0.001254 0.176363 0.522536 1.055115 0.147779 0.451759 0.562949 0.171034 0.172970 0.007575 0.028944 -0.424331 0.400437 0.534330 0.227465 0.080628 0.108961 0.778523 0.362372 -0.275205 0.119012 0.405485 0.501698 0.216547 -0.160913 -0.016861 0.151673 -0.528467 -0.289640 0.125783 -0.475404 -0.214736 0.060616 0.972018 0.265687 0.071931 0.377180 -0.313260 -0.218189 0.066374 -0.180496 0.208087 0.480885 0.405434 
0.687152 0.063843 0.074953 0.119012 0.672601 0.149471 0.023475 0.062932 -0.209346 0.196526 0.566028 0.826387 -0.064146 0.254575 0.658232 -0.013448 -0.074315 -0.094495 0.128472 -0.114697 0.483086 0.385879 0.409127 0.139363 0.227531 0.500137 0.352319 -0.486474 0.014080 0.253257 0.276653 -0.117864 0.227089 0.110419 0.055166 -0.399626 -0.192413 0.130945 -0.121416 -0.707234 0.148963 1.082703 0.216912 -0.083155 0.310133 -0.272095 -0.215371 0.136764 -0.147429 0.197367 0.386870 0.626942 
0.885279 0.047439 0.175615 0.093380 0.651089 0.098933 -0.171796 0.214026 -0.058476 0.301309 0.442943 0.435674 -0.090259 0.347654 0.472120 -0.119592 -0.215745 0.134545 0.029262 -0.116709 0.423605 0.277165 0.166305 -0.063464 0.096308 0.366853 0.641207 -0.389538 0.237914 0.352698 0.138883 0.026322 0.426108 0.238973 0.062280 -0.568988 -0.051228 0.324054 -0.134809 -0.706949 0.256511 1.087432 -0.076577 -0.295438 0.104834 -0.122063 -0.066101 0.137217 -0.224963 -0.051201 0.313979 0.574220 
0.604927 0.040243 0.219533 -0.130670 0.892334 0.010222 0.158050 -0.201948 0.033353 0.458167 -0.101863 0.497355 -0.150399 0.187663 0.457918 -0.130241 -0.176001 0.226631 0.018868 0.042764 0.352617 0.088298 0.123854 -0.375129 -0.055307 0.039200 0.564331 -0.633041 0.085565 0.031857 -0.240733 0.052004 0.841962 0.248537 -0.028831 -0.363427 -0.031552 0.335663 0.286522 -0.455712 0.268563 0.800783 0.033006 -0.279673 0.063944 0.119597 0.307920 0.098830 -0.229730 -0.191207 -0.155482 0.656785 
0.406078 -0.106452 0.214379 -0.199580 0.771909 -0.190243 -0.094309 -0.125053 0.074330 0.303098 -0.014056 0.309701 -0.330788 -0.132470 0.283397 -0.167884 -0.165737 0.187772 -0.050695 0.090341 0.274492 -0.094513 0.198093 -0.354947 -0.322425 -0.306461 0.355339 -0.553718 -0.132382 -0.104836 -0.280880 0.209204 1.006336 0.269660 0.094485 -0.245753 -0.166425 0.346173 0.192790 -0.275737 0.422666 0.548972 -0.220700 -0.572556 -0.074250 0.244591 0.527216 -0.220294 -0.154495 -0.344790 -0.355285 0.509476 
0.001444 -0.248780 0.184155 -0.088515 1.049109 -0.221859 0.011983 -0.226790 -0.049604 0.490707 -0.241277 0.166121 -0.162767 -0.289912 0.010836 -0.335443 -0.192154 0.101112 0.021545 0.049999 0.165027 -0.114464 0.043426 -0.414962 -0.253353 -0.432074 0.108262 -0.431765 -0.138011 0.062795 -0.397382 0.095759 1.016590 0.371307 -0.106954 -0.263697 -0.094853 0.581319 0.132885 -0.207729 0.244880 0.185092 -0.147321 -0.526929 -0.139165 0.207768 0.361232 -0.067119 -0.242685 -0.035082 -0.488047 0.408544 
-0.277815 -0.279375 0.267780 0.040319 0.866956 -0.210765 0.124879 0.076482 0.162928 0.236865 -0.123519 -0.105834 -0.050163 -0.236221 0.070270 -0.216102 -0.230128 0.049270 -0.043071 -0.032819 0.000895 0.009185 -0.177991 -0.121059 -0.114766 -0.508246 -0.067599 -0.145898 -0.421992 0.004314 -0.536054 0.170341 0.974116 0.405459 -0.314361 0.035720 -0.107872 0.497323 0.299079 -0.116465 0.314277 0.080635 -0.027354 -0.332584 -0.257043 0.149583 0.287452 -0.336869 -0.208513 -0.039528 -0.350144 0.461034 
-0.484634 -0.375525 0.414391 0.189219 0.692663 -0.316413 0.015278 0.042342 0.257997 0.167042 -0.126814 -0.253583 0.154121 -0.169768 0.056947 -0.004181 -0.219969 -0.057844 -0.125520 0.076534 0.104845 -0.213801 -0.179891 -0.084481 0.172234 -0.717567 -0.312337 -0.199267 -0.298360 -0.148742 -0.430446 0.126033 0.682905 0.310262 -0.235866 0.160824 -0.142204 0.338868 0.350251 0.018280 0.106618 -0.375425 -0.161816 -0.329390 -0.348337 0.183654 0.006982 -0.213633 -0.240352 0.194691 -0.205960 0.505925 
-0.554266 -0.354979 0.357716 0.132685 0.325669 -0.363299 0.106727 -0.120849 0.251381 -0.096927 -0.232362 -0.417552 0.159743 -0.051176 0.095718 0.229715 -0.099266 -0.038046 -0.234289 0.001216 0.073217 -0.258047 -0.075633 -0.060489 0.366791 -0.450582 -0.216065 -0.129671 -0.478335 -0.580895 -0.301215 0.062691 0.520070 0.315540 -0.309990 0.120628 -0.154944 0.319119 0.286712 0.256936 0.175263 -0.437154 0.077578 -0.244256 -0.024446 0.217067 0.091504 -0.243363 0.003449 0.342286 -0.072353 0.584879 
-0.624543 -0.288840 0.414707 0.139701 0.307689 -0.276134 0.098687 -0.121789 0.478503 0.023349 -0.236503 -0.248907 0.015425 -0.147412 -0.010650 0.183761 -0.333012 0.004807 -0.228980 0.179506 0.041277 -0.229705 -0.000296 0.145882 0.512193 -0.527657 -0.476324 -0.095895 -0.530728 -0.573120 -0.053665 0.148268 0.209139 0.162726 -0.257977 0.174682 -0.000630 0.459617 0.148954 0.382095 0.039126 -0.739886 -0.152972 -0.043610 0.054429 0.062400 0.110686 -0.190046 -0.257829 0.388555 -0.090347 0.466467 
-0.633843 -0.066308 0.162904 0.187041 -0.141345 0.085621 -0.083456 -0.072186 0.646316 -0.082584 -0.034189 -0.260551 0.002458 0.048716 -0.046625 0.261684 -0.135964 0.009083 -0.099627 0.093420 0.222497 -0.354823 0.060871 0.180523 0.527570 -0.381539 -0.402228 0.044796 -0.311371 -0.649639 -0.343553 0.051524 0.117952 0.088054 -0.178508 0.063964 -0.044396 0.119565 0.068650 0.294609 -0.037479 -0.523245 -0.098025 -0.044748 -0.165785 0.205306 0.096482 -0.208995 -0.166506 0.382368 -0.124245 0.358685 
-0.466033 -0.413867 0.220881 0.058560 -0.159152 -0.004822 0.155971 -0.147383 0.454352 -0.111748 -0.102292 -0.287411 0.277332 0.042526 0.150435 0.227036 -0.430962 -0.157998 -0.214248 0.007639 0.225008 -0.287517 0.063586 0.189829 0.128282 -0.298070 -0.291142 0.022673 -0.316710 -0.529017 -0.409342 0.002096 0.355106 -0.033922 -0.167702 0.074815 0.147485 0.266302 -0.021044 0.369589 0.197397 -0.680530 -0.075309 -0.173552 0.088760 0.058983 0.080498 -0.150500 -0.299850 0.331478 -0.107298 0.219950 
-0.514921 -0.248539 0.242581 -0.198406 0.170158 -0.032755 -0.224584 -0.048145 0.396731 -0.143351 -0.029069 -0.351086 0.062825 0.268772 -0.049502 0.100428 -0.276197 0.085037 0.173646 0.105352 0.049976 -0.355317 0.097322 0.105762 0.084353 -0.168144 -0.145400 0.308020 0.069853 -0.596793 -0.301269 -0.188991 0.237080 -0.114951 -0.336159 -0.100866 -0.072336 0.221609 0.097674 0.366114 0.415656 -0.491362 0.035348 -0.001840 -0.125296 0.273097 0.160316 -0.300259 -0.283996 0.170593 -0.158154 0.178758 
-0.557094 -0.087940 0.015662 -0.120054 0.025530 -0.054617 -0.208920 -0.172676 0.386000 -0.159192 -0.144657 -0.225314 0.170121 0.331085 0.142300 -0.051868 -0.094274 0.054520 0.014112 0.118441 0.279835 -0.328830 0.201960 0.347671 -0.188944 -0.058958 -0.342507 0.071406 -0.038751 -0.441818 -0.165776 -0.083304 0.335060 0.057694 -0.229918 -0.172998 -0.027797 0.328886 -0.069163 0.185519 0.243339 -0.534844 -0.135009 0.048361 -0.214490 0.386217 -0.055646 -0.075204 -0.018137 0.211270 -0.194600 0.322839 
-0.270261 -0.188210 0.009051 -0.331817 0.158085 -0.015301 -0.284544 0.165558 0.254180 -0.224885 -0.077622 -0.041955 0.026118 0.448858 0.173740 -0.103505 -0.079806 0.202690 0.114030 0.056492 0.151307 -0.116759 -0.032773 0.090868 -0.266287 0.070325 0.008891 0.177865 0.119135 -0.421546 0.060734 -0.270492 0.233113 0.209521 -0.221128 -0.128214 0.103396 0.271367 0.157631 0.221055 0.120445 -0.375459 -0.182841 0.022908 0.073281 0.109591 -0.018238 0.030310 0.039432 0.132081 -0.486584 0.308981 
-0.293941 0.048387 -0.002293 -0.113851 0.256009 -0.037534 -0.281675 0.179277 0.169052 0.035970 -0.131046 0.211178 -0.116268 0.471857 0.343501 -0.314579 -0.123493 0.116840 -0.012161 0.194104 0.053991 0.009066 -0.046536 -0.204161 -0.294888 0.059710 -0.169809 0.377742 0.409438 -0.454430 -0.094730 -0.311511 0.347503 0.205919 -0.106940 -0.169937 -0.075416 0.397650 -0.028320 0.036734 0.019880 -0.086617 -0.276619 -0.169569 -0.184175 0.306283 0.113381 0.106659 -0.198279 -0.116056 -0.379911 0.188577 
-0.298312 -0.051279 0.137423 -0.243059 0.260956 -0.210507 -0.075348 0.292257 0.094311 0.110078 -0.173090 0.143833 -0.062079 0.198152 0.276474 -0.361533 0.010843 0.085931 -0.210408 0.332371 0.246506 -0.046386 -0.093998 -0.111831 -0.569549 0.267139 -0.125375 0.246536 0.316432 -0.318645 -0.138588 -0.355642 0.156469 0.048591 0.064671 -0.117553 0.079928 0.302130 0.249997 0.048312 -0.047956 -0.217802 -0.356477 0.088730 0.132396 0.079556 -0.171958 0.098885 0.043129 0.069484 -0.285500 -0.130677 
-0.095185 0.199214 0.059751 -0.394575 0.130518 -0.463912 -0.127621 0.460792 0.293169 0.079803 0.037224 0.130390 -0.304821 -0.052511 0.182500 -0.354342 -0.098337 0.153653 0.093901 0.101259 -0.053504 0.238065 -0.092473 -0.178656 -0.442864 0.344838 0.161917 0.222825 0.262414 -0.262552 -0.299181 -0.194548 -0.021620 0.275720 -0.144010 -0.138834 0.150800 0.200603 0.045577 0.090072 -0.218908 -0.019881 -0.167391 -0.096031 0.105347 -0.060799 0.026069 0.000341 0.148976 0.094589 -0.404503 -0.097525 
-0.127911 0.257366 -0.063453 -0.184340 0.309945 -0.411864 -0.377475 0.541391 0.093945 0.089681 0.008533 0.218838 -0.129425 0.039697 0.249162 -0.466666 -0.085943 0.089490 0.210160 0.136573 0.049365 0.216408 -0.192970 -0.163349 -0.354401 0.134336 -0.012698 0.398083 0.501327 -0.339697 -0.263378 -0.211214 -0.128470 -0.080974 -0.156287 -0.221233 0.116833 0.146151 0.018376 -0.186556 -0.213875 -0.140043 -0.080870 -0.202209 -0.031361 0.003350 -0.190111 0.035291 -0.036847 -0.115267 -0.407848 0.055987 
-0.014071 -0.049509 -0.137706 -0.245925 0.042212 -0.388978 -0.197965 0.560809 0.202869 0.064542 0.004383 0.039157 -0.015665 0.025615 0.326405 -0.324665 -0.133857 0.036639 0.067539 0.469567 -0.168837 0.251077 0.032891 0.033018 -0.162497 0.057814 0.024214 0.199304 0.349315 -0.059573 -0.192458 -0.275949 0.030423 -0.031788 -0.129344 -0.239157 0.023583 -0.013480 0.196776 0.118016 -0.297939 -0.142017 -0.148729 -0.057744 -0.103752 0.200209 -0.161829 0.094601 -0.038699 0.018828 -0.200232 -0.121403 
0.167962 0.088343 -0.275068 -0.080455 0.245655 -0.613603 -0.186435 0.652331 0.035042 0.235746 -0.143163 -0.021965 -0.339248 -0.018392 0.243470 -0.424741 0.165888 0.131691 0.276707 0.219224 0.000729 0.094696 0.110393 0.012860 -0.262244 0.022730 0.015421 0.205415 0.252751 -0.302612 -0.298186 -0.154192 0.042723 -0.049345 -0.135463 -0.033650 0.057070 -0.020571 0.316841 -0.148318 -0.107711 -0.223609 0.007760 -0.177718 -0.244788 -0.002286 -0.151443 0.012777 0.097990 -0.165566 -0.097108 -0.087714 
0.198989 0.230361 -0.120155 0.073826 -0.065395 -0.686732 -0.140526 0.567303 0.200370 0.166911 -0.230975 -0.128242 -0.453953 -0.071018 0.008703 -0.160808 0.387349 0.066961 -0.024797 0.502350 -0.051189 -0.228204 0.189092 -0.071377 -0.214275 0.227803 -0.179142 0.111977 0.199086 -0.443846 -0.282145 -0.102052 -0.238003 -0.221919 -0.151807 0.008362 0.080068 -0.171902 0.291100 -0.083164 -0.084363 -0.400959 0.126448 -0.063382 0.034026 -0.058401 -0.274559 0.192467 0.158512 0.119727 -0.128922 -0.192002 
0.082000 -0.003493 -0.074951 0.051340 -0.197427 -0.381030 -0.083746 0.378298 0.067252 0.061516 -0.136523 0.055587 -0.067219 -0.096214 0.181977 0.043280 0.539394 -0.171739 0.245657 0.375824 -0.214660 0.140217 0.327812 -0.071199 -0.182220 0.149135 -0.064273 -0.054295 0.129518 -0.310197 -0.074739 -0.082071 -0.138898 0.007746 -0.216051 -0.111053 -0.051899 -0.335003 0.128613 0.174426 -0.339254 -0.306638 0.009090 0.013989 0.081645 -0.075411 -0.026003 0.187382 0.216493 0.257588 -0.114355 -0.394407 
0.119783 0.065918 -0.122035 0.192754 -0.249231 -0.654663 0.175750 0.216694 0.125680 -0.005727 -0.238508 -0.098959 -0.034500 -0.159825 0.171600 0.269459 0.560496 -0.055438 0.165833 0.129584 -0.286032 0.162656 0.186307 -0.089304 0.082611 0.268912 -0.212037 -0.014811 -0.034803 -0.338426 -0.063867 0.078770 -0.318922 -0.070610 0.007492 0.144777 0.133897 -0.278642 0.338237 0.072670 -0.220234 -0.325636 -0.051669 0.159184 -0.185842 -0.116478 -0.116885 -0.205619 0.080221 -0.019417 0.076931 -0.295168 
-0.027739 -0.236522 0.032750 0.041999 -0.494855 -0.619910 0.098940 0.123986 0.083429 -0.059260 -0.246256 -0.007334 -0.011512 -0.056421 0.107757 0.379160 0.316389 0.062127 0.248224 0.366963 -0.006188 -0.052013 -0.212712 -0.259267 0.102573 -0.066183 -0.385196 -0.188030 -0.000383 -0.430797 0.031753 -0.119298 -0.510958 -0.048955 -0.101002 0.000144 0.173047 -0.460990 0.316561 0.059332 -0.201487 -0.123186 0.033944 0.043421 0.145403 -0.062427 -0.291219 -0.147598 -0.038492 0.220722 0.073507 -0.406517 
0.023843 -0.171968 -0.158680 0.234646 -0.336343 -0.443844 0.116785 0.029149 0.386705 0.102110 -0.102132 0.064088 0.155811 0.009681 0.230624 0.505642 0.439594 -0.044990 0.503272 0.086818 -0.259691 0.287734 -0.168850 -0.284745 0.171586 0.252924 -0.233146 0.124753 -0.044477 -0.406234 0.174930 -0.027280 -0.237953 -0.090429 0.179568 0.051198 0.073553 -0.486163 0.231138 0.075764 -0.427824 -0.160126 0.011482 0.093404 -0.030629 -0.057654 -0.275623 -0.127758 0.025392 0.281818 0.207618 -0.237097 
0.090945 -0.169551 -0.082785 0.317433 -0.368069 -0.365954 -0.013370 -0.095689 0.400315 0.090295 -0.151153 0.151009 0.203364 -0.053810 0.192856 0.309446 0.500575 0.009962 0.265659 0.183343 -0.255561 0.094922 -0.153398 -0.180966 0.125750 0.012919 -0.266286 -0.054042 -0.202396 -0.356664 0.241681 -0.156191 -0.511337 -0.082388 0.095542 -0.199251 0.139105 -0.593787 0.217390 0.067116 -0.300975 -0.247813 0.043389 0.097927 0.031488 -0.170162 -0.213201 -0.258746 0.022432 -0.046655 0.161578 -0.353550 
-0.062856 -0.270811 0.005202 0.371453 -0.354689 -0.330833 -0.082492 -0.262524 0.325282 0.215532 -0.100097 0.150974 0.093778 0.093512 0.276599 0.156023 0.481303 -0.286820 0.231885 0.008944 -0.112215 -0.126061 0.179422 -0.423801 0.125779 0.143800 -0.104520 -0.085699 -0.074642 -0.292941 0.281543 -0.159066 -0.333069 -0.106756 -0.225412 -0.281773 0.312285 -0.387649 0.046974 0.185957 -0.513628 -0.032826 0.054375 0.262424 -0.025562 0.044744 -0.307354 -0.145935 -0.044014 0.017720 -0.015951 -0.207268 
-0.036898 -0.169452 -0.032376 0.225089 -0.151734 -0.331708 0.002023 -0.253445 0.245304 -0.077000 -0.108694 0.201308 0.144129 0.061688 0.213331 0.344049 0.405668 -0.179130 0.295403 0.026294 -0.167096 0.041337 -0.172038 -0.226933 0.130681 0.149981 -0.292583 -0.145358 -0.008728 0.022840 0.170227 -0.181935 -0.374486 -0.061332 -0.131854 -0.000337 0.257199 -0.397774 0.164325 0.209872 -0.335751 -0.114239 -0.130953 0.342576 0.054236 0.106072 0.006901 -0.352882 0.053471 -0.049878 -0.004105 -0.484194 
-0.085783 -0.094633 -0.038376 -0.045585 -0.238739 -0.240253 0.084588 -0.237788 0.126489 0.299240 -0.149778 0.091012 0.293702 0.003721 0.234673 0.143033 0.243869 -0.129686 0.047972 0.048011 -0.125747 0.044014 -0.009167 -0.255423 0.196056 0.203320 -0.134873 -0.104848 0.001465 0.012812 0.238663 -0.208308 -0.043493 -0.035988 -0.013755 -0.090707 0.304403 0.048692 -0.108692 0.048230 -0.403138 -0.054033 -0.054337 -0.002024 -0.013336 0.068565 -0.193399 -0.400511 -0.141556 -0.235282 -0.026432 -0.383858 
-0.097122 -0.150489 0.043895 0.145264 -0.170196 -0.097632 -0.139785 -0.451607 0.119808 0.305949 -0.170696 -0.036987 0.113510 0.047846 0.100115 0.223340 0.294510 -0.088442 0.288367 -0.035496 -0.045229 0.041952 -0.003022 -0.153485 0.029536 0.206970 -0.056377 -0.228462 0.008802 0.120143 0.440056 -0.095474 -0.156396 0.084286 -0.125391 -0.053150 0.055155 -0.057337 0.103128 -0.049294 -0.271705 -0.161316 0.004234 0.036956 0.045554 -0.055911 -0.030638 -0.213595 -0.136900 -0.086713 0.077387 -0.113118 
0.240285 -0.036253 -0.332506 0.150730 -0.208783 -0.086843 0.060964 -0.517086 0.025640 0.145522 -0.014273 0.219389 0.254695 0.024023 0.212563 0.005141 0.179188 0.188222 0.337745 0.021475 -0.101811 0.303565 -0.150529 0.062547 0.175784 0.321318 0.048203 -0.211095 0.184221 0.352242 0.340005 -0.095891 -0.364139 -0.177443 -0.221167 -0.127249 0.299851 -0.191686 -0.003857 -0.070047 -0.403209 0.130988 0.012139 -0.081655 -0.032742 0.138506 -0.155004 -0.007055 -0.114480 -0.081919 0.295717 -0.060839 
0.072454 -0.034122 -0.038487 0.059173 -0.333783 0.036046 -0.047064 -0.541933 0.177733 0.282152 0.013369 0.138597 0.010061 0.041451 0.205110 -0.020249 0.283593 -0.058205 0.496283 0.126370 0.155215 0.269908 -0.262453 0.212576 0.152035 0.164790 -0.244230 -0.328968 0.302142 0.423435 0.215838 -0.369500 -0.206029 -0.224308 -0.157862 0.056215 0.229621 0.004683 0.178757 -0.227046 -0.257061 -0.087755 0.039867 -0.129294 0.077075 -0.155532 -0.095016 0.126690 -0.108124 -0.077394 0.210729 -0.261706 
0.205968 0.091625 -0.059187 0.108174 -0.131911 0.112235 -0.241934 -0.602496 0.048227 0.355696 -0.264004 0.237545 0.095732 -0.082285 0.196104 -0.029419 0.100177 -0.182577 0.409569 0.240072 0.034915 -0.021708 -0.143014 0.015559 0.142148 0.089882 -0.234434 -0.216570 0.345156 0.151602 0.414102 -0.384865 -0.181129 -0.064933 0.109849 -0.167962 0.418444 0.049073 -0.019545 -0.099131 -0.403598 0.174059 -0.058836 0.068002 0.059502 0.102555 0.108844 0.051444 -0.123688 -0.169657 0.182011 -0.444965 
0.022963 0.278136 0.066825 -0.002901 0.098104 0.276761 -0.150554 -0.485640 0.117698 0.276391 -0.152738 0.085527 -0.197285 -0.075393 0.044003 -0.097302 -0.137628 -0.143021 0.404079 0.075892 0.130518 0.140730 -0.131165 -0.020732 -0.107727 0.097815 -0.117129 -0.176214 0.051679 0.137885 0.438901 -0.174180 -0.255019 0.122024 0.247080 -0.207827 0.497409 -0.100984 0.142417 -0.225118 -0.321438 -0.124755 -0.186925 0.007171 -0.052763 -0.067695 0.070537 -0.075561 0.000044 -0.134864 -0.082531 -0.283977 
-0.022418 0.220212 -0.094201 -0.074527 0.312644 0.416204 0.079652 -0.419250 0.259191 0.241691 -0.153663 -0.044720 -0.083638 -0.063883 0.106281 -0.044019 -0.024115 -0.112233 0.393593 -0.113426 0.085362 0.098856 -0.131845 -0.016394 0.071439 -0.079849 -0.033873 -0.143370 0.071123 0.161655 0.483338 -0.196605 0.000799 -0.095088 0.192758 -0.271578 0.164008 0.012112 0.295411 0.076190 -0.312015 0.160312 0.086714 0.169288 0.092276 0.121054 0.001325 0.172585 -0.161706 -0.251419 0.247896 -0.223133 
-0.145684 0.231750 -0.021413 0.096551 0.293974 0.247979 0.005608 -0.348371 0.056519 0.208958 -0.138545 0.076679 0.091611 -0.005740 0.174798 -0.113623 0.046788 -0.206389 0.352417 0.005128 0.145257 -0.027125 -0.062636 -0.123081 -0.047365 -0.204168 -0.160043 -0.139684 0.349779 0.149875 0.279408 -0.131304 -0.203894 -0.161111 0.288813 -0.104980 0.171297 -0.241375 -0.090302 0.092469 -0.245864 0.081698 0.064397 -0.164803 -0.059212 0.149042 -0.178999 0.009679 -0.220057 0.159643 0.186463 -0.335458 
-0.070707 0.290654 -0.144202 -0.035174 0.059705 0.298919 -0.158085 -0.265081 -0.052841 0.102525 -0.054698 -0.046671 0.106454 -0.099745 0.020018 -0.013245 0.026597 -0.154141 0.378414 -0.122601 0.067086 0.062379 -0.105954 -0.066503 -0.133239 0.033898 0.077286 -0.218033 0.112394 0.420437 0.299469 0.057384 -0.011431 0.024356 0.168125 -0.236442 0.175848 -0.177353 -0.084884 0.245289 -0.329525 0.084602 -0.020656 -0.173122 -0.090941 -0.082763 -0.273588 0.282022 -0.266471 0.163513 0.274308 -0.208837 
-0.074542 0.222348 0.046511 0.037128 0.079217 0.264924 -0.099347 -0.193864 0.170637 0.141708 -0.024679 0.161126 0.258285 0.047703 0.113640 -0.166841 0.294511 -0.241877 0.180067 -0.279851 -0.067750 0.045835 0.028869 0.054782 0.002470 -0.249695 -0.233002 -0.008363 -0.071835 0.107188 0.316946 0.124822 -0.116494 -0.071414 0.314536 -0.069219 0.269285 -0.234642 -0.223986 -0.019197 -0.101741 0.253016 0.073566 -0.016389 -0.096561 -0.188737 0.007532 0.024948 -0.087234 0.023203 0.311214 -0.017334 
0.004417 0.272088 0.061650 -0.005543 0.089193 0.408463 0.210575 -0.061624 -0.104368 0.033604 -0.022213 0.162532 0.115215 -0.144970 -0.033039 0.007277 0.220416 -0.075757 0.452274 -0.137516 -0.139509 -0.206897 0.013156 -0.051339 0.040845 -0.190734 0.062855 -0.254241 -0.007066 0.284488 0.433342 0.169099 -0.168263 -0.055860 0.259792 -0.139684 0.205144 -0.086935 -0.043643 0.154143 0.012831 0.324808 0.160584 -0.007066 -0.037566 -0.172649 -0.123076 0.146575 -0.115976 0.004323 0.258905 -0.063524 
0.051608 0.243876 0.036326 0.048089 0.002064 0.476683 -0.006840 -0.027966 -0.039225 -0.027837 0.014831 0.218409 -0.036411 -0.175558 -0.192222 -0.051324 0.027415 -0.062564 0.089040 -0.193723 0.136281 0.041114 0.022734 -0.055430 0.087537 0.012150 0.078353 -0.141704 -0.044185 0.141679 0.331562 0.066474 -0.121015 -0.112265 0.311696 -0.127915 0.434773 -0.036113 -0.010561 -0.107914 -0.225012 0.113610 0.116143 0.203605 0.148671 -0.002860 -0.070960 0.085908 0.011886 0.001553 0.184416 0.011128 
0.008453 0.428846 -0.050965 0.114047 -0.084885 0.562846 0.169289 0.007331 -0.145558 -0.117986 -0.067405 -0.202595 0.163022 -0.083230 -0.091938 -0.389774 0.119255 0.064234 0.319944 -0.090982 0.001522 -0.157869 0.056395 -0.032263 0.187480 -0.070695 -0.068939 -0.114979 0.162498 -0.014074 0.426485 0.012492 -0.270170 0.015465 0.372471 -0.080231 0.313515 -0.095494 -0.019993 -0.049486 -0.020641 0.128284 0.090604 -0.046831 0.003260 -0.150078 0.108004 0.120496 -0.045261 -0.132980 0.195728 0.021086 
0.048565 0.296259 0.106519 0.021897 -0.036433 0.518231 -0.203779 0.056592 -0.142789 -0.054141 -0.100932 0.076714 0.034298 0.151142 0.048856 -0.047594 -0.181856 0.080659 0.090417 -0.275675 -0.138883 -0.076701 0.017755 0.065274 -0.030676 -0.191093 -0.100094 -0.050872 -0.004279 0.241514 0.115363 0.172328 -0.169286 -0.090639 0.253710 -0.140441 0.329049 -0.094389 -0.180756 0.027087 -0.009303 0.122541 0.167491 -0.058771 -0.062476 -0.337005 0.090936 0.174185 -0.071298 -0.022599 0.324443 -0.248153 
-0.119382 0.100655 -0.091656 0.159484 -0.162329 0.387175 0.090633 0.073550 -0.169618 -0.234758 0.124302 -0.123765 0.179797 0.077456 0.116204 -0.069485 -0.240471 0.137146 0.020963 -0.073303 -0.175707 -0.066635 0.049772 0.073647 -0.025204 -0.006078 -0.042952 0.036098 0.095892 0.132931 0.072348 -0.129233 -0.069235 -0.066174 0.308509 -0.053663 0.255836 0.035852 -0.073611 0.256467 -0.139910 0.050524 -0.044451 0.008253 0.077331 -0.195923 0.158026 0.057146 -0.133051 -0.235374 0.085156 0.029684 
-0.039066 0.065968 0.197572 0.171370 -0.203430 0.319363 -0.046161 0.041448 0.079318 -0.194977 -0.098354 0.190038 0.093629 0.022697 -0.245175 -0.184493 -0.086955 0.074794 0.262027 -0.311664 -0.133048 0.034871 -0.037270 -0.002954 -0.139705 -0.046609 0.011860 -0.242859 0.152088 0.273834 0.026845 -0.061910 -0.108301 0.111371 0.394194 -0.207967 0.286221 -0.015422 -0.062550 -0.023586 0.067119 0.148419 -0.056774 0.166810 -0.199579 0.056169 -0.008969 0.319482 -0.149811 -0.203017 0.050393 0.032736 
-0.024404 0.249346 0.252712 0.220947 -0.276861 0.143178 0.060500 0.001789 0.030979 -0.011837 -0.026568 -0.004470 -0.075152 -0.035033 -0.002839 -0.200233 -0.110375 0.189838 -0.015900 -0.310776 -0.194617 -0.186817 0.189615 0.107254 -0.058324 -0.131157 0.004391 -0.100754 0.296534 0.277981 -0.039794 0.120868 -0.162522 -0.076054 0.212161 -0.245040 0.156558 0.062902 -0.129657 0.164133 -0.071423 -0.126316 0.031481 -0.001621 -0.144262 -0.218619 0.024103 0.284652 -0.147888 -0.042803 -0.150052 0.084605 
-0.103809 0.209824 0.169456 0.205363 -0.041271 0.340017 -0.040569 0.195753 0.109037 -0.173848 -0.075909 0.032403 0.042260 -0.060844 0.107262 -0.064818 -0.192296 0.226724 0.088171 -0.062728 -0.106341 0.128790 -0.117351 -0.016838 -0.126853 -0.036816 -0.257611 -0.020089 0.241537 0.109964 0.068666 -0.070744 0.061206 -0.015278 0.218586 0.159357 0.158708 0.085584 0.076518 -0.089549 0.084331 -0.034248 -0.073892 -0.048715 -0.258711 -0.133471 0.113991 0.460291 0.037986 -0.017123 -0.005903 -0.059463 
0.009500 0.425247 0.079318 0.188348 0.013786 0.300262 -0.254368 0.206959 -0.298685 -0.242852 -0.093813 0.154032 0.107715 -0.015402 0.036365 -0.176950 -0.040540 0.165792 0.228203 -0.267369 -0.182381 0.102917 0.028511 0.225072 -0.122769 -0.212750 -0.151830 -0.038711 0.329402 0.039689 0.208709 0.148742 -0.206717 -0.134793 0.024027 0.058876 0.128895 -0.009890 -0.034552 -0.019175 0.126071 0.256487 0.015151 -0.206392 -0.053503 -0.141561 -0.113783 0.444877 0.008039 -0.062407 -0.083605 -0.045370 
-0.132476 0.379966 0.048481 0.122609 -0.065994 0.268517 -0.262831 0.451557 0.001879 -0.347003 0.194144 -0.125153 0.108460 0.023286 -0.103712 -0.214635 0.024419 0.272465 -0.020381 -0.191943 -0.203460 0.231516 0.093453 0.062695 0.081332 0.055531 -0.222832 0.242003 0.096480 0.079258 0.077343 -0.054576 0.041284 0.144611 0.099950 -0.017138 -0.061982 0.236056 0.085827 0.147884 0.055209 -0.034058 -0.068340 -0.173566 -0.167277 -0.370537 -0.072573 0.404612 -0.022471 0.077010 -0.022913 0.048909 
0.130564 0.174009 0.054280 0.233824 -0.204993 0.253584 -0.055697 0.531341 -0.193044 -0.463823 -0.152158 -0.175502 0.195942 -0.010285 -0.275478 -0.337917 0.061382 0.377778 0.148299 -0.075471 -0.155775 0.041580 -0.006523 -0.096494 -0.118811 -0.151371 -0.209651 0.063602 0.045806 0.073272 0.095384 -0.109206 -0.031400 -0.143718 0.170665 0.086031 0.161490 0.064961 -0.081481 0.153558 -0.038060 -0.033291 -0.063676 -0.096849 -0.354508 -0.183955 -0.208931 0.392655 -0.024682 0.040198 -0.148284 0.127169 
0.167573 0.467572 0.057057 0.202930 -0.087017 0.121129 -0.210283 0.318299 0.015028 -0.170219 0.014712 -0.151008 0.057860 0.250670 -0.285052 -0.272009 0.059937 0.299233 0.267905 -0.282767 -0.269514 -0.076477 0.058156 -0.030364 0.068092 -0.030848 0.032141 0.007249 0.032709 0.092209 0.053218 -0.031433 -0.006415 -0.289500 -0.024113 0.077838 0.045327 0.222207 -0.147710 0.031921 0.019294 0.090827 -0.019449 -0.136616 -0.044962 -0.076202 -0.150006 0.299199 0.168887 -0.011520 0.118874 0.248572 
0.242811 0.284994 -0.057705 0.049123 -0.227513 0.287463 -0.140091 0.352321 -0.107964 -0.259909 -0.143073 -0.112051 0.079973 -0.031923 -0.130570 -0.064822 -0.113735 0.094690 0.153727 -0.165715 -0.164916 -0.210971 0.119378 0.229653 0.003736 -0.119044 0.053931 0.180949 0.154644 0.219054 0.094267 0.043178 -0.052901 -0.211581 0.146323 0.273716 0.065360 0.108361 0.013008 -0.092898 0.251118 0.106801 0.159664 -0.018706 -0.363858 -0.059520 0.002494 0.508096 -0.087891 -0.045192 0.150482 0.407027 
0.428385 0.230433 -0.077662 0.250371 -0.195352 0.066065 -0.209445 0.258930 -0.220773 -0.281224 -0.310352 -0.098383 0.140972 -0.011812 -0.078127 -0.315829 -0.228903 0.163552 0.219573 0.107262 0.066274 -0.071911 0.126763 0.160538 0.052700 -0.126542 0.105773 0.340810 0.263846 0.252094 0.309733 0.129401 0.032347 -0.119073 -0.002159 0.028235 0.140356 0.210051 -0.006274 -0.181576 0.009288 0.056854 0.079892 0.009025 -0.300074 -0.057725 0.143212 0.465756 0.173327 -0.010762 -0.222604 0.095034 
0.210414 0.225426 -0.067514 -0.110886 0.016187 0.095672 -0.075250 0.195233 -0.150725 -0.365810 -0.082930 -0.208237 0.018577 -0.196783 -0.039470 -0.080349 -0.280375 0.191175 0.295330 -0.199750 0.121268 -0.135504 0.003630 0.187054 0.053648 -0.096781 -0.087067 0.288526 0.379413 0.077461 0.221103 0.072435 -0.039337 -0.046934 0.090859 0.058469 0.079127 0.269085 0.157917 0.076640 0.161375 0.124749 -0.109864 -0.043996 -0.212935 -0.016061 -0.067550 0.268202 0.277763 -0.076972 -0.130205 0.258797 
0.225711 0.194908 -0.315423 0.244947 -0.217436 0.015970 -0.292177 0.116053 -0.115456 -0.396820 0.013611 -0.288552 0.037841 -0.085852 -0.019890 -0.234970 -0.215082 0.173001 0.191291 -0.117638 0.084655 -0.048819 -0.025997 0.192916 0.135272 0.007500 -0.044816 0.182110 0.162589 0.161386 -0.016693 0.049213 0.057022 -0.096957 0.123466 -0.112919 -0.129849 0.095502 0.133284 0.199160 0.024005 0.039791 -0.009620 -0.111727 -0.226099 0.040183 -0.220006 0.182561 0.093296 0.196170 -0.095361 0.120287 
0.232665 0.143648 -0.045871 0.086346 -0.215069 -0.016302 -0.343446 0.186652 -0.124402 -0.327841 0.020757 -0.371166 0.183117 0.120742 -0.157774 -0.117305 -0.154523 0.515164 0.099397 -0.224242 0.086540 0.042392 -0.111263 0.104999 0.098344 -0.023068 -0.042901 0.295222 -0.000564 0.008977 0.141971 -0.013480 0.026246 -0.116724 0.041131 0.180034 -0.089795 0.236986 -0.044530 0.235035 0.012207 0.135845 -0.086122 -0.091223 -0.331286 0.006726 -0.275972 0.202586 0.222603 0.023427 -0.065881 0.057176 
0.470918 -0.053557 0.003524 0.018101 -0.028536 -0.079687 -0.288941 0.209853 -0.294553 -0.351051 -0.060329 -0.092581 -0.051979 0.070463 -0.347831 -0.241309 -0.259048 0.290134 -0.101944 -0.157775 0.219741 -0.161379 -0.128642 0.036576 -0.024552 0.025636 -0.169074 -0.007642 0.105866 -0.144086 0.063630 -0.042200 0.027228 -0.102965 0.104467 0.201082 -0.267368 0.253629 0.063593 0.038267 -0.007923 0.076976 -0.173267 -0.114329 -0.290062 0.089920 -0.150756 0.312779 0.142006 0.120372 -0.179679 0.013689 
0.289213 -0.063466 -0.088112 -0.029761 -0.097557 -0.283820 -0.126179 0.304416 -0.245234 -0.304323 -0.053198 -0.037541 -0.034338 0.100367 -0.157315 0.001991 -0.471522 0.337509 -0.066258 -0.030587 0.395782 0.034742 -0.046616 -0.116631 -0.070677 0.035183 -0.048416 0.163516 0.251211 0.064464 0.038423 0.123450 -0.102386 -0.169513 0.141026 0.043231 -0.260798 0.164125 0.041874 -0.124317 0.326222 -0.189759 0.115193 -0.071803 -0.129519 0.033233 -0.229044 0.347048 0.257160 -0.117937 -0.343291 0.184406 
0.578575 0.026868 0.097974 0.091352 -0.020972 -0.176639 -0.195274 0.214884 -0.223810 -0.284064 -0.036854 0.000395 -0.300358 0.194525 -0.146760 -0.178597 -0.426293 0.232234 -0.183740 -0.225676 0.313804 -0.132412 0.223894 0.061598 0.208541 0.032375 0.206940 0.069136 0.238860 -0.095616 0.155997 -0.051000 0.008315 -0.042612 -0.178673 0.297275 -0.071758 -0.077260 0.058247 -0.082714 0.336619 -0.017089 0.227741 0.027914 -0.260730 0.284428 -0.214633 0.260540 0.289874 0.137693 -0.257621 -0.024460 
0.470349 0.020386 -0.005062 -0.026476 -0.072919 -0.256831 -0.112245 0.135916 -0.236175 -0.252840 -0.341688 -0.177735 -0.118824 0.060504 -0.188562 -0.139350 -0.372585 0.118840 -0.030822 -0.141794 0.461539 -0.161431 0.137039 -0.054040 0.298333 0.155729 0.242065 0.077816 0.004223 -0.075553 0.063817 0.172175 -0.108502 -0.140987 0.032673 0.158449 -0.035312 0.101798 -0.044973 -0.314118 0.215801 0.029841 -0.114345 -0.069518 -0.123347 0.367998 -0.204128 0.146319 0.335811 -0.017370 -0.079537 0.162030 
0.507419 -0.182857 -0.022314 0.019869 0.102139 -0.398742 -0.294247 -0.032280 -0.008642 -0.416430 -0.032640 -0.153391 -0.254274 0.027077 -0.120099 -0.211521 -0.526758 0.422044 -0.130854 0.143527 0.487532 -0.285888 0.106729 0.091560 0.126235 -0.018974 0.003141 0.079519 0.161825 0.066416 0.133528 0.126413 0.040139 -0.183482 -0.101376 0.090816 -0.193115 0.188796 -0.008804 -0.140865 0.340787 -0.193462 -0.055957 0.234837 -0.020677 0.063201 -0.100896 0.085690 0.397562 0.186095 -0.080911 0.162382 
0.444070 -0.292322 -0.022983 0.007160 -0.045670 -0.485373 -0.281147 0.181572 0.000973 -0.502774 -0.078666 -0.235176 -0.110986 0.080050 -0.192849 -0.179281 -0.419264 0.242685 -0.067103 0.112590 0.420458 -0.062378 0.186058 -0.298839 0.105966 -0.001841 0.169684 0.041332 0.080072 -0.016412 -0.034411 0.262626 -0.156971 0.007322 0.047868 -0.118313 -0.081959 -0.019087 -0.033062 -0.039309 0.335107 -0.246007 0.039329 0.203278 -0.134875 0.224139 0.122300 -0.060646 0.373463 0.002874 -0.175150 0.334633 
0.354187 -0.044965 0.070464 0.282917 0.166281 -0.231248 -0.385975 0.223337 0.175662 -0.270262 0.106976 -0.062018 -0.137284 0.141605 -0.366039 -0.257240 -0.326035 0.346700 -0.408912 0.212781 0.493495 -0.106524 0.303961 -0.136572 -0.060171 0.050196 0.116898 0.114556 0.007088 0.048275 -0.061572 0.280507 -0.101696 -0.213339 -0.013377 -0.173557 -0.069721 -0.076136 0.030889 -0.022799 0.161140 -0.142548 0.168698 0.114437 0.068913 0.064210 -0.096583 -0.145979 0.102275 0.206634 -0.007566 0.021038 
0.330649 -0.174066 -0.002071 0.072633 -0.012506 -0.454425 -0.040077 -0.162421 0.095543 -0.345781 -0.057381 -0.281381 -0.193582 0.254778 -0.223051 -0.139775 -0.280507 0.205588 -0.492762 0.255274 0.321202 -0.231089 0.268057 -0.082457 0.154186 0.067199 0.123385 0.052626 0.123951 -0.229240 -0.205687 0.160650 -0.012148 -0.044577 -0.038518 -0.003373 -0.387094 0.057438 0.299478 -0.195093 0.344067 -0.262802 0.123400 0.203834 0.320517 0.131694 -0.095707 -0.161230 0.235520 0.015998 -0.312705 0.033071 
0.182115 -0.188957 -0.226365 0.008376 0.261700 -0.410156 -0.092248 -0.008319 -0.051645 -0.277446 -0.119794 -0.184124 -0.327476 0.051748 -0.231609 -0.160614 -0.337142 -0.088005 -0.604061 0.299968 0.455137 -0.109823 0.072348 0.057004 0.262750 0.094890 0.102342 0.009060 0.201289 -0.081893 -0.050157 0.174621 -0.002132 -0.101415 -0.092041 -0.299397 -0.281361 -0.025325 0.027532 -0.041080 0.240260 -0.124302 -0.098585 -0.093988 0.193194 0.193323 -0.281671 -0.255263 0.173037 -0.296123 -0.326871 0.230783 
0.346726 -0.285210 -0.048445 -0.345141 0.246501 -0.334644 -0.232785 -0.190483 -0.045899 -0.349604 -0.090999 -0.213334 -0.450061 -0.105184 -0.169112 -0.158672 -0.434999 -0.108858 -0.587799 0.284101 0.298443 0.106443 0.089539 -0.042707 0.344439 0.040355 -0.002659 0.031079 -0.104225 -0.064002 -0.043511 0.061092 0.010819 -0.052724 0.004379 -0.220534 -0.451710 -0.083086 -0.050729 -0.149687 0.268592 -0.153635 -0.080874 0.063648 0.126224 0.264056 -0.217823 -0.108583 0.085081 -0.355210 -0.210905 -0.198272 
0.079266 -0.332043 0.046060 -0.271118 0.157627 -0.244602 -0.098008 -0.403410 -0.186297 -0.105509 0.058109 -0.082704 -0.287260 0.047045 -0.043499 0.057207 -0.144881 -0.028883 -0.609211 0.229965 0.363052 0.094569 -0.146445 -0.156449 0.124397 0.142094 0.004244 -0.022665 -0.005601 0.112162 0.053097 0.067191 0.000887 0.006282 0.065270 -0.398219 -0.277173 -0.044513 0.108893 -0.129912 0.210860 0.094526 -0.061784 -0.037024 0.226909 0.234611 -0.297600 -0.536156 0.157908 -0.319073 -0.150302 -0.135848 
0.144168 -0.177646 -0.154689 -0.084261 0.079105 0.041454 0.058544 -0.386006 -0.040554 -0.027159 0.322320 -0.082911 -0.268033 -0.029041 -0.145917 0.013188 0.075629 0.072227 -0.411331 0.305015 0.232574 -0.072049 0.087051 -0.040418 0.032275 0.006337 -0.132994 0.037638 -0.015605 0.043740 -0.002690 0.149382 0.062258 0.178956 -0.125426 -0.180955 -0.219826 -0.049662 -0.235887 -0.032508 0.187978 -0.064636 0.039989 0.167506 0.255340 0.283337 -0.261974 -0.154755 -0.101457 -0.145211 -0.333060 -0.229872 
0.141283 -0.367131 0.074960 0.131600 -0.092060 -0.115838 0.178815 -0.594105 0.138349 0.203665 0.084745 -0.090563 -0.232798 -0.018898 -0.180830 0.127991 0.149811 -0.096298 -0.335431 0.148071 0.003930 -0.072818 -0.086537 -0.055890 0.208818 0.055501 -0.043534 -0.096137 0.126168 -0.144085 -0.180607 -0.120108 0.038945 0.136439 -0.043352 -0.119775 -0.242918 0.094148 -0.067432 -0.201126 0.237746 -0.174896 0.058330 0.182440 0.081444 0.188556 0.205840 -0.486715 0.085698 -0.206548 -0.054014 -0.089322 
-0.004757 -0.191171 -0.092035 0.023577 -0.259972 0.011131 0.139678 -0.546781 0.078405 0.120337 0.234735 0.052297 -0.324155 0.073540 0.093619 0.182352 0.164922 -0.172008 -0.292386 0.058517 -0.064864 -0.266887 -0.134003 0.014361 0.043127 0.170981 0.094904 -0.122825 -0.042032 -0.065616 -0.308030 0.008856 0.061524 0.118388 -0.134627 -0.244755 -0.236181 0.189387 0.100256 -0.240928 -0.027497 -0.081775 0.084537 0.119714 0.342658 -0.000404 0.199020 -0.372662 -0.011881 -0.096669 -0.102015 0.028982 
-0.159064 -0.032893 -0.059965 -0.151748 -0.502680 0.150347 0.383381 -0.512742 0.084207 0.155569 0.201054 -0.068946 -0.416010 -0.127675 0.071291 0.259439 0.252569 0.009464 -0.200993 0.250047 -0.063035 -0.123481 -0.121653 0.272254 -0.051469 0.038419 0.225072 -0.253643 0.001212 -0.096995 -0.465524 0.140394 0.070550 0.063158 -0.051198 -0.457067 -0.245207 0.156371 0.379847 -0.277134 -0.076460 -0.207845 0.188050 -0.186641 0.300911 0.015054 0.357328 -0.344842 -0.131717 -0.200542 -0.327033 -0.089957 
-0.076917 -0.067181 -0.042739 -0.133466 -0.383109 0.438735 0.260840 -0.317878 -0.010792 0.324955 -0.017277 -0.176722 -0.167006 -0.150374 -0.098047 0.308713 0.249879 -0.067616 -0.437913 0.046907 -0.264583 -0.179041 -0.366698 0.231345 0.157698 0.146320 0.341014 0.100801 -0.032323 -0.024523 -0.336586 -0.001601 0.088779 0.219756 -0.366019 -0.235059 -0.475420 0.371992 0.104491 -0.260822 -0.054161 0.048746 0.025892 0.029457 0.170679 -0.142464 0.301278 -0.313058 -0.081250 -0.310497 -0.385961 0.003310 
-0.228989 0.070332 0.021682 -0.531540 -0.314729 0.397274 0.225429 -0.129802 -0.093324 0.227243 0.127287 -0.259212 0.055968 -0.150819 -0.026732 0.155318 0.336064 -0.347369 -0.264006 0.255800 -0.239760 0.062627 -0.205153 0.367765 0.163783 -0.127662 0.133874 0.047487 -0.194170 -0.076859 -0.751708 0.111355 0.231656 -0.018820 -0.331227 -0.420703 -0.202547 0.155211 0.163110 -0.296087 -0.068470 0.230779 0.040531 -0.036062 0.338205 -0.049112 0.282996 -0.314885 -0.337039 0.023662 -0.498001 -0.057020 
-0.514989 0.146721 -0.074006 -0.345622 -0.401886 0.648212 0.177994 0.147870 -0.011391 0.468263 0.215409 0.052392 0.224369 -0.153144 -0.071144 0.419802 0.227213 -0.285222 -0.158442 0.168458 -0.691117 0.070596 -0.076592 0.418262 -0.016967 -0.089947 0.155354 0.009838 -0.160222 0.218139 -0.944573 -0.016485 -0.050723 0.011099 -0.553166 -0.522411 -0.375011 0.204216 0.016226 -0.295797 -0.162654 0.291513 0.104468 -0.005833 0.330609 -0.166392 0.638128 -0.230311 -0.211228 0.156626 -0.620417 0.139400 
-0.583045 -0.018159 -0.012711 -0.293998 -0.422764 0.639633 0.424039 -0.335420 -0.072953 0.434426 0.266187 -0.048047 0.608396 0.143884 0.188643 0.712711 0.485243 -0.033715 -0.285217 0.153824 -0.779259 0.083764 -0.201574 0.162761 0.060410 -0.192521 0.246142 0.208254 -0.462675 0.066091 -1.223775 -0.155750 -0.135402 0.031841 -0.556880 -0.430116 -0.112782 -0.031437 -0.096756 -0.155519 -0.263997 0.310633 0.120829 0.227650 0.192487 0.064994 0.685187 -0.599720 -0.518330 0.726483 -0.530011 0.194114 
-0.800874 -0.034122 0.193772 -0.309474 -0.695973 0.995623 0.561584 -0.240252 -0.050093 0.492820 0.286822 -0.004990 0.900775 0.156510 0.193411 0.765329 0.464590 -0.131651 -0.030641 0.218393 -1.043623 -0.086250 -0.323788 0.200161 -0.121126 -0.215528 0.104321 -0.100547 -0.436405 0.131222 -1.440198 -0.191877 -0.455789 0.097097 -0.632117 -0.430275 0.049059 0.101514 -0.089972 -0.231090 -0.525328 0.239011 0.061963 0.222554 0.173134 -0.144692 0.777864 -0.488964 -0.382480 1.002374 -0.558572 0.340891 
