-0.200587 -0.144817 0.188234 0.081390 0.467048 0.266531 -0.656321 -0.030968 -1.907960 -0.371905 -0.848595 0.103517 0.324855 -0.345476 0.087677 -0.086389 
-0.008510 -0.622776 0.102303 0.190856 -0.090097 -0.080946 -0.512967 0.056596 0.432174 -0.188809 0.415897 -0.058651 -0.252221 0.103395 -1.308633 -0.414091 
0.148737 0.045383 -0.229238 -0.189308 -0.116566 -0.154970 0.512010 0.154464 -0.712928 -0.138970 -0.493454 0.158499 0.316658 -0.601730 0.497960 0.049996 
0.038469 -0.139032 0.104473 -0.161624 0.147600 0.323999 0.457500 -0.246408 -0.476932 0.168094 0.717361 -0.288389 0.182495 -0.021561 0.790104 -0.338565 
-0.402654 -0.180831 0.319062 0.191147 0.331646 -0.172999 0.222096 0.303215 -0.465130 0.419350 0.245491 -0.488430 -0.547775 0.368254 0.471635 -0.351619 
-0.200449 -0.146652 -0.059903 -0.003863 0.428789 0.519440 -0.263289 0.083584 -0.188706 0.019006 -0.621414 -0.725169 -0.356750 -0.028356 1.070204 0.103692 
0.201274 0.390002 0.223806 -0.375500 -1.254966 0.095407 0.094487 0.215872 -0.375171 -0.105455 0.447030 0.182459 0.019911 -0.180388 0.451806 0.599872 
0.087305 0.281107 0.148728 -0.216401 0.551377 0.276010 0.422889 0.151063 -0.307562 0.144448 -0.776678 -0.130500 0.081251 -0.730918 -1.314680 0.248668 
0.095820 -0.820634 0.115399 0.308137 -0.389042 -0.377151 0.518526 0.129902 0.104655 0.244255 0.111148 -1.316293 -0.635148 0.338859 0.523545 -0.940116 
0.254381 -0.017524 0.141385 -0.854658 -0.601195 0.318450 0.428347 0.166488 -0.759278 -0.083931 0.057622 -0.254825 -1.168167 0.358550 -0.487998 -0.927261 
0.074243 -0.534354 0.276708 0.334108 0.372068 -0.095575 0.028626 0.227076 -0.435906 -0.408074 0.594473 -0.900465 -0.347538 0.253916 0.470049 -0.407725 
0.331582 0.141176 0.033500 -0.189398 0.016713 -0.404934 0.133434 0.086517 0.137084 0.064358 -0.236906 0.323746 -1.495811 -0.292020 -1.074368 0.198410 
0.070365 0.357444 -0.242521 -0.217598 0.137884 0.168238 0.218122 -0.196865 0.028492 0.079276 -1.173510 0.201362 0.193285 0.105897 -0.227216 0.565030 
0.143686 0.100273 0.145867 -0.502803 0.018403 -4.096776 -1.423751 0.190609 -0.108595 0.003989 0.088287 0.243182 0.228622 -1.906036 -0.144276 0.151552 
0.307072 0.214019 -0.097692 0.519115 0.877830 0.030933 -0.376243 -0.132369 0.160811 0.182577 -0.678442 0.388494 -0.145656 0.253164 -0.115771 0.157447 
-0.040558 0.286695 0.298604 0.011581 0.194657 0.288941 0.151616 0.267832 0.132455 -0.007253 0.204513 0.642089 -1.782559 0.269723 0.178156 0.367960 
0.245426 -0.409243 -0.053936 -0.968341 1.209141 0.174153 -0.785344 -0.119088 -0.472110 0.200709 0.117705 -0.368029 -0.122697 0.193874 0.097586 -0.652293 
-0.013962 0.272056 0.017293 -1.421606 -1.327304 0.105573 0.212529 -0.215390 -1.581981 0.105580 0.446004 0.427881 -0.277968 0.146418 -1.546141 -0.397732 
0.125656 0.116529 0.219506 0.035183 -0.765060 0.340828 0.226633 0.217839 -0.448659 -0.761147 -0.174378 -0.201237 -0.696529 0.363930 -0.351064 -0.284333 
0.160952 -0.005115 0.263776 -0.133336 -0.035317 0.275187 0.291397 0.116509 0.126167 0.148856 -1.650094 -0.208276 0.057256 -0.038359 0.032511 0.221543 
0.006732 -0.015937 -0.034768 -0.153120 0.058401 0.191823 -0.444739 -0.155180 0.088538 0.123348 -0.355648 0.004805 -0.059149 -0.144472 -1.643025 -0.295041 
-0.085708 -0.033477 -0.221627 0.780160 0.609673 -0.356959 -0.498020 -0.257230 0.012366 0.519751 -0.010243 -0.156922 0.187872 0.039098 0.110091 0.124274 
-0.090731 0.106151 -0.031317 0.027765 -0.460097 0.016742 -0.213369 0.057148 -0.109009 0.083452 0.065256 0.275892 -0.075151 -0.432713 -0.383555 0.485428 
-0.174993 0.057530 0.013897 -0.145362 0.570703 -0.660349 -0.159974 0.049497 0.432033 0.204485 -0.105840 -0.493063 -0.711311 -0.042933 0.366603 0.040906 
-0.284949 0.394516 0.202031 -0.216031 -0.016244 0.262525 -1.106760 0.158393 -1.581853 0.335005 -1.246044 0.223145 0.202287 0.085526 0.380306 0.195827 
0.192383 0.146473 -0.459427 0.001440 0.063097 -0.463951 -0.329054 0.204700 0.335689 -0.502266 -0.244646 0.531157 0.361424 -0.272314 0.033005 -0.553355 
-0.241669 -0.251899 -0.133824 -0.035497 0.304727 -0.282638 -0.291660 -0.168404 -0.800835 -0.041330 -1.006479 0.115482 0.266449 -0.349416 -0.633263 -0.503193 
0.110261 0.115447 0.105050 -0.669202 0.216734 0.104232 -0.098895 -0.040139 0.302905 0.047671 -0.009408 -0.864002 -0.411264 -0.801435 -0.813289 0.292768 
0.209076 0.084491 0.198638 -0.888757 -1.221715 -0.282018 -0.969934 0.155253 0.410888 -0.781264 -0.087185 -0.170427 -0.044547 0.259650 0.180325 0.086879 
0.188783 -0.290069 0.186944 0.552834 0.438590 0.285737 -0.166420 -0.250163 0.294257 0.124042 0.213749 -0.033335 -1.083046 0.364747 0.147612 -0.704531 
0.125573 -0.119367 0.089487 -0.375118 0.497909 0.223414 -1.216384 -0.059171 -0.418965 0.222817 -1.401291 -0.182977 0.001100 0.207902 -1.389793 0.140062 
0.081790 0.017906 0.133736 0.810615 0.299192 0.072542 -0.142276 0.161271 0.575242 -0.274622 0.094865 -0.264673 -0.237365 -0.218029 -0.625101 0.333604 
-0.660752 0.180515 -0.043638 0.394851 0.071462 -0.159753 -0.061308 -0.629204 -1.005492 -0.584307 0.100120 -1.455184 0.297704 0.083952 -0.362475 -0.413212 
0.056363 0.095909 -0.048376 0.212732 -0.123437 -0.995572 -0.516380 0.135006 0.026595 0.128641 -0.216181 0.174854 0.261010 -0.698078 -3.526233 -0.083853 
0.121443 -0.047163 0.059566 -0.621290 0.014119 0.081304 -0.165105 0.097061 0.153301 0.060091 -0.885893 0.118008 0.143796 -0.144804 -0.915267 -0.109196 
0.068025 -0.281041 0.062526 -0.303766 -1.145659 0.018224 0.136784 0.054933 0.155926 0.034100 -1.246968 -0.090376 0.036201 -0.020616 -2.501242 -1.341393 
-0.003081 -0.244480 -0.108019 0.633072 0.186256 0.007035 0.149966 0.018624 -0.423656 -0.689951 0.040809 -1.747665 -0.004368 0.162598 -0.014810 -0.756763 
-0.060249 0.022305 -0.170786 -0.827118 -0.125773 0.246906 -0.133333 -0.517407 -0.110795 -0.030828 -0.056544 -0.661328 0.492313 0.027766 -0.171552 -0.333567 
-0.024592 -0.277365 0.127910 0.232670 -0.083269 -0.741137 -0.179936 0.257001 0.084294 0.145355 -0.905270 0.184810 -0.218222 0.009896 -0.207003 0.145964 
0.211679 0.253103 -0.007436 0.287972 0.068317 -0.453337 -0.344711 -0.030231 -0.410517 0.277697 0.162860 -0.290653 -0.674004 -0.388404 -0.529033 0.185394 
0.068969 0.278853 0.161266 0.344618 -0.928968 0.348209 0.447750 0.104972 -1.175342 0.267428 0.350160 -0.205551 -1.699433 0.294707 0.031262 -1.908853 
-0.251297 -0.105347 0.200087 -0.493923 0.125824 -0.401474 -1.263421 0.089651 0.453218 0.537661 0.490958 -0.470874 0.291850 0.418150 -0.266845 -0.429476 
0.148094 -0.101238 0.014574 0.296851 -0.633182 0.010315 0.213439 0.120485 -0.033777 0.031202 -0.416443 0.112469 0.154737 -0.036639 -0.021320 -0.921974 
-0.179770 -0.086050 0.101175 -0.035656 -0.151896 -0.677259 -1.764302 0.118375 -0.151314 0.285888 -0.556191 0.102665 -0.024213 -0.107314 0.067488 -0.025725 
-0.167530 0.031934 0.081916 -0.647222 -0.637395 0.232258 0.268704 0.102969 -0.799934 -0.013430 0.051427 -0.012733 -0.480157 0.220250 -1.199520 0.111521 
0.016559 -0.086795 0.158662 0.133312 -0.656412 0.002105 0.150170 -0.005951 -1.799861 -0.276290 0.155370 0.117855 -0.039705 0.071050 0.031220 -0.350652 
-0.100252 0.159390 -0.258175 -0.243586 0.292365 0.201823 0.257390 -0.714961 0.593303 -0.307024 -0.312374 0.097088 0.139162 -0.109278 -0.411018 0.341364 
0.122215 -0.172425 -0.056904 0.055520 -0.417444 0.053316 0.031851 -0.012080 -0.841771 -0.739910 0.019645 0.092941 0.303801 -0.022426 -0.822484 -0.019050 
-0.066628 0.064108 -0.048686 -0.112574 -0.224167 0.296171 0.391399 -0.035724 0.497808 0.274219 0.201054 0.395564 0.092706 0.239893 0.326837 0.100737 
0.047373 -0.038712 -0.069443 -0.061954 0.113553 0.084354 -0.583583 -0.020139 0.586309 -0.040526 0.445229 -0.097414 0.080556 -0.506330 0.242490 -0.257572 
0.109423 -0.102781 0.021802 -0.800210 -1.686105 0.234959 -0.076874 0.019720 0.146619 0.036232 0.212282 -0.443765 0.213583 0.177725 0.356431 -1.210798 
0.186338 0.306945 -0.171426 0.166314 -0.089603 -0.235597 -0.279895 0.060302 0.171000 0.811328 0.313233 0.163066 -0.101098 -0.642457 -0.771120 0.073821 
