0.342167 -0.622387 0.727687 0.159286 0.149403 0.363154 0.255114 0.158597 0.280681 -0.358479 0.061521 -1.093408 0.390504 -0.297475 1.010049 0.087125 -0.372645 0.119325 0.276948 0.001405 -0.657113 0.105436 -0.049156 -0.176005 0.161188 0.941297 -0.082441 0.626956 -0.104842 0.057826 0.008700 -0.018693 -0.099561 -0.290595 0.205543 -0.084825 0.507165 -0.230445 -0.242894 -0.196401 -0.625028 -0.163353 0.344409 -0.098185 0.404546 -0.057380 -0.097208 0.469198 -0.542863 -0.336437 -0.025464 -0.127375 0.678647 -0.933867 
0.452482 -0.465323 0.658876 0.098796 0.066296 0.233514 0.422336 0.076750 0.364097 -0.302430 0.278950 -0.985443 0.523679 -0.032879 1.121950 0.092868 -0.181598 0.395958 0.166262 0.080978 -0.689044 0.013491 0.052086 -0.266042 0.260789 0.613819 -0.323992 0.548555 -0.111176 0.296415 0.180312 -0.128857 -0.075720 -0.200450 -0.165829 -0.088634 0.118079 -0.124630 -0.104514 0.004361 -0.474412 -0.109982 0.459062 -0.163748 0.273797 0.098434 -0.071783 0.194725 -0.674019 -0.651770 -0.157232 -0.037183 0.451221 -0.702190 
0.295109 -0.293430 0.640332 -0.009944 -0.133864 0.427098 0.146697 0.226670 0.184568 -0.369638 0.103184 -0.683908 0.429655 -0.291917 0.921997 0.037080 -0.032872 0.504849 0.188977 0.251951 -0.769677 -0.154347 0.070600 0.120305 0.244066 0.280087 -0.367216 0.557451 0.008351 0.161351 0.159465 -0.049060 -0.150014 -0.004631 -0.191949 0.073552 0.253152 -0.043748 -0.398577 -0.215254 -0.461441 -0.104168 0.583569 -0.235940 0.054002 0.015462 0.040464 0.346241 -0.692479 -0.627141 -0.073752 -0.162777 0.430093 -0.679725 
0.412412 -0.160125 0.608311 0.133741 -0.042099 0.191738 0.225327 -0.004275 0.146500 -0.476471 0.025578 -0.671758 0.543910 -0.044171 0.803982 -0.012564 -0.178673 0.369269 0.344916 -0.002425 -0.451157 -0.186308 0.051127 -0.015322 0.136013 0.531478 -0.350294 0.384475 0.014645 0.161512 0.118943 0.141033 -0.167453 0.167991 -0.195746 0.214381 0.012182 -0.056621 -0.352757 0.016368 -0.454900 -0.163796 0.405342 -0.406647 0.161834 0.064009 -0.127107 0.296760 -0.504951 -0.355636 -0.072697 0.081491 0.302774 -0.433307 
0.225466 -0.161839 0.439047 0.018546 -0.006093 0.153307 -0.034375 -0.119646 0.396265 -0.155119 0.131207 -0.410142 0.481768 -0.321231 0.735662 0.067630 -0.031287 0.324267 0.173524 0.045803 -0.367110 0.128521 0.059046 -0.071290 -0.051464 0.213543 -0.391212 0.240576 -0.014882 0.159328 0.148932 0.066298 0.090361 0.124931 -0.018313 0.040030 -0.023031 0.247086 -0.345595 -0.085531 -0.357513 -0.139069 0.433601 -0.394545 -0.103942 0.039276 -0.239473 0.237895 -0.310269 -0.301880 0.155782 0.100599 0.110252 -0.364132 
0.303963 -0.203268 0.660160 0.038691 0.134194 -0.102336 -0.070919 -0.206346 0.192222 -0.133437 0.039021 -0.012778 0.300638 -0.347383 0.536565 -0.052565 0.000630 0.262017 0.086504 -0.054757 0.021775 -0.037083 0.177829 -0.369957 -0.051622 0.343266 -0.165479 0.191650 0.095829 -0.126537 0.149940 0.172989 -0.000995 -0.055219 0.112505 0.220574 0.156937 0.331042 -0.138322 0.149639 -0.387374 -0.165941 0.328161 -0.090937 -0.107792 0.096813 0.080633 -0.064464 -0.041033 -0.233249 0.126067 0.209054 0.161458 -0.430266 
0.098809 -0.224747 0.432514 -0.070620 0.011624 -0.029259 -0.158977 -0.052065 0.107097 -0.225065 0.109858 0.275807 0.240666 -0.107350 0.462022 -0.012648 -0.047618 0.062003 0.044877 -0.103304 -0.020981 0.087744 0.050909 -0.180279 0.132576 0.311632 -0.217959 0.236651 -0.065992 -0.005874 0.010176 0.060746 0.038193 0.127368 -0.105499 0.107798 0.107138 0.414630 -0.262908 0.113689 -0.148825 0.042111 0.077583 -0.101882 0.118221 -0.139125 -0.174294 -0.089445 -0.067069 -0.300309 0.063365 -0.037116 0.118155 -0.350396 
-0.059557 0.194166 0.626904 -0.119640 -0.296744 0.171277 -0.230818 0.054328 0.214324 -0.251907 0.043109 0.356980 0.335682 -0.150193 0.484569 0.235564 -0.005083 0.110470 0.081149 0.087173 0.153015 -0.065828 -0.118045 -0.202679 0.098902 0.217219 0.062165 0.182863 -0.029602 0.006757 0.082030 0.171641 0.031018 -0.149207 -0.164904 0.073977 -0.065778 0.430000 -0.057421 0.102241 -0.245777 -0.042465 0.188348 0.176307 0.129641 -0.090965 -0.241453 0.015646 -0.134948 -0.200312 0.026015 0.060314 0.264095 -0.350923 
0.032585 0.134878 0.410617 -0.199492 -0.260056 -0.133734 -0.263345 0.049493 0.211324 -0.229311 -0.090439 0.524436 0.214202 -0.099944 0.551661 0.151832 0.250588 -0.088790 0.021545 0.028768 -0.154161 0.143992 0.118034 0.141618 0.157849 0.137022 0.044318 0.029935 0.271500 -0.051488 0.257839 0.190726 -0.000190 -0.139780 -0.263269 0.245166 0.065612 0.190660 -0.117385 0.227797 -0.065268 0.029104 0.092280 -0.012985 0.271583 -0.023703 -0.029473 0.032076 0.208551 -0.186510 -0.003676 -0.026870 0.087512 -0.241995 
-0.031609 0.076828 0.208186 0.088087 -0.177952 -0.153364 -0.441656 0.091756 0.298251 -0.025452 0.097584 0.596937 0.174918 -0.140172 0.468417 0.049606 0.348033 -0.063889 0.165883 -0.046990 -0.201699 0.058823 -0.087556 0.070576 0.084406 0.122459 -0.029227 0.119684 0.039388 -0.025153 0.240012 -0.035152 -0.142010 -0.382517 0.004523 0.168647 -0.103024 0.256002 -0.050610 0.008873 -0.049495 -0.047968 0.194712 -0.047303 0.225738 -0.069223 0.036087 -0.278203 0.084500 -0.301883 0.164268 -0.014286 0.021158 -0.191198 
-0.189613 0.160827 0.017509 0.113448 -0.336952 -0.038669 -0.289367 0.180311 0.276250 -0.193743 -0.011621 0.663135 0.088892 -0.072481 0.358228 -0.011334 0.047612 -0.252097 0.226282 0.165624 0.233395 -0.132085 0.124788 0.159677 -0.088724 -0.113534 -0.038656 0.235748 0.354697 0.265588 0.122283 0.131960 0.060496 -0.360605 0.048744 0.122794 -0.113366 0.069822 -0.288547 -0.107238 -0.118182 0.047343 0.067023 0.110787 0.077018 0.164540 -0.025485 -0.138574 0.103125 -0.037104 0.068290 0.139760 -0.121633 -0.161801 
-0.162426 0.070497 -0.088505 -0.006198 -0.159507 -0.179130 -0.051351 0.123352 0.041912 -0.182160 0.043376 0.524892 -0.106114 -0.101126 0.301999 -0.024270 0.169664 -0.307246 0.024745 0.210095 0.170368 -0.146181 0.106652 0.235513 -0.027290 -0.237245 -0.069648 0.103326 0.238932 0.215504 0.462925 -0.115498 0.004329 -0.076267 -0.214106 0.069076 -0.166042 0.081037 -0.272449 0.082775 0.211907 -0.097277 -0.049452 0.009678 0.068212 -0.052326 -0.067351 -0.243577 0.008328 -0.150123 -0.039578 0.041739 -0.120564 -0.257650 
-0.133958 0.283615 0.142093 -0.053067 -0.149808 -0.055875 -0.169720 0.006670 0.108220 -0.405888 -0.093299 0.596923 0.039670 -0.065079 0.377375 0.132774 0.143951 -0.263130 0.004950 0.114529 0.145216 -0.312872 0.192946 -0.112673 -0.029499 -0.389734 0.149190 0.084784 0.250958 0.169332 0.388647 -0.108821 -0.055010 -0.084738 -0.184713 0.094160 -0.120910 0.069385 -0.238304 -0.140572 0.158714 -0.128964 -0.062368 0.190612 -0.095951 0.052714 -0.211895 -0.159881 -0.119806 0.028937 -0.125485 -0.088163 -0.100836 -0.259922 
-0.200937 0.328895 0.093989 0.157917 0.032758 0.000422 0.108439 -0.010840 0.042132 -0.483480 0.023819 0.415270 -0.028153 0.319926 0.367520 0.060034 0.076487 -0.197639 -0.117515 0.107922 0.243192 -0.038117 0.144436 0.108923 -0.038233 -0.410665 -0.108737 -0.132012 0.238073 0.024387 0.261656 0.203052 0.123172 -0.008415 -0.289801 -0.013021 -0.179716 0.144327 -0.346170 0.075012 0.464129 0.133334 -0.201007 0.231497 -0.120605 -0.108631 0.040299 -0.141208 -0.225168 -0.017658 -0.160397 -0.007820 0.095733 -0.015343 
-0.258315 0.246573 0.006636 0.029403 0.017994 -0.274708 0.029515 0.259469 0.177530 -0.555960 -0.076286 0.241044 -0.125543 0.152169 0.268161 0.331494 0.077281 -0.355119 0.033277 -0.120192 0.354590 -0.050799 0.207651 -0.029116 -0.113919 -0.234141 -0.153651 -0.072063 0.223847 0.195123 0.069090 0.085365 0.170822 0.187742 -0.270747 0.163320 -0.041837 -0.054702 -0.272405 0.021447 0.349768 0.078727 -0.262807 0.170886 -0.155393 0.053277 0.085351 -0.358103 -0.286830 0.020677 0.081342 0.020301 0.269614 0.097698 
-0.019423 0.086960 0.003397 -0.034163 -0.118598 -0.323445 -0.133986 0.104076 0.095364 -0.531012 -0.046755 -0.016400 -0.357548 0.328947 -0.013296 0.295037 0.065823 -0.209156 0.074483 0.043119 0.330917 0.222673 -0.035981 0.079539 0.209165 -0.277388 -0.089918 -0.134944 0.034359 -0.024339 0.249755 0.279146 0.010760 0.173737 0.121568 0.247755 -0.183550 -0.016551 -0.234380 -0.222229 0.246406 -0.117862 -0.065141 0.025162 -0.020259 0.049283 0.197024 -0.314810 -0.176025 -0.204414 0.034792 0.056876 -0.037631 -0.025492 
0.172913 -0.003584 -0.211423 0.061635 0.104364 -0.207583 -0.122506 -0.030176 0.100254 -0.295101 0.190546 0.003402 -0.226150 0.358492 0.074020 -0.081440 -0.019200 -0.230442 -0.000453 0.155220 0.355819 0.098093 -0.040342 -0.177298 0.243393 -0.329102 -0.033170 -0.146284 0.033412 -0.017937 0.107532 0.246336 0.060851 -0.010441 0.252361 -0.040524 0.104067 0.078769 -0.144938 -0.247241 0.202319 0.004687 -0.152965 0.239149 -0.118726 -0.100751 0.212958 -0.162903 0.076737 -0.339204 0.062563 -0.010836 -0.028687 0.123258 
-0.067636 -0.047331 -0.325893 -0.037000 0.188910 -0.232199 -0.023412 -0.012123 -0.156443 -0.515153 -0.091857 -0.125962 -0.261508 -0.017350 -0.003414 0.054321 -0.139362 0.061423 0.160135 0.134905 0.359858 -0.035855 -0.021910 0.011584 0.099656 -0.519368 -0.307216 -0.041250 0.104327 0.134058 -0.056505 0.200589 0.085829 -0.111118 0.341262 -0.180339 0.130035 -0.015167 -0.095590 -0.323168 0.322538 -0.102388 -0.312831 0.266895 -0.121748 0.070958 0.179609 -0.308088 -0.083404 -0.175531 0.200239 0.038025 -0.346932 0.287165 
0.012755 0.012854 -0.552027 0.173503 0.113129 -0.095869 0.008269 -0.100067 -0.108352 -0.466575 -0.014040 -0.310216 -0.414136 -0.142815 0.063182 0.053458 -0.084048 0.051728 0.128962 0.097822 0.496639 0.003931 -0.199395 -0.062087 -0.155325 -0.594755 -0.105840 -0.178811 0.008862 -0.024627 -0.113141 0.067542 0.022114 0.001546 0.322064 0.025446 0.222416 0.246122 0.212330 -0.125500 0.339128 -0.218648 -0.253325 0.001240 -0.002057 0.031254 0.189493 -0.362256 0.210245 -0.075178 -0.027088 -0.210642 -0.290590 0.385356 
0.053038 0.159624 -0.314784 -0.140971 0.033796 -0.054702 0.387905 -0.124086 -0.012745 -0.443869 -0.039227 0.025051 -0.362431 -0.167065 -0.015989 0.042003 -0.093281 -0.056236 0.066909 0.325612 0.212909 0.070960 -0.005035 0.084438 -0.306350 -0.659424 -0.135249 -0.172994 -0.285749 -0.035220 -0.026852 -0.020101 -0.224366 -0.319419 0.075471 0.093825 -0.004241 -0.028037 -0.036184 -0.151773 0.278969 -0.035609 -0.177063 -0.071037 -0.040319 -0.103131 0.285000 -0.422117 0.008779 -0.111743 -0.225668 -0.190297 -0.362099 0.241985 
-0.087484 0.325316 -0.356065 0.163167 0.066595 0.088733 0.320718 0.102367 -0.180245 -0.440624 -0.067626 -0.216465 -0.493239 0.157514 0.139458 0.076333 -0.235173 0.216322 0.039972 0.266731 0.257730 0.148272 0.093866 0.050000 -0.411134 -0.698572 -0.157998 -0.095166 -0.151684 0.034758 0.166705 -0.059984 -0.158850 -0.146609 0.343382 0.023022 0.286397 0.088125 0.135533 -0.179891 0.380711 -0.064031 -0.111064 0.164344 0.032279 0.024547 0.394276 -0.505119 -0.228298 -0.208563 -0.161990 -0.258643 -0.413882 0.229500 
-0.111904 0.129908 -0.265969 0.177674 0.060684 0.124185 0.262782 0.021375 -0.054470 -0.133865 0.106035 -0.032897 -0.547356 0.241891 0.024655 0.193881 -0.188088 0.107967 0.075929 0.370955 0.317828 0.313783 0.019998 -0.027751 -0.579392 -0.490115 -0.436771 -0.233370 -0.181045 -0.139951 0.245171 -0.103004 -0.106270 -0.334831 0.329530 0.280277 0.213004 0.046764 0.195408 -0.144120 0.484559 -0.131611 -0.036265 0.038212 0.113104 0.168062 0.279111 -0.352468 0.015524 -0.270663 -0.097832 -0.106371 -0.059816 0.317580 
-0.235294 0.066766 -0.279691 -0.246379 0.222766 -0.147227 0.470557 -0.184379 -0.084005 -0.268801 -0.187636 -0.435718 -0.602578 0.027124 0.184719 -0.006475 -0.043789 0.079936 -0.163864 0.335104 0.402130 0.292999 0.246087 0.218092 -0.552394 -0.578882 -0.134901 -0.032118 -0.036241 -0.030191 0.169029 -0.121351 0.116161 -0.292153 0.388444 0.043584 -0.046080 0.197967 0.370468 -0.050422 0.418853 -0.031172 -0.189396 -0.020949 0.051916 -0.024217 0.334657 -0.262082 0.036376 -0.027590 0.054943 0.002574 -0.190538 0.139485 
-0.088810 0.359432 -0.153996 0.007747 0.182268 0.225086 0.464137 -0.032512 -0.175710 -0.094150 -0.061357 -0.198712 -0.602874 -0.023584 -0.211419 -0.027227 -0.118113 -0.086731 0.013082 0.112312 0.563338 -0.049531 0.048267 -0.088791 -0.437876 -0.822281 -0.010517 0.078556 0.107452 0.058551 0.305955 -0.254419 0.102162 -0.121746 0.266923 0.184381 -0.084885 0.176576 0.096698 -0.105968 0.395550 -0.122337 -0.248321 0.134922 -0.105334 -0.200561 0.409946 -0.089891 0.161108 -0.307793 -0.005893 -0.029833 -0.137329 0.011839 
0.139229 0.280914 -0.372976 -0.349698 -0.085296 -0.087594 0.354449 -0.002250 -0.099985 -0.018645 0.146331 -0.346230 -0.453423 -0.025584 -0.177153 0.057633 0.102969 0.086982 -0.053258 0.120005 0.457226 -0.004506 0.109908 0.064670 -0.327674 -0.768858 -0.089202 -0.162330 0.024146 -0.063861 0.082339 -0.018698 -0.301792 0.072841 0.246533 0.291938 0.065320 0.067721 -0.095853 -0.078461 0.094373 -0.039338 -0.081670 0.251505 0.114143 -0.309979 0.613050 -0.308485 0.249890 -0.397041 0.053040 0.017089 -0.098636 0.280727 
0.165004 0.234327 -0.527718 -0.223312 0.166551 0.202817 0.400701 0.115177 -0.085893 -0.216340 0.046263 -0.353014 -0.616361 0.121401 -0.378103 0.208061 0.088544 0.098502 -0.233797 0.103491 0.472883 0.059208 -0.129573 -0.057358 -0.494318 -0.721049 -0.068138 -0.238979 0.080314 -0.046390 0.127582 -0.074350 -0.193740 0.110734 0.221131 0.382602 -0.001062 0.094078 0.044551 -0.197947 0.147280 -0.058459 -0.271674 -0.002352 0.136437 -0.214115 0.402520 -0.040114 -0.019507 -0.312754 -0.076321 0.171786 -0.114326 0.303109 
0.148577 0.299413 -0.246169 -0.022974 0.012649 -0.092259 0.464658 -0.128172 -0.131313 -0.135970 -0.074468 -0.228660 -0.526378 0.099845 -0.226822 0.110856 -0.021188 0.259929 0.128631 0.372064 0.479360 0.143239 0.035121 -0.042919 -0.262583 -0.430333 0.079326 -0.292041 0.420661 -0.225807 0.051621 -0.199846 0.034282 0.026931 0.123607 0.096969 -0.172311 0.036949 0.090233 -0.185178 0.201612 -0.163049 -0.104690 -0.079879 0.188166 -0.269961 0.505741 0.046057 0.020463 -0.197590 0.147960 0.074903 -0.163742 0.102912 
0.236634 0.049837 -0.460648 -0.110976 0.305616 -0.024691 0.318745 -0.206822 -0.184377 0.217199 -0.051420 -0.122250 -0.606681 -0.021478 -0.138343 -0.009239 -0.293646 0.139045 0.190945 0.085121 0.548295 -0.042274 0.047851 0.060596 -0.112734 -0.308412 0.066634 -0.130002 0.221470 -0.128490 -0.109323 -0.340747 -0.076025 -0.081553 0.420315 -0.014688 -0.087358 0.056685 0.193815 0.133305 0.088695 -0.134737 -0.107750 0.096372 0.187065 -0.372411 0.670135 0.256152 0.087418 -0.287500 0.065081 0.007330 -0.003712 0.265558 
0.022422 0.036872 -0.615113 -0.057324 0.251681 -0.201246 0.259473 -0.056688 -0.105423 -0.012821 -0.184348 -0.076135 -0.526861 -0.109862 -0.312082 -0.048490 -0.006017 0.230847 0.044064 0.232362 0.574150 0.039971 -0.025459 -0.022222 0.021942 -0.322947 0.182079 -0.147271 0.266991 -0.062760 -0.081531 -0.465891 -0.018862 0.100479 0.330545 -0.036934 -0.141702 0.055455 0.085429 -0.053659 0.296992 -0.005115 0.055826 -0.079706 0.007043 -0.408289 0.323348 0.081278 -0.049798 -0.242148 0.108862 0.179706 -0.075845 0.129211 
0.018386 0.206550 -0.397330 -0.136747 -0.027902 -0.008160 0.316758 0.058615 -0.310473 -0.120753 -0.166046 -0.101061 -0.249929 0.073228 -0.397563 -0.103091 -0.160159 0.299492 0.044844 0.325449 0.430369 0.069857 0.002360 0.005005 -0.144030 -0.392453 0.055650 0.129052 0.051611 0.044674 0.018384 -0.547382 -0.072852 -0.146279 0.344839 0.068285 -0.186060 -0.057666 0.234459 -0.061771 0.161145 -0.150957 -0.120691 -0.184346 -0.107042 -0.118261 0.279131 0.277117 -0.136455 -0.190351 0.075904 -0.091974 -0.133096 0.121498 
-0.048453 0.150162 -0.372570 -0.136296 -0.071814 0.211607 0.391558 -0.181670 -0.213922 -0.076756 0.087542 -0.401872 -0.383231 0.127323 -0.587828 -0.027991 0.031455 0.135394 -0.030958 0.232894 0.516265 -0.119424 0.099824 -0.147202 -0.203850 -0.378085 0.214098 0.005351 -0.008655 0.207418 0.027930 -0.179700 -0.123592 0.105161 0.318368 0.053896 -0.023826 -0.005545 0.194867 -0.127258 0.212351 -0.175851 -0.001968 0.015889 0.139613 -0.132522 0.239626 0.495176 0.078767 -0.331953 0.147936 0.235304 -0.141062 0.041384 
-0.014248 0.012550 -0.431748 -0.267426 -0.143185 0.335904 0.111402 -0.028053 -0.241041 -0.087674 -0.020951 -0.431578 -0.286426 0.070273 -0.606820 -0.257325 0.035238 -0.061264 -0.234577 0.170103 0.232563 0.119027 -0.014345 0.027341 0.047266 -0.296223 0.117936 0.004507 0.063775 0.254451 -0.065494 -0.318246 -0.097495 0.002216 0.151658 -0.043595 -0.244160 -0.289491 0.139512 -0.156409 0.090555 -0.267679 0.133410 -0.056226 0.224472 -0.173275 0.282065 0.384074 0.206667 -0.227109 0.321343 -0.023787 -0.135407 0.082537 
-0.020390 0.054554 -0.260613 -0.245754 -0.288889 0.349371 0.120316 0.194597 -0.178351 -0.026837 -0.170190 -0.197546 -0.422796 0.181537 -0.577738 0.035300 0.193426 -0.185964 -0.147417 0.331400 0.051389 0.234449 0.153568 -0.022452 0.075823 -0.392873 -0.039150 0.026097 0.104230 0.191644 -0.154538 -0.389330 0.060397 0.075017 0.066012 0.102250 -0.065101 -0.325647 0.237473 -0.059238 0.160342 -0.066641 0.099682 -0.138077 0.037107 -0.212710 0.342013 0.253445 -0.000115 -0.165157 0.030270 0.010315 -0.063438 0.117864 
-0.100555 0.061408 -0.637870 -0.224562 -0.382161 0.309363 0.162134 0.179974 -0.123339 0.220341 0.063852 -0.053573 -0.474403 -0.085303 -0.557057 -0.296143 0.098061 -0.106516 -0.158195 0.112731 -0.032720 0.009720 0.207020 -0.071189 0.059394 -0.335835 -0.085676 0.135133 0.191905 0.315973 -0.123648 -0.409765 0.077710 0.186873 0.243051 -0.145082 -0.066722 -0.227970 0.151462 0.072148 0.203515 -0.114193 0.254233 -0.108108 -0.050440 -0.065748 0.156109 0.237024 0.122460 -0.254745 0.122173 0.134548 -0.199013 0.124692 
-0.300044 -0.040920 -0.399912 0.079341 -0.212983 0.134523 0.123454 0.088654 -0.097307 0.229620 -0.010926 0.160347 -0.633261 -0.043884 -0.591240 -0.122984 0.078650 -0.217875 0.090352 0.148058 0.142783 0.014360 -0.091104 0.001212 -0.097500 -0.277966 0.160104 0.069057 0.227435 0.093264 -0.009459 -0.511763 -0.007511 0.011750 0.231022 -0.178497 -0.238044 -0.376087 0.142487 -0.146284 0.102163 -0.033197 0.049110 -0.212017 -0.156997 -0.226952 0.075880 0.389147 0.123883 -0.085649 -0.156338 0.188119 -0.028364 0.186277 
-0.226187 -0.295589 -0.559367 -0.025380 -0.056794 0.200819 0.179819 0.026301 -0.193561 0.335485 0.024445 0.141939 -0.522138 -0.113993 -0.762205 -0.044758 0.135440 -0.105100 0.132798 0.105348 0.055543 -0.103762 -0.060789 0.269599 -0.138827 -0.232424 0.078604 0.195543 0.144032 0.156368 -0.022221 -0.482889 0.064579 -0.044154 0.350490 -0.202266 0.025798 -0.334794 0.172440 -0.011533 0.262935 0.014087 0.278412 -0.246564 -0.154063 -0.001369 0.032004 0.327035 0.096988 -0.101273 0.105122 0.120440 -0.277865 -0.055745 
-0.210793 -0.302682 -0.799451 0.120119 0.133985 0.258623 -0.201436 -0.151364 -0.252987 0.325920 -0.115430 0.363480 -0.439010 -0.554868 -0.819025 -0.217623 -0.046693 -0.193336 0.030838 -0.148766 -0.240195 -0.208146 -0.053990 0.019782 -0.184519 -0.308342 0.479905 -0.018189 0.077983 0.208574 -0.228305 -0.485639 0.117503 -0.281349 0.126604 0.026975 0.211972 -0.178992 0.026125 0.122966 0.106334 0.136362 0.302083 -0.294304 -0.256421 0.168100 0.137476 0.270983 0.061908 -0.203935 -0.076895 -0.057631 -0.285384 -0.076381 
-0.154419 -0.382705 -0.495769 0.075184 -0.140857 0.139203 -0.322221 0.016175 -0.494693 0.181303 -0.066621 0.268538 -0.295963 -0.338850 -0.735145 -0.211208 0.246794 -0.346143 0.028411 -0.232876 -0.179026 -0.078527 -0.277517 0.176898 -0.099651 -0.061126 0.338785 0.079589 0.008039 -0.094410 -0.238012 -0.596836 -0.097262 -0.056056 0.283683 -0.096629 0.160594 -0.405237 0.135763 -0.072912 0.086462 0.014599 0.202642 -0.339169 -0.377310 0.396856 -0.083688 0.547971 0.076906 0.022315 -0.065922 -0.094612 -0.119078 0.034072 
-0.295019 -0.342993 -0.363779 0.129620 -0.189999 0.257412 -0.311714 0.292982 -0.437805 0.613068 -0.107595 0.496535 -0.345696 -0.311696 -0.613157 -0.168641 0.056054 -0.210846 0.242919 -0.184597 -0.128006 0.118354 -0.217347 0.082443 0.084284 -0.024563 0.160563 0.076601 -0.052225 -0.047562 -0.231325 -0.502690 -0.305246 0.101817 0.202510 -0.218359 0.095730 -0.469058 0.227559 -0.260538 -0.004624 0.118325 0.323578 -0.361278 -0.492525 0.505634 0.019172 0.298306 -0.483054 -0.062722 -0.169202 -0.327005 -0.030181 -0.058947 
-0.139785 -0.298932 -0.419060 0.239957 -0.167477 0.234043 -0.511422 0.152433 -0.361123 0.585709 0.010293 0.377006 -0.124406 -0.325867 -0.450491 -0.071709 0.204490 -0.337444 0.343479 -0.200508 -0.263275 0.121280 -0.204816 -0.025352 0.237749 0.088546 -0.000221 0.002476 -0.040229 0.302929 -0.264312 -0.732647 -0.407632 0.293378 0.146737 -0.361381 0.068887 -0.302577 0.121865 -0.150285 0.171953 0.067828 0.315911 -0.426758 -0.705042 0.431015 0.215235 0.188265 -0.295839 -0.119847 0.043212 -0.193989 -0.231813 -0.216975 
-0.156783 -0.166960 -0.424932 0.321263 -0.263739 0.030937 -0.266781 0.191617 -0.453061 0.572961 0.208216 0.099421 -0.138975 -0.169656 -0.458543 -0.219384 0.234212 -0.491029 0.289822 -0.085118 -0.153220 -0.017577 -0.120399 0.003906 0.412258 0.014432 0.075243 -0.014664 0.218794 0.171805 -0.056432 -0.738556 -0.155723 0.061926 0.073049 -0.181329 -0.047089 -0.247264 0.171491 -0.089523 0.438656 0.169422 0.242846 -0.632454 -0.344701 0.421327 0.002360 0.211722 -0.339335 0.027990 -0.186113 -0.011611 -0.197354 -0.360513 
-0.181148 -0.337961 -0.260023 0.179041 -0.184915 0.282791 -0.204835 0.246359 -0.266997 0.403001 -0.087211 0.302690 -0.133635 -0.159601 -0.235487 -0.121619 0.198968 -0.370391 0.241766 -0.126817 -0.332139 -0.010509 -0.075195 0.099274 0.189020 0.155733 0.119949 -0.059955 0.258963 0.058270 -0.005294 -0.841880 -0.103233 -0.011631 0.142262 -0.310355 -0.233132 -0.164437 -0.040250 -0.270817 0.303368 -0.040004 0.145860 -0.376312 -0.343924 0.461517 0.246677 0.310040 -0.220719 -0.014614 -0.197041 -0.062908 -0.264695 -0.493088 
-0.026980 -0.189164 -0.403132 0.094576 -0.196263 0.205057 -0.381049 0.193988 -0.339465 0.286426 -0.247278 0.209501 0.019991 -0.067558 -0.261289 0.039771 -0.067158 -0.522349 -0.045105 -0.175358 -0.108224 -0.158491 -0.096377 0.118750 0.180123 0.108551 0.148006 -0.030135 0.169662 0.009131 0.091743 -0.833804 -0.000697 -0.072644 0.253795 -0.267626 -0.220367 0.026201 -0.048341 -0.342923 0.153188 0.263394 0.171165 -0.444688 -0.448154 0.491730 0.029052 0.183995 -0.317823 -0.021429 -0.172784 -0.047524 -0.383131 -0.344377 
-0.017799 -0.467482 -0.200848 0.058954 -0.303142 0.073352 -0.807724 0.218154 -0.173974 0.179511 -0.172881 0.405330 -0.170386 0.023221 -0.220893 -0.038376 -0.060029 -0.582831 0.186671 -0.325203 -0.190669 -0.022387 0.244620 0.151054 -0.115243 0.144620 0.139704 0.093031 0.114853 -0.156486 0.236680 -0.593924 -0.264461 0.015234 0.130792 -0.057089 0.068678 -0.231187 0.146587 -0.305535 0.320275 0.030188 0.290861 -0.392636 -0.099663 0.391801 -0.148043 0.161394 -0.188160 -0.015527 -0.057072 0.140367 -0.343455 -0.454776 
-0.219583 -0.307383 -0.243710 0.036825 -0.240008 0.078324 -0.645763 0.171356 -0.136210 0.331983 -0.005663 0.605378 -0.033294 0.001464 -0.189677 -0.104825 -0.180744 -0.533831 0.074871 -0.235727 -0.104817 0.163495 0.095103 0.361744 0.069680 0.103436 0.244695 0.095628 -0.021565 -0.005657 0.170542 -0.627807 -0.175435 0.031814 -0.131173 0.060560 0.035860 -0.215324 0.182653 -0.059018 -0.026575 0.029458 0.318229 -0.103513 -0.173915 0.359874 -0.206903 -0.171566 -0.236190 0.086270 -0.237433 -0.006558 -0.561525 -0.107201 
-0.213053 -0.185956 -0.142582 0.116235 -0.206865 -0.136248 -0.474984 0.149994 -0.372584 0.511560 -0.010528 0.353745 0.101457 0.111299 -0.233808 -0.145364 0.090599 -0.459658 0.264703 -0.081317 -0.047592 0.015134 -0.000457 0.041409 -0.018060 0.184584 0.217634 0.043710 -0.110650 -0.166976 0.082879 -0.512216 -0.141608 -0.155894 -0.057887 -0.330867 0.133484 -0.180691 0.136072 -0.339179 -0.134647 -0.003132 0.121628 -0.113705 -0.108901 0.039957 -0.401673 -0.128112 -0.311085 0.147838 0.034372 0.115395 -0.254395 -0.091427 
0.020152 -0.403278 -0.372508 -0.061100 -0.127773 -0.090789 -0.543170 -0.097758 -0.104308 0.201843 0.007015 0.440823 0.065756 -0.070035 -0.460395 -0.100148 0.065959 -0.294632 0.231230 -0.272995 -0.053909 -0.068267 0.111426 0.161897 0.180166 0.425105 0.144748 -0.059084 -0.175731 -0.040479 -0.110620 -0.262610 0.068754 -0.079770 0.038614 -0.153001 -0.031362 -0.291955 0.047541 -0.109526 -0.017431 0.032391 -0.088402 -0.241460 0.022251 0.186322 -0.337071 -0.123739 -0.020967 0.261464 0.223025 -0.097503 -0.567544 -0.183300 
0.179760 -0.421460 -0.266128 0.026787 -0.107840 -0.035076 -0.482455 0.157046 -0.041391 0.194593 -0.089559 0.176162 0.340474 -0.140446 -0.066134 -0.037884 -0.060540 -0.160479 0.117312 -0.199924 -0.124125 -0.223729 0.022233 -0.030476 0.352524 0.328460 0.128707 -0.039635 -0.286914 -0.178664 -0.169982 -0.443795 -0.238315 0.014647 0.077415 -0.005031 0.137919 -0.317315 -0.146773 0.140262 -0.193480 -0.012864 -0.040912 0.118765 -0.042698 0.080814 -0.577079 -0.076279 -0.212923 0.223976 0.165862 -0.032472 -0.429466 -0.219785 
0.138700 -0.141686 0.139550 -0.154047 -0.185903 -0.167997 -0.405909 0.087177 0.170349 0.204796 -0.103056 0.074468 0.421754 -0.043231 -0.394981 -0.222383 -0.105865 -0.186083 0.025232 -0.334825 -0.189978 0.007868 -0.114661 -0.059337 0.319387 0.488507 0.328112 0.047464 -0.291351 -0.185292 -0.332757 -0.149604 -0.308886 -0.211355 0.153430 -0.262726 0.119317 0.004483 0.057624 -0.058065 -0.472117 0.149610 -0.117605 0.016987 0.091985 0.160253 -0.549479 0.190165 -0.047648 0.377125 -0.072296 -0.173022 -0.371749 -0.136432 
0.075601 -0.003027 0.035362 -0.222378 -0.095821 -0.050423 -0.533685 0.208487 0.079225 0.083313 -0.001128 0.039922 0.504800 -0.089811 -0.538893 -0.110370 -0.085949 -0.053816 -0.098664 -0.285686 -0.250364 -0.135652 -0.098607 0.149532 0.183970 0.249172 0.335354 0.047962 -0.207476 -0.195606 -0.359778 0.005392 -0.257070 -0.055170 -0.091811 -0.018935 -0.147293 -0.039098 -0.089830 0.146392 -0.224188 0.079687 0.045736 0.130914 0.185604 0.208794 -0.215738 -0.066003 -0.281538 0.320918 -0.094580 -0.136535 -0.067956 0.194918 
0.163864 0.203722 0.207487 -0.073627 0.070924 -0.251861 -0.413698 0.008567 0.072510 0.079792 0.110580 -0.298757 0.382581 -0.197362 -0.476137 -0.047014 -0.308072 0.240623 -0.302329 -0.331736 -0.043834 0.028422 -0.330446 0.025375 0.384050 0.383179 0.509051 -0.068701 -0.144857 0.083391 -0.370113 0.097565 -0.057229 -0.232053 -0.054715 -0.147802 -0.224906 0.028874 -0.118304 -0.009343 -0.226147 0.028473 -0.186788 -0.098385 0.011338 0.277216 -0.461396 -0.088513 -0.012814 0.488821 -0.019127 0.006674 0.022431 0.206661 
-0.029710 0.114727 0.184233 -0.118658 0.302400 -0.200777 -0.402448 0.026079 0.039116 0.086501 -0.016807 -0.221690 0.548031 -0.111854 -0.465293 -0.034495 -0.390249 0.345698 -0.484947 -0.338846 -0.183620 -0.033930 -0.028346 0.074653 0.296783 0.341772 0.639915 0.035706 -0.299230 -0.132148 -0.208830 0.567429 0.000926 -0.080350 0.171999 0.023496 -0.127488 -0.018049 0.027166 0.204743 -0.264477 -0.201543 -0.166779 0.061408 0.076984 0.143352 -0.392841 0.285604 0.071780 0.156910 0.271361 0.008766 -0.130914 0.169794 
-0.080107 0.101064 0.148237 -0.007312 0.402183 -0.223905 -0.407564 -0.176515 0.222932 -0.100490 -0.186159 -0.286157 0.621565 -0.104492 -0.261820 -0.105928 -0.344813 0.027967 -0.244658 -0.171807 -0.021694 -0.191629 0.141236 0.045458 0.209551 0.300865 0.626259 -0.109395 -0.261574 -0.194554 -0.288503 0.681785 0.269619 -0.281344 -0.023299 0.009151 0.040065 -0.025736 0.149336 0.314819 -0.077828 -0.022891 -0.258149 0.149427 0.396014 0.176243 -0.380911 -0.043858 0.194013 0.458581 0.473951 -0.027891 -0.145735 0.517743 
-0.055593 0.274692 0.324600 -0.125632 0.365737 -0.351111 -0.481215 -0.253181 0.284875 -0.147995 -0.111000 -0.370588 0.462655 0.288390 -0.306883 0.047738 -0.314965 0.017066 -0.404595 -0.219081 -0.101580 0.124368 0.067969 -0.250065 0.325579 0.253041 0.731523 -0.089194 -0.219862 -0.253083 -0.396812 0.504466 0.006585 -0.169997 -0.156064 -0.051949 0.091728 0.346681 0.039411 0.307476 -0.235554 -0.177518 -0.284283 0.208318 0.431366 0.276294 -0.444045 -0.070320 0.181029 0.215444 0.056005 -0.154541 -0.375159 0.366968 
-0.145058 0.182153 0.157283 0.025025 0.507472 -0.105321 -0.230809 0.048785 0.152538 -0.073854 -0.310666 -0.498000 0.341864 0.024657 -0.276813 -0.139273 -0.430502 0.195388 -0.308111 -0.209771 -0.053330 -0.072342 -0.109504 0.124474 -0.032957 0.282931 0.446975 0.016415 -0.322709 -0.212798 -0.157891 0.795993 -0.090625 -0.053090 -0.293206 0.055156 -0.072547 0.368764 0.044102 0.234145 -0.239573 0.067153 -0.524074 0.137205 0.082552 0.326557 -0.438502 0.064735 0.208702 0.502669 0.197836 0.046634 -0.137578 0.525857 
0.058704 0.249039 0.254113 -0.195650 0.401798 -0.395257 -0.532082 -0.054146 0.156220 -0.132480 -0.373370 -0.358547 0.558569 0.029097 -0.106981 0.040263 -0.182388 0.534380 -0.347435 -0.346821 -0.286592 0.107277 -0.128462 -0.105905 0.032062 0.424059 0.445349 0.101601 -0.392939 -0.333371 -0.228506 0.670736 0.021487 0.125825 -0.320181 0.038044 -0.102424 0.267883 0.092705 0.328691 -0.206358 -0.100920 -0.428778 0.277078 0.241139 0.276040 -0.108244 -0.054171 0.057227 0.408750 0.148620 -0.033977 -0.272243 0.433807 
0.140752 0.245925 0.263019 -0.095014 0.374010 -0.485876 -0.459164 -0.171706 0.258508 -0.016766 -0.220204 -0.425125 0.523919 -0.115302 -0.114301 0.250421 -0.521928 0.457364 -0.174905 -0.096193 -0.173679 0.040503 -0.079807 0.069566 -0.021556 0.309641 0.241765 0.393602 -0.407372 0.014934 -0.283941 0.829544 -0.138025 0.303765 -0.392416 0.094412 -0.081895 -0.009259 -0.006079 0.261003 0.000566 0.122125 -0.378168 0.408122 0.143450 0.177026 0.055080 0.310104 0.064287 0.310642 -0.089940 -0.128503 -0.106320 0.264509 
0.090152 0.099318 0.498575 -0.043822 0.200576 -0.354367 -0.142644 -0.217182 0.268070 -0.119660 -0.410371 -0.514560 0.423436 -0.115650 -0.041629 0.065773 -0.486767 0.483120 -0.160861 -0.209234 -0.228161 0.182469 -0.245155 0.144547 -0.036710 0.261144 0.295954 0.263152 -0.532289 0.006146 -0.287398 0.559599 -0.126440 0.139711 -0.438155 -0.152646 -0.335316 0.099389 -0.255200 0.687002 -0.203841 0.335463 -0.270968 0.308146 0.068688 0.082808 -0.111269 0.139178 -0.292819 0.231819 -0.180606 0.123696 -0.097298 0.340236 
-0.092729 0.079248 0.395310 -0.223751 0.406230 -0.255710 -0.095508 -0.415895 0.229388 -0.282003 -0.434630 -0.263873 0.326612 -0.029091 0.159278 -0.062623 -0.410511 0.480217 -0.331894 0.047388 -0.066532 0.035383 -0.241984 0.049332 0.034474 0.343555 0.135277 0.402716 -0.584488 -0.056623 -0.083194 0.358402 0.060708 0.332673 -0.276795 0.060096 -0.230462 0.408913 -0.236459 0.466739 -0.210749 0.263304 -0.255809 0.471913 -0.013315 -0.216542 -0.019950 -0.095947 -0.484322 0.125011 -0.457209 0.587743 -0.032242 0.621635 
-0.273727 -0.031441 0.646972 -0.252449 0.245847 -0.326367 -0.012833 -0.461158 0.392916 -0.040947 -0.318081 -0.138661 0.291398 0.160666 0.067782 0.057555 -0.329254 0.323861 -0.338161 0.000705 -0.242356 0.108170 0.011321 0.062980 0.035682 0.309669 0.048547 0.098053 -0.438905 0.011095 -0.051324 0.219651 0.032214 0.157106 -0.366486 -0.026979 -0.557490 0.466412 -0.256716 0.620683 -0.206136 0.248096 -0.264788 0.512284 -0.463628 -0.275694 0.109293 0.063791 -0.342058 0.356374 -0.569018 0.639598 0.092224 0.525324 
-0.160318 -0.071155 0.485666 -0.130991 0.067853 -0.162506 0.037911 -0.553589 0.344162 -0.105416 -0.425461 -0.190832 0.534914 -0.095154 0.081789 0.029730 -0.256691 0.427060 -0.122042 0.093902 -0.294494 0.126333 -0.201085 0.291661 0.127335 0.149179 0.190803 0.165033 -0.548741 -0.228585 -0.050688 0.269785 0.088356 0.191985 -0.277960 0.052195 -0.288325 0.394021 -0.119697 0.300925 -0.089231 0.415967 -0.187814 0.462024 -0.612217 -0.098065 -0.127553 -0.010497 -0.413267 0.274372 -0.374351 0.311936 0.203295 0.323758 
-0.146934 -0.275396 0.401402 -0.146774 0.010665 0.047254 0.192223 -0.217200 0.253048 -0.017048 -0.425259 -0.253212 0.436894 -0.110172 0.018652 -0.160904 -0.177825 0.525479 -0.099715 0.049194 -0.210684 0.353259 -0.375200 0.175334 -0.043277 0.033616 0.001059 0.131697 -0.445893 -0.342580 -0.254297 0.332285 0.438610 0.402386 -0.389666 -0.134639 -0.241616 0.113116 -0.081146 0.268838 0.012859 0.002373 -0.092066 0.500565 -0.680874 -0.293381 0.042081 0.018683 -0.543966 0.093560 -0.122037 0.063936 0.386528 0.460240 
-0.302322 -0.237229 0.122065 0.011492 0.041930 0.181994 0.157503 -0.026982 0.053459 0.181045 -0.183828 -0.192493 0.416499 -0.033982 0.038880 0.104844 0.057564 0.767729 -0.131565 0.162249 -0.301821 0.418643 -0.259562 0.354008 0.035548 0.004669 0.088869 0.181598 -0.350186 -0.311945 -0.103701 0.418023 0.259592 0.293197 -0.154711 -0.033511 -0.467486 0.040373 -0.260394 0.013554 -0.323461 0.124515 0.001134 0.526671 -0.631047 -0.155006 0.045375 0.192020 -0.340208 0.005908 -0.033144 0.219324 0.513888 0.273894 
-0.280452 -0.285577 0.254372 0.005937 -0.001820 0.252343 0.235209 -0.042087 0.169955 0.237901 -0.216724 -0.071506 0.263185 0.175030 0.011873 0.352014 0.308739 0.556170 0.106510 0.027079 -0.152446 0.640402 -0.272646 0.323865 -0.076039 -0.010962 0.041548 -0.051207 -0.142603 -0.179049 -0.090820 0.393312 0.026477 0.241850 -0.286450 -0.096167 -0.270386 -0.004730 -0.195710 0.016205 -0.348983 0.313536 -0.164364 0.525075 -0.252805 -0.260248 -0.009250 0.032379 -0.450465 0.014917 0.128916 0.270683 0.780378 0.507039 
-0.447499 -0.077578 -0.008721 -0.036992 -0.095777 0.075536 0.234362 -0.093875 0.326522 0.136262 -0.397771 -0.077443 0.248706 0.561999 0.085855 0.559003 0.387788 0.493430 -0.108375 0.149873 -0.179372 0.420630 -0.391539 0.466500 -0.290765 0.106290 -0.100255 0.133388 -0.181291 -0.200171 0.057644 0.640012 -0.061488 -0.018267 -0.216001 0.098660 -0.290008 0.193526 -0.278587 -0.155969 -0.428353 0.201321 0.058904 0.384929 -0.097113 -0.160117 0.036222 -0.205899 -0.234505 -0.431644 0.183479 0.251394 0.684995 0.418256 
-0.460403 -0.394188 0.137159 0.022125 -0.249783 0.069864 0.203243 -0.049810 0.094136 0.021058 -0.364775 0.236811 0.370715 0.530286 0.095558 0.600026 0.395565 0.169366 -0.074584 0.178203 -0.191686 0.162223 -0.327985 0.276364 0.110264 0.086303 0.084560 -0.167076 0.127645 -0.041964 0.102765 0.597312 0.123310 -0.009058 -0.199203 0.143719 0.038191 0.281120 -0.262580 -0.343488 -0.368548 0.318654 0.027961 0.295339 -0.443396 -0.282835 0.114467 -0.208465 -0.443860 -0.171832 0.357072 0.288803 0.913024 0.372126 
-0.248208 -0.472993 0.111718 0.205074 -0.148888 0.013983 0.208018 -0.048241 0.092681 -0.089052 -0.511581 0.245044 0.393089 0.524265 0.118933 0.462525 0.617670 0.120383 -0.161410 0.177331 -0.497747 0.222987 -0.249334 -0.037387 -0.079231 -0.003371 -0.048862 -0.267015 0.210684 -0.143910 -0.016129 0.302472 0.364049 -0.152478 -0.291557 -0.055145 0.006796 0.530776 -0.165152 -0.678081 -0.232868 0.046809 0.145481 -0.017339 -0.240535 -0.373566 -0.136347 -0.111845 -0.251007 -0.000305 0.217686 0.006019 0.575735 0.099015 
0.133209 -0.305145 0.334279 0.029236 -0.147448 0.078864 0.092003 0.075143 0.087035 0.177734 -0.149638 0.249941 0.568525 0.347871 0.151825 0.262386 0.476683 0.176779 0.031826 0.196124 -0.404002 0.078140 -0.149934 -0.313702 0.118619 0.272298 -0.073186 -0.286140 0.077368 0.089825 -0.077909 0.212869 0.417931 -0.184452 -0.439178 0.066753 0.281218 0.613140 -0.163085 -0.720298 0.012566 -0.028640 0.268577 -0.047208 -0.026414 -0.480128 -0.117596 -0.298586 -0.183645 -0.013463 0.026139 -0.032282 0.405542 0.278252 
0.191062 -0.372833 0.326805 0.073632 -0.164332 -0.126903 0.111422 0.224314 -0.070119 0.179357 -0.217752 0.317210 0.288624 0.600427 0.321475 0.264087 0.170464 0.130157 0.080115 0.231383 -0.249577 -0.152902 0.027866 -0.233503 0.209669 0.478309 -0.119371 -0.294277 0.371271 0.477148 -0.005290 0.191226 0.852538 -0.139342 -0.335757 -0.143397 0.147122 0.694131 -0.017253 -0.895879 0.050149 0.133118 0.392372 -0.053553 0.149471 -0.306209 0.134019 -0.097298 -0.014760 0.419253 0.002333 -0.381744 0.013922 0.473768 
0.216953 -0.277094 0.146244 0.260465 0.074733 -0.219027 0.058814 0.340329 -0.139391 0.008006 0.184761 0.255365 0.365865 0.666209 0.020215 -0.090722 0.531749 0.150746 0.267143 0.131170 -0.366136 -0.123587 0.473835 -0.468941 0.413593 0.482100 -0.421297 -0.346871 0.171797 0.386411 -0.097320 0.137971 0.825109 -0.227192 -0.524158 -0.231742 0.404338 0.673537 -0.123298 -0.662742 0.206847 0.225628 0.487367 -0.108025 0.175552 -0.288930 0.209389 -0.181919 -0.122102 0.324894 -0.071299 -0.455267 -0.394516 0.726137 
0.362457 0.087585 0.109560 0.240173 0.090926 -0.202811 -0.077955 0.303219 -0.325910 0.084555 0.037473 0.271926 0.256260 0.583233 0.246880 -0.187239 0.567800 0.000761 0.033740 0.437947 0.012788 -0.239685 0.494040 -0.422642 0.294408 0.478678 -0.481946 -0.537331 0.294150 0.204370 -0.217865 0.224532 0.958080 -0.088926 -0.283111 -0.083707 0.171884 0.910896 -0.101028 -0.416085 -0.043637 0.158172 0.294210 -0.398527 0.223775 -0.416379 0.141516 -0.262732 0.029490 0.590278 -0.156835 -0.198965 -0.645043 0.525994 
0.625292 0.250717 0.177887 0.432570 0.056891 -0.380272 -0.277278 0.282793 -0.343030 -0.035252 0.333688 0.172666 0.124400 0.755327 0.103285 -0.539850 0.498215 -0.066571 0.065028 0.326579 0.172736 -0.134560 0.858584 -0.618915 0.356499 0.720473 -0.514985 -0.606972 0.074094 -0.056479 -0.167863 0.040149 1.070141 -0.175689 -0.160812 -0.188989 0.348267 0.753145 0.010261 -0.333995 0.214431 -0.075685 0.458093 -0.605771 0.196639 -0.522486 0.537026 -0.083335 -0.007094 0.649238 -0.164671 -0.208054 -1.002184 0.414136 
0.799771 0.453989 0.317285 0.169608 0.287575 -0.269876 -0.181139 0.571875 -0.289815 -0.259395 0.377343 0.231485 -0.204939 0.666434 0.220747 -0.741176 0.353422 -0.032550 0.102162 0.166358 0.225241 0.098400 0.750231 -0.649308 0.280428 0.396734 -0.473139 -0.490406 -0.171160 -0.212060 -0.049516 0.092853 0.832529 -0.057236 0.074702 -0.173412 0.104051 0.505358 0.351987 -0.642752 0.249863 -0.176710 0.191741 -0.642066 0.372062 -0.374273 0.216547 -0.140303 -0.000634 0.609024 0.302326 0.149563 -0.800684 -0.016261 
0.826264 0.769512 0.334563 0.036852 0.231542 -0.087381 0.168912 0.312773 -0.461742 -0.287096 0.678208 0.277869 -0.064953 0.435890 0.259803 -0.745060 0.294038 -0.029139 0.074117 0.141911 0.336593 0.345177 0.473383 -0.656870 0.368033 0.460317 -0.262472 -0.354473 -0.287766 -0.228603 0.291520 -0.126065 0.661444 0.067424 0.452682 -0.228587 -0.247906 -0.108177 0.164460 -0.265928 0.105818 -0.020706 0.292405 -0.938187 0.112700 -0.306447 0.545666 -0.160111 -0.057745 0.591131 0.136011 0.306913 -0.712017 -0.397661 
0.575600 0.696860 0.440328 -0.001084 -0.156763 -0.103738 0.343470 0.163884 -0.161653 -0.162641 0.592446 0.142779 -0.055076 0.094029 0.219175 -0.789104 0.090764 0.045452 0.055008 0.375397 0.264004 0.432637 0.148686 -0.592321 0.230634 0.147690 -0.365904 -0.054356 -0.428332 -0.296748 0.254395 -0.086697 0.277685 0.061556 0.146622 -0.267949 -0.553377 -0.433650 0.343190 -0.046316 0.234216 0.087850 0.318208 -0.889934 0.211088 -0.274124 -0.000027 -0.190563 -0.209957 0.562620 0.259329 0.271009 -0.201910 -0.554926 
0.367745 0.286846 0.299382 0.237111 0.080200 -0.222457 0.258083 -0.215521 -0.186577 -0.034370 0.440997 0.097884 -0.065293 -0.446322 0.101006 -0.650849 -0.252402 0.350310 -0.003812 -0.031128 0.208257 0.167611 0.028713 -0.266297 -0.042111 0.018560 -0.361726 0.114753 -0.202388 -0.529916 0.198015 -0.082607 0.055744 0.021960 0.153794 -0.149389 -0.134848 -0.342367 0.284183 0.189569 0.184789 -0.012945 0.026355 -0.511999 0.365848 -0.130701 -0.282781 -0.052355 0.022386 0.551435 0.250673 0.127874 0.154415 -0.381196 
0.355889 -0.056804 0.263487 0.250556 -0.155294 0.007554 0.366346 -0.403263 0.155306 -0.085063 0.571875 0.059837 -0.102284 -0.702964 -0.120952 -0.221649 -0.539734 0.089628 -0.023132 0.070718 0.390679 0.023454 -0.242825 -0.238170 -0.029611 0.099646 -0.371046 0.267169 -0.427370 -0.710381 0.357917 0.144069 -0.108168 0.150044 -0.095011 -0.114980 -0.312190 -0.556870 0.334462 0.535458 0.100320 -0.097856 0.295364 -0.514122 0.094245 -0.340440 -0.411697 -0.336738 -0.031885 0.733727 0.311747 0.234418 0.304685 -0.525164 
-0.057357 -0.433807 0.247566 0.238714 -0.352530 0.010990 0.444759 -0.337967 0.537037 -0.053436 0.427796 0.007296 -0.168547 -0.570040 -0.017386 0.175484 -0.641515 0.029485 -0.222684 -0.019677 0.327720 -0.218105 -0.124054 0.219946 -0.007364 0.033817 -0.757521 0.178586 -0.245564 -0.663203 0.289813 0.088840 -0.245742 0.101483 -0.191368 0.149032 0.134021 -0.246018 0.253754 0.910912 0.107631 -0.196471 0.173420 0.097723 0.343955 0.017121 -0.810918 -0.396809 0.299421 0.829370 0.258302 0.149985 0.692944 -0.266772 
-0.217197 -0.665244 0.035079 0.127190 -0.572832 0.103556 0.294462 -0.504415 1.005727 0.002659 0.300594 0.079958 -0.462925 -0.501963 -0.319108 0.459257 -0.425487 -0.182390 -0.370139 0.048455 0.498045 -0.381024 -0.091155 0.479736 -0.230888 0.123249 -0.627573 0.464240 -0.115777 -0.379115 0.181149 0.167081 -0.451326 0.157945 -0.288819 0.169251 0.448367 -0.182887 0.127993 0.969312 0.159357 0.144034 0.094228 0.638639 0.090784 -0.265333 -0.870023 -0.543201 0.180688 0.537190 0.094621 0.018333 0.732213 0.057576 
-0.106196 -0.601202 -0.171368 0.286498 -0.721484 -0.109131 0.018107 -0.487013 1.105774 0.031728 0.083134 0.084453 -0.543837 -0.404346 -0.475464 0.667320 0.034444 -0.352824 -0.154351 -0.025128 0.567670 -0.296885 0.054938 0.589101 0.077068 0.295259 -0.682969 0.405432 -0.013094 -0.024419 -0.026669 0.066061 -0.229008 0.242348 0.080341 0.457180 0.685600 0.259542 -0.141551 1.081767 0.231405 0.272218 -0.113015 0.969054 -0.040051 -0.270249 -0.612575 -0.382998 0.195806 0.672576 -0.248971 -0.227610 0.441012 0.179249 
-0.091135 -1.034797 -0.262181 0.097049 -0.848124 -0.539512 -0.567639 -0.354222 0.735328 -0.022004 -0.106001 0.102305 -0.743435 -0.521630 -0.343754 0.861968 0.143588 -0.021248 -0.111036 0.066033 0.483711 -0.271641 0.130760 0.396477 -0.084717 0.038928 -0.429007 0.349823 0.159969 0.170169 0.147518 0.292649 -0.214922 0.220320 0.335200 0.347896 0.582997 0.238409 -0.506408 0.795910 0.464038 0.225910 -0.138821 0.746454 -0.365029 -0.561449 -0.232047 -0.335838 0.108643 0.558536 -0.374135 -0.243856 0.166802 0.281497 
-0.217635 -0.562492 -0.243495 0.316464 -0.537729 -0.560844 -0.697898 -0.381961 0.313460 -0.006563 -0.258063 -0.197259 -0.486754 -0.405492 -0.320410 0.573773 0.323176 0.055891 -0.222708 -0.043421 -0.000172 -0.119836 0.018786 0.351101 -0.297788 0.126306 -0.144690 0.294728 0.462277 0.183242 0.236694 0.216074 -0.370572 0.455758 0.886888 0.198618 0.417915 0.190952 -0.528731 0.157434 0.169102 0.200643 -0.299128 0.174064 -0.786844 -0.533142 0.516439 0.136641 0.216927 0.296380 -0.333958 -0.262241 -0.060621 0.144485 
-0.370702 -0.169072 0.046979 0.276103 -0.212656 -0.563038 -0.535933 -0.095434 -0.313637 -0.043389 -0.593207 -0.259142 -0.237471 0.066419 0.000849 0.722018 0.169208 0.205342 -0.383869 -0.044485 -0.339306 0.049126 -0.204961 0.198239 -0.653171 -0.046849 -0.250999 0.045688 0.495323 0.377027 -0.105321 0.453323 -0.565207 0.214432 1.254376 0.321393 0.190200 0.268620 -0.120706 -0.325149 -0.086116 0.204098 -0.403141 -0.268944 -0.498582 -0.363313 0.778684 0.321625 0.011241 -0.024687 -0.078576 -0.324755 -0.259734 -0.489581 
-0.578921 0.437314 -0.037845 0.067699 -0.101060 -0.347884 -0.163967 0.147160 -0.758896 -0.074952 -0.955594 -0.187288 0.059200 0.261604 -0.014743 0.451496 -0.187669 0.190355 -0.207968 -0.137019 -0.388017 -0.325551 -0.349940 -0.027754 -0.831269 -0.113238 -0.087301 -0.091689 0.399262 0.481733 -0.232554 0.280227 -0.980937 0.272529 1.181217 0.176725 -0.066139 -0.255011 0.136912 -0.699063 -0.707923 0.024127 -0.380333 -0.478255 -0.245365 -0.037787 0.613573 0.629092 0.040932 -0.568969 0.183690 0.100039 -0.228994 -0.650290 
-0.492860 0.755991 0.122679 -0.064665 0.140393 -0.174285 0.336569 0.460647 -0.577724 -0.062209 -0.735390 -0.160567 0.059517 0.266762 0.129982 0.463352 -0.169148 0.308510 -0.011768 -0.129219 -0.406424 -0.141641 -0.488318 0.141122 -0.974612 -0.103967 -0.177814 -0.264747 0.376211 0.593588 0.074121 0.391708 -0.636679 -0.178767 0.603067 -0.052425 -0.460560 -0.479704 0.183102 -0.761787 -0.637384 -0.123855 -0.399337 -0.537667 -0.127680 0.157816 0.677014 0.348778 0.202985 -0.603943 -0.006002 0.169143 0.312149 -0.541397 
-0.357031 0.704829 0.121602 -0.393397 -0.149509 -0.071710 0.647671 0.367715 -0.522599 -0.000087 -0.259648 -0.267028 -0.161758 0.255494 0.221865 0.208237 -0.293295 0.532023 -0.232708 -0.105026 -0.345349 -0.111208 -0.367235 0.023693 -0.719414 -0.114603 0.051839 -0.105232 0.200087 0.463438 0.071575 0.021575 0.010396 0.164762 -0.029057 0.026232 -0.685905 -0.909566 -0.009643 -0.242255 -0.460315 -0.132899 -0.206432 -0.460060 0.332774 0.121507 0.338325 0.338012 0.021488 -0.500982 -0.073519 0.600775 0.448523 0.013608 
-0.028322 0.747072 0.311791 -0.356337 -0.058037 -0.058252 0.395570 0.259383 -0.149573 -0.137206 0.126252 -0.171422 0.112938 0.191952 -0.132961 -0.017724 -0.331448 -0.048928 -0.154934 -0.060267 -0.383196 -0.147970 0.312822 0.085165 -0.787838 -0.150801 0.123790 -0.253477 -0.020697 0.307603 0.174468 -0.037282 0.405201 0.100202 -0.129094 0.164235 -0.440673 -0.863993 -0.043401 -0.215039 -0.013918 -0.223466 -0.190467 0.233799 -0.159668 0.147852 0.319109 0.145671 -0.156729 -0.348590 -0.538348 0.305790 0.668491 0.362360 
0.077051 0.746936 0.257971 -0.443635 -0.517070 0.081913 0.076426 0.182996 0.045525 -0.129567 0.695636 -0.149118 0.308655 0.006616 -0.333048 -0.369013 -0.389160 -0.174395 -0.166993 0.172000 -0.145285 -0.456564 0.499213 -0.077350 -0.571541 0.028145 0.203888 -0.328850 -0.398703 0.320825 0.181808 -0.177125 0.269742 -0.006862 -0.354308 0.141304 -0.225814 -0.670630 -0.171396 0.067793 0.200099 -0.297466 -0.047589 0.389773 0.021706 0.374777 0.091205 0.238038 -0.160720 -0.139696 -0.705846 0.006904 0.294051 0.504514 
0.197269 0.232186 0.266651 -0.276135 -0.240911 0.298395 -0.034525 -0.055682 0.040982 -0.014312 0.774201 0.080003 0.315346 -0.003017 -0.077528 -0.611433 -0.310452 0.283845 -0.208955 0.049341 0.063209 -0.411785 0.485737 -0.020520 -0.854816 -0.134295 0.441566 -0.023133 -0.558996 0.289299 0.021214 -0.073462 -0.027396 -0.056300 -0.454181 0.080418 0.163806 -0.193823 -0.332492 -0.028782 0.048246 -0.172776 -0.091983 0.234081 0.146633 0.221187 -0.117654 0.456589 -0.070621 0.176444 -0.261703 -0.361858 0.026372 0.496580 
0.163169 -0.592549 -0.039813 -0.398637 -0.145854 0.130141 -0.085560 -0.284943 -0.152228 -0.104848 0.899957 0.201287 0.549944 0.143961 0.100554 -0.770145 -0.202840 0.612008 -0.226045 -0.109734 -0.007793 -0.032856 0.355348 -0.388018 -0.425469 -0.081524 0.048500 0.240728 -0.264320 -0.056731 0.039260 -0.215446 -0.252666 -0.043202 -0.292707 0.024764 0.016571 0.354533 0.022697 -0.000121 0.183080 -0.050047 0.358921 0.165140 0.524619 0.071547 0.002879 -0.010436 -0.203192 0.089741 0.728161 -0.092627 -0.172585 0.490914 
0.071177 -0.945851 -0.379732 -0.677649 0.301857 0.271777 -0.141259 -0.255459 -0.377381 0.008003 0.518957 0.288266 0.429692 0.272411 0.259973 -0.733188 0.029717 0.734823 -0.084379 -0.283002 0.148731 0.280802 0.326969 -0.341838 -0.014316 -0.139624 0.167975 0.121884 -0.328239 -0.515237 -0.020754 0.097835 -0.066647 -0.186632 0.133026 -0.059496 0.314033 0.576090 0.304723 0.014279 0.261391 0.311785 0.433690 0.356731 0.634961 -0.186749 -0.164749 -0.177800 0.095183 0.045363 1.038936 0.399899 0.003745 0.133304 
0.218320 -0.418447 -0.532315 -0.573349 0.343451 0.323166 -0.016197 -0.151049 -0.369482 0.048978 -0.187626 0.556151 0.217728 0.064239 0.273133 -0.708417 0.289497 0.045656 0.224883 -0.345816 -0.218884 0.127785 0.303726 -0.118941 0.357104 0.000215 0.122230 -0.104554 -0.037690 -0.597083 0.108557 0.153959 -0.127620 -0.291247 0.406010 -0.224792 0.453169 0.687947 0.407288 -0.038314 0.368733 -0.104099 0.217406 0.277780 0.277142 -0.561626 -0.184110 -0.280599 0.215915 -0.143071 0.244582 0.173992 -0.085416 -0.588199 
0.180237 -0.090201 -0.470187 -0.415234 0.206408 -0.163235 -0.062399 0.088935 -0.160214 0.021747 -0.594595 0.324591 0.011183 -0.105827 0.160975 -0.359628 0.676605 -0.161133 0.493069 -0.216193 -0.178146 0.114773 0.331390 0.111194 0.807533 0.001742 -0.075099 -0.284254 0.071078 -0.188124 -0.125214 0.107186 -0.049515 0.099545 0.397179 -0.180831 0.578812 0.249413 0.264885 0.049069 0.291842 -0.079648 0.193519 0.005162 -0.377925 -0.389896 -0.348087 -0.178034 0.256067 0.001710 -0.326983 -0.039154 -0.251836 -0.773868 
0.173560 0.246465 -0.400994 -0.528862 0.474343 -0.379476 -0.072365 0.386758 -0.051545 0.008570 -0.381724 0.282565 -0.008047 -0.345084 0.255450 -0.019774 0.591659 -0.366427 0.660789 -0.048719 -0.101977 0.347553 0.033110 0.246962 0.601782 0.054223 -0.088576 -0.209034 0.506994 0.050041 -0.593262 0.243815 0.012330 0.121579 0.312509 -0.145951 0.365412 0.039544 0.008893 -0.008638 0.345539 0.234136 -0.141205 0.055431 -0.771874 -0.210122 -0.361222 0.027986 0.031865 0.097151 -0.449495 -0.178148 -0.169503 -0.518929 
-0.032657 0.334124 -0.014739 -0.552152 0.235985 -0.658831 -0.086139 0.226865 0.010666 0.032045 -0.265185 -0.150665 0.031464 -0.199378 0.296771 0.538294 0.284034 -0.171350 0.395165 0.289992 0.262682 0.578433 -0.287727 -0.112913 0.720375 -0.187344 0.270365 -0.097598 0.315049 -0.146510 -0.926925 0.400762 0.190189 0.105583 -0.230602 -0.304239 0.522195 -0.199654 0.010589 0.207732 -0.116075 0.292026 -0.529509 0.282903 -0.396722 0.294704 -0.025295 -0.000953 0.103230 0.283834 -0.272730 -0.327159 -0.375839 -0.109295 
-0.181365 0.018599 0.139996 -0.438697 0.109900 -0.470358 0.235017 0.322993 0.121045 0.032721 -0.001566 -0.264730 -0.210820 -0.034114 0.276127 0.547502 -0.141107 0.108956 -0.204990 0.752313 0.324964 0.918263 -0.480354 -0.021228 0.720060 -0.369451 0.548880 0.300888 0.478755 -0.392590 -0.906126 0.131115 0.446131 0.302047 -0.487888 -0.254945 0.260209 -0.295355 0.428104 0.078214 -0.281466 0.226130 -0.594489 0.643862 0.198155 -0.074214 0.372297 -0.045249 0.298962 0.123146 -0.224576 -0.261385 -0.531232 0.018675 
-0.079477 0.197400 0.404756 -0.510814 -0.094273 -0.215849 0.289357 0.158913 0.208824 -0.001372 0.260506 -0.177275 -0.631677 0.133689 -0.085845 0.685524 -0.259048 -0.113620 -0.400153 0.802739 0.211783 0.924150 -0.302921 0.123960 0.676022 -0.297346 0.506785 0.255941 -0.034379 -0.478191 0.030070 -0.290026 0.450164 0.350793 -0.482527 -0.187028 0.034683 -0.048729 0.251415 -0.084543 -0.276448 0.186769 -0.261350 0.268115 0.042547 0.024870 0.611568 -0.158380 -0.114818 -0.323564 -0.040061 0.108829 -0.539812 0.304927 
0.235078 0.616382 0.363329 -0.225330 -0.271807 0.244062 0.280668 0.268864 0.182081 0.137359 0.301616 -0.366220 -0.597358 0.358972 -0.371841 0.702015 -0.064254 -0.303324 -0.607478 0.284965 -0.052797 0.611967 0.076598 0.035084 0.494363 -0.245256 0.174506 -0.364502 -0.266362 -0.614325 1.139331 -0.625582 0.090540 0.138455 -0.182010 0.133242 -0.392969 0.313830 -0.138605 -0.188379 -0.201984 0.001888 -0.143932 -0.060569 0.359002 0.094785 0.023496 -0.533611 -0.178374 -0.339685 -0.115967 0.222507 0.097299 0.156398 
0.446706 1.034336 0.322276 0.110787 -0.147988 1.014350 -0.006097 0.115183 0.009225 0.736806 0.432685 0.007116 -0.726945 0.599517 -0.089408 0.272708 -0.207015 -0.181973 -0.784267 -0.317515 -0.096800 0.020689 0.445484 0.179415 0.624419 -0.124348 0.148077 -0.774566 -0.447573 -0.447331 1.298890 -0.661909 -0.426760 -0.183462 -0.298761 0.404917 -0.177032 0.317120 0.030428 -0.310009 -0.207835 0.039651 0.492457 -0.233824 0.738041 0.312378 -0.341448 -0.671172 0.061181 -0.729456 0.321025 0.236631 0.454781 0.296384 
0.365741 0.389756 0.272941 0.447248 -0.298473 1.185079 -0.234584 0.046601 -0.012495 0.807886 0.490178 -0.003833 -0.307073 0.488480 0.147610 -0.103553 -0.212484 -0.139635 -0.731448 -0.248891 -0.161071 -0.492389 0.751469 0.473463 0.634529 -0.180790 -0.003466 -0.724407 -0.523651 -0.319566 1.121868 -0.310941 -0.228668 -0.188122 -0.364421 0.539369 0.246689 0.083340 -0.311660 -0.243351 0.197142 0.306563 0.494999 -0.233128 0.478194 0.395799 -0.544519 -0.692547 -0.082425 -0.419482 0.161011 0.023848 0.868636 0.217942 
0.206558 -0.153336 -0.098837 0.488847 -0.302757 0.960766 -0.297261 0.049831 0.009632 0.509860 0.156669 0.203903 -0.081152 0.160398 -0.044553 -0.330245 -0.192052 -0.198010 -0.085522 0.079518 -0.233662 -0.608335 0.500468 0.172594 0.485867 -0.000523 -0.395963 -0.384573 -0.377481 -0.014181 0.939599 -0.301427 0.170307 -0.277533 -0.183027 0.318631 0.348100 -0.178125 -0.306908 -0.179827 0.433273 0.258189 0.266242 -0.364486 0.068702 0.634379 -0.411864 -0.507285 -0.456068 -0.368837 0.041589 -0.069453 0.252878 -0.079661 
-0.212620 -0.430162 -0.261454 0.508002 -0.479150 0.606408 -0.295636 0.048660 -0.179336 0.009004 -0.316937 0.322640 0.220732 -0.093937 -0.021499 -0.607364 -0.143186 -0.123572 0.165693 0.145427 -0.643458 -0.521439 0.247803 0.298678 0.270326 -0.019876 -0.717067 0.198927 -0.134109 0.132095 0.583933 -0.079777 0.503742 -0.176256 -0.445332 0.117032 0.542105 -0.613826 -0.438106 -0.127566 0.338613 0.510238 0.078950 -0.037761 -0.430912 1.041017 -0.038810 -0.016432 -0.607681 -0.134842 -0.205637 -0.247461 0.057707 0.136323 
-0.254611 -0.165333 -0.124188 0.283190 -0.402824 0.181476 -0.443454 0.306652 -0.190989 -0.119754 -0.364450 0.458798 0.425147 -0.243866 0.146590 -0.941053 0.182973 -0.248408 0.167064 0.008533 -0.468269 -0.430747 -0.042523 0.121352 0.155333 0.160858 -0.768690 0.279488 0.137313 0.379347 0.188709 0.325466 0.416559 0.066049 -0.433916 0.001674 0.790721 -0.288252 -0.300743 -0.088991 0.149865 0.485821 -0.114694 0.017348 -0.567736 0.975160 0.046496 0.347701 -0.327622 -0.174475 -0.398864 -0.403291 0.108738 0.076299 
-0.212616 -0.239902 -0.368220 0.265696 -0.049650 -0.122889 -0.463146 0.145282 -0.198197 -0.460446 -0.409073 0.407471 0.472557 -0.613260 0.129194 -1.007614 0.241228 -0.356465 0.060995 -0.130956 -0.265473 -0.266998 -0.508169 0.033564 0.017867 0.042850 -0.661641 0.625885 0.276888 0.040455 -0.318013 0.481014 0.069977 0.364404 -0.353962 -0.180102 0.872502 -0.439192 -0.138847 0.256006 -0.075257 0.210861 -0.238243 0.069257 -0.251113 0.837714 0.386747 0.471380 -0.074792 -0.092683 -1.063371 -0.564491 0.138238 0.090468 
-0.400164 -0.162384 -0.638500 0.181769 0.103119 -0.174692 -0.255506 -0.096262 0.241632 -0.404510 -0.460736 0.370604 0.569739 -0.780281 -0.082183 -0.726253 0.593667 -0.388315 0.034535 -0.149064 -0.007488 -0.239237 -0.508257 0.172696 0.103996 0.104784 -0.341185 0.806955 0.283815 0.194712 -0.524372 0.481359 0.073864 0.394748 -0.194141 -0.210448 0.910762 -0.295703 0.162111 0.536772 -0.182993 0.204489 -0.116318 0.133816 -0.154241 0.321931 0.233115 0.533768 0.028509 -0.168934 -1.140728 -0.249726 0.000194 0.190069 
-0.148644 -0.418894 -0.657416 -0.072913 -0.041322 -0.130562 0.048113 -0.037492 0.240823 -0.280275 -0.240421 0.162834 0.364989 -0.974301 0.086457 -0.604387 0.484570 -0.547212 -0.044647 -0.357606 0.078670 -0.219273 -0.981345 -0.058308 0.005249 0.077755 -0.268306 0.911286 0.144169 0.118812 -0.693358 0.489861 -0.155892 0.420375 -0.283969 -0.199214 0.434133 0.021843 0.036535 0.643267 -0.281916 -0.104010 -0.193329 0.324442 -0.065257 0.046879 0.060430 0.535157 0.460963 -0.185351 -1.005498 -0.303999 0.125663 0.195372 
0.124085 -0.156442 -0.703356 0.055493 -0.098124 -0.030788 0.275426 -0.112512 0.531331 -0.104296 -0.111262 0.139956 0.183162 -0.807805 0.036390 -0.305184 0.176612 -0.582065 -0.386533 -0.596036 0.101750 -0.048094 -1.027860 -0.008127 -0.103450 -0.107383 -0.328688 0.781667 -0.019199 -0.047820 -0.622514 0.318162 -0.400313 0.378847 -0.103740 -0.193989 0.270328 0.025298 0.124352 0.653969 -0.573577 -0.244659 -0.171352 0.336526 0.442452 -0.160674 -0.113189 0.032174 0.457800 -0.222328 -0.732195 -0.251212 -0.009619 0.199404 
-0.113225 0.053913 -0.517747 -0.050303 0.161336 0.077258 0.376961 -0.223913 0.304504 -0.217738 -0.099406 -0.043173 0.070043 -0.554620 0.082994 -0.194402 0.139683 -0.385249 -0.412000 -0.351559 0.204275 -0.037792 -0.782300 -0.281467 0.102471 -0.159963 0.018376 0.524765 0.041082 -0.032012 -0.598027 0.192430 -0.605912 0.051624 -0.185067 -0.200912 0.340013 0.024863 0.152622 0.499616 -0.336608 -0.162588 -0.286852 0.259915 1.007445 -0.022497 -0.327614 0.152091 0.250079 0.030136 -0.352146 -0.230063 -0.132509 0.255596 
0.065874 0.172125 -0.445396 -0.222780 -0.062482 0.426157 0.529904 0.032723 0.293269 -0.153680 0.054547 -0.154447 0.142497 -0.285793 -0.082839 -0.008663 -0.214603 -0.233187 -0.388720 -0.285565 0.002829 0.152524 -0.675857 -0.235192 -0.162500 -0.301129 0.081727 0.313708 -0.009483 -0.083516 -0.558245 0.027485 -0.627036 -0.014120 -0.276167 -0.017250 0.077343 0.316098 0.209712 0.374737 -0.640648 -0.475682 -0.304286 0.493870 0.944552 0.122118 -0.410939 0.009100 0.313079 -0.098901 0.052919 0.017861 -0.320020 -0.033946 
-0.047564 0.147154 -0.482759 -0.199435 0.010808 0.619605 0.585983 0.093275 0.198795 -0.053367 0.303818 -0.096160 0.070372 0.066280 -0.080100 0.404291 -0.435381 -0.116742 -0.479076 -0.178231 -0.026297 0.133868 -0.331875 -0.295181 -0.299804 -0.250503 -0.081240 0.426403 0.092115 -0.089576 -0.433248 -0.173713 -0.827494 -0.307383 -0.425350 0.305870 0.003742 0.038229 0.123147 0.188261 -0.462011 -0.318230 -0.020629 0.142359 1.167254 0.076122 -0.389911 -0.026965 0.318656 0.044485 0.380865 0.126028 -0.347763 -0.046133 
-0.133858 0.138956 -0.270887 -0.136358 0.227520 0.563832 0.711940 -0.021675 0.271183 0.103842 0.213021 -0.129338 -0.087747 0.346297 -0.048257 0.586552 -0.461318 0.203542 -0.082212 -0.185500 -0.083388 0.187952 -0.297818 -0.107464 -0.492699 -0.335567 -0.047790 0.196433 0.180132 -0.024728 -0.138688 -0.124342 -0.676460 0.021383 -0.112765 0.123216 -0.218616 0.126845 0.021855 0.015009 -0.699701 -0.014984 0.078822 0.317187 0.905697 0.131385 -0.480090 -0.199387 0.238446 0.145959 0.318816 0.121771 -0.207143 -0.080698 
0.113016 0.403055 -0.254258 -0.110022 0.322601 0.438623 0.749190 0.012568 0.068287 0.084944 0.320824 -0.201978 -0.268127 0.652001 -0.048477 0.736029 -0.262259 0.245389 -0.013735 -0.083303 -0.025123 -0.014213 -0.352951 0.024431 -0.303789 -0.100114 -0.176590 0.170971 0.058078 0.266148 -0.264649 -0.255813 -0.545291 -0.305263 -0.287089 0.406280 -0.464552 -0.005994 -0.089085 -0.217538 -0.593293 0.156639 0.073888 0.067510 0.567291 0.139459 -0.246316 0.104465 0.085451 0.238613 0.636833 0.090192 -0.061997 0.092968 
0.026772 0.047926 -0.212603 0.055254 0.239961 0.198446 0.753026 0.287804 0.198290 -0.062562 0.329803 -0.319914 -0.328810 0.783306 -0.023622 0.684303 -0.342071 0.269334 -0.089616 -0.073090 0.056783 0.178679 0.117851 -0.095187 -0.567589 -0.194402 -0.279060 -0.134502 -0.058731 0.226496 -0.282293 -0.096296 -0.342496 -0.077091 -0.097590 0.347561 -0.366023 0.362469 0.201654 -0.389196 -0.503432 0.135329 0.035710 -0.039172 0.287304 -0.081023 -0.222176 0.136962 -0.042091 0.087476 0.603441 0.229868 -0.132355 0.097074 
-0.108461 0.167323 -0.163208 0.217562 0.375160 0.265137 0.640263 0.288145 0.082432 0.062634 0.360430 -0.073523 -0.409950 0.933185 -0.208323 0.422825 -0.314163 0.503287 -0.035389 0.140686 -0.398691 0.136222 0.046857 -0.054246 -0.476980 -0.011631 -0.253728 -0.363580 -0.103505 0.034018 -0.153459 -0.297768 -0.243183 -0.200356 -0.102486 0.445259 -0.301502 0.203710 0.170716 -0.483668 -0.320022 -0.019919 -0.125225 0.024888 0.048344 -0.141082 -0.260660 0.108197 -0.224695 0.105063 0.490301 0.139134 -0.158418 0.050704 
-0.006135 0.081277 -0.251389 0.230598 0.746370 0.149793 0.467487 0.239216 -0.054164 0.007490 0.438538 -0.295753 -0.275431 0.969288 -0.256687 0.136071 -0.417973 0.339389 0.002155 0.371236 -0.239174 0.087486 0.329964 -0.208314 -0.374336 -0.000737 -0.230433 -0.394804 0.065000 0.283584 -0.135898 -0.245330 0.039905 -0.176252 0.021357 0.356731 -0.189273 0.025964 -0.023460 -0.659396 -0.231621 0.154469 -0.005468 -0.216760 -0.024751 -0.201430 -0.195649 0.038946 -0.220676 0.151952 0.510454 0.006176 -0.209422 -0.163732 
0.015836 -0.146542 -0.377589 0.325463 0.665179 0.075740 0.407413 0.387992 0.018471 -0.053432 0.437609 -0.201617 -0.214708 0.821530 -0.278075 0.114275 -0.127662 0.511256 0.121802 0.222577 -0.196964 -0.072005 0.318864 -0.344240 -0.496705 -0.168309 -0.069232 -0.424019 0.002010 0.280858 -0.136475 0.064728 0.334063 -0.042852 -0.049622 0.310277 0.118805 0.131893 0.120440 -0.571079 -0.018957 -0.034428 -0.054981 -0.330373 0.101105 -0.539914 -0.245430 0.060781 -0.222091 0.116164 0.607818 0.052553 -0.011421 -0.216011 
-0.135469 -0.065078 -0.252943 0.215541 0.476231 0.195227 0.539088 0.309373 -0.012183 0.014480 0.254385 -0.318601 -0.362932 0.764464 -0.027800 0.173402 -0.180815 0.267427 -0.091686 0.272737 -0.157036 -0.272931 0.263553 -0.335115 -0.281340 -0.106549 0.071693 -0.519960 0.098134 0.254810 -0.235201 0.003423 0.532292 -0.008662 -0.179680 0.046934 0.159033 0.159506 0.194632 -0.619062 -0.216130 0.086066 -0.005418 -0.357978 0.333888 -0.420646 -0.111845 -0.007611 0.038956 0.214600 0.431013 0.139797 -0.212028 -0.177865 
-0.159963 -0.007552 -0.243919 0.309726 0.483248 0.153204 0.472370 0.322451 -0.003150 0.137661 0.328701 -0.271449 -0.250274 0.640691 0.150127 -0.044014 0.148559 -0.134569 0.014947 0.216017 -0.096121 -0.207575 0.358064 -0.040995 -0.097949 0.111133 0.003860 -0.205511 0.158017 0.164761 -0.270483 0.207351 0.297753 -0.231115 -0.121054 -0.001663 0.101005 0.128835 0.239545 -0.524126 -0.186317 -0.014812 0.089001 -0.202613 0.322185 -0.395931 -0.071430 0.110122 -0.161991 0.111354 0.169598 0.175619 -0.147708 -0.093513 
-0.197065 -0.088215 -0.074003 0.216652 0.399194 0.116779 0.265534 0.018158 -0.067538 0.090371 0.035186 -0.115622 0.034261 0.234686 0.113378 0.093471 0.285979 -0.216125 -0.032803 0.064985 -0.180876 -0.268628 0.190710 -0.150855 0.104895 -0.047372 0.175647 -0.307566 -0.037568 0.099090 -0.328603 0.065438 -0.063885 -0.138325 -0.143267 -0.013453 0.054153 0.231522 0.205207 -0.306459 -0.016252 -0.293735 0.293284 -0.168288 0.306068 -0.304354 -0.281590 0.038164 0.213445 -0.080360 0.259340 0.176800 -0.047079 -0.334919 
-0.283093 -0.098592 0.019767 0.089815 0.198882 -0.044218 0.110180 -0.007820 0.215145 0.222345 0.057803 0.006669 -0.064214 0.194190 0.104309 -0.087172 0.362038 -0.207602 -0.000262 0.214583 -0.006563 -0.133460 -0.035300 0.159404 0.052603 0.054181 0.072712 -0.171199 0.052548 -0.114040 -0.524623 0.095358 -0.044675 0.022187 0.092671 -0.186610 0.023915 0.103191 0.234650 -0.200147 -0.244416 -0.288077 0.045294 0.009360 0.437039 -0.533933 -0.349287 -0.220886 0.339678 0.007698 0.074887 0.187981 -0.040763 -0.381599 
-0.359285 -0.179464 0.031794 0.042882 0.268562 -0.023150 -0.181919 -0.030333 0.221542 0.055669 -0.008277 0.049690 -0.029886 -0.183009 0.201249 -0.023612 0.350802 -0.183877 -0.284218 0.035627 -0.174810 -0.262147 -0.146307 0.265848 0.249733 0.008435 0.163541 0.002740 -0.001140 -0.216299 -0.333293 0.055608 -0.283140 -0.196282 0.225317 -0.140552 -0.142491 0.041379 0.292286 -0.089098 -0.305795 -0.383131 0.282405 -0.204336 0.454271 -0.392198 -0.104921 -0.142826 0.294229 0.044797 0.030440 0.133210 -0.044620 -0.288604 
-0.342859 -0.122580 -0.096527 -0.062305 0.341614 -0.018176 -0.343237 -0.073357 0.166896 0.171421 -0.096093 0.077324 0.170948 -0.186000 0.337402 0.001582 0.347774 -0.147136 -0.268700 0.117098 -0.073833 -0.145777 0.103321 0.322361 0.093665 -0.019005 0.214659 -0.177791 0.131155 -0.071559 -0.430930 0.159776 -0.496912 -0.142662 0.482717 -0.035267 -0.081075 0.092763 0.372369 -0.004192 -0.366208 -0.475272 0.391279 -0.209547 0.319151 -0.345918 -0.136134 -0.025574 0.348199 0.059798 -0.013376 0.098412 -0.013831 -0.299388 
-0.270290 0.025646 0.186863 -0.109551 0.195093 -0.154897 -0.229937 0.007590 0.041493 0.233552 0.037435 0.138994 0.029301 0.080262 0.233153 0.107918 0.488650 -0.231824 -0.001481 0.164080 0.147042 -0.029580 0.052942 0.276801 0.040873 0.062133 0.005032 0.003890 0.170226 -0.039646 -0.093269 0.088175 -0.521014 -0.400490 0.173015 -0.197588 -0.274290 -0.124165 0.282609 0.059876 -0.188072 -0.360856 0.176093 -0.140191 0.334988 -0.458588 0.001705 -0.084660 0.268997 -0.131886 0.141969 0.041443 0.031347 -0.245738 
-0.235658 0.267418 0.013800 0.124422 -0.014613 -0.000027 -0.126295 0.132400 0.062499 0.314699 0.072834 0.052678 0.082837 -0.028343 0.107548 -0.159230 0.295861 -0.294054 0.114883 0.128665 -0.023536 -0.321862 -0.093693 0.263534 -0.087183 0.032488 0.104297 -0.284183 0.185353 -0.035240 0.080976 0.076418 -0.648123 -0.281968 0.294573 0.047156 -0.409887 -0.199956 0.158007 0.244569 0.017908 -0.137603 0.399123 -0.364284 0.077541 -0.058914 0.063573 -0.231485 0.138762 0.035924 0.291021 0.098252 -0.089705 -0.103653 
-0.112799 0.365336 0.099729 -0.044087 0.041329 0.008541 -0.199216 -0.131076 -0.154364 0.202807 -0.065129 0.211762 0.091566 -0.101712 0.285889 -0.207477 0.385759 -0.159040 0.011199 -0.048210 -0.056230 -0.143028 -0.133376 0.565536 0.199175 0.082495 0.019242 -0.098809 0.052603 0.013054 0.177917 -0.048260 -0.509510 -0.298856 0.045482 -0.044590 -0.353622 -0.055822 0.377612 0.077097 0.114891 -0.123024 0.347081 -0.446389 -0.019056 -0.013802 -0.002324 0.032753 0.383012 -0.023393 -0.124945 -0.063290 0.001074 -0.282431 
-0.177083 0.388074 0.166874 -0.050814 -0.203795 0.083762 -0.408498 0.040683 -0.100263 0.216520 0.092838 0.229875 0.189887 -0.208882 0.176895 -0.005269 0.309749 -0.192956 -0.000600 0.037050 0.129315 -0.126408 0.192319 0.605465 -0.041128 -0.047394 0.185124 -0.348966 -0.109881 0.120643 0.057336 -0.033455 -0.489361 -0.365140 0.178923 -0.175560 -0.050925 0.089549 0.037353 0.293406 0.124026 -0.070095 0.256430 -0.225188 -0.106292 0.054232 -0.135828 -0.051247 0.072532 0.170681 -0.238517 0.082867 0.021452 -0.234524 
-0.159435 0.507639 0.451877 0.041455 0.047072 -0.074252 -0.418920 -0.002325 -0.026012 0.026833 0.083200 0.404340 0.038814 -0.077481 -0.052144 -0.032050 -0.040191 -0.266796 0.077136 -0.091898 -0.048110 -0.336583 0.179880 0.374296 0.161759 -0.002916 0.146185 -0.056738 -0.034895 0.377883 0.099810 -0.186823 -0.345294 -0.352993 0.221761 0.046510 -0.181962 0.127917 0.140470 0.151771 0.248583 0.020375 0.149850 -0.139831 -0.314452 0.136265 0.136629 0.083366 0.215629 0.182921 -0.108676 0.097374 -0.034921 -0.325218 
0.050426 0.407854 0.329817 0.072807 0.142678 -0.086107 -0.457517 -0.053805 0.003763 0.091855 0.049900 0.358855 0.289168 0.057660 0.046647 0.012423 0.102393 0.105105 0.256343 0.103168 0.097564 0.101487 0.160596 0.562373 0.089222 0.044305 0.086225 -0.303687 -0.000387 0.128880 0.173095 -0.491375 -0.378978 -0.366598 0.106689 -0.112543 -0.145623 -0.048275 0.142903 0.209255 0.298062 -0.000341 0.114459 0.006099 -0.506004 0.080032 0.018143 0.079532 -0.069041 0.256271 -0.157693 -0.022569 0.186395 -0.356396 
0.016320 0.286845 0.445816 0.078672 0.246095 0.127388 -0.496811 -0.053895 -0.101013 0.070718 0.097906 0.326824 0.310692 0.046160 0.002105 -0.080293 0.272537 -0.058416 0.111209 0.132573 0.242981 -0.005331 0.147899 0.408686 -0.044203 0.231808 -0.079233 -0.233822 0.075930 0.091557 0.120397 -0.401075 -0.388625 -0.508275 0.176964 0.049635 -0.515594 -0.116196 -0.142345 0.098450 0.434629 0.127756 0.188874 0.040379 -0.473382 -0.020399 0.005119 -0.098886 -0.048547 0.470066 -0.352109 0.042923 0.414260 -0.373687 
0.160677 0.329296 0.174153 0.146530 0.282365 -0.060159 -0.414501 -0.074377 0.053692 0.133873 0.193106 0.323452 0.289114 -0.040161 -0.141502 -0.042701 0.261441 -0.136536 0.183162 0.177241 0.230496 0.036242 0.388332 0.364624 0.165896 0.108025 -0.221647 -0.245028 -0.113969 0.269316 0.143713 -0.370746 -0.162364 -0.312510 0.313347 -0.080623 -0.349187 0.091437 -0.183027 0.169336 0.257958 0.233040 0.037482 0.302457 -0.686845 -0.038767 -0.186206 -0.089691 0.040190 0.352151 -0.234978 -0.040769 0.394450 -0.044931 
-0.061297 0.296640 0.329595 -0.003469 0.473202 0.072751 -0.503951 -0.212602 0.168792 -0.001574 -0.098539 0.156118 0.332373 -0.076047 -0.293431 0.057410 0.277194 -0.120410 0.201882 -0.034955 0.483704 0.003884 0.322670 0.277468 0.078169 0.307142 -0.133140 -0.273101 -0.051201 0.172542 0.069521 -0.459766 -0.238106 -0.303925 0.175994 -0.074595 -0.074983 0.113212 0.066747 0.210859 0.343365 0.098035 0.037673 0.365501 -0.403610 -0.183868 -0.114033 -0.089649 0.195937 0.222943 -0.063946 0.091061 0.123555 -0.172065 
0.275510 0.154539 0.180025 -0.102995 0.422055 -0.039161 -0.443621 -0.226351 0.053692 0.004972 0.203007 0.197469 0.151980 -0.029395 -0.221995 0.061804 0.356063 0.015187 0.048449 -0.254450 0.276607 -0.139523 0.249606 0.184946 0.067292 0.093830 -0.122050 -0.069358 -0.104178 0.261293 0.253541 -0.359059 -0.210058 -0.262480 0.160087 -0.026598 -0.155332 0.031259 -0.088374 0.114893 0.325974 0.263862 -0.054289 0.241854 -0.510145 -0.065248 0.093685 -0.295341 0.231048 0.098124 -0.091208 -0.002417 0.394899 -0.277618 
0.272612 0.302515 0.393708 -0.174773 0.352557 0.030480 -0.459261 -0.169564 0.298153 0.140346 0.053257 -0.121226 0.447692 0.078731 -0.113068 -0.148441 0.415747 -0.116785 0.235547 -0.117150 0.387796 -0.095021 0.390849 0.220128 0.087485 0.279492 -0.074760 -0.288747 -0.216094 0.203677 0.224181 -0.405585 -0.044078 -0.385325 0.158355 -0.035002 -0.129424 0.050811 0.013903 0.158291 0.212795 -0.093171 0.068781 0.405241 -0.275422 -0.203940 0.184753 -0.062246 0.174533 0.235998 -0.185738 0.048756 0.315941 -0.392305 
0.140139 0.289316 0.374457 -0.119482 0.123072 -0.138058 -0.158985 -0.353615 -0.056413 0.016538 0.009337 -0.026351 0.151256 -0.128686 -0.213070 0.155751 0.544207 -0.106043 -0.010651 -0.182614 0.380384 0.196352 0.057317 0.003174 0.153424 0.054061 0.069561 -0.236191 0.088126 0.198458 0.026640 -0.388330 -0.091938 -0.275674 0.120756 -0.089178 -0.061145 0.137977 0.100584 0.075542 0.007624 -0.021202 -0.054677 0.510676 -0.149010 0.178771 0.113525 -0.109149 0.119242 0.187326 -0.063085 -0.020596 0.307753 -0.171058 
0.262404 0.118763 0.178732 0.041089 0.172673 -0.192662 0.019167 -0.335105 -0.226109 0.085184 0.051433 -0.169041 0.223045 -0.100849 -0.066822 0.226723 0.475833 -0.204373 0.206458 -0.307124 0.146788 -0.083907 0.044663 -0.017207 0.002288 0.399668 0.017631 -0.150782 0.068194 0.290848 0.073029 -0.491241 0.128142 -0.178402 0.317344 0.029305 -0.098679 0.038293 0.098943 0.205650 0.218705 0.177500 -0.121645 0.192834 -0.192053 0.148140 0.316220 -0.278510 0.145682 0.179259 -0.195637 0.184405 0.190157 -0.142444 
0.127458 -0.185955 0.382539 0.115567 0.026337 -0.136530 -0.072029 -0.467283 -0.293441 0.110951 0.020956 -0.162075 0.262208 -0.197285 0.175271 -0.162765 0.289246 -0.173391 0.192159 -0.277210 0.249585 0.146798 0.194029 -0.196049 0.009466 0.338969 -0.046516 -0.067821 0.126702 0.229653 -0.011821 -0.343825 0.215100 -0.398173 0.203833 -0.146917 0.060519 0.061985 0.094052 0.145675 0.012400 0.088510 -0.083668 0.251793 -0.259765 -0.097546 0.323797 -0.163365 0.216939 0.111268 -0.043658 -0.119287 0.272247 -0.037838 
0.143406 0.037694 0.105659 0.022495 -0.180081 -0.137470 -0.340165 -0.417005 0.009447 0.054548 0.013560 -0.131958 0.151732 0.018581 0.044840 -0.018429 0.146710 -0.366374 0.243336 -0.148029 0.250031 -0.015723 0.151834 -0.275360 0.033377 0.577807 0.164097 -0.140710 -0.117703 0.051373 0.108822 -0.561901 0.109413 -0.112681 0.092779 -0.053077 -0.168290 -0.228494 0.051542 0.228989 0.112363 0.316042 -0.236517 0.145946 -0.163052 0.044852 0.292351 0.024146 0.126508 0.207836 -0.059325 0.075283 0.047152 -0.033849 
0.114518 0.018816 -0.030687 -0.048554 -0.205057 -0.260407 -0.171715 -0.436956 -0.074376 -0.001214 -0.045930 -0.044116 -0.108498 0.083705 0.171388 -0.017455 0.166377 -0.220079 -0.055049 -0.181317 0.566177 0.058381 0.101886 -0.417651 -0.126493 0.362019 0.371498 0.042068 -0.054959 -0.112236 0.115779 -0.208197 0.297011 -0.131886 0.351541 0.174516 -0.188421 -0.347813 0.216724 0.218592 0.111532 -0.036463 -0.503154 0.130496 -0.084466 -0.027165 0.294884 -0.202552 0.175533 0.068516 -0.106543 0.107812 0.113366 -0.071789 
0.021630 0.046233 0.044421 -0.213234 -0.076295 0.065069 -0.129161 0.011932 0.069896 -0.267095 -0.007101 -0.266659 0.056065 0.021480 0.182580 0.025248 0.076484 -0.350831 0.017892 -0.008068 0.298291 0.188155 0.109953 -0.392043 0.044272 0.422268 0.052866 0.119691 -0.165074 -0.145591 0.232689 -0.290554 0.135105 -0.153239 0.338016 -0.021852 -0.044196 -0.342724 0.247633 0.127282 0.078910 -0.031029 -0.225668 0.391392 0.114860 -0.122482 0.275618 -0.418073 0.142710 -0.051939 -0.106501 0.106433 0.081777 -0.167799 
-0.076986 -0.025472 -0.103800 0.101828 0.009262 -0.085167 -0.089506 -0.021869 -0.116419 -0.192527 -0.043024 -0.110170 0.226668 0.143357 0.213369 0.020092 0.133252 -0.314530 0.005865 -0.074331 0.266044 0.075416 0.114552 -0.490276 0.125240 0.488940 0.192715 -0.012775 -0.010969 -0.177700 0.190057 -0.431684 0.199187 0.213137 0.395900 0.079358 -0.041768 -0.234175 0.052810 0.118338 0.022356 0.107719 -0.236060 0.315540 0.186442 -0.249779 0.136573 -0.183461 0.108921 -0.005661 -0.206236 0.225634 0.213548 0.018229 
-0.014012 -0.212743 -0.089846 0.124527 -0.137968 -0.220253 0.047675 -0.142247 -0.034381 -0.319011 -0.172358 -0.165783 0.021447 0.012028 0.042948 0.137993 0.030375 -0.061259 0.102869 0.027626 0.259853 0.070532 0.000689 -0.175652 0.158300 0.330096 0.053017 0.040020 0.158934 -0.010495 0.163134 -0.258893 0.159081 0.138597 0.264362 0.021401 0.080826 -0.191130 0.225713 0.000766 0.031183 0.100124 -0.112008 0.112166 -0.027128 -0.231018 0.370955 -0.258656 0.019217 -0.105155 -0.201669 0.065493 0.064348 -0.132405 
0.148881 -0.017736 -0.177706 -0.075355 0.026821 0.022802 -0.222135 -0.242136 0.006153 -0.113497 0.038889 -0.158467 0.011508 0.057011 0.290338 0.238992 0.034622 0.318285 0.092733 -0.092741 0.386926 0.197857 0.034919 -0.291147 0.182377 0.123853 0.167722 -0.078514 0.289082 -0.173336 0.144335 -0.102797 0.123546 0.261323 0.124751 0.040131 0.009478 -0.018806 0.040733 -0.092714 0.135508 0.431549 -0.229175 0.104290 -0.090075 -0.129360 0.348505 -0.228811 -0.007865 -0.081150 -0.309712 0.007327 0.356056 0.017728 
0.134825 -0.146116 -0.179471 0.035383 -0.131523 -0.045543 -0.156567 -0.151086 -0.006932 -0.114610 -0.071241 -0.158998 0.101189 0.024470 0.219455 0.273699 0.060554 0.078811 0.083396 -0.087350 0.310643 0.130013 0.087281 -0.303001 -0.022955 0.182944 0.005390 -0.061575 0.107154 -0.229213 0.166480 -0.204036 0.253029 0.284512 0.230650 -0.058614 -0.026334 0.035637 0.184167 0.065290 -0.165333 0.304172 -0.139271 0.141028 -0.207057 -0.036460 0.481297 -0.218086 -0.092038 -0.237929 -0.379880 0.005697 0.099496 0.021481 
0.086894 -0.009533 -0.058331 -0.023880 0.015241 0.039448 0.069237 0.174624 -0.096598 -0.289566 0.165687 0.015863 0.094639 -0.105512 0.253296 0.143698 -0.165242 0.213380 -0.118174 -0.203831 0.240614 -0.059951 0.034731 -0.148237 -0.019204 0.316435 0.174954 0.043855 -0.181803 -0.335499 0.119020 -0.285525 -0.143888 0.188043 0.259914 -0.087969 0.102358 -0.062310 0.008995 -0.049320 -0.108077 0.058940 -0.178041 0.165693 -0.004093 0.158520 0.332212 -0.082504 -0.072429 -0.031986 -0.277694 0.035040 0.082146 0.057190 
-0.154187 0.154296 -0.013864 0.060830 -0.236933 -0.042384 0.083061 0.263737 -0.081964 -0.152972 -0.177929 -0.091152 0.018074 0.057584 0.058602 0.038560 -0.174929 0.166991 0.002718 -0.326943 0.040322 0.164498 0.150042 -0.243950 -0.017448 0.022941 0.146862 -0.005221 -0.071288 -0.256485 0.032238 -0.250242 0.045757 0.111760 0.261528 0.004079 -0.068265 -0.271131 0.264349 -0.220408 -0.090631 0.031503 -0.145163 -0.002007 -0.261646 0.003104 0.193070 -0.312673 -0.090166 -0.107555 -0.347621 -0.088230 -0.035885 0.064051 
-0.026621 -0.010299 0.006700 -0.095235 -0.079385 0.188611 0.157956 0.249202 0.026052 0.041673 -0.141952 0.116373 -0.017009 -0.089452 0.127972 0.076888 -0.033085 0.109175 0.099250 0.056293 0.116077 0.193335 -0.010688 -0.052707 -0.137266 0.035893 0.074553 0.143362 -0.147053 -0.302877 0.168120 0.077330 0.053946 0.154376 0.178346 0.125539 0.163674 -0.127024 0.143258 -0.096834 0.047857 0.405848 -0.290983 0.235820 -0.159132 0.072451 0.275644 -0.178829 -0.178170 -0.133980 -0.193373 -0.121323 -0.093047 0.025240 
0.225353 -0.002740 -0.141355 0.001944 -0.350665 -0.062152 0.249913 0.338893 0.024938 -0.085625 -0.046890 -0.131631 -0.073509 -0.107241 0.112162 0.125336 -0.278685 0.146836 0.058750 0.029736 0.280445 0.317576 -0.013333 -0.221034 -0.116698 0.211437 0.043164 0.009117 0.112031 -0.321650 -0.125892 0.126009 0.084322 0.339255 0.116687 0.077583 -0.057627 -0.336499 0.251181 -0.046190 0.110484 0.189200 -0.251929 0.117934 -0.275383 0.057359 0.142673 -0.113540 -0.072375 -0.077387 -0.242067 -0.186747 0.072547 -0.026313 
0.244756 0.162295 0.008199 -0.019405 -0.182238 -0.081741 0.213657 0.322848 -0.144516 -0.050594 0.002665 -0.018883 0.076127 0.146929 0.280364 0.063664 -0.175093 -0.010068 0.041847 -0.212257 0.168058 0.021928 0.059635 -0.100510 -0.009537 0.020266 0.154013 -0.078423 -0.228366 -0.370960 0.064085 0.260733 0.027568 0.232190 0.077836 -0.024890 0.138826 -0.209905 -0.000325 -0.235338 -0.079842 -0.072531 -0.315972 0.121552 -0.087606 0.029695 0.261538 0.077023 -0.117304 -0.130346 -0.087934 0.124826 0.034539 0.064131 
0.143717 0.094853 -0.011353 0.058549 -0.053405 -0.173768 0.109160 0.119987 0.089763 0.023212 0.014194 -0.026699 0.084251 -0.118630 0.247179 0.036991 -0.163596 -0.070533 0.039004 -0.124072 -0.039234 0.123160 0.096055 -0.207335 -0.112669 0.017449 0.173569 0.066191 -0.007516 -0.414622 0.052629 0.077771 0.229278 0.242609 0.184673 0.057214 0.163623 -0.207277 0.110819 -0.198660 0.101381 -0.091735 -0.164908 -0.051517 -0.014010 -0.143715 0.145810 0.109744 0.063923 -0.041237 -0.063609 -0.062215 -0.159186 -0.056547 
0.061865 -0.038928 -0.051748 0.038390 -0.100371 -0.067605 0.131483 0.022783 -0.042545 0.062338 0.012873 0.029616 0.020567 -0.021935 0.221836 0.099894 -0.188708 0.006452 -0.143679 -0.150538 0.181704 -0.058194 0.054579 0.045376 0.110269 0.062848 0.420878 0.062678 -0.011687 -0.268840 -0.043488 0.104759 0.127337 0.186328 0.220311 -0.110871 0.021275 -0.029000 0.088247 -0.154408 -0.172885 0.083763 -0.045384 -0.060302 -0.088125 -0.241091 0.273535 0.109771 -0.044845 -0.187105 0.025743 -0.031055 -0.000291 0.122954 
0.175331 -0.115815 -0.256146 0.079458 -0.226737 0.001191 0.361474 0.030593 0.160376 0.069482 -0.056003 -0.181559 -0.128124 0.055063 0.146094 0.088749 -0.102597 0.168921 -0.090579 -0.177092 0.007066 0.017002 0.026821 0.133220 -0.123238 -0.032521 0.257931 -0.093902 -0.028485 -0.273845 -0.078676 0.098970 0.007696 0.080091 0.147716 -0.003783 0.044372 -0.071420 0.079684 -0.120439 0.053245 -0.245598 0.012798 0.046184 0.084753 -0.041596 0.238613 -0.152358 -0.013042 -0.270095 -0.075203 -0.176036 -0.204458 -0.172984 
0.044145 0.123255 -0.048936 -0.099656 -0.101143 0.046062 0.022730 0.335066 -0.080632 0.057376 0.015612 -0.054163 -0.105288 0.056636 0.469445 0.080458 -0.223976 0.192582 0.154230 0.034266 0.018857 -0.124742 0.043957 -0.107444 -0.082818 0.090572 0.305190 0.158430 -0.001406 -0.276088 -0.089098 0.219135 -0.009736 0.155091 0.136502 -0.066352 -0.107894 0.014984 0.123671 -0.196293 -0.143077 -0.341718 0.238848 0.172909 -0.055770 -0.200100 0.197953 -0.179987 0.157045 -0.023369 -0.187528 -0.035726 0.034595 -0.181783 
0.248302 0.196625 -0.067298 -0.059089 -0.068772 -0.000725 0.294439 0.358123 -0.169990 -0.075416 0.147022 -0.068540 -0.052101 0.016194 0.203766 0.042567 -0.338576 0.039808 0.109564 0.021540 -0.189483 0.179720 0.045430 -0.071966 0.016353 0.036429 0.054548 0.044214 -0.023198 -0.191390 -0.239280 0.280780 -0.036293 0.258242 -0.108991 -0.165599 -0.087439 0.077327 0.163257 -0.230434 -0.019455 -0.133915 0.237317 -0.014421 0.175603 -0.197939 0.027850 -0.013932 -0.321963 -0.171761 -0.076519 -0.024848 0.128526 0.091192 
0.291215 -0.176739 -0.105791 0.105420 -0.092590 -0.030380 0.450643 0.467320 -0.044645 0.242377 -0.067340 -0.237636 -0.207537 -0.082743 0.159278 -0.027995 -0.202950 0.112397 0.122954 0.030031 -0.133623 -0.067570 -0.017724 -0.026553 -0.003065 -0.054492 0.215091 0.000284 -0.015689 0.112953 0.018474 0.420313 0.054295 0.256142 0.077768 0.028612 -0.014817 -0.104744 -0.020396 -0.099134 -0.133583 -0.123352 0.307400 -0.075796 -0.086354 0.075516 0.183004 0.143655 -0.266583 -0.148020 0.066397 -0.058598 -0.005410 0.170760 
0.253856 -0.098996 -0.225173 0.118802 -0.087673 0.051294 0.398698 0.352575 -0.118109 0.335157 0.055213 -0.209264 -0.076656 -0.082479 0.168237 -0.115197 -0.158163 0.424329 0.169146 0.066371 0.113172 -0.096742 -0.166934 0.133800 -0.108823 -0.075390 0.392046 -0.080256 -0.050492 -0.049130 0.111549 0.198377 -0.131103 0.371215 -0.191209 -0.247879 -0.143415 -0.000638 -0.053107 -0.066005 0.071786 -0.239578 0.133878 -0.104989 0.113270 0.056687 0.172862 0.198952 -0.030515 -0.044861 -0.031404 -0.162141 0.069104 0.072732 
-0.078977 -0.002535 -0.096465 0.206951 -0.054070 0.080270 0.355979 0.305562 -0.085007 0.141915 0.008593 -0.102443 -0.189191 -0.387529 0.384770 -0.040884 -0.095188 0.330296 0.115306 -0.219881 0.118284 -0.118660 0.016220 -0.123641 -0.072325 -0.127699 0.233546 -0.006952 -0.009358 -0.146652 -0.081391 0.102612 0.184493 0.261790 -0.002991 -0.299164 -0.020280 0.162329 -0.017583 0.029259 0.033388 -0.003898 0.095335 -0.329881 -0.053006 0.249720 0.085442 0.370028 -0.202849 0.071829 -0.078286 0.011914 -0.120520 -0.028744 
0.148513 -0.082840 -0.074699 -0.114003 -0.221461 -0.046561 0.146313 0.336843 -0.193228 -0.034238 0.112918 -0.053743 -0.165788 -0.179500 0.315636 -0.066207 -0.217440 0.146505 -0.064895 -0.093476 -0.006565 -0.145644 -0.062595 0.096266 -0.249171 0.096757 0.332504 -0.152945 -0.058720 -0.086079 -0.164268 0.330353 0.093910 0.166238 -0.127487 -0.134181 -0.098015 0.057553 0.171960 0.047150 -0.083217 0.046906 0.126723 -0.181134 -0.061810 0.116816 -0.075616 0.377018 -0.017902 -0.194017 -0.001925 0.066787 0.028165 -0.047888 
-0.037798 -0.043446 -0.119165 -0.044021 -0.154859 0.096323 0.198330 0.347010 -0.312752 0.310490 0.075044 0.193080 -0.222166 -0.129412 0.200495 -0.087490 -0.253074 0.364361 0.089553 -0.353512 0.080930 -0.169173 0.066509 -0.028361 0.014309 -0.023533 0.356476 -0.051084 -0.064360 0.030211 0.036152 0.280726 0.149600 0.255258 -0.125831 -0.062691 -0.015303 0.161158 -0.079361 0.022982 0.047579 -0.180380 0.311216 -0.146026 -0.049516 0.078249 -0.088196 0.010803 -0.015967 0.111921 0.056328 -0.121227 -0.150685 -0.165805 
-0.142124 -0.095802 -0.055377 -0.012101 -0.132203 0.019436 0.170831 0.370482 -0.041736 0.272258 0.181520 0.150045 -0.063764 -0.315004 0.625938 -0.039722 -0.097190 0.230387 0.072195 -0.135105 -0.047654 -0.284734 0.158777 0.097022 -0.002568 -0.023430 0.189048 0.087567 -0.048997 -0.174181 -0.210088 0.323996 0.091155 0.583002 -0.038337 0.010306 0.117282 -0.147105 0.069511 -0.121474 -0.002686 -0.212609 0.242700 -0.186937 -0.049248 -0.136066 -0.070351 -0.121184 -0.131321 0.082313 0.001906 0.150999 0.069415 -0.087643 
-0.030226 -0.283738 -0.014528 0.036850 -0.111743 0.060097 0.124310 0.160243 -0.178205 0.248737 0.066355 0.204095 -0.324391 -0.183073 0.255381 -0.174438 -0.153355 0.307402 0.240925 -0.045279 -0.119874 -0.109925 -0.028035 -0.007588 -0.091711 -0.084551 0.266788 -0.036888 -0.122582 -0.054889 0.090617 0.506603 -0.055846 0.529945 -0.252606 -0.003389 0.007684 0.002816 -0.189356 0.110367 -0.064718 -0.083484 0.460335 -0.002054 0.134761 -0.174299 0.065696 -0.101227 -0.010541 -0.214833 0.076746 0.097467 0.159875 0.069861 
0.055288 -0.203084 0.050169 0.110806 -0.144542 -0.102367 -0.026806 0.036073 0.010159 0.333055 0.045120 0.425666 -0.102691 -0.204738 0.075989 -0.088206 0.049866 0.355999 0.168587 -0.148810 -0.177942 -0.107611 -0.047134 0.186659 -0.040948 -0.104183 0.052355 -0.039888 0.107977 -0.113595 0.033547 0.149873 0.127674 0.459691 0.036710 -0.094940 -0.244153 -0.091076 -0.177206 0.186556 -0.062654 -0.224272 0.222250 -0.056845 0.073674 -0.163534 -0.009968 -0.078346 -0.025034 -0.092613 -0.026528 0.167081 -0.014399 0.050510 
0.154747 -0.182424 -0.057242 0.140646 -0.144190 -0.043411 0.027946 0.022353 -0.011767 0.378596 0.120772 0.475158 -0.284528 -0.284893 0.129402 0.019054 -0.043285 0.077390 0.096464 0.077643 -0.107178 -0.332683 -0.006777 0.248312 -0.025707 -0.088300 0.098549 0.231260 -0.052382 0.064078 -0.067485 0.265764 0.108546 0.599266 -0.164588 -0.075057 -0.103600 0.056061 -0.159000 0.202971 -0.024770 -0.150099 0.196333 -0.051339 -0.058845 0.013821 -0.058589 0.351674 -0.045398 -0.069936 0.010208 -0.068441 0.050079 -0.062965 
0.022538 -0.070107 -0.005722 0.050189 -0.327459 -0.036395 0.011174 0.004013 -0.046434 0.213441 0.063018 0.201239 -0.049987 -0.246851 0.102088 -0.169156 -0.105490 0.206055 0.231517 0.109458 -0.159022 -0.433606 -0.154465 0.205777 -0.021926 -0.116560 0.213811 0.080495 0.122486 -0.037113 0.089517 0.286624 0.111635 0.442777 -0.123127 -0.206583 -0.124414 -0.029167 -0.145827 0.245768 0.168508 -0.101427 0.082619 -0.112532 0.011458 0.049588 -0.106952 0.284951 -0.076598 -0.163922 0.265138 0.005987 -0.102889 -0.243227 
0.159872 -0.494644 -0.136883 -0.039675 -0.083122 -0.020861 -0.129999 -0.249189 -0.178050 0.226661 0.162749 0.311828 -0.127225 -0.424358 0.045757 -0.322411 -0.096019 0.312325 0.299700 -0.060867 -0.020061 -0.245499 -0.183405 0.182951 0.011386 -0.253516 0.346142 0.053503 0.170113 -0.033692 0.000407 0.273966 0.287607 0.526346 -0.147336 -0.092401 -0.091964 0.070715 -0.256751 0.303009 -0.052166 -0.049113 0.036339 0.098925 0.067113 -0.067723 0.000114 0.290136 -0.003947 -0.107183 0.304494 0.178280 -0.240164 -0.285054 
0.098388 -0.474397 -0.189679 -0.149335 -0.023360 0.046177 0.029522 -0.121973 -0.025193 0.206842 -0.008348 0.295820 -0.065243 -0.419044 0.110444 -0.112258 -0.014146 0.379693 0.373174 0.007191 0.022117 -0.291536 -0.007446 0.156972 0.023659 -0.349352 -0.037229 0.084274 0.272581 0.057508 -0.006619 0.489915 0.200797 0.461216 -0.310318 0.013325 -0.276026 -0.154290 -0.283987 0.252014 0.031746 -0.114295 -0.001184 -0.033268 0.195669 -0.128088 -0.158900 0.277779 0.133786 -0.182045 0.075228 0.019086 -0.246599 -0.123009 
-0.196718 -0.226235 -0.069306 0.066783 0.070840 -0.103722 0.095873 0.018501 -0.030828 0.148523 0.084952 0.109166 -0.181279 -0.147173 0.023789 -0.143697 0.031964 0.140086 0.382550 -0.202415 -0.083561 -0.234030 0.051402 0.048302 0.147084 -0.175328 -0.083359 -0.169095 -0.046057 0.220146 0.183981 0.339160 0.027879 0.597840 -0.102845 0.053275 0.038955 -0.206568 -0.463543 0.366999 0.117522 -0.192796 0.250451 0.101637 0.032206 0.070537 -0.212948 0.087344 0.041138 -0.264943 0.177941 0.110067 -0.003025 -0.122016 
0.154606 -0.024836 -0.059850 0.021440 0.022727 0.132811 0.219708 0.138907 0.020569 0.022754 0.127728 0.286010 0.012992 -0.006437 -0.024599 -0.006073 -0.013857 0.071731 0.242550 -0.052803 0.018610 -0.482022 0.097379 0.118261 0.062951 -0.140709 0.034241 -0.119107 -0.038325 0.061726 0.117020 0.275389 0.175565 0.344962 -0.317332 0.077361 -0.070761 -0.317021 -0.307660 0.104143 0.276762 -0.104335 0.263245 -0.076283 -0.001365 0.096168 -0.268246 0.092700 0.116151 -0.410551 0.306605 0.204095 0.029215 -0.205245 
0.038138 -0.122568 0.038034 0.119743 0.015291 -0.012006 -0.142600 0.095414 -0.028790 -0.043172 0.151953 0.077998 -0.111701 -0.160843 -0.154314 -0.099663 -0.091561 0.150535 0.295006 0.024167 -0.159421 -0.213081 0.027944 0.113320 -0.049546 -0.559911 -0.015836 -0.016888 0.027244 0.042767 0.099998 0.403658 0.117717 0.360395 -0.346347 0.101652 0.124226 0.002685 -0.254411 0.169849 0.176718 -0.149692 0.083155 0.087790 -0.045861 0.143592 -0.237027 0.251617 0.371761 -0.111194 0.215537 0.171145 0.061019 -0.245374 
-0.122528 0.112150 -0.028248 -0.024197 -0.047552 0.081250 0.004594 -0.114655 -0.022099 -0.099278 0.040815 0.299945 -0.261239 -0.216255 -0.068651 0.071500 0.085760 0.000545 0.224420 -0.077358 -0.090513 -0.208990 0.031008 0.303699 -0.250307 -0.411285 0.144306 0.089446 -0.130852 -0.040293 0.106233 0.230169 0.207350 0.366471 -0.388362 0.134226 -0.121360 0.090787 -0.126324 0.258194 0.223382 -0.204667 -0.042209 0.013488 0.005339 0.028892 -0.106037 0.207608 0.311831 -0.161488 0.063369 0.042615 -0.087833 -0.173242 
-0.076622 -0.036158 0.012935 0.087268 -0.166932 -0.048845 -0.015055 -0.126188 0.210836 -0.000605 0.020138 0.234790 -0.259830 -0.018723 -0.174791 -0.108459 0.182455 0.068664 0.041756 -0.094683 -0.269466 0.042571 -0.037955 0.416049 -0.204257 -0.328228 0.070390 0.188427 -0.102947 -0.080564 -0.000407 0.193292 -0.120846 0.424283 -0.247581 0.229349 0.102306 0.208332 -0.137951 0.167332 0.117560 0.065477 0.154713 0.091893 0.013597 0.133497 0.162175 0.099947 0.227856 -0.124144 -0.026144 -0.061873 -0.081161 -0.016871 
-0.112599 0.077296 0.125800 -0.047584 -0.041511 -0.109512 -0.055890 -0.247250 0.080763 0.151722 -0.109239 0.047451 0.001064 -0.011903 -0.055670 -0.104730 0.178196 -0.033746 0.040335 -0.178593 -0.247021 -0.208848 -0.082778 0.134202 -0.002366 -0.106221 -0.144157 0.150542 -0.267668 -0.090723 0.115899 0.476870 0.117120 0.277049 -0.081155 0.169042 -0.066582 0.259104 -0.331676 0.198143 0.183876 -0.001446 -0.031190 0.208500 0.078223 0.292191 0.041576 0.111200 0.561982 -0.156021 -0.171357 -0.045418 0.048396 0.031550 
-0.048808 0.055178 0.063699 0.072084 -0.022296 0.106786 0.068210 0.000811 0.043368 0.246977 0.126505 0.219262 -0.087940 -0.004961 -0.235823 0.031216 0.029047 -0.085349 0.132733 0.142585 -0.232297 -0.307959 0.118885 -0.163680 0.166230 -0.405216 -0.066496 0.019951 -0.045117 0.027945 0.196722 0.129991 -0.084347 0.098339 -0.176248 0.024782 0.067712 -0.019300 -0.121114 0.118109 0.205283 0.250741 -0.253389 0.081976 0.040404 0.318691 -0.006580 0.202277 0.373933 0.020852 -0.036168 -0.220177 -0.011488 -0.153329 
0.040312 0.053638 0.243769 -0.056016 0.139638 -0.159409 0.012585 -0.090295 0.062631 0.140466 0.013149 0.143410 -0.117691 -0.173254 -0.311407 -0.070729 0.095330 -0.146026 0.090155 0.010853 -0.132484 0.108098 -0.037218 -0.262722 -0.018935 -0.079306 -0.132048 0.068263 -0.075942 -0.122273 -0.024997 0.043042 0.078705 0.187688 -0.168681 0.077098 -0.180294 0.035409 -0.231070 -0.013817 0.167885 0.141983 -0.248456 -0.079890 0.001047 0.326101 -0.079098 0.129327 0.311187 0.156254 0.022994 -0.334716 0.101713 0.063555 
0.003115 0.153018 0.366020 0.014637 0.217083 -0.243271 0.062892 -0.088590 0.117757 0.125635 -0.043328 -0.134157 0.006845 0.155336 -0.326260 0.010652 -0.219835 -0.354318 -0.146476 0.021183 -0.235539 -0.097237 0.023981 -0.401990 -0.066251 -0.185122 -0.098501 -0.138550 -0.166664 0.188172 0.248425 -0.012285 0.312389 0.053100 -0.009186 -0.019559 -0.154902 0.060343 -0.225800 -0.001604 0.125326 0.031962 -0.346273 0.039247 -0.264331 0.399348 -0.258482 0.011881 0.206938 -0.047337 -0.023140 -0.241750 0.019676 -0.074946 
-0.137936 0.287852 0.398839 0.097319 0.115819 -0.341362 -0.075761 -0.124662 0.018130 0.020827 0.018073 -0.256220 -0.229488 -0.042927 -0.360869 -0.278801 -0.050566 -0.297910 -0.391087 0.118939 -0.107444 0.177245 -0.077956 -0.229922 -0.204024 -0.335189 -0.139599 -0.090139 0.008926 -0.123786 0.195721 0.062535 0.163454 -0.297865 0.204398 0.221715 -0.215810 -0.084059 0.169786 0.142337 0.123703 -0.094547 -0.386651 0.047153 -0.068918 0.361005 -0.299572 -0.080040 0.366593 0.077677 0.033920 -0.054140 0.046660 0.130035 
-0.128063 0.206109 0.245706 -0.090442 -0.172906 -0.262621 -0.129157 -0.036785 -0.037848 0.041117 -0.010157 -0.096147 -0.142208 0.132457 -0.192161 -0.025659 -0.270908 -0.400544 -0.353415 0.134359 -0.236333 0.045587 -0.266450 -0.205275 -0.044151 -0.158934 0.028722 -0.134592 -0.123361 0.006408 0.164465 -0.034283 0.297303 -0.388405 0.128531 0.097700 -0.025499 -0.078874 0.165888 0.059277 0.132333 -0.125858 -0.354140 -0.239076 -0.059915 0.324191 -0.324798 -0.162563 0.446904 -0.024567 0.106140 -0.039568 0.045421 0.195351 
-0.261419 0.075830 0.431116 -0.220739 -0.094805 -0.025956 0.112996 0.048557 -0.200202 0.040180 -0.076759 -0.128776 -0.008404 0.261443 -0.229605 -0.087053 -0.076938 -0.367765 -0.166502 0.218385 -0.360688 0.336678 -0.295229 -0.055290 0.024591 -0.135507 -0.304324 0.043089 0.273107 0.220943 0.177802 0.115846 0.222337 -0.868762 0.115683 -0.031100 -0.001969 -0.038610 0.248021 -0.004924 0.126600 -0.257079 -0.174450 -0.419055 -0.140714 0.289090 -0.326506 -0.193853 0.416710 0.003206 0.187667 0.049203 0.160017 0.421398 
-0.125756 -0.129047 0.404066 0.064968 -0.130358 -0.122772 0.189436 0.053503 -0.164705 0.075415 -0.166321 -0.216921 -0.179564 0.130802 -0.328376 0.119420 0.071617 -0.409081 -0.307306 0.214355 -0.227569 0.198201 -0.449502 -0.457126 0.019912 -0.038796 -0.294836 0.017470 0.262253 0.265252 0.007772 0.067609 0.269737 -1.157715 0.077394 0.070851 0.123341 0.008201 0.431202 -0.129968 -0.050483 -0.062409 -0.250810 -0.333929 -0.328463 0.167539 -0.396887 0.015924 0.628300 0.125186 0.511247 0.061976 0.035835 0.577221 
-0.218106 -0.097040 0.426089 -0.097847 -0.152429 -0.129266 0.453911 0.020058 0.009444 0.025461 0.091768 -0.129860 0.043092 0.432449 -0.275866 0.184942 0.116783 -0.432330 0.169326 0.340503 -0.256011 0.527196 -0.221426 -0.544804 0.140605 0.084792 -0.349847 0.106533 0.217964 0.433238 0.034752 -0.245153 0.464353 -1.779850 0.039722 -0.062934 0.134923 -0.189783 0.598769 0.003890 0.076752 -0.306862 -0.282287 -0.339955 -0.494359 0.012218 -0.573317 -0.364625 0.286251 0.304237 0.645514 -0.116067 -0.076439 0.652526 
-0.036443 -0.145734 0.533152 -0.031036 0.066663 -0.272999 0.417792 -0.207835 -0.076200 -0.235460 0.096293 -0.247912 0.091136 0.574580 -0.133523 0.020918 -0.168111 -0.371084 -0.087209 0.460106 -0.130971 0.468404 -0.283199 -0.661394 -0.117982 0.224715 -0.484153 0.118743 0.418922 0.415094 -0.197940 -0.091772 0.424894 -2.222754 -0.067073 -0.072149 0.653945 -0.395846 0.437695 0.034695 0.062253 -0.340349 -0.385692 -0.092308 -0.469793 -0.065252 -0.600143 -0.075569 0.452207 0.110894 0.883989 -0.176544 0.175148 0.888634 
