0.111650 -0.074776 0.117610 -0.390097 0.077645 0.235816 0.335062 -0.036252 -0.222077 0.211510 0.084495 0.061085 0.293239 0.175315 0.728797 -0.002608 
-0.024316 0.206573 -0.006203 -0.496904 0.782850 -0.102104 -0.001124 -0.078431 -0.689577 -0.073341 -1.784838 0.174019 0.161561 -0.157112 0.499632 0.373740 
-0.140723 -0.069815 0.014904 0.141249 -0.205409 0.099732 -0.227163 -0.138638 -0.631898 0.262727 0.332125 0.122249 -1.402627 -0.033075 -0.342420 -1.157200 
0.123048 0.144459 0.112817 -0.441315 0.077781 -3.886645 -1.469877 0.154803 0.088671 0.122541 0.133894 0.162974 0.084593 -1.655161 -0.052307 0.171997 
0.070526 -0.850846 -0.005595 0.465812 -0.341128 -0.451086 0.032048 0.007308 -0.023670 0.007471 0.194472 -1.554902 -0.425860 0.166246 0.178226 -1.374360 
0.056199 0.221134 0.242877 0.316020 -0.295297 -0.089152 0.207864 0.231412 -0.099570 -0.407941 -0.475999 -0.296852 0.149150 0.166028 -0.761449 0.333326 
-0.030077 0.080944 -0.385729 -0.203480 -0.219090 -0.019080 0.186467 -0.498753 -0.061143 0.342300 0.237572 -0.290116 0.104774 -0.322859 -0.127019 -0.474239 
0.119042 0.055294 0.130625 0.033159 0.151562 0.040308 -0.195814 0.042016 0.422065 0.128935 -1.668156 0.080534 0.083046 -0.467696 -0.678626 0.064578 
0.133431 0.045705 0.046761 0.001288 -0.421218 -0.558726 -0.000885 0.138195 -0.823878 -0.072733 -0.482783 0.283238 0.410496 -0.486686 -0.757411 -0.027011 
0.051569 0.130442 0.230172 -0.548244 -0.070870 0.229466 0.342691 0.238012 -0.100809 0.205832 0.235655 -0.008399 0.148235 0.253914 -0.181205 0.200819 
-0.129506 -0.061815 -0.204897 0.292131 0.329130 -0.390364 -0.534015 -0.229711 0.081108 0.244805 -0.283813 -0.031189 0.095782 -0.110907 -0.353767 -0.483285 
-0.021651 0.054974 -0.134652 -0.194421 -0.170655 0.118865 0.128069 0.124381 -0.299959 0.055297 -0.584560 0.157412 0.023077 -0.998257 -1.183252 0.476071 
0.309167 0.168267 0.204965 -0.007233 0.062492 0.005412 0.468305 0.228103 0.050131 -0.227132 -0.237857 0.185324 -1.221688 0.018755 -0.423221 0.329998 
-0.076214 -0.071682 0.310575 0.471051 0.380006 0.203076 -0.538041 0.166188 -0.081654 0.212604 -0.199424 0.479568 0.451836 0.121434 0.193843 0.039381 
0.025612 0.148958 0.065937 -1.257785 -1.015281 0.221105 0.343708 0.002828 -1.049657 -0.727336 0.141050 0.223719 -1.029785 0.132638 -0.597732 -1.044098 
0.153603 0.137611 -0.377183 0.363811 0.020140 -1.535862 -1.216531 0.119892 0.295856 -0.000963 -0.099135 0.293942 0.145526 -1.089641 -1.287858 -0.230980 
0.110152 0.104491 -0.324198 0.168042 0.197010 0.189843 -0.027399 -0.206222 0.457913 -0.352693 -0.162569 0.437486 0.234509 0.109071 -0.058459 0.083887 
0.230527 -0.169403 0.009705 -0.687565 -0.573660 0.319526 0.494287 0.187487 -0.274396 0.046546 0.536796 0.006905 -0.269214 0.316668 0.159288 0.180496 
0.121367 0.280078 0.042724 -0.979853 -0.756592 0.017309 -0.764205 0.023327 0.006656 -0.050387 -0.304932 -0.113631 0.376713 -0.147315 0.030667 -0.147884 
0.045010 -0.174464 0.167197 0.119341 -0.367538 -0.006630 0.014955 0.167381 -0.828855 0.037115 -0.162436 -0.596014 -0.056995 0.027726 0.390127 -0.239483 
0.090290 -0.233167 0.109363 0.348772 -0.483069 0.233416 0.136192 0.142103 -1.210546 -0.407306 0.016563 0.387834 0.063549 0.415466 0.312830 -0.402283 
0.111530 0.186390 0.169815 -1.151379 -0.060740 -0.093443 -1.070237 0.152281 -0.137799 -0.145726 -0.254613 0.100879 0.024359 -0.649060 -0.135031 0.117486 
-0.219021 -0.056906 0.012954 -0.561053 0.105207 -1.220495 -1.745268 0.013859 0.354974 0.203513 -0.019406 0.083560 0.232966 -0.571400 -0.101451 -0.042764 
-0.073456 -0.063960 -0.061996 -0.648458 0.214839 0.270567 0.410980 -0.044637 0.291026 0.029056 -0.542501 -0.193672 -0.053968 -0.235457 0.322909 0.033960 
0.120717 -0.027278 -0.008024 -0.392876 0.178146 -0.435188 -0.000626 0.314896 -0.632032 -0.070087 -0.001004 0.068659 0.092011 0.225579 -0.207008 0.138461 
0.145103 0.296927 0.085085 0.238428 -1.075260 0.299552 0.316830 0.073572 -0.624615 0.081916 0.154775 -0.591514 -1.043164 0.269594 -0.037962 -1.147772 
0.190229 -0.176347 0.203066 -0.319056 -0.415512 -0.231420 -0.230773 0.159557 0.005032 -0.956972 0.372894 -0.210890 -0.104890 0.305824 0.422621 -0.180688 
-0.250504 -0.040778 -0.002673 0.144060 -0.015185 -0.166234 0.043060 0.063623 -0.275046 -0.031197 0.053750 0.010783 0.091950 0.235003 -0.125682 -0.166206 
0.231362 0.261405 0.030393 -0.107349 -0.184635 0.203180 -0.026885 -0.032178 0.110648 0.260595 0.067364 0.150572 0.286390 0.136312 -0.379376 0.150527 
0.104830 -0.243716 -0.000237 -0.535467 0.260857 0.065348 -0.037834 0.089207 0.272413 0.113000 -0.354042 0.045847 0.105826 -0.310101 0.435263 -0.046042 
0.238917 0.171349 -0.078989 0.106909 0.344150 0.157641 0.153003 -0.083276 0.169431 0.417098 -0.121088 -0.161636 -0.931411 0.063350 -0.409813 0.362023 
0.230804 -0.075510 0.060815 -0.282014 -0.283352 0.280239 0.187893 -0.092139 -0.338892 -0.119999 -0.064508 -1.752760 0.000076 0.332125 -0.286489 -1.008490 
-0.020686 -0.032394 0.245433 0.014048 0.627953 -0.111573 -0.102005 0.252405 -0.305238 0.072037 -0.182360 -1.256952 -0.853673 0.314181 0.858492 0.194339 
0.025265 -0.086464 0.047803 -0.081312 -0.222940 0.394491 -0.615088 -0.349701 -1.065897 -0.003501 -0.451644 -0.232264 -0.173661 0.116949 -1.141140 0.157227 
-0.090287 -0.104022 -0.051749 0.560214 0.149603 -0.033034 -0.668905 -0.048478 -0.153366 -0.340836 0.362068 -0.558305 0.056458 0.137961 -0.514462 -0.114968 
0.049814 0.059881 0.109430 -0.585994 -0.299094 0.008709 0.067784 0.077921 0.164104 -0.051875 -0.679660 0.119084 0.077651 0.036433 -0.080863 0.060744 
-0.206614 -0.063052 0.243164 0.493399 -0.297298 0.056106 -1.551943 0.235733 -0.111132 0.215135 -0.508527 0.362474 -0.289327 0.370216 0.034028 -0.189437 
0.002667 -0.290482 -0.144074 0.414847 0.398704 -0.060975 0.182044 -0.255224 0.497614 -0.037784 -0.165147 -0.325036 0.072087 -0.182147 -0.008242 -0.694208 
0.092427 -0.083538 0.015242 0.190946 -0.133538 0.062921 0.044419 0.074491 -0.095393 0.174845 -1.267527 0.260707 0.223260 0.093505 -0.166601 -0.149328 
-0.079897 -0.340835 0.027548 0.231279 0.088379 -0.010268 -0.135019 0.087225 -1.392387 -0.073731 -0.131014 0.195744 0.356462 -0.635927 -0.626893 -0.246165 
-0.031033 0.109555 0.215985 -0.195581 0.141257 0.185911 0.389774 0.058091 -0.380521 0.045229 0.596857 -0.805142 0.372888 0.029869 0.078169 -0.181492 
0.061736 0.076092 0.152084 -0.496866 -1.216919 0.027366 -0.306146 0.037058 0.195393 0.086181 0.551902 -0.022010 0.102215 0.124381 0.443792 -0.152689 
0.161759 0.216494 0.044156 0.001949 -0.041646 0.137126 0.192233 -0.119572 -0.102183 0.145474 -0.066509 -0.000758 0.007817 -0.539156 -1.063171 0.235477 
0.019176 0.060146 0.121309 -0.202443 0.662505 -0.056059 -0.041020 0.092449 0.069854 0.291386 -0.272225 -0.377658 -0.649883 -0.403722 -1.015516 0.203402 
-0.696184 0.295502 0.147398 0.231579 0.312031 0.021291 -0.478759 -0.387428 -0.838491 0.058140 0.045853 -0.099569 0.346869 0.167598 0.189655 -0.773189 
0.010721 -0.402298 -0.031846 0.493548 0.185085 0.132603 0.208645 -0.028078 -0.038375 -0.003817 -0.099508 -0.586798 -0.368179 -0.155554 -0.518483 -0.487702 
0.103352 0.066097 -0.054013 0.069828 0.051648 0.264267 0.075155 -0.513710 -0.245572 -0.355676 -0.160117 0.132772 0.309416 0.067695 -1.187441 0.193728 
0.147094 0.148787 -0.049057 0.313859 -0.663341 0.044520 0.246820 0.109376 -0.415160 0.120367 -0.692883 0.009645 0.061705 0.077178 -0.435127 0.154189 
0.231948 -0.129844 0.234011 -0.420296 -0.724276 0.179543 0.158098 0.175764 0.360226 0.192982 -0.422842 -0.089199 -0.006770 0.107426 -0.521845 -0.587475 
0.037345 0.199009 0.274089 0.412901 0.632625 0.284609 0.033396 0.333765 0.170007 0.160115 0.450159 0.163688 -1.230632 0.195889 0.463612 0.428201 
-0.037208 -0.267342 0.047436 -1.306560 0.372888 0.277713 -0.244697 -0.122566 0.317039 0.325477 -0.200995 -0.879594 -0.108026 0.226687 -0.232019 -0.167358 
-0.024362 -0.043432 -0.029868 0.230759 -0.128759 0.056674 0.122399 -0.008526 0.341793 -0.014120 0.056011 -0.080335 -0.028383 0.022337 -0.091084 -0.008022 
-0.116350 0.172269 -0.127073 -0.363409 0.295785 0.196922 0.146045 -0.477392 0.359572 0.110114 -0.199476 -0.142845 -0.314449 0.301194 -0.235238 0.102568 
-0.202990 0.018479 0.128832 0.361991 0.498049 0.193644 0.116646 -0.385707 -0.036834 -0.221110 0.280089 -0.288194 -0.615502 0.152773 0.436644 -0.483128 
