0.394654 0.747337 -0.773760 0.166488 -0.274394 0.014390 -0.778996 0.369497 -0.021072 -0.903251 -0.268140 0.166321 -0.186874 -1.046263 -0.231084 0.068003 0.216270 0.209120 -0.387356 1.188143 0.529193 -0.061923 0.332352 -0.463957 -0.042647 -0.168623 0.037660 -0.080907 0.025710 0.047694 0.285231 -0.122565 -0.775112 0.939397 0.437567 0.341181 -0.129839 -0.076011 -0.284290 -0.096822 0.306763 0.273378 -0.133307 -0.065086 0.402649 -0.067031 -0.291727 0.082958 0.703554 -0.000240 0.355861 -0.252014 -0.037298 -1.276198 0.039922 -1.000213 
0.243427 0.759759 -0.740891 0.185122 -0.351298 -0.098260 -0.314688 0.143049 -0.221183 -0.836396 -0.119152 0.390936 -0.264157 -0.741174 -0.040262 0.020836 0.036274 -0.004342 -0.165195 0.993110 0.563713 -0.066231 0.277722 -0.260978 -0.238968 -0.246618 0.052402 -0.105219 -0.158796 -0.003097 0.104087 -0.397884 -0.761416 1.000480 0.370990 0.160978 0.049519 -0.161392 -0.219618 -0.167502 0.170871 0.372978 -0.134435 0.006549 0.275778 -0.015440 0.153743 -0.016558 0.384720 0.209691 0.319584 -0.332680 -0.165606 -1.238553 -0.055383 -0.969174 
0.148854 0.569960 -0.444638 0.256974 -0.231690 -0.185981 -0.335307 0.034807 -0.261870 -0.722301 -0.037280 0.286087 -0.151919 -0.609458 -0.109874 -0.126908 0.061199 -0.040005 -0.215414 0.540686 0.591804 -0.048544 0.113078 -0.019897 -0.126392 -0.170288 0.139717 -0.122882 -0.316524 0.162749 -0.222107 -0.211190 -0.524784 0.817232 0.211338 0.200557 0.107663 0.005625 -0.037778 -0.190077 0.259551 0.306880 0.116144 0.132519 -0.014541 -0.004040 0.224628 0.140848 0.133395 -0.006904 0.292224 -0.178999 -0.161332 -1.018715 -0.123429 -1.069898 
0.153898 0.727076 -0.046744 0.029202 -0.101269 -0.032166 0.036882 -0.064295 -0.106419 -0.310134 -0.093264 0.280248 -0.211363 -0.355692 -0.246369 -0.168758 0.007051 -0.071665 -0.184742 0.650754 0.441940 -0.177166 0.353343 -0.087274 -0.028482 -0.359154 0.069243 -0.045196 -0.191012 -0.095217 -0.099701 -0.260945 -0.446359 0.619863 0.231553 -0.101429 -0.215904 0.099652 -0.093894 0.005310 0.063121 -0.005021 0.022771 0.156935 -0.069623 -0.139097 0.041869 0.253103 0.201374 -0.049629 0.107579 -0.177464 -0.029111 -0.639875 -0.095339 -0.691702 
-0.103681 0.467354 -0.061444 0.165075 -0.123908 -0.096082 -0.077459 -0.041492 -0.207306 -0.401776 -0.133652 0.232296 -0.474435 -0.368192 0.021164 -0.261939 0.203803 -0.096708 -0.266523 0.567307 0.392469 -0.193125 -0.004199 -0.088835 -0.207147 -0.470711 0.035787 -0.055946 -0.167465 0.199173 -0.150524 -0.031762 -0.180006 0.088797 0.057764 -0.063514 0.059998 0.020675 -0.290331 -0.009709 0.167267 0.292932 -0.035253 -0.158817 -0.131562 -0.306818 -0.014057 0.112260 0.131814 -0.045417 0.003333 -0.090617 -0.239325 -0.614738 -0.020230 -0.444218 
-0.170219 0.549531 0.183122 0.101834 -0.172580 -0.006532 0.006080 0.137826 -0.082835 -0.414399 0.079671 -0.014806 -0.496119 -0.254040 -0.195225 -0.283367 0.085228 0.072050 -0.156432 0.503972 0.187558 0.114743 0.004470 0.191843 -0.045754 -0.477073 -0.073466 0.135115 0.150878 -0.116630 0.117780 -0.198574 -0.201790 0.172297 0.103639 -0.159437 -0.287246 0.000563 -0.293294 -0.024291 0.107155 0.067849 -0.208701 0.016823 -0.214880 -0.218582 -0.106884 0.263236 0.044054 0.146954 -0.065091 -0.061306 -0.109802 -0.480687 0.039992 -0.073330 
0.086857 0.355937 0.198933 0.240473 -0.175902 -0.049030 0.112298 0.157648 -0.077700 -0.256684 -0.002900 0.116438 -0.500226 -0.229454 -0.296438 -0.253447 0.028936 0.165970 -0.013976 0.392202 0.149630 -0.120474 0.066098 0.108147 -0.335446 -0.567612 0.045332 0.135093 0.199702 0.089625 -0.207631 -0.138255 -0.101042 -0.054007 -0.059944 -0.204691 -0.135316 0.062489 -0.081795 0.153743 0.122143 0.036354 -0.052385 -0.118762 -0.352950 -0.118597 0.136597 0.089425 -0.116986 0.013492 0.176208 -0.110414 -0.007297 -0.396982 0.126367 -0.125544 
0.025756 0.385565 0.181918 0.192432 -0.018140 0.119229 0.025060 0.069856 -0.049161 -0.121267 -0.158232 -0.220337 -0.268307 -0.101458 -0.118968 -0.063368 -0.098746 0.049821 0.059009 0.128685 0.087795 -0.110281 0.193913 0.091851 -0.246756 -0.517544 0.044500 -0.063198 0.015063 0.175968 -0.318372 0.103373 -0.018158 -0.211510 0.109095 -0.177244 -0.151293 -0.092854 -0.176036 0.220735 -0.080018 0.042886 0.056393 0.111195 -0.233283 -0.015696 0.060015 0.239026 -0.231773 0.017382 0.097475 -0.113577 -0.043479 -0.616736 -0.094988 -0.246980 
0.043285 0.364056 0.187155 -0.076649 0.219588 0.288529 -0.004660 -0.033031 0.126846 -0.321875 -0.188274 -0.098694 -0.424979 -0.124098 -0.132717 -0.103793 0.133108 0.068213 0.228151 0.113541 -0.136046 -0.070257 0.149719 0.036613 -0.026613 -0.492255 -0.157829 0.116011 -0.021472 -0.068246 -0.214874 0.022291 -0.014299 -0.378985 0.103986 -0.464868 -0.107862 -0.000466 -0.160980 0.390784 -0.105635 0.076023 0.080482 -0.018784 0.113501 -0.068606 0.150716 0.242324 -0.293182 0.007254 0.000798 0.028672 0.127238 -0.356135 -0.084852 -0.029681 
-0.244115 0.304770 -0.073005 0.035479 -0.121542 0.180655 0.192749 -0.127180 -0.119112 -0.228417 0.023865 -0.163529 -0.295298 -0.212232 -0.110028 0.017784 -0.114170 0.182682 0.053827 -0.019266 -0.118683 -0.078516 0.274478 0.144627 0.145892 -0.402177 0.031883 0.199666 -0.091664 0.083464 -0.132512 -0.095425 0.036955 -0.245605 0.019531 -0.548228 0.039863 -0.164307 -0.023768 0.324205 -0.062772 -0.024965 0.009210 -0.161817 0.007624 -0.065453 -0.099296 0.245071 -0.106382 -0.145533 0.053655 -0.079123 0.043729 -0.427325 -0.102480 -0.134596 
-0.136856 0.174584 -0.054893 -0.088169 0.313572 -0.009898 0.125029 -0.114623 0.137706 -0.341569 0.016463 -0.039983 -0.212824 -0.016371 -0.295599 -0.057359 -0.103904 0.145803 0.026997 -0.313423 -0.172442 -0.116365 -0.141169 0.041896 0.266744 -0.318597 0.051027 0.335935 0.101536 0.042014 -0.119946 -0.012135 -0.021820 -0.409573 0.098192 -0.283729 0.063611 0.066016 0.003711 0.121548 0.006106 -0.100392 -0.045262 0.051165 0.018441 -0.198021 0.093098 0.317491 -0.179687 -0.043496 0.082657 0.007441 0.000362 -0.425330 0.036619 0.036837 
-0.161572 0.357376 0.070041 0.022726 -0.027867 -0.151334 0.219408 -0.147743 0.062589 -0.225720 0.124535 -0.144768 -0.023603 0.152397 -0.182290 -0.368393 -0.225926 0.090408 0.059103 -0.204568 -0.190113 -0.202744 -0.083869 0.098555 -0.069157 -0.225625 0.248531 0.323195 0.312238 -0.177949 -0.228306 0.048113 0.006422 -0.325545 0.223482 -0.164101 0.036056 0.020672 -0.037789 0.177873 0.175212 -0.314173 -0.063156 -0.043331 0.140813 -0.319744 0.134234 0.325291 -0.157073 -0.020143 0.147612 -0.198988 -0.149200 -0.303052 -0.231204 0.079706 
-0.109082 0.426986 0.046766 0.170511 -0.204464 0.112029 0.101796 -0.084064 0.156875 -0.299496 0.097708 -0.035528 0.071550 0.050617 -0.247755 -0.222254 -0.269272 0.024485 0.170495 -0.352935 -0.274906 0.002944 -0.014010 -0.016072 -0.084997 -0.223026 0.117665 0.116337 0.280739 0.024318 -0.159713 -0.011232 -0.083831 -0.567300 0.212984 -0.096005 -0.029086 0.046227 -0.081517 0.037141 -0.113139 -0.094865 -0.007874 -0.160140 -0.130059 -0.370341 0.019545 0.113121 -0.108787 -0.081206 0.018933 -0.295924 -0.079571 -0.306786 -0.214561 -0.183074 
0.038325 0.330519 0.151653 0.181826 -0.322041 0.110028 -0.064999 -0.190300 0.252802 0.042143 0.030390 0.173915 -0.119265 -0.200243 -0.191745 -0.028509 -0.375296 0.029053 0.006657 -0.275683 -0.034997 0.001859 -0.098188 0.054631 -0.127297 -0.267974 0.241818 0.175958 0.029035 -0.165308 -0.148938 -0.093780 -0.075176 -0.519431 0.360945 -0.080168 0.190374 -0.018324 -0.151696 0.007510 -0.045634 -0.046803 0.022186 -0.177311 -0.033965 -0.292363 -0.132162 0.028854 -0.191164 -0.047771 0.060872 -0.115314 -0.002115 -0.372034 -0.377091 0.081027 
0.073169 0.157291 -0.124173 0.181307 -0.222218 0.084433 -0.054195 -0.366769 0.298696 0.046616 0.025357 0.234836 -0.038833 -0.031149 -0.009147 -0.121913 -0.205266 0.072252 0.186332 -0.254175 -0.226727 -0.066353 -0.101867 0.298049 0.065200 -0.196946 -0.040506 0.285007 0.193933 0.165070 -0.108824 -0.142954 -0.109611 -0.239060 0.267779 -0.168061 0.092233 -0.034669 -0.117480 0.210789 -0.093658 -0.204626 -0.255643 -0.263455 0.080479 -0.504601 0.026323 0.035418 -0.295676 -0.054614 -0.074066 -0.092847 -0.028864 -0.075212 -0.374574 0.189032 
-0.119421 0.285452 -0.050395 -0.018893 0.067886 0.209153 0.117199 -0.302288 0.313574 0.032231 -0.224665 -0.051295 0.127506 0.089556 -0.203060 -0.102425 0.027303 0.054660 0.181367 -0.161905 -0.212024 0.001708 -0.205671 0.106455 -0.027198 0.128214 0.102700 0.005849 0.197291 0.260949 -0.135905 0.188586 -0.105061 -0.241966 0.310705 0.017694 0.044906 0.100836 0.042021 0.101138 -0.173113 -0.126922 -0.142791 -0.176947 -0.123720 -0.561313 0.037440 0.247764 -0.156116 0.012027 0.065045 -0.132883 0.050706 -0.215827 -0.208555 0.008885 
0.074765 0.025248 0.080295 -0.253563 0.001375 0.101201 -0.210344 -0.112671 0.191392 0.234217 -0.001191 0.111555 0.304779 0.115621 -0.163711 -0.159684 -0.233469 -0.130319 -0.031358 -0.425605 -0.259382 0.080815 -0.130681 0.101412 0.005783 0.225896 0.159459 -0.041221 0.185563 0.011304 -0.069295 -0.057165 -0.236356 -0.036791 0.135150 0.117178 0.087727 0.203460 -0.042461 0.202992 0.023429 -0.249925 0.089298 -0.194796 0.107324 -0.375186 -0.071794 0.149746 -0.082944 -0.059168 0.004934 0.155498 -0.063897 -0.075202 0.025524 0.225923 
0.121990 -0.132025 0.221662 -0.147035 0.082925 0.090389 -0.105781 -0.073754 -0.024137 0.173083 0.052197 0.312572 0.372317 0.281973 -0.168686 -0.078800 -0.092527 -0.301814 -0.036646 -0.506463 -0.619661 0.046546 -0.142023 0.148247 0.268037 0.149304 0.106788 -0.104919 0.259818 -0.140633 0.002952 0.168565 -0.260207 -0.135560 0.131757 -0.033775 0.056796 0.073862 0.030858 0.017496 0.039439 -0.098851 0.058195 -0.165447 0.025432 -0.456039 -0.062186 -0.151470 -0.279382 -0.002891 0.085218 -0.196898 0.165098 -0.057313 -0.103123 0.313913 
0.075516 -0.084639 0.109114 0.003828 0.186961 -0.142131 -0.069211 -0.196797 0.080733 0.134706 -0.016998 0.321169 0.159254 0.278480 -0.088378 0.048661 -0.227949 -0.154561 -0.034975 -0.486546 -0.549921 0.261356 0.014512 0.299596 0.120476 0.115343 0.104755 -0.201001 0.333352 0.050777 0.213755 -0.115488 -0.322682 -0.341227 0.051958 0.243754 0.066292 0.096039 0.106430 -0.083494 -0.065033 -0.460623 -0.003055 -0.148711 -0.162122 -0.406263 -0.157266 -0.068345 -0.119595 0.028410 -0.039640 -0.026797 0.154466 -0.052709 -0.070357 0.300837 
0.201293 -0.083045 0.210446 0.143340 0.310200 0.043537 -0.111966 -0.155596 -0.006844 0.107392 0.063016 0.210081 0.236898 0.342213 -0.213393 -0.033422 -0.016584 0.020368 0.039830 -0.418662 -0.604319 0.114760 0.067032 0.375705 0.150464 0.334558 -0.012310 0.002704 0.127706 0.028273 0.259489 -0.078062 -0.331990 -0.049495 0.315518 0.150507 0.054476 0.014309 -0.047195 -0.235666 -0.175150 -0.407410 -0.251859 -0.371154 -0.004594 -0.359480 -0.303059 -0.058050 -0.043232 0.043467 -0.101102 0.153173 0.070294 0.047366 -0.081093 0.178609 
0.266537 -0.221554 -0.071908 -0.019829 0.134711 0.301075 -0.149105 -0.222263 -0.060930 0.090158 -0.070906 0.246102 0.211020 0.225324 -0.087717 -0.079303 -0.109774 0.065728 -0.095461 -0.524876 -0.281292 -0.033702 -0.053184 0.240145 0.204102 0.367973 0.019965 -0.037506 0.180060 0.030636 0.162486 -0.208324 -0.231491 -0.055192 0.164471 0.458798 0.110217 0.177674 -0.090954 -0.070708 0.036712 -0.649201 -0.114910 -0.353264 0.066616 -0.385839 0.033701 -0.038890 -0.024550 -0.058027 -0.254112 0.199362 0.056843 -0.052696 -0.012378 0.226198 
0.219328 -0.025079 0.014370 -0.087843 0.257716 0.215034 0.119032 -0.271469 0.032833 -0.054519 0.003421 0.413739 0.361214 0.156642 -0.110221 0.066880 -0.060810 -0.037393 -0.049473 -0.347639 -0.192328 0.084204 0.025089 0.133324 0.026523 0.624202 -0.258655 -0.129175 0.013700 0.040589 0.215731 -0.077160 -0.100593 -0.170513 0.236559 0.422139 0.148223 0.232484 -0.136144 -0.140283 0.003563 -0.565233 -0.160876 -0.382794 0.088252 -0.495679 -0.041369 -0.139203 0.028100 0.054573 -0.257268 0.218578 0.056967 0.135755 0.310966 0.124475 
0.040677 -0.079297 0.173917 0.046796 0.224665 0.112041 -0.067592 -0.218836 0.171512 0.062208 0.060555 0.357177 0.279637 0.188104 0.171810 -0.020829 -0.206804 -0.038173 -0.094087 -0.513243 -0.293732 0.006893 -0.015925 0.208654 -0.137795 0.522959 -0.134174 -0.067253 0.165085 0.228804 0.166674 0.100710 0.009370 0.017893 0.022807 0.332619 0.175434 0.005328 -0.024647 -0.146899 -0.096929 -0.659818 -0.117155 -0.281697 0.273595 -0.342815 -0.195978 -0.029597 -0.129089 0.048122 -0.323264 0.276169 0.312681 0.082169 0.342754 0.206153 
0.002683 -0.100349 0.260127 0.136272 0.431888 0.166099 0.070045 -0.505824 -0.004973 -0.020282 -0.005518 0.146668 0.239664 0.178485 0.105692 -0.031228 0.010753 0.097454 0.086047 -0.526809 -0.203985 0.122301 0.078478 0.316104 -0.035454 0.483337 0.020495 -0.203779 0.228176 0.185175 0.229510 0.012102 0.084219 -0.223632 -0.093773 0.291518 -0.054491 0.019903 -0.245080 -0.131767 -0.378709 -0.581135 0.167516 -0.051318 -0.061865 -0.189108 -0.026702 -0.141469 -0.016577 -0.146662 -0.389590 0.029526 0.103913 0.288211 0.346292 0.098213 
-0.050839 0.044062 0.191728 -0.119729 0.496390 0.195807 0.106797 -0.257628 0.068950 0.100549 0.097889 0.414975 0.320921 0.357396 0.134421 -0.017814 -0.220442 -0.054320 -0.070181 -0.540942 -0.211676 0.261606 0.136378 0.325376 0.212253 0.458980 -0.072076 -0.291024 0.430753 -0.026847 0.283782 0.129745 0.274664 0.002087 -0.228760 0.459130 0.227139 -0.033501 -0.153559 -0.155710 -0.092216 -0.562686 0.124546 0.160694 -0.159064 -0.339129 0.075541 0.111340 0.103423 -0.118665 -0.333980 0.358363 0.000982 0.121371 0.230679 0.139727 
-0.091400 -0.221106 0.086776 -0.088835 0.347444 0.228953 0.061377 -0.431778 0.065913 -0.043700 -0.047791 0.303947 0.201204 0.089597 0.164998 0.190698 -0.137022 0.111811 -0.156633 -0.607293 -0.008485 0.219059 0.211254 0.182111 0.093878 0.397823 0.102005 0.025761 0.191853 0.172541 0.190033 -0.123950 0.237897 0.093497 0.050066 0.432294 0.096519 -0.300135 -0.105430 -0.209684 -0.172849 -0.643201 0.086621 0.129267 -0.114279 -0.260422 0.009772 -0.007817 0.014068 -0.026767 -0.222297 0.245793 0.164308 0.330068 0.133935 -0.004138 
-0.138871 -0.051154 -0.131836 0.117920 0.345155 0.202202 0.074827 -0.331842 0.099553 0.027362 -0.204010 0.031985 0.432203 0.342817 -0.026799 0.256987 -0.273816 0.071281 -0.229766 -0.372041 0.016615 0.196871 0.163009 0.194090 0.184844 0.567853 0.057940 -0.093707 0.351107 -0.004699 0.010686 -0.085768 0.050916 0.087610 0.026350 0.320402 0.114554 -0.018683 -0.094158 -0.085461 -0.184207 -0.672022 0.170629 0.156560 -0.085114 -0.092626 0.231415 0.074302 0.041022 -0.046309 -0.094211 0.208968 0.106741 0.300988 0.084638 0.163567 
0.031629 -0.219354 -0.063704 -0.065641 0.340539 0.292296 0.151952 -0.495955 0.095098 -0.190416 -0.040277 0.033499 0.422953 0.209773 0.014574 0.103964 -0.209571 0.241020 -0.227068 -0.446855 -0.115395 0.090331 0.062501 0.203547 0.132038 0.307553 -0.001427 -0.106901 0.447737 0.211523 0.288305 -0.088869 -0.032400 -0.004999 -0.098384 0.499357 -0.114556 -0.034254 0.110088 0.011500 -0.359809 -0.638829 0.029152 0.105624 -0.241307 0.225677 0.094344 0.080555 -0.129084 0.039547 -0.056357 0.212326 0.176416 0.408132 0.298962 0.195846 
-0.069030 -0.383395 -0.032896 0.012176 0.299227 0.075028 0.194652 -0.457182 -0.098604 -0.141915 -0.099183 0.303841 0.087404 0.033042 -0.091907 0.033789 -0.059776 0.208806 -0.267939 -0.368444 -0.026687 0.060253 -0.092194 0.152950 0.079024 0.464478 0.144124 -0.088109 0.423617 0.065350 0.208759 0.112813 0.112050 0.122979 0.142175 0.204687 -0.215412 -0.074394 0.213236 -0.173874 -0.112605 -0.428663 0.081812 0.245222 -0.110911 0.257529 -0.095581 0.180256 -0.005236 0.011168 -0.217627 0.268562 0.025435 0.143600 0.275364 0.340783 
-0.267909 -0.404195 0.045399 -0.105504 0.191926 0.039549 0.283952 -0.276778 0.129990 -0.178286 -0.036757 0.314214 0.195681 -0.023326 0.004378 -0.068803 -0.310097 -0.019196 0.127198 -0.529036 0.078696 0.063899 -0.127481 0.093198 0.018371 0.670437 -0.056540 0.205466 0.568196 -0.129663 -0.042131 0.150319 0.051995 -0.023488 -0.191608 0.268891 -0.217405 0.131608 0.061605 -0.245128 -0.155715 -0.444178 -0.105871 0.308448 0.220756 0.399106 -0.059789 0.097731 -0.124086 -0.046614 -0.117743 0.175266 0.029880 0.260408 0.180036 0.583765 
-0.269253 -0.185597 0.152367 -0.009935 0.242521 -0.022607 0.137118 -0.303480 0.183218 0.207771 0.175122 0.295108 0.279690 0.232013 -0.003059 0.193034 -0.110765 -0.245464 0.064025 -0.468624 0.302423 0.057031 -0.009499 0.041004 0.183684 0.578292 -0.008439 0.064319 0.349710 0.168607 -0.016024 -0.127858 -0.213137 -0.012655 -0.082580 0.142293 -0.234504 0.164646 0.035929 -0.152964 -0.059187 -0.438620 0.029386 0.214661 0.026312 0.584242 -0.025738 0.185040 0.003998 0.001176 -0.283704 0.150603 -0.001542 0.457831 -0.104397 0.315635 
-0.198012 -0.176976 -0.045323 -0.045772 0.323738 -0.013299 0.075565 0.009768 0.180840 -0.017137 0.064648 0.282809 0.162827 0.103196 -0.170338 -0.103539 0.145636 -0.134687 0.013962 -0.586970 0.123622 -0.002177 0.065927 0.117851 0.189300 0.609146 -0.009934 -0.065905 0.463862 0.071249 0.066667 -0.101512 -0.009193 -0.231341 -0.100056 0.107460 -0.077698 -0.057082 0.062724 -0.015596 -0.059860 -0.392731 0.221984 0.358513 -0.002407 0.565482 0.010021 0.178085 -0.026114 -0.190677 -0.214689 -0.030400 0.204045 0.472021 -0.091839 0.119257 
-0.167943 -0.421431 0.108601 0.014915 0.349454 0.145328 0.129297 0.060857 0.075064 -0.107283 0.117064 0.063062 0.241174 0.105964 -0.023954 -0.064221 0.033584 -0.149466 -0.049019 -0.471532 0.319652 -0.047533 0.116492 0.219145 0.149751 0.821946 -0.051057 -0.183503 0.313586 0.181917 0.185697 -0.335194 -0.013679 -0.063587 -0.252475 0.062463 -0.041084 0.050628 0.166029 -0.007038 0.012013 -0.453366 0.237664 0.284366 -0.015836 0.624101 0.108421 0.221612 0.106876 0.174766 -0.188148 -0.061759 0.201474 0.177393 0.120848 0.177184 
-0.167927 -0.437110 0.046305 -0.034929 0.226629 0.222144 0.165909 -0.025389 0.081849 -0.023094 -0.075970 0.257656 0.277478 0.058568 -0.262408 -0.057674 -0.203555 -0.063347 0.121699 -0.573236 0.099310 -0.194110 0.021608 0.223309 0.344944 0.559764 0.152943 -0.089217 0.086784 0.033470 -0.018688 -0.022277 0.011759 -0.169782 -0.270832 0.187801 -0.171436 0.024087 0.157669 -0.254289 -0.024514 -0.353547 0.142024 0.111966 -0.036405 0.660692 -0.009553 0.239194 -0.021341 -0.045217 -0.358297 -0.180975 -0.027678 0.340935 -0.227725 0.158926 
-0.130979 -0.498087 -0.144124 -0.190556 0.159037 -0.036412 -0.080917 0.104293 -0.055924 0.032060 0.077345 0.097656 0.264021 0.092857 -0.096976 -0.028527 -0.247822 -0.047069 0.022127 -0.687059 0.160392 -0.143904 -0.140803 0.155947 0.256421 0.781951 -0.002265 -0.016646 -0.016437 0.162875 -0.016922 -0.065153 0.245851 0.003851 -0.249518 0.193194 -0.090710 -0.009359 0.036413 -0.114502 -0.132850 -0.232163 0.149012 0.390574 -0.148390 0.370115 0.051921 -0.049312 0.037993 0.071426 -0.365233 0.039339 0.287917 0.359617 -0.001694 0.371130 
-0.069225 -0.641669 -0.148635 -0.141764 -0.035748 -0.102756 -0.335931 0.111945 -0.324288 0.025610 0.120813 -0.032027 0.418697 0.246914 0.053574 0.119803 -0.222713 -0.073263 0.101784 -0.518505 0.087226 -0.049241 -0.198779 0.012205 0.452357 0.556894 -0.130429 -0.041445 0.341292 0.006150 -0.032365 -0.030065 -0.045137 0.067781 -0.356425 -0.007045 0.114252 0.038689 0.269992 -0.131091 0.136610 -0.180101 -0.042543 0.424578 0.004285 0.572778 -0.046108 -0.134025 0.226568 -0.153214 -0.007857 -0.221099 0.223857 0.423563 -0.118014 0.260433 
-0.140413 -0.619365 -0.201737 0.079279 -0.279533 -0.105189 -0.211148 0.198198 -0.556457 -0.053177 0.266685 0.157814 0.366003 0.296248 0.152641 0.230897 -0.220804 0.016762 0.046688 -0.690433 0.120065 -0.291426 -0.167369 0.040258 0.152700 0.573647 -0.026337 -0.092610 0.198628 -0.103610 0.027911 0.014892 -0.333583 0.303466 -0.288866 -0.007223 0.015383 0.133615 0.261902 -0.078864 0.075587 -0.217532 0.193207 0.245405 0.161745 0.608832 -0.220402 0.003731 0.005605 -0.174604 -0.066788 -0.322324 0.228659 0.387043 -0.216236 0.299662 
0.060337 -0.607295 -0.217291 -0.057320 -0.493125 -0.174111 -0.207915 0.460359 -0.292988 0.191304 0.263255 0.112758 0.389004 0.101622 0.118429 0.190669 -0.336020 -0.008482 0.084365 -0.208360 -0.037805 -0.103112 -0.296048 -0.136639 0.366197 0.549045 -0.070649 -0.463937 0.034160 -0.049836 -0.063362 -0.103863 -0.354931 0.442130 -0.308477 0.006375 0.348216 0.186144 0.219629 0.157936 0.216965 -0.152342 0.319423 0.181487 0.011352 0.707508 -0.227550 0.015229 0.044564 -0.012798 0.193319 -0.302512 0.128629 0.358250 -0.144505 0.353831 
0.087092 -0.678661 -0.143187 -0.033660 -0.693424 -0.118881 -0.209531 0.396266 -0.080543 0.106896 0.539185 0.195046 0.397375 0.175806 0.034596 0.199900 -0.332669 -0.202550 0.052585 -0.311827 0.174835 -0.092882 -0.239887 -0.322372 0.296504 0.347976 0.024336 -0.428599 0.127241 -0.010754 -0.047036 0.118983 -0.449351 0.582782 0.001071 0.042918 0.583367 0.158313 0.210540 0.095701 0.312715 -0.045129 0.234453 0.031441 -0.114489 0.805075 -0.123900 0.055372 0.112983 0.010710 0.400132 -0.386960 -0.057388 0.453961 -0.215374 0.371640 
0.037012 -0.774844 -0.307236 0.046285 -0.759017 0.001333 0.015456 0.255986 -0.256206 -0.107670 0.451660 0.111603 0.420607 0.142136 -0.021500 0.181209 -0.378337 -0.076899 0.199098 -0.200890 0.303896 -0.202574 -0.519981 -0.436590 0.269864 0.429972 0.211038 -0.170017 0.173811 0.132236 -0.044127 0.016558 -0.509130 0.492495 -0.321339 0.091067 0.718993 0.360914 0.377234 -0.025079 0.223439 0.021822 0.232559 -0.071918 -0.221428 0.587573 0.062398 0.124957 0.045268 -0.131468 0.360700 -0.439117 -0.167218 0.198952 -0.285613 0.272082 
-0.108134 -0.578716 -0.204260 0.021111 -0.761151 -0.040241 0.022791 0.130361 -0.317411 -0.033399 0.448987 0.163378 0.411214 -0.036275 -0.154379 0.315719 -0.468628 -0.230964 -0.141797 -0.102229 0.191737 -0.298022 -0.467423 -0.498089 0.185004 0.146599 0.231656 -0.141448 0.213346 -0.144740 -0.203997 -0.080946 -0.298357 0.450232 -0.159365 -0.015709 0.555721 0.269578 0.457294 -0.002433 0.215705 -0.006596 0.227644 -0.028325 -0.199545 0.471148 -0.269832 0.304078 0.177545 0.056025 0.561510 -0.160054 -0.103439 0.213031 -0.364595 0.309978 
0.001656 -0.653004 0.063996 -0.025953 -0.789216 -0.013201 -0.111687 0.344441 -0.270731 -0.011623 0.147764 0.258386 0.441520 0.032338 0.001304 0.086150 -0.594370 -0.108691 0.049799 -0.061686 0.138634 -0.314350 -0.461069 -0.653179 0.207134 0.275469 0.460388 -0.139034 0.177285 0.015028 -0.165417 -0.113075 -0.178564 0.536784 -0.248380 0.032431 0.815838 0.344939 0.248010 -0.128365 0.274313 0.070350 0.194394 -0.204833 -0.124291 0.434794 -0.046818 0.341503 0.141276 -0.090731 0.483722 -0.402534 -0.035132 0.223085 -0.314617 0.079517 
-0.362491 -0.388799 -0.123285 0.141516 -0.576887 0.119783 0.022320 0.509939 -0.159436 0.065323 0.069186 0.099816 0.191106 0.367330 0.088659 0.149303 -0.475676 -0.113023 0.370164 0.133038 0.145397 -0.482292 -0.319553 -0.508669 0.187301 -0.022803 0.461905 -0.409214 0.349647 -0.010265 -0.104345 -0.178525 -0.056548 0.458583 -0.197857 0.197651 0.552519 0.066660 0.121708 0.114524 0.252014 -0.054149 0.117687 -0.145015 -0.106298 0.143238 -0.253905 0.116241 0.264120 -0.179828 0.313337 -0.408451 -0.211407 0.036477 -0.043763 0.143116 
-0.223573 -0.577626 -0.119603 0.108717 -0.623493 0.187540 0.048662 0.473594 0.095344 0.073905 0.148151 0.144654 0.115883 0.160729 0.086153 0.190488 -0.372386 -0.340834 0.238149 -0.081846 -0.064509 -0.427997 -0.165315 -0.560870 0.370895 0.309946 0.351855 -0.521104 0.341875 -0.121271 -0.401710 -0.026450 -0.032010 0.159543 -0.364454 -0.066221 0.594215 0.251872 -0.082182 0.025208 0.292825 -0.086248 0.061057 -0.061535 -0.110628 0.182409 -0.043578 0.069025 0.228405 -0.155156 0.459956 -0.325691 -0.053447 0.130986 0.060799 0.129284 
-0.206621 -0.494577 -0.089048 -0.043412 -0.469194 0.086626 -0.290662 0.494219 0.180398 0.254181 0.113192 0.151304 0.068451 0.280494 0.172172 0.221011 -0.467636 -0.158241 0.185867 0.024398 -0.018760 -0.237773 -0.055214 -0.314449 0.245249 0.166891 0.292315 -0.457650 0.080015 -0.013371 -0.272340 0.028573 -0.114347 0.085136 -0.408224 -0.175055 0.341508 0.155214 0.057804 0.165676 -0.085105 -0.088260 -0.117573 -0.166604 0.000147 -0.193105 0.130338 0.013723 0.125303 -0.032205 0.491356 -0.311152 -0.214875 0.018165 -0.009658 0.011430 
-0.274673 -0.495237 -0.213621 0.019106 -0.499786 0.053676 -0.108174 0.496816 -0.054776 0.221211 0.059457 -0.020383 -0.006676 0.161627 0.156099 0.230565 -0.306085 -0.072627 -0.006324 0.172440 -0.361894 -0.220580 -0.068244 -0.149480 0.145210 -0.021120 0.008797 -0.295410 0.176262 0.004725 -0.064886 -0.149585 0.249642 -0.065200 -0.264922 -0.064362 0.193706 0.158184 0.095783 0.171984 0.045008 0.030999 -0.105689 -0.006731 0.181100 -0.156602 0.112538 0.043003 0.096568 -0.036054 0.267268 -0.442808 -0.236204 0.254234 0.025739 0.086801 
-0.189330 -0.499307 -0.175766 0.163726 -0.391005 -0.221990 -0.056175 0.683333 -0.007792 0.309706 0.272036 -0.021907 -0.058443 0.312670 0.348206 0.421905 -0.375389 -0.062473 -0.026433 0.108385 -0.271614 -0.273382 0.049078 -0.142657 0.274594 0.117712 -0.016414 -0.296537 0.217412 -0.063541 -0.116202 0.099578 -0.007500 -0.025654 -0.125525 -0.049008 0.041619 -0.029222 0.096271 -0.008115 -0.016675 0.356320 -0.262874 -0.093147 -0.008119 -0.160607 0.045611 0.346621 0.101946 0.029324 0.279922 -0.130831 -0.193783 0.214016 0.090954 0.118967 
-0.066355 -0.203939 -0.001453 0.006835 -0.517679 -0.041020 0.021484 0.825802 -0.014309 0.413951 0.240089 -0.352610 -0.151193 0.070045 0.223323 0.254140 -0.303407 -0.256368 0.021746 0.208095 -0.465631 0.038651 0.030801 0.191257 0.225648 -0.154742 -0.099928 -0.308659 0.159049 0.013615 -0.169251 0.059070 0.149532 0.193476 -0.371907 -0.232377 -0.108066 0.055467 0.106279 -0.184981 0.045631 0.340721 -0.349315 0.080875 0.010417 -0.105295 0.039859 0.247067 0.053174 -0.110949 0.265003 0.016385 -0.227990 0.191173 -0.018125 0.006956 
0.107068 -0.268442 -0.096015 0.148310 -0.217694 0.004297 0.102625 0.680201 -0.033322 0.724482 0.089859 -0.179302 -0.261194 0.168433 0.057880 0.047203 -0.243066 -0.041726 0.029329 0.368740 -0.684102 0.051949 0.146490 -0.071169 0.227039 -0.221677 -0.180179 -0.173229 0.029504 -0.045980 -0.103457 0.217124 0.327603 0.199090 -0.370730 -0.367105 -0.133252 -0.085137 0.198348 -0.150650 0.004300 0.201296 -0.441897 0.095629 -0.065614 -0.181567 0.125738 0.063942 0.040137 -0.203784 0.043101 -0.080968 -0.152105 0.358644 -0.186759 0.042194 
0.182952 -0.120564 0.323051 0.340836 -0.060823 -0.132699 -0.053116 0.333686 0.109094 0.547223 -0.173340 -0.378997 -0.153667 0.162851 0.012645 -0.034644 -0.080730 0.016589 0.087869 0.356543 -0.408218 0.090547 0.245109 -0.171211 0.090147 -0.260526 0.086125 -0.053940 0.133558 -0.040304 -0.192297 0.272683 0.282717 0.187681 -0.468228 -0.328658 -0.168993 -0.244289 0.349077 -0.307187 -0.085196 0.340333 -0.391161 0.306786 0.076452 0.047935 0.070814 0.047906 -0.096451 0.034017 -0.156334 -0.015396 -0.156275 0.248912 -0.011395 -0.123678 
0.115368 0.045655 0.013449 0.066454 0.132927 0.011157 0.024531 0.341164 -0.277410 0.419472 -0.137958 -0.313834 -0.289920 -0.083955 -0.033293 0.179508 -0.103211 0.056591 0.111294 0.448198 -0.345409 0.087198 0.274374 -0.239047 -0.036448 -0.301904 -0.235308 0.124954 -0.153543 0.040341 -0.226156 0.231957 0.468734 -0.008698 -0.344167 -0.402793 -0.362269 -0.013959 0.122305 -0.118265 0.038642 0.536529 -0.305608 0.135572 -0.244074 -0.002152 0.115360 -0.104345 -0.061276 0.012960 -0.034144 0.155891 -0.034548 0.280936 -0.085696 -0.071021 
0.271560 -0.028197 0.231989 0.026529 0.183005 -0.165205 0.308032 0.400725 -0.075275 0.315588 -0.254633 -0.190608 -0.293031 -0.123116 -0.139254 -0.155383 0.192101 0.049608 0.178107 0.265004 -0.688242 0.156385 0.183767 -0.296532 -0.097377 -0.369426 -0.403446 0.199576 -0.212299 0.015770 -0.204254 0.099019 0.440114 -0.057794 -0.376552 -0.440963 -0.729517 0.018515 0.428607 -0.209688 -0.189208 0.312680 -0.081219 0.189755 -0.231503 0.372011 -0.091163 -0.160979 -0.218888 0.144333 0.225851 -0.038479 0.021938 0.333596 -0.008151 -0.020730 
0.157601 0.072381 0.510782 0.036467 0.232458 -0.145501 -0.016130 0.243985 0.250734 0.299370 -0.107116 -0.089083 -0.408913 0.092183 -0.074969 -0.036189 0.272944 0.228665 0.061043 0.364819 -0.356019 0.192878 0.090820 -0.193303 -0.123795 -0.323627 -0.534178 0.166336 -0.169526 -0.045045 -0.044927 0.201291 0.694086 -0.148204 -0.289937 -0.327770 -0.824677 -0.196377 0.362666 0.049761 -0.049269 0.191292 -0.452209 0.293501 0.038636 0.077959 -0.001299 -0.162080 -0.291250 0.046504 0.059811 0.312019 -0.006515 0.182601 0.146697 -0.006794 
0.139962 0.152305 0.453377 0.093998 0.250086 -0.038366 0.215299 0.300301 0.105520 0.327284 -0.105356 -0.245802 -0.458084 -0.062995 0.069786 0.117110 0.375162 0.044577 -0.000099 0.257759 -0.633893 0.209819 0.380373 -0.171466 0.069623 -0.477059 -0.342445 -0.200166 -0.237410 0.186885 -0.217482 0.028352 0.609602 -0.052608 -0.423189 -0.234450 -0.650954 -0.125961 0.230489 -0.139871 -0.108201 0.538131 -0.151235 0.269929 0.004633 0.391340 -0.003185 -0.232812 -0.407810 0.054908 -0.000006 0.287476 0.138524 0.016803 0.223319 -0.125158 
0.188282 0.139731 0.587242 -0.101781 0.072951 -0.367209 0.101256 0.249929 0.077256 0.116035 -0.294617 -0.272259 -0.383772 -0.167551 0.051344 0.150099 0.374517 -0.052474 0.140067 0.428275 -0.597557 0.286682 0.164958 -0.116986 0.150942 -0.452771 -0.476584 -0.139411 -0.301862 0.209330 0.009148 -0.028742 0.432494 0.048062 -0.358897 -0.183141 -0.791197 -0.042158 0.287050 -0.088647 -0.107925 0.367027 -0.295897 0.239181 -0.133607 0.199258 -0.027984 -0.206235 -0.301689 0.169463 -0.090387 0.179145 0.059512 -0.135518 -0.022448 -0.110667 
0.311160 0.182093 0.639515 -0.185180 -0.025446 -0.574885 -0.006778 -0.127711 0.089414 0.216085 -0.251250 -0.415805 -0.370753 0.070482 0.194036 0.066904 0.385319 -0.128181 0.417454 0.219958 -0.462011 0.185008 0.312998 0.010288 0.030350 -0.342437 -0.328023 -0.078160 -0.457533 0.181155 -0.371806 0.051352 0.268681 0.047568 -0.269871 -0.049449 -0.749348 -0.297774 0.620497 0.050356 -0.194277 0.332012 -0.105873 0.140169 -0.244018 0.074355 0.096207 -0.305863 -0.486837 0.157432 -0.133903 0.325428 -0.193097 -0.082125 0.022726 0.116232 
0.157175 0.282148 0.268011 -0.029470 0.030682 -0.639431 -0.022692 -0.090865 -0.074604 0.315572 -0.312019 -0.304179 -0.379374 0.127715 0.229473 -0.064007 0.534019 -0.104152 0.235066 0.284962 -0.486352 0.098056 0.266679 -0.017932 -0.222157 -0.466955 -0.188226 0.202020 -0.490247 0.360582 -0.150138 0.138103 0.125143 -0.158911 -0.409942 -0.046298 -0.897797 -0.119738 0.447269 0.043540 -0.175801 0.581106 -0.233216 0.000255 -0.356355 0.147117 0.003627 -0.264647 -0.368501 0.093381 -0.012552 0.120917 -0.114714 -0.036355 0.077447 0.225563 
0.490102 0.226233 0.213888 -0.231517 0.207972 -0.402985 0.170675 -0.312131 -0.159218 0.192840 -0.460838 -0.242199 -0.344706 -0.065812 0.129534 0.253611 0.519812 0.002859 0.221874 0.514675 -0.249734 0.004157 0.169882 -0.001172 -0.128158 -0.382023 -0.060275 0.443276 -0.542913 0.203766 -0.325146 0.015878 0.017466 -0.203863 -0.345393 0.036796 -0.752927 -0.067398 0.135875 0.122650 -0.059472 0.509720 -0.053066 -0.037379 -0.240916 0.085677 0.045101 -0.389071 -0.200602 0.157821 -0.222543 0.125729 -0.228280 0.027961 0.109363 0.090385 
0.250929 0.287900 0.151617 -0.428371 0.273790 -0.419600 0.165796 -0.134616 -0.294764 0.171802 -0.168815 -0.344985 -0.411362 -0.184269 0.343559 0.108256 0.302891 -0.256549 0.084949 0.323538 -0.215515 0.312226 -0.091126 -0.133461 -0.140954 -0.322561 0.385108 0.281166 -0.313932 0.626542 -0.226847 -0.388456 -0.204258 -0.552236 -0.485701 0.176001 -0.589592 0.149350 -0.024352 0.001311 -0.176220 0.268802 0.124465 -0.225329 -0.191667 0.157471 0.118488 -0.246745 -0.235646 0.083884 -0.189054 -0.109080 -0.321880 0.054179 0.184998 0.048139 
0.184584 0.211849 0.225279 -0.280347 0.237914 -0.424166 0.106726 -0.145769 -0.349681 0.092162 -0.255248 -0.180380 -0.587140 -0.014013 0.565478 0.049595 0.185719 -0.465718 0.183085 0.420976 0.006098 0.210484 -0.380042 -0.210843 -0.348095 -0.421108 0.432668 0.541221 -0.415782 0.537747 -0.095822 -0.235610 -0.094667 -0.550282 -0.541155 0.125061 -0.625467 0.093393 -0.011884 0.275312 -0.169320 0.399845 0.022582 -0.124034 0.102245 0.190013 0.071488 -0.553062 -0.246479 0.062750 -0.112541 -0.021161 -0.053219 -0.065214 -0.117672 -0.030223 
0.242491 0.378461 0.166667 -0.196840 0.540781 -0.346227 0.072619 -0.418689 -0.374454 0.042533 -0.213553 -0.271423 -0.372993 -0.003775 0.602190 0.199142 0.099844 -0.286298 0.211270 0.409674 -0.121704 0.258370 -0.326679 -0.262119 -0.200336 -0.263422 0.483504 0.464481 -0.268114 0.432939 -0.095787 -0.055019 -0.272831 -0.459123 -0.330565 -0.062204 -0.597866 0.017354 0.052682 0.075637 -0.011605 0.355825 -0.133180 -0.179346 -0.093956 0.212210 -0.003772 -0.486073 -0.048745 0.094840 -0.017979 0.028909 -0.073245 0.090229 -0.022993 0.012867 
0.391688 0.349846 -0.043667 -0.087379 0.503331 -0.171251 0.107785 -0.200418 -0.570468 0.150515 -0.122470 -0.200900 -0.505241 -0.052686 0.494798 0.037968 0.191013 -0.112566 0.191012 0.182380 0.005854 0.314403 -0.599676 -0.602037 -0.220435 -0.315448 0.447500 0.396038 -0.312031 0.327914 -0.158084 0.217888 -0.277218 -0.109971 -0.347753 -0.022725 -0.287473 0.298282 0.126277 -0.057166 -0.219376 0.344646 -0.080280 0.071350 -0.232257 -0.037526 0.165236 -0.425062 0.027271 0.054098 0.004213 0.083927 -0.118076 0.015086 0.026279 0.143437 
0.366296 0.142293 -0.109480 0.027112 0.687246 0.011238 0.004169 -0.310427 -0.465549 0.285153 -0.216723 -0.150588 -0.365373 -0.056530 0.381363 0.174080 0.224251 0.257020 0.341137 0.168153 0.146650 0.469440 -0.391354 -0.457684 -0.373887 -0.265813 0.343722 0.384876 -0.392550 0.041659 -0.018891 0.629197 -0.068183 0.332791 -0.226955 0.062193 -0.208373 -0.059253 0.206766 0.040758 -0.078860 0.095119 -0.107489 0.085941 -0.077179 -0.060044 -0.022603 -0.475481 0.078671 0.102342 -0.049622 0.215523 -0.038028 0.262535 0.121298 0.049332 
0.310627 0.277998 -0.185871 0.083999 0.605606 0.367728 0.170387 -0.478958 -0.413406 0.115820 -0.286478 -0.243016 -0.272882 -0.142916 0.502432 0.153990 0.207444 -0.202312 -0.117997 0.035725 0.450267 0.511941 -0.209662 -0.615081 -0.213142 -0.330777 0.215659 0.381607 -0.355458 0.303489 -0.217152 0.545961 -0.321328 0.156929 0.110362 -0.090974 -0.134254 -0.191814 -0.224745 0.047311 -0.083263 -0.124483 0.028354 -0.012783 0.187523 -0.127385 0.126381 -0.154481 0.395317 0.005526 0.017220 0.112705 -0.115510 0.536242 0.209582 -0.040275 
0.244763 0.211711 -0.152392 -0.215127 0.668178 0.371252 0.234771 -0.270141 -0.320358 0.104067 -0.392342 -0.407658 -0.493307 0.029316 0.644912 0.012003 0.141356 -0.013982 -0.104287 0.134225 0.507839 0.343667 -0.400460 -0.540927 -0.003238 -0.247084 0.350214 0.242015 -0.559005 0.121401 -0.209489 0.517201 -0.186557 0.447645 0.291353 -0.035423 0.082419 0.014055 -0.230768 -0.157624 -0.075726 -0.228407 0.135892 0.026459 0.268292 -0.390320 -0.005315 -0.202186 0.613431 -0.050499 0.048434 0.278639 0.037796 0.323206 0.100886 -0.097038 
0.360981 0.411153 0.048620 0.075997 0.576207 0.490160 -0.078167 -0.294676 -0.328208 0.189867 -0.160864 -0.156452 -0.316212 -0.030021 0.509235 0.179605 0.164329 -0.468591 -0.150145 0.168230 0.681208 0.504524 -0.191191 -0.567281 -0.338187 -0.230118 0.382126 -0.092400 -0.513165 -0.133049 -0.244641 0.567157 -0.163787 0.361870 0.102267 -0.043152 0.396837 -0.053846 -0.263296 -0.071480 0.093312 -0.225551 0.074161 -0.033358 0.517493 -0.331326 -0.045438 -0.047427 0.566474 -0.311536 0.061663 0.094757 -0.111530 0.191157 0.070124 0.059363 
0.322986 0.326622 -0.105882 -0.048921 0.065491 0.508780 -0.023288 -0.003892 0.004895 0.046421 -0.393268 -0.127913 -0.274032 0.008249 0.697695 0.216198 -0.098343 -0.456178 -0.333937 0.164538 0.726985 0.266434 -0.234161 -0.356376 -0.393826 -0.258760 0.428322 -0.249587 -0.545140 -0.222609 -0.347693 0.257301 -0.258986 0.219611 0.102005 0.067849 0.571699 -0.024179 -0.145346 -0.124991 -0.067598 -0.053830 0.019406 -0.154508 0.269713 -0.118866 -0.108894 -0.000786 0.432777 -0.371649 0.121364 0.184786 0.074203 0.015554 0.151880 -0.027020 
0.198893 0.250874 -0.251967 -0.221068 -0.155064 0.611565 -0.236486 0.006229 0.154609 0.104754 -0.280610 -0.091633 -0.352737 -0.065469 0.393108 0.051389 -0.129699 -0.551043 -0.195059 0.159704 0.347640 0.200635 -0.047181 -0.139740 -0.571365 -0.551837 0.474843 -0.042700 -0.643754 -0.112455 -0.127731 0.299224 -0.221126 0.047582 -0.042277 0.075461 0.475074 0.102517 0.108795 0.006926 -0.026435 0.315651 -0.049524 -0.167107 0.208490 0.070174 -0.175670 0.138611 0.522211 -0.479069 0.147274 0.248069 0.092883 -0.075089 -0.027080 -0.046351 
0.116561 0.220810 -0.283976 -0.107349 -0.211778 0.430177 -0.347617 0.138246 0.413692 0.194339 -0.034074 -0.181791 -0.102677 -0.119213 0.194596 0.148028 -0.094966 -0.309569 -0.439738 0.104792 0.305556 -0.186394 -0.082481 0.254157 -0.640011 -0.399052 0.611360 -0.049986 -0.563744 -0.143278 0.024371 -0.156122 -0.037685 0.153366 0.102306 0.260206 0.708018 0.059006 -0.102169 0.069142 0.182241 0.371215 -0.047995 -0.328123 0.197725 0.159784 -0.090865 -0.200913 0.059989 -0.682416 0.295649 0.236209 -0.058271 0.012245 -0.108104 0.198780 
-0.143287 0.321424 -0.103167 -0.116931 -0.413857 0.465551 -0.444504 -0.134152 0.577922 0.041992 0.067862 0.054851 -0.001596 -0.037167 -0.104574 0.269002 -0.194939 -0.339514 -0.353178 0.326327 0.149402 -0.203310 0.042581 0.532006 -0.570370 -0.669315 0.654705 -0.166777 -0.680429 -0.414006 0.083281 -0.118788 -0.047889 -0.259213 0.094122 -0.014237 0.611319 0.123925 -0.362551 -0.015933 -0.090226 0.525021 -0.149773 -0.430853 0.283718 -0.042443 0.081350 -0.117536 0.033697 -0.640537 0.364363 0.304630 0.104024 0.236889 0.093984 0.179268 
-0.289070 0.200622 -0.353274 -0.132503 -0.150944 0.062833 -0.280542 -0.043162 1.077061 -0.030724 0.300944 -0.038776 -0.033671 -0.090696 -0.069760 0.200879 -0.187409 -0.320087 -0.633983 0.356938 0.139136 -0.142169 0.012661 0.916819 -0.548609 -0.409299 0.458676 -0.098552 -0.679742 -0.199352 0.204128 -0.220954 0.118158 -0.415422 0.006242 0.091742 0.823538 -0.011425 -0.256036 0.157746 -0.009638 0.653419 -0.218825 -0.368965 0.154640 -0.083003 0.021413 -0.148627 -0.135158 -0.804522 0.399139 0.169044 -0.057162 0.382851 -0.106786 0.319403 
-0.378486 0.095119 -0.115700 0.044660 -0.324518 -0.122237 0.001276 0.005599 1.081292 -0.015275 0.404790 0.230905 0.034363 -0.106256 -0.117543 0.020780 -0.413161 -0.122727 -0.897746 0.247020 0.084524 -0.431472 0.055555 1.196301 -0.695181 -0.376903 0.443187 -0.396300 -0.392142 -0.181525 0.477410 -0.232696 0.146250 -0.374990 0.075453 -0.035780 0.637995 -0.125878 -0.110453 0.017110 0.048205 0.525251 -0.266529 -0.478898 -0.006538 -0.423388 0.141023 -0.371842 -0.355986 -0.672466 0.492263 0.204775 0.126439 0.146884 -0.122441 0.301708 
-0.200248 -0.108157 -0.130925 0.114473 -0.461124 -0.214486 0.161556 -0.129491 0.864645 0.145052 0.659808 0.474668 0.047129 -0.070623 -0.303013 0.007519 -0.234198 0.215442 -0.752694 0.134155 -0.050302 -0.467473 0.062148 0.896092 -0.846241 -0.359631 0.277410 -0.449155 -0.391112 -0.098645 0.566124 -0.225576 0.003594 -0.354721 -0.098712 0.143467 0.451946 -0.213881 -0.106414 0.084593 -0.027284 0.595484 -0.361179 -0.232744 -0.097706 -0.389300 -0.170477 -0.033858 -0.533451 -0.685120 0.412647 0.181555 -0.027643 0.074059 0.062530 0.057312 
-0.247677 0.043976 -0.006091 -0.035516 -0.238682 -0.353143 0.273641 -0.348563 0.646367 0.190180 0.769741 0.275215 0.182590 -0.163521 -0.205400 -0.328909 -0.156807 0.345097 -0.532153 0.326567 0.214391 -0.380559 0.114071 0.768269 -1.000999 -0.275013 0.140163 -0.647758 0.055870 -0.058793 0.752742 -0.161311 -0.034991 -0.123157 -0.065029 0.011933 0.222527 -0.007146 0.068785 0.179092 -0.080975 0.549414 -0.272557 -0.180516 0.280282 -0.280328 -0.063220 -0.052214 -0.504390 -0.562919 0.564555 0.226003 -0.139577 0.039122 -0.081811 0.186521 
-0.207974 -0.061134 -0.095380 -0.000975 -0.145697 -0.132649 0.349757 -0.011742 0.065289 0.031812 0.728778 0.284078 -0.035154 -0.071906 -0.151620 -0.545030 0.006097 0.709094 -0.529060 0.301196 0.328231 -0.126581 -0.087996 0.728287 -0.859792 -0.337035 -0.043403 -0.272356 0.142481 0.139098 0.568294 0.040703 0.123126 -0.225313 -0.233943 0.105763 -0.248853 0.289828 0.025759 0.187794 0.047249 0.229531 -0.422992 0.049369 0.181418 -0.047915 -0.098871 0.226312 -0.185318 0.162273 0.414262 -0.017262 -0.204863 -0.184190 0.071658 -0.153002 
-0.074129 -0.093030 0.008864 -0.039397 0.016293 -0.175295 0.170277 0.080507 -0.209266 0.062467 0.530126 0.205240 0.084056 -0.081977 -0.342240 -0.829730 0.100692 0.993783 -0.175764 0.175468 0.291983 -0.323254 0.134391 0.398328 -0.790778 -0.198833 -0.029037 -0.101781 0.214846 0.510000 0.547752 0.079332 0.215342 0.034458 -0.036330 0.052549 -0.607553 0.089735 0.041366 0.152651 0.152171 0.340727 -0.163732 -0.110003 -0.214097 -0.191193 -0.121814 0.088228 -0.166095 0.506807 0.092770 -0.122891 -0.355916 -0.095077 0.052807 -0.360431 
-0.098774 -0.186414 0.168993 -0.108681 -0.067464 -0.118840 0.157283 0.150414 -0.305632 -0.125416 0.236791 0.253471 -0.224510 -0.157596 -0.303122 -0.655529 0.171717 0.966590 0.059608 -0.057761 0.243815 -0.065693 0.202487 0.451560 -0.466275 -0.007905 -0.362204 -0.024539 0.231607 0.439970 0.240200 0.383730 0.154938 -0.084008 0.167315 0.226902 -1.016890 -0.169331 -0.316655 -0.088418 0.471122 0.286366 -0.161045 0.156885 -0.034628 -0.323996 -0.148383 0.075086 0.096248 0.703090 -0.076979 -0.549565 -0.361014 -0.298300 0.042273 -0.389834 
0.052178 -0.124782 -0.264682 0.015290 0.218952 0.100713 -0.058367 0.372875 -0.338270 0.163219 -0.138440 0.166721 -0.443278 0.245775 -0.345732 -0.752150 0.145051 0.498308 0.103084 0.246281 0.452912 0.104550 0.395455 0.308863 -0.009153 0.029912 -0.235450 0.361756 0.207058 0.280703 0.284505 0.232696 0.049991 0.027760 0.240715 -0.011354 -0.697635 -0.372241 -0.517715 -0.445406 0.404971 0.427115 0.076929 0.086784 -0.032470 -0.165617 -0.001630 0.170793 0.315031 0.960759 -0.408317 -0.512267 -0.280608 -0.012852 0.048809 -0.332485 
-0.163375 -0.220217 -0.337712 0.060880 0.299221 0.537202 0.075792 0.456244 -0.175115 0.256514 -0.558220 -0.007463 -0.632443 0.012039 -0.374924 -0.631575 0.183619 0.481554 0.391856 -0.183286 0.309440 0.046884 0.490963 0.385658 0.388907 0.319221 -0.373913 0.461520 0.263665 0.128501 -0.204579 0.164402 -0.123085 -0.149685 0.327642 0.046182 -0.531246 -0.143595 -0.801891 -0.294052 0.265628 0.573856 0.388340 0.173559 -0.143509 -0.479986 0.057162 0.073987 0.472112 0.897854 -0.406325 -0.834995 -0.201854 -0.045421 0.195314 -0.450399 
-0.027082 -0.221493 -0.437895 0.048244 0.319996 0.497211 -0.124217 0.480381 -0.040260 0.092901 -0.707037 -0.168115 -0.255417 0.225233 -0.370198 -0.577590 0.209437 0.017863 0.546029 -0.070271 0.000946 0.175104 0.129870 0.700266 0.640676 0.642748 -0.082130 0.448516 0.298849 -0.170096 -0.275406 0.204244 -0.050334 -0.304212 0.105652 -0.104538 -0.193279 0.256493 -0.839168 -0.132493 0.225176 0.710624 0.545831 -0.076916 -0.359442 -0.355574 -0.253547 -0.005425 0.485773 0.992490 -0.475959 -0.749223 -0.142481 0.001386 0.125243 -0.136284 
-0.072812 -0.129946 -0.337479 0.013005 0.407510 0.458693 -0.153843 0.342543 -0.164836 0.290577 -0.525931 -0.072733 -0.341454 0.024258 -0.241770 -0.086194 0.246119 -0.343944 0.261720 -0.134994 -0.287258 0.096753 -0.192625 0.817152 0.767738 0.516300 0.105765 0.468456 0.169684 -0.204553 -0.536675 0.107481 -0.334955 -0.462750 -0.089671 -0.168801 0.461333 0.362078 -0.275625 0.127926 0.243938 0.357301 0.634800 -0.091602 -0.349850 -0.275271 -0.180883 -0.373526 0.131040 0.779706 -0.542185 -0.548522 -0.492775 0.151624 0.272564 0.398669 
0.164927 -0.015277 -0.201661 0.166050 0.318776 0.304474 0.222193 0.078861 -0.096029 0.082917 -0.541851 0.104336 0.055556 0.160981 -0.050244 0.172879 0.549184 -0.463292 0.336440 0.031039 -0.399653 -0.054107 -0.268418 0.669566 0.545236 0.374959 0.325615 0.068644 0.183906 -0.052488 -0.539304 0.163763 -0.658230 -0.375760 -0.048472 0.151172 0.769209 0.653204 -0.107596 0.584331 0.252523 0.028659 0.646612 0.056884 -0.146190 -0.145254 -0.488644 -0.240071 0.105076 0.511697 -0.428092 -0.189813 -0.173385 0.058379 0.338440 0.641729 
0.225187 -0.116810 0.303375 0.140851 -0.014134 0.017734 0.424088 -0.146317 -0.024172 0.182269 -0.364328 -0.347676 0.431544 0.138672 0.528187 0.573728 0.514818 -0.637311 -0.218165 0.090174 -0.295960 0.124901 -0.321029 0.399515 0.519496 0.054501 0.186233 -0.220889 -0.181028 -0.165832 -0.600457 0.567075 -0.526499 0.007334 -0.016960 0.124094 1.068468 0.454994 0.136241 0.822889 -0.105552 -0.294647 0.720788 0.170039 0.015652 -0.133260 -0.321649 -0.310417 0.183575 -0.065193 -0.512558 0.056692 -0.134708 -0.058873 0.003811 0.255642 
0.534105 0.091313 0.428227 0.212468 -0.346286 -0.112556 0.542708 -0.530161 -0.114481 0.154344 -0.142286 -0.573110 0.615960 0.061121 0.518151 0.462693 0.396433 -0.587611 -0.028422 0.366953 0.017888 0.061511 -0.096821 -0.156672 0.131814 0.280398 0.243699 -0.293551 -0.313828 0.196259 -0.306454 0.706844 -0.412756 0.356991 0.186700 0.281013 0.753492 0.180591 0.077641 1.196629 0.046523 -0.667792 0.204303 0.432898 0.087025 0.183786 -0.501660 0.174622 0.086450 -0.391171 -0.522982 0.327000 0.266735 -0.291152 -0.296480 0.024454 
0.366489 0.007633 0.479184 0.263349 -0.615160 -0.293626 0.519513 -0.847047 -0.155840 0.085128 -0.145013 -0.402318 0.583223 -0.059860 0.595270 0.771873 0.231975 -0.096721 0.243139 0.296683 0.170387 -0.001544 -0.220554 -0.314093 0.075841 0.345807 0.059593 -0.245055 -0.240214 -0.043018 -0.030080 0.151994 0.093876 0.202230 0.113634 0.362069 0.093909 -0.021510 0.180500 1.072763 -0.179184 -0.716081 0.070609 0.418146 -0.071325 -0.137896 -0.579691 0.298528 -0.127220 -0.501860 -0.403355 0.398898 0.536452 -0.311490 -0.347474 -0.287310 
0.154643 -0.173147 0.514360 0.155409 -0.218023 -0.204668 0.216919 -0.732225 0.001474 -0.091003 0.205110 -0.174155 0.111027 -0.141240 -0.025581 0.160657 -0.008455 -0.086722 0.291535 0.279167 0.271498 0.066621 -0.018215 -0.697872 -0.356511 0.545039 0.151791 0.056811 -0.221308 0.275031 -0.082567 -0.379480 0.200943 0.237840 0.184672 -0.079233 -0.341063 -0.245722 0.150113 0.546225 -0.212436 -0.635757 -0.336681 0.395040 -0.225134 0.084563 -0.124081 0.100168 -0.221867 -0.455010 -0.577084 0.566614 0.601150 -0.350837 -0.319145 -0.233823 
0.220648 -0.033299 0.249834 -0.132507 0.277764 -0.118474 0.201155 -0.492479 0.139333 -0.133794 -0.024725 -0.111490 -0.127348 0.042429 -0.487687 -0.518373 -0.059460 -0.043079 0.278753 0.006293 -0.010319 0.210290 -0.339571 -0.509020 -0.373327 0.154070 0.280211 0.057972 0.011277 0.387998 0.138851 -0.705374 0.047532 -0.149473 0.192553 -0.247827 -0.737131 -0.088295 0.234820 0.088729 -0.295369 -0.102123 -0.018371 0.143888 -0.242551 -0.035352 0.333013 0.001361 -0.259729 -0.314942 -0.652947 0.461761 0.696796 -0.015678 -0.152442 0.039216 
0.038892 -0.131421 -0.179366 0.110050 0.041720 -0.428595 0.348976 -0.211185 0.172413 0.057357 0.130042 -0.012296 -0.251262 0.154395 -0.675896 -0.824307 -0.069737 0.122599 0.399049 -0.046574 0.070884 -0.023937 0.002583 -0.267291 -0.173571 0.062282 0.648463 0.239099 0.031063 -0.038979 0.096786 -0.745315 0.181769 0.141420 0.264752 -0.165830 -0.825386 0.112702 -0.103132 -0.378770 -0.111302 0.066653 0.061203 0.078593 -0.111410 0.112960 0.452547 -0.078679 -0.322488 0.211623 -0.536995 0.275831 0.585403 -0.070353 -0.211491 0.260175 
-0.073959 -0.058541 -0.235911 0.499399 0.312243 -0.468024 0.363285 0.116164 0.196578 0.044344 0.350140 0.123551 0.014043 -0.077867 -0.474569 -0.698035 -0.098201 0.558792 0.479024 -0.030534 -0.101858 -0.422646 0.003043 -0.190068 0.021961 -0.444233 0.334028 -0.061618 -0.009483 -0.340825 0.293538 -0.317424 0.148662 0.106557 -0.228368 0.368195 -0.512833 -0.192316 0.050788 -0.757625 0.079616 0.142103 -0.014373 0.300923 -0.139364 0.222346 0.495699 0.055626 -0.230099 0.327551 -0.558685 -0.058880 0.648908 0.035482 0.140788 0.256611 
0.084510 0.284147 -0.189441 0.278582 0.686490 -0.362971 -0.275270 0.146143 0.080207 -0.126512 0.548864 -0.074316 -0.090051 0.027976 0.102114 -0.258759 0.042722 0.818847 0.126999 -0.130477 -0.256884 -0.128491 0.444970 0.037062 0.080967 -0.306115 -0.026762 -0.212901 0.021130 -0.235151 0.028398 0.999578 0.033444 0.229704 -0.431852 0.343947 -0.174614 -0.215165 0.260538 -0.514354 -0.150697 0.038521 -0.050138 0.069734 0.360593 0.005498 0.745107 0.144027 -0.048955 0.223115 -0.229828 -0.020892 0.721444 -0.030641 0.292791 -0.180668 
-0.166874 0.474020 -0.243850 0.020692 0.714421 -0.384366 -0.789625 0.187712 0.066916 -0.111637 0.562785 0.246644 -0.091486 0.086403 0.228829 -0.245849 0.182482 0.554779 -0.228124 -0.118354 0.089503 -0.025887 0.598725 -0.092509 0.188281 -0.314393 -0.406930 -0.547506 0.106178 -0.099345 0.228136 1.356646 0.102644 0.082798 -0.297189 0.102170 0.167101 -0.309620 0.108365 -0.280685 -0.327779 0.034114 -0.011080 -0.086766 0.674669 -0.057441 0.883955 -0.262501 0.071169 0.184215 0.009265 -0.028588 0.251227 -0.029757 0.209378 -0.177144 
-0.078302 0.347638 -0.112261 -0.049533 0.248800 -0.308251 -0.684239 0.432372 0.062367 -0.114359 0.649665 0.235014 -0.210739 -0.051296 0.094491 -0.016381 0.205658 0.067334 -0.512251 -0.228926 0.223468 -0.219485 0.157963 0.067248 0.445033 -0.274353 -0.382489 -0.285321 -0.029768 -0.168077 0.073778 0.472952 0.025759 0.164314 -0.180170 -0.042182 0.400342 -0.266995 0.205667 0.152599 -0.313242 -0.003096 -0.159470 -0.093949 0.186452 0.035435 0.817689 -0.288608 0.188133 0.050635 0.229437 -0.467690 -0.073799 0.135052 -0.098537 -0.320177 
0.000410 0.212859 -0.171211 -0.254520 -0.455401 -0.156740 -0.220862 0.235479 0.242640 0.029198 0.477866 0.432291 -0.023204 -0.013634 -0.149357 0.126326 0.057625 -0.638570 -0.627965 -0.400222 0.080757 0.036989 -0.357903 0.157843 0.572257 -0.285588 -0.097056 0.046486 -0.281915 -0.327454 0.031587 -0.595307 -0.021628 0.097698 0.219360 -0.454257 0.537414 0.202250 0.131914 0.463663 -0.199402 0.073263 0.033030 -0.214768 -0.179960 -0.060350 0.637177 -0.198301 0.473988 0.145765 0.410926 -0.261342 -0.453464 0.050895 -0.521047 0.173515 
0.355895 0.068968 -0.187052 -0.382323 -0.790959 0.070959 0.003429 0.242750 0.067701 -0.048795 -0.056797 0.157783 0.130960 0.057183 0.033104 0.316522 0.256701 -0.994441 -0.533818 -0.194725 -0.162905 0.348303 -0.694407 0.065142 0.537142 -0.222350 -0.324706 0.105967 -0.133136 -0.110393 0.256148 -0.989493 -0.118489 -0.142420 0.247397 -0.657099 0.564326 0.375532 0.022485 0.395046 -0.170879 0.511200 -0.168158 -0.329901 -0.210646 -0.018826 0.298087 -0.086146 0.491975 0.122923 0.442371 -0.239969 -0.936900 -0.092513 -0.317126 0.119765 
0.393122 0.264509 0.265942 -0.667159 -0.508580 0.093928 0.345464 -0.098181 0.281456 0.022348 -0.415588 -0.360986 0.050092 0.006071 0.177014 0.560727 0.271963 -0.665233 -0.253651 -0.096208 -0.420646 0.351881 -0.365439 -0.045580 0.242007 -0.150835 -0.254446 -0.002987 0.086866 -0.332525 0.401597 -0.138950 -0.082968 -0.555330 0.007459 -0.291407 0.353425 0.462837 0.273827 0.047796 -0.390465 0.373646 -0.149625 -0.122909 0.010307 -0.083312 0.137776 -0.245266 0.102669 0.189277 0.341174 -0.049400 -1.172181 -0.242715 -0.129483 0.082145 
0.521830 0.490087 0.472832 -0.388979 -0.258010 0.227038 0.170658 -0.552981 0.123393 0.038101 -0.770442 -0.658435 0.041696 -0.095564 0.161225 0.375516 0.071194 0.015800 0.183074 -0.153093 -0.283936 0.522342 0.277878 0.103383 -0.093083 0.330348 0.048223 -0.084978 0.136757 -0.066908 0.618710 0.242892 0.133002 -0.515484 -0.030002 -0.241894 -0.315327 0.030916 0.413633 -0.131487 -0.514493 -0.005748 -0.365881 0.009592 0.049526 0.393031 -0.139542 -0.072033 -0.319974 -0.094553 0.506458 -0.163915 -0.948899 -0.089193 0.416380 0.042158 
0.282197 0.316760 0.681840 -0.347862 0.035203 0.758629 0.311264 -0.522260 -0.101943 -0.122893 -0.873874 -0.307118 0.029198 -0.027483 0.082837 0.053933 -0.141222 0.643377 0.257596 -0.147130 -0.056262 0.069090 0.368996 0.093988 -0.267268 0.906731 -0.005395 -0.228611 0.366911 -0.156938 0.295018 -0.010378 0.197538 -0.267792 -0.132757 0.153902 -0.506937 -0.133510 0.423010 -0.413391 -0.787239 -0.312027 -0.158111 -0.141710 0.060294 -0.018307 -0.155640 -0.210458 -0.422993 -0.074712 0.537508 -0.173930 -0.548691 -0.030032 0.493369 0.053424 
-0.475397 0.120128 0.725888 -0.230525 0.462338 0.886246 0.082598 -0.162185 0.259368 0.132564 -0.369296 -0.133977 0.138237 0.094190 -0.198241 -0.270076 -0.383363 0.784747 0.187791 -0.081480 0.222463 -0.356886 0.337471 -0.066677 -0.571566 0.552325 0.055554 -0.369949 0.101806 0.034083 -0.157541 -0.491355 0.341840 -0.206304 -0.100242 0.213815 -0.348202 -0.595035 -0.238445 0.012624 -0.346655 -0.445866 0.256106 -0.124386 0.017163 -0.056330 -0.077019 0.052217 -0.495232 -0.191691 0.412041 0.567405 0.026679 0.330254 0.076763 -0.022889 
-0.581456 -0.127152 0.376259 -0.071464 0.569033 0.876846 0.018449 0.481279 0.607673 -0.368832 0.007387 -0.317066 0.140494 0.045975 0.032462 -0.332262 -0.365884 1.020810 0.072533 0.104432 0.422427 -0.666080 0.478295 -0.383443 -0.416307 0.318311 -0.025104 -0.608615 0.338984 -0.303398 -0.650257 -0.647641 0.392448 0.232021 -0.191794 0.194080 -0.563746 -0.767967 -0.502506 -0.087427 -0.100268 -0.647385 0.396559 -0.105180 -0.129876 -0.447241 0.112258 0.297565 -0.356000 -0.216003 0.667161 1.382589 0.420397 0.671446 -0.010679 -0.406204 
-0.460345 -0.227709 -0.185148 0.002835 0.560776 0.700606 -0.409888 0.686612 0.693489 -0.529447 0.196949 -0.175558 0.257919 -0.098490 0.020021 -0.315408 -0.457252 0.632666 0.303698 0.147864 0.383715 -0.603072 0.162239 -0.346789 -0.157094 -0.058447 0.010257 -0.384812 -0.207891 -0.574463 -0.566610 -0.505164 0.014773 0.467981 -0.117242 0.399476 -0.299413 -0.551765 -0.628822 -0.145510 0.335518 -0.573166 0.682352 -0.220196 -0.056460 -0.572679 0.136234 0.318973 -0.042762 0.018953 0.563616 0.981516 0.736688 0.566741 0.092508 -0.398435 
-0.376737 -0.021393 -0.284472 0.354114 0.073948 0.191262 -0.362042 0.475302 0.108645 -0.346395 0.456172 0.257927 0.108101 -0.192015 0.037359 -0.179665 -0.684114 0.180892 0.301126 0.013454 0.087135 -0.574139 -0.121718 -0.286006 -0.171368 -0.226324 0.001473 -0.100194 -0.113833 -0.662342 -0.713031 -0.605634 -0.508123 0.626096 -0.362102 0.115560 0.021102 0.118262 -0.848152 -0.354077 0.778383 -0.162290 0.809544 -0.001869 0.092314 -0.384710 -0.023652 0.223067 0.140567 -0.147469 0.614706 0.201263 0.310780 0.542276 -0.247931 -0.071914 
-0.426827 -0.275598 -0.330623 0.292386 -0.410952 -0.296302 -0.384814 -0.205499 0.056905 0.002430 0.605640 0.274468 0.230527 -0.032847 -0.168740 0.334021 -0.488667 -0.086050 0.684835 -0.248108 0.126941 -0.313967 -0.266438 -0.022771 -0.067500 -0.333300 -0.204601 -0.195574 -0.586511 -0.731056 -0.466235 -0.478079 -0.652827 0.393059 -0.448733 0.044334 0.246920 0.413935 -0.788049 -0.516461 0.617348 0.034458 0.977836 -0.065345 0.090542 -0.292093 0.145475 0.122944 0.499822 -0.072395 0.638594 -0.323522 -0.090727 0.062845 0.073228 0.089668 
-0.148113 -0.066881 -0.182431 0.487916 -0.404521 -0.645462 -0.051943 -0.511350 -0.137313 -0.001468 0.604209 0.354636 0.172705 -0.062086 -0.331308 0.527791 -0.042369 -0.272000 0.328605 -0.222819 -0.158523 -0.174467 -0.378758 0.021796 -0.112419 -0.583449 -0.235341 0.024450 -0.524218 -0.590973 -0.377385 -0.392796 -0.587093 0.531027 -0.237395 -0.254244 0.404283 0.401649 -0.405822 -0.625560 0.516341 0.073099 0.689303 0.062256 -0.004333 0.420984 0.014463 -0.370740 0.205014 -0.226433 0.389712 -0.662206 -0.291947 -0.146960 -0.219416 0.054297 
-0.232812 0.008878 -0.146890 0.332079 -0.054318 -0.697209 0.075342 -0.506016 -0.139607 0.039072 0.741554 0.023964 0.058373 -0.076282 -0.434417 0.619332 0.335317 -0.196304 0.370681 -0.223793 -0.157426 -0.014341 -0.059530 0.253340 0.209435 -0.570257 -0.300364 0.174786 -0.378642 -0.776199 -0.180308 -0.412384 -0.795244 0.158705 -0.176813 -0.394595 0.001749 0.264564 -0.167108 -0.594766 0.515375 0.138569 0.683817 0.304163 -0.136642 0.681766 0.045576 -0.611817 0.043711 -0.059004 0.153202 -0.491512 -0.216841 -0.275828 -0.060466 0.146332 
-0.160096 -0.209461 -0.070141 0.196241 0.131234 -0.807974 0.271939 -0.557587 -0.527499 -0.016061 0.519475 -0.346030 -0.006290 -0.004794 -0.361116 0.758170 0.340072 -0.346927 0.119712 -0.407102 -0.315750 0.164412 0.244335 0.356616 0.399670 -0.245590 -0.032727 0.362940 -0.383925 -0.315762 0.004638 -0.387443 -0.602649 0.009746 -0.047543 -0.592130 0.191134 0.460087 0.001644 -0.515563 0.526843 -0.007712 0.077852 0.202501 -0.065330 0.581644 0.056033 -0.729861 -0.061077 -0.010511 0.011967 -0.636742 -0.134023 -0.249728 -0.167720 0.032222 
-0.027317 -0.209824 -0.094606 -0.011124 0.430360 -0.511839 0.131117 -0.358358 -0.850563 0.082210 0.255161 -0.195894 -0.069053 -0.193347 -0.324955 0.605730 0.387569 -0.306844 0.168981 -0.336113 -0.390459 0.426410 0.388542 0.345661 0.640730 -0.219235 -0.153508 0.561019 -0.168392 -0.228400 0.503730 -0.113369 -0.378769 -0.204827 0.069489 -0.774740 0.196313 0.174982 0.293995 -0.141322 0.317375 0.230534 -0.102023 0.101358 0.018884 0.647248 0.080084 -0.771623 0.073685 0.121451 -0.029482 -0.623396 -0.137901 -0.331643 -0.071760 -0.210128 
-0.085230 -0.203849 0.132002 -0.191519 0.387498 -0.127549 0.481069 0.128862 -0.790745 0.091872 0.106879 -0.370116 -0.101307 -0.098496 -0.063885 0.719578 0.723762 -0.254647 0.260382 -0.392445 -0.247954 0.595811 0.607635 0.054066 0.777020 0.074923 -0.192757 0.767902 -0.270731 0.123504 0.592223 0.090515 -0.258417 -0.205159 0.480934 -0.636683 -0.074905 -0.118331 0.124910 -0.334427 0.421285 0.156939 -0.215115 0.004882 -0.062738 0.421998 -0.034938 -0.579778 -0.066420 0.207374 0.056361 -0.377863 -0.172772 -0.096623 -0.138799 -0.143245 
-0.008012 -0.281757 0.049899 -0.199096 0.078949 0.227036 0.175700 0.486718 -0.625023 0.040100 0.044312 -0.504833 -0.083161 0.071026 0.051234 0.628604 0.376948 -0.269896 0.460426 -0.258059 -0.125557 0.467156 0.803776 0.131929 0.738119 0.244275 -0.206323 0.573495 0.016855 -0.030316 0.799265 0.204707 -0.080128 -0.208405 0.224840 -0.483035 -0.083869 -0.476033 0.065431 -0.206936 0.114848 0.009266 -0.327276 0.146393 -0.098173 0.332785 0.062559 -0.358003 -0.178410 0.253934 -0.132160 -0.382673 -0.301133 -0.132693 -0.165953 -0.410887 
-0.152781 -0.234646 0.384507 -0.137670 0.105899 0.174921 0.388712 0.546337 -0.404125 -0.004664 -0.089241 -0.424824 -0.226789 0.093844 -0.035396 0.413907 0.477010 0.037210 0.350405 -0.336332 -0.119919 0.312825 0.922993 -0.070679 0.748858 0.299816 -0.108504 0.245636 -0.163913 0.024022 0.830537 0.270564 0.079507 0.091802 0.289228 -0.111947 -0.205670 -0.797520 -0.005722 -0.300447 -0.284548 0.001109 -0.534537 -0.221405 0.118238 0.340864 0.051628 0.155141 -0.138985 0.327184 -0.173078 -0.263840 -0.133386 -0.002396 -0.028200 -0.622839 
0.188694 -0.407389 0.145020 -0.031970 -0.255061 0.223750 0.193172 0.527515 -0.010944 0.118605 -0.158717 -0.368489 -0.150230 0.277701 0.318277 0.319367 0.339653 0.181276 0.310949 -0.241710 0.184756 0.159350 1.008970 -0.353888 0.639725 0.311594 0.000502 0.289938 -0.095929 0.269960 0.744672 0.340834 0.065425 0.166531 0.328371 0.153455 -0.068074 -0.917911 -0.112785 -0.121867 -0.316871 -0.043934 -0.441701 0.121116 0.087105 0.211321 -0.000706 0.235014 -0.144193 0.243790 -0.130682 -0.285820 0.029871 0.170649 -0.112856 -0.493694 
0.181864 -0.339448 0.428848 -0.121864 0.077421 0.280378 0.190753 0.108921 -0.001293 0.215549 -0.226366 -0.535333 -0.220943 0.185023 0.295663 0.208684 0.246613 0.150209 0.189492 0.042079 0.174808 0.275417 0.883525 -0.467542 0.379690 0.276061 -0.130623 0.306490 -0.096747 0.297498 0.530225 0.224502 -0.026067 0.124420 0.265671 0.351004 -0.119728 -0.685169 -0.377851 -0.033105 -0.299486 -0.180471 -0.378165 0.052406 0.133777 -0.166425 -0.083476 0.382891 0.019573 0.275788 -0.301535 0.013621 0.054111 0.031079 -0.034571 -0.361551 
0.071403 -0.237507 0.139218 0.053584 0.092704 0.201768 0.163995 0.037871 0.250375 0.283767 -0.446464 -0.285053 0.069229 0.070179 0.373735 0.097483 -0.085328 -0.078261 -0.251663 -0.156643 0.195039 0.340453 0.598682 -0.371511 0.370373 0.428639 -0.034302 0.261810 -0.061753 0.229052 0.545742 0.483673 0.074773 0.133619 0.198800 0.320145 -0.004671 -0.586322 -0.564991 0.040958 -0.324486 -0.018169 -0.112659 -0.216745 0.159189 -0.100577 -0.256142 0.484317 0.181539 0.149444 -0.248400 0.023706 -0.115755 0.124948 0.163137 -0.455248 
0.085832 -0.193478 0.254910 -0.059627 -0.061648 0.077086 0.083458 -0.089548 0.417006 0.281302 -0.529233 -0.300427 -0.187762 0.246596 0.379195 -0.060018 0.211384 -0.034243 -0.440349 -0.024660 0.415107 0.107227 0.362314 -0.341805 0.203322 0.259886 -0.200954 0.082032 0.241113 0.133892 0.509563 0.386417 0.009198 0.294442 0.111554 0.573427 0.007634 -0.525661 -0.577416 -0.041485 -0.214754 -0.108848 -0.228990 -0.033135 0.207347 -0.291291 -0.218662 0.490508 0.048104 -0.046808 -0.271375 0.178457 0.121395 0.022755 0.096369 -0.394162 
0.093280 0.002016 0.185294 0.144704 -0.012865 0.080813 0.081511 -0.022084 0.298836 0.243844 -0.325506 -0.270703 -0.047014 0.253717 0.415344 -0.166216 0.068878 -0.114113 -0.716898 -0.140440 0.241292 -0.054485 -0.065346 -0.278698 0.103824 0.323191 -0.128509 -0.185451 0.173614 -0.001359 0.431628 0.435907 -0.243492 0.231905 0.233298 0.288516 -0.050338 -0.425612 -0.471486 -0.036413 -0.360585 0.039920 0.038705 -0.219995 0.065730 -0.158734 -0.225969 0.331052 0.071325 -0.052201 -0.074884 0.200257 0.255153 0.140938 -0.030078 0.026818 
-0.029039 -0.006160 0.283235 0.095234 -0.385778 -0.097313 -0.148966 -0.027185 0.323437 0.139673 -0.353476 -0.282502 -0.006966 0.181170 0.400023 -0.249913 0.154375 -0.165241 -0.764430 -0.098016 0.393049 0.010058 0.067122 0.002258 -0.007248 0.141864 -0.161011 -0.050186 -0.049951 0.043604 0.396993 0.329146 -0.156568 0.343737 0.137429 0.637600 -0.087324 -0.260878 -0.217281 -0.019788 -0.162986 0.185561 0.118457 -0.241979 0.205441 -0.273702 -0.405722 0.376864 0.119321 -0.011379 -0.293888 0.399507 0.105745 0.118659 0.029922 0.126317 
0.050346 0.029308 0.253432 -0.061503 -0.318918 -0.022436 -0.050943 -0.202015 0.289695 -0.036688 -0.295349 -0.324313 -0.200141 0.003814 0.508459 -0.115931 0.117366 0.184846 -0.770375 -0.251730 0.468870 -0.021215 -0.046574 -0.081938 -0.231030 0.392381 -0.260399 -0.096781 -0.059836 0.017860 0.192552 0.316775 -0.202386 0.415514 0.210328 0.408879 0.150924 -0.133670 -0.257278 0.021519 -0.104074 -0.072193 0.078182 -0.214272 0.044834 -0.162610 -0.296086 0.115753 -0.005914 -0.241161 -0.245838 0.242609 0.222468 -0.057586 -0.001866 0.032243 
0.137202 0.017079 0.242344 -0.130916 -0.386046 -0.055451 -0.123993 -0.135240 0.390221 -0.032211 -0.059787 -0.146137 -0.247589 0.100273 0.574100 -0.224800 0.042690 0.243548 -0.701147 -0.213325 0.534791 -0.162867 0.065702 0.035187 -0.162533 0.197654 -0.332122 -0.344202 -0.137945 -0.097544 0.262276 0.264639 -0.140126 0.236188 0.269148 0.633516 -0.043693 -0.163569 0.097596 -0.019971 -0.014024 0.068127 -0.078776 -0.098401 -0.078699 -0.058621 -0.248417 0.005769 0.060749 -0.056078 -0.257411 0.456937 0.258193 -0.047093 0.055326 0.086548 
-0.019418 0.070648 0.094855 -0.008449 -0.190326 0.006797 0.063438 -0.152140 0.287568 -0.331896 -0.098786 -0.363363 -0.210509 0.008446 0.439806 -0.122857 -0.054378 0.212952 -0.355970 -0.269826 0.431722 0.024544 0.225087 0.182577 -0.070039 -0.002122 -0.403916 -0.255026 -0.103279 -0.168764 0.031249 0.157916 0.011996 0.279839 0.084508 0.115274 0.014139 -0.347161 -0.096712 -0.135804 0.153271 0.038649 0.034597 -0.389371 -0.077406 -0.169722 -0.376675 0.039492 0.149255 -0.312890 -0.454492 0.366576 0.250283 -0.082178 0.037648 0.003833 
0.089770 -0.182282 -0.250473 -0.271771 -0.004186 -0.104685 0.125782 0.063257 0.178137 -0.449014 -0.234518 -0.332571 -0.253914 -0.174364 0.228626 0.015480 -0.061995 0.268118 -0.540731 -0.215564 0.167153 -0.043124 0.288847 0.033633 0.201969 -0.051170 -0.002573 -0.001142 0.099004 -0.040613 0.178716 0.215895 0.212892 0.139145 0.097694 0.007120 -0.027961 -0.505110 0.041090 -0.049005 0.148702 -0.082278 -0.280831 -0.289628 -0.029608 0.148653 -0.485051 0.122951 -0.160407 0.053391 -0.357389 0.278388 0.298571 0.059912 0.061524 0.164939 
0.154783 0.038668 -0.124668 -0.235818 0.128092 -0.019234 0.095961 0.142637 0.158919 -0.342768 0.073405 -0.092513 -0.271147 -0.135758 0.273439 -0.017064 -0.221774 0.019370 -0.149755 -0.228319 -0.002538 0.183268 0.214383 0.053157 0.024277 -0.089209 -0.342445 0.018372 0.080720 -0.000987 0.048264 0.047363 0.554206 -0.067034 0.136207 -0.265957 -0.069786 -0.449888 0.146635 0.042546 0.211121 -0.022415 -0.236638 -0.227738 -0.030007 0.174727 -0.327134 0.079679 0.029690 0.043919 -0.082348 0.072223 0.333751 -0.179559 -0.057233 -0.026615 
-0.050698 0.036301 -0.394309 -0.118258 0.077910 0.098688 0.017896 0.178246 0.107063 -0.323223 -0.235016 -0.158836 -0.191781 -0.278631 0.182785 -0.094146 0.036477 0.048093 -0.331218 -0.074620 0.162286 0.049147 0.322163 -0.090104 0.323821 -0.084360 -0.275812 0.078502 -0.121143 0.059552 -0.005859 0.296577 0.421825 -0.358139 0.143915 -0.431756 -0.219558 -0.405097 0.321425 0.229797 0.337961 -0.169113 -0.159946 -0.082860 -0.187457 0.093164 -0.100713 0.197074 0.057895 0.165784 -0.075094 0.122671 0.040889 -0.144162 -0.102323 0.001611 
-0.076257 -0.062450 -0.329035 -0.304024 0.185487 -0.002501 0.207680 0.278376 0.153510 -0.355556 -0.074492 -0.134009 -0.158110 -0.045255 0.302318 -0.247187 -0.015242 0.073736 -0.307947 0.276013 -0.007305 0.093771 0.182103 -0.033914 0.340905 -0.088419 -0.184324 -0.062866 0.262918 0.072881 0.084195 0.100891 0.283274 -0.269578 0.079287 -0.369988 -0.078588 -0.402959 0.435963 0.460666 0.233150 -0.169591 -0.090020 -0.039171 -0.202532 0.218802 0.050306 0.257694 -0.193665 0.157317 -0.014501 0.228872 0.058473 -0.282697 -0.180046 -0.033850 
-0.124028 -0.166152 -0.330120 -0.236750 -0.073098 0.021851 0.298347 0.238982 0.036741 -0.447674 0.180229 0.016325 -0.117809 -0.046011 0.182570 -0.012258 0.000111 -0.029971 -0.246955 0.149527 0.124353 -0.011436 0.128903 0.276433 0.448102 -0.012701 -0.104565 -0.051659 0.225480 0.373517 -0.025890 0.128050 0.389906 -0.311023 0.154292 -0.312974 0.222368 -0.207199 0.339354 0.417801 0.112277 0.030164 -0.040592 0.069662 0.013592 0.359833 0.065168 0.218461 -0.251821 0.139017 -0.068724 0.053906 0.193321 -0.100740 -0.416285 0.217205 
-0.160827 -0.213878 -0.278380 0.013982 -0.115670 -0.020946 0.418661 0.353657 0.127573 -0.206097 0.100668 0.301981 0.077892 -0.257277 0.296793 -0.040790 0.016799 0.146125 -0.095430 0.232771 0.017829 -0.095559 0.136038 0.259827 0.265516 0.063064 -0.253963 -0.110270 0.023833 0.239000 -0.044075 -0.036546 0.375412 -0.204415 0.089944 -0.249077 0.155787 -0.145107 0.376074 0.264414 0.185186 -0.271109 0.051808 0.010997 -0.153291 0.108015 -0.104040 0.423657 -0.165053 0.351853 0.085857 0.246486 0.357914 -0.197494 -0.461209 0.099483 
-0.067266 -0.190610 -0.280510 -0.001980 -0.096503 0.031669 0.307842 0.299801 0.110946 -0.421622 0.188029 0.436421 -0.129416 -0.203530 0.251781 -0.109876 -0.039155 0.237636 -0.048955 0.204827 0.005896 -0.191622 -0.030932 0.020512 0.220068 -0.114377 -0.055677 -0.011465 0.091875 0.333373 -0.063023 -0.164865 0.350110 -0.035092 0.142194 -0.230361 0.221252 -0.162830 0.285095 0.123953 0.172952 0.086187 0.086269 0.234379 -0.056541 0.098282 -0.196569 0.434449 -0.092329 0.250484 -0.026277 0.245713 0.411007 0.071375 -0.362228 -0.020487 
-0.029058 -0.020402 -0.045734 0.051178 -0.219366 -0.153208 0.321301 0.339307 0.111876 -0.008422 0.149921 0.336414 0.003138 -0.040837 0.304881 -0.134493 -0.157478 0.227149 -0.238118 0.033906 0.048205 -0.177629 -0.157929 -0.034460 -0.010156 -0.031818 0.155329 -0.001088 0.215392 0.007408 -0.141587 -0.294659 0.177843 -0.107924 -0.037889 -0.129376 0.074608 -0.156328 0.225107 0.237509 0.146314 0.134085 0.163972 0.012383 0.160784 0.089085 0.087506 0.161694 -0.299085 0.404947 0.127699 0.330447 0.147921 -0.060778 -0.247413 -0.034977 
0.119981 0.078298 -0.389963 -0.107097 -0.316696 -0.023116 0.162804 0.248404 0.045899 -0.068967 -0.039595 0.338145 -0.114517 0.153172 0.200991 -0.136350 -0.158911 0.122497 -0.163910 0.210205 -0.201805 -0.273691 -0.345646 -0.193558 -0.307289 0.055585 -0.101310 0.006636 0.178900 0.043217 -0.336158 -0.613121 0.268541 0.041693 -0.051950 -0.302235 0.179841 0.198036 0.152118 0.030994 -0.004625 0.317494 0.188991 0.204525 -0.001952 -0.002825 0.167607 0.195225 -0.201981 0.377176 -0.000920 0.209339 0.194653 -0.079383 -0.285643 0.054696 
0.024867 -0.001690 -0.248945 -0.105412 -0.101325 -0.180957 -0.093154 0.071812 0.270546 -0.119498 0.140249 0.435962 -0.076183 -0.019090 0.175805 -0.352947 -0.148886 -0.065982 -0.335626 0.279800 0.012708 -0.259259 -0.356962 -0.133009 -0.134900 -0.054373 -0.098409 0.045788 0.246739 0.174433 -0.374787 -0.458666 0.041728 -0.070065 -0.057766 -0.232457 0.121244 0.345927 0.046280 0.020749 0.060585 0.235713 0.032244 0.062403 0.196700 0.054977 0.013993 0.404332 0.192941 0.334188 -0.025202 0.189796 0.173224 -0.133999 -0.220715 0.076116 
0.000573 0.073892 -0.179476 -0.043013 0.036719 0.024595 -0.157881 0.052426 0.289335 0.038257 0.156598 0.339572 -0.018726 0.282589 0.232193 -0.356098 -0.174890 0.057907 -0.338619 0.346532 -0.188588 -0.150413 -0.596384 -0.275903 -0.052896 -0.084891 -0.232915 0.150415 0.304356 0.352940 -0.491829 -0.417248 -0.092796 0.048102 -0.185796 -0.313059 0.128783 0.186828 0.021147 0.075191 0.129330 0.479716 0.032924 -0.123779 0.226879 0.060361 0.155671 0.071258 0.131498 0.443030 0.171782 0.300802 -0.178886 0.218644 0.058495 -0.107858 
-0.131788 0.032940 -0.057858 -0.259146 0.075993 -0.082216 -0.418432 0.124373 0.274477 0.089656 -0.009452 0.435787 -0.140145 0.113810 0.036588 -0.383179 -0.290781 0.017196 -0.427505 0.328228 -0.230708 -0.287411 -0.637249 -0.205254 -0.064438 -0.165415 -0.223273 0.095100 0.401557 0.062020 -0.455896 -0.450998 0.112683 -0.010549 0.022289 -0.152867 0.321531 0.197707 -0.073680 0.175835 -0.115954 0.525947 0.099412 -0.091927 0.252912 -0.012191 0.131885 0.275242 0.088723 0.210082 -0.086987 0.215444 -0.044805 0.076520 0.083194 -0.025458 
-0.196479 -0.162228 -0.164209 -0.166409 0.184823 0.082542 -0.220392 -0.072776 0.299483 0.161915 0.188606 0.353069 -0.132993 0.199907 0.064012 -0.111913 -0.122892 -0.199605 -0.384725 0.255350 -0.349409 -0.240554 -0.462830 -0.417933 -0.120417 -0.198650 -0.321213 0.050963 0.320252 0.087463 -0.380958 -0.370868 0.102967 -0.098728 -0.033366 -0.198695 0.123139 0.158695 -0.217812 0.249646 -0.195883 0.454995 -0.042162 -0.108900 0.227814 0.102995 -0.016542 0.022282 0.274210 0.252947 -0.111872 0.208450 -0.236432 0.052195 0.227280 -0.109301 
-0.100499 -0.100880 0.005145 0.023381 0.153980 -0.194361 -0.275374 0.091266 0.317397 0.262928 0.019498 0.359669 -0.130967 0.209846 0.097944 -0.286098 -0.100177 -0.255318 -0.245993 0.227440 -0.164704 -0.295202 -0.585504 -0.261001 -0.174972 -0.206357 -0.116319 0.146091 0.356388 0.280152 -0.538103 -0.434310 0.064054 -0.244034 -0.204260 -0.211999 0.385424 0.124899 -0.216502 0.207617 -0.152177 0.337852 -0.003034 -0.202680 0.038255 0.260833 0.152093 0.324336 0.194228 0.302665 -0.022961 0.331274 -0.037423 0.031581 0.203102 -0.243774 
-0.177595 0.150128 0.057465 -0.166308 0.025844 -0.079297 -0.132761 -0.059142 0.169872 0.092578 -0.197036 0.089962 0.051034 0.270277 0.017883 -0.340549 0.009846 -0.281821 -0.181970 0.202217 -0.135096 -0.134727 -0.328456 -0.270088 -0.061659 -0.204896 -0.070680 0.074773 0.409888 0.220158 -0.350177 -0.417571 0.246485 -0.148905 -0.102610 -0.107388 0.188530 0.185617 -0.112838 0.153811 -0.291134 0.355707 -0.001400 0.053407 0.156264 0.177703 -0.014528 0.199547 0.073731 0.427398 -0.178873 0.319329 0.025516 0.037554 0.035388 -0.209348 
-0.381523 0.225601 -0.027124 -0.059479 0.144701 -0.022794 -0.231266 -0.096949 0.235104 0.194871 -0.155155 0.158116 -0.168349 0.286844 -0.173329 -0.214105 -0.159767 -0.220994 0.016641 0.316121 0.142946 0.067135 -0.249172 -0.443139 -0.048502 -0.244036 0.076242 0.075413 0.432241 0.244401 -0.438446 -0.383855 0.271869 -0.228869 -0.184986 -0.394499 0.149480 0.223801 0.065806 0.112728 -0.196761 0.335610 0.039698 -0.071781 0.192482 0.339333 0.006106 0.220148 -0.016475 0.290053 -0.075787 0.162715 -0.090582 0.047378 0.333220 -0.016243 
-0.120216 -0.006531 0.137637 -0.158361 0.072114 0.090706 0.001333 -0.055375 -0.064682 0.134168 0.094220 0.010637 -0.153300 0.020243 -0.083932 -0.162132 -0.105903 -0.220399 -0.003396 0.320597 -0.056381 0.014800 -0.258244 -0.444743 -0.106282 -0.096409 0.198536 -0.031854 0.426038 0.313118 -0.227655 -0.120605 0.116610 -0.284656 -0.135057 -0.385483 0.098792 0.251228 -0.091188 0.117380 0.050971 0.330880 0.175057 0.092152 0.219924 0.158405 0.075033 -0.124649 0.173585 0.084987 0.033526 0.053271 0.090333 0.092221 0.174440 -0.193764 
-0.240072 -0.006832 0.084135 -0.268079 -0.021180 -0.022174 -0.313563 -0.198299 -0.047417 0.183241 0.135875 0.152902 0.069171 0.027183 -0.018828 0.055212 -0.089005 -0.072940 0.070148 0.412287 0.188914 -0.084302 -0.120514 -0.317621 -0.225779 -0.116115 0.292093 -0.034398 0.257395 0.144956 -0.098623 -0.323687 0.283290 -0.389491 -0.246532 -0.193236 0.375944 0.189231 0.267810 0.042237 -0.213981 0.337724 -0.028376 0.074821 0.270061 0.317157 -0.079145 -0.178293 0.117284 0.003614 -0.216324 0.099937 0.137631 0.092390 0.453382 0.028747 
-0.458362 0.063683 0.072365 -0.001911 0.082398 -0.063585 -0.326365 -0.165753 -0.096247 -0.021552 -0.014767 0.029271 0.094677 0.206020 -0.256112 0.022672 -0.137559 -0.018016 -0.050321 0.443028 -0.156991 -0.120128 -0.241319 -0.035395 -0.417389 -0.020446 0.290851 -0.002169 0.195002 0.081181 -0.107402 -0.159493 0.157027 -0.383088 -0.277660 0.026362 0.260532 0.310109 0.101155 0.332711 -0.109093 0.326182 -0.058334 0.164394 0.292872 0.393056 -0.016042 -0.232554 -0.040865 0.084648 -0.207912 -0.260085 0.053052 -0.036463 0.117122 -0.015398 
-0.336862 -0.095601 0.078461 -0.061469 0.396788 0.078102 -0.362162 -0.261411 -0.013424 0.013241 0.077446 0.154447 -0.015028 -0.035199 -0.306001 0.069645 -0.159568 0.107938 -0.082825 0.447645 -0.120479 0.103257 -0.133271 0.044029 -0.283856 -0.149923 0.178956 -0.042566 0.309625 0.249345 -0.186988 -0.056162 0.144964 -0.339146 -0.226103 -0.288044 0.199480 0.159580 -0.030554 0.495704 -0.195074 0.086312 -0.017751 0.083251 0.304954 0.400203 0.067689 -0.235191 -0.058389 0.087697 0.024792 -0.067432 0.052609 0.026225 0.466467 -0.018710 
-0.302239 -0.065293 0.053505 0.003057 0.228264 0.201070 -0.455319 -0.113607 0.136132 0.149320 -0.005187 -0.087142 -0.048112 0.109025 -0.232303 -0.038892 -0.307320 -0.183377 0.231621 0.275013 -0.194518 0.156016 -0.078529 0.020442 -0.073625 -0.045612 0.108248 -0.171111 0.349267 0.124544 -0.078087 -0.119742 -0.046914 -0.064505 0.107870 -0.037082 0.189198 -0.092736 0.032857 0.341259 0.071481 0.286381 -0.064572 -0.008518 0.158390 0.442136 0.092044 -0.326998 -0.092921 0.013383 0.079547 -0.131047 0.045668 0.001939 0.413996 -0.005610 
-0.522580 0.179370 0.130804 -0.100170 0.404134 0.118778 -0.206449 -0.185342 -0.145300 0.041726 0.155760 0.070588 -0.020195 0.142909 -0.463317 -0.016083 -0.124298 -0.015845 0.141837 0.357162 0.041120 0.007007 -0.064744 0.014378 0.144175 -0.157869 0.054792 -0.142872 0.168922 0.133286 -0.310388 -0.123414 0.033509 -0.072632 -0.014891 -0.070259 0.131516 0.227433 0.147071 0.344362 -0.008678 0.134982 -0.103807 0.054998 0.170572 0.380509 0.170380 -0.316449 0.034308 0.044849 0.009165 -0.092103 0.123550 0.117191 0.248596 -0.020262 
-0.418558 0.154119 0.070186 -0.029146 0.403951 0.232465 -0.318788 -0.176764 0.049488 0.230161 -0.045985 0.026081 0.174904 -0.004482 -0.385095 0.113788 0.165960 -0.062891 0.114810 0.195037 -0.036012 -0.094787 -0.154535 0.124556 0.056195 -0.012578 0.112437 0.014244 0.061892 0.188701 -0.109004 -0.127213 -0.025304 -0.024181 -0.003078 0.013268 0.170333 0.231563 -0.016554 0.418467 -0.026248 0.167154 0.021023 -0.149321 0.093887 0.165056 0.132725 -0.557762 0.082996 -0.069479 0.026351 -0.176817 0.009744 0.090938 0.131885 0.015034 
-0.431560 0.190746 0.079844 -0.170750 0.327896 0.133953 -0.319576 -0.117834 -0.088962 0.029251 -0.088713 -0.002046 0.145812 -0.215017 -0.525425 0.019437 0.223575 -0.126935 -0.016469 0.349136 0.061802 -0.102306 -0.081559 0.058878 0.092442 -0.102438 0.015060 0.151447 0.085346 0.114636 -0.129572 -0.050089 0.035319 -0.100594 -0.139249 0.134676 -0.021479 -0.059991 0.112335 0.219425 0.104776 -0.110600 -0.063146 -0.084765 -0.054859 0.009574 0.089377 -0.326807 0.187446 0.061218 -0.043147 -0.073061 -0.264399 0.094547 0.137445 -0.131053 
-0.369786 -0.165444 0.086482 -0.053706 0.275280 0.031172 -0.095025 -0.274801 -0.084141 0.123356 -0.082830 -0.009358 0.141011 -0.091066 -0.412074 -0.055922 0.025827 -0.147151 -0.064357 0.063384 0.094949 -0.089184 0.090600 0.193141 0.045088 0.100582 0.350360 -0.032522 0.238859 0.158621 0.053276 -0.069321 -0.057267 0.179590 -0.184884 0.058664 0.078867 0.210832 0.009620 0.185195 -0.139929 0.039187 0.002992 -0.057883 0.144363 -0.085196 0.011287 -0.404316 0.320587 0.027697 -0.045245 -0.202088 -0.087021 0.034559 0.182591 0.152957 
-0.212426 -0.042676 0.135713 0.190645 -0.073307 0.187227 0.007165 -0.058765 -0.024074 0.123007 -0.009419 -0.127780 -0.102821 -0.089747 -0.472461 -0.022740 0.119568 -0.184072 0.016092 0.277944 0.032808 0.175679 -0.183162 0.041446 0.085916 0.041688 0.107622 -0.259454 0.338110 0.077450 0.038421 0.072094 0.043099 0.181585 -0.157023 0.104441 0.098582 0.110678 -0.180578 0.216269 0.027220 -0.081059 0.042528 -0.070098 -0.060357 -0.132394 -0.081614 -0.237336 0.392761 -0.132142 -0.013096 -0.182631 0.005857 0.018049 0.247805 -0.123350 
-0.326941 0.067298 0.196962 0.070750 -0.024855 0.090289 0.076313 -0.275721 0.057493 0.018479 -0.081152 -0.078153 0.000935 0.020686 -0.461000 -0.008136 0.164070 -0.220311 0.086951 0.067793 0.023253 0.067453 -0.260925 0.133474 0.151906 -0.153671 0.239678 -0.351102 0.312667 0.022184 0.053708 -0.132340 -0.054581 0.325192 0.038772 0.140980 0.233596 0.216532 -0.223541 0.059513 -0.233584 -0.092662 0.041946 -0.034468 -0.076743 -0.043690 0.188185 -0.212994 0.173613 -0.053625 -0.151409 -0.027888 -0.125528 -0.062585 0.089580 0.021802 
-0.138037 -0.031777 -0.053642 0.132835 -0.089429 0.089790 0.074303 -0.167466 -0.192286 0.070543 0.198506 0.048815 0.133916 -0.045434 -0.504967 0.080273 0.183244 -0.088972 0.117068 0.215506 -0.037340 -0.085774 -0.147713 -0.004029 0.041218 0.032419 0.094414 -0.266909 0.200017 -0.074183 0.019877 -0.167536 0.014598 0.274320 0.084323 0.232677 0.103689 0.072187 0.114028 0.204220 -0.201465 -0.141588 -0.090127 0.053254 -0.033912 -0.115302 0.117521 -0.409268 0.070693 -0.123202 -0.110957 -0.099928 -0.230223 -0.057871 0.135420 -0.007049 
-0.003127 -0.073824 0.072744 0.089676 -0.031906 0.231350 0.197932 -0.251944 -0.094068 -0.134868 -0.176891 0.035976 -0.120592 -0.124395 -0.345528 -0.053982 0.223064 -0.142313 0.113182 0.055369 0.106912 -0.115529 -0.041057 0.197343 0.003567 0.174972 0.063965 -0.137943 -0.103192 -0.102614 0.067375 -0.003219 0.040955 0.183161 0.282496 0.170990 0.060070 0.203319 0.267520 0.242292 0.020910 0.019750 -0.069196 0.116897 0.267594 -0.167383 0.035652 -0.370684 0.186806 -0.193881 0.103660 -0.119977 -0.194583 -0.043630 -0.194210 0.146679 
-0.121925 -0.029309 0.202588 0.096664 -0.137026 0.138666 -0.074004 -0.063722 -0.006967 -0.172075 -0.007782 0.070166 0.054107 -0.182387 -0.388373 -0.064044 0.086869 0.102199 0.071305 0.097664 0.025880 -0.168459 -0.079770 0.189301 -0.100300 -0.003083 0.235953 -0.119151 0.197212 0.085668 0.143701 0.055451 -0.023292 -0.014605 0.054587 0.086952 0.020227 0.181381 0.093686 0.183169 -0.050865 -0.013385 -0.200317 0.110102 0.140883 -0.085068 0.008406 -0.341419 0.161893 -0.130651 -0.135625 -0.024134 -0.068401 0.138880 -0.097191 -0.062732 
-0.137216 0.137173 0.292129 0.091176 -0.268424 -0.049594 0.120689 -0.273474 0.030905 -0.253704 -0.099378 0.075577 -0.082372 -0.211254 -0.264893 0.125550 0.317575 0.000082 0.151402 0.123581 -0.088061 -0.093927 -0.084944 0.135369 -0.021075 -0.014403 0.201526 -0.181695 0.090749 -0.100965 0.180592 0.000052 0.044742 0.098429 0.134356 0.097075 -0.226661 0.345984 0.354866 0.169935 -0.030273 -0.159767 -0.175035 0.149691 0.273539 -0.173610 -0.198676 -0.417903 0.046743 -0.142190 -0.045675 -0.054792 -0.001644 -0.093527 -0.020897 0.130755 
-0.278747 0.077519 0.065205 0.189985 -0.253778 0.164425 0.179846 -0.066755 -0.202140 -0.180138 0.037492 -0.112275 -0.062634 -0.237542 -0.317923 -0.037971 0.152902 -0.012251 0.064167 0.095904 -0.279686 0.140333 -0.060014 0.043889 0.058116 0.048284 0.183087 -0.048129 -0.033940 -0.179431 0.302369 0.153433 0.027753 0.156465 0.135382 -0.134147 -0.098617 0.207433 0.440967 0.041514 -0.063694 -0.031411 -0.046051 0.084151 0.135406 -0.038901 0.043718 -0.459488 -0.056485 -0.213349 -0.076923 -0.053174 -0.054392 -0.215466 -0.195742 -0.055928 
-0.017978 0.053232 -0.009476 0.107451 -0.222976 0.085641 0.031830 -0.189058 -0.103195 -0.244129 -0.064131 -0.091267 0.024662 -0.413272 -0.286198 0.088105 0.010744 -0.013331 -0.016002 -0.090299 -0.074177 -0.064636 0.094174 0.122010 0.091930 0.098883 0.248627 -0.137211 0.218558 -0.135399 0.193473 0.096906 0.002123 0.011091 0.195643 0.070419 -0.172132 0.164139 0.467471 -0.055117 0.026584 0.015162 -0.095435 -0.029261 0.399982 -0.143516 -0.018573 -0.284286 -0.052747 -0.044187 0.075156 -0.033835 0.102750 -0.102809 -0.041475 -0.095584 
0.066453 0.166826 -0.109307 0.068579 -0.031484 -0.007898 0.165605 -0.083151 -0.120714 -0.371203 -0.171644 -0.125868 0.074557 -0.176858 -0.317447 -0.082937 0.271187 -0.021682 0.206619 0.114003 -0.052843 0.266830 0.101713 0.267438 0.182440 -0.210740 0.368465 -0.295433 0.030317 -0.244459 0.339081 0.073026 0.025425 0.177456 0.147952 0.072948 -0.152625 0.218397 0.240361 -0.065902 -0.023076 -0.256889 -0.127479 0.005789 0.091025 -0.172912 0.068125 -0.357354 0.085988 -0.191700 0.017438 0.226486 0.041772 -0.017324 -0.267784 -0.020809 
0.063991 -0.015940 -0.219054 0.206860 0.002809 0.162327 0.323905 -0.140746 -0.009259 -0.328879 -0.178617 -0.037054 0.034752 -0.400591 -0.268596 0.204691 0.502819 0.089299 0.152821 -0.098145 0.078644 0.196571 0.138698 0.092384 0.273545 -0.003503 0.106253 -0.080004 -0.017350 -0.138255 0.293465 -0.029537 0.097913 0.203958 0.259840 0.191663 -0.178658 0.044527 0.270745 0.002525 -0.145960 -0.107106 0.012816 0.061993 0.111191 -0.233004 -0.038622 -0.319946 0.238404 -0.078256 0.071009 0.206923 -0.131376 0.048611 -0.440727 -0.076188 
0.056215 -0.005860 -0.256514 0.244866 -0.149163 0.071876 0.344622 -0.106270 -0.249690 -0.421215 0.080848 0.026871 0.154927 -0.566255 -0.074268 0.248964 0.422556 0.130365 0.224631 -0.121771 -0.151105 0.026531 0.050760 0.011621 0.131621 0.111011 0.260609 -0.042272 -0.165964 -0.277199 0.335137 -0.020303 0.125275 0.041772 0.274914 -0.023683 0.003738 0.158383 0.055773 0.087644 0.009126 -0.257639 0.167479 -0.096812 0.022009 -0.308535 0.063114 -0.134299 0.055155 -0.065321 -0.064709 -0.028155 -0.037158 -0.209818 -0.254399 -0.082246 
0.004518 0.132389 -0.143662 -0.035904 -0.196970 0.001726 0.405076 -0.022971 -0.233709 -0.341888 -0.015715 0.045080 0.246818 -0.457858 -0.321777 -0.022496 0.184746 0.215729 0.175672 -0.105367 0.055908 0.160683 -0.050569 0.178806 -0.085753 0.111088 0.203077 -0.082022 0.093695 -0.257278 0.355107 -0.055847 -0.019255 0.092014 -0.077928 0.095828 -0.037034 -0.024541 0.297800 -0.220054 0.220535 -0.043626 -0.050319 0.107044 -0.045439 -0.334364 -0.110106 -0.048020 0.189084 -0.034549 -0.079950 -0.104179 0.205140 0.202786 -0.334701 -0.228678 
-0.183492 -0.106836 -0.142325 0.021166 -0.115310 -0.091205 0.246195 0.021613 -0.196894 -0.299215 -0.060364 -0.003437 0.164050 -0.368509 -0.069604 0.054428 0.080570 0.087221 0.075736 -0.348895 0.185608 -0.089837 -0.206538 0.110404 0.000556 0.073439 0.242611 0.064329 -0.000099 -0.335104 0.249967 0.144334 -0.003895 0.234668 -0.057109 0.089559 -0.070752 0.253746 0.435763 -0.031681 0.270569 -0.146324 -0.143681 0.086023 0.153480 -0.134525 -0.027502 0.041641 0.033738 -0.031572 -0.214689 -0.151788 0.150526 -0.035281 -0.594746 0.115679 
-0.057376 -0.119120 0.022313 0.091925 -0.338633 -0.044078 0.379837 -0.052451 -0.186327 -0.231960 0.111166 -0.126187 -0.009095 -0.490490 -0.068869 -0.167241 0.121995 0.292668 0.275446 -0.273994 -0.089101 0.124497 0.082421 0.025549 0.024422 0.080371 0.272788 -0.024778 0.061972 -0.234473 0.264557 0.292520 0.242480 0.295664 0.032065 0.218971 -0.254614 0.237521 0.222873 -0.124064 0.107426 -0.140027 -0.349361 0.143335 -0.083001 -0.186473 -0.056939 -0.061593 -0.073572 -0.164485 -0.011171 0.083544 0.230668 0.098311 -0.597518 -0.026732 
-0.150521 0.033878 -0.317134 0.074350 -0.182726 0.081472 0.121569 -0.182649 -0.063836 -0.361899 0.057269 -0.092682 0.027786 -0.072219 -0.164117 -0.200483 0.243307 0.116692 0.088739 0.031500 0.021675 0.072485 0.122728 -0.022049 0.059430 0.046287 0.251949 -0.169646 -0.145201 -0.203261 0.378573 0.187348 0.176568 0.066818 0.337196 0.261850 0.009854 0.117352 0.284042 0.119823 -0.072547 -0.045531 0.033646 0.129174 -0.237220 -0.076301 -0.014107 -0.333874 0.102829 0.168308 -0.088762 0.115449 0.125118 0.053692 -0.342828 -0.005946 
0.062020 -0.051927 -0.260562 0.140438 -0.043212 0.083457 0.059077 -0.024212 -0.082349 -0.465315 0.016040 -0.062397 0.176159 -0.027503 -0.110393 -0.128771 0.374596 0.110997 0.272859 -0.146362 0.097165 -0.046913 0.111780 0.112064 -0.071853 -0.141317 0.012668 -0.264098 -0.217419 -0.141778 0.155005 0.064713 0.065413 0.159136 0.181170 -0.015591 0.114714 0.132412 0.112234 0.142175 0.108680 -0.298144 -0.116741 -0.098653 -0.151303 -0.383168 -0.137038 -0.441594 -0.135837 0.035659 -0.051775 0.108321 0.017296 -0.081389 -0.283512 -0.052162 
0.289451 -0.078784 -0.341527 0.025676 -0.007482 -0.007031 0.041984 -0.123038 -0.194888 -0.255778 0.164100 -0.154745 0.127940 -0.020765 -0.008849 -0.134244 0.097050 0.136549 0.187596 -0.076300 0.164835 -0.071351 0.187411 0.142838 0.158597 0.013428 0.236630 -0.061394 -0.399175 -0.166808 0.014399 0.209097 0.058188 -0.012993 0.219514 0.012871 -0.009368 0.028656 0.132210 -0.120165 -0.015812 -0.191226 0.131434 -0.071527 -0.396628 -0.191189 -0.063363 -0.192456 0.035290 0.085626 0.155328 0.012916 0.051571 0.211991 -0.135174 -0.067794 
-0.041911 -0.073864 -0.291506 0.107349 0.091801 -0.090600 -0.074898 -0.027922 -0.309748 -0.460869 0.132295 -0.024505 0.146394 0.163519 -0.015611 0.141980 0.189867 0.241459 0.245821 0.080402 0.131038 -0.137217 0.122259 0.055880 0.006375 0.176439 0.144306 -0.225900 -0.275369 -0.206461 0.041970 0.286852 -0.064106 -0.193015 0.071273 0.026656 0.023689 -0.111458 0.116796 0.042098 0.139144 0.096261 0.017994 0.048925 -0.639113 -0.337636 0.042310 -0.352354 -0.017246 -0.009009 -0.120746 0.157926 0.023884 0.096709 0.040352 -0.024165 
0.076866 0.238061 -0.202564 0.095317 0.034204 -0.243532 0.057748 0.148658 -0.278353 -0.585117 0.274818 -0.019049 0.170570 0.224695 0.104161 0.082498 0.139226 0.230930 0.223099 -0.096094 0.091907 -0.085822 -0.066309 -0.179706 -0.029640 0.051216 0.133967 -0.256903 -0.237432 -0.253049 0.022739 0.186623 0.055312 -0.002590 0.134353 -0.190471 -0.001305 0.014529 0.211911 0.025412 0.197660 0.044197 0.107815 -0.110730 -0.662023 -0.153719 -0.079120 -0.302029 -0.338577 -0.165081 0.044594 0.092064 0.128809 -0.167815 -0.064799 0.263920 
0.115330 0.290902 -0.068177 -0.027569 0.023456 -0.206585 -0.044330 -0.005872 -0.308938 -0.426867 0.145724 -0.098154 0.150487 0.071789 0.035947 -0.186597 0.003299 0.217580 0.128948 -0.254562 -0.043915 0.129491 -0.014807 -0.106936 0.127747 0.341543 0.090827 0.019824 -0.058448 -0.361811 0.021000 0.088451 0.213514 -0.042042 0.062657 -0.047396 -0.159686 -0.032576 0.178539 -0.080058 0.321533 0.034994 -0.094379 0.131151 -0.656594 -0.253197 -0.093444 0.082410 -0.231779 0.039046 0.145622 0.051471 0.127587 -0.024302 -0.172569 0.066831 
0.023788 0.316324 -0.097551 0.122198 0.108897 -0.201503 -0.169146 0.105361 -0.292320 -0.526738 0.160039 0.216263 0.196336 0.283089 -0.020298 -0.085023 -0.081130 0.287009 0.251530 -0.313862 0.071090 -0.112181 -0.133006 0.089159 -0.042077 -0.037215 0.169252 0.089987 -0.028487 -0.293292 0.023450 0.319062 0.196846 -0.044937 0.082706 0.007613 -0.164245 0.012188 0.319638 -0.303136 0.117810 0.118886 -0.099162 0.097941 -0.608127 -0.369716 0.066540 0.042757 -0.229991 0.022532 -0.122259 -0.020418 0.120171 -0.188308 -0.092301 -0.021981 
0.038585 -0.014630 -0.166394 -0.043215 0.032718 -0.098302 -0.293499 0.046523 -0.121380 -0.631597 0.085251 -0.043973 0.137199 0.369776 0.034055 -0.075471 0.034094 0.319353 0.080923 -0.295076 -0.041840 0.135005 -0.096159 0.263844 0.110154 -0.067363 0.231608 0.098222 -0.080733 -0.107640 0.019734 0.059213 0.102474 -0.141656 0.236071 0.112405 -0.076496 0.103041 0.083923 -0.194576 0.026124 -0.080600 -0.047126 0.111554 -0.678673 -0.549993 0.012834 -0.042760 -0.137679 0.049870 -0.028648 -0.024846 -0.013703 -0.135262 -0.135608 0.200037 
0.184875 0.110370 -0.037897 0.106126 0.234705 -0.072457 -0.267196 0.147016 0.078191 -0.630904 0.018887 0.029112 0.073765 0.495276 0.086052 -0.265110 0.100282 0.275320 -0.250111 -0.385817 -0.059468 -0.099166 -0.120227 0.107613 -0.056197 0.104107 0.058037 0.322677 -0.120771 -0.381060 -0.097482 0.049093 0.043299 0.172613 0.241406 0.144097 0.005958 0.123950 0.040938 -0.343747 0.209335 -0.139546 0.013735 -0.024304 -0.601000 -0.257475 0.070501 0.147962 -0.197418 0.076330 0.009340 -0.025712 0.088532 -0.075798 -0.023162 0.164143 
0.265599 0.084595 -0.314534 -0.257696 0.234623 -0.053296 -0.392855 0.016214 -0.000666 -0.364233 0.106691 0.047435 -0.086504 0.310594 0.178391 -0.116354 0.097664 0.290694 0.004947 -0.326112 0.015289 0.148872 -0.257756 0.046961 0.032918 -0.090095 0.235558 0.109559 -0.212501 -0.104979 0.051435 0.013158 0.196796 0.008999 0.271585 0.182016 0.073559 -0.010849 -0.166186 -0.169593 0.236737 -0.117632 0.022946 -0.137960 -0.745793 -0.497093 0.025986 0.282503 -0.243807 0.025284 0.012498 0.114276 0.119814 -0.285013 -0.019279 0.020641 
0.220499 0.146822 0.101406 -0.080301 0.353962 -0.181668 -0.544059 0.170663 0.018838 -0.210457 0.173425 -0.104934 0.107037 0.469008 0.227003 -0.258669 0.079892 0.100731 -0.041943 -0.224533 0.098230 0.059251 -0.080515 -0.005255 -0.054145 -0.057361 0.116746 0.157098 -0.246173 -0.298327 -0.005135 0.061949 0.239972 -0.108200 0.030586 -0.017623 -0.189922 0.097654 -0.122665 -0.247678 0.200128 -0.189486 -0.070053 -0.062168 -0.682082 -0.226030 -0.055419 0.302417 -0.088788 -0.016253 0.082973 0.003967 -0.096596 -0.093531 -0.003231 0.358809 
0.113628 0.289815 0.094159 -0.128858 0.531572 -0.209528 -0.377535 0.093446 -0.274754 -0.276315 -0.046333 -0.019454 0.169891 0.355634 0.373457 0.012974 0.204425 0.116157 0.047472 -0.127972 0.034447 0.106830 -0.114651 0.039605 0.124202 0.166048 -0.034993 0.134653 -0.090450 -0.259909 -0.006646 0.109205 0.461283 -0.036617 -0.012569 0.054592 -0.307977 -0.061501 -0.140021 -0.230926 0.136726 -0.180487 0.142323 -0.167144 -0.590457 -0.378628 -0.011342 0.101080 -0.195440 0.132527 -0.079765 0.010846 -0.031334 -0.230427 0.064250 0.370991 
0.093705 0.175072 0.189430 -0.174403 0.483966 -0.117990 -0.392598 -0.131518 -0.261546 -0.031762 0.125112 -0.028696 0.072021 0.501911 0.268747 0.079472 0.265227 0.045285 -0.000065 -0.144013 0.017661 0.208962 0.130542 -0.081744 0.296236 0.007756 -0.311462 0.009134 -0.368402 -0.023650 -0.144206 0.224024 0.133268 -0.201384 0.226715 0.006287 -0.140418 -0.033093 -0.002772 -0.282776 0.104799 -0.100428 -0.043419 0.207996 -0.434853 -0.332542 -0.033313 0.080061 -0.115094 0.106101 0.124721 0.040250 0.104433 -0.132918 0.231205 0.261518 
0.060549 0.197147 0.083033 -0.221808 0.489873 0.002374 -0.256293 0.037993 -0.145868 0.127169 -0.099670 0.094977 0.000506 0.174595 0.315295 -0.045017 0.188346 -0.146652 0.152837 -0.133760 -0.132169 -0.032096 0.008706 0.107670 0.099241 -0.197785 -0.149656 0.085195 -0.414752 0.201331 -0.182789 0.058889 0.331935 -0.177604 0.183320 -0.196984 -0.095535 -0.277620 -0.047495 -0.226058 0.041926 -0.163587 0.296223 -0.046455 -0.660480 -0.425593 -0.017439 0.045847 -0.051099 0.040730 0.008989 0.072820 0.084070 0.048030 0.136242 0.404055 
0.136725 0.050207 -0.093384 -0.119958 0.116902 0.048589 -0.261134 -0.034448 -0.274025 0.170984 0.145568 -0.008605 0.092931 0.346096 -0.219431 -0.146671 0.146275 -0.016501 0.138251 -0.137049 0.014652 -0.098933 -0.152321 -0.042476 -0.059211 -0.069724 -0.458504 -0.139476 -0.329836 0.045414 -0.205083 0.080529 0.163764 0.017015 -0.033184 0.014813 0.078107 -0.305502 -0.260805 -0.146760 0.157481 -0.271445 -0.104681 0.064654 -0.549410 -0.278036 0.078955 -0.072664 -0.052110 -0.082031 -0.108155 0.079822 0.042116 0.056386 0.202434 0.221564 
0.210284 -0.019287 0.173002 -0.122142 -0.004557 -0.140227 -0.083497 0.139660 -0.071702 0.263323 0.083097 -0.095862 0.215543 0.157479 0.017581 -0.206535 0.221318 -0.266775 -0.198671 -0.142919 0.136481 -0.167292 -0.189233 0.059210 -0.096811 -0.188042 -0.536680 0.092916 -0.216375 -0.004581 -0.179497 0.044888 0.148806 -0.057845 -0.180808 0.093350 0.106540 -0.082754 -0.074324 -0.048148 0.096585 -0.077231 -0.098225 0.170188 -0.385790 -0.233201 0.066869 0.085509 -0.197944 -0.204218 0.064889 0.098849 0.174428 0.090767 0.340995 0.246365 
0.295791 0.123772 0.302523 -0.165037 -0.061255 -0.061322 -0.185611 0.303058 -0.235090 0.400742 0.151264 -0.130369 0.128036 0.013815 -0.166477 -0.348125 0.073154 -0.123055 -0.017861 0.079027 0.149358 -0.170953 -0.067511 0.091945 -0.433360 -0.153310 -0.609254 -0.061461 -0.142570 0.179455 -0.096873 -0.042267 0.221777 -0.315934 0.115623 -0.111590 -0.050714 -0.201389 -0.048135 -0.145664 -0.206309 -0.189783 -0.192083 0.239788 -0.162100 -0.034726 0.089120 -0.023343 -0.113372 -0.104128 -0.036077 0.006421 -0.044342 0.102523 0.195007 0.183131 
0.119821 0.078393 0.218110 -0.079179 -0.216907 -0.045191 -0.050546 0.155907 -0.071598 0.535399 -0.059044 -0.183899 0.102429 -0.125474 0.011231 -0.013389 0.070724 0.019999 0.036256 -0.012797 -0.220448 -0.126313 -0.020824 -0.002439 -0.366589 0.021914 -0.475492 -0.180054 -0.163122 0.239963 -0.108037 0.200365 0.095043 -0.369136 0.071990 0.131772 -0.155805 0.032937 -0.165075 0.074515 -0.170101 -0.029218 -0.049299 0.277026 0.045953 0.268960 -0.131674 0.303573 -0.005154 -0.222390 -0.056730 -0.027460 0.040580 -0.043732 0.391012 0.090198 
0.196487 0.082139 0.151902 -0.203663 -0.165698 0.104290 -0.325008 0.223580 0.023629 0.338714 -0.088764 -0.200934 0.200884 -0.071561 -0.002065 0.066761 0.062091 0.047617 0.143313 0.293771 -0.018777 0.027745 0.101745 -0.062690 -0.258090 -0.087862 -0.535289 -0.001811 -0.248817 0.072092 -0.219251 -0.082713 0.074074 -0.279287 -0.039906 0.004975 -0.277355 -0.233321 -0.163196 0.076007 -0.207650 -0.283101 0.206542 0.367147 0.212050 0.237714 -0.035837 0.373132 0.016656 -0.347703 -0.275317 -0.137233 0.199329 0.149573 0.379339 -0.080608 
0.267378 -0.052981 0.283635 -0.320310 -0.463017 -0.023589 -0.052213 0.114593 -0.216097 0.532387 -0.025304 -0.126576 0.108215 -0.139618 0.003832 0.338513 0.164715 0.024830 0.331274 0.160325 -0.003177 -0.060570 0.101953 0.056640 -0.372435 0.063779 -0.598574 -0.047414 -0.064108 0.232569 0.180637 -0.152994 0.097075 -0.271131 0.210647 0.051420 -0.197877 -0.060535 -0.129792 -0.025216 -0.327190 -0.114972 0.265360 0.183924 0.778915 0.471321 -0.172511 0.434534 0.070536 -0.494460 0.040891 -0.076987 0.131145 0.272436 0.099439 0.026571 
0.438766 0.090733 0.045006 -0.262797 -0.433951 -0.048325 -0.330521 0.308767 0.097789 0.866417 -0.007669 -0.007459 -0.070049 -0.100423 0.019632 0.169725 0.171347 -0.223862 0.430470 0.241993 0.058061 -0.184388 -0.278531 0.075704 -0.579568 0.275709 -0.743570 0.414666 -0.056899 0.034883 0.233706 -0.094909 -0.042595 -0.137635 0.285836 0.130881 -0.179475 -0.142651 -0.199388 0.267445 -0.272924 -0.062166 0.284585 0.130626 1.070903 0.631632 -0.162530 0.482636 0.060027 -0.331017 -0.047800 -0.365252 -0.114654 0.118921 0.065323 -0.277088 
0.493430 -0.080568 0.368347 -0.011817 -0.582963 -0.126137 -0.260191 0.275123 0.125274 0.858003 -0.125766 0.007519 -0.091039 -0.084571 -0.106567 -0.034725 0.123345 -0.154673 0.329297 0.303586 0.236999 -0.188846 -0.285368 -0.041113 -0.707976 0.129154 -0.670995 0.363641 0.154284 0.084087 0.396353 -0.229940 -0.150693 -0.087393 0.479475 0.079164 0.046743 0.145620 -0.537748 0.290577 -0.071763 0.178568 0.131989 -0.020192 1.835631 0.581298 0.127949 0.725987 0.339566 -0.352122 -0.179653 -0.326616 -0.107356 0.172517 0.126505 -0.372723 
0.500573 0.106135 0.200455 -0.142423 -0.586500 0.046338 -0.056736 0.434673 0.275071 1.132207 -0.067483 -0.132157 -0.286585 -0.163249 -0.356212 0.209874 0.148603 -0.357485 0.287373 0.354846 0.236945 -0.323425 -0.168615 -0.100777 -0.825168 0.128060 -0.652903 0.605143 0.153730 0.091836 0.265102 0.126212 -0.348132 -0.055653 0.717982 0.226889 -0.217613 0.305144 -0.690822 0.420485 -0.159229 0.068181 0.281940 0.173673 2.246390 0.742172 0.108096 1.029791 0.469190 -0.363943 0.056360 -0.339356 -0.195948 0.182694 -0.071043 -0.200593 
