0.198531 0.070266 0.191229 -0.051761 -0.907125 0.218544 -0.865310 0.225743 -0.123834 -0.109448 -0.223834 -0.879239 -0.615791 0.403543 -0.331437 0.177432 
0.070719 0.126547 0.135704 -0.818664 -0.300598 0.283564 0.340232 0.205896 -0.759215 0.036684 0.379367 0.133043 -0.900921 0.181109 0.057952 -0.198774 
0.032534 0.247142 -0.055796 -0.032804 -0.041960 0.161283 -0.039059 -0.070133 -0.301596 -0.222092 -0.538721 0.010503 -0.001132 -0.677092 -0.277147 0.119389 
0.184873 0.147888 0.191031 0.325725 0.196955 0.177632 -0.293366 0.161561 0.044585 0.123698 -0.671134 0.262852 0.249635 0.352844 0.153592 -0.035685 
-0.097822 0.202817 -0.144742 -0.019385 0.506401 0.183949 0.396865 -0.263465 0.640333 0.048481 -0.290682 -0.302249 -0.419590 -0.355803 0.044670 -0.230994 
0.243700 0.205812 -0.105205 0.452950 -0.226113 -0.252518 -0.003006 0.209661 -0.024073 0.222998 -1.390715 0.221980 0.181327 -0.383084 -1.270664 0.300062 
0.028932 0.033901 0.034938 -0.830369 0.062210 0.242812 -0.260489 0.057954 -0.154725 -0.084698 -0.495746 -0.604481 0.087558 -0.100136 0.201907 0.284393 
0.207320 0.225915 0.155325 -0.127369 0.496954 0.308500 0.504862 -0.608309 -0.346262 0.003567 -0.472044 0.275582 0.312710 0.132179 -0.662707 0.405230 
-0.199464 0.027551 0.184468 -0.035202 0.156991 -0.200144 -1.391898 0.187650 -0.854246 0.125914 -1.038304 0.254635 0.400866 0.016576 0.347983 0.041943 
-0.059124 0.331249 0.197777 -0.592853 -0.767827 0.238489 0.116084 0.146972 -0.801566 -0.493713 0.102514 0.145502 -1.029189 -0.006449 0.400817 0.284150 
0.072163 0.063199 -0.333131 0.000179 -0.213974 -0.599102 -0.406729 0.112616 -0.015851 -0.123153 -0.176109 0.333329 0.327182 -0.974951 -1.779184 -0.124002 
0.109891 0.193536 0.116417 -0.252642 -0.304774 0.287624 -0.319563 -0.105252 0.448764 0.039285 0.377788 -0.288840 0.444199 -0.009991 -0.608353 -0.570876 
0.091434 -0.100505 -0.079988 0.210703 -0.617207 -0.009188 0.191114 0.035844 -0.259320 0.000276 -0.142626 0.051559 0.194337 -0.333565 -1.286325 -0.335631 
0.041630 0.072439 0.038424 -0.457266 -0.190387 0.324409 0.153978 -0.064917 -0.342640 0.047804 0.085803 0.142622 0.012100 0.083088 -1.271240 0.132152 
-0.060790 -0.439730 0.150134 0.345464 0.407925 0.123809 0.066061 -0.036959 -0.349785 0.454199 0.102226 -0.108166 0.169578 -0.065499 0.459292 -0.141277 
-0.179325 -0.089872 0.023593 0.221783 0.265123 -0.458080 -0.330669 0.005322 0.446201 0.489237 0.336296 -0.408731 -0.016813 -0.171601 -1.210025 -0.056258 
0.140309 -0.101989 0.093855 -0.737567 -0.269966 0.166968 0.124440 -0.076006 -0.309507 0.047414 -0.372990 -0.533390 0.090002 0.102251 -1.675750 -0.603113 
0.211546 0.302822 -0.068756 0.492493 0.524653 0.023323 -0.497008 -0.115651 -0.430642 0.424751 -0.898433 -0.211055 0.254035 0.083815 0.298921 0.498850 
0.037722 -0.639279 -0.011620 0.490025 0.090525 0.108845 0.126730 -0.104525 -0.140824 0.105433 0.287683 -2.398696 -1.069718 0.214830 0.232961 -1.282808 
0.102782 0.307939 0.199651 0.314798 -0.982790 0.469320 0.378751 0.070376 -0.898717 0.316153 0.281663 0.130011 -0.741819 0.324911 -0.110870 -1.135660 
-0.113778 0.042406 -0.213400 0.073417 -0.315571 0.189055 0.409283 -0.288308 0.636289 0.159806 0.087549 0.162781 0.393720 0.382551 0.218328 -0.416023 
0.077146 0.083798 -0.005343 0.053579 0.172306 0.108028 0.138590 -0.033554 0.304065 0.179820 0.122873 -0.507176 -0.138110 -0.181659 0.544863 0.165696 
-0.731546 0.182716 0.115866 0.285925 0.187241 -0.043413 0.028694 -0.037885 -0.741358 -0.159921 0.224687 -1.075816 0.290166 0.296460 0.275758 -0.818990 
0.087819 -0.655685 0.214131 0.348852 0.233032 -0.459771 0.050259 0.182961 -0.923882 -0.490136 0.413167 -0.709537 -0.506311 -0.032376 0.328593 -1.021643 
-0.200799 -0.178698 0.087251 0.018272 0.374473 -0.089586 -0.643578 0.028314 -0.211010 0.224282 -0.164965 -0.654142 -1.681479 0.072448 0.218371 -0.225967 
0.249232 -0.008829 0.018331 -0.372578 -0.274519 -0.129759 0.088674 0.049574 -0.093698 -0.493722 -0.351789 -0.092685 -0.972822 -0.013298 -0.242336 -1.482442 
0.002082 -0.625734 -0.058524 0.271896 -0.139035 0.004349 0.231700 -0.100517 -0.184231 -0.111863 -0.695509 -0.484582 -0.119882 -0.045880 -0.452538 -0.298816 
0.105430 -0.221587 0.115105 -0.145218 -0.067545 0.009765 -0.663613 0.151114 0.229266 0.087331 -0.059704 0.223713 0.424994 -0.363348 -0.156431 -0.310297 
0.130405 -0.239649 0.179197 0.263112 -0.003123 0.230331 -0.101817 0.065414 -0.788409 -0.310290 0.303232 0.316564 -0.241347 0.427111 0.045967 -0.659509 
-0.117572 0.051582 0.063006 0.285529 -0.358993 0.055357 -0.734330 0.118315 0.190738 0.052241 -1.092042 0.186569 0.001769 0.115409 -0.646521 0.136394 
0.063429 0.147316 -0.290091 0.096667 0.239353 -0.027456 -0.163897 -0.170309 0.092834 0.596600 0.288652 0.064178 -0.166025 -0.544379 0.206211 -0.200447 
0.161669 -0.008072 0.199778 -0.958717 0.974501 0.012870 -0.847086 0.098140 0.031737 0.318168 -0.310104 -0.315592 -0.247444 0.157980 0.295787 0.056583 
0.098516 -0.268758 0.332084 -0.125974 -0.673678 0.033597 0.236275 0.355570 0.437631 0.186340 -0.131964 0.042035 -0.037626 0.231755 0.056755 -0.343639 
0.026378 -0.066307 0.151178 0.209978 -0.193157 0.153534 0.295059 0.169140 -0.300309 -0.130151 -0.737552 0.035675 -0.028356 -0.363440 -1.454443 0.132095 
0.124448 0.167535 -0.045351 -1.333751 -1.628371 0.047946 0.057564 -0.155486 -0.060896 0.055343 0.401068 -0.084280 0.213214 0.012091 -0.206446 -0.465840 
0.025719 0.044686 -0.316951 -0.729426 0.102507 0.238835 0.241876 -0.021288 0.148875 -0.136258 -0.119075 0.096649 -0.242740 -0.121161 0.190303 0.160601 
0.012423 0.082288 -0.664425 0.745302 0.603824 -0.093120 0.083865 -0.280708 -0.037629 -0.255778 -0.811967 0.224166 0.494274 0.058413 -0.304301 -0.043576 
-0.257759 0.165405 0.121598 0.253198 0.126899 -0.324402 -1.243629 -0.328990 -0.394237 -0.064137 -0.098766 -0.825170 0.226378 0.032111 0.159341 -0.631001 
0.228825 0.037871 0.078030 -1.259006 -0.758063 -0.068078 -0.856951 -0.001133 0.044732 -1.061748 0.075404 0.023014 0.119550 0.170826 0.277329 0.125926 
-0.178425 -0.065071 -0.197170 0.685946 0.229137 -0.167974 0.200974 -0.130302 0.261806 -0.343225 0.264777 -0.266846 -0.107101 -0.060933 -0.680657 -0.374219 
0.107496 0.109891 0.127492 -0.794840 0.040000 -1.628198 -0.600420 0.141755 -0.164578 -0.047096 0.161368 0.065342 0.073997 -2.637502 -0.753027 0.191143 
0.042108 0.225011 0.140766 0.597451 0.220800 0.072562 0.148985 0.189535 0.177415 -0.131337 0.388054 0.174149 -1.701186 0.168166 0.185658 0.343752 
0.164136 0.140496 0.195740 0.042740 -0.662337 -0.462279 -0.211619 0.158605 0.263714 0.166653 -0.301996 -0.342225 -0.228272 0.430087 0.581658 0.181986 
0.083795 0.101527 0.079826 0.257034 0.096147 -0.085650 0.263873 0.037177 0.056923 -0.007947 -0.133073 0.092640 0.095269 -0.061343 -0.777044 -0.031499 
0.076630 -0.043439 0.112038 0.005378 0.218423 0.509355 -0.917313 -0.240907 -0.390409 -0.118685 -0.730123 0.238322 0.042052 0.225727 -1.627465 0.053261 
0.370933 0.108871 -0.030296 -0.337151 -0.386889 0.255374 0.471734 -0.117148 -0.693295 0.110284 -0.095045 0.453026 -0.593202 0.355234 -0.750704 -0.019211 
0.130016 0.169005 0.156373 -0.142131 0.188365 -3.671532 -1.926258 0.197581 0.208264 0.197161 0.149546 0.240816 0.149511 -0.869717 0.057156 0.142524 
0.139542 -0.286962 0.158168 -0.638070 0.188082 0.298949 0.048272 0.081587 -0.487125 0.463102 -0.559505 0.057062 -0.390562 0.146181 -1.069009 -0.037388 
0.015217 0.133737 -0.050652 0.098521 0.226104 0.183826 -0.137658 -0.030592 0.104076 0.124908 -1.600675 0.248285 0.161650 -0.141996 -0.458761 0.126188 
-0.198526 -0.078357 -0.014759 -0.093246 0.402070 -0.367295 0.126446 -0.005734 0.000985 0.075197 -1.486962 -0.663043 -0.249251 -0.050971 0.431730 0.052908 
0.088824 -0.311434 -0.006099 -0.097543 0.049409 -0.302645 0.338672 0.239428 -0.385349 -0.365204 0.131979 0.166726 0.014595 0.075874 0.164781 -0.312795 
-0.247674 0.025331 -0.042639 -0.115147 0.505549 0.126740 0.038624 -0.044353 0.170018 -0.482900 0.147725 0.214168 0.287682 0.097238 0.606677 0.188702 
0.026256 0.180884 0.171149 -0.764513 -0.326657 -0.588012 -0.423691 0.151547 -0.148439 0.218152 0.092902 -0.269655 0.136301 -0.236899 0.277551 0.095980 
-0.084443 0.200945 0.129775 -1.547043 -0.566848 0.265752 0.194476 0.015892 -0.866981 -0.089231 0.130827 0.226699 -0.037735 0.244366 -1.857110 -0.009289 
0.165939 0.095374 0.202604 0.095632 0.250328 0.147490 0.147652 0.118821 0.411619 0.191332 -0.886710 0.198108 0.144791 -0.320289 -0.494271 0.373278 
0.026553 0.158156 0.182100 0.047265 -0.092319 0.185004 0.314023 -0.063408 -1.820962 -0.526017 0.400445 -0.187664 0.220221 0.299407 0.093275 -0.855095 
