0.112467 0.136483 -0.341263 0.010883 0.263815 -0.276964 -0.163029 -0.779469 0.398384 0.002502 -0.414651 -0.322417 -0.027742 -0.668615 -0.098614 0.153128 0.286459 -1.028092 -1.327161 0.635105 -0.363618 0.101498 -0.200833 -0.159366 -0.528204 -0.338016 -0.107403 -0.568167 0.073873 0.147068 0.147158 -0.185342 -0.318676 0.390311 -0.858735 -0.000441 -0.301903 0.169176 0.426788 1.511258 0.022589 -0.125959 0.654642 -0.159798 0.483054 0.438170 0.409326 0.185276 0.347589 0.472040 0.595797 -0.121899 0.228585 0.272479 0.199421 -0.278269 -0.176986 0.503164 
0.034300 0.197566 -0.184084 0.267575 0.243623 -0.071842 -0.197040 -0.534177 0.400684 0.049782 -0.378017 -0.245652 0.088827 -0.454431 0.006255 0.070200 0.214853 -0.843205 -0.818903 0.585895 -0.335686 0.059232 -0.263327 0.022311 -0.679098 -0.290377 -0.011977 -0.300972 0.123803 -0.074660 0.128832 -0.249569 -0.140294 0.457482 -0.608805 0.113502 -0.377296 0.192699 0.243686 1.415936 -0.135807 -0.138143 0.551297 0.069723 0.056331 0.561992 0.244875 0.092973 0.098651 0.348216 0.366650 -0.080145 0.025716 0.115039 -0.091213 -0.310984 -0.217020 0.141009 
-0.040268 0.072303 -0.263235 0.293583 0.142557 0.010189 -0.040441 -0.507881 0.395599 -0.041343 -0.212442 -0.414200 0.086473 -0.380577 -0.161231 -0.347351 0.139171 -0.640223 -0.497083 0.163564 -0.273557 0.114767 -0.318309 0.025531 -0.533937 -0.150877 -0.400938 -0.451535 -0.049076 -0.108889 0.127401 -0.132464 -0.055198 0.132180 -0.656696 0.281137 -0.350285 0.146408 0.130520 1.231645 -0.118518 -0.070577 0.435501 -0.015744 -0.059131 0.399946 0.219875 0.197963 0.025750 0.239621 0.436776 -0.256199 -0.115011 0.122310 -0.173505 -0.342949 -0.198712 0.030294 
-0.030019 0.083709 -0.092266 0.096423 0.259939 -0.036176 0.024137 -0.282780 0.230793 -0.150265 -0.311681 -0.396641 -0.055423 -0.256692 0.083106 -0.165891 0.242633 -0.539004 -0.609196 0.269404 -0.185483 0.024771 -0.100753 0.338564 -0.375877 -0.125365 -0.418944 -0.383659 0.060841 -0.074293 0.283102 -0.351237 -0.076687 0.083559 -0.540604 -0.068117 -0.200500 -0.157141 0.278085 0.960613 -0.154408 -0.082900 0.514152 0.072864 0.054679 0.496744 0.350257 0.144282 0.133135 0.484830 0.233620 -0.262410 -0.276773 0.310938 -0.197771 -0.284620 -0.337960 -0.267579 
-0.150643 -0.018132 0.048046 0.113636 -0.039713 -0.290285 -0.172250 -0.255753 0.225076 -0.189500 -0.115170 -0.064158 0.013212 -0.194416 -0.065720 0.049195 0.197634 -0.286834 -0.190479 0.172026 -0.191241 0.242234 -0.068801 0.136199 -0.389094 -0.126578 -0.255660 -0.165710 -0.074068 -0.027713 0.194570 0.009917 -0.137873 0.166648 -0.364987 0.163172 -0.104887 -0.188012 0.065931 0.887264 -0.140372 -0.153829 0.544835 -0.252603 -0.093981 0.355708 0.250407 0.081934 -0.078067 0.059709 0.229919 -0.057546 -0.199212 0.330497 -0.069114 -0.214034 -0.369320 -0.223996 
-0.266891 -0.075243 -0.126803 0.038553 -0.243599 -0.168425 -0.178698 0.022198 0.250394 -0.211728 -0.394768 -0.131887 0.110077 -0.235026 -0.022038 0.131375 0.147808 -0.294183 -0.169130 -0.029191 -0.053192 -0.057119 -0.094991 0.222265 -0.427125 -0.226432 -0.170492 -0.038446 -0.294877 -0.089326 -0.027492 -0.204567 -0.196325 0.149714 -0.260340 -0.202605 -0.082765 0.021455 -0.033843 0.654938 0.074110 -0.073260 0.541127 -0.095325 -0.271680 0.367951 0.381338 -0.037141 -0.093785 0.046545 -0.146394 -0.014695 0.061816 0.313217 -0.192723 -0.037718 -0.072386 -0.277057 
0.044545 0.008829 -0.073247 -0.007940 -0.063990 -0.188329 -0.075716 -0.024363 -0.022663 -0.211708 -0.214840 -0.153639 -0.041810 -0.153965 -0.037453 0.029057 0.071178 -0.296393 0.343095 0.104162 -0.202133 0.031002 -0.400093 0.176020 -0.141784 -0.071861 -0.273329 -0.104857 -0.152802 -0.164608 0.131767 -0.100020 -0.282017 0.159774 -0.169390 -0.148109 -0.055879 0.063716 0.035075 0.693184 -0.126601 0.023542 0.314255 -0.161364 -0.278401 0.198444 0.144169 -0.107714 0.042454 0.088649 -0.022273 -0.013231 0.025700 0.320027 -0.086983 0.164792 -0.124031 -0.181335 
-0.090053 0.101743 0.138490 -0.053327 -0.011978 -0.110531 0.146909 -0.183333 -0.124405 -0.029155 -0.289324 -0.199583 -0.398518 -0.058054 -0.024024 -0.035038 -0.232271 -0.310158 0.459506 -0.036014 0.017601 -0.169552 -0.466976 0.110109 0.055384 -0.176495 0.009650 -0.038327 0.082767 0.032397 -0.011456 -0.201531 -0.177381 0.186128 0.030712 0.079408 -0.192253 -0.260300 -0.107199 0.467862 -0.095425 0.043815 0.270737 -0.129927 -0.342016 0.099360 0.033532 -0.071085 -0.022820 0.272721 -0.199846 -0.018376 -0.230043 0.141727 -0.145553 -0.039980 0.135791 -0.060974 
-0.137767 -0.011191 0.394618 0.031253 0.102592 -0.191856 0.057944 0.033951 0.103554 -0.072067 -0.314097 -0.146217 -0.128404 -0.077180 -0.169200 -0.132938 -0.184513 -0.343517 0.466109 0.066998 -0.068495 -0.036286 -0.330981 0.105826 0.109265 -0.434254 -0.161690 -0.025705 0.182250 -0.154597 -0.157972 -0.120261 -0.148476 -0.147714 -0.019496 0.237265 -0.096422 -0.045209 0.026713 0.377886 -0.081420 -0.002141 0.143722 -0.090116 -0.430076 0.103869 -0.076963 -0.047498 0.007315 0.192613 -0.128901 -0.232479 -0.205721 0.259703 -0.208482 0.132708 0.114394 0.090471 
-0.052053 0.379017 0.215013 -0.115512 0.041899 -0.072350 0.231296 0.068209 0.156893 -0.277439 -0.016243 -0.262197 -0.117526 0.186180 -0.164789 -0.044944 0.096915 -0.100385 0.748710 0.092790 -0.018238 -0.249312 -0.484962 0.180317 0.152134 -0.506833 -0.063615 -0.054030 0.173060 0.143044 -0.118442 0.164206 -0.052090 0.095206 0.168972 0.187413 0.064291 -0.182800 -0.074300 0.408169 0.016332 -0.028154 0.050242 -0.018813 -0.468494 -0.051223 -0.116197 -0.004724 -0.044071 -0.079366 -0.079098 -0.088532 -0.262073 0.181855 -0.305062 0.083479 0.213288 0.146838 
-0.163506 0.252935 0.110328 -0.184341 -0.194244 -0.023424 -0.014072 0.134630 -0.054956 -0.226681 -0.047192 -0.042477 -0.028218 0.154330 0.087680 -0.035841 -0.018117 0.016012 0.459997 -0.044647 -0.135341 -0.205378 -0.279088 0.189132 0.211805 -0.384727 0.230289 0.096115 0.124348 0.039485 -0.149322 -0.147158 -0.045027 -0.272481 0.246669 0.055643 0.191977 -0.062141 0.114887 0.183813 -0.007202 0.115250 0.276133 -0.076674 -0.277350 -0.035174 -0.196763 0.095340 0.086710 -0.072177 -0.067983 -0.159303 -0.464893 0.290820 -0.113373 0.042913 0.271721 0.061637 
0.165408 0.263396 0.201010 -0.009533 -0.047977 0.082781 -0.036359 0.167569 -0.095936 -0.154356 -0.200452 -0.031613 -0.005156 -0.047799 0.080744 -0.186013 0.125360 0.021086 0.549386 0.174522 -0.100298 -0.019337 -0.399774 0.187187 0.161543 -0.376793 -0.006064 -0.213290 0.205119 -0.036991 -0.166919 0.048508 -0.163713 -0.083043 0.294834 0.142009 0.197190 0.067866 0.259418 0.186303 0.048243 -0.044942 0.136449 -0.040762 -0.305310 0.164327 -0.011101 0.122483 -0.139321 0.018437 -0.099951 0.108042 -0.286012 0.226390 0.083109 0.127025 0.385894 0.194248 
-0.003586 0.385738 0.055898 -0.134747 -0.241192 0.130711 -0.004468 0.168965 -0.270485 -0.126404 0.035262 -0.002194 0.062306 0.011039 0.066739 -0.133880 -0.078391 0.276593 0.357129 0.135153 -0.165459 0.156402 -0.425985 -0.066349 0.068428 -0.229653 0.012152 -0.094752 0.130589 0.006435 -0.298293 0.030407 -0.178835 -0.257154 0.226696 0.057083 0.125898 -0.188896 0.005570 0.209425 0.013692 -0.074350 0.162227 -0.032848 -0.228027 0.190460 0.140139 -0.130012 -0.072029 0.101041 0.066245 -0.068161 -0.299171 -0.048676 0.137698 -0.045743 0.363852 -0.059941 
-0.003972 0.336287 0.037112 0.159314 -0.279221 -0.008335 -0.064469 0.082755 -0.034508 0.016555 -0.025275 -0.036602 -0.141848 0.064634 0.117726 0.189348 0.070626 0.109026 0.346198 0.098311 -0.122388 -0.136121 -0.469928 0.077327 0.457690 -0.443572 -0.041620 -0.102284 0.344960 0.058816 0.014566 -0.042622 -0.035931 -0.179024 0.155366 -0.010651 0.148590 -0.172515 0.415269 0.011309 -0.010947 -0.057524 0.187577 -0.014204 -0.248215 0.190455 0.109034 -0.243572 -0.186074 -0.000388 0.152258 -0.042540 -0.205906 0.148009 0.057659 0.055152 0.189539 -0.069682 
-0.225435 0.122168 0.244614 -0.077484 -0.112742 0.213036 0.151339 0.291729 -0.040637 0.074629 -0.072621 0.103053 0.105357 -0.126249 0.164977 0.113646 -0.046373 0.214519 0.287609 0.028852 -0.116479 0.121984 -0.197818 -0.000105 0.436256 -0.473425 -0.149601 -0.117868 0.369180 0.077688 -0.277853 0.052586 -0.081081 -0.396734 0.079944 -0.138694 0.012102 -0.031339 0.052702 -0.163716 0.031112 0.105763 0.176481 0.064355 -0.321310 0.219913 -0.011679 -0.184111 0.044434 -0.099704 0.008041 -0.063873 -0.273365 -0.043540 -0.033211 -0.086738 0.341898 -0.194003 
-0.037201 0.160394 0.260870 0.043899 -0.119684 0.249495 -0.007050 0.297099 -0.211444 0.305613 0.108321 0.201524 0.081073 -0.259312 0.053473 -0.033133 -0.123631 0.219476 0.167579 0.120300 -0.188085 -0.046802 -0.253022 0.073280 0.224257 -0.208298 -0.194269 -0.214674 0.310066 0.056807 -0.071835 0.064758 -0.037636 -0.279962 -0.107466 -0.069230 -0.005123 -0.195564 0.151029 -0.080899 0.083809 -0.232263 -0.136440 0.098128 -0.195441 0.174058 0.119123 -0.284270 -0.024130 -0.060428 0.354636 0.079206 -0.108955 -0.108937 0.124891 0.108486 0.126885 -0.146038 
0.075829 0.109660 0.298082 0.078109 -0.132367 0.291031 0.013577 0.205522 -0.217320 0.346016 0.105083 -0.057993 0.117994 -0.215914 0.396905 0.060013 -0.306431 0.419309 0.096889 0.192548 0.027243 -0.046630 -0.309274 -0.062344 0.243133 -0.018439 -0.146738 -0.001830 0.140913 0.015945 -0.152312 0.204774 0.232799 -0.075871 -0.378342 -0.033681 0.303690 -0.005290 0.078435 -0.150967 -0.038083 -0.113422 0.006216 0.095243 -0.120843 -0.006182 0.123704 -0.060827 -0.068454 -0.221490 0.019683 -0.120533 -0.022966 -0.202970 0.225572 0.007515 0.262997 -0.102465 
0.175036 0.069175 0.058167 -0.031247 0.181677 0.340085 -0.065789 0.163262 -0.453895 0.266098 0.097004 0.049565 0.268826 -0.076547 0.221713 0.079971 -0.337016 0.281801 -0.031702 0.234595 0.045223 0.110321 -0.351231 0.001584 0.143341 -0.020113 -0.120998 0.042737 0.294468 -0.056445 -0.086997 0.035181 0.073076 -0.067108 -0.270031 -0.064899 0.236309 -0.141173 -0.036399 -0.470446 0.100995 0.003578 -0.223062 0.111435 -0.110027 -0.173950 0.223195 -0.188152 -0.048598 -0.254304 0.086916 -0.068063 0.160660 -0.185999 0.018538 0.243207 0.268787 0.078842 
0.046507 0.049512 0.069583 0.147467 -0.005799 0.222277 -0.196067 0.229946 -0.205183 0.116567 0.100188 0.217678 0.431764 -0.412213 0.183905 0.094482 -0.014144 0.290805 0.209140 0.146271 -0.206849 -0.077253 -0.545284 0.084632 0.156276 -0.002731 -0.044223 -0.055514 0.032851 -0.149803 -0.107613 -0.031884 0.077257 -0.431740 -0.244934 0.135438 0.199713 0.017625 0.000359 -0.348704 0.041337 -0.000620 -0.321418 -0.079868 0.121192 0.132473 0.073952 -0.247132 0.160630 -0.079156 -0.044903 -0.243374 0.034161 -0.237184 0.023703 0.104182 0.122524 -0.052549 
0.018876 -0.112170 0.120877 0.247841 0.160016 0.193709 0.082506 0.483922 -0.367679 0.007454 -0.076111 0.243723 0.172258 -0.237176 -0.004528 0.113675 0.019171 -0.004631 0.058189 0.276061 -0.043429 -0.128683 -0.384165 0.009456 0.092504 0.178207 -0.129198 -0.079525 0.201561 0.286404 -0.259899 0.123676 0.320706 -0.425441 -0.110545 0.428870 0.096948 -0.125221 -0.063824 -0.353021 0.046046 0.254551 -0.363949 -0.017966 0.228298 0.181968 -0.201310 -0.188805 0.284333 -0.211120 0.201022 -0.106489 0.195314 -0.481292 0.178068 -0.129588 -0.072417 -0.060280 
0.154324 0.184911 0.231553 0.168160 0.251843 0.319876 0.178546 0.443642 -0.188703 -0.251350 0.138908 0.406515 0.203394 -0.276375 0.060782 -0.020077 0.199917 -0.058004 -0.068270 0.218842 0.074320 -0.309366 -0.380794 0.139502 0.101640 -0.113446 -0.077993 -0.184522 0.157210 0.064480 -0.076690 0.119338 0.245250 -0.423046 -0.024390 0.091602 -0.020870 -0.221519 -0.079127 -0.547774 0.022652 0.216139 -0.452911 0.268312 0.252195 0.113890 -0.150310 -0.159332 0.199590 -0.108540 0.060015 0.030153 0.389500 -0.377601 0.024851 -0.297275 0.002664 -0.003372 
-0.022944 -0.144534 0.157455 0.026337 0.197406 0.532594 0.063330 0.556521 -0.158727 -0.470938 0.134027 0.593039 0.272532 -0.229349 0.096812 -0.125142 0.290941 0.015983 -0.019188 0.104738 -0.128381 -0.131036 -0.380036 -0.009091 0.208488 0.074367 -0.119534 -0.183509 -0.086610 0.085392 -0.200137 -0.100249 0.380932 -0.311184 -0.094310 -0.011925 0.258009 -0.023677 0.066243 -0.159655 -0.034186 0.098603 -0.302542 0.249885 0.131775 0.228042 -0.145521 -0.381862 0.052438 -0.092873 0.139599 -0.144766 0.161435 -0.130541 0.081114 -0.134185 0.008629 0.185063 
0.089246 -0.102826 0.101274 -0.138645 -0.032598 0.595049 0.140236 0.357353 -0.421595 -0.323989 0.062384 0.555307 0.315519 -0.120255 -0.112434 0.115190 0.419944 0.077406 -0.047239 -0.014022 0.183374 -0.051778 -0.150754 0.022239 0.284492 0.100626 -0.027364 -0.205558 0.144120 0.182117 -0.103583 -0.099707 0.343707 -0.397742 -0.003802 0.075129 0.372564 -0.174440 -0.096253 -0.217218 0.019554 0.280444 -0.139151 0.175862 0.219468 0.063731 -0.208580 -0.042353 0.043248 0.197393 -0.004525 0.117570 0.441520 -0.347087 -0.143353 0.068071 -0.029185 0.138700 
0.080614 0.045261 0.127979 0.060319 -0.270851 0.535157 0.207284 0.455638 -0.446782 -0.280639 0.333352 0.454034 0.131605 -0.066127 -0.155774 -0.006664 0.330919 0.095173 -0.089575 -0.074463 0.210483 -0.151280 -0.518152 0.101331 0.155987 0.091423 -0.132679 -0.092367 -0.201811 0.067174 -0.234147 0.035056 0.293708 -0.470416 0.184065 0.084075 0.199566 0.007676 -0.275930 -0.589712 -0.076193 -0.071791 -0.166015 0.003169 0.010274 -0.130231 -0.346622 0.003154 0.072660 0.126198 -0.179559 0.030810 0.348420 -0.287503 0.046644 0.004866 0.211556 -0.217216 
0.012812 0.003263 0.028954 -0.150357 0.041853 0.500050 0.232456 0.539089 -0.449554 -0.228930 0.126525 0.597174 0.106333 -0.212277 -0.363621 -0.056284 0.213879 -0.049145 -0.215866 -0.038200 0.237275 0.070822 -0.315989 0.090604 0.270316 0.033438 -0.204762 -0.028993 -0.060169 0.078544 -0.313596 0.098837 0.124696 -0.445525 0.249372 0.118357 0.250955 -0.059617 0.003029 -0.668312 0.038468 0.155616 -0.335419 0.131998 0.226310 -0.052378 -0.294194 0.171654 0.301188 0.046453 -0.212589 0.071801 0.345373 -0.243791 0.053764 -0.094328 0.178523 -0.353080 
-0.016418 0.017812 0.005006 0.132141 -0.105511 0.541675 -0.012975 0.473983 -0.202041 -0.105770 0.155873 0.637873 0.092668 0.024480 -0.221988 -0.063589 0.325421 0.071033 -0.372327 0.000495 0.065794 -0.133643 -0.352319 0.025290 0.363418 0.021855 -0.091461 -0.113235 -0.113605 0.054047 -0.150007 -0.091160 0.334517 -0.168982 0.183062 0.154973 0.050709 0.034465 0.040371 -0.645042 -0.053617 0.024573 -0.303483 -0.010532 0.258221 0.111162 -0.109350 -0.014459 0.078176 0.228607 -0.155377 0.054224 0.340934 -0.266187 0.180818 -0.108969 0.221762 -0.354466 
-0.045902 -0.008570 0.062436 -0.057283 -0.231292 0.416457 0.151290 0.226890 -0.245523 0.005982 0.337764 0.680344 0.137887 -0.136335 -0.378884 0.123081 -0.024561 -0.085611 -0.024088 0.231223 0.205129 0.067056 -0.161340 -0.026138 0.230360 0.118549 -0.124708 0.063415 0.027905 0.127636 -0.333318 0.054096 0.101060 -0.280866 0.043729 0.016726 0.040618 0.020206 0.141342 -0.742720 0.145528 0.109004 -0.353382 0.104842 0.447028 0.007327 -0.205657 0.078083 0.001204 -0.092013 -0.003124 -0.064912 0.494761 -0.255385 0.035409 -0.012573 0.262370 -0.542942 
0.038359 -0.083441 -0.007123 -0.079473 -0.142117 0.319868 0.282078 0.197733 -0.277943 0.148441 0.196347 0.399103 -0.035731 -0.080083 -0.034642 -0.026092 0.166128 -0.071007 -0.068671 -0.077881 0.162365 0.124904 -0.179769 -0.056043 0.079076 0.256007 0.174283 0.052113 -0.097816 -0.042915 -0.167813 -0.085683 0.131931 -0.171885 0.322339 0.099761 0.293702 -0.141193 0.158339 -0.648188 0.040003 0.093605 -0.598116 0.203379 0.571645 -0.026478 -0.009236 0.230805 -0.004004 0.210500 0.005821 0.275732 0.469946 -0.132692 0.091716 0.008333 0.260867 -0.342181 
-0.009470 -0.085854 0.138345 -0.049295 -0.332165 0.325177 0.045336 0.132043 -0.009621 0.069029 0.217513 0.429880 0.034844 -0.276875 -0.017246 -0.189397 0.110492 -0.251025 -0.041427 0.090462 0.142954 0.022914 -0.092086 0.194046 0.190804 0.147219 0.139533 -0.166557 -0.075361 0.091552 -0.256753 -0.043799 0.154898 -0.228658 0.344757 -0.128260 0.299489 -0.088717 0.104664 -0.810627 0.102456 0.190306 -0.412987 0.117025 0.464199 -0.191356 0.009864 0.292060 -0.121865 0.140542 0.058945 0.221181 0.476151 0.032607 -0.023576 -0.176864 0.200023 -0.142731 
-0.105332 -0.024184 -0.060042 0.156078 -0.278038 0.354287 0.266779 0.250387 -0.224434 -0.081582 0.045551 0.325987 0.081372 -0.199678 -0.098362 -0.016120 0.294098 -0.051901 0.135276 -0.124054 0.022472 -0.091495 -0.236550 0.051481 0.079628 0.224109 0.139876 -0.330118 0.039735 0.031264 0.001781 -0.126964 0.344795 -0.153459 0.260960 0.047078 0.050022 0.043980 0.037167 -0.636778 -0.060712 0.087399 -0.475939 0.170367 0.523545 -0.250987 -0.163564 0.119148 -0.300073 -0.050562 0.096184 0.198236 0.350196 -0.246973 0.015608 -0.003254 0.270733 -0.408424 
-0.031927 0.043311 -0.183829 0.101548 -0.280504 0.245716 -0.111759 0.195761 -0.220822 -0.117982 0.064630 0.304613 0.027569 0.080281 -0.109310 -0.099251 0.190378 -0.010957 -0.096926 -0.239817 -0.220624 -0.217924 -0.147955 0.099671 0.081573 0.397953 0.350480 -0.322751 -0.310019 0.073568 -0.035897 -0.146768 0.308607 0.049801 0.343569 0.073113 0.326721 -0.066992 0.067949 -0.596820 0.022777 0.017228 -0.470462 0.303713 0.162396 -0.234915 0.035418 0.190988 -0.055393 0.088343 0.189776 0.129965 0.280770 -0.046142 -0.283682 0.163041 0.179669 -0.224175 
0.133077 -0.092483 -0.169756 0.004016 -0.236757 0.106107 0.048478 -0.007043 -0.031380 0.097341 0.263913 0.510609 -0.164721 -0.038164 0.001078 -0.042020 0.187233 -0.128681 -0.145990 -0.029183 -0.147917 -0.193974 -0.259191 0.087308 0.070200 0.202163 0.253046 -0.251807 -0.154667 0.212102 -0.049166 -0.266010 0.465150 0.028745 0.236394 -0.011573 0.195432 0.009908 -0.128178 -0.469274 0.130980 0.117355 -0.219775 0.169444 0.402880 -0.263286 -0.066017 0.282538 -0.173787 0.002738 0.072352 0.094942 0.129719 0.052519 -0.150585 0.187455 0.014740 -0.205008 
0.065644 0.186822 -0.048183 0.100810 -0.295150 0.207156 0.083624 -0.054401 -0.194262 0.103480 0.248322 0.355090 -0.092968 0.092119 -0.062293 0.019201 0.063764 -0.077748 0.007128 -0.191607 -0.002258 -0.377159 -0.226755 -0.025498 0.056250 0.430741 0.196500 -0.287486 -0.359753 -0.002658 0.032224 0.002286 0.429550 -0.055007 -0.091659 -0.123768 0.120817 0.002016 0.145617 -0.516732 0.024806 0.059917 -0.339290 0.225703 0.239587 -0.229980 -0.156609 0.292710 -0.256482 0.001736 0.242309 0.074669 0.079836 -0.115204 -0.181643 0.098598 0.263490 -0.073895 
0.010079 0.010428 -0.119846 -0.168697 0.031616 0.150840 0.102444 -0.015590 -0.217573 0.024008 0.190408 0.312911 0.138099 -0.091042 -0.180419 0.008026 0.034091 -0.190598 -0.175273 -0.218384 -0.065958 -0.123239 -0.245125 0.218888 -0.039741 0.230387 0.130519 -0.125474 -0.248066 -0.073531 -0.144510 -0.095877 0.165519 0.019677 -0.099835 0.044177 0.105486 -0.054448 0.146105 -0.489824 0.109793 0.097363 -0.608382 0.211590 0.266677 -0.501540 -0.067440 0.406788 0.059214 -0.090363 0.282168 0.138156 -0.086013 0.123319 0.114366 0.000252 0.178690 -0.002392 
-0.095986 0.159851 -0.254286 -0.271627 0.004180 0.033354 0.123546 -0.285422 -0.151668 -0.104353 0.138754 0.492826 0.178780 0.052582 -0.189040 0.033438 0.091230 -0.105576 0.011221 -0.297087 -0.057388 -0.094974 -0.032831 0.139939 -0.238458 0.337925 0.239246 0.056589 -0.044837 0.093878 -0.040787 0.095312 -0.062034 -0.001592 0.154833 0.038911 0.078660 0.000787 0.200829 -0.691732 -0.090507 -0.035020 -0.725903 0.266929 0.235683 -0.391246 0.149416 0.455283 -0.142315 -0.126812 0.158385 0.029425 -0.019421 0.069646 -0.259843 -0.016503 0.104502 0.057561 
-0.093223 -0.034143 -0.403764 -0.244906 0.105977 0.102608 -0.141841 -0.016482 -0.077157 0.015833 0.282453 0.287592 0.200764 -0.081567 0.064109 -0.001812 -0.179032 0.074473 -0.078560 -0.230836 -0.050688 -0.274681 -0.045845 0.106309 -0.429013 0.307373 0.067223 0.089360 -0.072652 0.023541 0.132674 -0.048508 0.008094 0.259518 0.105794 0.182300 0.288641 0.253989 -0.196690 -0.739773 0.097420 0.119522 -0.487552 0.286565 0.424351 -0.569452 -0.024319 0.199449 -0.246581 -0.071424 0.154327 0.007837 0.092365 0.049136 -0.001860 -0.095722 0.310812 0.362851 
0.043804 -0.077513 -0.680462 -0.214515 -0.000600 0.008061 -0.085516 -0.229802 0.171937 -0.112752 0.299431 0.058577 0.360858 -0.143366 0.106020 -0.155424 0.072997 0.159155 -0.136732 -0.331902 0.033646 -0.221425 0.050220 -0.075947 -0.622118 -0.050658 0.132862 -0.001566 0.024729 0.019083 -0.054137 -0.045069 0.168738 0.144232 0.095516 -0.033518 0.123129 0.084508 -0.116339 -0.579109 0.058194 0.057694 -0.770458 0.198234 0.252997 -0.627413 0.004799 0.282515 -0.170869 -0.347835 0.160865 0.005241 0.038426 0.145858 0.019035 -0.099304 0.311912 0.198415 
0.111950 0.294390 -0.854913 -0.386169 0.112602 0.002583 -0.126453 -0.295108 0.234742 -0.196673 0.244176 0.176115 0.287548 0.020592 0.248951 -0.127168 -0.163895 -0.044222 -0.218376 -0.236149 0.070519 -0.238439 0.012259 0.111116 -0.555020 0.199488 0.336124 0.205070 0.098834 0.103236 0.141703 -0.026724 0.122314 0.207017 0.016530 0.016611 0.136262 0.268969 -0.048886 -0.487842 0.052137 0.333782 -0.672214 0.191282 0.161472 -0.390179 0.310341 0.199734 -0.142610 -0.131699 0.198568 -0.050791 -0.095289 0.294877 -0.090559 -0.049516 0.539283 0.447956 
0.078650 0.132068 -0.723549 -0.168173 0.212573 0.000674 -0.311386 -0.511022 0.317825 -0.146320 0.153449 0.125431 0.365067 0.149102 0.389080 0.033340 -0.330069 0.200432 -0.086539 -0.171926 0.197248 -0.075823 0.218227 0.111067 -0.454394 0.122867 0.036512 -0.106842 0.041370 -0.038578 0.170234 -0.016057 0.305465 0.337197 -0.081644 -0.111374 0.009513 0.133441 -0.277252 -0.457302 0.032724 0.044119 -0.417670 0.270626 -0.236496 -0.332589 0.176454 0.138819 -0.117398 -0.357684 0.314298 -0.266857 -0.179103 0.280959 0.075725 -0.051915 0.342672 0.121925 
0.030917 0.184172 -0.578668 -0.037844 -0.054126 -0.105872 -0.236010 -0.388435 0.461627 0.065106 0.189340 0.153531 0.424383 -0.016067 0.353708 -0.097832 -0.344645 0.239687 0.053631 -0.073582 0.155163 -0.135343 0.124498 0.226034 -0.366862 -0.016570 0.315438 -0.153898 -0.013380 -0.032319 0.178240 0.077231 0.531555 0.213418 -0.139862 -0.288075 0.102628 0.100270 -0.116370 -0.496399 0.172852 0.123521 -0.331814 0.226795 -0.198072 -0.435386 0.341018 -0.038330 -0.144522 -0.443670 0.420767 -0.130553 0.021283 0.501487 -0.226998 -0.105619 0.625514 0.073652 
0.011662 -0.025344 -0.464998 -0.216274 -0.173821 -0.167496 -0.253596 -0.480855 0.325367 0.046348 0.409908 0.110482 0.398663 -0.022021 0.352631 -0.094616 -0.101762 0.216180 0.115491 -0.153720 0.206935 -0.003785 0.165319 0.250549 -0.279538 0.237056 0.115170 -0.321504 0.122215 -0.128398 -0.101477 -0.120936 0.252034 0.188891 -0.101811 -0.167899 0.266380 -0.109033 -0.229495 -0.340534 0.003720 0.108577 -0.495225 0.247607 -0.086473 -0.409941 0.379288 -0.160638 -0.207296 -0.476016 0.454476 0.109948 -0.073421 0.367519 -0.367487 -0.144055 0.791495 -0.024173 
-0.171823 0.036234 -0.224841 -0.173278 -0.200213 -0.042040 -0.240462 -0.620653 0.503234 0.019318 0.180465 0.041353 0.446424 0.072405 0.262417 -0.047746 -0.415369 0.417973 0.055176 0.022540 0.081709 -0.309789 0.013425 0.221238 -0.283415 0.127935 0.242853 -0.218075 0.058548 -0.288920 0.082276 -0.166921 0.176496 0.416125 -0.058661 -0.004076 0.153941 0.169465 -0.266311 -0.304821 0.067631 0.149431 -0.349323 0.324858 -0.394859 -0.462079 -0.005461 -0.233363 -0.143788 -0.311643 0.463918 0.079000 -0.084626 0.445192 -0.254023 0.014963 0.672082 0.018665 
-0.153787 0.121699 -0.224813 -0.168200 -0.203571 0.003413 -0.137599 -0.707097 0.350420 0.106692 0.172417 0.254854 0.256274 -0.001531 0.244757 0.101287 -0.358097 0.428992 0.205918 -0.273279 0.266877 -0.221508 0.216197 0.315209 -0.072371 0.004355 0.116021 -0.264650 -0.021931 -0.130897 0.150030 -0.088441 0.363284 0.212649 0.049405 0.147245 0.060129 0.069983 -0.239094 -0.057372 0.101985 0.202562 -0.432028 0.243796 -0.473794 -0.437506 0.055154 -0.300761 -0.265612 -0.435290 0.398875 0.245772 -0.151742 0.274590 -0.404873 -0.120164 0.475949 0.219322 
0.062643 0.130490 -0.209804 -0.238770 0.059206 -0.018467 -0.007315 -0.506891 0.273575 0.038803 -0.042648 0.198636 0.202840 -0.008722 0.311024 0.145891 -0.275019 0.339382 0.102282 -0.268813 0.380386 -0.142674 0.077512 0.190254 -0.176359 0.003301 -0.045849 -0.317597 0.060195 -0.004346 0.191971 -0.081267 0.018299 0.331955 -0.100029 0.197232 -0.081037 0.136289 -0.201510 -0.084106 0.398397 -0.202501 -0.279339 0.230201 -0.413120 -0.423888 -0.214011 -0.308357 -0.177899 -0.407109 0.372664 0.109052 -0.198612 0.277841 -0.346849 0.098487 0.594634 0.164379 
-0.036534 0.105018 -0.193962 -0.192261 -0.169759 -0.001712 0.034853 -0.280763 0.204944 -0.088555 -0.031026 0.025384 0.179205 -0.027134 0.105045 -0.133503 -0.327292 0.324846 0.166780 -0.334694 0.180588 -0.202267 0.161671 0.066895 -0.039734 0.117696 0.050274 0.053577 -0.195656 0.167864 0.203623 0.070436 0.182925 0.130339 0.079356 0.193800 -0.067085 0.436611 -0.219193 -0.020112 0.335170 -0.230911 -0.205545 0.119730 -0.428184 -0.247316 -0.111174 -0.254374 0.043052 -0.350125 0.230690 0.176141 -0.306064 -0.010303 -0.216886 -0.057635 0.354211 0.199316 
-0.159355 0.101202 -0.129049 -0.197311 -0.320767 -0.078627 0.093048 -0.421197 0.186612 -0.165291 0.034467 -0.132103 0.147463 0.192715 0.111994 0.157363 -0.203951 0.384066 0.117049 -0.019203 0.473141 -0.110691 0.255162 0.080004 -0.299089 0.076154 0.258465 -0.106309 -0.115920 -0.008157 0.400978 -0.123988 -0.046988 0.329604 -0.111156 0.113003 -0.071502 0.321261 -0.252562 -0.093677 0.308259 0.023751 -0.059488 0.144383 -0.227491 -0.421763 -0.032553 -0.155491 -0.048324 -0.411649 0.194830 -0.012381 -0.247832 0.318186 -0.381814 -0.040020 0.287920 0.345949 
0.077380 -0.061045 -0.221721 -0.030917 -0.269740 -0.005855 0.130931 -0.364300 0.061443 -0.158418 0.058052 -0.318782 0.053411 0.048642 0.105969 0.058172 -0.233996 0.229435 0.165608 -0.366234 0.132588 -0.144740 0.172516 -0.044235 -0.031158 0.245937 0.148334 -0.023114 -0.149152 -0.292232 0.318225 -0.001778 0.057912 0.175115 -0.106410 0.196042 -0.131628 0.206749 -0.019720 -0.219015 0.224509 -0.026678 -0.022684 -0.163968 -0.320614 -0.058904 -0.138608 -0.150941 -0.127952 -0.606716 0.127969 0.037407 0.062183 0.312488 -0.211200 0.241515 0.143058 0.500823 
0.069567 -0.112875 -0.062387 0.033801 -0.179977 -0.225994 0.142073 -0.180707 -0.080955 -0.112140 -0.131904 -0.527382 0.070406 0.118848 -0.143349 0.188044 -0.146895 0.224554 0.078261 -0.256891 0.394807 -0.073149 0.380475 -0.254056 -0.045279 0.352081 0.023871 -0.111451 -0.108571 -0.271960 0.357272 0.232644 -0.177686 0.230792 0.143762 0.305671 -0.074814 -0.042759 -0.290303 -0.145730 0.206661 0.146340 -0.008283 -0.223899 -0.311788 -0.029881 0.052517 -0.222916 -0.001907 -0.354708 0.018427 0.191578 0.174021 0.241781 -0.236916 0.196369 0.062007 0.401753 
0.125277 -0.022401 -0.221831 0.019942 -0.037010 -0.146766 -0.049987 0.033787 0.074669 -0.114419 -0.090232 -0.615145 -0.240109 0.242852 -0.178549 0.117531 -0.183214 0.058111 0.016406 -0.334855 0.267692 -0.101278 0.293274 -0.217022 0.024539 0.395332 0.222220 -0.024086 -0.035879 0.032363 0.395141 0.119646 -0.024413 0.092487 -0.026511 0.062948 -0.034759 -0.063888 -0.200162 -0.273104 0.188411 0.089416 -0.125193 -0.193933 -0.371523 0.170952 -0.009089 -0.364833 0.101425 -0.285124 0.181840 0.048845 0.289518 0.195059 -0.221942 0.032988 -0.070361 0.194524 
-0.012272 -0.164361 0.127382 0.093982 -0.113588 -0.117207 0.043774 0.010157 0.253990 -0.078425 -0.042911 -0.788375 -0.275967 0.195084 -0.014819 0.027231 -0.209534 0.206731 0.041695 -0.362382 0.106564 -0.195886 0.446372 -0.310711 0.008776 0.235078 0.280130 0.077250 -0.101988 -0.231274 0.497240 0.169375 -0.075952 0.079978 0.042364 -0.047364 -0.012579 0.088967 -0.316656 -0.276964 0.140728 -0.132171 0.143057 -0.524859 -0.246648 0.271943 -0.078860 -0.048081 0.337734 -0.373302 -0.060496 0.019844 0.156823 0.199861 -0.215652 -0.132630 0.123972 0.127200 
-0.269122 -0.255335 0.227791 -0.090609 0.313610 -0.150872 0.110529 0.097583 0.136103 -0.211853 -0.229780 -0.804197 -0.399976 0.015517 -0.245678 0.136669 -0.083860 0.163649 0.140781 -0.297511 0.317058 -0.027912 0.344146 -0.070057 -0.060564 0.286825 0.253634 0.317760 0.112246 -0.050699 0.120744 0.034641 0.136084 -0.051362 0.191147 -0.216043 -0.174098 0.080663 -0.168890 -0.169167 -0.050090 0.036079 0.097856 -0.317864 -0.389175 0.134400 -0.052500 -0.199606 0.245408 -0.259287 -0.074480 0.152585 0.118940 0.061974 -0.015845 -0.036462 -0.018756 -0.052485 
-0.079757 -0.219600 0.246192 -0.217502 0.296281 -0.150034 -0.065038 -0.121071 0.079216 -0.224882 -0.168624 -0.615718 -0.316338 0.252646 -0.215293 -0.061033 0.032421 0.154282 0.099729 -0.204043 0.318122 0.223756 0.239005 -0.085483 0.039054 0.356339 0.464294 0.444833 0.055173 0.020102 0.441811 0.001733 -0.111390 0.105259 0.085053 -0.195643 -0.096266 0.122514 -0.125546 -0.257820 -0.008871 0.101772 0.014935 -0.288113 -0.100270 0.228770 0.044525 -0.275327 0.186642 -0.033019 -0.354043 0.125405 0.500797 0.201974 -0.066386 0.021854 -0.013241 0.208014 
-0.004028 -0.161805 0.314534 -0.157176 0.268746 0.273268 0.153758 -0.115317 0.152197 -0.264372 -0.312843 -0.864401 -0.350299 -0.036952 -0.092595 0.103122 -0.097803 0.015268 0.018276 -0.274651 0.114621 0.228398 0.269215 -0.200231 0.235180 0.279633 0.404909 0.495222 -0.084114 -0.060012 0.039485 -0.172351 -0.273679 0.014432 0.284359 0.001006 0.214827 0.009896 -0.011663 0.053467 0.007433 -0.019870 -0.130298 -0.255340 -0.231188 0.248894 -0.167001 -0.337671 0.229357 -0.074040 -0.330378 0.202364 0.263848 -0.197791 0.130233 -0.194793 -0.169972 0.133788 
0.096858 -0.449169 0.349146 -0.015489 0.184455 0.327749 0.234748 -0.091575 0.128318 -0.084438 -0.356129 -0.820163 -0.527740 0.069647 -0.173883 -0.095541 -0.327154 0.093408 0.070623 -0.173404 -0.020376 0.239790 0.426054 -0.388916 0.239523 0.419373 0.261477 0.508404 0.149029 0.030751 0.152001 0.160081 -0.238088 0.055020 0.140763 0.006557 0.241166 -0.031198 -0.309613 0.062038 -0.079499 0.036926 -0.024436 -0.340599 -0.029724 0.267760 -0.049357 -0.332905 0.058001 -0.099138 -0.503660 0.077057 0.265090 -0.056382 -0.008176 -0.132127 -0.294054 0.275817 
-0.030177 -0.528272 0.344475 0.083012 0.293627 0.258890 -0.094230 0.026121 0.107756 -0.138123 -0.420232 -0.582537 -0.310517 -0.032304 -0.040502 -0.058359 -0.431417 -0.013084 0.072243 -0.266615 0.218866 0.263342 0.524771 -0.227294 0.380604 0.302489 0.203325 0.484068 -0.214935 0.034310 0.251361 0.024107 -0.143611 0.025651 0.315101 -0.091801 -0.025616 -0.060279 -0.209914 0.140311 -0.130668 -0.083914 0.025766 -0.396600 -0.129157 0.283923 -0.149031 -0.309388 0.180245 -0.173445 -0.496647 0.068084 0.279372 0.040197 0.094071 -0.158098 -0.237934 0.102810 
-0.105973 -0.499644 0.180167 0.036693 0.323674 0.192072 0.220772 0.096981 0.189267 -0.141257 -0.407335 -0.824432 -0.211957 0.095251 -0.046887 0.099918 -0.302053 -0.194741 -0.002586 -0.173172 0.128088 0.246509 0.392506 -0.313268 0.201448 0.356282 0.327187 0.395174 -0.162310 0.191305 0.068930 -0.036181 -0.079654 -0.025563 0.254818 0.041984 0.034127 -0.084335 -0.124235 0.199773 -0.158624 0.159453 0.171832 -0.294165 -0.147266 0.438293 -0.053979 -0.180572 0.213125 -0.129243 -0.314333 -0.032265 0.124151 -0.128888 0.178457 -0.268683 -0.349889 -0.057108 
-0.137071 -0.440532 0.181465 0.021720 0.103158 0.016983 -0.000056 0.230765 0.113450 -0.032667 -0.230323 -0.612788 -0.237496 -0.018928 -0.102488 0.034775 -0.397557 -0.221477 0.049125 -0.405944 0.122048 0.362497 0.300470 -0.196873 -0.106392 0.029227 0.305641 0.431905 0.073136 0.073755 0.287733 0.086549 -0.158209 0.217294 0.107167 -0.121456 -0.097101 -0.034012 0.154062 0.009211 -0.461678 0.239437 -0.009424 -0.351806 -0.178021 0.439957 0.165636 -0.127054 0.312883 -0.155314 -0.288218 -0.109534 0.135928 -0.126372 0.235905 -0.063224 -0.054626 0.001229 
-0.120164 -0.344537 0.320178 0.047044 0.326137 0.105781 -0.013423 -0.111208 -0.010928 -0.161047 -0.406386 -0.451441 -0.042712 0.033175 -0.128734 -0.027053 -0.180780 0.010076 -0.116557 -0.256411 -0.051141 0.313816 0.511638 -0.195162 -0.200250 0.002462 -0.112494 0.679202 -0.105948 0.096518 0.130071 0.210790 -0.215472 -0.113632 0.105326 -0.260803 -0.258468 0.128468 0.120303 0.305379 -0.426746 0.057953 0.084930 -0.198719 -0.192869 0.164264 0.211783 -0.033856 0.301446 0.083369 -0.009472 -0.169543 0.196732 -0.047583 0.439067 -0.212000 -0.190664 0.018632 
-0.223445 -0.201241 0.214064 -0.079978 0.248881 0.001869 0.018080 -0.041487 0.092277 -0.141381 -0.443038 -0.166106 -0.084196 -0.046247 -0.066932 0.218329 -0.281728 -0.022560 -0.154248 -0.615743 0.136588 0.188179 0.647143 0.182350 0.151576 0.074666 -0.227305 0.576428 -0.093607 -0.072278 0.109513 0.097203 -0.180806 -0.011466 0.270985 -0.470188 -0.018142 -0.044188 0.178009 0.172626 -0.549744 0.045736 -0.044671 -0.421467 -0.079028 0.228195 -0.092124 -0.051540 0.312853 0.042516 0.293169 -0.349609 0.349750 -0.379708 0.423065 -0.258321 -0.245019 -0.193183 
-0.273814 -0.254835 0.383487 -0.156881 0.203047 -0.026920 0.029748 0.055537 -0.021895 -0.096573 -0.311937 -0.183772 0.083406 -0.021255 0.161489 0.166319 -0.223062 0.175522 -0.103628 -0.462801 0.151876 0.326874 0.569080 0.164461 0.130155 0.016922 -0.215353 0.560150 -0.103470 0.024659 0.087239 0.299191 -0.128970 0.102106 0.349767 -0.347512 -0.055959 0.109216 -0.009876 0.204880 -0.787082 0.071049 -0.179203 -0.412675 0.003406 0.141154 -0.192846 -0.040400 0.335200 0.024702 0.236178 -0.507185 0.147248 -0.290726 0.464336 -0.155970 -0.044318 -0.207586 
-0.236300 0.026442 0.183482 -0.156643 0.055380 -0.125158 0.123634 -0.154805 0.215601 0.097102 -0.275196 -0.307711 0.191056 -0.046976 0.064581 -0.097949 -0.218352 0.130163 -0.216666 -0.441037 0.007333 0.218494 0.535949 0.133763 -0.025990 0.062485 -0.041833 0.533119 -0.171951 0.079074 0.344882 -0.093159 -0.154429 0.211209 0.306256 -0.497262 0.020495 -0.115159 -0.054362 0.360116 -0.655761 0.298357 0.183687 -0.278235 -0.126058 0.205373 -0.042928 0.040493 0.219049 0.370707 0.388420 -0.130700 0.105170 -0.224547 0.478601 -0.216988 -0.343040 -0.261020 
-0.390145 0.040761 -0.101342 -0.094004 0.065571 -0.128094 0.168894 -0.270193 0.367589 -0.044334 -0.427249 -0.376814 0.355675 0.151300 -0.113745 -0.043558 -0.051954 0.168524 -0.098246 -0.352085 0.100603 0.113446 0.174204 0.117121 0.039710 0.190642 0.111412 0.451691 0.015853 0.062763 0.371893 -0.273858 -0.083425 0.185559 0.018304 -0.477260 -0.042923 -0.112570 -0.111162 0.151663 -0.705309 0.257009 0.192994 -0.301583 0.146800 0.371353 -0.167656 0.298155 -0.100220 0.476496 0.212280 0.094178 0.017728 0.074573 0.501048 -0.053320 -0.278963 -0.391835 
-0.201572 0.150013 0.136021 -0.177952 0.184552 -0.216239 0.136768 -0.125784 0.633399 0.005594 -0.255956 -0.335315 -0.065706 0.104835 -0.216191 -0.219767 0.048687 -0.029987 -0.094761 -0.023123 -0.071087 0.125561 0.193574 0.112233 0.252993 0.262745 0.024274 0.499099 -0.124649 0.157777 0.163720 -0.304826 -0.339462 0.102510 -0.044941 -0.470919 0.100977 0.005321 -0.105696 0.027637 -0.539529 0.331045 0.278711 -0.511537 -0.122272 0.508416 -0.371424 0.358383 0.138698 0.635956 0.111007 0.146648 -0.134996 -0.005280 0.521476 0.050039 -0.130251 -0.565370 
-0.270096 -0.026165 0.172919 -0.396618 0.202797 -0.398598 -0.002462 -0.131793 0.580732 0.349816 -0.118477 -0.058359 -0.036601 0.321767 -0.273253 -0.223997 -0.196130 0.101732 0.026663 -0.054179 0.021343 0.094596 0.051163 -0.010454 0.272870 0.326617 -0.055943 0.330260 0.233780 0.081358 0.129348 -0.111839 -0.352163 0.292526 0.058992 -0.150691 -0.008365 -0.261637 0.137693 0.025787 -0.655206 0.236748 0.079024 -0.340867 -0.152662 0.510577 -0.257249 0.092250 -0.011247 0.734082 0.207870 -0.090767 -0.196721 0.084651 0.572337 0.173871 -0.327549 -0.582977 
-0.205367 0.263553 0.226507 -0.291041 0.160550 -0.284093 -0.045077 -0.133482 0.583267 0.466099 -0.034150 -0.028995 0.086920 -0.008363 -0.192906 -0.257489 0.049681 0.406556 -0.140851 0.039684 0.280450 0.196121 -0.021140 0.136267 0.263129 -0.019821 -0.133916 0.214671 0.320074 0.115484 0.186043 -0.008578 -0.332360 0.241494 0.107533 -0.151052 -0.051859 0.101131 0.155192 -0.101758 -0.465182 0.184024 0.324521 -0.162711 -0.175365 0.482331 -0.517890 0.233026 0.022370 0.836564 0.260633 -0.162836 -0.210100 -0.048766 0.459152 0.089359 -0.226139 -0.529702 
-0.117945 0.210996 0.428032 -0.373924 0.408297 -0.750400 -0.047227 0.053317 0.414803 0.543366 -0.048727 0.131401 -0.077098 0.071574 -0.096910 -0.278631 -0.308222 0.578118 -0.335698 0.114503 0.111830 0.354022 0.212849 0.160820 0.607531 0.077345 -0.073588 -0.028014 0.121317 0.232652 0.189557 -0.083966 -0.413872 0.050443 -0.078271 -0.256929 0.133032 0.065605 0.080875 0.072071 -0.466948 0.261481 0.390028 -0.050088 -0.115122 0.460607 -0.396328 0.346366 -0.023584 0.702321 0.258197 -0.056975 -0.575749 -0.002930 0.474304 0.091061 -0.005163 -0.320020 
-0.009152 0.403691 0.312645 -0.039234 0.187412 -0.571021 -0.179385 0.119080 0.259548 0.634468 -0.108268 0.165842 -0.102971 -0.131076 -0.137925 -0.083932 0.033312 0.459005 0.010546 0.015652 0.259250 0.336010 0.093919 0.221607 0.571292 -0.045667 0.136798 -0.029429 0.254506 0.180343 0.176341 0.032948 -0.232250 0.230778 -0.334446 -0.045571 -0.011304 0.077121 0.156657 0.097415 -0.243179 0.151571 0.416446 0.020453 -0.344905 0.427400 -0.073031 0.202673 -0.131035 0.524676 -0.023181 0.076890 -0.516238 0.126000 0.328044 0.128780 -0.108442 -0.161385 
-0.010536 0.357621 0.335285 0.465531 0.225097 -0.584305 -0.061455 0.047031 0.011002 0.952519 -0.007890 -0.142379 -0.190407 -0.184513 0.022177 -0.006604 0.161190 0.461418 -0.085604 -0.016549 0.198332 0.430770 0.148810 0.075962 0.561776 0.170701 0.026340 0.270663 0.095145 -0.067015 -0.025829 -0.045554 -0.044968 0.077123 -0.566104 -0.205655 -0.218814 0.060992 0.147041 0.163406 -0.105660 0.210793 0.664877 0.018370 -0.045142 0.390679 -0.126336 -0.061232 -0.378145 0.348192 -0.250980 0.254886 -0.301039 0.114778 0.090854 0.181524 -0.076567 -0.177030 
0.175224 0.249430 0.165978 0.517878 0.379943 -0.585583 -0.110682 0.069622 0.002216 0.899846 0.234480 0.127459 -0.001004 -0.130779 -0.094783 -0.018767 -0.065795 0.279706 -0.031159 0.123078 0.384377 0.591270 0.345545 -0.044788 0.347829 0.021972 0.054424 0.507931 0.115460 -0.153750 -0.020901 -0.080347 -0.101920 0.219113 -0.424901 -0.174880 -0.036560 0.122212 0.175517 0.216102 0.279392 0.023548 0.712801 0.088879 -0.038211 0.218596 0.141553 -0.044285 -0.438630 0.060557 -0.379017 0.208648 -0.188012 -0.009178 -0.162605 -0.184277 0.252527 -0.068724 
0.216442 0.346564 0.160084 0.849192 0.273372 -0.674725 -0.117742 0.065705 -0.365672 1.074818 0.045369 0.108739 -0.215599 -0.187674 0.237787 0.295491 0.037112 0.336221 0.020996 -0.084784 0.390261 0.727645 0.358158 0.111747 0.506693 -0.349986 -0.131679 0.613465 0.274882 -0.247926 -0.134911 -0.183647 -0.347932 0.024284 -0.352815 0.055587 -0.245946 0.190430 0.113604 0.259593 0.694681 -0.270176 0.371529 0.199923 0.035337 0.229875 0.155482 0.081443 -0.324965 -0.247272 -0.173564 0.136055 -0.138206 0.137085 -0.141151 0.044868 0.224768 -0.154274 
0.387169 0.259674 -0.019379 0.676710 0.117529 -0.349167 0.040542 0.164721 -0.531350 0.921156 0.309353 -0.035834 -0.246261 0.020575 0.455161 0.418498 0.150711 0.214281 -0.026232 -0.086635 0.349265 0.941224 0.562736 0.327698 0.337251 -0.113182 -0.108348 0.783386 0.068611 -0.272240 -0.112722 0.023684 -0.229160 -0.274100 -0.129317 0.256701 -0.195858 0.142779 0.009237 0.277843 0.702868 -0.159417 0.390843 0.323181 0.269219 0.229397 -0.056711 -0.181099 -0.277992 -0.687963 -0.138386 0.223151 -0.012843 -0.010171 -0.475961 0.093047 0.251255 -0.200702 
0.191197 0.324479 -0.145282 0.756285 -0.337138 -0.326282 0.108428 0.024826 -0.801844 0.787095 0.324903 0.014509 -0.091602 0.138430 0.434998 0.532562 0.304786 0.037213 -0.143443 -0.229932 0.133147 0.600165 0.404259 0.251560 0.404886 -0.258738 -0.267385 0.676267 0.214695 -0.413891 -0.263180 0.083602 -0.255370 -0.612096 0.014440 0.030406 0.221358 0.247614 -0.280522 0.257249 0.812889 -0.393287 0.554324 0.167519 0.240534 -0.012938 0.148582 -0.088148 -0.407561 -0.642815 -0.023216 0.234712 -0.028348 -0.057549 -0.377037 0.270684 0.287882 -0.279735 
-0.018248 0.427553 -0.354997 0.743795 -0.335769 -0.195105 0.223742 -0.093615 -0.636818 0.470880 0.488433 0.168016 -0.018441 0.017599 0.516186 0.637014 0.225932 0.120451 0.078439 -0.223054 -0.101224 0.496095 0.369881 0.286976 0.497853 -0.311450 -0.193078 0.375738 0.163595 -0.531400 -0.248394 0.007680 -0.127133 -0.593841 0.230014 0.202172 0.022947 0.226561 -0.593870 0.306968 0.866622 -0.381111 0.732122 0.057475 0.237585 0.119750 0.014962 -0.246190 -0.455844 -0.672112 -0.157318 0.182006 -0.191969 -0.189246 -0.510301 0.141163 0.287382 -0.043135 
-0.377038 0.392407 -0.391379 0.855742 -0.314647 -0.346027 0.165275 0.001400 -0.387648 0.150565 0.451629 0.163493 -0.039458 -0.052028 0.429063 0.743145 0.256941 -0.290447 0.078904 -0.059877 -0.557831 0.428160 0.115351 0.139633 0.280169 -0.222214 0.161078 0.295272 -0.037914 -0.569120 -0.216864 -0.103523 -0.008066 -0.599117 0.106364 -0.023529 -0.073556 0.097462 -0.704201 0.221075 0.825625 -0.178327 0.950800 0.087463 0.352000 0.273158 0.241091 -0.239422 -0.726917 -0.415789 0.109431 0.147201 -0.077231 -0.309903 -0.612762 0.667944 0.355554 0.104639 
-0.450065 0.222288 -0.210159 0.748578 -0.472236 -0.126952 0.096495 0.321684 -0.061047 0.117931 0.353781 0.031096 -0.005357 0.017432 0.388968 0.522498 0.494391 -0.356918 -0.003276 -0.008863 -0.682544 0.050017 0.150673 0.114641 -0.014089 -0.078521 0.013661 0.223815 -0.282279 -0.627051 -0.254191 -0.280712 0.017579 -0.259124 0.131997 -0.071321 -0.244648 0.053330 -0.552184 0.297875 0.520877 -0.032399 0.694485 0.151428 0.158725 0.091946 0.372392 -0.059919 -0.599240 -0.292437 -0.142072 0.275053 -0.259358 -0.237727 -0.679172 0.521303 0.192258 0.198964 
-0.066884 0.291070 -0.056128 0.741622 -0.234573 0.026355 -0.197979 0.227057 -0.209842 -0.251274 0.129249 0.051848 -0.046804 0.093531 0.208488 0.119699 0.351287 -0.265387 0.050205 -0.041598 -0.820857 -0.264963 0.202373 -0.320558 -0.305360 -0.005191 0.089708 -0.191237 -0.426334 -0.333103 0.176391 -0.298606 0.021782 0.262501 0.179537 -0.188733 -0.107923 -0.110007 -0.442961 0.093312 0.350466 0.021746 0.652999 -0.024804 0.099899 0.277793 0.223767 0.155157 -0.597585 0.331959 -0.220987 0.490728 -0.148517 -0.181029 -0.238437 0.503680 -0.067998 0.308964 
0.007692 0.201490 0.189417 0.787789 -0.192579 0.100817 -0.495346 0.261490 -0.102941 -0.442962 -0.155364 0.214436 -0.123940 0.046778 -0.170000 -0.066011 0.382012 -0.042293 -0.158633 0.256944 -0.590559 -0.544503 0.112847 -0.515702 -0.519583 -0.056218 -0.269772 -0.252000 -0.391540 -0.026384 0.414847 -0.570780 -0.186939 0.328487 0.016386 0.243410 -0.313644 -0.149564 -0.238072 0.004249 -0.093531 -0.142394 0.684733 -0.104024 -0.014042 -0.015500 0.393553 0.068644 -0.332225 0.532998 -0.287907 0.370262 -0.244119 -0.036400 -0.107392 0.276359 -0.016370 0.411261 
0.126376 0.088171 0.382204 0.715181 -0.331896 -0.014869 -0.372857 -0.003375 -0.172350 -0.245353 -0.544585 0.311336 -0.060684 0.245931 -0.521507 -0.025792 0.551703 0.074724 0.140817 0.292972 -0.592185 -0.559333 -0.002757 -0.734204 -0.512946 -0.158509 -0.386162 -0.187133 -0.279238 0.018957 0.441046 -0.565854 -0.602084 0.594051 0.122384 0.044346 -0.653039 -0.135527 0.089301 0.003453 -0.167373 -0.127489 0.586260 -0.343677 -0.139436 -0.071775 0.336732 0.017197 0.007120 0.486857 -0.207675 0.425833 -0.284797 -0.200910 0.060767 0.098856 -0.219511 0.497911 
0.394660 -0.253384 0.437766 0.460022 -0.256837 -0.161582 -0.508512 0.177897 -0.255440 -0.045339 -0.824982 0.391335 -0.075626 0.464560 -0.382433 -0.203352 0.329244 0.145734 0.040146 0.166510 -0.275426 -0.791364 0.016918 -0.985528 -0.522144 -0.312222 -0.810515 -0.069711 0.092826 0.415781 0.414025 -0.268996 -0.858256 0.781566 -0.034154 0.126555 -0.422722 -0.066586 0.347169 -0.223288 -0.517465 -0.354562 0.276139 -0.283151 -0.093635 -0.251276 0.063586 0.170578 0.284640 0.338946 -0.037231 0.064502 -0.190869 -0.171779 0.459412 -0.093802 -0.438453 0.415735 
0.605847 -0.006133 0.564494 0.204088 -0.250798 -0.138430 -0.537510 -0.119948 -0.752674 -0.164414 -0.710561 0.236149 0.326439 0.336716 -0.364611 -0.188359 0.146908 0.117863 0.306930 0.150740 -0.248969 -0.737829 0.153174 -0.779809 -0.589197 0.057285 -0.713333 0.158622 0.340350 0.260904 0.508387 -0.306753 -0.805837 0.692548 -0.219345 -0.020008 -0.383905 0.013318 0.616128 -0.144604 -0.389059 -0.370203 -0.043464 -0.531735 -0.031975 -0.149525 0.203051 0.240376 0.362909 0.284429 0.026478 -0.092329 -0.052122 -0.006890 0.637173 -0.389423 -0.088106 0.415141 
0.593749 -0.173795 0.537456 -0.195548 0.099911 -0.158019 -0.356352 0.145260 -1.029626 -0.670062 -0.468229 0.248991 0.395664 0.295361 0.168427 -0.228962 -0.200673 0.221405 0.187282 -0.287670 0.061802 -0.483268 0.229271 -0.602541 -0.551831 -0.003552 -0.528579 0.337399 0.437435 0.447284 -0.019959 -0.020703 -0.516147 0.521594 0.005685 -0.076457 -0.084289 -0.082183 0.495935 -0.210910 -0.320656 -0.344554 -0.430095 -0.309674 -0.427279 -0.206352 0.190346 0.363679 0.514393 -0.072449 0.087743 -0.213612 0.147786 -0.075984 0.562688 -0.398463 -0.127548 -0.015264 
0.223816 -0.254824 0.384017 -0.414655 0.140527 -0.273949 -0.264564 0.054182 -0.853928 -0.840439 0.053077 0.369117 0.452775 0.445895 0.807281 -0.444051 -0.492628 0.346816 0.085968 -0.219418 0.162961 -0.196735 0.085979 -0.333419 -0.319178 0.161407 -0.424303 0.068235 0.295378 0.602656 -0.298877 0.341131 -0.025591 0.361841 -0.020460 -0.119159 0.590366 0.014997 0.337980 -0.023938 -0.291467 -0.021366 -0.281532 -0.186461 -0.171429 -0.068438 0.071727 0.441288 0.098074 -0.204121 0.219270 -0.542386 -0.176358 0.058892 0.690818 -0.243182 -0.265545 -0.308770 
0.011803 -0.267927 0.017409 -0.282493 0.290677 0.067702 0.024845 -0.246095 -0.480749 -0.899389 0.383733 0.140628 0.155441 0.563293 0.945571 -0.526791 -1.168033 0.081349 0.259536 -0.019016 0.443952 0.162797 -0.121079 -0.114584 0.168436 0.541722 -0.306488 -0.085659 0.079312 0.574431 -0.618510 0.559264 -0.005217 0.083957 -0.043006 -0.085424 0.796904 0.075892 0.314291 -0.034308 -0.145507 0.206586 -0.308184 0.168733 -0.178921 0.085417 0.170322 0.541512 -0.164250 -0.189470 0.323339 -0.838271 0.150121 0.009386 0.292536 0.247671 -0.200217 -0.548956 
-0.223354 -0.327820 -0.211583 -0.069976 0.353507 0.360075 -0.073608 -0.220269 0.099699 -0.707403 0.680220 0.015030 -0.165556 0.428417 0.693789 -0.509400 -0.984089 -0.247383 -0.040406 0.148014 0.783231 0.246948 -0.200535 0.076977 0.402012 0.435775 -0.116841 -0.703807 0.061829 0.720445 -0.356869 0.674353 0.371818 -0.287754 0.096855 -0.001563 0.633804 -0.100134 0.347969 0.199560 -0.231840 0.480689 -0.228784 0.257209 0.022899 0.104641 -0.067650 0.502629 -0.341939 0.059835 0.313329 -0.799397 -0.196458 0.120448 0.160873 0.566093 -0.141884 -0.718235 
-0.675642 -0.308687 -0.396008 -0.174925 0.202179 0.645019 0.047341 -0.065557 0.355738 -0.285046 0.638830 -0.030234 -0.120555 0.438022 0.230891 -0.475043 -0.739917 -0.737639 -0.016402 0.144649 0.783988 -0.007234 -0.236127 0.584288 0.341365 0.291983 -0.005842 -0.550102 -0.103624 0.471270 -0.547893 0.698873 0.478845 -0.801493 0.030788 -0.015893 0.647267 -0.249447 0.087207 0.341303 -0.032312 0.730985 -0.065529 0.181672 0.137637 0.104182 -0.282764 0.342520 -0.397171 0.203911 0.202940 -0.353239 -0.048606 0.045317 -0.131203 0.558355 0.107123 -0.519815 
-0.473657 -0.230307 -0.260279 -0.099742 0.114126 0.476923 0.215479 -0.178117 0.346806 -0.221760 0.629715 -0.037742 -0.169752 0.472684 -0.017894 -0.419640 0.127375 -0.690993 -0.111928 0.226356 0.080490 -0.151541 -0.163017 0.864021 0.274697 0.237500 0.002578 -0.175221 -0.147738 0.462082 -0.612446 0.458772 0.240269 -0.435062 0.104013 0.084306 0.263917 -0.293954 0.188619 0.206846 0.180357 0.224697 0.031771 0.169284 0.115937 0.149224 -0.306671 0.170160 -0.010870 0.443642 0.435355 0.061594 -0.295763 -0.089249 0.020364 0.075791 -0.288364 -0.427306 
-0.301924 -0.010699 -0.246639 -0.418967 0.345049 0.063656 0.428533 -0.300608 0.096521 0.231000 0.153027 -0.069295 -0.208560 0.091663 -0.320699 -0.268671 0.640590 -0.535095 0.060260 0.243192 -0.281941 -0.182891 0.155531 0.716928 0.152248 0.085781 0.247332 0.263029 -0.086921 0.239572 0.023900 0.150423 0.286905 -0.205512 0.185222 -0.154512 0.308125 -0.123157 -0.009277 -0.178805 0.228613 -0.201566 0.108089 0.049711 0.166434 0.205522 -0.321065 0.357430 0.264531 0.434422 0.663174 0.039575 -0.236878 -0.067754 0.028944 -0.295369 -0.220018 -0.180065 
-0.444094 -0.049653 -0.404496 -0.327374 -0.020308 -0.179919 0.301271 0.021473 0.089990 0.363728 -0.087213 -0.045187 -0.056006 0.188715 -0.224298 -0.542428 0.832368 -0.367967 -0.152195 0.185205 -0.704884 -0.544348 0.059853 0.575271 0.123686 -0.093139 0.249970 0.424014 -0.302863 0.122833 0.207305 0.385986 0.156909 -0.281875 -0.110213 -0.160396 -0.031472 0.010129 -0.051321 -0.324874 0.545946 -0.430631 -0.088675 -0.132909 -0.183482 -0.087452 -0.178026 0.168135 0.582929 0.068752 0.568423 0.283376 -0.321344 0.148992 0.219367 -0.404136 0.162308 -0.145172 
-0.072292 0.005859 -0.538200 -0.279481 -0.088837 -0.213919 0.280085 0.168778 0.291165 0.063665 0.148358 0.076070 -0.093389 0.268695 -0.332685 -0.727040 0.980444 -0.056123 -0.274488 0.029879 -0.660322 -0.278758 -0.210743 -0.146866 0.002096 -0.215109 0.300731 0.222778 -0.268774 -0.037154 0.345683 0.030529 0.037509 -0.104810 0.033130 -0.163478 -0.215384 0.406269 -0.010856 -0.063610 0.434125 -0.572715 -0.037481 -0.084907 0.005150 0.026179 -0.013018 0.230202 0.260748 -0.033669 0.091002 0.226280 -0.275317 -0.163504 0.141881 -0.019517 0.280634 0.105701 
0.079971 0.168872 -0.611432 -0.156123 -0.153732 0.017496 0.340288 0.465833 0.383710 -0.136045 0.007759 -0.115420 -0.306814 0.192786 -0.325298 -0.360319 0.521875 0.565904 -0.074803 -0.431406 -0.104234 -0.124549 -0.223892 -0.566327 -0.020326 -0.148158 0.269776 0.321914 -0.095271 -0.506867 0.208422 -0.543514 -0.099048 0.071920 0.094318 0.089975 -0.409084 0.327588 0.042966 0.105687 0.263947 -0.418558 -0.004547 -0.214324 -0.023443 0.430353 -0.015601 0.023604 -0.277603 -0.049329 -0.247748 0.477619 0.047337 -0.457078 -0.132148 0.272195 0.048422 0.167770 
0.284347 0.322526 -0.449314 0.042058 -0.153472 -0.163901 0.641610 0.074479 0.086123 -0.274760 -0.108252 -0.223991 -0.271448 0.076890 -0.258717 0.101886 0.318331 0.851886 0.037742 -0.287864 0.302641 0.318208 -0.222860 -0.687612 0.037082 -0.283006 0.368894 0.187455 -0.139122 -0.845026 0.364173 -0.649009 -0.085147 0.122702 -0.166406 0.437663 -0.200398 0.428916 -0.377910 0.158028 0.150152 -0.271273 0.102373 -0.285262 -0.069915 0.391123 0.034925 0.283476 -0.209785 -0.020229 -0.506533 0.509238 0.347073 -0.285894 -0.082011 0.458858 -0.291605 -0.038099 
0.383993 0.201581 -0.377894 0.130235 -0.148392 -0.216813 0.553009 -0.028404 0.060278 -0.257845 0.191154 -0.180183 0.072986 -0.052899 0.019116 0.342670 -0.072902 0.201180 0.115168 -0.042901 0.107889 0.240952 -0.133550 -0.256366 0.057665 -0.259084 0.112458 -0.311756 -0.212030 -0.933018 0.049334 -0.483505 -0.037032 0.414425 0.006796 0.497960 -0.007944 0.267163 -0.431480 0.161761 -0.090997 -0.153317 -0.184043 -0.345191 0.080670 0.262732 0.279566 0.193063 0.085558 -0.147431 -0.580053 -0.031957 0.128797 0.079497 0.038295 0.148450 -0.227357 0.307995 
0.692778 0.197663 -0.072536 0.157823 0.265744 -0.426830 0.539066 -0.138417 -0.319550 0.128368 0.016817 -0.184649 0.491065 -0.339223 0.200001 0.366155 -0.312447 -0.159792 0.161563 0.276255 0.308059 0.202783 0.001889 -0.219714 -0.369092 0.005585 0.039191 -0.515180 0.075425 -0.690468 -0.119663 -0.018645 -0.145796 0.215452 -0.208015 0.336017 0.147843 -0.118197 -0.111801 -0.046877 -0.023092 0.129824 -0.116917 -0.114933 0.211215 -0.069174 0.430033 0.327349 0.011425 -0.086826 -0.340915 -0.342009 -0.001003 0.042936 -0.197669 -0.343239 -0.224475 0.287506 
0.408241 -0.044595 0.145917 0.185090 0.342659 -0.403833 0.559739 -0.048310 -0.092342 0.171718 -0.027636 -0.161794 0.805312 -0.364813 0.734433 0.532079 -0.641536 -0.299155 0.071700 0.149701 0.165195 0.366267 -0.162498 -0.165618 -0.043421 0.051708 -0.015799 -0.392518 0.086067 -0.264512 -0.076200 0.283669 -0.027804 -0.120060 -0.081121 0.004637 0.232852 -0.396181 0.155022 0.298561 -0.107303 0.199760 -0.220757 -0.215605 0.366006 -0.131904 0.155335 -0.294981 0.133995 -0.248878 -0.268726 -0.447933 0.065894 0.258764 0.091421 -0.421828 -0.211856 0.200933 
0.414364 -0.245635 0.627733 0.003356 0.237208 -0.428669 0.653407 0.145644 -0.025408 0.372540 0.095764 -0.399949 0.492532 -0.375232 0.270488 0.609923 -0.565790 -0.100897 0.050245 -0.117877 0.184721 0.197040 -0.082934 0.027069 -0.104946 0.376483 0.153663 -0.031892 0.035028 0.083102 -0.228482 0.669369 0.220338 -0.118767 0.024651 -0.406785 0.135307 -0.700736 0.073508 0.341138 -0.273658 0.084255 -0.296711 -0.297124 0.500918 0.090706 0.019356 -0.481498 0.461564 -0.313862 -0.290176 -0.271702 0.429055 0.291054 0.189546 -0.018381 -0.112995 0.012313 
0.138226 -0.253764 0.636203 -0.002314 0.075299 0.289983 0.301615 -0.115725 -0.248497 0.190494 -0.002658 -0.661564 -0.177078 -0.534013 -0.271215 0.453741 -0.183942 0.340532 0.153839 -0.067326 -0.030240 -0.051394 -0.161895 0.018153 0.038484 0.551423 0.142943 0.363986 -0.162832 0.683320 -0.244899 0.568584 0.436580 -0.281450 0.033783 -0.344769 -0.155248 -0.661391 -0.083860 0.406692 -0.227512 0.254046 0.015762 -0.476817 0.452669 0.026491 -0.279705 -0.511764 0.355610 -0.439449 -0.008010 -0.109084 0.404859 -0.059314 0.254072 -0.069424 -0.027759 -0.461146 
0.042502 -0.055973 0.813947 -0.188934 -0.242782 0.553306 0.269050 -0.120928 -0.306530 0.371085 -0.189512 -0.016106 -0.386857 -0.550095 -0.494918 0.345400 0.077489 0.669659 -0.076990 -0.197799 -0.376618 -0.186462 -0.126397 0.228818 0.193409 0.637743 0.013386 0.052439 -0.222445 0.649672 -0.565323 0.238831 0.326783 -0.345467 0.048310 -0.287178 -0.138961 -0.575653 -0.034126 -0.017014 -0.128934 0.057867 0.048663 -0.124631 0.132779 0.028210 -0.295272 -0.688687 0.466386 -0.359920 0.000986 0.205468 0.140157 -0.170217 0.234188 0.069735 0.130859 -0.409783 
0.066949 0.268636 0.886458 -0.107413 -0.419153 0.733619 0.284545 -0.201968 0.020385 0.468232 -0.104013 0.469634 -0.563468 -0.817411 -0.201465 0.058109 0.435241 0.342567 0.053791 -0.018220 -0.179544 -0.613027 -0.032745 0.109482 0.486393 0.463959 -0.104935 -0.039093 0.082659 0.179143 -0.288142 0.143490 -0.095227 -0.352046 0.002919 -0.076671 -0.132973 -0.187095 -0.160443 -0.265508 0.203274 -0.266458 0.104081 0.566113 -0.501286 -0.215596 -0.212699 -0.240090 0.296496 0.214942 0.009216 0.512679 -0.358255 -0.487962 -0.227202 -0.168110 0.191636 -0.336585 
0.064721 0.148536 0.456141 -0.420394 -0.247579 0.831773 0.030437 -0.082611 0.257839 0.499481 -0.154105 0.532203 -0.959562 -0.607110 -0.639129 -0.007920 0.510693 -0.553972 -0.021987 -0.239315 -0.250922 -0.360334 0.067743 0.054457 0.313808 -0.144749 -0.168746 -0.387898 0.158405 0.065800 0.178600 -0.034636 -0.166164 -0.503344 0.212287 0.054538 -0.234857 0.637332 -0.305028 -0.104785 0.401990 -0.296670 0.129838 0.673230 -0.897158 -0.163915 -0.126492 -0.300800 0.386665 0.632367 -0.198995 0.508147 0.171855 -0.722013 -0.100001 0.126016 0.110617 0.164199 
0.250233 0.139439 0.330609 -0.286683 -0.140344 0.491901 -0.183554 -0.085515 0.393433 0.461184 0.056878 0.496700 -0.473932 -0.154055 -0.321285 -0.178996 0.329802 -0.506953 0.164393 -0.169875 -0.043820 -0.209463 -0.115401 -0.030086 0.346309 -0.568868 -0.266317 -0.139848 0.235389 -0.409356 0.455135 -0.306640 -0.426971 -0.331125 -0.129231 0.160020 -0.288304 0.745593 -0.227455 -0.148744 0.413129 -0.460505 0.200583 0.802844 -0.814733 -0.115479 0.029923 -0.204694 0.297252 0.625580 -0.093377 0.426052 -0.006364 -0.638423 -0.417253 -0.106808 0.195798 0.530309 
0.522916 0.037962 -0.068047 0.210501 0.155274 0.173607 -0.369315 -0.286985 0.695823 0.227886 0.220398 0.725025 -0.020549 0.026311 0.042282 -0.488001 0.099413 -0.225975 0.106289 -0.030710 -0.054016 -0.482536 -0.198694 0.120570 -0.065933 -0.805365 -0.709083 -0.176765 0.378008 -0.677335 0.399731 -0.551227 -0.304872 -0.054944 -0.361671 0.014743 -0.088554 0.693787 -0.085436 -0.269609 0.162285 -0.456017 0.129756 0.543807 -0.685570 0.102871 0.435159 -0.424368 -0.144368 0.578847 0.326893 0.291622 -0.348615 -0.147146 -0.396234 -0.173253 0.252230 0.419285 
0.662498 -0.153490 -0.595085 0.405269 0.227060 -0.157986 -0.198497 -0.071381 0.759978 0.130136 0.242473 0.508082 0.294775 0.302645 0.346033 -0.603005 -0.136372 0.016210 0.137195 -0.347362 -0.057959 -0.373581 -0.060627 0.477326 -0.273891 -0.556834 -0.436761 0.103153 0.257238 -0.552728 0.347602 -0.388145 0.046839 -0.069038 -0.612032 0.000974 -0.182209 0.450730 -0.051851 -0.177341 -0.194569 -0.062839 -0.100773 0.642371 -0.116059 0.008254 0.374070 -0.512018 -0.300008 0.069549 0.528604 0.121682 -0.650934 -0.053362 -0.155178 -0.355042 0.001196 0.197061 
0.611730 -0.297434 -0.798038 0.559934 0.172572 -0.352138 -0.320015 -0.076447 0.749757 -0.123592 0.114029 0.415141 0.587265 0.267842 0.306256 -0.482648 -0.296898 0.179893 0.323580 -0.433792 0.049974 -0.324779 -0.017161 0.479014 -0.263072 -0.187979 -0.242621 0.326780 -0.094083 -0.456862 0.000487 -0.074627 0.141285 -0.161647 -0.481329 -0.233998 -0.101297 0.186111 -0.131349 -0.192502 -0.152182 -0.005795 -0.148619 0.340163 0.046167 0.103738 -0.178581 -0.641284 -0.171994 0.097305 0.493713 -0.148869 -0.689954 0.202403 0.092408 -0.299856 -0.200570 -0.150519 
0.808237 -0.482367 -0.708254 0.446026 0.185341 -0.470247 -0.364698 0.027415 0.486609 -0.314840 0.189031 -0.224298 0.471502 0.315995 0.069420 -0.512942 -0.434539 0.209815 0.180551 -0.222166 -0.150150 -0.109467 -0.182066 0.502278 -0.398253 -0.161733 -0.122938 0.147785 0.019323 -0.473512 -0.104446 0.324296 -0.118787 0.145682 -0.444589 -0.062633 -0.258294 0.216448 0.041956 -0.027031 -0.401594 0.305116 -0.334144 0.014989 0.241761 -0.161646 -0.159574 -0.438343 -0.007691 -0.064088 0.060149 -0.423003 -0.624719 0.227420 0.320579 -0.478311 -0.285930 -0.351350 
0.671280 -0.322835 -0.640183 0.339492 0.081653 -0.721285 -0.454536 -0.067101 -0.083012 -0.283562 0.119990 -0.319133 0.311521 0.214898 -0.178496 -0.289221 -0.201451 -0.004143 0.024160 -0.275216 0.185597 0.226480 -0.211205 0.424552 -0.596123 -0.323817 -0.235771 0.171664 -0.001855 -0.423796 -0.188290 0.550223 0.056396 -0.038670 -0.327098 0.020108 -0.045027 -0.061700 -0.295980 0.150013 -0.330650 0.604670 -0.750967 -0.131529 0.433265 -0.314255 -0.457709 -0.378548 -0.000910 -0.111286 0.140054 -0.778871 -0.434524 0.157161 0.725421 -0.652055 -0.494785 -0.271556 
0.461112 -0.109204 -0.378389 0.356257 0.098383 -0.415383 -0.483337 -0.125438 -0.251042 -0.130121 -0.260676 -0.468466 -0.025638 0.075891 -0.357341 -0.347478 -0.145679 -0.018791 0.271429 -0.185595 0.087651 0.103374 -0.165015 0.357478 -0.840054 -0.084989 -0.304620 0.162444 -0.233907 -0.433367 -0.133693 0.640870 -0.059810 0.354251 -0.096535 0.184353 -0.057911 -0.377154 -0.022618 -0.053476 -0.569955 0.692224 -0.670735 -0.368633 0.782483 -0.137730 -0.395095 -0.108164 0.219034 -0.016200 -0.150318 -0.835836 -0.354302 0.190984 0.747954 -0.521059 -0.503045 -0.026940 
0.409189 -0.138261 0.075150 0.280860 0.151538 -0.272157 -0.352881 -0.212493 -0.032639 -0.214271 -0.002224 -0.661171 -0.374956 0.261578 -0.551753 -0.106126 0.082735 -0.017460 -0.058114 0.010283 0.129830 0.267894 0.045792 -0.091094 -0.804037 0.058334 -0.185261 0.075589 -0.173217 -0.276071 -0.074647 0.450244 -0.092247 0.491439 0.179486 0.432401 -0.325969 -0.236257 -0.036879 -0.096749 -0.597444 0.841586 -0.598260 -0.602237 0.791700 -0.350267 -0.392260 -0.257961 0.421723 -0.053488 -0.213117 -0.884965 -0.172584 -0.070143 0.514558 -0.171551 -0.183214 0.163471 
0.284454 0.132245 0.029685 0.129097 -0.095619 -0.133800 -0.124201 -0.189487 -0.126249 -0.042241 -0.156959 -0.502044 -0.645085 0.152237 -0.708346 0.056178 0.172502 -0.083527 -0.216920 0.060056 0.203745 0.238700 -0.314055 -0.236712 -0.647534 0.023122 -0.134179 -0.169006 -0.168750 -0.023893 -0.083275 0.441542 -0.267436 0.356520 0.137852 0.796004 -0.503758 -0.275130 -0.143391 0.096564 -0.500556 0.468232 -0.588767 -0.730134 0.519745 -0.317021 -0.216416 -0.169826 0.234551 -0.150661 -0.211207 -0.757687 -0.072528 -0.018620 0.244328 0.099439 -0.092498 0.090806 
0.013225 -0.101640 0.244305 0.110645 -0.165988 0.020784 -0.160171 -0.125630 0.194450 -0.035039 -0.077692 -0.284888 -0.702161 0.270757 -0.819712 -0.101065 0.283762 -0.040455 -0.147395 0.251576 0.232436 0.029552 -0.141394 -0.536741 -0.275578 0.079157 0.073827 -0.053679 -0.221960 -0.067985 0.188509 0.279081 -0.178112 0.185682 0.163618 0.957505 -0.392712 -0.518818 0.035607 -0.203923 -0.372778 0.451258 -0.345466 -0.487611 0.443840 -0.435883 -0.043780 -0.264377 0.230408 -0.120423 -0.225629 -0.717664 -0.012790 -0.139972 -0.087952 0.238125 -0.168919 0.217489 
-0.094428 -0.032784 0.070496 0.100634 -0.164710 0.167316 -0.020472 -0.263410 0.276951 -0.239406 -0.324531 -0.174810 -0.785696 0.371010 -0.883999 0.053758 0.268637 -0.046251 -0.101495 0.379252 -0.020161 -0.035219 -0.180536 -0.552633 0.099866 0.054760 -0.245914 -0.092203 -0.268514 0.343110 0.271233 0.107553 -0.283928 0.167982 0.056317 0.961186 -0.275497 -0.114579 0.083327 -0.205605 -0.087916 0.290669 -0.339819 -0.444753 0.586269 -0.259822 0.112507 -0.018008 0.264186 -0.392715 -0.327552 -0.509772 0.009859 -0.042642 -0.051928 0.295466 -0.098010 0.190891 
-0.373741 0.140020 0.230682 -0.015286 -0.290841 0.329616 0.091311 -0.026366 0.463726 0.076114 -0.122105 0.130998 -0.640428 0.141146 -0.698889 0.063941 0.160047 -0.143657 -0.192929 0.368402 0.053358 0.170575 0.069990 -0.578037 0.117061 0.170059 -0.228855 -0.198782 -0.016511 0.455782 0.275286 0.332107 -0.082771 0.090681 0.126024 0.809168 -0.194666 -0.327147 0.372644 -0.256109 -0.193087 -0.039176 -0.214329 -0.416690 0.622239 -0.359219 0.286294 0.222397 0.212794 -0.131539 -0.116870 -0.294546 0.144181 -0.279765 -0.181680 0.610155 0.212485 0.124615 
-0.319216 0.022560 0.296122 -0.084335 0.088509 0.267933 0.090882 0.137378 0.362292 0.252442 -0.309700 0.148868 -0.644409 0.246937 -0.423443 -0.038724 0.162864 -0.086757 -0.187986 0.329352 -0.164857 0.238695 0.062398 -0.510499 0.433645 0.169853 -0.464783 -0.239793 0.006456 0.479983 0.171081 0.208206 -0.070234 -0.108050 0.111635 0.664197 -0.287542 -0.155969 0.389288 -0.176252 0.101901 -0.012091 -0.089824 -0.168246 0.523492 -0.130474 0.338717 0.211657 -0.064662 -0.161485 0.085225 -0.085750 0.272751 -0.023162 -0.284593 0.734813 0.116634 0.081714 
-0.495694 -0.003704 0.108254 -0.167530 0.099303 0.050995 0.035322 0.176817 0.226046 -0.057516 -0.167168 0.367492 -0.476026 0.282463 -0.247003 0.266752 0.310418 -0.047032 -0.209352 0.438582 -0.049507 0.235070 0.175717 -0.381154 0.451892 0.343250 -0.423441 -0.019960 0.058430 0.397949 0.170776 -0.170422 -0.233264 -0.090405 0.023606 0.412845 -0.071452 -0.141284 0.322293 -0.223486 0.094346 -0.018401 -0.077964 -0.039461 0.513460 -0.095336 0.306996 0.403240 -0.015779 0.052190 0.116987 0.065146 0.382253 0.154045 -0.168647 0.665738 -0.148506 0.118980 
-0.248700 0.052105 0.212339 -0.171035 0.135568 0.128066 0.021920 0.307925 0.229906 -0.089463 -0.119146 0.351259 -0.474471 0.192310 0.112659 0.075299 0.305187 0.273511 -0.299398 0.083527 -0.041297 0.433069 0.188950 -0.331613 0.500568 0.191936 -0.579176 -0.045764 -0.244390 0.511596 -0.059322 -0.173600 -0.206895 -0.298982 -0.169966 0.194786 -0.089208 -0.014292 0.285288 -0.323619 0.215948 -0.233745 -0.062894 0.080682 0.447545 -0.297386 0.368883 0.349060 -0.256033 -0.080151 0.032326 0.275657 0.383223 -0.095677 -0.410113 0.460854 -0.094231 -0.036197 
-0.197091 0.122347 0.051108 -0.070390 0.124878 0.092498 0.088913 0.272258 0.187989 0.033345 -0.173744 0.226221 -0.251124 0.202099 0.093082 0.277633 0.470699 0.227857 -0.301490 0.101988 -0.124110 0.592760 0.021075 -0.053445 0.757388 0.180554 -0.314328 -0.078932 -0.109900 0.401334 -0.153020 -0.076213 0.084251 -0.135458 -0.182543 -0.048187 0.002374 0.146593 0.300253 -0.293989 0.252987 -0.533998 0.007059 0.309401 0.225913 0.024557 0.426410 0.498253 -0.508770 -0.407741 0.065435 0.339266 0.317775 0.092384 -0.291117 0.738624 -0.178477 -0.034287 
-0.091410 0.017779 0.295259 -0.198056 0.314802 0.087732 0.009528 0.318144 -0.004212 -0.008690 0.129328 0.218468 -0.188401 0.093501 0.119080 0.257391 0.277165 0.266849 -0.023381 0.083753 -0.228830 0.572957 -0.007909 -0.096830 0.561044 0.057392 -0.289762 -0.123107 -0.177751 0.350008 0.074868 -0.283649 -0.144038 -0.129169 -0.198671 0.295510 -0.172437 0.087510 0.259662 -0.165582 0.326805 -0.588851 -0.047105 0.297573 0.140581 0.013083 0.687550 0.271032 -0.578166 -0.134003 0.223691 0.572968 0.316283 -0.072565 -0.176029 0.571608 -0.193110 0.067732 
-0.108216 0.045848 0.153512 -0.202400 0.323878 -0.290877 -0.244036 0.217242 -0.010866 -0.226909 -0.008419 0.273422 -0.077301 0.067566 0.085040 0.507851 0.187667 0.271282 -0.279735 0.124856 -0.034238 0.635765 -0.064309 0.143146 0.640798 0.015149 0.011011 -0.129749 -0.253789 0.349953 -0.072196 -0.261934 -0.105325 -0.204053 -0.164572 0.174101 0.059901 0.084144 0.155336 -0.051569 0.213543 -0.464348 -0.142598 0.432991 0.156938 -0.100100 0.259505 0.275567 -0.502942 -0.203975 0.092940 0.566990 0.124880 0.172608 -0.213868 0.550086 -0.302809 0.039145 
0.105341 0.070709 0.255011 -0.389635 0.285996 -0.119722 -0.199278 0.119530 -0.326746 0.001816 0.069767 0.162693 -0.426635 0.173580 -0.158052 0.333990 0.320124 0.324054 -0.125999 0.017236 0.024474 0.269998 -0.181721 -0.079380 0.325985 -0.140305 0.014684 -0.088020 -0.284403 0.147469 -0.142214 -0.135302 0.012652 -0.271220 -0.002400 0.319407 0.128493 -0.000472 0.041124 0.092932 0.303112 -0.290881 -0.127962 0.364376 0.480830 0.044268 0.088384 -0.051739 -0.471003 -0.155540 0.179647 0.342802 0.092816 0.089779 -0.170335 0.349283 -0.304249 -0.104666 
0.031075 0.183026 -0.022332 -0.381427 0.270370 -0.174784 -0.354901 0.004812 -0.366948 -0.067320 0.016004 -0.079441 -0.464978 0.162018 -0.207871 0.216701 0.090024 0.131139 0.090745 0.136632 0.131314 0.317620 -0.024495 -0.013406 0.138455 -0.223598 0.244666 0.033231 0.073258 0.142997 0.110006 -0.007865 0.132470 -0.215940 0.113354 0.393729 0.038566 0.160763 -0.002817 0.063129 0.275469 -0.347074 -0.072510 0.111365 0.379217 -0.050532 -0.045082 0.145704 -0.358470 -0.071493 0.173638 0.273139 0.023691 0.038467 -0.369489 0.300923 -0.258221 0.139858 
-0.085519 0.183544 0.032559 -0.272390 0.219046 -0.256828 -0.127904 -0.348793 -0.360243 -0.018002 -0.083509 -0.115665 -0.491377 -0.060117 -0.156019 0.257262 -0.072041 -0.069580 0.208841 0.091131 0.102081 0.256782 -0.096347 -0.336097 0.050230 -0.254929 0.341987 -0.342493 -0.053814 0.079004 0.050342 -0.007054 -0.108036 -0.116335 -0.015433 0.242907 0.230880 0.083942 0.099538 0.084526 0.004190 -0.123486 0.071703 0.042869 0.328960 -0.121988 -0.263171 -0.004346 -0.257978 -0.085560 0.020513 0.187168 0.364279 -0.071852 -0.203083 0.065449 -0.222483 0.202597 
0.075727 0.360308 0.146440 -0.179834 0.382250 -0.121192 -0.137457 -0.371195 -0.361549 -0.002275 -0.119711 -0.211657 -0.385728 -0.190503 -0.018052 0.281689 -0.156689 -0.304489 0.380964 0.302190 0.117369 0.141964 -0.323822 -0.097786 -0.158167 -0.175354 0.332130 -0.445604 0.095433 0.072848 0.091307 0.159304 0.224431 0.104259 0.196086 0.309904 0.225491 0.176222 -0.022260 0.377440 0.053720 -0.009812 0.058083 -0.041739 0.073716 -0.041782 -0.405515 -0.076171 0.067252 -0.022122 -0.046986 -0.004818 0.313824 0.043467 -0.097397 0.178783 -0.177815 0.327984 
0.105401 0.224450 0.047395 0.015922 0.233709 -0.056072 -0.138497 -0.239181 -0.230571 -0.103863 0.052539 -0.196629 -0.354148 -0.153398 -0.063096 0.045221 -0.189023 -0.229630 0.404305 0.151600 0.353184 0.088401 -0.170057 -0.278621 -0.094146 -0.213257 0.319150 -0.409947 0.174610 -0.166734 -0.052170 -0.072476 0.000556 0.099439 0.091291 0.132234 0.507891 0.153938 -0.103801 0.196448 0.134260 0.094207 -0.029531 0.178230 -0.105457 -0.158268 -0.397544 -0.048229 0.023383 -0.075542 0.016449 -0.069688 0.322696 -0.258668 -0.185557 0.120337 -0.076180 0.362357 
-0.045883 0.378286 0.040920 -0.095468 -0.005730 -0.196594 -0.155938 -0.298483 -0.346916 -0.215578 -0.169327 -0.133988 -0.294122 -0.133233 0.191080 0.182320 -0.225162 -0.397220 0.170837 0.362736 0.334135 0.112434 -0.073593 -0.171615 -0.513823 -0.123658 0.205859 -0.485092 0.095178 -0.142715 -0.100099 0.166943 0.196910 -0.085586 0.071052 -0.042880 0.326734 0.215490 -0.032297 0.127571 -0.019213 -0.192380 -0.037494 -0.004313 0.048987 -0.055951 -0.435591 0.035605 -0.151028 -0.149771 0.113699 -0.091080 0.314922 -0.189958 -0.421906 -0.024594 -0.028454 0.213423 
0.070965 0.052522 0.122591 -0.029397 0.030366 0.032203 -0.145146 -0.146277 -0.249568 -0.138204 0.042737 -0.025296 -0.122477 0.085003 0.210153 0.086001 -0.068489 -0.402768 0.265955 0.171780 0.360677 0.228322 0.154201 -0.302097 -0.118151 -0.313275 0.043632 -0.448566 -0.064631 0.041203 0.096705 0.084572 0.141985 -0.127816 0.280290 0.009376 0.118935 0.082990 -0.154788 0.069985 -0.145709 -0.044135 0.105961 0.280963 -0.183667 0.067450 -0.294432 0.062469 0.100551 -0.247668 -0.015319 0.190479 0.199977 -0.054497 -0.287029 -0.071349 -0.119923 0.215983 
-0.240683 0.184754 -0.020336 -0.217009 -0.169339 0.024605 -0.046266 -0.071759 -0.088609 0.109599 -0.043098 -0.098219 0.058974 0.008958 0.223850 -0.048027 0.018815 -0.522086 0.020517 -0.000860 0.223139 0.121652 0.076205 -0.333702 -0.415815 -0.234055 0.244080 -0.402501 -0.084063 -0.018736 -0.054948 0.225931 0.258283 0.000675 0.221843 0.023475 0.200944 0.100442 -0.059004 0.073712 0.027220 -0.082246 0.059374 0.274523 -0.324333 -0.210425 -0.400258 -0.044139 0.064421 -0.155737 0.049412 0.091220 -0.045011 0.127048 -0.493244 -0.229928 -0.014487 0.091075 
-0.056105 -0.081433 -0.158487 -0.275087 -0.089035 0.006514 -0.041113 0.124421 -0.200099 0.044771 0.075479 0.114961 -0.035055 -0.050419 0.217998 0.222902 0.207159 -0.480446 0.168687 -0.069405 0.009157 0.002925 0.110788 -0.189288 -0.381278 -0.330020 0.211793 -0.310078 0.065213 0.102330 -0.062611 0.101832 0.070728 -0.240952 0.330722 -0.178189 0.303788 0.254820 -0.110957 -0.000381 -0.101327 -0.092149 0.073280 0.166694 -0.130625 -0.112854 -0.334323 -0.144158 0.155466 -0.181177 -0.150107 0.285970 0.102851 0.070906 -0.451482 -0.192265 0.244630 0.210973 
0.087354 0.073344 -0.019157 -0.325812 -0.103374 -0.086853 -0.126468 0.061819 0.124704 0.063835 0.097351 -0.011812 0.132231 -0.058040 0.391668 -0.059230 0.125763 -0.667586 -0.044264 0.081623 0.062197 0.013708 0.042722 -0.382256 -0.281751 -0.134786 0.020681 -0.498620 -0.050482 0.097228 0.014410 -0.017214 0.221882 -0.061748 0.285950 -0.315163 0.038030 0.179077 -0.010411 0.182273 -0.062076 -0.066603 0.438861 0.129829 -0.389247 0.055070 -0.181158 -0.050506 0.277248 -0.161465 -0.026196 0.159422 0.226065 0.090102 -0.348982 -0.248203 0.261420 0.246825 
-0.084154 0.130822 0.006804 -0.004634 -0.114620 -0.154940 0.248313 0.016883 0.184295 0.051532 -0.003819 -0.094800 0.235991 0.003639 0.441098 0.192833 -0.225108 -0.553950 -0.008792 0.031879 0.041365 0.239038 0.209820 -0.403783 -0.319947 -0.217571 0.126281 -0.304850 0.081678 0.022230 0.055444 0.021015 0.153518 -0.086589 0.029714 -0.389426 0.035214 0.130437 -0.151220 0.218569 -0.134938 -0.211639 0.531573 -0.184512 -0.320912 0.039878 -0.273869 0.118572 0.353771 -0.104602 0.086923 0.134583 0.206689 0.187354 -0.267573 -0.325471 0.170644 0.197488 
-0.193007 0.031695 -0.185529 -0.070037 -0.311965 -0.239425 0.134246 -0.012621 0.082176 -0.067123 -0.190288 0.135863 0.443108 -0.088734 0.333913 0.187338 -0.118696 -0.487014 0.203657 0.021360 -0.084064 0.115162 0.256058 -0.403169 0.001012 0.006729 -0.085946 -0.478072 0.169632 0.151016 0.040635 -0.189572 0.069115 -0.027929 0.079873 -0.495489 -0.129897 0.063024 -0.040597 -0.044663 -0.031280 -0.357693 0.483980 -0.037940 -0.365183 -0.054338 -0.312776 0.136642 0.359115 0.144649 0.004769 0.129060 0.121746 0.162694 -0.336705 -0.392327 0.059618 0.112147 
-0.174722 0.101462 0.034741 -0.114778 -0.444332 -0.177824 0.286256 0.096379 -0.111277 0.087977 -0.045344 0.128088 0.472864 -0.112831 0.559752 0.251268 -0.244963 -0.259617 0.029202 -0.089127 0.125228 0.384115 0.387888 -0.435578 0.033589 -0.177432 -0.187656 -0.461181 0.102132 -0.147347 0.180443 -0.244409 0.011391 0.017558 -0.126004 -0.305521 0.165328 0.125832 -0.139695 0.201105 -0.155235 -0.328759 0.465221 0.088421 -0.215021 -0.188579 -0.171635 0.264372 0.413602 0.166706 -0.023173 -0.001070 0.218303 0.035285 -0.174773 -0.385538 -0.084459 -0.003744 
0.104223 0.039749 -0.138190 -0.059084 -0.308098 -0.205832 0.037266 0.117246 -0.077487 -0.065894 -0.294175 0.107876 0.511096 -0.075069 0.365460 0.317064 -0.128453 -0.236979 0.001793 -0.076327 0.024197 0.233373 0.321109 -0.255481 -0.060714 0.011627 -0.050866 -0.403807 0.094335 0.007859 0.319006 -0.011822 0.014396 -0.113822 -0.084570 -0.286328 0.081531 0.114568 -0.068194 0.159983 -0.039798 -0.325666 0.365303 -0.041426 -0.400755 -0.229964 -0.129881 0.213807 0.542332 0.214775 -0.145983 0.041948 0.285333 -0.056474 -0.139581 -0.604390 -0.163114 0.143183 
0.010621 -0.071650 0.039986 -0.176400 -0.433802 -0.200260 0.087209 0.274507 0.202970 -0.029864 -0.287208 0.135849 0.372050 -0.126543 0.415078 0.090930 -0.068214 -0.031878 0.085529 -0.116287 -0.026858 0.240622 0.347522 -0.217785 0.021963 -0.146375 -0.092942 -0.159833 -0.139603 -0.113047 0.274931 -0.257355 0.069481 -0.229725 0.085458 -0.289084 0.059567 0.207334 0.089618 -0.077223 -0.038980 -0.303793 0.204361 -0.039878 -0.374958 -0.176318 -0.037009 0.084958 0.491515 0.312313 -0.172019 0.076684 0.390445 -0.015766 -0.057453 -0.626646 -0.033879 -0.171435 
-0.013442 -0.016146 -0.188796 -0.029856 -0.355466 -0.420966 0.176266 0.194217 0.194809 0.123042 -0.239847 -0.035977 0.352035 -0.052948 0.324121 -0.065363 -0.207990 -0.315861 0.149187 0.007271 0.149222 0.204407 0.233307 -0.270931 0.096520 0.082129 0.114257 -0.359572 0.069292 -0.140186 0.214988 -0.229301 -0.000063 -0.215147 -0.041551 -0.482506 0.032055 0.011703 -0.126240 -0.079315 0.083608 -0.256135 0.287764 0.006665 -0.315333 -0.010885 -0.285483 0.111563 0.496565 0.340541 -0.083556 -0.035353 0.133334 0.065620 0.065902 -0.476700 -0.129195 -0.021487 
0.103239 0.105609 0.115771 -0.061770 -0.335420 -0.355287 -0.082951 -0.141006 0.144061 0.040554 -0.212824 0.180067 0.047332 0.136725 0.104480 -0.074181 -0.082500 -0.304727 0.251366 0.040430 -0.008643 0.052491 0.248980 -0.230041 0.039517 -0.093279 0.053782 -0.234560 0.112952 -0.085127 -0.065253 0.013016 0.245187 -0.129671 -0.018134 -0.102214 0.065175 0.131888 -0.034296 -0.106118 -0.064824 -0.048401 0.278674 0.071633 -0.154553 -0.044775 -0.273261 0.165881 0.360076 0.292685 -0.080679 -0.098429 0.048296 -0.105179 0.022363 -0.089013 0.073000 0.072886 
-0.085943 0.065263 0.007265 -0.132350 -0.175232 -0.437494 0.090398 -0.116519 0.155159 0.029895 -0.091888 0.060527 0.137160 0.211552 0.152164 0.087697 0.000533 0.111420 0.048222 -0.034368 0.031617 -0.004048 0.196515 -0.090995 0.158912 -0.197469 0.092723 -0.082416 -0.014825 0.028335 -0.119686 0.020887 0.075125 -0.040209 0.105574 -0.075830 0.145874 0.202403 -0.000039 0.176208 0.087783 0.181418 0.170075 -0.037469 -0.182449 -0.268563 -0.080054 0.258037 0.199127 0.120581 -0.061943 -0.028235 -0.106818 0.209635 0.137511 -0.173655 -0.118604 0.255874 
-0.150368 -0.201287 -0.150348 -0.223719 -0.207294 -0.358544 0.017477 -0.198465 -0.136775 0.166423 0.096245 0.252487 0.205020 -0.048077 0.096727 -0.125517 -0.114600 -0.026753 0.246335 -0.015917 -0.148191 -0.119292 0.268993 -0.089328 0.113819 -0.098354 0.167163 0.029831 0.021542 0.034498 -0.183411 -0.082930 0.504923 0.001489 0.320815 -0.273962 0.137983 0.043048 -0.238333 0.190714 -0.020601 0.064390 -0.052096 -0.148931 -0.149329 -0.296257 0.040687 0.235621 0.198359 0.137145 -0.175768 -0.013378 -0.175755 0.152998 -0.029552 -0.108681 0.105103 0.184848 
-0.084803 0.027190 -0.097283 -0.400788 -0.367598 -0.364998 -0.012497 -0.011693 -0.123395 -0.076856 0.216487 0.070903 0.128997 0.033787 0.207779 0.186589 -0.146199 0.053848 -0.024862 -0.224552 -0.018834 -0.077611 0.325580 0.126527 0.105973 -0.126015 0.040898 0.252993 -0.120864 -0.072943 -0.111646 -0.162112 0.308646 0.085945 0.307085 -0.194001 0.305350 -0.200736 0.024745 0.193188 0.060600 0.037969 0.096803 -0.026036 -0.174125 -0.216793 -0.176424 0.310655 0.124981 0.067711 -0.044120 0.108811 0.077391 0.321730 0.338214 -0.321165 0.243269 0.103370 
-0.095483 -0.196222 -0.107552 -0.187599 -0.422121 -0.035255 0.118268 0.203865 -0.345375 0.025236 0.119242 -0.091935 0.191592 0.008136 0.186163 0.125102 -0.325101 0.213951 0.146295 -0.214352 -0.006147 -0.095599 0.422522 0.302873 0.235042 -0.118957 0.252690 -0.073116 -0.183336 -0.040326 -0.091266 -0.085613 0.287442 -0.192574 0.229106 -0.174368 0.156479 0.197565 -0.126149 0.287582 0.127179 0.035031 0.070759 0.020095 -0.220503 -0.341278 0.071273 0.059615 0.243363 0.314596 -0.186912 -0.052481 -0.257898 0.178397 0.266001 -0.184766 -0.114895 0.249787 
-0.138799 -0.310584 -0.027517 -0.120444 -0.607114 -0.175508 0.080392 -0.111576 -0.130304 0.063942 -0.327753 -0.145520 0.089969 0.088801 0.197846 0.049952 -0.176681 0.115529 -0.120527 0.121105 -0.067597 -0.154880 0.131889 0.412302 0.273430 -0.202041 0.220818 0.039228 -0.306953 0.033444 -0.266124 -0.054406 0.268019 -0.000869 0.132512 0.017940 0.108145 -0.054365 -0.287079 0.215162 0.032711 -0.093944 0.011841 -0.084224 -0.246261 -0.251071 -0.239218 0.120648 0.145038 0.283008 -0.202515 -0.203228 -0.035673 0.004135 0.351881 -0.257668 -0.104414 0.225965 
-0.044405 -0.010087 0.068532 -0.076276 -0.439143 0.103468 0.156850 -0.119418 -0.187136 0.178944 -0.219817 0.122842 0.130387 -0.115093 0.093197 0.205712 -0.126399 0.199856 -0.077930 -0.116023 -0.051506 -0.170510 0.370579 0.225955 0.152029 -0.041246 0.156127 0.013478 -0.090796 -0.105267 -0.227783 -0.128034 0.245135 -0.115274 0.079656 0.120467 0.335519 0.038755 -0.078736 0.257498 0.117530 -0.157972 -0.229867 -0.134101 -0.028684 -0.199420 -0.128836 0.295105 0.115764 0.188859 -0.275270 -0.215246 -0.037080 -0.077057 0.333776 -0.156636 -0.127588 0.180968 
-0.069477 -0.154459 0.265407 -0.157059 -0.372801 0.108667 0.128609 0.124336 -0.144994 0.169445 -0.100280 0.046255 0.108590 0.048073 0.107432 -0.004933 -0.415103 0.026475 0.045610 -0.041804 -0.066386 -0.202629 0.252034 0.086728 0.207728 -0.035276 0.119725 0.131490 -0.360299 0.042564 -0.316069 0.026485 0.291192 0.130429 0.115721 -0.054364 0.089425 0.114635 0.179724 0.164921 0.119016 -0.055114 -0.191176 -0.107643 -0.079973 -0.197137 0.155310 0.154069 -0.007061 0.177695 -0.021876 -0.191806 0.060405 -0.024293 0.282161 -0.130852 -0.233553 0.029777 
-0.118904 -0.245508 0.185804 0.045754 -0.495455 0.092059 -0.153089 0.133080 -0.092212 0.046103 -0.102815 -0.082382 0.167031 0.121420 0.151929 -0.031324 -0.012938 0.182132 -0.100266 -0.286400 -0.003260 -0.092815 0.179698 0.098122 0.326992 -0.253116 0.268720 0.056998 -0.288483 -0.064534 -0.353431 -0.015149 0.173190 -0.082344 -0.161865 -0.127494 0.077684 0.138513 0.095723 0.199833 0.007117 0.136104 -0.203562 -0.229724 -0.149351 -0.069154 0.214061 0.170833 0.048776 0.287392 -0.049031 -0.218328 0.004549 0.206645 0.529185 -0.182087 0.015726 -0.069948 
-0.111823 -0.128902 -0.087978 -0.096495 -0.299808 -0.117114 -0.015580 0.014021 -0.141403 0.004059 0.169339 0.168816 0.192665 -0.188717 0.137516 -0.136315 -0.144373 0.075135 -0.046305 -0.197337 -0.087911 -0.163215 0.222946 0.278724 0.172806 -0.018061 0.056984 0.232544 -0.159779 -0.072472 -0.277081 0.128514 0.076396 0.060993 -0.053290 -0.018935 0.253666 -0.057036 0.266631 -0.008650 0.233275 0.053086 -0.103028 -0.089869 0.034895 0.009163 0.129500 0.019853 0.035087 0.201471 -0.175253 -0.134927 0.039051 0.206476 0.302824 -0.035532 0.015229 -0.041017 
0.042351 -0.150371 -0.021885 -0.082473 -0.400645 -0.215701 0.075589 0.203836 -0.022851 -0.107619 0.193621 0.099268 0.174941 0.160444 -0.070836 -0.149260 -0.147104 0.075186 -0.202473 -0.226405 0.075943 -0.193991 0.027641 0.238647 0.280219 -0.010398 0.163846 0.153797 -0.145654 -0.067936 -0.131568 0.020091 -0.113158 -0.061719 -0.010296 -0.005330 0.129332 0.015539 0.151620 0.174647 0.105936 0.176476 -0.031979 -0.103127 -0.112462 -0.110171 -0.073372 -0.032748 0.221512 0.150312 -0.186504 -0.149122 -0.075084 0.232014 0.300268 -0.113708 0.071473 -0.231465 
0.049900 -0.185800 -0.049885 -0.086670 -0.542177 0.049323 0.263236 -0.017569 0.198779 -0.220501 0.016755 0.163584 0.146059 -0.039370 0.303432 -0.153027 -0.093337 -0.106777 -0.302606 -0.043374 -0.126540 -0.012637 0.085996 0.229417 0.121567 0.026366 0.116187 -0.136190 -0.393858 0.108739 -0.167857 0.323627 0.005916 0.006440 -0.110618 -0.217405 0.214557 0.079907 0.077380 0.180171 0.087649 -0.061735 -0.062264 -0.028075 -0.077164 -0.003217 0.002364 -0.060433 0.241602 0.087552 -0.195823 -0.170094 -0.165912 0.037755 0.203987 -0.048496 0.055631 -0.160118 
0.022165 -0.205620 0.042991 -0.081873 -0.351448 0.027879 -0.042274 0.051065 -0.047853 -0.034944 0.106969 0.129596 0.066724 0.001652 0.314035 -0.144664 -0.020046 0.061212 -0.510418 0.103054 -0.099375 -0.232295 0.111799 0.114815 0.069161 0.082414 -0.063009 0.007342 -0.268666 0.086905 -0.260562 0.098130 0.067296 -0.026819 -0.226309 -0.091945 0.026254 -0.117420 0.119124 0.022531 0.145443 -0.034001 -0.137758 -0.078921 0.075432 0.080860 0.069187 0.008909 0.056318 0.022623 0.030292 -0.079513 -0.194343 -0.053236 0.362257 0.147606 -0.046686 -0.299716 
-0.067550 0.063489 0.117084 -0.119831 -0.298440 0.094739 0.073692 0.204860 0.026613 -0.215013 -0.007364 0.013567 0.094459 -0.067580 0.093470 -0.084081 -0.122038 0.069302 -0.277393 0.132192 -0.153149 -0.020036 -0.065636 0.065068 0.078338 0.059683 0.111047 -0.054624 -0.269269 0.154933 -0.127173 0.064397 0.226599 -0.037806 0.089929 0.009592 0.022505 0.029191 0.084441 0.109497 0.162891 0.086201 -0.225820 -0.032923 0.022660 0.057056 0.063913 0.023472 -0.055356 0.088545 0.127918 -0.137853 -0.209106 -0.115899 0.371746 -0.026128 -0.004510 -0.144985 
0.007229 0.087190 0.149694 -0.042646 -0.356613 0.079358 0.103698 0.116480 -0.221325 -0.073799 0.182946 0.032063 0.047255 0.036471 -0.022085 -0.024757 0.023201 -0.160778 -0.437737 0.033425 -0.226496 0.026163 0.099566 -0.018973 0.083339 -0.013323 0.051803 0.090102 -0.212105 0.130422 -0.019097 0.181524 0.184590 -0.175857 -0.060096 -0.067432 0.135553 -0.082962 0.084744 0.072400 0.096188 -0.006338 -0.006418 -0.017265 -0.011765 0.158563 0.021248 0.064017 -0.149685 -0.058125 0.017040 0.136173 -0.260148 0.210268 0.277549 0.319966 -0.165214 -0.205392 
0.000685 -0.175636 0.018624 0.107913 -0.094202 -0.127191 -0.071595 -0.090339 -0.296208 -0.159906 -0.096236 -0.019102 0.111851 0.083861 -0.071069 0.010747 -0.126746 0.128081 -0.238279 -0.086166 -0.128303 -0.057879 -0.007853 0.127757 -0.024486 0.158414 0.216412 0.180524 -0.136252 0.028344 -0.239423 -0.059912 -0.013073 0.049623 0.026257 -0.105039 -0.016139 -0.243945 -0.004609 0.019871 0.296683 -0.038172 -0.127785 -0.040124 0.030904 0.223132 0.096670 0.114891 -0.098293 -0.007203 0.075764 -0.069357 -0.165959 0.131203 0.226909 0.255910 -0.012529 -0.030361 
-0.038126 0.225185 0.151555 0.029676 -0.258111 -0.086917 -0.051496 -0.057328 -0.075620 0.008609 -0.016066 -0.235783 0.087050 -0.020649 0.056527 -0.127333 -0.066208 -0.078581 -0.237379 0.099309 -0.248893 0.057275 -0.157066 0.080377 0.168881 0.059771 0.389666 0.262951 -0.142482 0.049773 -0.260675 0.056996 0.221588 0.013371 0.124869 -0.053149 0.137197 -0.167078 -0.007817 0.289058 0.054034 0.047789 -0.138211 -0.090954 0.213443 0.204361 -0.035363 0.174139 0.040207 -0.084696 -0.252056 0.272980 -0.167292 0.083429 0.347955 0.088262 0.007027 -0.095208 
0.029180 0.058354 0.137147 -0.069262 -0.317924 -0.122691 -0.099683 0.128102 -0.118391 -0.055820 0.141621 -0.249002 -0.125607 -0.065863 -0.026557 0.091526 -0.162377 -0.127725 -0.302797 0.295513 -0.149199 -0.139822 -0.047219 0.101152 0.075805 -0.041316 0.234973 0.169539 -0.093357 0.066036 -0.146897 0.073141 0.224003 0.147496 0.041653 -0.163824 0.171249 0.108724 0.065996 0.190636 0.248375 0.102069 -0.103166 0.147815 0.201492 0.422030 -0.076091 0.217822 0.013877 -0.137101 -0.090640 -0.019437 0.070296 0.118874 0.202939 0.238092 -0.013777 0.103522 
-0.155392 0.388641 0.110759 -0.026105 -0.152679 -0.005703 0.133942 -0.122341 -0.015790 -0.209691 -0.091565 -0.267696 0.042357 -0.001995 -0.232642 -0.029993 0.061385 -0.146412 -0.261468 0.129483 -0.084547 -0.171503 -0.168647 0.249069 0.020604 -0.007642 0.240461 -0.017274 -0.025103 0.029924 -0.257016 0.228087 0.009568 0.123296 0.198452 -0.111898 0.007327 0.167221 0.161695 0.218943 0.011362 0.131966 -0.132350 -0.119057 0.052052 0.362603 0.002683 0.211172 0.124137 -0.181854 -0.058924 0.084183 -0.096720 0.107534 0.146985 0.371432 -0.223374 -0.204546 
0.033496 0.392286 0.338183 -0.161737 -0.101061 0.195376 0.066470 -0.037086 -0.086163 -0.186460 0.108596 -0.240723 0.112370 -0.104283 -0.219840 -0.009811 -0.052108 -0.353946 -0.282899 0.195265 -0.026614 0.030514 -0.194094 0.054245 -0.077136 -0.113165 0.063756 0.100168 0.115022 0.055610 -0.026065 0.192449 0.222906 -0.098342 -0.009353 -0.032830 -0.154197 0.200552 0.038699 0.014004 0.172841 0.105665 -0.132844 0.221012 0.151420 0.290733 0.118519 0.149022 0.053900 -0.112415 -0.132726 0.045451 0.020537 0.029659 0.372025 0.120671 -0.142068 -0.326352 
-0.067583 0.290741 0.096840 0.010003 -0.026487 0.050590 -0.102374 0.065994 0.170288 -0.136221 0.088272 -0.035114 -0.022468 0.132804 0.025097 -0.148898 0.077018 -0.026463 -0.240373 0.169957 -0.178485 0.022565 -0.316573 0.113445 -0.103110 -0.186371 0.084390 0.084178 0.084495 -0.037438 -0.102384 0.172607 -0.084570 -0.107943 -0.026763 -0.027496 -0.034469 -0.151993 0.150281 0.034870 0.158673 0.257462 -0.008233 0.252381 0.093204 0.283972 0.169815 0.126383 -0.130475 -0.255327 0.100955 0.169580 -0.269502 -0.196664 0.253909 0.188019 0.087217 -0.406682 
0.170832 0.043634 0.187658 -0.189680 0.082812 0.215403 -0.217137 0.081550 -0.020560 -0.182941 0.173037 -0.124439 0.024537 0.193686 -0.260681 -0.180395 0.120747 -0.164446 -0.268644 -0.042988 -0.285431 -0.033855 -0.110715 0.243415 -0.354549 0.032829 0.104876 0.107680 -0.077699 -0.013680 -0.114846 0.041637 0.029832 -0.004685 0.064735 0.249879 -0.024865 -0.215078 0.009661 0.040327 0.132082 0.276647 -0.098766 0.101002 0.269783 0.348580 -0.047395 -0.148175 0.114990 -0.023950 0.017952 -0.088405 -0.137126 0.160431 0.198246 0.335677 0.223569 -0.299358 
-0.117877 0.023390 0.239735 -0.182485 -0.177209 0.090941 -0.139137 0.091874 0.003246 -0.359388 0.201516 -0.038833 0.026045 0.045480 -0.209914 -0.115916 0.057947 -0.193665 -0.379544 0.062288 -0.231673 0.034200 -0.456515 0.052929 -0.265135 -0.137839 0.384508 0.218120 0.127994 -0.137002 0.004553 0.191430 0.045147 0.231786 0.074866 -0.087388 -0.099309 -0.146045 -0.001685 0.039227 0.093643 0.142107 0.015938 0.223404 0.155531 0.243920 0.147591 -0.029005 -0.102158 -0.102232 0.028900 0.026210 -0.134632 -0.052319 0.167039 0.304798 0.196336 -0.226399 
-0.023194 0.207627 -0.135951 -0.139827 0.003366 0.040324 -0.125386 0.198982 -0.080132 -0.348467 0.301830 -0.082583 -0.035920 0.000845 -0.316169 -0.083790 0.091848 -0.158842 -0.308268 0.165640 -0.333512 -0.147786 -0.308272 0.130885 -0.329767 -0.210739 0.339117 0.224037 -0.003388 0.017567 0.040852 0.087880 0.119702 0.119981 0.040055 -0.107101 -0.075781 -0.146660 -0.059303 0.080534 0.220799 0.104408 0.108099 0.348601 0.001698 0.216119 0.252877 -0.258752 -0.192939 -0.226250 0.089625 0.124480 -0.086867 -0.004290 0.000371 0.170472 0.166989 -0.101656 
-0.086469 0.160074 0.032671 -0.291157 0.032582 0.109436 0.035754 0.146566 0.081305 -0.030211 0.103191 -0.024406 -0.023373 -0.139323 -0.205816 -0.118692 0.147989 0.089584 -0.237524 0.027658 -0.084429 0.052045 -0.297737 -0.003299 -0.273196 -0.279934 0.381510 0.274128 -0.030788 -0.168168 -0.144295 -0.044149 0.112682 0.216032 0.261724 0.027615 -0.268725 -0.041843 0.045464 -0.095018 0.094313 -0.046664 -0.123034 0.092846 -0.047072 0.148599 0.333120 -0.140633 -0.201742 -0.067327 -0.002105 0.160015 -0.163616 0.130970 0.111969 0.231217 0.075910 -0.292765 
-0.093575 0.374285 0.029258 -0.149747 0.195291 0.032709 -0.062248 0.082244 0.022535 -0.062568 0.020324 0.065383 -0.128076 -0.111515 -0.120618 0.047659 0.096643 -0.012886 -0.109769 0.318674 -0.081415 -0.121719 -0.064799 0.108226 -0.226887 -0.289423 0.154138 0.053565 0.147809 -0.003812 -0.132865 0.200773 0.032280 0.139619 -0.092506 -0.090230 -0.094091 -0.119292 -0.135426 0.201105 0.044571 -0.137732 -0.136203 0.155639 -0.093621 0.176042 0.272319 0.083620 -0.133716 -0.032409 -0.017794 0.122573 -0.192271 -0.074633 0.099333 0.092774 -0.151364 -0.411963 
-0.257826 0.223004 -0.050297 0.072820 0.381363 -0.000439 -0.019304 -0.192174 -0.224133 -0.216152 -0.034421 -0.237100 -0.121442 0.085896 -0.234002 -0.070036 0.109707 -0.049011 0.167067 0.186794 -0.083006 0.045617 -0.132074 -0.019416 -0.314766 -0.381269 0.077308 0.271741 -0.044103 -0.071270 0.000358 -0.029200 0.074856 0.156816 -0.103527 -0.005888 -0.238667 -0.161047 0.019916 0.060620 0.002004 0.043247 -0.124363 0.058640 -0.039113 0.102139 0.159441 -0.014209 -0.051292 0.192630 -0.007596 0.094792 -0.030485 -0.191821 0.104696 0.081251 -0.037862 -0.343181 
-0.163105 0.184651 -0.154448 -0.144942 0.257964 0.048367 -0.098705 -0.179790 -0.114307 -0.083447 -0.034078 -0.151282 0.029026 -0.032158 -0.057008 -0.066824 0.148536 0.060169 0.378964 0.197659 -0.138608 0.125571 -0.119885 -0.030359 -0.376679 -0.297029 0.047803 0.248306 0.101672 0.079852 -0.077021 0.269178 0.064651 0.031338 -0.025165 0.054326 -0.099483 -0.017823 -0.130340 0.284570 0.062810 0.118055 0.078287 0.000501 -0.056572 -0.027307 0.196329 0.046466 0.002522 0.053729 0.020821 0.075935 -0.091809 -0.004887 0.009259 -0.098976 0.106664 -0.269651 
-0.026944 0.142029 -0.148854 -0.135784 0.246358 0.330168 -0.308310 0.020203 -0.003909 0.087761 0.140021 -0.012219 0.013206 0.098010 -0.201041 -0.041482 0.248507 0.098544 0.312345 0.028067 -0.003194 -0.190415 -0.256929 0.060259 -0.459847 -0.055677 0.052310 0.236296 0.117414 -0.131639 -0.038689 -0.137425 -0.095668 0.233915 0.157259 0.206777 -0.135375 0.000786 -0.244636 0.115670 0.165172 0.202538 -0.126855 -0.058356 -0.119924 -0.018205 0.296425 -0.098039 0.020997 0.151593 0.024567 -0.124997 -0.129254 -0.154457 0.056827 -0.151491 0.252666 -0.134452 
-0.142746 -0.200923 -0.117133 -0.035312 0.284697 0.233148 -0.011051 0.071480 0.148251 -0.130592 0.144686 -0.210190 0.045768 -0.065680 -0.015730 -0.270095 -0.022903 -0.011945 0.504368 0.153450 -0.079972 -0.325125 -0.097515 -0.114369 -0.462159 0.052546 0.243425 0.373244 0.046905 -0.181747 -0.146449 0.044868 0.063095 0.219470 -0.040803 0.048692 0.062784 -0.246182 -0.070033 0.176346 0.050299 0.043960 0.005375 -0.102370 0.112821 0.078189 0.196108 -0.174608 -0.211139 -0.008650 -0.026129 -0.001001 0.082454 -0.089254 0.004456 -0.012833 0.116840 -0.137196 
0.081180 -0.267284 -0.091600 -0.035346 0.421339 0.250744 -0.202505 0.093100 -0.086806 0.066278 0.082843 -0.012174 -0.028627 0.102291 -0.127808 -0.031960 0.300498 -0.098488 0.218173 0.029162 0.090891 -0.371244 -0.219014 0.130837 -0.607466 -0.018039 0.162099 0.000837 0.026049 -0.111131 -0.025028 -0.113154 -0.073434 0.358194 0.323399 0.114597 0.046908 -0.052345 -0.143094 0.177459 -0.263914 0.103599 -0.109258 0.106795 0.203746 0.239198 0.415576 -0.109629 -0.079316 -0.192006 0.003609 0.147481 0.058158 -0.187461 0.078543 -0.178186 0.040672 -0.224649 
-0.114718 -0.125817 -0.033132 -0.103181 0.375056 0.094889 0.124485 0.177727 -0.133890 0.102535 0.035080 -0.133032 0.044370 0.107582 -0.131973 0.012260 0.371067 0.131805 0.316012 0.215415 0.146088 -0.209684 -0.023455 -0.123795 -0.432938 -0.465427 0.080228 0.256653 0.037584 -0.045807 -0.195576 -0.104957 -0.176581 0.162246 0.100050 0.332328 -0.090866 -0.194046 0.174871 0.244413 -0.170202 -0.077009 -0.136898 0.209711 0.072707 0.159642 0.126903 -0.104207 -0.073978 0.078857 0.096142 0.180065 0.048693 -0.255980 -0.012724 -0.190477 -0.099984 -0.396588 
0.156250 -0.001326 -0.137073 -0.080418 0.281879 0.221934 -0.042316 0.194824 -0.192444 -0.018619 0.172012 0.074489 0.217412 0.135517 -0.172219 0.164372 0.309499 0.081497 0.317527 0.305000 0.157030 0.045764 -0.173516 -0.052370 -0.213332 -0.412394 -0.098927 0.154575 0.124054 -0.137186 -0.129774 -0.104166 -0.457755 0.058702 0.033227 0.047454 -0.015297 -0.100393 0.111115 -0.090353 -0.000664 -0.140252 0.070330 0.306192 0.028065 0.210311 0.303415 -0.120226 -0.088095 0.032046 0.178210 0.265494 0.130585 -0.319559 0.101505 -0.262994 -0.126023 -0.294687 
0.003513 -0.383407 -0.191819 0.136479 0.654948 0.288249 0.084469 0.244638 -0.212919 -0.107900 0.085100 0.123915 0.402443 -0.013346 -0.164387 -0.045842 0.207092 0.147778 0.393867 0.317919 0.046939 -0.036913 -0.134385 -0.255217 -0.206947 -0.291044 -0.087401 0.028233 -0.041624 0.010931 0.019653 0.160107 -0.454249 0.086198 0.049717 0.181893 -0.110619 -0.109818 0.011265 0.172012 -0.106817 -0.233162 -0.168994 -0.050266 -0.153272 0.067074 0.314501 -0.142402 0.016919 0.077861 0.075995 0.074973 0.081164 -0.053729 0.132069 -0.238826 -0.246966 -0.185369 
0.014040 -0.314401 -0.289174 -0.121761 0.810646 0.317828 -0.227131 0.108466 -0.119687 0.034582 0.149493 0.173606 0.310770 0.211458 -0.250756 -0.117526 0.343451 0.029757 0.493671 0.162066 0.115442 -0.031231 -0.163635 -0.078161 -0.305246 -0.152595 0.061869 0.037086 -0.106432 0.030369 0.010330 -0.009708 -0.401899 0.045328 0.053604 0.224358 -0.159607 -0.247313 -0.161459 -0.095071 -0.130115 -0.119399 0.103766 0.056611 0.062739 0.169128 0.334488 -0.150816 0.003079 0.037959 0.074879 0.120175 -0.094995 -0.417584 0.108585 -0.218248 -0.040734 -0.210880 
-0.144492 -0.497557 -0.279615 -0.074909 0.542680 0.390276 0.069533 0.146611 -0.102232 -0.067633 -0.060828 -0.003577 0.300072 0.063054 -0.129264 -0.052441 0.199231 0.209311 0.222949 0.315082 0.096689 -0.062384 -0.023479 0.017209 -0.136261 -0.093814 0.049767 0.224472 0.040184 0.005066 0.049474 0.042447 -0.265744 -0.044246 0.203558 0.078351 -0.036563 -0.164161 -0.241503 -0.188097 -0.043903 0.041396 -0.066785 0.009626 0.069029 0.095954 -0.145786 -0.104633 -0.044287 0.071869 -0.165636 0.073367 -0.159636 -0.458151 0.053777 -0.446183 -0.286008 -0.233544 
-0.010110 -0.171346 -0.115043 -0.052266 0.819865 0.166648 -0.018350 0.001812 -0.153303 -0.099500 0.081666 -0.146199 0.109906 0.157243 -0.227172 -0.178507 0.211464 0.118409 0.328411 0.128134 0.091656 -0.124677 -0.022090 -0.076258 -0.094593 0.001443 -0.139440 0.022482 0.158465 -0.102907 -0.158063 0.056805 -0.234237 0.001410 0.079994 0.242975 -0.035236 -0.115111 -0.304830 -0.059283 -0.097564 -0.022863 0.032588 -0.052614 -0.169392 0.150398 0.040857 -0.138167 0.100912 0.075964 -0.322154 -0.076848 0.146161 -0.278657 0.023858 -0.425559 -0.272088 -0.157059 
0.009607 -0.178647 -0.007144 0.043293 0.509048 0.189597 -0.118550 0.009455 -0.178808 0.054075 -0.045216 -0.026164 0.020346 0.143599 -0.100783 -0.084916 0.326733 0.254874 0.548454 0.075429 -0.074579 0.038449 -0.111657 -0.014423 -0.170015 0.077029 -0.040295 0.012355 0.204306 -0.079309 -0.176707 -0.004389 -0.310388 -0.131252 0.054034 0.263812 0.002518 -0.129514 -0.176469 -0.123008 -0.157696 -0.097451 -0.030766 0.071683 -0.155415 0.261144 -0.072079 -0.076291 0.048033 0.113606 -0.296617 -0.167394 -0.010909 -0.286858 0.045666 -0.109362 -0.419272 -0.093773 
-0.032616 -0.111788 -0.126421 0.246271 0.344060 0.077673 -0.019215 0.019305 -0.053480 0.193836 0.034256 -0.040862 0.065048 0.155754 -0.093273 -0.131672 0.130551 0.161634 0.205639 0.024267 -0.084920 -0.001156 -0.211320 0.043519 -0.116226 0.120243 -0.238353 -0.027688 0.310285 -0.010853 0.047764 -0.025457 -0.203200 0.020164 0.106930 -0.184014 -0.199327 0.060268 -0.241614 -0.118950 -0.095276 -0.234849 0.042489 0.050010 -0.013195 -0.023134 0.021702 -0.413637 0.066055 0.047329 -0.547110 -0.094851 0.099879 -0.236943 -0.154586 -0.237508 -0.459757 0.038496 
0.088838 -0.338581 -0.243527 0.057509 0.196384 0.198473 0.030852 0.054239 -0.012762 0.128922 -0.093174 -0.026724 0.132019 0.039809 -0.011995 -0.036298 0.099463 -0.102219 0.262026 -0.071251 -0.055153 0.127732 -0.027303 0.006171 -0.094856 0.268216 -0.039038 -0.088831 0.480409 0.098995 0.047434 0.012703 -0.112554 0.048258 0.024271 -0.254494 -0.124657 -0.025744 -0.159071 -0.136047 -0.030013 -0.009143 0.240412 -0.047493 -0.189694 -0.228209 -0.129383 -0.194095 0.106786 0.232662 -0.366602 0.149363 0.058127 -0.077058 -0.243020 0.040329 -0.204855 0.075781 
-0.023139 -0.141019 -0.062419 0.199549 0.298252 0.258747 -0.001216 0.099350 -0.012025 0.016911 0.103572 -0.166757 -0.118789 -0.045128 0.007932 0.067412 0.105068 -0.021010 0.116458 0.067140 -0.200202 0.060182 0.011297 0.078586 -0.147123 0.367984 0.000229 0.045611 0.145119 -0.138859 0.124473 -0.078391 -0.284484 0.032450 -0.106829 -0.298561 -0.003380 -0.133263 -0.295218 -0.211420 -0.122475 -0.090099 0.008939 0.040127 0.034108 -0.107669 0.073499 -0.229701 -0.050585 0.003636 -0.393566 0.314702 0.128056 -0.022920 -0.439145 -0.104419 -0.002313 0.211690 
-0.231926 -0.247875 0.040615 0.367204 0.157237 0.145964 0.029183 -0.066836 -0.070657 0.068607 0.229975 -0.006024 -0.275445 -0.092357 -0.080951 0.047434 -0.063289 0.166725 -0.054423 -0.195307 0.117714 -0.123214 0.070704 -0.045516 0.204884 0.458424 -0.362692 -0.030389 0.241651 0.120004 0.285606 0.075833 -0.205953 -0.038397 -0.060106 -0.481972 0.028059 -0.035605 -0.065227 -0.213186 -0.066611 -0.000940 0.257463 0.052537 0.002503 -0.208237 -0.087876 -0.278121 -0.163030 0.062184 -0.373548 0.204799 0.010219 -0.091236 -0.400522 0.054672 -0.088791 0.235288 
-0.080824 -0.204258 -0.056712 0.016957 0.057934 0.032947 -0.037060 0.044229 0.033477 -0.002952 0.154733 -0.138924 -0.060781 -0.137639 0.210241 -0.030080 -0.195277 -0.001652 -0.141817 0.004284 -0.105598 -0.183110 -0.046008 0.144627 0.189392 0.440385 -0.039689 -0.024848 0.127883 -0.091795 0.019586 0.209643 0.132625 -0.065265 -0.094805 -0.363494 -0.207753 -0.271950 -0.020966 0.056042 -0.202777 0.162732 0.170948 0.010667 -0.152354 -0.309854 -0.233158 -0.273385 -0.134440 -0.055651 -0.556167 0.055116 -0.030161 0.132498 -0.243822 0.143879 -0.011910 0.244830 
-0.140553 -0.164225 -0.011733 0.115241 0.076811 -0.018667 0.139596 0.174734 0.135579 -0.075478 0.169924 0.049199 -0.166039 -0.188051 0.213842 0.227432 -0.163390 0.096940 -0.346586 0.027799 -0.147306 -0.327243 0.066354 0.429808 0.259547 0.499591 -0.184982 -0.064208 0.099133 -0.108866 -0.032957 0.068768 0.119194 0.257501 0.030877 -0.308825 0.039333 -0.078810 0.110791 -0.174657 -0.227875 0.229640 0.040092 0.109624 0.145718 -0.119058 -0.436672 -0.112333 -0.005466 -0.241235 -0.283146 0.008783 0.004374 0.100558 -0.412446 0.256395 -0.257193 0.726743 
0.134975 0.036084 -0.068742 -0.038959 0.128846 -0.216625 0.097507 -0.239710 -0.056593 0.329565 0.239498 0.116260 -0.148454 -0.053434 0.179538 -0.031862 -0.353304 0.148619 -0.279372 0.317347 -0.062663 -0.427729 0.146675 0.387005 0.251237 0.587844 -0.240724 -0.136859 -0.110854 0.097230 0.334895 -0.057602 -0.129693 0.107227 -0.299810 -0.453814 -0.015900 0.088589 0.483408 -0.248110 -0.206032 0.275963 0.405591 -0.032844 0.183614 -0.279955 -0.456205 -0.128368 -0.310300 -0.139948 -0.203406 0.055415 -0.106820 0.093652 -0.564454 0.716329 -0.312183 0.961876 
0.259650 0.236592 0.099689 0.037364 0.045062 -0.142942 -0.127375 -0.019759 0.089226 0.147043 -0.089937 0.129841 0.102617 -0.218289 0.300217 0.097430 -0.111128 0.247585 -0.359051 0.573136 -0.056052 -0.477529 0.371488 0.472540 0.627839 0.521197 -0.162107 0.154956 -0.298885 0.127872 0.483586 0.096566 -0.059683 0.184833 -0.203402 -0.604271 0.078941 -0.037911 0.848463 -0.117574 -0.190065 0.200756 0.514107 0.092975 0.261793 -0.348653 -0.463352 0.291515 -0.124327 -0.314982 -0.304061 -0.015240 0.014861 0.486212 -0.499264 0.728752 -0.383552 1.096526 
0.333846 0.130425 -0.149814 0.082513 -0.045803 -0.225013 0.076067 0.007461 0.221655 0.158121 -0.221027 0.337761 0.193871 -0.412896 0.673007 0.116893 -0.349350 0.309130 -0.565430 0.735782 -0.116956 -0.643520 0.225926 0.434851 0.999918 0.482617 -0.271339 0.022965 -0.267629 0.089489 0.410727 -0.206645 -0.122997 0.174312 -0.329126 -0.854962 -0.027387 -0.048604 1.041716 -0.102537 -0.125509 0.087426 0.447472 0.191524 0.276584 -0.363282 -0.186887 0.415401 -0.335028 -0.205912 -0.285507 0.139277 -0.082332 0.294152 -0.745758 0.945067 -0.380456 1.344612 
