-0.180543 0.087080 0.228887 0.318401 -0.275196 -0.104693 -2.543961 0.250765 -0.363152 0.223327 -0.493502 0.410327 -0.286059 0.205291 0.269137 -0.077410 
0.169340 0.124992 0.107293 0.216913 -0.157117 0.106324 0.069100 0.062032 -0.010115 0.243688 0.070699 0.174720 0.114862 -0.537641 -1.272202 0.179266 
0.117724 0.078905 -0.395016 0.318361 -0.462557 -0.366608 0.339215 0.171327 -0.277275 0.027955 -0.499198 0.104124 0.096553 -0.648715 0.176472 0.079243 
0.028313 -0.476346 0.273925 0.359491 0.260206 -0.221767 0.213651 0.245755 -0.572819 -0.351604 0.478487 -0.493770 -0.132410 0.167486 0.479573 -0.737641 
-0.134421 -0.240853 -0.131709 0.060505 -0.585111 0.092926 -0.774065 -0.101996 -0.937580 -0.492274 -0.545641 -1.020396 -0.162930 0.343979 -0.039438 -0.698103 
0.218743 0.204555 -0.145285 0.315911 0.212504 0.181664 0.247532 -0.051609 0.365948 -0.213849 -0.216877 0.638044 -0.800491 0.138498 -0.674595 0.297273 
0.164431 0.194983 0.192275 -0.585451 0.124548 -3.278459 -1.357417 0.217837 0.151551 0.188149 0.168917 0.285056 0.255299 -1.577009 -0.030892 0.207880 
-0.069809 -0.436210 0.046824 -0.531329 -0.211313 -0.023478 0.342754 0.060312 -0.088065 0.006440 0.525188 0.091333 -0.034631 0.337934 0.377496 -0.399906 
0.089437 -0.354023 0.081071 0.537982 0.032265 -0.320315 -0.052895 0.073654 -0.595653 -0.442763 -0.119096 -0.078833 -0.379927 -0.104620 -1.063280 -0.764877 
-0.060407 -0.334629 0.084003 0.408458 0.225663 -0.115914 -0.587660 0.057586 0.355309 -0.165009 -0.146111 0.055798 0.071322 0.259513 -0.839284 -0.180903 
0.026862 -0.009789 -0.048081 0.230150 -0.501390 -0.430812 0.053448 0.053081 -0.929040 -0.185557 -0.198979 0.208444 0.302231 -0.323186 -1.012744 -0.144686 
0.240525 0.091156 -0.046066 -0.959970 -0.399701 0.009765 0.214241 0.147547 -0.283713 -0.645783 -0.049555 -0.236645 -1.101381 0.148149 -0.126776 0.277367 
-0.397474 0.199157 0.073166 -0.195030 0.030054 0.211308 -0.410907 -0.381546 -0.800492 -0.387324 0.128287 -0.920383 0.556163 0.063378 0.232951 -0.279993 
0.129180 0.076153 0.122168 -0.957306 -0.016554 0.151045 -0.097656 0.177781 -0.253580 -0.038505 0.415000 0.106285 0.032219 0.053538 0.368410 -0.019047 
-0.310288 0.288959 -0.059543 0.445071 0.166480 -0.093817 -0.276649 -0.070764 -0.105792 -0.307111 -0.075409 -0.113496 0.319158 -0.000718 -1.216405 0.182553 
0.138750 0.168429 0.129794 0.456897 -0.027468 -0.653610 -0.259427 0.092981 0.504837 0.121119 -0.243929 -0.048245 -0.219874 0.313931 0.288416 0.127121 
-0.076574 0.214763 -0.154396 0.678514 0.285536 -0.443387 -0.093647 -0.172099 0.291393 0.332272 0.246826 -0.140040 0.129783 -0.141839 0.064736 -0.596501 
-0.344258 0.219898 0.073625 -0.859918 0.620155 0.088308 0.233262 -0.143186 -0.100923 -0.141994 0.125453 0.049411 -0.183503 0.047163 -0.000678 0.383830 
0.079894 0.147556 0.055040 -0.008888 -0.283832 0.312577 0.188065 0.052116 0.113858 0.011010 -0.581184 0.064060 0.115254 -0.532365 0.174251 0.073260 
0.021997 0.046830 -0.105983 -1.629900 -1.847938 0.080258 -0.110860 -0.156303 -0.041429 0.038330 0.132264 -0.105199 0.094367 0.056974 -0.039268 -0.942643 
0.027813 -0.126434 -0.079857 0.050157 0.508530 0.044577 -0.019484 -0.082206 -1.031043 0.439426 0.002691 0.010121 0.086016 -0.001843 0.087764 0.115026 
0.262443 -0.548057 0.186477 0.452819 0.028947 -0.120971 -0.074694 0.172213 0.157628 0.334708 0.177850 -2.183334 -0.496458 0.094546 0.044293 -1.505277 
-0.078536 0.187324 0.156489 0.327570 -0.874434 0.281411 0.322282 0.070378 -0.604460 0.088286 0.217416 0.283116 -1.243641 0.163862 -0.372481 -0.417250 
-0.186934 -0.173714 -0.037798 0.244825 0.587404 -0.056405 -0.242928 0.030199 0.056434 0.023634 -0.484515 -0.596209 -0.678460 0.041944 0.491570 -0.076430 
-0.285563 -0.029043 0.233244 0.251776 0.442750 0.548800 0.102740 0.044930 -1.057695 -0.194902 -1.097455 0.161697 0.246402 -0.300684 -0.771955 0.047700 
0.120483 0.133238 0.128112 -0.230180 -1.117271 0.050954 0.151748 0.095857 -0.361089 -0.839277 -0.306505 -0.146637 -0.257372 0.040650 -0.645819 0.106218 
0.240620 0.097119 0.226219 -0.688459 -0.732080 -0.111114 0.010665 0.187485 0.347936 -0.472790 0.157192 0.156861 0.225142 0.304919 0.436285 -0.006170 
-0.063435 -0.124318 0.109977 0.179991 0.384749 0.036633 -0.340540 -0.176512 -0.135921 -0.171624 0.196308 -0.499681 -1.158561 0.207880 0.666601 -0.677518 
0.148338 0.165389 0.085570 0.029871 0.059173 0.114157 0.196182 0.091854 0.035161 0.224126 -1.418690 0.241214 0.226525 -0.261296 -0.179470 -0.009098 
0.147396 0.075868 -0.201446 -0.093075 0.180465 -1.633154 -1.573831 0.142992 0.177653 -0.022784 -0.274278 0.281449 0.156957 -0.696136 -1.301179 -0.225890 
0.210846 0.262692 0.024692 0.104279 0.046838 0.155586 0.101648 -0.137703 0.161547 -0.242371 0.124720 0.276812 0.334233 -0.067785 -0.703426 0.230651 
-0.013343 0.079010 0.051882 -0.241813 0.251409 0.115842 -0.350004 -0.108886 0.361949 0.105899 -0.161984 -0.479478 0.027067 -0.249659 -0.925809 -0.030495 
0.270095 0.169289 0.036526 -0.679673 0.268752 0.200906 -0.252695 0.026173 -0.049287 -0.423946 0.092243 0.193317 0.334306 0.100595 -0.364358 0.158390 
0.055131 0.192568 0.083635 -0.430180 0.356843 0.087256 0.121730 -0.102450 -1.446508 0.079820 -0.611806 0.123286 0.182811 0.114244 -0.225692 0.179339 
0.015978 -0.126975 0.159471 0.403947 -0.333911 0.141594 -0.068491 0.181796 0.252667 0.069847 -0.396607 0.171013 0.128669 0.361513 -0.126788 0.097796 
-0.523689 0.047850 0.273339 0.311560 0.224934 -0.113581 -0.090039 0.017068 -0.619694 0.232672 0.117908 -0.331925 -0.201324 0.254792 -0.128992 -0.476872 
-0.033651 -0.043841 0.031420 0.417968 0.118107 0.005167 -0.231979 -0.100128 -0.557868 -0.029073 0.315320 -0.208098 0.063472 0.196664 -0.783038 0.026720 
0.064252 0.240381 0.023345 -0.282149 -0.327715 -0.333697 -0.264871 -0.039532 -0.372121 0.137393 -0.061891 -0.228191 -0.100545 -0.501556 -0.270094 0.123425 
0.087567 0.000426 -0.114333 -0.494930 0.015637 0.037288 -0.360378 0.078126 0.251904 0.091874 -0.148540 0.190090 0.256813 -0.313131 0.312151 -0.457991 
-0.100298 0.170143 0.073794 -0.578203 -1.062891 0.198904 0.268240 -0.137605 -2.403009 -0.451256 0.306593 0.355788 -1.296914 0.147473 -0.303212 -0.844452 
-0.190447 -0.299229 0.047727 0.373761 0.241929 -0.223084 -0.375285 0.053598 -0.165925 0.252403 -0.043261 0.143394 0.383735 -0.379813 -0.500411 -0.072673 
-0.097164 0.141213 0.156375 0.137280 0.331934 -0.484906 -0.871348 0.114478 0.199051 0.298483 -0.057534 0.118113 0.172059 0.232544 0.548501 0.167417 
-0.007956 -0.085061 0.019664 -0.031522 -0.089162 0.034238 -0.178789 -0.051941 0.259822 0.350372 0.057740 -0.680139 -1.714408 0.021948 0.050365 -1.038854 
0.085811 0.167387 0.216445 -0.546936 0.298732 -0.073077 0.083772 0.231335 0.466376 0.265695 -0.176730 -0.408648 -0.682931 -0.418750 0.221113 0.269672 
0.126382 0.049731 -0.386643 -0.045616 -0.057484 -0.071676 0.342979 -0.329526 -0.024110 0.474804 0.060808 0.116858 -0.374979 -0.501947 -0.130967 -0.076080 
0.129762 -0.345529 -0.033128 -0.545772 -0.745330 0.082387 0.175587 0.156923 -0.142292 -0.146338 -0.311966 -0.119678 -0.367236 0.257731 -0.533461 -0.605951 
-0.053012 -0.162056 -0.176100 -0.436457 0.090840 0.375794 0.082896 -0.424533 0.089354 -0.205351 0.284502 -0.038695 -0.132872 0.155928 0.815861 -0.016119 
0.047116 -0.400287 -0.059518 0.402783 0.178701 0.086750 0.480257 0.146733 -0.173019 -0.177718 0.412848 -0.581664 -0.328151 -0.154860 0.024193 0.037046 
0.049624 0.082399 0.067775 -0.320590 0.653385 0.020622 -0.038168 0.087340 -0.061772 0.091844 -0.111684 -0.172171 -0.340148 -0.136484 -0.276056 0.213166 
-0.055555 0.132315 -0.086806 0.123820 0.373272 0.294140 0.252068 -0.485978 0.666264 0.210864 -0.334863 -0.124478 -0.075611 0.136591 -0.582977 0.315219 
0.207536 -0.120873 0.280274 -0.778069 -0.089797 0.070958 0.294162 0.287056 0.252806 0.227403 -0.863489 -0.394144 0.196424 0.060561 -0.156390 -0.101662 
-0.048837 -0.026750 0.116961 -0.675258 0.183851 -0.215855 0.168161 0.014587 0.191249 0.191548 0.479009 -0.787394 0.043304 0.168363 -0.327743 0.066492 
0.164070 -0.407038 -0.095159 0.248562 -0.256883 0.118577 0.139608 -0.111537 -0.192831 0.003221 0.004019 -0.273084 -0.471214 0.365767 0.212468 -0.311788 
0.121041 0.164819 -0.038824 -0.577083 -0.853332 0.176644 -0.008632 -0.008410 -0.216973 0.063097 -0.823583 0.035533 0.132962 -0.052914 -0.170256 0.338053 
0.061400 -0.261400 0.168641 -0.006881 0.226569 0.307026 0.223141 -0.068916 -0.526569 0.312560 -0.650284 -0.695249 -0.083903 -0.093343 -0.790947 0.088356 
0.059758 -0.217480 -0.096339 -0.287871 0.534645 0.432341 -0.072466 -0.054811 0.181407 0.302822 -0.406460 -0.088763 0.064056 -0.217281 0.119700 0.178707 
0.152537 -0.212991 0.030341 0.018995 -1.162180 0.104637 0.109531 -0.115806 0.062285 0.059904 -0.143109 -0.594453 0.109382 0.040286 -1.066443 -1.258503 
0.015880 -0.132058 0.015111 0.018814 0.150906 0.500819 0.102993 -0.500211 -0.915872 -0.163842 -0.867029 -0.044729 0.059330 0.172439 -0.561469 0.184850 
