-0.078302 0.009341 0.237631 -0.040266 -0.279346 -0.002207 -1.055634 0.285823 0.128487 0.123167 -0.177841 0.558141 -0.230473 0.140110 0.402560 -0.026163 
-0.031847 -0.826155 -0.032010 0.248893 -0.204277 -0.171151 0.079092 -0.025408 -0.297719 0.017656 -0.580940 -0.609286 -0.594249 0.535365 -0.085959 -0.344225 
-0.089236 -0.066649 -0.046145 -0.172696 0.576111 0.050146 0.234948 -0.002700 -0.065739 0.161626 -0.536939 -0.901141 -0.945764 -0.240923 0.655716 0.140568 
0.041907 0.020401 0.076172 -0.613182 -0.721946 0.129577 0.271770 -0.276737 -1.563206 -0.275492 0.005054 0.058394 0.140751 -0.094344 -0.399679 -0.370504 
0.211634 0.098642 0.011499 -0.938514 0.034149 0.059527 -0.074863 -0.031072 -0.266309 -0.735382 0.313507 0.117411 0.316827 0.219646 -0.152553 0.154045 
0.057324 0.018418 0.173017 -0.493405 0.385029 0.289615 0.297018 0.152875 -2.081746 -0.298958 0.375871 0.257013 -0.365159 0.119608 -0.603412 -0.257892 
0.121898 -0.272678 0.179851 0.004937 -0.190194 0.314924 0.225686 -0.265584 -0.114758 -0.008598 -0.708304 -0.084507 0.160247 0.179963 -0.884971 0.090874 
-0.231142 0.337913 -0.052713 -0.186277 -0.069399 -0.346213 -0.200456 -0.058660 -0.954856 0.108476 -1.424764 -0.012150 0.005732 -0.002229 0.130369 0.321147 
0.159170 0.153789 0.157118 -0.502443 0.042781 -4.553820 -1.433114 0.178584 0.162909 0.145337 0.121563 0.184075 0.150264 -1.773760 -0.095439 0.196727 
0.011129 -0.022971 0.140628 0.032886 0.153304 0.165086 -0.696058 0.214457 -0.011875 0.052919 0.022544 -0.100918 -0.031789 -0.234547 0.300759 0.177573 
0.389694 0.271225 -0.080098 0.041363 0.175858 -0.844215 -0.361946 0.236909 0.022231 0.156760 -0.336935 0.425684 -0.612450 -0.453503 -1.041917 0.300071 
0.117512 0.235592 0.110325 -0.327637 -0.913056 0.142377 -0.035834 0.185720 -0.408510 -0.145668 -0.035512 -1.203920 -0.596752 0.208700 -0.864865 0.351663 
0.198579 -0.700527 0.176855 0.388321 -0.348923 -0.404520 -0.072782 0.170895 -0.778110 -0.011677 0.342438 -0.699436 -0.382471 0.059263 0.572116 -1.711659 
0.134100 0.131423 0.088280 -0.195968 -1.092824 -0.032909 -1.299390 0.024143 0.358832 -0.236224 -0.056985 -0.288210 0.248996 0.078444 0.004344 -0.008218 
0.195588 0.176476 0.097262 -0.576737 0.219089 0.085912 -0.071930 0.146217 0.108769 0.214430 -0.587957 0.421853 0.203813 -0.339141 0.255714 -0.220952 
-0.001097 -0.039895 0.041927 0.030419 -0.425470 0.103297 0.092060 0.102443 0.170243 0.034491 -1.168382 0.097395 0.126476 -0.186697 -1.016567 0.021065 
-0.113948 0.237923 0.040070 -0.521496 0.530084 -0.135252 0.020574 -0.244361 0.011699 -0.011708 -1.255030 0.161876 0.298421 0.017890 0.591368 0.279780 
0.058840 -0.243499 -0.072445 0.548396 0.268755 0.057979 0.023645 0.087548 -0.589691 -0.334050 -0.054358 -0.983359 -0.027113 0.005526 -0.090564 -0.305097 
0.126300 -0.166375 0.050176 -0.739371 -0.340300 0.258825 0.301451 0.149405 0.062903 0.158338 -1.084761 0.070894 0.173014 -0.007556 -1.128331 -0.209492 
-0.031065 -0.378317 -0.008472 -0.182288 1.052995 0.126135 -0.188101 -0.064734 -1.584829 0.090730 -0.354333 -0.387865 -0.092833 -0.106888 -1.020876 0.310181 
-0.160110 -0.288012 -0.102535 0.473611 1.158869 -0.208455 0.109853 -0.144755 -0.283693 0.522565 -0.543201 -0.601821 0.357079 -0.230912 -0.017146 -0.047808 
0.136884 0.115667 -0.094339 0.121501 -0.395766 -0.692080 0.016161 0.195782 -0.013193 0.087931 -0.072353 0.370321 0.565344 -0.850675 -0.979768 0.038124 
0.089284 0.133145 0.066655 0.470649 -0.104369 -0.067257 0.108599 0.029654 -1.124130 0.470098 0.491355 -0.542616 -0.730739 0.008580 0.323214 -0.705961 
-0.437153 0.197836 -0.042290 0.447522 -0.013564 -0.377359 -0.731285 -0.040223 0.117416 -0.544993 0.060405 -0.922845 0.136026 0.004452 -1.326569 0.254672 
0.126095 0.397222 0.208087 -0.735351 -1.141425 0.269106 0.341097 0.110476 -0.899082 -0.527383 0.207365 0.446963 -0.937526 0.111532 -0.393182 -0.343391 
-0.209863 0.025019 0.009574 -0.818624 -0.030532 0.061440 -0.153827 -0.193769 0.302411 0.496954 0.276923 -0.205769 -0.145890 0.177723 -2.078024 -0.908521 
-0.060034 -0.057757 -0.120125 -0.017774 0.230271 0.207942 -0.142995 -0.181537 -0.178342 0.087654 0.172329 0.071082 0.209091 0.293332 0.655467 -0.743653 
0.046894 -0.262997 -0.064709 0.374292 -0.707393 -0.051646 0.196898 0.016726 -0.002854 -0.064738 0.188200 -0.148116 -0.011454 -0.012333 -0.774013 -1.041078 
-0.344640 0.041247 0.046671 0.165880 -0.027718 0.653704 -1.013629 -0.321997 -0.268695 0.317701 0.196768 -0.341551 -0.014742 0.017201 -0.571526 -0.707897 
0.228430 0.225561 -0.260914 0.017319 -0.102254 0.253320 0.139682 -0.298667 -0.318178 0.140337 0.260637 0.260608 0.317096 -0.196387 -0.166798 0.250082 
-0.017292 0.146612 -0.155991 0.281106 0.005267 0.175208 0.398977 -0.159098 0.428525 0.369969 0.280966 0.364119 -0.039195 -0.276298 -0.142466 -0.189424 
0.156210 -0.245134 0.106625 -0.166141 -0.131352 0.131447 0.179331 -0.177390 -0.691194 -0.437673 -0.697995 -0.062774 0.176040 0.461059 0.546809 -0.040204 
0.091387 -0.070690 0.248647 0.316384 -0.369098 -0.570020 0.189939 0.249631 0.123508 0.043170 0.198586 0.111972 -0.093644 0.042124 0.328993 -0.069059 
-0.328000 0.312218 0.181682 -0.021174 0.400779 0.196686 0.194346 -0.229333 -1.310343 -0.219686 0.182315 -1.371313 0.540226 0.355945 0.147103 -0.614833 
0.086060 0.057132 0.118288 -0.695515 0.306977 0.328498 -0.157995 -0.040500 -0.214908 0.045724 -1.108598 -0.005372 0.044410 -0.468492 -1.054304 0.071658 
0.017416 -0.072410 -0.107962 0.000045 0.208292 0.157185 0.081921 -0.461407 -0.059641 0.490571 0.086275 -0.321388 -0.298735 -0.021525 -1.499017 0.175344 
0.229288 -0.321120 0.057202 -0.620045 0.034804 0.316031 0.231919 -0.047151 -0.920652 0.054949 0.140473 -0.661963 -1.379499 0.343072 0.085123 -1.462543 
0.154845 0.193805 -0.218252 0.282650 0.441050 0.039339 0.267164 -0.205656 -0.200472 -0.323097 -1.478565 0.315954 0.094263 0.262034 -1.027358 -0.047634 
-0.053891 0.043452 -0.204074 0.529772 0.052623 -0.677037 -0.942064 -0.030571 0.290913 0.154279 -0.183318 0.143625 0.099963 -0.266840 -0.617020 -0.561040 
0.146591 0.227656 0.012263 -0.690487 -1.360142 0.213014 0.218340 0.006410 -0.019456 0.218331 0.383336 -0.204478 0.302050 0.292635 -0.093362 -1.344903 
0.268902 0.087112 0.060725 -0.885961 -0.219074 -0.010363 -0.058241 0.147924 0.322150 0.173989 -0.263754 0.018547 -0.158230 -0.232762 -0.942242 -0.346236 
0.142086 -0.414073 0.028216 0.434612 -0.105079 0.121526 -0.392567 0.003878 0.271106 -0.624291 0.460107 -0.565110 -0.679933 0.235830 -0.154122 -0.067546 
0.049246 0.091049 -0.189547 0.165763 -0.337590 0.298278 0.282600 0.119858 -0.008166 -0.069127 -0.555426 0.117294 0.068936 -1.186479 -0.450886 0.202740 
-0.228479 0.092902 0.197149 -0.680416 -0.029917 0.185687 0.140091 0.173536 -1.070446 0.282351 0.010437 -0.008440 -0.622085 0.285848 0.019256 -0.142830 
-0.074607 -0.155351 0.111558 0.434751 1.020070 -0.042051 -0.600572 0.132196 0.488409 0.041820 -0.830782 -0.504792 -0.542703 -0.317828 -0.036012 -0.132007 
0.133088 -0.152025 -0.276104 0.105313 -0.026341 -0.482852 -0.084767 0.306264 0.369911 -0.398347 0.335329 0.202717 -0.032555 -0.001258 0.066441 0.045003 
0.005278 -0.425247 0.047738 0.313748 0.503156 0.157611 0.107722 -0.369644 0.320496 -0.105485 0.577773 -0.007958 -0.482740 0.198221 0.061382 -0.444121 
-0.333923 -0.124880 0.210584 0.222117 0.215581 -0.150728 -0.109524 0.114485 -0.674554 0.205940 -0.184784 -0.378686 -0.942657 0.279479 0.117237 -0.523243 
-0.024826 -0.395195 0.169722 0.549013 -0.238795 -0.018073 -0.206022 0.022362 -0.107370 0.044095 0.139944 0.117815 0.001162 -0.042617 -0.076823 -0.298806 
0.043454 0.143421 -0.019945 0.066902 -0.400552 -0.174573 0.244697 -0.192076 -0.407943 -0.295462 -0.164549 -0.011654 -0.063229 -0.161449 0.502777 0.361212 
-0.040623 -0.171042 0.048800 -0.282277 0.249458 -0.186800 -0.790703 0.073739 0.063603 0.107673 0.162787 0.176786 0.347986 -0.595676 -0.750198 -0.317554 
0.009943 0.042532 0.021266 0.166929 0.196791 0.147173 0.091526 0.052238 0.027133 0.009987 -1.158094 0.013938 0.028417 0.137313 -0.149857 0.068544 
0.014347 -0.145773 0.060574 -0.725027 -1.217159 0.281998 0.220137 -0.029145 0.191315 0.028368 0.212054 -0.061860 0.127342 0.016239 0.383509 -0.328348 
-0.383057 -0.216820 0.166357 0.316221 0.038940 0.096060 -0.271125 0.198818 0.169452 -0.023848 -0.050616 0.067253 0.118263 -0.140624 0.074131 -0.111731 
-0.095124 0.094048 -0.159446 -0.230926 0.167602 0.108413 0.150465 -0.476263 0.521489 -0.333460 -0.126630 0.148232 0.201293 0.173628 -0.372866 0.185252 
0.162964 0.160114 -0.065958 -0.846632 -0.328652 -0.170542 -0.429372 0.223443 0.162421 -0.570164 -0.296522 0.215622 0.199664 0.006724 -0.013060 0.084511 
0.128662 -0.117771 0.204228 -0.450037 -0.306773 -0.250405 0.076240 0.168794 0.138283 -0.390898 0.135779 -0.033041 -0.016226 0.232839 0.491007 -0.405988 
0.175043 0.179215 0.088257 -0.509484 -0.467284 0.167657 0.017913 0.134305 0.046657 0.121397 -0.710031 0.116727 0.198636 -0.108008 -0.831767 0.219738 
0.161684 0.142979 0.083724 0.152042 0.699946 0.048098 -0.078604 -0.013205 0.223026 0.205778 -1.820712 -0.019393 0.097975 0.179401 -0.725411 0.246386 
0.132476 0.330552 0.178714 0.176303 -0.972999 0.500725 0.392559 0.222812 -0.212742 -0.001762 0.240815 0.409471 -2.004866 0.416902 0.197425 0.570110 
