0.193428 -0.111074 0.067591 -1.112161 -0.195771 0.151598 0.077683 0.193262 -0.193400 -0.059077 -0.296806 -0.309720 0.064841 0.149645 -1.811012 -0.044367 
0.030881 0.140473 -0.141597 -0.040412 0.068142 0.004446 0.106442 -0.068645 0.227559 0.234399 0.084103 0.162578 0.437087 0.071243 0.158890 -0.817034 
0.082104 -0.066109 0.074176 -1.387994 -0.601137 -0.007397 -0.597192 0.008037 0.034878 -1.008603 -0.122340 -0.098409 0.105355 0.138020 0.432942 -0.077177 
-0.000038 -0.030126 0.106522 -0.454126 -0.623846 0.204139 0.216549 -0.367315 -1.471035 -0.251782 0.075541 -0.082999 0.206602 0.273213 -0.424985 -0.314927 
-0.043826 0.196197 0.264911 -0.854657 -0.966926 0.291462 0.312747 -0.020543 -0.835877 -0.098011 0.520201 0.277219 -1.635279 0.308101 -0.553776 -0.285207 
0.094369 0.050054 0.123456 0.044307 -0.976966 0.116204 -0.118120 0.121401 -0.535545 -0.447789 -0.292788 -1.101883 -0.957516 0.344027 -0.460470 0.035774 
-0.282495 -0.112813 0.126628 -0.204709 0.122930 -0.731195 -2.136900 0.114528 -0.036226 0.077405 -0.565269 0.203809 0.150397 0.113456 0.258990 0.002939 
-0.056124 0.070708 0.142767 0.088192 -0.403015 0.383769 0.145356 -0.100389 0.048353 0.186513 0.366921 -0.050762 -0.600864 0.202320 -0.003230 -0.779822 
-0.553146 -0.103006 0.212389 0.140938 0.371691 -0.579760 0.159866 0.271699 -0.303345 0.269797 0.269811 -0.242209 -0.076616 0.267629 0.144321 -0.339593 
-0.149208 -0.134796 -0.082965 0.459738 0.373929 -0.277676 -0.264121 -0.124826 0.372134 -0.203269 -0.244404 -0.336174 -0.229629 0.125337 -0.764521 -0.076418 
-0.011620 -0.043000 0.007429 -0.493424 0.049269 -0.018516 -0.106172 -0.252335 0.097459 0.023527 -0.433911 0.188937 0.243896 -0.333750 -1.068533 0.082309 
-0.089027 -0.421565 0.080533 -0.491185 0.302044 0.110969 -0.061643 0.056590 -1.152170 0.037921 -0.496086 0.366615 0.599997 -0.474157 0.052144 0.046155 
-0.003081 -0.076202 0.154190 -0.578337 -0.952263 0.164555 0.166089 0.232781 0.125022 0.168969 -0.016082 0.472896 -0.135990 0.179975 -0.302149 -0.544892 
0.150612 -0.370676 0.208992 0.093473 0.378990 0.010898 -0.061490 0.103347 -0.031684 -0.222849 0.475528 -1.092489 -1.448042 0.304357 0.851552 -1.662312 
0.159861 0.143003 0.094764 0.286135 -0.579084 0.077563 0.235923 0.026996 0.070233 0.074008 -0.747658 0.185389 0.166767 -0.158243 -1.378625 -0.079178 
0.206770 0.100254 0.115148 -0.471889 0.321393 0.136219 -0.119740 0.051967 0.009468 0.260653 -0.980698 0.262068 -0.049257 -0.125605 -0.953669 0.164730 
0.219414 0.013173 0.186091 -0.791916 -1.439070 0.040389 0.138658 0.180458 0.466478 0.083899 -0.171197 -0.269094 -0.143766 0.067328 -0.294586 -0.365209 
0.121677 0.194794 0.103043 0.357932 -0.665418 0.050747 0.145425 0.070248 -1.174022 0.233532 0.568408 -0.664373 -0.859622 -0.062045 0.290573 -2.731500 
0.102248 0.096520 0.015502 0.544495 -0.227945 0.114265 -0.515791 0.077528 -0.799217 -0.210359 -0.075950 0.087416 0.071188 0.504744 0.440214 -0.178999 
0.069945 0.154391 0.040846 -0.516970 0.121096 0.047710 -0.169583 -0.008529 -0.484106 0.009055 -1.572814 0.186963 0.186806 0.053064 -0.029277 0.238344 
-0.045914 -0.365597 0.118361 0.000183 -0.014887 0.355368 0.025963 -0.229412 -0.716282 0.097640 -1.274733 -0.506096 -0.172935 0.131557 -0.740535 0.177111 
-0.002255 -0.120377 -0.010683 0.237769 0.269844 0.376824 0.618908 -0.723515 0.500048 -0.052255 0.187673 -0.249537 -0.501056 0.017764 0.256460 0.229257 
-0.054721 0.017527 0.013503 0.401488 -0.016582 -0.193676 0.009033 0.096025 -0.921822 -0.193204 0.147973 -0.042154 0.210444 -0.053972 -0.123318 0.002081 
0.120577 0.051676 -0.180663 0.245228 0.127642 0.146742 0.005854 0.137740 0.211684 -0.047606 -0.574647 0.154840 0.209947 -0.502092 0.062351 0.104881 
0.118120 0.141648 -0.014672 0.146570 -0.096967 0.113472 0.336852 0.044789 -0.128999 -0.623666 -0.321331 -0.030290 -2.222309 0.120618 -0.816913 -0.038062 
0.092565 0.181792 0.113835 -1.970702 -0.053265 -1.318478 -0.878419 0.066163 -0.394194 -0.061567 0.062787 -0.144807 -0.175110 -2.405080 0.336037 0.298799 
-0.083632 -0.343984 0.119093 0.277846 0.230217 0.035374 -0.795800 0.134846 0.576733 0.381633 0.357198 -0.369731 -0.238088 -0.014370 -0.229325 -0.125401 
0.188292 0.031828 -0.067091 -0.190036 -0.244104 0.370125 -1.144466 -0.368249 -0.407219 -0.194833 -1.094911 0.364266 0.022383 0.147652 -2.047071 0.117227 
-0.108115 -0.032753 -0.110953 -0.805134 0.906832 0.313728 -1.219679 -0.286966 -1.081321 0.203866 -0.275673 0.044164 0.086444 0.009226 0.315168 0.301285 
0.038587 -0.002079 0.045114 0.110150 0.065407 0.079506 0.287855 0.114383 -0.133574 -0.043771 -0.687077 -0.049210 0.042555 -0.484932 -0.096320 -0.070822 
-0.061931 0.048557 -0.138251 -0.109467 -0.314743 -0.079099 0.295175 -0.198732 0.243863 0.014778 0.010290 0.045812 0.099191 0.113701 -0.512216 -0.003041 
-0.153601 -0.024229 0.194411 0.178338 0.392609 -0.232286 0.274751 0.192974 -0.105543 0.282750 -0.345362 -0.537877 -1.019835 0.176529 0.407516 -0.141879 
0.052297 0.011785 0.058364 0.208166 -0.008105 -0.015813 0.363386 0.011970 0.152748 0.061519 -1.536829 0.054899 0.059755 -0.118196 -0.469590 0.203022 
0.153673 0.149233 0.113818 -0.385211 0.061712 -5.013648 -2.274556 0.194184 0.164169 0.152791 0.162242 0.283161 0.252406 -1.569587 -0.642313 0.174215 
0.219184 -0.198455 0.168999 0.420910 0.049679 0.025967 -0.912714 0.157939 0.422018 0.139305 0.368930 -0.572187 0.054655 0.067248 -0.292668 -0.245425 
0.054121 0.136490 0.068719 -0.980693 -0.383760 0.163700 0.225881 -0.011573 -0.806717 -0.429680 0.405937 0.261847 -0.084952 0.028760 -1.442461 0.279190 
0.078398 -0.841076 0.157239 0.222191 -0.472848 -0.310815 0.376083 0.169152 0.201518 -0.032985 0.052823 -1.500251 -0.529430 0.252402 0.490475 -1.500506 
-0.087430 -0.080813 0.086678 -0.116150 0.207810 0.156370 -0.580581 -0.033737 0.214501 0.469841 0.379488 -0.877546 -0.269571 0.169099 -1.173731 -0.213628 
-0.158632 0.033313 -0.386680 0.600841 0.317490 -0.445899 -0.240354 -0.243599 0.297460 0.474429 0.224661 -0.124049 -0.257751 -0.550247 -0.482317 -0.771322 
-0.220093 0.344764 0.159555 0.213110 -0.132182 0.037732 -0.577908 0.116604 -1.635633 0.112506 -0.723950 -0.074366 -0.017530 0.206841 0.440579 -0.219136 
0.093942 0.086651 -0.353488 0.137298 0.316199 0.001289 0.004071 -0.462938 -0.169387 -0.493233 -0.240956 0.354122 0.511550 -0.016265 -0.481189 0.047199 
0.045561 -0.039998 0.144524 0.592253 1.006409 0.106829 -0.292473 0.107481 0.546434 0.299453 -0.917981 -0.261019 -0.163600 -0.517261 -0.068899 0.218743 
0.007539 -0.001018 0.034921 -0.094735 -0.021310 0.041767 -0.708848 0.067501 -0.054329 0.077055 -0.542221 0.093593 0.071262 -0.623716 0.689365 -0.540811 
0.158127 -0.396507 0.066530 0.496597 0.276265 0.130046 0.167547 0.087282 -0.416221 0.033290 -0.241812 -1.092717 -0.170127 -0.004151 -0.145363 -0.712174 
0.137422 -0.280236 0.103985 -1.199775 -0.784555 0.301713 0.196303 0.017776 -0.043272 0.076350 0.491017 -0.006391 0.208721 0.137367 0.687488 -0.511087 
-0.004636 -0.013623 0.017838 -0.404308 0.082611 -0.049251 -0.068740 -0.000949 -0.018226 -0.043257 -0.088607 0.013931 0.007888 0.108106 -0.762852 -0.094513 
0.212249 -0.013483 -0.077162 0.379453 0.358063 -0.073028 -0.069722 -0.160130 -1.084060 0.357779 -0.656227 -0.350119 -0.780901 0.327698 -0.631787 0.305812 
-0.209152 0.171389 0.194866 0.746179 -0.325738 0.437099 -0.101940 0.210128 -0.160530 -0.270645 -0.679351 0.167899 -0.135943 0.199620 -0.460634 0.298325 
0.295241 0.265292 -0.224747 -0.802368 -0.354741 -0.600025 -0.801074 0.197861 0.079871 -0.140836 -0.676591 0.215690 0.182115 -0.307318 0.254666 0.349398 
-0.014153 0.078130 -0.066273 -0.469400 0.021455 0.060358 0.158052 -0.048889 -0.064398 -0.015053 -1.222964 0.016098 0.039112 -0.429458 -0.891190 -0.165076 
0.150534 -0.237360 -0.132797 -0.240830 0.113738 -0.374332 0.015568 0.246721 0.158322 -0.187118 0.359732 0.186234 -0.086424 -0.121158 0.090190 -0.511790 
-0.109052 0.150132 -0.151762 -0.275977 -0.294311 0.200937 -0.435118 -0.441651 0.570884 -0.015837 -0.191785 -0.325184 0.307189 -0.202987 -0.370430 -0.068853 
0.029615 -0.279971 0.216260 0.290019 0.378846 -0.784585 -0.306038 0.183046 -1.386247 -0.346987 0.409339 -0.131267 -0.313096 0.033774 0.283974 -0.227110 
0.068733 0.018743 0.077555 -0.158184 0.500522 -0.135070 -0.876234 0.087845 -0.514548 -0.142378 0.508706 -0.056889 -0.232365 -0.993823 -1.132813 0.087402 
0.252251 0.194945 -0.301551 -0.304245 -0.137025 0.354798 0.170947 -0.198163 -0.183907 0.123003 0.433104 0.331335 0.160485 0.154524 -0.092595 0.153757 
0.145558 0.301012 -0.153204 -0.189023 -0.530700 0.049881 0.147302 -0.325136 -0.274467 0.262039 -0.037025 0.308876 0.402223 -0.027331 -0.783714 -0.019359 
0.099713 -0.016479 -0.434716 0.235416 -0.103319 0.016413 0.492602 0.121146 -0.034150 -0.669392 -0.525429 0.181583 0.169779 -0.000919 -1.088677 0.331654 
-0.641663 0.158300 0.073265 0.272157 0.172004 -0.165453 -0.196849 -0.408014 -1.056947 -0.488449 0.252036 -0.844337 0.260168 0.073485 -0.099065 -0.695111 
-0.124030 -0.463208 0.032815 0.540637 -0.120677 -0.230575 -0.150542 -0.031112 -0.149547 -0.271030 0.000513 -0.112800 -0.372224 0.157012 -0.240290 -0.329914 
0.028824 -0.005880 -0.276667 0.493426 -0.457743 0.127014 0.315907 0.019924 -0.227975 0.083370 -0.921858 0.083728 0.113711 -0.545844 -0.265611 -0.151851 
-0.181283 0.255077 -0.085328 -0.406591 0.594558 0.031344 0.217401 -0.195958 0.560773 -0.154249 -0.023598 -0.137585 -0.061033 0.050223 0.784748 0.452136 
0.066421 0.078267 -0.135338 -0.124613 -0.097719 0.259165 0.463888 0.224085 0.020958 0.212151 0.380811 0.396871 -0.197536 0.466571 0.324482 0.104985 
