0.179101 0.129072 0.008814 -0.553358 -0.397313 0.271733 0.338208 -0.013984 0.070875 0.055847 -0.061109 0.078210 0.137308 0.051049 0.188707 0.205791 
0.015984 -0.101362 0.194856 -0.800275 0.275529 -0.167026 0.219262 0.123652 0.393595 -0.019453 0.116489 -0.112443 0.065647 0.148725 -0.368985 -0.021584 
0.115894 -0.033929 0.118726 -0.136200 0.139318 -1.615833 -1.188008 0.146801 -0.145026 -0.096463 0.133497 0.286344 0.387185 -1.460910 0.285399 0.011900 
-0.042961 -0.128469 0.053935 0.279738 0.283565 0.065821 -0.632206 0.003020 -0.687245 -0.100256 0.300519 -0.065858 -0.010308 0.082998 -0.252462 -0.050715 
0.067666 0.108851 0.028976 -0.000201 -1.754934 0.054125 0.221749 0.014416 -0.714962 -0.538365 0.048192 -0.306461 -0.898420 0.028859 0.039222 -1.310121 
0.154616 0.017519 -0.155053 0.071711 0.346844 0.164677 -0.009977 -0.286394 -0.683298 0.665370 -0.076187 0.069293 -0.694305 0.266173 -0.899749 0.112935 
0.151477 -0.187665 0.080871 0.282689 -0.439096 -0.409780 -0.054325 0.113192 -0.030324 0.054978 0.324427 -0.026033 -0.262573 0.017847 -1.067304 -0.566289 
-0.052124 -0.050557 -0.075193 0.301516 0.594039 0.058664 0.034064 0.147174 0.216817 0.003787 -0.155414 -0.062705 -1.397978 -0.082024 0.588883 0.275266 
-0.115891 -0.131194 -0.018930 0.135631 0.420056 0.261688 0.218951 -0.617739 0.526897 0.139279 -0.250212 -0.551010 -0.409628 -0.027749 -0.036914 0.169364 
0.165821 -0.330361 0.178837 0.151050 0.017870 0.289066 -0.009924 0.158108 0.475025 -0.841141 0.437547 -0.267916 -0.189714 0.372912 0.139099 0.016670 
0.105269 0.229977 0.163765 -0.379473 -0.297679 -0.025515 0.180115 0.133156 -0.220269 -0.067060 -1.125974 0.147995 0.059004 -0.514810 -1.096705 0.290460 
0.060152 0.140764 -0.142624 -0.642505 -0.044694 -0.424679 -0.339018 -0.086838 -0.254624 -0.045221 0.221743 -0.121568 -0.035646 -0.644077 -0.136607 0.048500 
0.152822 0.265396 -0.216208 -0.357308 -0.534135 0.238898 -0.266103 -0.224865 0.212216 0.111094 -0.256796 0.325663 0.376096 0.011214 -1.191582 0.158796 
-0.156885 0.228435 0.146973 -0.104861 0.032678 -0.001370 -1.379648 0.079989 -1.522819 0.210517 -1.387850 0.202391 0.228409 0.224765 0.317845 0.078631 
0.173395 0.167183 0.001615 -1.167682 0.327950 0.017634 0.461002 -0.371841 -0.312864 -0.036581 0.243200 -0.006345 0.106482 -0.018967 0.714729 0.367112 
-0.153960 0.067105 0.042653 -0.093053 0.409116 -0.479344 -0.469827 -0.001537 0.537874 0.525860 -0.033629 -0.535846 0.077363 0.255675 0.649086 -0.353464 
-0.013482 0.075307 -0.418075 -0.071669 -0.016562 0.068810 0.322761 -0.144101 0.227067 0.182324 0.290008 0.248609 0.056249 -0.180954 -0.006394 -0.788492 
0.038412 0.059862 0.006320 0.231650 0.029270 -1.044357 -2.111136 0.080016 -0.045702 0.299327 -0.188538 -0.057304 -0.441095 0.009511 -0.048226 -0.134847 
0.077732 -0.026537 0.089073 0.073053 0.184388 0.099103 0.000209 -0.026445 0.126676 0.128771 -1.051065 0.181878 0.112370 -0.156722 -0.848459 -0.016122 
0.066188 0.113851 -0.469215 -0.226505 -0.055940 0.092443 -0.252840 0.156709 0.024964 -0.115175 -1.300401 0.365593 0.147768 -1.201672 -1.228452 0.106908 
0.111510 0.105070 0.157359 -1.419933 -1.182234 0.198398 0.384699 -0.003205 -1.106309 0.060030 0.212908 -0.035493 -0.385687 0.247218 -0.729674 -0.418818 
0.340640 0.286696 0.105694 -0.418567 -0.153322 -0.572750 -0.129824 0.103649 0.066846 -0.312030 -0.026779 -0.124362 -1.138574 -0.055066 0.520741 0.227726 
-0.054203 -0.068235 -0.140670 -0.025290 -0.011494 0.228364 -0.441074 -0.212725 -0.161279 -0.577475 -1.086321 0.020707 0.046447 0.338254 -0.918553 0.050590 
0.068630 0.118952 0.103060 -0.664146 0.200681 -0.061012 -0.426859 0.124177 -0.088995 0.006550 0.053437 -0.468082 -0.516095 -0.757319 0.470094 0.218183 
-0.031650 -0.525393 -0.063752 0.224850 -0.651187 0.115300 0.322738 -0.034876 -0.276492 -0.175848 -0.106292 0.013467 -0.154413 0.555700 0.138024 -0.574249 
0.055208 -0.201319 -0.004786 0.376514 -0.177546 -0.023767 -0.088747 -0.065572 0.231119 0.060987 -0.443528 0.003955 0.024045 0.037153 -0.567486 -0.369178 
-0.140982 0.078097 0.177696 0.516663 0.324440 -0.458127 -0.171235 0.130883 -0.563566 -0.561863 0.088570 -0.132148 0.112040 0.199405 -0.983102 0.191519 
-0.065699 -0.057581 -0.012729 0.093725 -0.022660 0.018630 -0.031486 -0.023144 0.061696 -0.010978 -0.419240 -0.091248 -0.086608 -0.245194 -0.743590 0.004533 
-0.050175 -0.293810 0.045739 0.383753 0.240899 -0.048449 -0.076320 0.047917 0.124890 0.030352 0.518013 -1.447839 -0.456445 -0.035687 0.169561 -0.106711 
0.017332 -0.006498 0.224057 0.111709 0.012378 0.303974 0.306142 0.054850 0.283653 0.089721 -0.528045 0.058545 0.032201 -0.129709 -0.435462 0.163829 
-0.430739 0.158283 0.125488 -0.106117 0.011827 0.153391 -0.179098 -0.300704 -0.502486 -0.460783 0.316546 -1.954666 0.359236 0.096925 0.228791 -0.915624 
0.084709 -0.332286 0.146569 -0.198054 0.007154 -0.006580 0.039076 0.170146 0.101279 0.139440 -0.610281 -0.132320 0.199749 -0.126648 0.560131 -0.100214 
-0.140132 0.082524 -0.149547 -0.179336 0.276072 -0.283848 -0.752563 -0.080223 -0.194339 0.081270 0.239004 -0.120077 0.078672 -0.148869 -0.310035 0.064656 
0.225366 0.141987 -0.079725 0.610151 -0.122630 0.017565 0.483670 0.217301 -0.199843 0.165821 -0.265904 0.176583 0.238568 -0.398854 -0.733993 -0.129305 
0.227876 0.152783 0.194416 -0.462523 -0.897840 -0.569577 -0.171206 0.207629 0.036898 -0.307499 -0.189466 0.050005 0.228239 0.222282 0.227000 0.229077 
0.047162 0.013505 0.002388 -0.784241 -0.655566 0.149542 -0.177560 -0.164462 0.185216 -0.096832 0.368388 -0.548970 0.240541 0.035724 0.034507 -1.023218 
0.226512 -0.498673 0.117914 0.431185 -0.186305 0.068625 0.268312 0.026106 -0.427692 0.120221 -1.047997 -0.365765 0.158236 0.090246 -0.438000 -0.321132 
0.223984 -0.344079 -0.257650 -0.086330 -0.000392 0.042687 0.367891 0.328831 0.079436 -0.359837 0.316587 0.023283 -0.017789 0.103904 -0.072418 -0.756491 
-0.054985 -0.125491 0.097705 -0.295936 0.434676 -0.279663 -0.081902 0.009931 0.149924 0.220215 -0.664546 -0.774993 -0.476780 0.085599 0.376761 -0.007854 
-0.207814 -0.047062 -0.136789 -0.023949 -0.224182 0.136142 0.082106 -0.359926 0.224804 -0.093344 0.018616 0.289753 0.302841 0.240141 -0.129000 -0.154736 
0.320428 -0.239268 0.199920 0.030057 0.221291 0.277812 0.233356 -0.074453 -0.818619 -0.317848 0.073560 -1.630076 -0.944551 0.374901 0.532908 -1.408125 
0.077796 0.251694 -0.087939 0.344806 -0.416445 0.225027 0.324505 -0.188550 -1.231468 -0.059443 -0.373924 -0.457406 -0.276107 -0.014701 -0.597128 0.550599 
-0.012868 0.012361 -0.293538 -0.354498 -0.034366 -0.310665 -0.409160 -0.152355 0.251260 -0.522056 0.128882 0.073900 -0.035447 -0.529664 -0.315114 -0.030514 
-0.008936 0.018129 -0.101529 0.297201 -0.228944 0.184571 0.288453 0.091063 -1.207012 -0.222728 -0.285425 0.024504 0.131241 -0.215691 -1.149219 -0.142659 
0.029352 -0.393939 0.085984 -0.826641 0.956904 0.181632 -0.245429 0.061872 0.128510 0.343015 -0.582491 -0.225353 -0.191091 -0.140935 -0.766075 -0.533099 
-0.384934 -0.093122 0.177241 0.461902 -0.059835 -0.002233 -0.165428 0.169893 -0.196119 0.252225 0.183995 0.016797 -0.753893 0.086090 -0.130804 -1.025850 
-0.036684 -0.144937 0.132050 -0.311818 -0.071361 0.384098 -0.008900 -0.019288 -0.182726 0.208550 -0.102390 -0.131514 -0.347957 0.042204 -0.897551 -0.292564 
-0.470986 -0.121670 0.118900 0.421694 0.310344 0.062398 0.117414 0.009026 -0.902630 0.075852 -0.586951 0.049517 0.318227 0.148618 -0.195744 -0.249236 
0.050199 -0.079572 0.069169 -0.339534 -0.586843 0.094128 0.179603 0.144348 0.022389 0.122591 -0.634015 0.066136 0.151260 0.025945 -1.467270 -0.243616 
0.055254 -0.140376 0.110454 -0.818753 -0.952664 0.311427 -0.394935 -0.078654 -0.028635 0.144371 -0.101582 -0.574011 0.016681 0.233323 0.653687 -0.837837 
-0.011224 -0.113513 0.118218 -0.391190 -0.146568 0.080862 -0.183044 0.146438 -0.047321 -0.005527 -0.426136 -0.048438 0.031589 -0.145726 0.296245 0.117394 
0.209812 0.139326 -0.113365 -0.687036 -0.178337 0.054381 0.098294 -0.139421 -0.402685 0.027364 -0.303251 0.261906 0.398506 0.073549 0.035707 0.100815 
0.194513 -0.178519 0.101695 -0.385627 -0.753372 0.244231 0.252168 0.183239 0.559654 0.112561 0.191141 0.142697 0.104906 0.069834 -1.296257 0.177389 
-0.013829 0.036661 0.074517 -0.156919 -0.030575 0.016037 0.130084 -0.107971 -0.488812 0.072895 -0.159258 0.083079 0.135340 0.168552 0.503977 -0.002249 
-0.507620 0.038700 -0.231318 0.538842 0.272881 -0.236289 -0.140772 -0.887187 -0.060294 0.233378 -0.242994 -0.068741 0.274367 -0.276371 -0.292991 -0.559040 
0.046460 0.101704 0.275147 -0.435944 -0.820169 0.194553 -0.186147 0.305186 -0.505952 0.074049 0.120994 -0.052761 -1.030741 0.158644 0.075449 -0.014440 
-0.037379 0.116469 0.036984 0.287380 0.008341 0.088805 0.010988 -0.084376 -0.856803 0.153687 0.421454 0.017399 0.088565 -0.393725 0.179617 0.033530 
-0.074389 0.305503 0.167002 0.112772 -0.514545 0.286229 -0.005722 0.136939 -0.081921 -0.159657 0.248278 0.490470 -1.711786 0.181489 0.206307 0.276213 
0.051362 -0.852391 0.175239 0.189943 0.009364 -0.458932 -0.007388 0.157810 -0.560168 -0.194340 0.239883 -1.758543 -0.694034 0.025269 0.346473 -1.172693 
-0.022713 -0.017559 -0.035465 -0.152891 -0.024025 0.006057 -0.068218 0.047182 0.171686 0.033014 -1.100899 0.017187 0.004218 -0.070007 -1.250691 -0.139286 
0.142395 -0.001609 0.046546 0.407441 0.243328 0.020249 -0.386654 0.126659 0.254898 -0.258690 -0.109535 0.225986 -0.011473 -0.070652 -1.376537 -0.571759 
-0.176496 -0.182530 -0.046590 -0.477889 0.183759 0.358970 0.054390 -0.322816 -1.829593 -0.036705 -0.590020 -0.061791 0.040233 -0.002212 -0.184554 -0.233119 
-0.209033 0.336546 0.156607 -0.723879 0.671076 0.279738 0.303651 0.053147 -2.013448 -0.676599 0.703248 0.356591 -0.300032 0.208812 -0.415447 0.162312 
0.073009 0.105166 0.067493 -0.368975 0.094441 -4.233794 -1.796876 0.111184 0.121049 0.076515 0.055355 0.199079 0.169487 -1.382416 -0.516709 0.128816 
