0.111518 0.427849 0.167208 -0.220140 -0.104507 0.480392 0.241983 -0.078155 -1.088016 -0.424844 -0.903501 0.060131 -0.126603 -0.028800 -0.852384 0.058889 
0.139832 -0.036985 -0.088300 0.093622 -0.347610 -0.838709 -0.012007 0.135297 -0.597373 -0.026873 -0.560927 0.283584 0.294167 -0.682131 -0.510309 -0.084424 
0.033479 0.063658 0.003855 -0.784027 -0.781753 0.139545 0.208206 -0.142837 -1.942142 -0.102995 0.202636 -0.073559 -1.095414 0.114828 -0.244462 -1.208020 
0.096826 0.044513 -0.259064 -0.949437 -0.073450 0.009490 0.023856 -0.186651 -0.900851 -0.033914 -0.157925 -0.034414 0.132752 0.131841 0.400392 0.165805 
0.001488 -0.144194 -0.025661 0.895161 0.267964 -0.052239 -0.634360 0.126597 -0.483092 0.066245 -0.092987 0.354659 0.529001 -0.247339 -0.488216 -0.150830 
0.183487 -0.097885 0.165757 -0.101983 0.121706 -0.044450 0.169956 0.105761 0.362141 -0.075851 0.085172 -0.490224 -1.069975 0.059389 0.097820 0.187892 
0.231874 0.244351 0.076635 -1.003303 -1.494768 0.122890 -0.228713 0.113524 0.284059 0.011450 -0.013393 -0.061773 0.096335 0.061849 0.001150 0.089967 
-0.233683 -0.137943 0.137180 0.202467 0.001125 0.139388 -0.577412 -0.025129 0.261910 0.252225 -0.016834 -0.660322 -1.188409 0.204326 -0.608741 -0.577393 
0.033854 0.151667 0.032725 -0.344538 -0.099323 0.164549 0.423489 0.111620 -0.391254 -0.398739 0.172902 0.235064 -1.767182 0.127218 0.324710 0.271578 
0.059012 -0.373435 -0.009692 0.255288 0.240642 0.114082 -0.550742 -0.545707 -0.712838 -0.241628 0.141818 -0.027101 -0.553617 0.155675 -0.145658 -0.862808 
0.024540 0.119125 -0.021952 0.088577 0.086450 -0.218159 -0.318823 0.016381 0.217334 0.030390 0.111622 0.160985 0.352372 -0.847929 -0.830371 -0.163035 
0.144391 -0.016280 0.040284 -0.029755 0.029297 0.458311 0.211405 -0.089563 -0.168456 -0.116039 -0.725847 0.145484 0.130954 -0.343030 -0.755702 0.123085 
0.102436 -0.131518 0.207961 -0.776268 -0.120005 0.024899 -0.043012 0.164945 0.423643 -0.492745 0.312883 -0.139177 0.103292 0.259618 0.443807 -0.593845 
-0.029410 0.021231 0.059259 -0.714475 -1.191567 0.205387 0.059356 0.131108 -0.810799 -0.042244 0.130786 -0.015272 -0.596544 0.231458 -0.614270 -0.167963 
-0.137695 -0.117357 -0.161528 0.341962 0.576472 -0.083190 -0.264907 -0.123467 0.290824 -0.035361 -0.012867 -0.618571 -0.300765 -0.124306 0.404479 -0.062745 
0.094769 -0.267120 0.141587 0.215504 0.122780 0.139812 0.198987 -0.152538 -0.782467 -0.149735 -1.019411 0.077548 0.161553 0.014197 -0.492492 0.151704 
0.003607 -0.438298 0.154764 -0.207680 1.123966 0.257208 -0.538927 -0.065115 -0.770088 0.098242 -0.484313 -0.744626 0.291810 0.280767 0.253305 -0.782191 
-0.286054 0.093334 -0.039461 -0.258411 -0.596107 0.034789 0.005798 -0.192878 -0.235821 0.048379 0.073689 0.189363 -0.023883 0.009987 -0.721239 -0.194470 
0.142876 0.171867 -0.362361 0.166181 -0.109955 -0.517032 -0.286500 0.075842 0.247916 0.157647 0.069237 0.393546 -0.149564 -0.590784 -0.414392 -0.251198 
0.170745 0.103591 0.033330 -0.000349 -1.311783 0.004005 0.009789 0.120863 -0.833677 -0.544332 0.054235 -0.436034 -0.392705 0.261906 0.003567 0.244087 
-0.101847 -0.102180 -0.053763 -0.295663 0.589421 -0.028232 -0.082604 -0.082524 -0.060672 0.251888 -1.017887 -0.620417 -0.970967 -0.276551 -0.139652 0.069318 
0.055243 0.018201 0.086301 0.177462 -0.013886 0.033895 0.137188 0.200312 0.415467 0.012593 -0.117006 0.058980 0.089688 0.053185 -1.292771 -0.020170 
-0.081793 -0.052494 -0.041499 0.305573 -0.252580 -0.248117 -0.819139 0.031498 -0.132837 -0.019875 -0.796134 0.214532 0.068505 0.034264 -0.722114 -0.145522 
0.016480 -0.039771 0.072865 0.396905 -1.303021 0.225580 0.272732 0.062773 -0.057604 -0.436691 0.015122 0.074691 0.016523 0.122479 0.521659 -0.273106 
0.213640 -0.284799 0.156519 0.162718 -0.355773 -0.336250 0.017448 0.148513 -0.808781 0.139977 0.197235 -1.121044 -0.583453 0.151664 0.077030 -0.564730 
0.028041 -0.713511 -0.006859 0.282492 -0.406732 -0.647173 0.113702 -0.013510 0.583647 -0.017737 -0.038257 -1.037850 -0.611102 0.269349 0.039891 -0.835882 
-0.271613 0.079999 0.164361 0.011614 0.052763 0.011435 -0.794723 0.198442 -1.184514 0.264778 -0.291257 0.278538 0.375405 0.091208 0.313302 0.065150 
0.206952 0.095493 0.009351 0.045070 -0.401344 0.074472 -0.171530 -0.172611 0.041494 -1.206372 -0.265365 0.106613 0.345657 0.125610 -0.398065 0.154491 
0.031042 0.161100 0.059700 -1.071040 0.487633 -0.165924 0.120004 -0.335120 -0.508166 -0.061009 -0.250521 0.099347 0.157029 0.018091 0.147197 0.360184 
0.069386 -0.084888 0.140265 -1.039504 -0.701541 0.359716 -0.315570 0.004658 0.079086 0.218682 0.140127 -0.530587 0.123971 0.159501 0.208736 -0.426672 
-0.198462 0.026575 -0.239550 0.780517 0.551097 -0.429667 -0.494422 -0.257847 0.117508 0.671546 -0.041696 -0.303777 0.231127 -0.264969 0.266899 -0.411135 
-0.003477 -0.020930 -0.032381 0.087369 0.079630 0.018773 -0.262178 -0.034109 -0.210768 0.005618 -0.073312 -0.006893 -0.019274 -0.300981 -0.899131 0.111753 
0.034460 -0.102213 -0.181899 -0.228917 0.194118 0.497724 0.455103 -0.240370 0.229492 -0.073986 0.328454 0.139900 0.141421 0.169574 0.235462 0.006421 
0.074018 0.098423 0.068357 -0.544265 0.040313 -4.477285 -1.959721 0.113724 0.118797 0.038071 0.071226 0.157726 0.143070 -1.716091 -0.292250 0.122605 
0.037719 0.133593 -0.431288 0.050686 -0.004623 -0.291498 -0.459430 0.086311 0.242787 -0.419682 -0.142595 -0.058160 0.079795 -0.924785 -2.021031 0.192535 
0.228246 -0.019141 0.023587 -0.408446 -0.078008 -0.239650 0.179447 0.397908 0.192553 -0.176563 0.183699 0.176602 0.089652 0.010663 0.029028 0.140003 
-0.385021 0.215065 0.119969 0.527515 -0.016157 -0.425838 0.346785 0.105156 0.000238 -0.101017 0.243402 -0.397971 0.156832 0.017092 -0.590007 -0.198369 
0.162596 0.124018 0.029270 -0.022683 0.091519 0.180299 0.019868 0.070688 0.277451 0.191837 -1.947484 0.256543 0.275472 -0.083471 -1.194965 -0.100040 
-0.462942 0.183834 0.131339 0.062026 0.166637 0.189989 -0.594810 -0.400208 -0.860273 -0.132815 0.192268 -0.868365 0.465145 0.166118 0.291785 -0.731541 
-0.105141 0.069400 0.160030 0.321077 0.417185 0.293981 0.081309 0.195745 0.510644 0.195084 -0.711871 -0.105753 -0.053311 -0.023458 0.379759 0.289653 
-0.173330 -0.108699 0.019030 -0.376646 -0.134913 -0.132701 0.303138 -0.011096 -0.166508 0.117706 -0.116890 -0.010800 0.077504 -0.422607 0.216585 -0.017091 
-0.170028 0.173790 -0.198289 0.072538 0.047635 0.200943 0.263422 -0.716008 0.480606 -0.014835 0.075422 0.095937 0.123575 0.356598 0.126128 0.056800 
-0.144280 0.026782 0.139567 -0.241499 -0.163428 -0.749068 -1.478460 0.112191 -0.454048 0.061707 -0.345193 -0.082506 -0.108757 -0.002312 0.341042 0.024886 
0.293170 0.260237 0.061578 0.280852 0.070333 -0.016991 -0.196110 0.064570 0.145122 -0.374592 -1.798984 0.078117 -0.015133 0.378479 -0.495189 -0.204082 
0.150718 0.029247 0.173707 -0.757977 -0.288574 0.232574 -0.232733 -0.007372 0.086670 0.126798 -0.025813 -0.099244 0.214701 0.197438 -1.021261 -0.264968 
0.156624 -0.085831 0.083043 0.159602 -0.267959 0.083650 0.309999 0.002043 -0.155114 0.082879 -0.750721 0.003290 0.072855 -0.193385 -1.443654 -0.365468 
0.028024 0.450218 0.255696 -0.397548 -0.221643 0.322236 0.380743 0.254436 -0.862283 -0.663799 0.555693 0.427165 -0.845331 0.086578 0.104328 -0.398502 
0.171954 -0.128948 0.106297 -0.498776 -0.020080 0.082825 -0.039765 0.193154 0.249914 0.168823 -0.003549 0.140090 0.224348 0.026875 0.446656 -0.472506 
0.058400 -0.015587 0.028182 0.203053 0.694953 0.103531 0.109483 -0.152273 -0.523326 0.707781 0.227372 -0.073425 -0.570429 0.012707 0.323134 -0.073026 
0.063786 -0.205871 -0.202409 -0.249189 -0.237940 0.064042 -0.061899 -0.102368 0.249532 -0.057095 -0.229539 0.123693 -0.025316 0.342155 -0.708627 -0.211528 
-0.120973 -0.116730 0.192061 -0.112635 0.655975 0.161972 -0.381560 0.189998 -0.763159 -0.059941 -0.703168 0.054240 0.077682 -0.434848 -1.262405 -0.102693 
0.128028 0.219708 0.081408 0.006151 -0.125693 0.088577 -0.158192 -0.022458 0.143745 0.142244 -0.820796 0.222354 0.199296 -0.586314 -0.326946 0.278921 
0.171238 -0.250778 0.049314 0.082446 -0.279767 0.145076 0.219921 0.106618 0.261152 0.107056 0.502578 -0.163137 -0.149642 -0.204221 -0.054897 -0.326682 
-0.002174 0.248713 -0.084374 0.497989 -0.078888 0.061548 0.097952 -0.064351 -0.617361 0.194306 0.290575 -0.916398 -1.122199 -0.064229 -0.382974 -0.822435 
0.119990 0.232107 -0.371495 -0.358738 -0.370295 0.104745 0.158024 -0.428412 -0.057345 0.344667 0.242742 0.252547 0.132896 -0.227089 -0.154204 -0.071760 
0.086423 -0.740783 0.121819 0.396622 0.478123 -0.259002 0.008149 0.116036 -0.276415 -0.426934 0.356000 -1.155366 -0.665007 0.131407 0.213775 -0.495214 
-0.215155 -0.129081 0.205347 0.146097 -0.173472 -0.060806 -0.166643 0.236717 -0.493950 0.078312 -0.148082 0.284624 -0.858509 0.156023 0.450423 -0.280648 
0.079108 -0.287222 0.054589 -0.063567 -1.062786 0.053898 0.140942 0.013317 0.149564 0.102290 -0.493607 -0.345530 -0.069452 0.069096 -0.334939 -0.749738 
0.061475 -0.602731 0.013016 0.384254 0.176427 0.099568 0.258077 0.014819 -0.339792 -0.207275 0.371903 -0.352737 -0.500053 0.187321 -0.202436 -0.755198 
0.015675 -0.648959 0.128872 0.280122 0.369026 0.192468 -0.430748 -0.307443 -0.786686 0.158917 -0.145715 -0.224899 -0.316425 0.198776 0.257252 -0.096740 
0.024919 0.001415 -0.072425 -0.264203 -0.397756 0.031315 0.304474 -0.038723 -0.477659 -0.106237 -0.566930 -0.033060 0.000069 0.157685 -1.275626 0.022296 
0.189809 -0.080730 0.145652 -0.545961 -0.198047 0.132167 0.366895 0.223204 0.152586 -0.248772 -0.148234 -0.611950 -0.621464 -0.111693 0.388397 -0.642176 
-0.232617 0.012774 0.146184 -0.338928 0.055213 0.205925 0.244943 -0.043395 -0.225621 0.063083 0.235758 0.347889 0.280392 0.514440 0.372128 -0.257068 
0.095220 0.032680 0.022225 -0.455877 0.242870 0.238193 -0.109820 0.007275 0.295297 0.168634 -2.310417 0.236498 0.077214 -0.044166 -0.357034 0.059639 
-0.085828 0.482938 0.153523 -0.080149 0.306126 -0.008749 -0.056629 0.131232 -0.400786 -0.163974 -0.913469 -0.845318 -0.245187 0.200178 0.464793 0.197651 
-0.056985 -0.097389 -0.093268 0.197139 0.109431 -0.016941 -0.153101 -0.022541 0.120172 -0.422064 0.131058 0.121225 0.091827 0.086979 0.056344 -0.077541 
