-0.216199 0.093025 0.198500 0.075588 0.332262 0.204221 0.399681 -0.220972 -1.661418 -0.167326 0.295286 0.261827 -1.211737 0.289562 0.168468 -0.723939 
0.028805 0.022701 0.069343 -0.183475 -0.022352 -3.588736 -1.578728 0.114951 0.180690 0.103420 -0.159401 0.168620 0.208794 -0.497774 -0.368573 0.009288 
-0.147330 0.189351 -0.139435 -0.472819 0.670108 0.167860 0.203442 -0.220884 0.574781 -0.127131 -0.831661 -0.194424 -0.184587 -0.364839 0.374820 0.573444 
-0.185991 -0.301564 0.245655 -0.000493 -0.667514 -0.059199 -0.463213 0.226565 0.387491 0.038545 0.181893 0.341485 -0.240947 0.290663 0.098160 -0.192138 
-0.234442 -0.216653 0.011629 0.119957 0.521499 -0.405287 -0.122350 0.038403 0.096671 0.123600 0.007868 -0.513875 -1.179344 -0.078343 0.575303 -0.078917 
-0.645880 0.122665 0.184960 0.197898 0.000843 0.214643 -0.555967 -0.027685 -0.251241 0.174919 0.091538 -0.200857 -0.041986 0.148106 -0.131328 -0.794492 
0.134146 0.001912 0.093779 -1.290107 -1.534389 0.212825 -0.304325 0.026803 0.302269 0.122818 0.164778 -0.069336 0.007615 0.039599 -0.211319 -0.295021 
0.040995 -0.137240 -0.109714 0.208258 0.103180 0.368624 0.287214 -0.647719 0.023043 -0.174826 -0.043263 -0.015053 0.061550 0.140076 -0.194867 0.161854 
0.168505 0.144492 0.083749 -0.283561 0.485099 0.133645 -1.004006 0.092367 -0.638682 -0.263449 0.599924 0.095104 0.027158 0.128978 0.201574 0.123203 
0.245546 0.027732 0.025372 -0.154967 -0.751414 0.080848 0.358997 -0.049593 -1.316248 -0.254645 -0.031470 -0.327268 -0.039113 0.082979 0.135359 -0.873184 
0.074010 0.007306 0.014731 0.379054 -0.206316 -0.160424 -0.580313 0.128433 -0.038325 -0.130952 -1.956074 0.178892 0.221762 0.284817 -0.371070 0.055034 
0.245949 0.136086 -0.304918 -0.111692 -0.148365 0.334626 0.417906 -0.364655 0.008005 0.430781 0.095896 0.304953 -0.388492 -0.412381 -1.351399 0.090326 
0.136162 0.097757 -0.048153 -2.130477 0.090692 -0.539720 -0.584678 0.002134 0.043920 -0.237460 -0.739420 -0.438918 -0.167374 -0.113622 0.330973 0.213265 
0.061323 0.136817 0.076159 -0.232499 -0.545049 0.166519 -0.070646 0.060839 0.089027 0.099895 -1.253842 -0.056369 0.138694 -0.246243 -1.535531 0.033413 
-0.329166 0.151484 0.070386 -0.321796 -0.284056 0.112084 -0.024245 0.021798 -0.316849 0.182697 -1.079169 0.081545 0.103803 -0.087513 -0.002296 0.170419 
0.001387 -0.595466 -0.118891 0.193446 -0.396245 -0.016491 0.062118 0.005818 -0.427934 -0.293606 0.452233 -0.463056 -0.392267 0.147666 0.105067 -0.376960 
-0.140283 -0.236555 -0.293720 -0.727902 0.275843 0.042130 0.309094 0.095867 -0.325470 -0.257834 0.669227 -0.039389 -0.127721 -0.145045 0.050154 -0.019593 
0.208138 -0.144036 0.143748 0.447828 0.397010 0.202549 -0.836659 0.032499 0.151876 0.123740 -0.298213 -0.277977 0.112976 0.169886 -1.862809 0.173820 
0.117259 0.102007 0.032665 -0.130445 0.070841 -0.941386 -0.994569 0.018796 -0.141563 -0.187271 0.401283 -0.093554 -0.158745 -0.752179 0.216950 0.170179 
-0.036371 -0.095365 0.011117 0.030829 0.049478 0.188303 -0.543402 -0.073926 -0.724294 -0.131314 -0.643469 -0.090705 0.095651 0.214937 -0.534989 0.017652 
-0.034260 0.118517 0.034071 0.585432 0.300852 0.196542 0.361927 0.076992 0.374912 0.014955 -0.155089 -0.168001 0.084050 0.183249 -1.076550 0.312871 
0.036718 -0.176095 -0.009404 0.462800 0.055119 0.046095 -0.302356 -0.067779 0.148935 0.105495 -1.154407 0.175929 0.105601 -0.228971 -0.080237 -0.131900 
0.039482 -0.330185 0.142586 -0.077711 0.216657 0.266269 0.121377 0.133367 -0.272553 0.253726 -0.618856 -0.398594 -0.119521 0.020467 -1.775734 -0.247994 
0.076944 -0.487318 0.076570 -0.332096 -0.063637 0.162522 0.316701 0.099991 -0.233864 -0.000352 0.463318 -0.191684 0.135722 0.285049 0.906958 -0.795501 
0.011934 -0.043278 0.137477 0.182662 0.364820 0.224562 -0.285469 -0.120937 0.180578 0.064981 -1.182540 0.037586 -0.045773 -0.475870 -0.098946 0.113972 
0.068047 -0.040665 0.012854 -0.328665 -0.060739 0.064878 0.344253 0.028027 0.033907 0.083239 -0.215949 0.034580 0.009339 0.417560 -0.325363 -0.194212 
-0.077477 -0.475674 0.056504 0.512867 0.315898 0.139110 -0.147052 0.011296 0.536980 -0.179752 0.407548 -0.036276 -0.209328 0.040594 -0.535436 -0.145013 
0.097501 0.132133 0.090655 -0.118549 0.111211 0.102066 0.040015 0.098517 -0.103786 -0.269580 -0.740759 0.263717 0.293704 -1.165894 -0.104967 0.203777 
-0.515163 -0.153461 0.091198 -0.006819 0.495710 -0.468163 -1.047459 -0.081920 -0.057101 0.174315 -0.380599 0.155758 0.506853 0.095217 0.737540 -0.056737 
0.093910 0.125339 0.138167 -0.567053 0.163567 0.087143 -0.381075 0.036654 0.074566 0.171901 -0.559982 0.180304 0.199475 -0.653445 -1.112059 0.178735 
0.051068 0.131832 -0.301710 0.368996 -0.085979 -0.231549 -0.595555 0.077323 0.124204 0.145078 -0.085904 0.548778 -0.011402 -0.598327 -0.349769 -0.313352 
-0.001771 -0.595632 0.049536 0.203843 0.472521 -0.358785 -0.137647 0.047450 -0.119914 -0.274271 -0.096576 -0.411341 -0.723837 0.355464 0.325646 -0.473980 
0.188545 0.112440 0.073250 0.391957 -0.081226 0.248727 0.494191 0.108351 -0.617280 -0.090435 0.081995 -0.272610 -0.170138 0.034712 -0.098031 0.018762 
-0.262608 0.190762 -0.324734 0.467084 0.256502 -0.094909 0.096636 -0.268189 0.157027 0.247614 0.480506 -0.586943 0.211404 0.053306 -0.093915 -0.240894 
0.069896 -0.295427 0.122662 0.008287 0.358944 -0.206430 -0.263267 0.116612 0.049058 0.579654 0.062874 -0.854547 -1.393370 0.229768 -0.286169 -1.147252 
0.093265 -0.000961 0.083796 -0.287369 -0.054822 0.028697 0.098318 0.083549 0.270579 0.072724 -0.474336 0.154880 0.146805 -0.532561 -0.660752 -0.330039 
-0.009222 -0.008377 0.055983 0.200246 0.194358 0.094218 0.051748 -0.326119 -0.778856 0.535874 0.345436 -0.402174 -0.620654 0.055580 0.000618 -0.080184 
0.117362 -0.223211 0.036339 -0.830899 0.118398 0.196818 0.235005 -0.068521 -0.475364 0.052656 0.057555 -0.517982 -0.223834 0.106389 0.480000 -0.634164 
0.209220 -0.052012 0.122576 -0.628856 -1.079299 0.068689 0.042719 0.160149 0.213355 -1.023931 -0.027250 -0.144054 0.170533 0.271544 -0.011381 0.099844 
0.183435 -0.093841 0.125319 0.551634 -0.072014 -0.060353 0.107164 0.122091 -0.050064 0.197925 0.299890 -0.872659 -0.499071 0.028104 -0.234090 -0.857942 
-0.480868 0.219132 0.162548 0.282429 0.037908 -0.295802 -0.618147 -0.227161 -0.596752 -0.304151 0.193740 -0.924249 0.198455 0.186132 -0.094477 -0.387799 
-0.058519 -0.049319 -0.020588 0.247827 -0.102034 0.175918 -0.287977 0.007917 -0.513872 -0.193304 -0.650668 -0.093498 -0.062112 0.295091 -1.269686 0.059482 
0.183462 0.113668 0.052977 0.327044 -0.488433 0.091720 0.308715 0.241801 -0.154771 0.113292 -1.173434 0.135149 0.152148 -0.017885 -0.988778 -0.255432 
-0.094120 0.217059 -0.122567 -0.075580 -0.160326 0.119972 0.328182 -0.062506 -2.006116 -0.642795 -0.078108 -0.375277 0.614023 -0.089955 -0.371897 -0.052550 
0.116817 0.036850 0.034960 0.285458 -0.568305 0.173044 0.193819 0.013602 0.546632 -0.130510 0.084709 -0.028320 -0.768878 0.342866 -0.088963 0.123897 
0.141441 0.284230 -0.046431 -0.839510 -0.565699 0.180895 0.042737 0.059417 -0.992810 0.094503 -0.146453 0.126623 0.133753 -0.075448 -0.090192 0.260549 
0.087347 -0.017581 -0.045247 -0.102128 0.233404 0.005243 -0.339496 -0.012511 0.591069 -0.208007 0.232786 -0.079959 0.024516 -0.575153 0.521114 0.022875 
0.069372 -0.003311 0.052772 -0.610922 -0.362400 0.041428 0.103988 0.283763 0.376911 0.082376 -0.393065 -0.044337 0.107413 0.036107 0.220355 0.066341 
0.042199 0.192883 0.021558 -0.405248 -0.795870 -0.140812 0.154654 0.007307 0.107254 -0.654356 -0.590463 0.105643 0.086904 -0.105606 0.046470 -0.504576 
0.070592 0.375712 0.114208 -1.576385 -0.956007 0.366291 0.181622 0.038657 -1.351389 0.067938 0.354837 0.423178 -0.236796 0.045318 -0.427747 -0.548534 
-0.032990 -0.070603 0.091186 -0.427798 -1.230341 0.162745 0.061412 -0.142206 -0.144015 -0.027718 0.183258 0.313146 0.213303 0.144892 -0.220101 -0.470171 
0.043887 -0.152722 0.020187 -1.019688 -0.206365 0.228468 -0.583966 0.025229 -0.119398 0.218535 -0.127809 -0.765537 0.213487 0.177419 0.376623 -0.795128 
-0.118862 0.092205 0.012610 -0.352956 0.362843 -0.488554 -0.612169 0.001577 -0.840199 0.274319 -0.432376 -0.330554 -0.730014 -0.159670 0.286535 0.034608 
-0.083049 0.040043 -0.319804 -0.227580 0.107456 -0.122711 0.292252 -0.680915 0.120596 0.139279 0.446030 -0.831869 -0.100087 0.056233 0.107660 -0.240603 
0.161423 0.255419 -0.325807 0.363899 0.198033 -0.381976 -0.215324 0.002372 0.332561 0.035232 -0.206612 -0.127767 0.040680 -0.765903 -2.663522 0.046093 
-0.125057 -0.192911 -0.139570 -0.361500 0.712529 0.204100 0.069497 -0.269533 -0.021269 0.273312 0.035295 -0.349455 0.196372 -0.405283 0.717357 -0.194607 
0.110188 0.128786 0.199815 -0.859696 0.432223 0.262330 0.364806 -0.189403 -0.886913 0.082566 -0.680295 -0.026413 0.119482 -0.501049 -1.420234 0.073238 
0.103557 -0.491985 0.184965 -0.237161 -0.875322 -0.519621 0.490426 0.164016 -0.187821 0.018527 -0.068791 -1.008140 -0.068741 0.232838 0.437667 -1.100292 
0.093163 0.112029 0.043999 -0.681982 0.003166 -2.652958 -1.037508 0.108781 0.052430 0.027693 0.162156 0.170366 0.187547 -2.298717 -0.209430 0.081174 
-0.030880 -0.424593 0.231447 0.398061 0.439167 -0.064685 -0.895205 0.208131 -0.873615 -0.635613 0.332388 -0.941835 -0.723104 0.057914 0.625530 -0.499609 
0.205260 -0.114011 0.080048 0.542703 -0.084983 -0.860432 -0.104828 0.178219 -0.342406 -0.193354 -0.464777 0.465180 -0.032102 -0.171967 -2.996825 -0.362710 
0.262254 0.305059 0.260614 -1.014748 -0.057534 0.008893 0.000107 0.307520 -0.135209 -0.046661 0.427432 -0.245733 -1.250617 -0.043415 -0.800124 0.440375 
0.148768 0.125127 0.065297 -0.412405 -0.101828 0.206053 -0.075772 0.061965 0.194670 0.134673 -0.114234 0.069550 0.183145 0.074111 -0.107183 -0.118116 
0.248629 0.136283 -0.088862 0.015858 -0.279202 0.133326 -0.310086 -0.109677 0.201397 -0.792431 -0.727437 0.239466 -0.044143 0.506256 -0.578586 0.002230 
-0.011096 0.270357 -0.014788 0.210499 -0.216792 -0.044692 -0.144436 -0.352928 0.388256 0.026991 0.262449 0.179814 0.219782 -0.122098 -1.348508 0.186965 
0.030655 0.248777 0.059660 0.448269 -0.839443 0.226415 0.279461 0.091996 -0.853750 0.118069 0.183151 -0.017487 -1.806120 0.127924 0.115741 -0.869203 
-0.026634 0.094675 -0.660768 0.322608 0.090881 0.289796 0.294434 -0.441776 0.025579 -0.227380 -0.119714 0.496883 0.545950 0.365732 -0.301012 -0.097911 
-0.074834 0.228419 0.157396 0.297944 -0.616915 0.497976 -0.672015 0.160159 -0.639245 -0.461645 -0.675704 -0.214337 -0.433768 -0.226466 -0.977780 0.424901 
