0.395250 0.093824 0.090658 -0.049417 -0.264163 0.709464 
-0.041181 -0.221524 -0.069785 0.174408 -0.517346 0.692084 
0.068558 -0.137535 0.009623 -0.000835 -0.282449 0.552023 
-0.071683 -0.070228 -0.125918 0.047451 -0.168135 0.437177 
-0.144337 0.045307 0.007831 -0.076151 -0.151124 0.154734 
-0.018827 -0.025546 0.452954 -0.065334 0.196343 0.021398 
0.005331 0.119257 0.239234 0.127525 -0.084101 -0.018774 
-0.025948 -0.086086 0.186767 0.017937 -0.080456 -0.012004 
-0.061211 0.053026 -0.226884 -0.052727 -0.178381 -0.020962 
-0.140193 0.279474 -0.125234 0.090056 0.207272 -0.099812 
0.090003 0.165996 -0.221121 0.004909 -0.130057 -0.181983 
-0.023867 0.068176 -0.169552 -0.025154 -0.178514 -0.038935 
-0.049794 0.217278 -0.087646 -0.010501 -0.367803 -0.094988 
0.276298 0.070871 0.012652 -0.010387 -0.331767 -0.149087 
0.282939 0.152534 -0.210481 -0.053846 -0.427692 0.064788 
0.293835 0.218494 -0.008536 0.028318 -0.288858 -0.102117 
0.298127 0.207164 -0.171348 0.030498 -0.423344 -0.196712 
0.172869 0.109093 -0.133503 0.058792 -0.146981 0.037184 
0.121511 0.182433 -0.091829 0.243207 -0.389025 -0.032270 
-0.085287 0.305504 -0.031163 0.013526 -0.167375 -0.038289 
-0.113590 0.245423 -0.091145 -0.123359 -0.452133 0.298676 
-0.066003 0.176350 -0.094531 0.004884 -0.222329 0.214742 
0.101058 0.296680 0.261337 -0.039697 0.002669 -0.040360 
-0.104014 0.038434 0.120739 0.054123 0.096321 -0.076572 
0.009509 0.159307 -0.191480 -0.053166 0.055706 -0.426888 
-0.006911 0.064117 -0.050232 0.008750 0.135387 -0.238645 
-0.025461 -0.291059 -0.052529 0.156564 0.283580 -0.171527 
0.251627 -0.424641 -0.012199 -0.032780 0.178087 -0.243028 
0.108295 -0.537534 -0.019670 0.029224 -0.027025 -0.141923 
-0.137031 -0.292912 -0.032778 -0.038710 0.120122 -0.389075 
-0.077101 -0.127590 0.101542 -0.044944 0.100215 -0.267288 
-0.125975 -0.170046 0.183628 0.014393 0.080042 -0.368195 
0.124604 0.029156 0.103299 -0.031724 0.032416 -0.096052 
0.140472 -0.141778 0.127710 0.023902 0.108789 0.038565 
-0.021935 0.096141 0.276022 0.001114 0.183354 0.054716 
-0.117599 -0.226579 0.033815 0.066761 0.078913 -0.182320 
-0.031318 -0.134740 0.247765 -0.136392 0.243626 -0.090012 
-0.039232 -0.337230 0.101390 0.008217 0.206153 -0.076359 
-0.291382 -0.490450 0.229260 -0.195871 0.262857 -0.117007 
-0.377616 -0.654773 -0.067022 -0.086214 0.175420 -0.217994 
-0.182404 -0.709501 0.517988 0.034457 0.357450 -0.052659 
-0.074118 -0.615155 0.395967 -0.145841 0.210462 -0.028203 
0.114160 -0.295001 0.376184 -0.088560 0.427996 -0.348983 
-0.131427 -0.102804 0.456100 0.096225 0.316482 -0.435064 
0.043328 -0.120308 0.146229 -0.016810 0.233152 -0.449878 
-0.135309 -0.132358 0.065733 0.072357 0.240634 -0.629782 
-0.248189 -0.130910 -0.144494 0.141755 0.119952 -0.321661 
-0.074807 -0.020763 -0.034483 0.047191 0.116804 -0.081081 
-0.083144 -0.138005 -0.197489 -0.210359 -0.051921 0.096575 
-0.017981 -0.072683 0.021257 -0.115828 0.315483 -0.042671 
0.061519 0.157702 0.136155 -0.177394 0.414261 0.027134 
0.100928 0.147423 0.053743 -0.250883 0.638409 0.482450 
-0.109952 0.194889 0.084980 0.120708 0.740842 0.147135 
0.076842 0.146430 -0.124996 -0.155804 0.382307 0.557809 
-0.168638 -0.178959 -0.168302 0.317363 0.481352 0.399860 
-0.373476 -0.102975 -0.388465 -0.011100 0.286463 0.435065 
0.022030 -0.106359 0.050199 0.144448 0.145279 0.494342 
-0.098045 -0.035670 -0.060448 0.331651 0.098456 0.408841 
-0.207217 0.222424 0.247980 0.169916 0.148155 0.359103 
-0.027293 0.015564 0.364688 0.190465 0.059321 0.431152 
-0.093381 -0.234149 0.382686 0.066456 0.164499 0.237120 
-0.031043 -0.090783 0.423846 0.072991 0.150205 0.235295 
-0.038123 0.136745 0.539171 0.009452 0.164111 0.151673 
0.298997 -0.030839 0.482885 -0.314423 -0.092544 0.067920 
0.133097 0.246070 -0.010774 -0.319636 -0.155444 0.071824 
0.443372 0.276702 -0.140116 -0.158525 -0.189935 0.004658 
0.791332 0.224100 -0.178541 -0.213567 0.089606 0.121117 
0.670309 0.056954 -0.220231 -0.146805 -0.097823 0.162505 
0.582188 -0.149778 -0.443891 -0.291804 -0.148297 0.028928 
0.401970 -0.020792 -0.605436 -0.201340 -0.166107 -0.119118 
0.293568 0.023327 -0.450157 0.054065 -0.540859 -0.147598 
-0.142978 0.163946 -0.290471 0.294960 -0.823083 -0.014158 
-0.340247 -0.046597 0.158635 0.301800 -0.729903 0.111554 
-0.384417 -0.222882 0.598204 0.408206 -0.783870 -0.048853 
-0.115058 -0.081216 0.761236 0.273349 -0.279787 -0.064551 
-0.496243 0.021145 0.663077 0.251890 -0.000271 0.174589 
-0.357347 0.248986 0.502470 -0.001656 0.238648 0.239962 
-0.298245 0.403957 -0.086117 -0.211542 0.008021 0.084587 
-0.028766 0.479116 -0.560310 -0.300197 -0.611672 0.348295 
0.248804 0.180352 -0.469353 -0.313136 -0.776776 0.378311 
0.127347 -0.031360 -0.400981 -0.267629 -0.613750 -0.362226 
0.447627 0.462115 -0.288173 -0.121398 -0.396199 -0.527358 
0.755301 0.594783 -0.007030 -0.099952 -0.046579 -0.537110 
0.631960 0.388588 -0.285096 -0.465531 -0.151055 -0.083913 
0.724380 0.141307 -0.121412 -0.497689 -0.082317 0.032876 
0.679926 -0.145292 -0.027910 -0.399519 -0.260157 0.022007 
-0.078443 -0.004459 0.303722 0.103503 0.119981 -0.093018 
-0.903913 0.346491 0.338002 0.247655 0.280669 0.049583 
-1.213043 0.213868 -0.134330 -0.021730 0.692926 0.176346 
-1.136081 0.008308 -0.456287 0.270244 0.683810 -0.151487 
-0.376593 -0.142753 -0.587538 0.557182 0.600190 -0.032506 
-0.114838 -0.266263 -0.254952 0.859811 0.057220 0.380828 
-0.030812 -0.567203 0.525037 0.663172 -0.716661 0.453218 
0.091478 -0.435056 0.752312 0.737951 -0.509204 0.659441 
0.089355 -0.690067 0.240594 0.538435 -0.221277 0.595939 
0.194566 -0.502626 -0.048823 0.160733 0.469015 0.642775 
0.251992 -0.016874 -0.138566 0.262002 0.266470 -0.052868 
0.228306 0.620543 -0.248216 0.441434 0.455422 -0.432457 
0.065737 0.438271 -0.629910 0.354685 0.577461 -0.396544 
-0.321746 0.687230 -0.251917 0.169807 0.195274 -0.355759 
-0.473030 0.517283 0.335694 0.009048 -0.421134 -0.047655 
-0.621558 0.181138 0.315138 -0.372586 -0.357125 -0.172737 
-0.348594 0.073605 0.448755 -0.470693 -0.138609 0.207887 
-0.423865 -0.221032 0.144811 -0.311847 -0.043885 0.212195 
-0.088975 -0.044281 -0.256615 -0.478733 -0.329045 0.332395 
0.031891 -0.218303 -0.580302 -0.291330 -0.450169 0.217275 
0.421941 -0.031504 -0.845850 -0.373869 -0.103942 0.257234 
0.500144 0.284882 -0.889853 -0.414399 -0.154743 0.050765 
0.320363 0.500403 -0.945358 0.060976 0.270509 0.075624 
0.165723 0.766632 -0.862310 0.115453 0.175358 -0.236607 
0.156339 0.860069 -0.892524 0.146734 0.146986 -0.193853 
0.158974 0.370483 -0.720247 0.211206 0.218102 -0.418806 
-0.018431 0.360666 -0.619758 -0.088984 0.205194 -0.403756 
0.038576 0.362504 -0.328697 -0.018586 -0.024452 -0.139606 
0.108526 0.161390 0.050595 -0.183362 -0.037796 -0.005197 
0.014749 0.100421 -0.255024 -0.089106 -0.144727 0.040604 
-0.073475 -0.041374 -0.261286 -0.262320 -0.121083 -0.109073 
0.024863 -0.006924 -0.311853 -0.150892 -0.090198 0.098090 
0.257008 -0.007143 -0.464316 -0.073205 -0.247642 0.053604 
0.509085 -0.085747 -0.235373 -0.136921 -0.091882 0.328466 
0.367622 -0.090510 0.023831 0.012753 -0.412176 0.374504 
0.289260 -0.076249 -0.032311 0.154581 -0.370787 0.308867 
0.243525 0.069360 0.003893 0.137327 -0.389638 0.171465 
0.199928 0.084119 0.164921 -0.098006 -0.617650 0.072458 
0.074231 -0.115788 0.087933 -0.095794 -0.203897 -0.000180 
-0.250711 -0.246608 0.258053 -0.058383 -0.032877 -0.022054 
-0.099055 -0.244301 0.418746 0.045728 0.102223 -0.204581 
-0.311691 -0.208730 0.651426 0.043219 0.219535 -0.144741 
0.096324 -0.189238 0.371885 0.173693 -0.026191 -0.306527 
0.073714 -0.110213 0.618099 0.155117 0.047010 -0.156796 
0.303568 -0.002491 0.331079 0.165563 -0.147968 -0.327458 
0.218495 -0.151307 0.430403 0.157305 0.081245 -0.372135 
0.149687 0.000886 0.197727 0.059082 0.211121 -0.255748 
0.262625 -0.115802 -0.047592 0.115788 -0.041680 -0.212800 
-0.010785 -0.137965 0.010574 -0.048378 0.044409 -0.317268 
-0.140519 -0.223394 0.214604 -0.037200 0.016724 -0.520322 
-0.202350 -0.323531 0.371992 -0.222940 0.226175 -0.251531 
-0.043734 -0.180378 0.060075 -0.128792 0.188941 -0.527359 
-0.029858 -0.093099 0.144031 -0.135488 0.094305 -0.440667 
-0.193814 0.070309 0.016756 -0.013448 -0.005902 -0.442506 
0.146623 0.045340 -0.009018 -0.212932 -0.074309 -0.355533 
0.043734 -0.042408 -0.074570 0.031181 -0.072596 -0.121302 
-0.116861 0.094432 -0.022227 0.129719 -0.018359 -0.285632 
-0.163063 0.058574 0.096558 -0.062768 -0.016437 -0.189062 
0.040480 0.186594 -0.078335 -0.019411 -0.023805 -0.034511 
-0.180541 0.155948 -0.125067 0.088080 -0.095170 -0.207464 
-0.051352 0.134331 -0.084169 0.013326 0.166749 -0.042871 
0.021215 -0.129129 -0.027831 0.057711 -0.117313 -0.016261 
-0.112709 -0.037258 -0.045032 -0.045931 0.118573 0.190907 
0.181937 -0.000413 -0.028737 -0.049819 0.161002 0.006793 
0.009516 -0.044461 -0.181014 0.201189 0.019607 -0.053821 
0.094595 -0.007960 -0.318599 0.072821 0.149515 -0.104768 
0.054719 0.049268 -0.080003 0.042257 0.103667 0.056288 
0.196278 -0.020281 0.009362 -0.119569 -0.155049 -0.060463 
-0.242928 0.059552 0.038280 -0.155087 0.059640 -0.153310 
-0.102965 -0.026064 0.071935 -0.236601 0.120636 -0.127152 
-0.160563 -0.291794 -0.154314 -0.055260 0.176347 0.011798 
-0.253315 -0.145761 -0.105436 0.091532 0.017554 0.051274 
-0.082460 -0.033075 0.021604 -0.037922 0.257703 -0.235553 
-0.028809 -0.098196 0.001833 -0.092510 0.047957 -0.107729 
-0.108809 -0.126770 -0.200200 -0.235881 0.201934 -0.055153 
-0.158336 -0.145630 -0.264503 0.003678 0.321504 -0.324393 
-0.199654 -0.160809 0.199501 0.171300 0.441876 -0.258248 
-0.163478 -0.141150 0.116319 -0.172811 0.298661 -0.283806 
-0.063556 -0.211543 0.220611 -0.022489 0.280768 -0.140727 
-0.317660 -0.057955 0.331355 0.037915 0.074293 -0.053142 
-0.050536 -0.088244 0.359951 -0.023407 0.054681 -0.069618 
-0.382644 -0.150173 0.229213 0.038820 0.151377 0.129580 
-0.294110 -0.169628 0.294148 0.064703 0.176721 -0.048816 
-0.057556 0.024944 -0.183726 0.017989 0.356461 -0.019666 
-0.046746 -0.152346 0.075974 -0.047079 -0.029350 0.053889 
-0.066511 0.110631 -0.079981 -0.140336 0.146138 0.220833 
-0.037218 -0.124498 0.151069 -0.038986 0.062528 0.154286 
0.103902 0.190315 0.158515 0.188682 -0.160142 0.331690 
0.334060 0.070687 -0.007258 0.128201 -0.061113 0.309438 
0.075420 -0.193703 0.042220 -0.054565 -0.076799 0.405603 
-0.059605 0.177338 0.007081 -0.001718 0.051886 0.506192 
-0.092251 -0.045305 0.261556 0.008204 0.061516 0.670889 
-0.155797 0.303132 0.432203 -0.082057 -0.224417 0.769182 
0.022575 0.106160 0.395218 0.008308 -0.329096 0.799175 
