-0.074091 -0.780961 0.031106 0.007449 0.350577 0.044090 -0.481350 -0.089040 0.022769 -0.059708 -0.634494 -0.221237 -0.226936 0.053115 1.105242 -0.291352 
0.106001 0.089179 0.100989 0.318010 0.405659 -1.170417 -0.397369 0.146543 0.227224 0.293187 0.207177 -0.333405 -0.919250 0.106504 0.138216 0.033046 
0.048766 0.054261 -0.040216 0.288812 0.054476 0.214705 0.267350 -0.780064 0.196141 -0.202773 -0.035286 0.254487 0.256724 -0.103580 -0.787905 0.172054 
0.094954 -0.547728 0.073611 -0.201399 -0.347871 0.002434 0.153695 0.092383 -0.015557 -0.050581 -0.621466 -0.244636 -0.026445 -0.146510 -0.368894 -0.198797 
0.091536 0.019951 0.039572 -0.128611 -0.147070 -2.742460 -0.804636 0.087415 -0.261003 -0.045668 -0.106917 0.268702 0.320702 -0.848517 -0.278745 -0.001656 
-0.042014 0.118705 -0.410379 0.007323 0.031994 -0.116594 0.199691 -0.314384 0.406229 0.227831 0.420161 0.261857 0.411881 0.045733 0.394921 -0.711871 
-0.073220 -0.575003 -0.053189 -0.217607 0.227993 0.022122 -1.111801 -0.071641 -0.050307 0.558236 -0.319050 -0.980762 -0.558712 0.134523 -0.592039 -0.240782 
0.004482 -0.099640 0.055052 0.330176 0.194520 0.047441 -0.164651 -0.124322 0.551611 0.133560 0.150641 -0.519988 -0.208577 0.118028 -1.234347 0.003923 
-0.029506 -0.016756 0.065186 0.051187 -0.122712 -0.023589 -0.148518 0.119675 -0.094554 -0.100105 -0.599611 0.061807 0.052632 0.477241 -0.015278 0.053579 
0.230126 0.271933 -0.021412 -0.185833 -0.787666 0.053609 0.317966 0.019863 -1.319921 0.245814 0.439156 -0.309078 -0.572027 0.049895 -0.492502 -0.359150 
0.146244 0.117921 -0.105077 -0.131450 -0.067617 -0.032705 -0.378511 0.242598 0.113356 0.263000 -0.680464 0.533105 0.136703 -0.746279 -1.220366 -0.176194 
-0.034434 -0.015958 0.044916 0.428022 0.395954 -0.035994 -0.118458 -0.076455 -0.774174 0.041952 -0.323479 0.052245 0.054302 0.151271 -0.679693 -0.106218 
0.228112 0.172787 -0.035969 -0.013343 -0.119960 -0.287968 0.179162 0.007405 0.122284 -0.499271 -0.938956 0.340599 -0.222704 -0.068835 -0.670163 0.014674 
0.033027 0.029026 -0.094383 0.042069 0.190834 -0.000633 -0.150360 -0.061920 0.067533 -0.093513 -1.171820 0.056356 0.021479 -0.238186 -0.328010 0.019918 
0.055071 0.049809 0.091875 0.135928 -0.918967 0.065388 -0.145417 0.092427 -0.504927 -0.632898 -0.078719 -0.341495 -0.802724 0.127480 -0.045127 0.233371 
0.042032 0.184079 0.084731 0.182205 -0.059705 0.292568 0.329297 -0.017146 -1.258513 -0.745013 0.297574 -0.326252 -1.374358 0.186823 -0.837995 -0.458712 
-0.264585 0.282277 -0.502773 0.653164 0.414244 -0.350366 -0.516586 -0.522204 -0.234980 0.277092 -0.436231 -0.553033 0.333824 -0.120594 0.048956 0.201102 
0.024702 0.047571 -0.146006 -0.463255 -0.213090 0.075056 -0.603661 -0.124979 0.218592 -0.529629 -0.194534 -0.058093 0.241864 -0.093782 -0.125247 -0.274934 
0.119710 -0.022509 0.085814 -0.361783 -0.247369 0.479618 -0.162624 -0.329264 -0.422861 0.137786 -0.078808 0.023555 0.040950 0.180731 -0.228973 -0.219656 
-0.023432 -0.216559 0.095654 0.738317 -0.003514 -0.449166 -0.219358 0.081794 -0.374718 -0.685416 0.063543 -0.371697 -0.074668 -0.067183 -1.543178 -0.060139 
-0.000099 0.031085 -0.025056 0.061222 0.032151 0.038067 -0.072822 0.065832 0.116770 0.044394 -2.350796 -0.009949 0.005486 -0.057754 -0.928890 -0.004236 
0.283831 0.018911 0.006179 -0.020478 -0.813480 0.034166 0.347421 0.112517 -0.543654 -0.089273 -0.140622 -0.041336 0.203517 -0.059988 -0.798288 -0.354095 
0.032161 -0.386489 -0.139078 -0.411502 -0.200340 0.038912 -0.051760 0.070331 0.027802 -0.229123 0.121457 -0.029428 0.185901 -0.208557 0.408019 -0.880473 
-0.136782 0.071112 0.005647 0.170588 0.488427 0.046910 0.377925 -0.040234 0.361265 -0.097990 -0.397490 -0.483017 -0.403205 -0.344082 0.253129 0.448408 
-0.048884 -0.029806 0.118666 -0.343767 0.120129 -0.097442 0.204978 -0.028895 -0.368728 -0.167647 0.092490 -0.748483 0.168083 0.044089 0.129245 -0.112693 
0.031000 -0.207149 0.025587 -0.083060 -0.149463 0.103037 0.285341 -0.202922 -0.235844 0.108675 0.298723 0.185176 -0.012831 0.252795 -0.103567 -0.178484 
-0.078082 -0.030164 0.004981 -0.645929 0.232040 0.087152 0.296040 -0.117522 -0.838857 0.085551 -1.015152 -0.561780 -0.425704 0.002377 0.193849 0.035122 
-0.088784 -0.578617 -0.085124 -0.280395 0.549096 0.055937 -0.067068 -0.010146 -1.384799 -0.526698 -0.231078 -0.994371 0.168402 0.210003 0.771799 -1.273388 
-0.293278 0.153255 0.137102 -0.212391 -0.144200 0.131373 0.285903 0.107254 -0.577477 -0.239183 -0.110264 -0.201211 -0.346280 0.012560 0.239050 0.124774 
0.189075 -0.076537 0.136507 -0.496901 -0.625594 0.196308 0.043497 0.011653 0.093330 0.156835 -0.399152 -0.341662 0.099582 0.218160 -1.346936 -1.478643 
-0.091250 -0.276284 0.177214 0.365217 0.238794 0.059661 0.211881 0.201436 -0.214616 0.243362 -0.235851 -0.343429 -0.061841 0.273683 0.353205 0.243988 
0.134652 0.185703 0.116775 -1.383711 0.039844 -2.012884 -1.011945 0.153694 0.249063 0.084103 0.187369 0.093847 -0.003021 -2.330934 -0.304766 0.251082 
-0.016426 -0.172077 0.007087 0.458530 0.636232 0.095708 -0.170291 0.094498 0.521120 0.206637 -0.159331 0.022047 -0.725076 -0.074010 0.301885 0.106865 
-0.017970 0.134195 0.119815 -0.394220 0.197124 -0.078660 0.051824 0.076841 -1.308379 -0.006089 -1.017963 0.214019 0.343961 -0.858312 -0.259995 0.199931 
0.166218 0.106359 -0.354993 0.336897 -0.259097 0.224569 0.213271 0.201242 -0.339520 -0.161465 -0.782910 0.175429 -0.044678 0.073368 -0.560889 0.606802 
0.064171 -0.016181 0.188696 -0.165957 0.416917 0.204417 -0.056082 -0.182782 -0.387983 0.072366 -0.544575 0.003598 0.164768 -0.500887 -0.357522 0.175480 
-0.247434 -0.126079 0.188309 0.342209 -0.069036 -0.301623 -1.614434 0.205498 -0.744527 0.172403 -0.683767 0.180095 0.095433 0.279456 0.319404 -0.007114 
-0.156083 -0.051451 -0.049492 -0.184428 0.194828 -2.241583 -1.290591 0.001359 0.392854 0.110953 0.079850 -0.012991 0.086386 -0.273649 -0.116493 -0.062724 
-0.068636 0.001350 0.089840 0.215427 0.054235 -0.599699 -0.182346 0.093130 -0.582829 -0.118530 0.430240 0.106260 0.032808 -0.037819 0.215326 0.133515 
-0.168422 0.036671 0.115118 0.097359 -0.868981 0.101210 -0.095574 0.035160 -0.345078 0.003316 -0.030539 0.030029 -1.336779 0.106824 0.100273 -0.530315 
0.035347 0.125971 -0.207873 -0.672636 0.089828 0.263324 0.134900 -0.124228 0.258723 0.140004 0.307727 -0.186979 0.193789 -0.942222 -0.006738 0.197940 
0.090993 -0.020783 0.000523 0.168820 -0.037012 -0.012592 -0.023367 -0.111375 -0.421570 0.087209 -1.379144 0.107923 -0.018571 0.379482 -0.373432 0.240175 
0.012746 0.297410 0.187845 -1.662171 -2.294464 0.350826 0.227033 0.033143 0.251775 0.090167 0.213224 0.462383 -0.151322 0.228034 -0.252242 -0.377275 
0.146602 0.114093 0.145460 0.382924 -0.310323 0.177863 -0.309094 0.189373 -0.243544 0.130925 -1.206257 0.156780 0.166658 -0.055189 -0.272579 -0.000626 
0.143379 0.138107 0.047088 -1.232208 -1.109032 -0.315882 -1.450905 0.042456 0.190846 0.011114 -0.123037 -0.458438 0.165409 0.061637 0.024342 0.131674 
-0.411803 0.246069 0.288172 0.231550 0.257706 -0.205117 -0.017032 -0.268722 -0.513527 0.337231 0.156333 -0.165680 0.111547 0.157206 0.132593 -0.363756 
-0.345909 0.203680 -0.015908 -0.128274 0.044167 0.272998 -0.529127 -0.387532 -1.171676 -0.302100 -0.035524 0.115324 0.468599 0.053957 0.344095 -0.278598 
0.075537 -0.010298 -0.305221 0.286248 0.350605 -0.002359 0.002281 0.008035 0.359421 -0.036019 -1.291151 0.067790 0.065201 0.312818 -0.893213 0.059815 
0.254187 0.198734 -0.145601 -0.604846 0.046299 0.328607 0.051844 -0.070297 0.036922 -0.112471 -0.390104 0.317710 0.348074 0.321501 -0.216928 0.342892 
0.080664 -0.016263 0.056412 0.004686 0.355116 0.097337 -0.225691 0.027864 -0.575018 0.018797 0.274188 0.039614 0.007368 -0.336788 -0.310595 0.085107 
0.232314 0.234935 0.031814 -0.704450 0.444774 0.119261 -0.200584 0.160377 -0.259993 0.203948 -0.418974 -0.549500 -0.357760 0.317502 0.228305 0.362115 
0.059718 -0.512430 -0.045027 -0.537382 -0.180520 0.171623 -0.280742 -0.137339 0.307954 0.029251 -0.432894 0.067117 -0.122033 -0.399836 0.606535 -0.231519 
0.157821 -0.521519 0.192976 0.034546 -0.325974 -0.286378 0.486991 0.207891 -0.214148 0.088502 -0.018882 -1.336354 -0.006479 -0.006386 0.622423 -1.122332 
-0.575344 0.144205 0.255258 0.193865 -0.183063 0.301900 -0.290246 0.105846 0.347039 0.129813 0.031370 -0.221480 -0.076237 0.272933 0.043412 -0.727264 
0.178667 0.138551 -0.098075 0.097158 0.241252 0.246576 0.266964 -0.211011 -1.230673 0.759001 0.316734 0.089187 -0.682826 0.045958 -0.367912 -0.392991 
0.130704 0.156386 0.074417 -0.203868 -0.096619 0.102761 -0.347028 0.144380 0.081164 0.116403 0.335416 0.102640 0.073426 0.037767 -0.006321 0.001735 
0.070628 -0.024849 0.150371 0.213036 0.405019 0.050377 -0.000377 0.090711 -0.285380 0.105638 0.247592 -0.755018 -2.287829 0.213524 -0.006116 -1.596078 
0.086136 0.264666 0.195243 -0.179284 0.063768 0.185826 0.058981 0.186777 0.134458 0.129020 -1.038864 0.158411 0.057927 -0.247599 -1.037188 0.057833 
0.164221 -0.099410 -0.006687 0.344648 -0.278847 0.229647 -0.155349 -0.012757 0.061563 0.216185 -0.107933 -0.134218 0.141291 0.069062 -1.526853 -0.235067 
0.097413 -0.536250 0.007143 0.352642 -0.367417 -0.065532 0.134371 0.020565 0.440736 0.045014 0.425527 -0.947377 -0.500289 0.196213 0.182241 -0.998071 
0.171046 -0.037417 -0.212303 -0.210605 0.035507 0.329755 0.340297 -0.080700 0.380082 -0.475933 0.479101 0.187913 -0.687728 0.060935 -0.058345 -0.020712 
0.056242 0.121536 0.146525 0.149541 0.098844 0.088440 0.204721 0.208388 -0.849676 0.102248 0.277397 -0.106084 -0.017963 -0.108559 -0.016335 -0.010375 
-0.245057 0.215293 0.173232 -0.201384 0.021998 0.068869 0.273986 0.130546 -1.236601 -0.272514 0.375105 0.232044 0.101844 0.285211 -1.031718 -0.473166 
0.040250 0.082105 0.038735 -0.648968 -0.398402 0.259740 0.418984 0.077164 -0.287448 -0.022046 -0.139118 0.003579 -0.051477 0.265987 -0.961989 -0.177958 
0.020774 0.005137 -0.035755 0.030146 -0.014313 0.112543 -0.366869 -0.126621 0.129533 0.072215 -0.244176 -0.007852 0.012624 -0.303357 0.607607 -0.060871 
0.027542 0.048104 -0.002922 0.058024 0.076190 0.216483 -0.308128 0.124948 0.238584 -0.162291 -0.971737 0.089408 0.142033 -0.576837 -0.041419 0.114521 
-0.054322 0.184665 -0.033193 -1.023628 0.707553 0.013077 0.114419 -0.202090 -0.047650 -0.030867 -0.139119 0.013400 -0.061040 -0.128703 0.554560 0.341544 
-0.113661 -0.259784 0.183577 0.278783 -0.042110 -0.083482 -0.014222 0.013980 -0.034780 -0.278602 0.267028 -0.061324 -0.190627 0.082970 -0.070857 -0.130598 
0.118214 0.057712 -0.124907 0.336114 -0.214009 0.156269 0.198449 0.139802 0.053383 0.080366 0.568381 0.066319 0.274669 -0.401503 -0.270661 -0.362262 
0.215899 -0.188435 0.288338 -0.031877 -0.048405 0.131480 -0.611466 0.246506 0.100970 -1.040557 0.476831 -0.238435 -0.038361 0.435365 0.473655 -0.144541 
