-0.118911 -0.043999 0.025611 -0.091170 0.134109 -0.294455 -0.518236 -0.027643 0.203930 0.330441 -0.235897 -0.049112 0.096379 -0.340369 0.427078 -0.012693 
0.042950 -0.158875 -0.007845 -0.594318 -0.385047 -0.006763 0.347542 0.019907 0.052380 -0.130292 -0.147742 -0.189050 -0.331614 0.294059 0.127015 -0.685634 
0.232825 0.034159 0.046484 0.137916 -0.218778 0.153886 0.295913 0.233159 -0.071796 0.216865 -0.219585 0.273172 0.334834 -0.435203 -0.063095 -0.445056 
-0.051216 0.260532 -0.108952 -0.329588 0.544983 -0.054753 -0.199887 -0.067977 0.313666 -0.379432 -1.024860 0.242421 0.281231 -0.026767 -0.095767 0.316861 
-0.025308 -0.312877 -0.063111 0.424414 0.363018 -0.017096 -0.194424 0.004464 -0.134668 -0.307958 -0.009215 -1.342271 -0.203790 0.183706 -0.527437 -0.182472 
-0.225384 -0.157672 0.115226 -0.607343 0.327926 -0.018785 -0.425736 0.188301 -0.192614 0.295762 -0.735554 0.039462 -0.623253 0.072119 -0.743310 -0.312917 
0.162503 0.183032 0.166927 -0.571338 0.095347 -5.126728 -1.987616 0.224169 0.146194 0.168450 0.204823 0.262077 0.216062 -1.635831 -0.187298 0.189507 
0.148749 -0.322893 0.083795 0.254544 -0.253270 0.154936 0.274234 0.000889 0.133032 0.112376 0.731982 -0.714525 -0.430419 0.121595 0.404725 -0.905061 
-0.425769 -0.098803 0.174914 0.191244 0.383294 -0.227579 -0.180829 -0.037977 -0.782379 0.108187 -0.235836 -0.817160 -0.563025 0.182408 0.307874 -0.387545 
0.071347 -0.044992 -0.087262 0.135106 0.277827 0.480823 0.602399 -0.844307 0.411271 -0.254066 -0.203633 0.193946 0.069257 0.017732 -0.118156 0.226397 
-0.004675 -0.233084 0.063336 -1.013842 -0.134258 0.103174 0.096869 -0.030601 0.121905 -0.716865 0.412367 -0.160447 0.083952 0.292892 0.203938 -0.188105 
-0.625242 0.140210 0.100185 0.078381 0.198965 -0.049415 -0.398573 -0.330011 -1.274228 -0.348929 0.200141 0.096766 0.539298 0.102803 -0.032537 -0.517753 
0.102119 -0.066019 0.056421 0.400053 -0.426444 -0.037822 -0.538020 0.277515 0.687909 -0.337119 -0.438821 -0.025179 0.128524 0.293069 -0.331212 0.023155 
0.249773 0.293628 -0.489273 0.430248 -0.340756 -0.874663 -0.366213 0.269810 0.215341 -0.151845 -0.373144 0.454888 0.240091 -0.922520 -1.348521 -0.125331 
0.033087 -0.053736 0.052407 0.192253 -1.329019 0.317344 -0.624866 0.051413 -0.083083 -0.357677 -0.916463 -0.393262 -0.411667 0.429002 -0.286915 -0.172800 
0.019400 0.298738 0.072864 -0.523855 -0.373550 0.127062 -0.147263 0.010015 0.326520 0.120145 0.117580 0.367666 -0.149590 0.024942 -0.265182 -0.594823 
-0.017916 0.038168 0.126401 0.224374 0.720640 -0.585970 -0.007807 0.107685 0.498567 0.231739 -0.466378 -0.621024 -0.852544 -0.007061 0.362904 0.168043 
0.372908 -0.037872 -0.044004 0.489481 0.281647 0.232018 0.212495 -0.242333 0.340529 0.178720 -0.410129 -0.130575 0.107229 0.135257 -0.999428 0.308705 
0.179839 -0.387707 0.047740 0.241169 -0.771341 0.198030 -0.099901 0.071083 -0.110086 -0.022760 -0.098345 -0.519236 0.201439 -0.022919 -0.144669 -1.241661 
0.055388 0.267439 0.158978 -1.007296 -0.935456 0.237607 0.309657 0.063154 -1.060722 -0.972979 0.331652 0.332352 -1.273762 0.120502 -0.925675 -0.761280 
-0.030630 0.032739 -0.308294 0.059973 0.943417 0.181583 0.008501 -0.093849 -0.243676 0.114219 -0.862325 0.055801 0.110169 -0.466556 -0.770383 -0.025469 
0.034870 0.030087 0.042638 -0.037068 -0.316249 0.032787 -0.103045 0.051620 0.045086 -0.007504 -1.330014 0.010275 0.058505 0.158314 -0.266371 0.050897 
-0.145038 -0.015186 -0.138243 -0.139962 -0.289291 0.383655 0.267440 -0.266223 -0.693860 0.310521 -0.098123 -0.804321 -1.132354 0.229303 -0.390224 -0.762999 
-0.321048 -0.164471 -0.151067 0.353249 0.560377 -0.134780 0.122908 -0.654603 0.180331 -0.377552 0.262507 -0.659204 -0.248060 -0.167281 0.110776 -0.847693 
0.051800 -0.782667 0.182302 0.242006 0.243082 0.037675 -0.348925 0.082750 -0.017942 -0.239502 0.177457 -0.068206 0.030315 0.407890 0.281062 -0.269193 
-0.039547 0.123893 0.013600 -0.781580 0.656397 0.195019 0.460057 -0.133065 0.057161 0.149491 -0.246634 -0.468576 -0.674703 -0.069748 0.200477 0.427606 
0.049583 -0.356844 0.275839 -0.294919 -0.953073 -0.330108 0.048271 0.289877 0.111044 0.031075 0.068180 -0.302348 -0.061751 0.012355 0.475376 -0.999883 
0.059978 -0.268050 0.128564 0.101387 -0.082038 0.062983 -0.239422 0.171422 -0.281530 -0.106543 0.209177 0.107876 -0.085253 0.095779 -1.193946 0.666990 
0.330333 0.228444 -0.176435 0.205190 0.266231 0.385094 -0.393308 -0.158828 0.049899 0.569753 0.221884 0.420973 -0.320955 -0.243216 -0.655363 0.183784 
0.090146 0.083820 0.128565 0.039458 -0.574917 0.070369 -0.992655 -0.046687 0.265596 0.111151 -0.753263 0.198675 0.154652 0.199377 -0.032959 0.041976 
0.072169 0.071670 -0.056500 -1.106540 -1.383339 0.201055 -0.009644 -0.041715 0.103373 0.123065 0.159073 -0.149606 0.471535 0.105714 0.232139 -0.931766 
0.133255 0.141122 0.061443 -0.162355 -0.821523 -0.657321 -1.232529 0.078288 -0.348201 -0.251818 -0.490222 -0.814635 0.070731 0.257679 0.121046 0.427054 
0.120480 -0.838380 0.036418 0.501488 0.156597 -0.442700 -0.211851 0.020300 0.025198 0.213446 -0.224445 -1.517908 -0.622615 0.388750 0.075038 -0.213259 
0.209951 0.195668 -0.111202 0.073945 1.003832 0.255110 0.013018 0.017298 0.462078 0.239603 -2.226758 -0.120436 0.237489 -0.300350 -0.626374 -0.245774 
-0.028502 -0.026744 0.202520 0.489255 -0.195661 0.187607 -0.015552 0.204589 0.449461 -0.327709 0.251948 -0.134318 -1.559980 0.120357 0.246358 0.375843 
0.048336 0.205204 -0.041206 -0.152845 -0.791478 0.064157 0.205525 -0.324609 -0.291596 0.107323 0.410412 0.204688 0.295239 0.099243 -0.250191 0.257808 
0.180302 -0.085309 -0.479355 0.036021 0.357205 0.003172 0.477871 0.114363 0.331679 -0.245160 0.279139 0.434501 0.169008 -0.211564 0.460046 -0.261181 
-0.028345 0.304896 -0.108820 0.777650 -0.253630 -0.150776 0.331154 -0.224590 -1.143379 0.062986 -0.046951 -0.077784 -0.098353 -0.036344 -0.354318 0.467166 
-0.085848 -0.226144 -0.133862 0.241926 0.088853 -0.318496 -0.486181 -0.128225 0.054132 0.323482 0.412144 0.008353 0.182192 -0.079251 -0.189855 -0.637866 
0.062788 -0.196614 0.192595 0.132613 0.729453 0.031977 -0.201108 0.118363 -2.435536 -0.370275 0.311568 -0.113703 0.036411 -0.148114 -0.385172 -0.024127 
-0.464849 0.146464 0.007026 0.001849 0.028497 -0.565790 0.195275 0.056873 -0.256732 -0.044231 0.159662 -0.182175 0.211153 0.036895 -0.367854 -0.671303 
0.131234 0.093179 0.055886 0.356771 0.415425 -0.499741 -0.519194 0.068360 -0.455942 0.182701 0.584777 -1.289555 -1.182950 -0.260213 -0.811884 0.059169 
-0.329206 -0.069269 0.143474 0.112221 0.103296 0.010399 -1.765347 0.101956 -0.529168 0.281676 0.027770 -0.256416 -0.043896 -0.016051 0.844342 -0.037376 
-0.051660 0.331631 0.161719 -1.027801 -0.384459 0.313982 -0.303972 0.130736 -0.149221 -0.283616 -1.031166 -0.104078 -0.527167 -0.441314 -0.592575 0.204579 
0.051855 -0.493255 0.056976 -0.893479 -0.399030 0.384450 -0.092869 -0.130716 -0.931359 0.086516 -0.199994 -0.926964 -0.632005 -0.012429 0.149801 -0.370716 
0.010873 0.256624 0.158364 -0.623335 -0.772464 0.382813 0.275064 0.100560 -1.044679 0.150910 0.318575 0.441600 -1.466940 0.266709 0.390200 -0.293677 
0.005634 0.092994 -0.128492 -0.714810 -0.146940 0.237133 -0.412929 -0.560154 -0.088690 -0.301394 0.099427 0.001370 0.408427 0.012755 -0.997855 0.026851 
0.068998 0.047638 0.112837 -0.755982 -0.820548 0.074175 0.060519 0.137197 -0.056330 0.129553 0.025684 0.111100 0.087003 0.113303 -0.138629 0.113599 
0.066196 0.027776 0.053903 -0.266539 0.188530 0.045191 -0.008101 -0.046247 0.006370 0.070072 -2.268255 0.145720 0.150733 -0.056971 -1.912494 -0.074474 
0.322627 0.119370 0.109061 -0.226473 -0.194308 -0.018795 -0.132967 0.152642 0.253370 -0.715526 -0.120624 0.096006 -0.269545 0.169232 0.026536 0.218738 
-0.633012 0.060893 0.196360 0.279479 0.029998 0.217441 -0.293398 0.038674 -0.193684 0.036007 0.242762 -0.378156 -0.144690 0.088184 -0.203407 -0.839553 
0.098896 -0.235804 0.016320 0.376324 -0.359987 -0.368346 0.215683 0.067583 -0.341775 -0.381398 -0.083424 0.185382 -0.400381 -0.196223 -2.004797 -0.527479 
0.096725 -0.328307 0.106545 -0.112530 0.181559 0.094711 0.452183 -0.005588 -0.617994 0.037261 -1.360223 -1.099898 0.067154 -0.144936 -0.576223 0.238304 
-0.006893 -0.063698 0.123959 0.440800 -0.191971 -0.401014 -0.089266 0.112327 -0.057845 0.029155 -0.926865 0.296776 0.437023 -0.712151 -0.474572 -0.016405 
-0.312623 -0.002548 -0.138783 0.294804 0.193255 -0.266335 -0.005646 -0.359954 0.480570 0.145487 -0.145288 -0.281369 0.045062 0.227855 -0.150821 -0.474925 
0.111904 0.161488 0.035871 -0.302283 0.105438 0.072171 -0.555485 0.076712 0.347148 0.159897 0.211044 0.118208 0.114503 -0.862942 0.159273 0.232563 
-0.009438 -0.140047 0.011071 -0.540409 -0.007857 0.331459 0.619172 0.050944 -0.824444 -0.161686 0.523109 0.228141 0.340569 0.387210 0.713142 -0.430190 
0.137978 0.133412 0.131749 -0.213141 -0.360200 0.316040 0.178956 0.193686 0.083833 0.135781 -0.616835 0.154093 0.098967 -0.126247 -2.875185 0.027674 
0.191136 0.211699 0.047537 0.217198 0.128259 0.272599 0.121386 0.146260 0.269763 0.123945 -0.196895 0.133198 0.173742 -0.098827 -0.100497 0.143115 
0.171660 0.088562 -0.051789 0.122486 -0.032300 -0.580621 -0.130760 0.139670 -0.027115 0.047668 -0.324559 0.257811 0.274762 -0.654829 -0.693426 0.091239 
0.220059 0.140401 -0.263295 -0.265485 0.039942 0.250731 0.633729 -0.262120 -0.530761 0.467675 -0.137651 0.321137 0.047346 -0.450797 -1.404683 0.097229 
0.048564 0.030751 -0.117983 -0.175033 0.415269 0.044679 -0.297687 -0.213890 0.025254 -0.010401 -0.740850 -0.081911 -0.054952 -0.600421 -0.444804 0.154390 
0.078318 0.149881 0.042765 -0.221546 -0.125643 0.105944 0.151710 0.057145 0.201452 0.080392 -0.048047 0.079620 0.060829 0.099595 -1.302934 0.195997 
0.185103 0.302416 0.168782 -0.233964 -0.759813 -0.409488 0.399218 0.126713 -0.629490 -0.183390 0.167798 -0.079670 -0.204194 -0.635955 0.695616 0.316714 
0.086641 -0.144694 0.308567 0.267570 0.153698 -0.405771 -0.332130 0.211424 -0.721631 0.416328 0.172314 -0.023093 -0.770425 0.074625 0.007868 -0.154903 
-0.023097 0.093412 -0.067116 0.716213 0.223477 -0.072848 -0.313792 -0.034724 -0.150984 0.281438 -1.182716 0.111697 0.074078 -0.056472 -0.493657 0.532498 
0.146197 0.139243 0.117950 -0.096388 0.111153 0.152403 -0.245423 0.132018 0.389314 0.125853 -0.383326 0.095696 0.162215 0.065148 -0.042670 0.108795 
-0.051289 -0.173974 0.016019 0.418740 -0.618605 -0.056242 0.107599 0.021103 -0.156639 -0.169552 -0.542098 0.062854 -0.098726 0.266873 -0.177546 -0.087416 
0.046613 0.008123 -0.049774 -0.152614 0.173363 0.470872 -0.414592 -0.123008 -0.236814 0.063615 -0.249400 -0.002056 0.059114 -0.154402 -1.010358 0.020442 
0.332823 -0.265707 0.053002 -0.373875 0.304121 0.170677 0.102428 0.042508 -0.935162 0.019198 -0.000753 -1.304469 -0.104592 0.332199 0.008932 -2.689238 
0.147186 0.090042 -0.268480 0.041674 -0.208531 0.149044 0.446905 0.181507 0.294529 -0.214258 0.148469 0.618267 0.042244 0.386717 -0.167121 -0.007011 
-0.100916 -0.087165 0.091312 -0.175903 0.444079 0.320913 0.095568 -0.045293 -0.015183 0.169884 -1.127148 0.225149 0.257410 -0.456561 0.232981 -0.041317 
