0.091273 0.025600 -0.194747 0.532204 0.919579 0.117967 -0.271786 0.079146 0.282918 0.220263 -2.154764 -0.141153 0.130703 -0.662014 -0.459530 -0.155961 
-0.094215 0.260797 -0.029038 -0.638170 -0.288918 0.230843 0.140719 -0.406511 -0.842000 -0.046011 0.379801 0.212913 -0.240297 0.009712 -1.487492 -0.031041 
-0.002056 0.005968 0.079164 0.292012 -0.793515 -0.090151 -0.363623 0.139079 0.106879 0.092864 -0.756910 0.140466 0.040425 0.104396 -0.514145 -0.141506 
0.017176 0.368305 0.119098 0.069690 0.236676 -0.081446 0.122118 0.059887 -0.224629 0.033638 -1.828454 0.231670 0.241516 0.211846 0.458049 0.176415 
0.021886 -0.324889 0.111771 -0.183024 -0.175445 -0.010296 -0.105619 -0.070497 -0.295196 0.100003 -1.052228 0.204650 0.147497 -0.276376 -1.487521 -0.005127 
0.159865 0.043549 -0.050174 0.470690 0.149939 0.117509 -0.055864 -0.108073 -0.815059 0.260588 -0.210937 -0.481134 -0.574035 0.492100 0.072072 0.191101 
0.010754 0.015672 0.194609 0.037511 0.354720 -0.056075 -0.092492 0.167283 0.194244 0.154886 -0.649449 -0.254624 -0.141658 -0.887424 0.053868 0.125988 
-0.323864 0.091033 0.172266 0.315671 0.105176 -0.097392 -0.388516 -0.288724 -0.517232 -0.303248 0.445163 -1.749756 0.406776 0.084679 -0.169765 -0.776025 
0.042774 0.073950 -0.274228 0.629600 0.227949 -0.010764 -0.053376 -0.143051 0.105629 -0.552638 -0.054066 0.058843 0.325481 -0.062208 -0.803967 0.053244 
-0.133710 0.080020 -0.010671 0.299249 0.268110 0.083925 0.493907 -0.476598 0.601183 -0.128407 0.534541 -0.632337 -0.523947 0.116074 0.394788 -0.480830 
-0.403872 -0.098356 0.134334 0.280254 -0.038951 0.049320 -0.232343 0.164611 0.047081 0.243809 0.266830 -0.045216 0.030560 0.206211 0.051677 -0.043533 
0.047851 -0.547521 0.031107 0.200271 0.473988 0.057838 -0.333036 -0.165308 -0.455981 -0.379585 0.200301 -0.042911 -1.027330 0.235155 0.366734 -1.907738 
0.142108 -0.074684 -0.023845 0.005240 -0.307682 0.284672 0.220362 -0.393309 0.427209 0.054609 0.052279 0.027806 0.063047 0.076139 -0.494137 0.072687 
0.067445 0.082486 0.121190 -0.081246 0.490858 0.180428 0.033633 0.145013 0.510149 0.131003 -0.192416 -0.286956 -1.110247 -0.002760 0.569270 0.247638 
0.063945 0.189658 -0.043848 0.281472 0.540224 -0.032780 -0.374019 -0.142721 -0.277329 0.302461 -0.693979 -0.192352 0.224202 0.018519 0.570494 0.276631 
0.127282 0.016902 -0.236782 -0.446083 -0.211969 0.719966 -0.411979 -0.380351 -0.216659 -0.289282 -0.280475 0.640079 0.057033 0.431170 -0.546036 0.219125 
0.091005 0.130771 0.054636 -0.185624 0.152783 0.242895 0.447817 0.016818 -0.472927 -0.182279 -0.873162 0.076328 0.111397 -0.441737 0.100361 0.082006 
-0.215982 -0.064620 -0.267605 -0.338265 0.290563 0.247687 0.491378 -0.091127 -0.405252 -0.335740 0.128402 0.114947 0.050964 -0.055519 0.445964 0.343973 
0.242863 0.301015 -0.205619 -0.002892 0.103805 0.267735 0.210138 -0.175647 -0.539797 0.254816 0.065588 0.310064 0.199795 -0.110845 -0.097657 0.201429 
-0.095844 -0.327658 0.095528 0.021510 0.135505 -0.576699 -0.291005 0.044466 -0.432070 0.128857 -0.280725 0.338726 0.452914 -0.582320 -0.735200 -0.027632 
-0.000380 0.159384 -0.196254 0.219858 0.295809 -0.144444 -0.025559 -0.182582 0.324398 0.563100 0.359028 0.011928 0.234500 -0.227625 -0.070233 -0.929982 
0.035481 0.368614 0.117504 -1.134583 -0.919064 0.224802 0.249274 -0.008521 -0.468116 -0.443081 0.101293 0.493964 -0.680443 0.050783 -0.698067 0.237755 
-0.279931 -0.104913 0.219933 -0.107391 0.190226 0.177602 -0.323713 0.089028 0.350284 0.387929 0.108501 0.233480 -0.511622 -0.002388 -0.247592 -0.524292 
0.033675 0.115033 0.137398 -0.242507 -1.026544 0.273211 0.254801 0.168129 -0.280084 0.061680 0.253697 0.465335 -0.117886 0.254158 -0.623015 0.080029 
0.154642 -0.212838 0.133230 -0.368789 -0.548596 0.150983 -0.809891 0.104245 0.456217 -1.032926 0.158505 -0.284733 0.040974 0.222655 0.249051 -0.340047 
0.017774 -0.049896 -0.175286 0.584858 0.136386 -0.289399 0.216061 0.044226 -0.018679 0.088791 -0.731512 -0.092011 0.023098 -0.314043 -0.930548 0.123950 
0.165158 0.056745 0.151858 0.022607 -0.367998 -0.079873 0.185112 0.134859 -1.220913 0.076863 0.122897 -1.359252 -0.656730 0.306812 0.134831 -0.328114 
-0.380178 0.094507 0.213439 0.305732 0.521910 -0.101061 0.156676 0.160755 -0.228629 0.228332 0.008122 -0.832548 -0.456612 0.265892 0.615750 -0.068746 
0.038260 -0.120196 -0.316574 -0.406152 -0.279369 0.160367 0.356634 0.017442 0.463050 -0.001562 0.213324 0.127318 -0.052788 0.178049 -0.096436 -0.140039 
-0.116949 -0.310613 0.065564 -0.337494 0.204445 0.332688 0.024287 -0.129371 -0.746376 -0.072357 0.311662 0.092790 0.284534 0.217251 0.693756 -0.541412 
0.074076 -0.095028 0.093782 0.570572 0.420480 0.078702 0.240909 0.160733 0.068680 0.050650 -0.606105 0.082851 0.102360 0.044966 -0.286246 -0.012071 
-0.051185 -0.024147 -0.042843 -0.005191 0.139048 -1.472041 -1.300602 0.012173 0.336078 0.218265 0.057546 -0.160057 0.115947 -0.450859 -0.943424 -0.281036 
0.000600 0.195658 0.145877 -0.141990 -0.763871 -0.118776 0.207947 0.149535 -0.530828 -0.264571 -0.013843 -0.553206 -1.176761 0.169701 0.010522 0.236222 
0.121515 0.094854 0.049204 -0.916340 -0.151230 -0.126586 -0.127347 0.044859 0.047305 0.049744 -0.309526 -0.155516 -0.014500 0.358725 -0.693228 0.243466 
0.114925 0.100582 -0.117588 0.199079 -0.018756 0.121440 0.020061 0.022829 -0.357323 0.416351 0.047563 -0.146029 -0.133548 -0.185956 -1.015294 -0.141675 
0.289595 0.132547 0.287829 -0.105441 -1.085412 -0.019116 0.073104 0.189932 0.165509 -0.241683 -0.052551 0.019651 -0.136117 0.361618 0.108498 0.338757 
0.128160 0.103609 -0.042117 -0.092231 -0.275327 0.116588 0.012655 -0.010520 -0.461109 0.185633 -0.035258 0.077088 0.343344 -0.143144 0.720230 -0.187256 
-0.107770 -0.199477 0.166991 0.038061 -0.286746 -1.038787 -0.457204 0.172091 0.212417 0.114197 0.059549 0.103007 0.057459 0.337962 0.404417 -0.126288 
0.080769 0.035679 0.080279 -0.087373 -0.240264 0.100806 -0.006648 0.089585 -0.052696 0.102593 0.381296 0.121138 0.070542 0.001787 -0.656163 -0.010228 
0.055618 0.014138 -0.006243 -0.217089 0.148779 0.412717 0.408500 -0.710315 -0.166408 -0.187941 -0.103898 0.053642 0.155094 -0.051344 -0.158776 0.168287 
0.395074 0.311719 -0.182170 -0.032675 -0.447916 -1.065290 -0.298971 0.354657 0.045183 -0.136129 -0.225398 0.487246 0.286826 -0.421007 -0.907651 0.290753 
0.182709 0.303250 -0.070150 0.530607 -0.058437 0.070505 0.321082 0.010917 0.069090 -0.688097 -0.395010 0.425256 -0.699292 0.254917 -0.915136 0.027392 
-0.013596 0.020890 0.109362 -0.408346 0.617955 0.122363 -0.285363 0.072511 -0.166981 0.307223 -0.622845 -0.262458 -0.793152 -0.033286 -0.263931 0.036414 
0.066861 -0.015497 0.027219 -0.456816 0.079087 0.188276 0.125828 0.031353 -0.083509 0.034436 -0.525113 -0.051072 -0.045341 -0.160596 -0.383369 -0.004096 
-0.246972 0.195239 -0.055788 0.624963 -0.367503 0.155589 0.079312 -0.070012 -0.864666 0.221551 -0.103555 -0.181778 -0.287622 -0.039201 0.149899 -0.705219 
0.101385 0.153854 0.126052 -0.177758 -1.632714 0.090935 0.262012 0.185067 -0.411554 0.056946 0.096454 0.320680 -0.088136 0.214943 0.013814 0.144970 
0.005153 0.142031 0.215900 -0.780382 -0.218727 0.002735 -1.435006 0.198360 -0.227173 0.144303 -0.371283 -0.042777 -0.085512 -0.181566 0.373945 0.092619 
0.094497 0.033100 0.165697 0.140676 -0.389317 0.028923 0.036968 0.109552 -0.428631 0.090794 -0.834575 0.218373 0.216035 -0.034566 -0.029776 0.042258 
-0.166894 -0.245777 0.092614 0.222573 0.118499 -0.217095 0.018605 0.102977 -0.194284 0.011859 -0.550625 0.169218 0.180095 0.205617 0.031366 -0.160500 
0.012555 0.173049 -0.095612 -0.674616 -0.361041 -0.222624 0.046988 -0.124325 -0.091028 -0.079627 0.433823 -0.162430 -0.092350 -0.529478 -0.366270 -0.014278 
-0.134926 0.240771 0.115709 -0.050421 -0.235696 0.096683 -1.423610 -0.178282 -0.180940 -0.022962 -0.042763 -0.360365 0.366047 0.208791 0.059342 -0.151532 
0.104557 -0.228495 0.047658 0.404928 -0.015335 -0.027317 0.225017 0.267341 -0.353211 -0.340852 -0.102211 -0.468865 -0.090838 0.413456 -0.394695 0.198292 
0.065607 0.103136 -0.068568 -0.795084 0.088801 0.154916 -0.622666 -0.017017 0.003119 0.023328 -0.991410 0.056505 0.121051 -0.132038 -0.189222 0.176940 
0.122649 -0.125309 0.028501 -0.263218 -0.625602 0.024135 0.333818 0.062569 -0.731108 -0.141210 0.017867 -1.253946 -1.377815 0.000647 0.322952 -2.620481 
0.137216 -0.261519 0.311036 0.197687 0.460889 -0.238862 0.062291 0.266990 -1.790731 -0.565457 0.617426 -0.116381 -0.270767 -0.040824 0.516140 -0.417474 
-0.097381 -0.029394 0.123703 -0.939732 -0.075253 0.036593 -0.038007 0.043014 -0.582953 0.131250 0.143858 0.092437 0.057128 0.142540 0.005786 -0.057937 
0.060578 -0.198955 0.002288 0.400839 -0.299238 0.007086 0.100635 -0.012962 0.256608 0.002374 -0.032229 -0.035001 -0.023732 -0.090842 -1.280760 -0.142814 
-0.153715 -0.008590 0.074821 -0.478397 0.356762 -0.270630 -0.857127 -0.096465 -0.984778 -0.001967 -0.499612 0.183723 0.266871 -0.307333 0.215147 0.067334 
0.117299 -0.391573 -0.050630 0.163060 -0.212522 -0.223449 0.144999 -0.065063 -0.403606 0.087763 -0.370459 -0.156631 -0.813930 -0.118328 0.137235 -0.416424 
-0.027841 0.055768 0.054816 -0.049387 -0.138364 0.167469 0.194350 0.042425 0.462488 0.032063 -0.220861 0.039266 0.017588 -0.396701 -0.724405 0.161849 
0.093922 0.104805 -0.031068 -0.797548 -1.216995 0.182453 0.168623 -0.190059 0.189418 0.105120 0.252160 0.095708 0.389457 0.130275 0.187838 -0.530187 
0.072532 0.185482 -0.258864 -0.051688 0.128363 -0.081053 0.025082 0.223054 0.397761 -0.004465 -0.307834 0.473719 0.144892 -0.982555 0.053643 -0.289281 
0.115306 0.112150 0.096670 -0.673648 0.086973 -4.533439 -1.690997 0.148362 0.110175 0.076241 0.146707 0.209324 0.169900 -1.570441 -0.279540 0.139074 
0.007437 0.064354 0.112778 -0.682494 0.186461 -0.025763 0.310462 0.039092 -0.130501 -0.169078 0.043474 -0.252121 0.262494 0.029372 -0.119400 -0.127678 
0.028924 -0.210863 0.084160 -0.515569 -0.829057 0.088985 0.093055 0.016452 -0.091441 0.104355 -0.368460 -0.336154 0.097469 0.315989 -0.312620 -1.266124 
0.043152 0.080408 0.159725 0.155395 0.003945 0.111371 -0.033797 0.032686 0.221506 0.206587 0.472280 -0.396301 -1.438668 0.172791 0.004691 -0.346933 
0.207145 -0.425278 0.019816 0.407039 0.395875 0.282636 0.307365 0.157380 -0.104451 -0.064426 0.355416 -1.351009 -0.255808 0.086635 0.385458 -0.440016 
-0.026012 -0.247560 0.034837 -0.026750 0.354575 0.046170 -0.068733 0.087666 -0.142616 -0.445408 -0.353008 -0.130735 -0.134121 0.104629 -1.102226 0.200679 
0.179220 -0.696837 0.117267 -0.325194 -0.329892 0.074153 0.206931 0.165220 0.125650 -0.001384 -0.384022 -0.256593 0.067253 -0.207006 -0.273426 -0.528664 
0.147384 -0.369400 0.143611 0.280562 0.282653 0.208469 0.416415 -0.063582 -0.234263 0.349462 -0.715639 -0.998544 -0.412634 0.298257 -0.233712 0.394640 
0.079794 0.018758 0.045069 -0.691772 -1.064538 0.083278 -0.278586 0.038006 0.246238 -0.023197 0.098746 0.043017 0.032742 0.009170 0.151854 0.014627 
0.112761 -0.573002 -0.038386 0.270380 0.629316 -0.097658 -0.485348 -0.091096 0.486860 0.196311 0.079363 -0.496587 -0.386327 -0.126007 -0.728043 -0.271828 
0.000136 0.084606 -0.004716 -0.072603 0.278646 0.165511 0.033642 -0.020710 0.159982 0.060185 -1.031332 0.057364 -0.012051 0.091178 0.542575 0.080948 
-0.282065 0.095037 0.117423 0.572308 0.132608 -0.013125 -0.208516 0.130438 -0.622177 -0.464420 -0.094671 -0.025720 0.106969 0.014085 -1.297408 -0.101649 
