0.202395 0.162631 -0.295686 0.427716 -0.154685 -1.173562 -0.515944 0.246704 -0.075966 -0.137245 -0.500887 0.287762 0.284902 -0.612347 -1.158787 -0.024673 
0.236793 -0.346579 0.032170 -0.415374 -0.103187 0.202454 0.357803 -0.005868 -0.869081 0.109062 0.411209 -0.323856 -0.236053 0.047533 0.644528 -0.112682 
-0.227776 0.007398 0.221462 -0.356177 -0.002897 -0.069201 -0.364812 0.236836 -0.425302 0.259700 0.057819 -0.155637 -0.482523 0.163611 0.469840 -0.015756 
-0.028794 -0.168522 0.230819 0.390662 -0.033679 0.280871 0.193607 0.224823 0.468523 -0.015984 0.148531 0.044969 -0.197805 0.156042 -0.574313 0.227551 
0.081888 0.124547 0.024638 0.107038 -0.297730 0.023709 0.078815 -0.051498 -0.902607 0.124118 -1.056464 0.059817 -0.096009 -0.536262 -0.881190 0.043252 
0.126086 0.182935 0.129129 -0.706573 0.213153 0.098540 0.347494 0.252440 -0.050017 -0.358343 0.058152 -0.201178 -1.475361 0.116734 0.304034 0.287446 
0.144687 -0.074082 0.159273 -0.652507 -0.890144 0.033071 -0.784771 0.110491 0.277693 -0.542385 0.071010 -0.411424 0.092606 0.248096 0.455037 -0.134023 
0.152075 0.193056 0.051046 -0.171346 -0.344367 -0.054476 -0.305767 -0.319964 -0.499467 -0.255306 -0.164476 0.255356 0.354120 -0.152437 -0.562024 0.305196 
0.103827 0.198125 -0.069535 -0.086476 0.348529 0.021028 0.213971 0.031670 -0.361410 0.010464 -0.252246 -0.135012 0.236931 -0.443367 0.426060 0.338786 
0.223947 -0.113990 0.017529 -0.372370 0.046320 0.245393 0.084571 -0.510349 -0.039164 0.276133 0.310553 -1.033157 -0.253872 0.093855 0.199078 0.065317 
0.095186 0.018298 0.149184 -0.701334 0.115382 0.148942 -0.149382 0.153498 -0.076450 0.123242 0.069784 -0.183553 0.123852 0.108182 0.299032 -0.449332 
0.180211 -0.102108 0.082774 -0.120755 -0.161648 0.103355 0.133373 -0.003348 0.330132 0.200278 -0.515884 0.028099 0.105081 0.167767 0.008525 -0.772156 
0.016509 0.139533 -0.057537 0.510103 -0.999261 0.462710 0.245531 -0.026352 -0.965838 0.269035 0.042287 -0.767881 -0.559094 0.101367 -1.032493 0.079432 
-0.084311 0.009690 0.159610 0.002658 -0.038838 -0.249168 0.428245 0.156014 -0.127479 0.128608 0.109606 -0.037406 0.057721 0.106752 0.370351 -0.034097 
-0.156611 -0.317688 0.137364 -0.025844 0.230452 -0.161788 -0.168640 0.148458 0.097464 0.221723 -0.065969 -0.307422 0.074764 0.001842 -0.387480 -0.041418 
-0.032262 -0.155276 0.079631 -0.487331 -0.331488 0.175918 0.225915 0.093676 0.182726 0.083886 -0.004129 -0.053037 0.038370 -0.019701 0.724340 -0.469731 
0.030354 0.059178 -0.014973 -1.072286 0.152894 0.219850 0.487421 -0.544632 -0.606097 -0.336052 -0.003118 0.030623 0.177549 -0.073547 -0.094893 0.229910 
-0.000424 0.213836 0.063736 -0.892386 0.100307 0.274889 0.380862 -0.442989 -1.521822 0.002433 0.326664 0.232921 -0.392652 0.166289 -1.189757 0.062023 
0.090345 0.075499 -0.015480 -0.188347 -0.407978 0.069183 0.367847 0.062674 0.008548 0.077073 -0.964178 0.129886 0.065730 0.027299 -1.325683 -0.047778 
0.049989 0.056812 0.070996 -0.471472 0.024919 -5.222075 -1.802806 0.116105 0.079722 0.087671 0.021366 0.220952 0.200458 -1.427533 -0.404134 0.099821 
0.067987 -0.029646 -0.032980 -0.186351 0.050061 0.308461 -0.362264 -0.248744 0.201528 0.231056 -0.128460 -0.004609 -0.003755 -0.318181 -0.587811 0.208241 
-0.091233 -0.008451 -0.172020 -0.423412 -0.258600 0.360444 0.248720 -0.442586 0.023945 -0.171799 0.265868 0.175740 -0.075356 0.371275 0.330986 -0.034434 
-0.075746 0.040415 -0.576084 0.733339 0.768979 -0.028814 -0.580907 -0.131530 0.094674 0.049473 0.634611 -0.029615 0.361654 0.010241 0.029228 -0.114478 
-0.026975 -0.074924 -0.006932 0.616011 0.309527 0.010935 0.184909 0.010875 0.626567 -0.098745 -0.236468 -0.726674 -0.180695 -0.327671 -0.962163 0.065161 
0.152790 -0.091091 0.160482 0.169482 -0.469561 0.210071 0.010640 0.175116 -1.012304 0.230238 -0.261524 -0.642521 -0.762202 0.444616 0.140180 -1.140176 
0.140127 -0.193126 0.169123 0.017751 -0.230660 0.200948 -0.319046 0.017471 0.029556 0.154763 -0.338085 -0.584595 -0.057684 0.158399 -0.165005 -0.236966 
0.112822 0.152899 0.095046 0.558957 -0.824515 0.055274 0.131465 0.135931 -0.657464 0.079298 0.392200 -1.438066 -1.637572 0.198150 0.189073 -1.830000 
0.074458 0.093521 0.027805 0.146904 0.129677 0.137225 0.225921 0.044114 0.222284 0.064100 0.030463 0.073468 0.088952 0.052082 0.018854 0.055000 
0.011933 -0.426915 0.007695 -0.373038 1.279204 0.184621 -0.603108 -0.039663 0.396295 0.467385 0.150472 -0.758416 -0.508386 0.212808 -0.037515 -0.724344 
0.109282 -0.075356 -0.390810 -0.171290 0.126832 -0.192620 -0.273894 0.107189 -0.057578 -0.402700 0.137340 0.173035 0.094948 -0.591364 0.420232 -0.230095 
0.110522 0.162433 0.014007 -0.157410 -0.231387 0.015000 -0.191598 0.143140 0.158238 0.138071 -0.251933 0.319363 0.217541 -1.090808 -0.061763 0.217681 
0.192976 -0.421495 0.242085 -0.422648 -0.127275 0.131522 0.182560 0.274681 0.341110 0.151891 0.082768 -0.220975 0.269078 -0.143062 0.216907 -0.186234 
-0.209776 0.128559 -0.102913 0.213460 0.311745 -0.772303 -0.405786 -0.168395 0.342936 0.360129 -0.188287 -0.341478 0.001121 -0.040098 0.290704 -0.545671 
-0.038297 0.054011 0.008403 0.166506 0.725214 0.067227 -0.244080 -0.091567 0.120681 0.180765 0.489080 0.058009 0.028707 -0.339327 0.027099 0.211389 
0.144507 0.218623 0.087641 -0.311461 0.207823 0.163600 -0.606331 0.104956 0.475563 0.082532 -1.457041 0.125124 0.175766 -0.161478 -0.819371 0.106637 
-0.112590 0.330180 0.213330 -0.008651 -0.692144 0.290083 0.103871 0.223382 -0.380445 -0.451247 0.192840 0.586018 -1.332615 0.049553 0.218721 0.232162 
0.083826 0.131223 -0.550586 0.143778 -0.173203 0.102895 0.186944 -0.057371 0.218372 0.374153 0.272153 0.455297 -0.006732 -0.012627 -0.172715 -0.506760 
-0.068384 -0.156121 -0.246485 0.566806 0.604178 -0.153266 -0.071523 -0.353126 0.387989 -0.404965 -0.482362 0.267343 0.305327 -0.020994 -0.200300 -0.322001 
0.088553 0.076591 0.026120 0.109416 -0.436913 0.047771 -0.056162 0.055495 -0.043577 0.073521 -0.433196 0.088774 0.076389 -0.076952 -1.648488 0.079230 
-0.095682 -0.252460 0.227730 0.306551 0.517807 -0.207333 -0.269463 0.091815 -0.846489 0.148596 -0.054711 -0.578065 -1.117078 0.248042 0.567158 -0.288190 
-0.523304 -0.197157 0.166506 -0.268925 0.366673 0.208296 -0.299827 -0.042147 -0.704024 0.148866 -0.325911 0.244794 0.398640 0.071427 0.723276 -0.193087 
0.009236 -0.139146 0.103785 0.136402 -0.078197 -0.857047 -0.265785 0.309068 0.174521 -0.027973 -0.312330 -0.065434 -0.117009 0.280524 0.168761 0.244839 
0.090425 0.218302 0.096882 -0.965260 -0.900754 0.181807 0.298438 0.158060 -1.471879 -0.370301 0.276147 0.002925 -0.700190 0.095016 -0.806199 -0.271610 
0.203751 0.083107 0.075553 -0.762971 0.679285 0.032513 0.107388 -0.004163 -1.080713 -0.247805 -1.054541 -0.033380 0.132567 -0.115508 -0.415962 0.339880 
-0.108642 -0.451005 0.169154 0.253159 0.499042 -0.677220 0.056597 0.121876 -1.347502 -0.529936 0.416944 -0.446082 -0.580158 0.007282 0.482367 -0.659604 
0.240329 0.045830 0.068879 -0.466029 -0.426961 -0.109848 0.240007 0.106282 -0.034326 -0.817171 0.131017 0.245190 0.321703 0.146975 -0.450168 0.073419 
0.114261 0.044715 0.085164 0.458863 -0.395988 0.086494 0.209950 0.112659 -0.092968 0.173157 -1.226834 0.154432 0.141232 0.117374 -0.870295 -0.030058 
0.201590 0.222908 0.028726 -0.582762 0.275504 -0.201596 -0.676945 0.064708 -0.651394 0.225404 -0.816901 -0.160884 0.057160 0.263564 -0.255992 0.329898 
0.264051 -0.196143 0.164203 -0.178783 -0.168347 0.147726 0.165718 0.138921 0.070933 0.258274 -0.323800 0.275350 -0.732747 -0.101781 -1.350904 -0.272342 
0.011857 0.074897 0.090580 -0.372523 -0.179864 0.073759 0.127806 0.049432 0.064714 0.068529 0.200336 0.151890 0.124175 0.253915 -1.574247 -0.097370 
0.233448 -0.468856 0.250858 0.226235 -0.593127 -0.008578 0.416877 0.239589 0.016320 0.160187 -0.486951 -0.045721 0.261907 0.110231 -0.112407 -0.831759 
-0.042740 0.038045 0.051912 0.254421 0.348480 -0.080075 0.252839 0.061207 0.093932 0.053276 0.123636 -0.132166 -0.091690 -0.205939 0.498609 0.080752 
-0.623157 0.313009 0.011697 0.138670 0.042374 -0.253672 -0.450703 -0.489870 -1.113410 -0.354160 -0.104272 -0.363818 0.344504 0.055491 -0.146716 -0.736491 
0.098031 0.036092 0.209476 -0.800626 -0.351502 0.100150 0.175657 0.149354 -0.036488 0.034872 0.248098 -0.031238 -0.116766 0.339111 0.164235 -0.297761 
-0.358031 -0.133229 0.009833 0.214932 -0.178440 -0.021529 0.014109 -0.024813 0.400391 0.197730 0.282237 -0.103520 -0.030163 -0.203132 0.383362 -0.087669 
-0.058415 0.163909 0.065238 0.242151 -0.314236 0.445088 -0.435503 0.023297 -0.023524 -0.274146 -1.867614 0.051519 0.018646 -0.022624 -0.504313 0.171947 
0.006163 0.016753 0.002451 0.003797 -0.363668 0.006503 -0.204719 0.005766 -0.036200 -0.002535 -0.817211 0.013707 -0.013454 0.093848 -0.685792 0.033227 
0.083161 -0.875768 -0.063644 0.424031 0.099420 -0.129927 -0.168639 -0.092967 0.451632 0.011893 0.107107 -1.308574 -0.741123 0.223058 -0.097613 -1.118943 
-0.035505 0.060116 0.129729 -0.521660 0.106358 0.033807 -0.450272 0.189513 -0.300573 0.180082 -2.241931 0.118600 0.035113 0.059592 0.158483 0.057971 
-0.015005 0.033558 -0.077267 -0.077297 0.386189 0.035212 -0.142519 -0.165307 0.301760 0.255556 0.624565 -0.415822 -0.062306 -0.491064 -1.280385 0.159053 
0.217438 -0.035740 0.145614 -0.036318 -0.752365 0.078626 0.055323 0.128018 -0.521511 -0.849445 0.176680 -0.463339 -0.561082 0.268033 0.528670 0.281717 
-0.195236 0.288081 -0.122566 0.357577 -0.112658 0.185396 0.133637 -0.155057 -0.679538 0.269046 -0.505068 0.292001 0.192128 0.085960 -0.295847 0.071526 
0.090446 -0.059686 0.158270 0.366938 0.210058 0.075140 0.245086 -0.238698 0.546233 0.097053 0.378335 0.107649 0.028184 0.116751 0.008664 0.000291 
0.017785 0.104525 0.090881 -0.037800 -0.406698 0.316135 -0.585804 -0.312463 0.035719 0.042476 0.270132 -0.432727 0.236805 0.255062 -0.618020 -0.145283 
-0.328249 0.026290 0.216534 0.292166 0.126163 0.250715 -0.312773 0.085811 0.153808 0.451249 0.418260 0.021714 -0.349287 0.069193 -0.682518 -0.914889 
0.111603 0.069001 0.094007 -0.084785 0.144916 0.073099 0.214679 0.088465 0.012403 0.127973 -1.900091 0.129022 0.075125 0.078599 -1.391393 0.160775 
-0.089107 -0.122913 0.037427 0.293325 -0.170291 -0.134665 0.115715 0.076517 -0.896349 -0.832973 -0.274668 -0.391801 0.162796 0.016024 -1.296296 -0.286093 
0.070964 0.082782 0.048343 -0.032249 0.053875 0.154129 0.091963 0.051775 0.088132 0.050663 0.338967 0.083542 0.079186 -0.140371 0.134267 0.084010 
0.089507 0.116823 0.006356 0.275251 0.594160 -0.106972 0.066205 -0.006160 0.083327 -0.468796 -0.672647 0.132303 0.043504 0.036997 -0.564403 0.122790 
0.037353 0.107536 0.061426 0.092807 0.668633 0.100110 0.194919 0.010909 0.518648 0.282547 -0.313978 -0.720210 -0.628411 -0.078299 0.442391 0.285873 
-0.002281 0.076986 -0.122688 0.152479 -0.254077 0.270546 0.398111 -0.009671 -0.576532 -0.371042 -0.556106 0.092649 0.018459 -0.138322 -0.648463 -0.027966 
0.129020 0.252268 -0.024267 -0.727470 -2.590378 0.117661 0.121470 -0.101573 0.125682 0.072000 0.399225 0.026814 0.177630 0.034742 0.028149 -0.459242 
0.211475 0.150078 -0.154201 0.204950 0.368156 -0.105608 -0.242873 -0.188171 0.364560 0.114534 -0.290657 0.097511 -1.148502 -0.019782 -0.596049 0.107060 
-0.045591 -0.409707 0.146237 -0.032409 -0.245594 -0.066444 -0.306962 0.114291 -0.131128 0.002887 -0.401553 0.020856 0.194343 -0.045320 0.606321 -0.642090 
0.076009 -0.389848 0.048292 0.490484 -0.040759 0.055579 0.204123 0.100554 -0.103868 -0.090885 0.484605 -0.071144 -0.212581 0.155143 -0.384000 -0.280203 
0.089036 0.056191 -0.046010 -0.111200 0.184828 -0.091450 -0.078917 0.150331 0.219137 -0.406339 0.125619 -0.278529 -0.158718 0.133506 -0.535991 0.158901 
