0.123416 -0.208783 0.070374 0.298449 0.064658 -0.855657 0.095449 0.252115 0.098818 0.001046 -0.332792 0.200394 -0.245495 0.076914 -0.467319 -0.321639 
0.130334 -0.022006 0.098525 -0.008435 -0.755954 0.181856 -0.065159 -0.317539 0.018156 0.124101 0.048764 -0.260109 0.168047 0.121677 -0.700260 -0.666901 
0.000329 -0.692513 0.063293 -0.050446 0.105891 0.144265 -0.359616 -0.151786 -0.386000 -0.009111 -0.446831 -0.651658 -0.415654 -0.087905 -0.127049 0.043844 
-0.133036 -0.164634 0.069854 -0.059798 0.227109 -0.058498 -0.171198 0.011552 -0.697031 -0.075494 -0.260188 0.190616 0.326379 -0.297161 -0.043567 -0.311493 
0.018962 0.000819 0.135747 0.195324 1.256003 0.001905 -0.313152 -0.064305 0.101469 0.274165 -0.001673 -0.064479 0.073724 -0.007951 -0.776857 -0.100638 
0.094276 0.038300 0.012882 -0.234594 -0.039300 0.054379 0.015448 0.004391 0.158688 0.003502 -1.497771 0.100248 0.074445 0.278741 -1.056384 0.060928 
0.031161 0.091669 0.070040 0.068355 -0.172127 0.094791 0.053179 0.067691 0.332579 0.003865 -0.761773 0.060609 0.096644 0.057286 -0.555989 0.060139 
-0.014546 0.040589 0.082246 -0.447553 -0.132202 0.391173 0.343570 0.118714 -0.611896 -0.043665 0.374768 0.109980 0.079480 0.269770 -1.578490 -0.087376 
-0.017860 -0.003122 -0.115427 0.002932 0.445865 -0.034819 -0.066403 -0.222116 -0.196100 0.083102 -0.062760 -0.557309 -0.393736 0.103430 -1.007670 0.140326 
-0.571992 0.174692 -0.034246 0.382602 0.461353 -0.203704 0.084352 -0.476076 -0.491427 -0.034144 0.080805 0.261571 0.449480 0.011948 0.291317 -0.054802 
0.114316 0.124113 0.100564 -0.029318 -0.046382 0.121298 0.115233 0.048079 0.386596 0.152659 0.470551 -0.019149 0.066585 -0.238069 0.006500 0.097908 
0.046055 0.233605 0.064911 -0.084346 0.136181 0.283741 -0.103052 0.023243 -0.133185 0.121676 -0.488043 0.110377 0.139070 0.018356 0.460024 0.024179 
-0.021355 0.075142 0.004889 0.068598 -0.028911 0.008504 -0.165987 0.014456 -0.006519 -0.019051 -0.427143 0.019134 0.034993 0.224810 0.041730 0.062431 
-0.040845 -0.878976 -0.040734 0.185485 -0.186906 -0.500667 0.041264 -0.058694 0.279730 -0.079098 0.103024 -1.418273 -0.819673 0.144678 0.173233 -1.179397 
0.129899 0.135214 0.093469 -0.014769 0.025054 0.593709 0.139647 -0.174395 -0.401555 -0.223550 -0.975121 0.142940 0.059167 -0.226433 -0.804268 0.145021 
0.079422 0.093024 0.083709 -0.460224 0.039318 -4.803132 -1.990762 0.140431 0.021203 0.088144 0.025149 0.168189 0.176920 -1.534279 -0.258602 0.109009 
0.059144 0.036293 -0.296741 -0.061305 0.102180 -0.031280 -0.522594 0.001513 0.331483 -0.009132 0.052973 0.146606 0.042861 -0.965926 0.141057 -0.447263 
0.144135 -0.078146 0.190678 0.148774 -0.292392 -0.114539 0.035023 0.185990 -1.170669 -0.064151 0.201526 -1.192119 0.091539 0.152028 0.244583 -0.141326 
0.107922 0.043054 0.140653 0.130468 0.045835 0.086389 -0.555869 0.161296 0.257390 0.026396 -0.931218 0.093885 0.100726 0.117506 -1.192273 0.128345 
0.207630 0.199982 0.033106 -0.538220 -0.382705 0.128720 0.097771 0.089578 -0.286417 0.126443 -0.492005 0.193186 0.262608 -0.132520 0.468581 0.210649 
-0.049990 -0.072489 -0.226140 0.725617 0.050574 -0.548531 -0.272726 0.087752 -0.098138 -0.029443 -0.272582 0.286497 0.462486 -0.477989 -1.036500 -0.621358 
0.257355 0.196265 -0.292814 0.451956 -0.211559 -0.457064 0.038784 0.265085 -0.222653 -0.249651 -0.261853 0.382661 0.129391 -0.658238 -1.162081 0.436758 
0.018097 -0.044229 0.075242 -0.335150 -0.247464 0.086413 -0.841720 0.086139 0.176118 0.013665 -0.167375 0.110130 -0.707341 -0.030188 0.209074 -0.003343 
-0.019983 0.004197 0.106094 -0.617981 0.119636 0.183782 0.261051 0.160968 0.218461 0.013758 0.014195 -0.468925 -0.753642 -0.158427 0.647336 0.325267 
0.068874 -0.059745 0.068703 -0.856916 -0.768970 0.165982 -0.164809 0.017804 -0.014785 0.116140 0.161977 -0.239880 0.157389 0.178225 0.568302 -0.532248 
0.106258 -0.148591 0.213570 -0.107465 -1.187951 -0.119187 -0.075118 0.213570 0.282439 0.022831 -0.375004 -0.691319 -0.188720 -0.057519 0.383458 -0.895987 
0.058357 0.027178 -0.317745 0.023927 0.162711 0.023787 0.063400 -0.235721 -0.156329 0.260318 0.096599 -0.110249 0.071629 0.127013 0.224259 0.155725 
-0.287054 0.035273 -0.038896 -0.147978 0.409751 -0.270437 -0.719479 -0.003888 0.197750 0.037780 -0.712839 -0.204543 0.034085 -0.039805 0.574263 0.053020 
0.178097 0.080429 -0.158606 0.210326 0.726186 0.323619 -0.367061 -0.108252 0.225090 0.050737 -0.738703 0.062856 0.210087 -0.440898 -0.781375 0.065437 
-0.136447 0.156846 -0.295325 0.659000 0.341417 -0.213848 -0.461752 -0.107722 0.296640 0.355270 -0.417634 -0.223650 0.199181 -0.283132 -0.507392 0.186875 
-0.198525 -0.126342 0.081997 -0.052895 -0.167526 0.170960 0.048980 -0.185358 -0.424051 0.101819 0.292794 0.298479 0.047377 0.224932 0.290845 -0.162493 
0.033159 0.142400 -0.033537 0.430272 -0.012596 -0.053982 -0.287978 -0.087143 -0.673051 -0.655404 0.093723 -0.254650 0.350332 0.128219 -0.506848 0.214676 
0.108514 -0.300158 0.051378 0.656442 0.290640 0.211971 -0.021823 0.012916 -1.377107 -0.106700 -0.587198 -0.651943 0.242388 0.303823 -0.068463 -0.105759 
0.207535 -0.060052 0.078881 0.403406 -0.514032 -0.035408 0.264051 0.280511 -0.380426 -0.188930 0.497658 -0.002692 0.198041 -0.059120 0.105806 0.092792 
-0.199320 0.285741 0.054075 0.172286 -0.286504 0.166874 0.312807 -0.143134 -1.048970 0.132354 0.397363 0.525245 -0.157796 0.189836 -0.247634 -0.058348 
0.254454 -0.098489 0.209321 -0.690385 -0.236389 -0.319153 -0.271817 0.179456 0.173597 -0.930182 0.374204 -0.008016 -0.046413 0.395454 0.341506 0.093185 
-0.073857 -0.353665 0.094188 0.362496 0.168342 -0.075367 -0.401061 -0.122841 0.491536 -0.283649 0.609005 0.087296 -0.136938 0.133257 -0.064292 -0.463273 
0.133300 -0.044479 0.131042 -0.130120 -0.065848 -0.007929 -0.075203 0.060881 -0.257324 0.106422 -0.010363 -0.303255 -1.741808 0.188926 0.321016 -1.942492 
-0.081732 -0.195011 0.243727 0.538266 0.504584 0.209488 -0.321870 0.250810 0.443266 -0.046244 0.151212 -0.844528 -0.471515 -0.055747 0.048275 0.065938 
0.195158 0.222224 0.143999 -0.780240 -0.523324 -0.424210 -1.205183 0.092331 -0.021420 -0.045789 -0.651695 -0.307540 0.132699 0.177255 0.237828 0.239623 
-0.096631 -0.177385 0.137868 -0.021611 0.205331 0.188577 -0.117059 0.216577 0.380587 0.138004 0.015058 0.055200 0.086112 0.074139 0.348704 -0.016418 
-0.134225 -0.036355 0.077675 -0.026885 0.448462 -0.458340 0.323031 0.089503 0.035551 0.178908 -0.224595 -0.686440 -0.897736 0.026744 0.474736 0.018767 
0.097886 0.234220 0.220731 -0.579991 0.481254 0.208021 -0.022562 0.033340 -1.118359 -0.135970 0.167864 -0.280997 -0.425254 -0.391481 -1.188584 0.285183 
0.050221 -0.028735 0.149266 -0.681562 0.116784 -0.064835 0.088137 0.022610 0.130084 0.012077 -0.172425 -0.074194 0.065122 0.126963 0.559876 -0.052461 
0.160735 0.087921 -0.059899 0.478519 -0.103986 0.072550 0.302624 0.074341 -0.307336 0.153583 0.315079 -0.255016 -0.290708 -0.115255 -0.444209 -0.176892 
0.053200 0.041003 0.076346 -0.072603 0.155967 0.075885 0.421559 0.039630 0.308626 0.227202 -1.301600 0.114874 0.277811 0.077369 -0.798014 -0.046334 
0.080700 0.034671 0.025496 0.147405 -0.451001 -0.021473 0.188695 -0.068423 0.078582 -0.047442 -0.565601 0.069698 0.116513 0.145898 -1.182176 -0.208360 
0.153417 -0.262800 0.070920 0.328837 -0.187879 0.114430 0.239574 0.034150 0.157680 0.160528 0.418991 -0.008073 0.159755 -0.250634 -0.708516 -0.324748 
0.022874 0.144310 0.059898 0.005069 -0.132505 -0.009740 -0.149452 -0.010538 -0.312121 0.096272 -2.322748 0.124253 0.124492 0.034120 -0.102053 0.231226 
-0.123823 -0.071181 0.008340 0.422658 0.209040 -0.245316 0.079481 -0.004836 0.223041 0.021861 0.186636 0.054314 -0.098824 -0.125578 0.400228 -0.128626 
0.162422 -0.050446 0.147273 -0.457551 -0.774805 0.226627 0.162325 0.129992 0.566455 0.142951 -0.284640 -0.055823 0.127986 0.076389 -0.222499 -0.503890 
0.064002 0.192538 0.035329 -0.562400 -0.170554 0.344889 -0.463195 -0.015355 0.058951 -0.232490 -0.164538 -0.220525 0.371055 0.008191 0.147723 -0.253457 
0.021519 -0.057248 0.060186 -0.303701 0.083869 0.023639 -0.052505 0.301800 0.320357 -0.017085 -0.755739 0.099717 0.160577 0.440745 -0.226553 -0.069101 
0.216711 -0.144932 -0.097274 0.209502 0.011326 0.172921 -0.666393 -0.245181 -0.210012 -0.352405 -0.220358 0.152825 -0.036911 0.212532 -0.059187 0.440503 
0.040062 0.208968 0.112499 0.221655 -0.918371 0.303245 0.304110 0.064263 -0.846282 0.119052 0.430113 -0.479593 -1.169410 0.216492 -0.046777 -1.231135 
-0.063641 -0.065785 0.131667 0.204094 0.466025 0.132745 -0.141078 0.053404 -0.278518 0.044933 -0.281719 -0.551517 -0.579244 0.184994 0.478918 -0.167353 
0.189561 0.186210 -0.411825 -0.061836 -0.131691 0.170635 -0.014814 -0.000302 0.124581 -0.023696 0.450572 0.254684 0.012624 0.025188 -0.059921 -0.120336 
0.143237 0.196294 0.115234 0.074005 -0.017546 0.161702 -0.251997 0.090081 0.346516 0.150620 -0.859971 0.237038 0.150558 -0.216459 -0.276593 0.008911 
0.159872 0.325937 0.144999 -0.265712 -0.731089 0.143667 0.281275 0.206150 -0.283361 -0.491475 0.033015 -0.744862 -0.741371 0.210752 -1.700393 0.339960 
-0.062802 -0.008284 -0.194554 -0.490391 -0.011922 0.279575 0.469188 -0.801549 0.510415 -0.386386 -0.088528 0.176281 0.159519 0.162426 -0.099474 0.106529 
-0.738043 0.057255 0.191276 0.196130 -0.054899 -0.148138 -0.290481 -0.091853 -0.395115 -0.071670 0.116404 -0.996634 -0.011078 0.119652 -0.286204 -1.362025 
0.102932 0.095353 0.097485 0.083202 0.295208 0.038269 -0.132519 0.128784 0.180525 -0.129149 0.335378 0.151534 0.155702 0.022370 -0.862755 0.121029 
0.051309 -0.489099 0.024645 -0.884969 -0.193431 0.143912 0.204029 0.044300 -0.621543 -0.005344 -0.342672 0.084070 0.341493 -0.447438 -0.617951 -0.203164 
-0.107549 0.078510 0.082016 -0.442284 -0.491395 0.195396 -0.387436 -0.152837 0.687280 0.363293 0.443218 -0.520131 0.123389 0.136182 -1.249822 -0.763918 
0.136767 -0.050701 -0.113463 -0.289319 0.445808 0.181947 0.251956 -0.034066 -0.315112 0.187560 0.386852 -0.028505 0.136312 -0.080734 0.457708 0.108938 
0.085396 -0.014361 -0.234956 0.188140 0.162573 0.279649 0.245971 -0.342253 -0.132530 0.621802 -0.147185 0.293606 -0.263296 -0.356215 -0.516524 -0.087203 
-0.292673 -0.047580 0.164339 0.439213 -0.344018 0.159995 -0.611039 0.118947 -1.444209 0.121101 0.168837 0.098744 0.080891 0.225041 0.187774 -0.137112 
0.250858 0.250501 0.024954 0.343603 0.431710 0.125726 0.235430 0.141236 0.453158 -0.198712 -0.512929 0.360293 -1.230533 0.113452 -0.636236 0.251574 
-0.223727 -0.068729 0.109235 -0.064250 0.278762 -0.294928 0.117354 0.127100 -1.333818 0.053026 -0.089629 0.131390 0.176120 0.130385 0.232441 0.110301 
0.028232 0.046112 0.061523 -0.734005 0.458256 0.149476 -0.589201 0.035563 -0.779944 -0.223206 0.047694 -0.184015 -0.060997 0.213200 -0.323234 0.295300 
0.104194 -0.139893 0.065456 0.296400 0.574030 0.113763 0.373595 -0.043215 -0.314341 0.088655 -0.882963 0.080442 0.262239 -0.048948 -0.088289 0.023320 
0.075438 -0.215184 0.095858 -0.459808 0.273378 0.136164 0.272227 -0.123269 -0.164899 0.342911 -0.143004 -0.220180 -0.186876 0.140872 -0.763219 -0.027558 
0.011665 -0.094598 0.068803 0.391548 -0.485318 0.114502 -0.370391 0.046473 -0.367674 0.034970 -0.384279 -0.000312 -0.269549 0.326350 -0.340511 -0.185327 
0.110623 -0.349061 -0.135225 -0.904571 -0.437224 0.262976 0.408262 -0.000636 -0.290138 -0.025709 0.279380 0.108618 -0.448364 0.390291 0.083436 -0.531987 
0.203007 0.336721 -0.021235 -0.557428 -0.406491 -0.027557 0.385585 -0.073900 -0.272124 0.294484 0.262679 0.070824 0.154066 -0.077582 0.254961 0.246617 
0.102158 0.216628 0.132119 -0.670048 0.071273 0.227216 0.162163 0.193597 -0.340637 0.250214 -1.048142 0.231456 0.135002 -0.017300 -0.017556 0.168016 
0.112658 0.466575 0.234090 -0.438795 -0.560418 0.359597 0.447989 0.150538 -1.099183 -0.622727 0.271743 0.567680 -1.124148 0.175699 -0.398686 -0.350038 
0.101302 0.079252 0.045958 0.156035 -0.065858 0.209685 0.189367 0.051413 0.114264 0.064044 -0.594514 0.082143 0.066592 0.062190 0.199426 0.082584 
