-0.332544 -0.158698 0.042508 0.228469 -0.153422 -0.277890 -0.204328 0.152787 0.317246 0.048218 0.002948 0.136767 -0.237753 0.045016 -0.287923 -0.423812 
-0.211826 0.168237 -0.064041 -0.384997 0.311288 -0.353612 -0.469033 -0.159462 0.118111 0.174049 -0.088129 -0.162830 0.038570 0.050716 -0.139469 -0.279048 
0.056879 0.108654 -0.133381 -0.547332 -1.133738 -0.143849 0.170691 -0.160429 -0.025426 0.109151 0.246607 0.367811 0.364917 -0.128156 0.062728 -0.112430 
0.043855 0.122394 0.100977 -0.270476 -0.310537 0.097455 0.255036 0.074578 0.195538 0.089748 0.205466 0.115961 0.132858 0.163300 -0.436476 -0.046350 
-0.014183 -0.002665 0.083366 -0.728163 -0.269899 0.084854 0.305368 0.095170 -0.895394 -0.355093 0.115401 0.129430 -0.721944 0.010034 0.530836 -0.823649 
0.182658 0.077462 0.121672 -0.180811 0.106471 0.069174 0.189504 0.168914 -0.010371 0.013556 -1.560768 0.245247 0.236005 0.408179 -1.297822 0.064528 
-0.063528 -0.589663 -0.011311 0.401259 1.374196 -0.071028 0.203158 -0.091168 -0.120376 0.336184 -0.654271 -0.333492 0.409776 0.029500 0.417444 -0.460013 
0.060579 -0.045321 -0.196746 -0.382653 -0.312731 0.257052 -0.080107 -0.220542 0.015846 0.279793 0.072567 -0.106650 0.119074 0.155817 0.179626 -1.182274 
0.054593 -0.023600 0.018379 0.136374 0.393055 0.022097 -0.470749 0.039266 -0.652939 -0.210779 -0.747048 -0.987513 0.205206 0.038947 0.294352 -0.004379 
-0.188246 0.001512 0.125410 0.243352 -0.631046 0.198638 -0.014164 0.065190 -0.771115 0.071579 0.070980 0.105462 -1.583761 0.257622 -0.029453 -0.343729 
0.167277 0.029380 -0.070647 -0.236889 0.192130 0.259663 0.351653 -0.075887 -0.230228 -0.169724 -0.681192 0.075233 0.130900 -0.218212 0.230932 0.257520 
-0.502016 0.305427 0.104449 0.385221 0.239981 0.250374 -1.474975 -0.396226 -0.756286 -0.049455 0.123952 -0.147142 0.339739 0.027863 -0.079253 -0.381489 
0.105892 0.071805 0.031928 0.219732 0.130281 0.146110 0.249231 0.112819 -0.015515 0.117296 -1.332331 0.146126 0.144034 -0.228301 -0.876894 0.181709 
0.163274 0.292400 -0.270715 0.559493 0.015877 -0.030680 0.158623 -0.024918 -0.075390 0.608204 0.357069 -0.060197 -0.195048 -0.361503 -0.445307 -0.276435 
0.086452 0.222022 0.160618 -0.152813 -0.304667 0.014741 -0.103609 0.103028 0.223000 0.096863 -1.330677 0.160185 0.159996 -0.668844 -0.765383 0.228263 
0.201664 0.078868 0.052084 -0.410684 -0.599950 0.101749 0.229424 0.063092 -0.685628 -0.306069 -0.261077 -0.968704 -0.431621 0.149699 -0.999745 -0.346976 
0.280885 0.124173 -0.238470 0.106293 0.119521 -0.483672 -0.081332 0.220254 0.012897 0.025179 -0.591547 0.427395 -0.163945 -0.550026 -2.637181 -0.005990 
0.150054 -0.438144 0.010836 0.290789 0.241009 -0.289960 -0.402730 -0.025750 0.183625 0.163651 -0.134633 -1.694108 -0.574121 0.167131 -0.309753 0.063762 
0.055934 0.090246 0.092627 -0.076177 -0.040853 0.117253 0.050672 0.058694 0.076563 0.080837 0.208410 0.067093 0.135245 0.158731 0.391380 0.097945 
0.131915 0.056080 0.089840 -1.423734 -0.220242 0.202466 0.131114 -0.306311 -0.959685 -0.300812 0.269490 -0.207799 0.398386 0.165100 -0.237828 -0.222794 
0.054780 0.043931 0.067362 0.363814 0.173058 0.480705 0.594733 -0.710015 0.348417 -0.018206 -0.595275 0.129561 0.092067 0.090957 -0.405159 0.356387 
0.157450 0.122775 0.042882 0.213112 0.184975 0.196245 -0.373635 0.009683 -0.087937 0.099161 -0.955081 0.055591 0.121326 0.205964 -0.426462 0.272850 
-0.506946 -0.015864 0.276219 -0.073997 0.486824 -0.124973 0.167592 0.038571 -0.360482 0.053384 0.163016 -1.032029 -0.117095 0.282025 0.006740 -0.173486 
0.023863 -0.119949 -0.425020 0.085575 0.037986 0.283740 0.354088 -0.414590 0.300001 -0.307424 0.384767 0.395435 -0.024134 0.118282 0.164016 -0.205620 
0.064571 0.067067 0.058916 -0.254169 0.011886 -4.607456 -1.471297 0.141033 0.172443 0.063694 0.069980 0.186295 0.239546 -1.433208 -0.352148 0.077729 
0.107392 -0.140726 0.154429 0.376564 0.316106 0.311831 -0.974893 0.098872 0.237634 -0.107187 -0.532186 -0.098580 0.178332 0.057925 -1.684350 0.320327 
0.052375 0.095510 0.124274 -0.538428 -0.496656 0.117756 0.093793 0.132509 0.062700 -0.119483 0.264998 -0.008704 0.075470 0.076456 -1.165205 -0.148875 
-0.056029 -0.308695 0.113070 0.508760 0.498645 -0.029358 -0.113872 -0.179798 0.188422 -0.134301 0.501258 -0.154787 -0.403424 0.256973 0.090995 -0.373706 
-0.219741 -0.090122 -0.001969 -0.122930 -0.414590 0.261069 0.532352 0.095237 -1.350640 0.012221 0.360085 -0.083930 0.333447 0.075976 0.426130 -0.407171 
0.059334 0.139191 0.139305 0.083327 -0.047579 0.127954 -0.190512 0.057849 0.048637 0.160285 -0.195143 0.005839 0.119651 -0.039214 -1.408648 -0.026652 
0.136719 0.150644 0.185176 -0.571730 0.161900 -0.018639 -0.933680 0.122288 0.163466 0.246689 0.267098 0.168523 0.215413 -0.540276 0.616668 0.193428 
0.157189 0.028250 0.174322 -0.549986 0.040221 0.059394 -0.153996 0.305847 0.172483 0.142204 -0.740605 -0.063161 0.116138 0.337015 0.191292 -0.052064 
0.003246 0.241410 -0.706220 0.433010 0.328807 -0.061412 0.354882 -0.216065 -0.608315 -0.565755 -1.077125 0.536814 0.201532 0.352336 -1.516558 0.381147 
0.125452 -0.176142 0.080045 0.666098 -0.232621 -0.246602 -0.235613 0.159399 0.210275 -0.581816 0.021378 -0.549016 -0.071644 0.272563 -0.311242 -0.000492 
-0.044430 0.156200 -0.092923 -0.074418 0.409142 0.054228 0.071008 -0.125822 0.437284 0.203151 0.098888 -0.477058 -0.116807 -0.144476 -0.022541 0.149935 
0.156429 0.197082 0.012115 -0.364194 0.293591 0.078185 -0.371937 0.176869 0.259527 0.214111 -0.060833 0.278757 0.237357 -0.870040 0.483390 -0.445541 
0.073268 -0.074548 0.166946 -0.798642 0.548449 -0.088971 -0.251875 0.071314 -0.100521 0.485854 -0.481513 -0.008019 -0.380701 0.035094 -0.433095 0.054701 
0.165076 -0.008463 -0.002653 0.066107 -0.066735 0.163206 0.292554 -0.075228 0.164436 0.051888 0.543418 -0.105722 0.009998 -0.482399 -0.070063 0.088958 
0.082355 -0.440207 0.057731 0.290488 -0.616884 -0.118889 0.286145 0.049759 -0.495245 0.042647 0.402012 -1.512611 -0.650155 0.284188 0.678559 -1.477346 
0.144690 -0.383086 0.084471 -0.261046 -0.110457 0.014856 0.042257 0.130386 0.161006 -0.140458 0.159402 -0.073916 0.189165 0.151464 0.857903 -0.669372 
0.012850 0.054600 0.067968 0.126955 -0.079715 0.011762 -0.209747 -0.028118 0.019233 0.110709 0.018037 -0.028993 0.057583 -0.180051 -1.784195 -0.235313 
0.023876 -0.035664 0.027819 -0.219437 -0.142287 0.089128 0.037844 0.044283 0.126577 0.018636 -0.326760 0.008148 0.064346 -0.647191 -0.026207 -0.122963 
0.020508 -0.168245 0.069116 -0.254991 -0.552527 0.055833 0.039737 -0.036425 -0.454740 0.075578 -0.834998 0.055446 0.110308 0.090371 -0.482239 -0.018157 
0.097266 0.074644 0.254814 0.012647 -0.138270 0.168488 -0.188218 0.125827 0.018050 -0.029977 0.588125 -0.260172 0.212123 0.325122 0.279031 -0.184482 
-0.037104 -0.082329 -0.018287 0.163860 0.043236 0.153446 -0.114030 -0.071357 -0.562967 0.547957 0.133512 0.078106 -1.240859 0.159906 -0.384515 -0.283441 
0.060756 -0.075204 0.092143 -0.484833 -0.568053 0.088508 -0.075138 0.069684 0.207937 0.110412 -0.030642 -0.167879 0.048206 0.405984 -0.044174 -0.205274 
0.152673 0.277499 0.292904 0.137257 -0.691994 0.388003 0.218114 0.266174 0.092973 -0.011705 0.377933 0.120273 -1.937277 0.355384 0.445754 0.380120 
0.105053 0.048161 0.114875 0.359574 -0.567069 0.045835 -0.410772 -0.018655 0.087863 0.077620 -0.968667 -0.128362 -0.000362 0.225596 0.014534 0.270974 
0.279866 0.170652 0.023131 0.116276 0.169923 -0.031567 0.444219 0.098930 0.065736 -0.041118 0.008419 0.099684 -1.155497 -0.101747 -1.117307 0.218093 
0.104614 0.265482 0.041875 -0.698837 0.655462 0.031358 0.007161 -0.137897 0.151401 -0.029598 0.605345 0.127417 0.033363 -0.204467 0.061224 0.314673 
0.160048 0.123136 -0.005371 0.105405 -0.028675 0.186675 -0.321606 -0.068246 0.418572 -0.009340 -0.132111 0.151214 0.135136 0.000647 -1.725894 0.217751 
0.023338 0.092834 0.017517 0.263298 -0.189303 0.208603 0.248905 0.001109 0.145410 0.123657 -0.874039 0.212277 0.201146 -0.244709 -0.852062 0.005783 
-0.021807 -0.005970 0.015843 0.046302 0.422426 0.092051 -0.011076 0.077191 -0.050690 0.019816 -0.583666 -0.710927 -0.620007 -0.502342 0.621818 0.144807 
0.084742 0.037344 -0.004007 0.012581 0.281508 -0.008212 -0.573495 -0.020041 0.355471 -0.547096 -0.109630 -0.146351 -0.368956 0.084632 -0.123974 0.067347 
0.167448 -0.055999 0.124233 0.436469 -0.278016 0.071413 0.304151 0.085286 -0.079852 0.168952 -0.085499 0.024187 0.126407 -0.209624 -1.587708 -0.292495 
0.060696 0.081319 0.058778 -0.147661 -0.095201 0.100041 0.126696 0.098005 -0.110708 0.086033 0.535813 0.063690 0.098123 -0.282147 0.194118 0.076240 
0.280410 0.223071 0.220640 -1.804207 -0.172954 -0.746187 -0.048739 0.185583 0.078519 -0.412039 0.254583 0.238289 -0.007334 0.155553 0.488287 0.346633 
0.020449 -0.064595 0.134377 0.533750 0.488085 0.044966 -0.246724 0.105142 -0.281671 -0.000568 1.164385 -0.237761 0.003082 0.391752 -0.185495 0.009322 
0.005917 -0.043103 0.065032 0.343121 0.060572 0.231964 0.003538 0.055798 -0.055367 0.047572 0.014731 0.011003 0.096519 -0.113055 0.004745 0.101782 
0.287234 0.272531 0.314552 -0.560710 0.321581 0.250624 -0.066133 0.101034 -0.505767 0.062767 0.113042 -0.159434 -0.372560 -1.550103 -1.378439 0.382012 
-0.041332 0.148938 -0.013552 0.118378 -0.112857 -0.402172 -0.391923 -0.053993 -0.463596 -0.085949 -0.151668 -0.578916 0.340258 -0.156021 0.512484 0.205034 
0.185972 0.093904 0.193164 0.192549 0.094914 0.207445 0.153867 0.134345 -0.037076 0.142998 0.183943 0.170071 0.147570 0.075320 -1.171953 0.167305 
0.189680 0.121890 -0.302891 -0.629759 -0.112570 0.172124 0.046402 -0.173024 -0.065129 -0.124659 -0.430433 0.208127 0.314774 0.117787 -0.549491 0.141852 
0.194286 -0.475925 0.078300 -0.915917 -0.255699 0.339363 0.062973 -0.004677 -0.290881 0.282747 -0.028088 -0.712227 -0.269887 0.181781 0.390259 -0.413187 
0.087008 0.078044 0.116478 -0.217947 0.264310 -0.013418 -0.002963 -0.069383 0.168940 0.014233 -2.403107 0.226820 0.253692 0.043124 0.333747 0.111672 
0.021943 -0.081141 -0.070723 0.214951 -0.405130 0.080517 0.299488 0.366240 0.187861 -0.139198 -0.347761 0.122744 -0.084965 0.343236 -0.154514 0.142926 
0.144853 0.139766 0.120864 0.106272 0.220730 0.098232 -0.411438 0.062550 -0.582305 0.149062 0.008789 0.128511 0.089026 0.347503 -0.107827 0.212972 
-0.222381 -0.125033 0.029560 0.496072 0.508806 -0.342306 -0.375639 0.020549 0.257144 0.237814 -0.350560 -0.259072 -0.246147 0.003989 0.355450 -0.144953 
-0.459526 -0.087410 0.213758 0.091157 0.509142 -0.144408 -0.632081 0.091092 0.076603 0.219216 -0.230759 0.211488 0.463508 0.033708 0.543097 0.019986 
0.166301 -0.002321 -0.157550 0.396154 -0.595095 -0.206432 -0.012714 0.149500 -0.202074 -0.279432 0.053077 0.058607 0.207940 -0.316865 -0.467510 -0.069203 
-0.139680 0.176099 -0.029291 -0.773205 0.638888 0.224063 -0.521342 -0.040618 -0.285529 0.271032 -1.029285 0.054165 0.173564 -0.192413 0.947969 0.246880 
0.150010 0.220738 0.195472 0.065261 -0.757840 0.316192 0.249643 0.187807 -1.034504 -0.682012 -0.230890 -0.242276 -0.674027 0.351897 -0.863351 -0.654036 
0.195912 -0.308218 0.210809 -0.840284 -0.449206 0.054059 0.341812 0.187491 0.254943 0.106838 -0.748078 -0.206178 0.130941 -0.190125 -0.260727 -0.284755 
0.117192 0.354793 0.123843 -0.426123 0.504913 0.162735 -0.061945 0.115803 -0.621714 0.020385 0.382408 0.221382 0.175397 0.093857 0.728151 0.393370 
-0.006681 0.094089 0.077777 -1.087757 -1.312178 0.170612 -0.841074 0.045077 0.437213 -0.073191 -0.053867 -0.341232 0.224468 0.042001 0.108439 -0.646547 
-0.098229 0.319202 0.117455 -1.751010 -0.284029 0.279142 0.349512 -0.221781 -1.138963 -0.154545 0.467133 0.830207 -0.316354 0.153083 -0.978473 -0.344790 
0.164939 -0.223342 -0.100414 -0.109189 0.153513 0.227137 0.466628 0.084002 0.064752 0.045837 -0.027391 0.047631 0.055152 -0.457905 -0.335598 -0.156435 
0.000822 0.083108 0.253344 -0.114692 0.159443 -1.165544 -0.480827 0.242742 -0.314852 0.162537 -0.146691 -0.003735 -0.196225 0.122893 0.530277 0.172839 
-0.033792 -0.011278 0.098643 0.075936 0.059015 0.041234 -0.319357 0.082267 0.028409 0.127775 -1.796817 0.169149 0.184886 0.019640 -0.866869 -0.030523 
0.054213 -0.596955 0.239421 0.422312 0.383728 -0.338893 -0.281082 0.248901 -0.563443 -0.520710 0.279475 -1.274013 -0.776663 0.205600 0.206741 -1.438608 
