-0.023178 -0.004929 0.004528 -0.184132 0.535964 0.249814 0.029577 -0.077044 -0.018138 0.075939 -0.606002 -0.286964 -0.287670 -0.613079 -0.217208 0.267786 
0.104345 0.116015 0.021275 -1.075364 -0.277141 -0.133989 0.139997 0.083913 -0.386184 -0.303502 -0.659298 0.150994 0.358978 -0.317600 0.579892 -0.024275 
-0.091738 0.087062 0.043619 -1.025192 0.175136 0.298624 0.375996 -0.210127 -3.178287 -0.533425 0.019369 -0.016415 -0.061221 0.016266 -0.929128 -1.020314 
-0.138618 -0.018760 0.312940 0.308245 0.165555 0.119674 -0.143124 0.183342 -0.059673 0.386420 0.374511 0.423406 -0.818399 0.230001 -0.231391 -0.557490 
0.141568 -0.246469 0.079943 -0.592663 -0.418245 0.295573 0.119644 0.002595 -0.232914 0.015041 0.167224 -0.162889 -0.052037 0.076942 0.814465 -0.320777 
0.147762 0.098271 -0.017046 -0.462570 0.218305 -0.078710 -0.290009 0.085487 0.239362 0.025647 -0.290549 -0.022296 -0.284932 -0.762996 -0.466037 0.093983 
0.200617 -0.032216 0.094363 0.446911 -0.239017 0.167102 0.390283 0.330336 0.069616 0.133638 0.049921 0.098749 0.129407 -0.223075 -0.444907 0.353762 
-0.363691 -0.397858 -0.077416 0.427571 -0.053460 0.272629 0.079941 -0.171099 -1.200365 0.091024 -0.119468 0.010687 -0.006683 0.138340 -0.327100 -0.414822 
0.119214 0.051273 -0.126121 -0.793378 -0.149906 0.262887 0.427156 0.173358 -0.336612 -0.079066 0.377123 0.325429 -1.013085 0.410748 0.329206 0.366086 
0.053775 0.306921 0.105160 0.411601 -1.221928 0.306892 0.311019 0.013197 -0.696375 0.077271 0.171533 -0.100150 -1.606212 0.211065 -0.044150 -1.427543 
0.071474 -0.057920 0.054631 0.111806 0.211261 0.001059 0.169226 -0.019409 -0.365168 0.033800 -0.704034 0.046033 0.134267 -0.714157 -0.254364 -0.197339 
0.009689 -0.047274 0.173952 0.017101 0.475853 -0.158426 -0.103337 -0.048292 -1.790620 -0.059448 -0.364847 -1.873411 -0.483881 0.324019 1.008663 -0.630049 
0.047671 0.048019 0.019855 0.054090 -0.152170 0.059273 0.124359 0.000136 0.147007 -0.051523 -0.004634 0.047249 0.060595 0.084720 -0.110476 0.080754 
-0.037698 -0.078496 -0.006695 -0.166232 0.287165 0.002275 0.042964 0.020784 -0.683235 -0.112223 0.168981 -0.278203 -0.199789 -0.278210 -1.898235 0.000100 
-0.834128 0.275697 0.002613 0.170486 0.241161 -0.212808 -0.418208 -0.455026 -1.139232 -0.089339 -0.088667 -0.258069 0.300750 0.046106 0.036796 -0.513235 
0.058178 -0.024426 0.151122 0.603362 0.915845 -0.076401 -0.225284 0.198840 0.364123 0.201393 -0.114153 -0.432875 -1.025417 -0.085814 0.584432 0.308279 
0.194793 0.091220 -0.014925 -0.713527 -0.600210 0.027235 0.040227 0.019627 0.153046 0.379087 0.260421 -0.252186 0.125818 0.083568 0.517809 -0.893638 
0.044968 -0.082515 0.160013 0.069806 0.342258 0.061016 -0.164719 -0.031865 0.094679 0.043856 -0.416246 0.083150 0.134782 -0.258974 -0.548482 0.121337 
0.037274 0.172601 0.113895 -0.363156 0.046370 0.153830 0.103900 -0.632341 -0.391719 -0.124894 0.191703 0.167984 0.261769 -0.032048 -0.177387 0.314162 
0.087134 0.230651 0.130958 -0.362720 -1.016308 -0.177688 0.185159 0.106191 -0.450646 -0.162842 0.256395 -0.008198 -0.072103 -0.082704 -0.293535 0.280116 
0.158571 0.140393 0.030771 0.183487 0.130702 0.143273 0.416507 0.224143 -0.361997 0.122381 -1.204821 0.068135 0.116232 0.281320 -0.799067 0.149686 
0.037624 -0.827136 -0.028064 0.436402 -0.368880 -0.079053 0.050806 0.020574 -0.300133 -0.132481 0.102679 -0.376491 -0.343297 0.342675 0.204094 -1.856733 
0.213711 -0.206699 0.136784 0.086697 0.001130 -0.420637 0.245253 0.132880 -0.582424 0.051100 -0.148589 -0.025889 -0.585823 -0.109910 -0.208981 -0.419428 
0.151155 0.072785 -0.279679 -0.183773 0.140207 0.227264 0.368028 -0.239604 0.097918 -0.421520 0.101095 0.127291 0.058239 -0.156289 0.063627 0.161219 
0.060083 0.063563 -0.228133 0.500271 0.016565 0.235211 0.045283 -0.044996 -0.022053 0.433988 0.091218 0.387725 0.234565 -0.098916 0.197675 -0.916839 
0.006589 -0.174070 0.015982 0.320942 0.233814 0.305179 0.366274 -0.543547 0.180930 0.144091 0.036262 -0.463264 -0.697839 0.058606 -0.003707 0.134148 
-0.412904 -0.209697 0.039752 0.116545 0.390310 -0.415275 -0.327504 -0.045221 0.202461 0.075277 -0.921160 0.144009 0.298398 0.029597 0.321561 -0.075812 
0.063319 0.073850 -0.537839 0.076829 -0.220098 -0.964076 -0.549343 0.068499 0.102738 -0.104040 -0.269630 0.210947 0.235488 -1.225235 -1.116956 -0.090166 
-0.003013 -0.007578 0.000487 -0.018448 0.019454 0.017861 -0.599613 -0.008253 -0.652275 -0.062222 -0.154131 -0.067183 -0.059552 -0.071099 0.093348 0.063446 
-0.010694 -0.070197 -0.057852 0.030637 0.063699 -0.051165 -0.377508 -0.052612 0.156375 0.009190 -0.863950 0.040077 0.066818 -0.409919 0.236598 -0.122943 
0.246661 0.112620 0.195967 -0.441714 -0.247149 -0.789679 -0.067767 0.156042 -0.016848 -0.730160 0.402800 0.141144 0.007141 0.241799 0.489525 0.200134 
0.046519 -0.422664 0.090799 0.230762 -0.575431 0.022099 0.105442 -0.038936 -0.019172 0.082911 -0.605155 -0.009406 0.179349 -0.023949 -0.207065 -0.259029 
0.101515 0.046922 0.198690 -0.222180 -0.234895 -0.423285 -0.450380 0.184164 -0.414110 0.128932 -0.733065 0.199512 0.244742 -0.339539 0.029136 0.221118 
-0.027459 -0.253606 0.005693 -0.743355 -0.295571 -0.008732 0.511787 0.010898 0.135148 0.047356 -0.199548 -0.197642 -0.214908 0.148172 -0.054778 -0.800188 
0.103643 0.096151 0.118825 0.158372 0.121143 0.142085 -0.147690 -0.112086 0.340143 0.028898 -1.352831 0.134415 0.003796 -0.156788 -0.300265 0.289114 
0.052521 -0.088123 0.136582 -0.580416 0.287118 0.146516 0.398953 0.133333 -0.381117 0.057787 -0.180125 -0.343761 -0.142762 -0.283948 0.751933 0.090444 
0.161067 0.024326 0.070490 0.153083 -1.128788 -0.162881 0.140126 0.064347 -0.441353 -0.846302 -0.075439 -0.324705 -0.401987 0.014080 -0.157851 0.181295 
0.220584 -0.028053 -0.087296 -1.176923 0.194991 0.236540 0.310923 -0.154944 -0.414686 -0.266844 0.207788 -0.252610 0.253087 0.108652 -0.192314 -0.176352 
0.090654 -0.253601 0.002252 0.397494 0.352089 -0.035005 0.160693 -0.069343 0.672462 -0.420909 0.739650 0.011327 -0.478956 0.089141 0.106152 -0.004258 
-0.080750 -0.710741 0.145117 -0.071620 0.903789 -0.357458 -0.344530 0.125445 -0.003211 0.501575 0.329934 -0.871608 0.089757 0.051566 0.149830 -0.628733 
-0.295981 0.175787 -0.573784 0.234258 0.538203 -0.216029 0.100314 -0.408540 -0.056985 -0.212078 0.171120 0.088542 0.292535 -0.161164 0.382008 0.105941 
0.070986 0.034980 0.102449 -0.428720 -0.227078 0.223499 -1.134205 0.114790 0.233253 0.008134 -0.281244 0.089177 0.111140 0.041062 0.436682 0.116191 
0.080174 -0.135745 0.130095 -0.037915 0.167237 -0.034325 -0.477417 0.318538 -0.177970 0.157775 -1.155431 0.233846 0.117367 0.515149 -0.542081 0.123531 
0.033577 0.147197 0.139232 0.054606 0.077074 -0.095954 -0.523999 0.141353 -0.920075 0.219391 0.039539 -0.567759 -1.190847 0.031493 0.393251 0.016903 
0.015951 0.126065 0.031712 -0.149774 -0.039834 0.084889 -0.754939 0.133667 0.060256 0.157946 -1.033878 0.454875 0.157705 -0.198669 -0.285456 0.050410 
-0.235847 -0.221655 0.075129 0.195629 0.445626 -0.104090 -0.296957 0.094341 -0.264562 0.104201 0.075941 -0.335216 -0.156380 0.106074 0.091714 -0.138634 
-0.357403 0.125067 0.059813 0.111602 -0.068461 -0.154766 0.221772 0.007054 -0.155122 0.232431 0.422946 0.039557 0.139249 -0.237920 -0.084512 0.204143 
0.307164 0.300930 -0.101607 0.039217 -0.234771 -0.368750 -0.613912 0.260800 0.050076 -0.283410 -0.401289 0.159632 -0.178439 0.134680 -0.776468 0.314250 
0.063953 -0.053220 0.009197 0.222502 -0.381146 -0.013631 0.109201 -0.023324 -0.047687 0.071180 0.086722 0.092408 -0.073700 -0.224871 -1.648117 -0.312729 
-0.091125 0.341767 0.041442 0.117434 -0.696002 0.481383 0.073148 0.077872 -0.064352 -0.583655 -1.227993 -0.066574 -0.503648 -0.131471 -1.709545 0.334676 
0.012165 -0.297587 0.268364 0.231085 0.090772 0.162400 -0.981955 0.259950 -0.316498 -0.564055 0.247540 -0.917434 -0.991078 0.362054 0.425004 -0.669029 
-0.299887 -0.006437 0.198739 0.137191 -0.032480 -0.119543 0.260983 0.198467 -0.110751 0.047740 0.272185 -0.312969 -0.128873 0.192383 -0.052998 -0.208190 
0.051633 0.041196 -0.041130 0.426338 0.074147 0.069802 -0.231871 -0.044747 -0.136373 -0.017305 -0.331350 0.096978 0.108140 0.193752 -0.432993 0.039315 
0.082736 0.142738 -0.216928 0.342228 0.179185 -0.039832 -0.169892 -0.233381 -0.147419 0.021766 -2.033638 0.320623 0.134874 0.032308 -0.214997 0.139696 
-0.117730 -0.006902 0.068907 0.044232 0.048078 -0.305580 -0.620196 0.109358 -0.170438 0.091392 -1.182958 -0.025179 -0.176828 0.032961 0.009659 -0.075735 
-0.030907 -0.118007 -0.066855 -0.424389 1.153615 0.061117 -0.568861 -0.229268 -0.112444 0.156240 -0.893225 -0.096374 0.067193 -0.142044 -0.712285 0.258608 
0.010276 -0.025161 0.062538 -0.268569 -0.932062 0.137971 -0.002132 -0.020473 -0.189049 0.024807 -0.296955 -0.262676 -0.002874 0.116126 -1.579307 -0.852056 
0.001741 0.165735 0.104354 -1.080402 -0.065920 0.226031 0.241703 0.004608 -1.590761 0.077712 0.460617 0.010240 -0.210246 0.240867 -0.533802 -0.086420 
0.221288 0.136929 -0.127515 0.193081 -0.552497 0.086889 0.144602 -0.225716 0.123640 0.210428 -0.024799 0.124189 -0.192643 0.188677 -0.743326 0.053631 
-0.095323 0.002934 -0.086777 -0.126038 -0.389669 0.202908 0.110072 -0.277522 0.239862 -0.035270 0.288429 -0.074475 0.132394 0.131916 0.292881 -0.350564 
0.083998 0.102452 0.076644 0.086820 0.151004 0.100503 -0.038430 0.046610 0.173514 0.063044 -0.359868 0.053033 0.082809 0.009466 -0.523241 0.124487 
0.245847 -0.271901 0.059434 -0.412149 -0.394818 0.226903 -0.388578 -0.320981 -0.220936 -0.082531 -0.259652 -0.420859 -0.717265 0.216011 -0.648577 -0.051932 
0.096545 0.028695 -0.242103 -0.325050 -0.081189 0.225060 0.298497 -0.230119 0.047909 0.064358 -0.061236 0.005492 -0.084922 -0.431846 -0.963234 0.003178 
0.059410 0.016012 -0.008360 -0.003900 0.142579 0.102382 0.075693 0.074992 0.310625 0.054394 0.182743 0.034088 0.074802 -0.276544 0.657681 0.066228 
-0.108233 0.253044 0.214625 -0.383924 -0.678680 0.211345 0.241214 0.120711 -0.606320 -0.195433 0.256572 0.586044 -1.338777 0.176412 0.011365 -0.223876 
0.018909 0.008211 0.202917 -0.163181 -0.377115 0.071833 -0.180728 -0.050656 0.047826 -0.353468 0.358780 -1.430299 0.340450 0.268174 -0.089227 -1.094108 
0.068891 -0.045006 0.187442 -0.274897 -1.536387 0.037822 -0.576502 0.173987 0.504918 0.028798 -0.340567 0.089919 -0.028564 0.196856 0.039132 0.186914 
0.002670 -0.020863 0.002897 -0.024310 0.240472 -0.046599 -0.460931 -0.009973 0.263565 -0.012687 0.052059 -0.500848 -0.287165 0.159900 -0.274710 0.067100 
0.034677 0.123860 -0.033242 -0.022472 0.098855 0.268180 0.222470 -0.071091 0.381000 -0.243973 -0.409805 0.234848 0.210893 0.217994 -1.116441 -0.048539 
0.065069 0.186897 0.016686 -0.273536 -0.094592 -0.051390 -0.125593 0.039456 0.034106 -0.140308 0.064187 -0.094084 0.034216 -1.094556 -0.837023 0.044091 
0.103117 0.103694 0.125064 -0.352037 0.109638 -4.517170 -1.651883 0.160428 0.209721 0.135666 0.052249 0.242133 0.205816 -1.421700 -0.052724 0.127389 
0.174176 0.170589 -0.108712 -0.548171 -0.169688 0.227636 -0.248321 -0.084612 0.180921 0.023716 -0.665269 0.212021 0.228064 0.117726 -0.838405 0.203010 
-0.028206 -0.131752 0.082279 0.723121 0.095324 -0.115939 -0.148854 0.080394 -0.141279 -0.652450 -0.167956 -0.979499 -0.000983 0.071301 -1.003462 0.102529 
0.144899 0.250803 0.001559 -0.305229 0.029694 0.029378 0.207265 -0.017777 0.158077 -0.212802 -1.066460 0.116876 0.106178 -0.068803 0.046616 0.249421 
-0.009288 0.148234 -0.050607 -0.952948 -1.338935 0.052150 -0.040637 -0.063638 0.192981 0.005605 0.215439 0.139572 0.325839 -0.087689 -0.168793 -0.181490 
-0.240769 0.083775 -0.155042 -0.431567 0.398184 -0.155702 0.189021 -0.368733 0.305124 0.091221 -0.103471 -0.599863 -0.241213 0.318180 -0.431622 -0.093462 
0.156386 -0.070075 0.066383 0.349147 -0.751582 -0.095121 0.328074 0.337249 0.344092 -0.021664 -0.141082 0.099367 0.290482 -0.023725 -0.316196 -0.507910 
0.198637 -0.466447 0.121639 0.142924 -0.305672 0.140841 -0.287979 0.148022 0.372137 0.039296 -0.121777 -0.385124 0.075746 -0.013527 -1.281070 -0.164020 
0.107821 0.051448 -0.041354 0.290265 -0.027888 -0.001204 0.116316 0.035211 -0.475195 0.258926 0.582895 -0.605885 -0.616118 0.086807 0.355947 -0.296830 
-0.142456 -0.147025 0.080891 -0.465275 0.006393 0.312598 -0.728979 -0.109579 -0.325079 0.233800 -0.012568 -0.848859 -0.358287 0.105075 -0.885293 -0.272934 
-0.030681 -0.045184 -0.291448 0.069456 0.171302 -0.133430 -0.152348 -0.371617 -0.430902 0.369598 -0.049491 -0.297179 -0.804700 -0.284056 -0.708211 -0.142564 
-0.305276 -0.261042 0.018285 -0.066183 0.324448 -0.116218 -0.050481 0.026408 -0.222901 -0.293868 -0.061787 0.101261 0.257445 0.257205 0.084785 -0.058519 
