0.034654 0.004956 -0.112863 -0.543316 0.359614 0.251720 0.206078 0.014889 0.146189 -0.053787 0.010578 0.097548 0.222541 -0.002211 0.435919 0.216217 
0.058066 0.388768 0.063290 0.043107 -1.439796 0.266394 0.218780 -0.003301 -0.883947 0.073734 0.070868 0.169374 -1.326132 0.210303 -0.041455 -1.478314 
-0.149739 0.234062 -0.244871 -0.008976 0.279501 -0.511049 0.042514 -0.137290 0.093073 0.023190 0.093315 -0.289333 0.049150 -0.243655 0.000985 -0.524475 
0.093195 0.101748 0.086913 -0.364509 0.023169 -4.921852 -1.679083 0.138127 0.147649 0.084040 0.103040 0.169852 0.134283 -1.562726 -0.193671 0.129285 
0.026577 -0.274404 -0.044454 0.307877 0.520432 0.089947 -0.114059 -0.150868 0.250028 0.164614 -0.413458 -1.334298 -0.740065 -0.131990 -0.572872 0.059690 
-0.024546 0.057078 0.131325 -1.137017 -1.033109 0.217276 0.153671 -0.001950 -0.152934 0.206086 0.347567 0.360730 -0.180272 0.209646 0.312028 0.021639 
0.198833 -0.022755 -0.054081 0.101670 -0.285478 -0.233111 0.100393 -0.084844 -1.345407 0.187004 -0.144297 0.150568 -0.361468 -0.189259 0.056419 0.109029 
0.226790 0.084893 -0.110815 -0.281730 0.223552 -0.079886 0.349442 0.223373 -0.084681 -0.163544 0.263308 0.047903 -0.562183 -0.026989 0.335543 0.147312 
0.070533 -0.057060 0.112808 0.288688 -0.207137 0.131190 -0.236457 0.082134 -0.722476 0.242610 0.120241 -0.202783 -0.315841 0.327321 -0.604702 -0.365121 
0.015479 -0.400065 0.128263 0.262041 0.282724 -0.012666 0.008034 0.120310 -1.123094 -0.422618 -0.043748 0.106300 -0.006125 0.048986 0.148005 -0.519478 
-0.064595 -0.049206 -0.027607 0.574989 0.440375 -0.068947 -0.029988 0.084500 0.154268 -0.047229 0.198888 -0.364064 -1.564798 -0.058225 -0.195649 0.225470 
-0.170008 -0.003953 0.010048 -0.274801 0.385589 -0.795016 -0.397655 0.021423 0.133808 0.167508 -0.028072 -0.437004 -0.183705 -0.001684 0.668144 0.097328 
-0.202458 0.058199 0.153404 0.063908 0.123780 -0.257528 -1.627736 0.133032 -0.937935 0.116234 -0.725417 0.242235 0.348754 0.173902 0.313175 0.012620 
0.121314 0.045119 -0.108488 -0.503306 0.313460 0.207959 0.243656 -0.593862 -0.483100 -0.434411 -0.307524 0.218454 0.407858 -0.053056 -0.742373 0.185387 
-0.007171 0.088960 -0.106823 0.215444 -0.096030 -0.013483 -0.010389 -0.341525 0.342874 0.030206 -0.149310 0.038988 0.109509 -0.001924 -1.201651 -0.132693 
-0.131030 0.144944 0.066451 -0.300039 -0.936983 0.126968 0.140908 0.066376 -1.962099 0.147878 0.165688 0.109340 -1.145248 0.191685 -1.030535 0.041287 
0.167817 0.186925 0.041094 0.440972 -0.339192 0.196995 0.332693 0.140920 -0.527518 0.180608 0.206627 -0.065620 -0.087943 0.005704 0.353169 -0.439485 
-0.054494 -0.146421 -0.012704 0.195044 0.130443 -0.299791 0.174239 0.059831 -0.161164 0.354832 -0.036099 -0.000573 0.225655 -0.462429 -0.070143 0.087831 
-0.006642 -0.019430 0.143327 -0.176225 0.226160 -0.052830 -0.091889 0.064608 0.427033 0.405972 0.157488 -0.361700 -0.028108 0.128046 -1.006020 -0.528657 
0.071300 0.010962 0.040088 0.177557 -0.045046 0.156464 0.031807 0.091100 0.081853 -0.044717 -1.004472 0.028856 0.097111 0.014093 0.355287 0.109099 
0.089763 0.061100 0.224015 0.182670 0.026584 0.143274 -0.102682 0.242270 -0.757127 0.059174 0.335717 -0.252211 0.038204 -0.084426 -0.587558 0.171515 
-0.428612 0.170887 0.048766 -0.150464 0.054839 0.431440 -0.533355 -0.373799 -0.369394 -0.004081 0.113438 -0.003600 0.285202 -0.121416 0.329177 -0.603332 
-0.010518 -0.038948 0.104031 0.134961 0.108640 -0.021092 -0.175024 0.104134 -0.374375 0.073557 -0.926512 0.235971 0.292262 -0.085720 -0.706933 0.002503 
0.089596 0.100220 0.142870 -0.756497 -0.479998 0.156610 -0.228432 0.156607 0.506193 0.064747 -0.654487 0.123926 0.122022 0.068833 -0.573495 0.026989 
-0.387667 -0.094672 0.225258 0.325161 0.059357 -0.084978 -0.206719 0.196243 -0.223952 0.283828 -0.080414 -0.292436 -0.721905 0.223084 0.042947 -0.434375 
-0.361418 -0.259682 0.105065 -0.985604 0.439679 -0.186221 0.230696 -0.084553 0.086846 -0.107831 0.474073 -0.122456 0.213307 0.049478 -0.217559 -0.425551 
-0.128021 -0.127250 0.012869 -0.676274 -0.445998 0.191583 0.152551 -0.119561 -2.163202 -0.273738 0.025118 -0.918833 0.057177 0.156388 -0.028727 -1.155539 
0.252576 0.226298 0.065729 -0.125752 -0.062235 -0.194456 -0.435344 -0.022917 -0.508937 0.410971 0.216259 -0.912135 -0.629841 0.031986 0.132868 0.417858 
0.153091 -0.064776 -0.031002 -0.010818 0.003266 0.099416 -0.044272 0.040769 0.195352 0.295700 -0.498011 0.099133 0.298332 -0.122463 -1.160570 -0.092080 
0.121989 0.153469 0.076804 0.093179 0.095202 0.182054 0.150628 0.217337 0.564152 -0.016477 0.201992 0.095853 0.151777 -0.353569 -1.042526 0.075555 
0.314783 0.007032 0.209211 -0.489429 -0.298268 0.245306 0.235608 0.107284 -0.267008 0.028966 0.243444 -1.198842 -0.117709 0.225002 -0.476231 -2.152506 
0.090941 -0.088704 0.077920 0.304076 0.023344 0.048064 0.020156 0.003537 0.076008 0.075378 0.547206 0.026382 0.044371 -0.025263 -0.896805 -0.009112 
-0.304939 -0.692992 0.092945 0.021695 0.428235 -0.333151 -0.848075 0.044877 0.203411 0.349602 -0.370792 -0.433270 -0.316608 0.180188 -0.323466 -0.554766 
0.007240 -0.300299 0.104970 0.137727 -0.261790 0.084038 -0.460044 -0.044242 0.307564 -0.002796 0.074756 0.020290 0.057941 0.201658 0.296259 -0.751250 
0.154525 0.118714 -0.099637 -0.274284 0.280006 0.351940 0.571123 0.144962 -0.775201 0.295642 -0.545598 0.026187 0.096433 -0.140392 -0.292882 0.259175 
0.094153 -0.221617 0.090216 0.309615 -0.109906 -0.147932 -0.042463 0.094346 -0.213688 -0.289133 0.083224 0.111621 -0.021590 0.053318 -0.830127 0.028871 
0.155754 0.233239 0.198819 -0.409393 0.074245 0.584194 -0.355470 -0.152618 -0.746640 -0.307095 -0.320794 0.141064 -0.210624 -0.038768 -1.173681 0.317955 
0.178812 0.315589 0.144097 -1.300578 -0.149388 0.287701 0.357839 -0.072532 -1.318571 -0.677972 0.050042 0.429233 -0.488319 0.022918 -0.786389 0.058606 
0.060959 0.051529 -0.028869 0.016881 -0.169049 0.095220 0.236560 0.116466 0.200400 0.099787 -1.038318 0.092820 0.102386 0.363808 -0.824291 0.028967 
0.220092 -0.413262 0.202097 -0.050960 -0.132200 0.260875 -0.828269 -0.048071 0.024892 0.138621 -1.106668 -0.324598 0.022994 0.046039 -0.346972 -0.068393 
0.000121 0.016781 -0.158153 0.414764 0.439487 -0.001323 -0.149858 -0.247410 -0.018139 0.506958 0.122320 0.069689 -0.282814 -0.245558 -0.384129 -0.237400 
0.118485 0.148772 0.078805 -0.082821 -0.269068 0.059256 -0.124764 0.022861 -0.124187 0.185087 -1.300620 0.184493 0.231017 -0.356632 -0.295478 0.243814 
-0.124713 -0.082543 0.144550 -0.304680 -0.580731 -0.012407 0.138688 0.137242 0.179101 -0.211014 0.513619 -0.064865 -0.075739 0.176770 0.562102 -0.043614 
0.096399 0.087453 0.093749 -0.168045 -0.163042 0.257257 -0.079299 0.108533 0.423985 -0.015314 -0.304010 0.181347 0.199173 -0.516714 -0.879354 0.145423 
0.082780 0.126057 0.059779 0.004154 -1.038850 0.180063 -0.330328 -0.201105 0.341572 0.044005 -0.092836 0.066480 0.148926 0.137899 -0.813115 0.173531 
-0.014901 -0.433993 -0.154528 0.465915 0.142623 0.101314 0.030993 -0.108118 -0.046788 -0.303514 0.317791 -1.125768 -0.352099 -0.128611 -0.040348 -0.699609 
0.156132 0.102005 0.121615 -0.050283 -0.512749 -0.161153 0.249818 0.137934 -0.661776 -0.913721 0.358707 -0.050371 -0.035466 0.118028 0.427008 0.128515 
0.189886 0.134039 -0.131725 0.068649 -0.104148 0.176671 0.004802 -0.142622 0.276311 -0.227458 -0.128296 0.381234 -0.363316 0.053644 -0.435756 0.085427 
-0.247061 0.536067 0.161869 0.092811 -0.385969 0.136379 0.325899 0.162040 -0.913813 -0.655373 0.210311 0.335088 -0.431821 0.026160 -0.410778 0.108054 
0.174638 0.138915 0.188949 0.406433 -0.219371 -0.334094 -0.927581 0.111816 0.175554 -0.356008 -0.407377 0.033987 0.095389 0.278962 -0.133921 0.309948 
0.044504 0.111049 0.103244 -0.765277 -0.125080 0.140594 0.169201 0.116601 0.158065 0.021770 -0.246381 -0.458121 -0.360816 -0.633067 -0.654796 0.143002 
-0.426091 0.095835 -0.215459 -0.204576 0.002342 0.223235 0.435790 -0.692596 0.642675 -0.110041 0.063242 0.007853 0.172511 0.162358 0.310695 -0.125986 
0.090379 -0.108574 0.077538 0.024328 -1.139421 0.135821 0.155054 0.034433 -0.440919 -0.507319 0.127117 -0.169037 -0.185683 0.192658 -0.806207 0.108592 
0.078654 -0.445261 0.157644 0.327112 0.708777 0.127056 -0.176270 0.014501 0.122128 -0.049246 0.274214 -0.396114 -1.578631 0.163016 0.477998 -0.855842 
0.258075 0.323887 -0.021970 -1.594854 -1.690148 0.075903 -0.099803 0.084763 -0.062779 0.307896 0.487275 -0.072850 0.211350 0.020314 -0.199691 -0.295438 
0.153329 0.142199 0.132706 -0.719553 0.472150 0.013680 0.244290 -0.125955 -0.117862 0.273610 -0.074612 -0.173413 -0.536853 0.067746 0.111497 0.177200 
0.199458 0.254532 -0.219646 -0.054878 -0.046647 -0.296694 -0.409150 0.179170 0.476847 -0.026599 -0.968998 0.306228 -0.207211 -0.792799 -2.189576 0.072574 
0.016724 0.074949 -0.082815 -0.361420 -0.063177 -0.106796 -0.141479 -0.028644 -0.141243 -0.060214 -1.887482 0.029845 0.083874 0.017791 0.374547 0.159620 
-0.047564 -0.249791 -0.214829 0.585549 0.031010 -0.527359 -0.091574 -0.107967 0.220261 -0.194278 0.173233 0.043904 -0.034251 0.191125 -0.249445 -0.180944 
0.099250 -0.063630 -0.031766 -0.285927 0.162851 -0.637479 -0.359115 0.214967 -1.087456 -0.240766 -0.335860 -0.000030 0.072337 0.107357 -0.240042 0.240770 
0.196082 0.107448 0.091754 0.213894 0.352605 -0.219010 -0.471351 0.127491 -0.152222 0.135252 -0.011636 -0.358359 -0.517433 -0.050967 -0.766845 0.206848 
0.219875 0.294441 0.201510 -0.044699 0.340564 0.487697 0.206845 -0.366972 -0.039627 0.083526 -0.991449 0.224596 0.191432 -0.383688 -0.722662 0.335866 
0.194707 0.172311 0.074850 -0.057816 0.097636 0.161669 -0.198194 0.210294 0.057536 0.226588 0.097033 0.324784 0.210612 -0.963008 0.333244 -0.279191 
-0.212462 -0.598392 0.013918 0.002952 0.056770 -0.009959 -0.018981 -0.073239 -0.553808 0.137851 -0.361693 0.145820 0.403903 0.186352 0.237139 -0.191955 
-0.051349 -0.023740 0.080952 -0.008010 0.510503 0.155244 0.033634 0.108254 0.274009 -0.166964 -1.156614 -0.106831 -0.177944 -0.334047 0.281251 0.304518 
0.176206 0.124163 0.102579 -1.018448 -0.326133 -0.166005 -0.506652 0.058285 0.373724 -0.715452 -0.009798 0.149827 0.433549 0.091790 0.394128 -0.245046 
0.120216 0.108167 -0.511104 0.401067 0.608094 0.269512 -0.342907 -0.326682 -0.040771 0.225255 -0.609944 0.400604 0.288357 0.055864 0.392592 0.213336 
-0.011817 0.062588 0.068974 -0.341649 0.583571 0.012537 0.239007 0.065555 -1.535416 0.214131 0.026019 -0.026515 -0.034045 -0.199787 0.590565 0.128258 
-0.081845 0.060945 -0.240052 -0.085905 -0.042686 0.110600 0.154587 -0.160940 -0.023156 0.109517 0.487958 0.301326 0.180718 0.027973 0.242628 -0.256192 
0.228273 -0.217253 0.138179 -0.509170 -0.278743 0.158069 0.663621 0.163236 0.123006 0.020095 0.563421 -0.542330 -0.746058 0.351595 0.745618 -0.329639 
0.050387 -0.120995 -0.155491 0.104002 -0.070476 0.422055 -0.141944 -0.112365 -0.406615 0.097973 -0.261098 -0.001640 -0.033901 -0.143101 -0.830612 0.113606 
0.131010 0.015126 0.051636 0.444863 0.453021 0.135767 -0.035172 0.087544 0.218386 0.079063 0.381168 0.098552 0.186578 -0.158199 -0.631205 0.022919 
0.126241 0.045874 0.111540 0.315065 -0.444626 0.080017 0.231819 0.095573 0.275403 0.125088 0.052282 0.034839 0.092994 0.200107 -1.720000 -0.562787 
0.189393 -0.320023 0.242343 -0.060154 0.394642 0.102799 0.089379 0.244261 -0.172809 -0.049854 -0.759461 -0.625020 -0.335333 0.505449 -0.483915 0.104615 
-0.562721 0.097679 -0.146756 0.397528 -0.101308 -0.272035 -0.475644 -0.335492 -0.655407 -0.640792 0.175137 -1.244177 0.298006 0.074848 -0.497108 -0.107652 
0.107267 -0.589116 0.205451 -0.053988 -0.874943 -0.153599 0.315849 0.215199 0.096974 -0.060173 -0.427233 -0.603476 -0.051659 0.043671 0.023606 -1.209511 
-0.240556 0.301467 0.082457 -0.234513 0.441935 0.078736 -0.110322 -0.053595 -1.847681 0.067367 -0.509636 0.032647 0.172780 -0.095740 0.516963 0.352643 
0.096724 0.016215 0.026330 0.330115 0.142167 0.187415 -0.746335 0.030637 0.052396 -0.774917 -0.963693 0.050481 0.047266 0.313199 -0.100847 -0.101928 
-0.029033 -0.098559 -0.233947 -0.072194 0.581028 0.029216 0.182662 -0.140287 0.476685 0.203141 0.021438 -0.078812 -0.521001 -0.176176 0.490519 -0.038630 
-0.034323 0.000206 0.116170 0.314204 -0.156852 -0.013333 -0.305075 0.296596 0.297259 0.116361 -1.131808 0.422244 -0.042405 0.219707 0.070156 -0.171338 
-0.021090 0.027871 0.052398 0.303161 0.509856 -0.127116 0.180575 0.001404 -0.384131 0.004392 -0.016326 0.015617 0.014779 -0.203640 -0.406070 0.052242 
0.069773 -0.702245 0.005094 0.165191 -0.383478 -0.198623 0.375661 -0.013640 0.026114 0.025039 0.151862 -1.121986 -0.130083 0.331913 0.713453 -1.338782 
0.147439 0.079838 -0.310665 0.528645 -0.603980 -0.208524 0.399817 0.171547 -0.509504 0.059664 -0.388833 0.314151 0.491614 -0.385775 -0.060514 -0.190082 
0.263581 0.297208 0.101040 -0.989765 0.120265 -0.047088 -0.375220 0.197880 -0.010669 -0.090134 -0.472464 -0.266262 -0.001244 0.239833 0.317872 0.314480 
