0.033294 -0.060920 -0.057739 -0.279418 -0.242741 0.164704 0.078118 -0.023386 -0.058322 0.149784 -0.032700 -0.057871 0.223295 0.370384 0.671991 -0.737664 
-0.523140 0.049655 0.083932 0.271397 0.164220 -0.020236 -0.010741 0.000114 -0.999506 0.221269 -0.170843 -0.323655 -0.450454 0.267721 0.252277 -0.416685 
0.092676 -0.166826 0.228291 -0.046583 0.081535 -0.397382 -0.051362 0.208476 0.027459 -0.280798 0.613652 0.006496 0.044374 0.206179 0.361149 -0.252278 
0.016305 0.021330 0.000721 0.072231 0.111174 0.089703 -0.032081 -0.003117 0.011623 0.034104 -0.013484 0.016514 0.006577 -0.203989 -0.535867 0.038116 
-0.040489 0.027559 -0.029238 -0.073409 -0.164697 0.239360 0.123296 -0.416465 -0.303147 0.117916 0.158984 0.060588 -0.283653 0.325358 -0.462676 -0.185805 
0.246592 0.052070 0.134121 0.018865 -0.772004 -0.259804 0.302193 0.132003 -0.272990 -0.734655 -0.135888 -0.058312 0.304116 0.248569 -0.780478 0.172712 
0.008113 0.121278 0.067870 -0.593713 0.553386 0.054298 -0.011815 0.067042 0.100813 0.194729 -0.913650 -0.166089 -0.430221 -0.102078 0.647176 0.165168 
0.020505 -0.058754 -0.013020 -1.228064 -0.235798 0.014776 0.262055 0.003505 -1.057747 0.065684 0.144554 -0.035674 -0.311454 0.129233 0.591045 0.077034 
0.255794 -0.391064 0.110647 -0.000195 1.498057 0.315657 0.454321 0.110935 -0.264518 -0.119914 -0.749826 -0.271204 0.417520 0.110107 0.451537 -0.526046 
0.095934 -0.171535 0.075766 0.141436 0.387802 0.184391 -0.174390 0.000222 0.404660 0.220047 0.198615 -1.130587 -0.545231 -0.146702 -0.432366 0.291151 
-0.040251 0.060681 0.257576 -0.516034 -0.607987 0.081633 -0.382365 0.256260 0.140109 0.052332 0.029688 -0.109034 -0.311791 0.070147 -0.161014 0.028255 
-0.083411 0.377250 -0.102838 -0.119899 -0.122163 -0.228273 -0.066110 -0.191284 -0.303419 0.062950 -0.971626 0.160439 0.196703 -0.061059 0.254698 0.367626 
-0.025112 0.070177 0.079795 0.331137 0.426123 0.140480 0.081960 0.170134 0.451276 0.104049 -0.047094 -0.038173 -1.278406 0.055845 0.458479 0.281638 
0.058169 0.044173 0.038772 0.122945 0.024315 0.096751 -0.150338 0.057685 0.062917 -0.010758 -0.338476 0.105950 0.073518 -0.012349 -0.613169 0.086030 
0.043253 0.273156 -0.089769 -0.762142 -1.702432 0.089716 0.076958 -0.121277 -0.175564 0.057980 0.242182 -0.261133 0.402746 0.104709 -0.309808 -0.496022 
0.059326 0.068884 -0.126738 -0.280395 0.202444 -0.048846 0.283549 -0.104671 0.058924 0.028633 0.482814 -0.638457 -0.444875 -0.045558 0.158212 0.117558 
0.092044 0.024434 0.050200 -0.725582 0.063657 0.124735 0.060057 0.040895 0.465181 0.122728 -0.477075 -0.075202 -0.083242 -0.190690 -0.698053 0.061698 
-0.001374 -0.238515 -0.082251 -0.745927 -0.056558 0.270068 0.287081 -0.133015 0.089708 0.003473 0.256243 -0.077143 0.016624 -0.104033 0.554321 -0.102823 
0.240068 0.240951 0.246621 -0.722191 -0.355054 -0.198485 0.283574 0.230922 -0.221526 -0.793221 -0.035946 0.213218 -0.242654 0.235353 0.528303 0.241443 
-0.770974 0.005687 0.081247 0.051566 0.321714 -0.261846 -0.215955 -0.368442 -1.289789 -0.248096 0.090486 -0.375109 0.170887 0.018140 0.238227 -0.640145 
0.041827 -0.050410 0.030434 -0.108385 -0.306842 0.074427 0.179256 0.072019 0.332250 0.070550 -0.132510 -0.005758 0.064576 -0.249036 -0.224222 -0.053742 
0.181157 -0.014652 -0.002678 -0.042801 0.078660 -0.042235 0.348189 0.292523 -0.364552 -0.044736 0.542227 0.180604 0.012105 -0.289248 0.674558 0.031588 
0.056886 0.031715 0.156930 -0.055834 0.414097 0.048196 0.003914 0.120395 -0.187654 0.152362 -0.344043 0.046981 0.074317 0.099665 -0.231582 0.117480 
0.171910 0.067258 -0.320328 0.331335 0.788461 0.190411 -0.352041 -0.157245 0.194972 0.271821 -1.332700 -0.007462 0.253020 -0.049896 -0.375792 0.152612 
-0.044684 0.222924 -0.231658 0.756303 0.800363 -0.227244 -0.329565 -0.263042 0.022794 -0.080707 -0.685842 0.228409 0.325856 -0.678779 -0.088069 0.281002 
0.197557 0.110946 0.024048 -0.227797 -0.007587 -0.182208 -0.467407 0.031332 0.004574 0.081928 0.102301 -0.583091 -1.354011 0.054101 -0.532619 0.225215 
0.066863 0.067244 0.038189 0.000595 0.120270 0.081467 -0.210614 0.053236 0.115609 -0.280757 -1.630962 0.095675 0.095145 0.177845 -0.600706 0.064208 
0.006290 -0.043838 0.070951 -0.207905 -0.334206 0.333821 0.172072 -0.511756 -1.512213 -0.105464 -0.124599 -0.091092 -0.396094 0.078524 -0.632964 0.029052 
0.051523 0.052733 -0.002989 -0.101432 0.060668 0.051338 -0.610010 0.056200 0.544534 0.186964 0.333406 -0.332780 -0.014908 -0.313969 -1.372249 -0.241298 
-0.555118 0.147468 0.029979 0.193019 0.126570 -0.659667 -0.283136 -0.123719 0.212535 -0.108183 0.163178 -0.125881 0.187427 0.160252 -0.107770 -0.383455 
0.243518 0.233372 0.055385 -0.171240 -0.220993 -0.393717 0.064402 0.117833 -0.368427 0.042464 0.226473 0.429207 -0.010180 -0.399705 0.080478 0.324726 
0.132638 0.103419 0.129443 0.107842 0.049906 0.124506 -0.449059 -0.062906 -0.440171 0.124828 0.331274 0.080884 0.129586 0.144775 -0.029342 0.043363 
0.196404 0.219541 0.100414 0.414153 -0.143525 0.100444 0.125841 0.033059 0.062117 0.158802 -0.230776 0.294522 0.285042 -0.489152 -0.949004 0.133782 
0.040665 -0.000456 0.048389 0.358059 0.073312 0.047325 -0.122094 0.059748 0.289708 -0.051430 0.399065 -0.065343 -0.016077 0.210723 -0.454351 0.056154 
0.186599 0.159933 0.001058 0.068454 0.412475 0.264645 -0.347670 -0.013606 -0.268428 0.120986 -1.940696 0.278732 0.059733 0.218075 -0.725399 0.325451 
0.065676 0.132703 0.135455 -0.187377 -0.425710 0.168773 0.238410 0.136144 -0.890688 -0.178544 0.469469 0.022190 -0.875159 0.147944 -0.581302 -0.161112 
0.052553 -0.059917 0.116451 -0.413105 0.157213 -0.427474 -0.286719 0.190609 0.199616 -0.097445 -0.381844 -0.059705 0.003004 0.474404 -1.064993 0.032448 
0.064115 0.035748 0.029441 -0.309074 0.443001 0.001686 -0.160127 0.025765 0.360761 0.223001 0.529998 -0.039825 0.138826 -0.270628 0.294260 0.277635 
0.000516 -0.193220 0.039135 0.184904 -0.070322 -0.539640 0.140140 0.134919 -1.067730 0.020448 -0.356686 0.358091 0.456568 -0.651154 -1.135356 -0.190701 
-0.023926 0.065841 0.084580 0.268066 -0.358811 0.226269 -0.731672 -0.393151 0.104319 -0.234094 0.301890 -0.455261 0.245440 0.103146 -0.316195 -0.207821 
-0.018403 -0.098131 -0.021944 -0.208332 -0.178059 0.356901 0.026266 -0.063590 -1.781390 0.280179 -0.084179 0.433399 -0.550339 0.214325 -0.857319 -0.333018 
0.170939 -0.228519 0.045555 0.319366 0.016897 0.100143 -0.297612 -0.185791 -0.061603 0.100603 -0.011981 -0.096575 -0.050629 0.188768 -0.277218 -0.398138 
-0.012305 0.344547 0.316798 -0.161220 -0.606560 0.324984 0.285376 0.222830 -0.184314 -0.389709 0.350855 0.341689 -1.184229 0.134661 -0.217686 0.290480 
-0.340189 -0.089025 0.053244 0.162920 -0.020044 -0.257463 -0.355002 0.104932 -0.378118 0.208723 0.038404 -0.017271 0.135836 -0.052782 0.617155 -0.217683 
0.043489 0.106059 0.148065 0.085375 0.042169 0.037312 0.074420 0.103574 -0.192232 0.029484 -0.236701 0.072827 0.044791 0.130686 0.181195 0.049110 
-0.055043 -0.069310 -0.021688 0.035230 -0.108746 -0.014252 -0.277119 -0.081453 0.002292 -0.040189 0.225465 -0.015059 -0.052156 0.042374 -0.258686 -0.020863 
0.136966 0.003749 0.180493 -0.529335 0.102794 0.106592 0.124464 0.142124 -0.003236 0.108595 -1.207487 0.105945 0.214307 -0.193815 -0.170223 0.280711 
0.080148 -0.046339 0.077697 -0.060905 -0.122082 0.043348 0.147353 0.106530 0.275050 0.202990 -0.661504 0.238170 0.182099 -0.008500 -0.918722 0.054524 
0.106946 -0.297289 -0.125838 0.126461 -0.019189 0.038040 0.134450 0.122263 -0.069710 -0.287056 0.023010 -0.103122 -0.138388 -0.078090 0.067150 -0.631611 
0.076455 0.066566 0.017665 -0.016199 0.037549 0.046113 0.251639 0.136923 -0.104826 -0.004652 -0.762101 0.163924 0.165006 0.197753 -0.248113 0.040269 
0.096807 -0.138617 0.135393 -0.339990 -0.753111 0.167943 -0.731646 0.083549 0.047951 0.005074 -0.044949 -0.132977 0.061282 0.150825 0.417898 -0.476958 
-0.009956 -0.238800 0.003042 0.151350 -0.433816 0.041485 0.203528 -0.037880 -0.703712 -0.434687 0.213934 0.036924 -0.175302 0.105426 -1.313627 -0.659013 
0.022129 -0.631964 0.028771 -0.020502 -0.912509 -0.058534 0.150127 0.041190 0.109738 -0.051135 -0.417001 -0.953649 -0.196591 -0.025317 -0.013594 -1.437539 
0.100768 0.059562 0.105520 -0.087765 0.133463 0.118784 0.144432 0.081455 -0.170422 0.126467 -0.126224 0.136066 0.080090 -0.014987 -0.653781 0.216121 
0.073387 0.088490 0.113032 -0.076007 -0.123805 0.120402 0.059042 0.063869 0.304031 0.044599 0.013635 0.117321 0.096899 0.006015 0.013804 0.082536 
-0.165149 -0.026791 0.316254 0.194475 0.332929 0.117699 -0.862749 0.229982 0.771023 0.426641 0.117935 -0.029550 -0.306336 0.035714 -0.152608 -0.578182 
0.000728 -0.116662 0.096033 -0.199397 0.202531 -0.076992 -0.242698 0.063138 0.117575 0.088701 -1.100708 0.036725 -0.009435 -0.028038 0.757329 -0.020514 
0.153631 0.153287 -0.463885 0.159292 -0.152975 -0.473875 -0.176597 0.155656 0.334005 -0.002354 -0.106311 0.325475 0.082246 -0.357950 -0.509231 -0.217698 
-0.041317 -0.083337 -0.297150 0.064993 0.029399 0.347075 0.276300 -0.421068 -0.366628 0.543470 0.158208 0.123617 -0.107560 -0.332992 -0.499224 -0.181881 
0.190384 0.184423 0.143764 0.090997 -0.202262 0.220970 -0.035933 0.176903 -0.090778 -0.013727 -1.113782 0.029747 0.078074 0.343769 -0.259845 0.240475 
0.021753 -0.033474 0.024487 -0.212709 0.244129 0.101465 -0.557631 0.104870 0.114436 0.132029 -1.236703 0.306597 0.156253 -0.315015 -1.803120 -0.171576 
0.097032 0.199669 0.117037 0.054753 -0.217315 0.273485 0.398189 0.102981 0.466662 0.070904 -0.932905 0.089097 0.165661 -0.425290 -0.953627 -0.020059 
-0.047885 0.167336 -0.020478 0.183680 0.456898 0.162085 0.392908 -0.619954 0.654137 0.258372 -0.192506 -0.944093 -0.090648 0.072701 -0.129357 -0.028877 
-0.120776 -0.227033 -0.128467 0.287996 0.079292 -0.144657 0.445654 -0.134572 0.306527 -0.113043 0.119377 0.395988 0.459225 0.200870 0.036969 -0.485161 
-0.078302 0.162229 0.132700 -0.265474 0.017562 0.295452 0.304430 0.032327 -1.629080 -0.156620 -1.808256 0.090634 0.106023 -0.259661 -0.609951 0.173915 
0.022385 0.060795 0.027499 0.171989 -0.411897 0.029485 -0.701379 0.091473 -0.445327 0.047170 -0.968851 0.089622 0.076874 0.103530 -0.368174 0.070217 
0.035796 -0.586129 -0.034443 -0.136035 -0.419124 -0.019841 0.085716 -0.017039 0.414805 -0.043231 -0.464475 -0.175301 -0.116225 -0.099536 -0.932010 -0.229124 
0.068505 0.065518 0.068137 -0.465256 0.047529 -4.959581 -2.133055 0.122219 0.055534 0.095150 0.030804 0.136058 0.110429 -1.682077 -0.162205 0.100588 
0.133447 0.015061 0.151408 -0.374881 -0.026698 0.186181 0.199096 -0.085155 -0.158850 -0.717932 0.189100 -0.072816 0.024520 0.302434 -0.426174 0.085981 
-0.139672 -0.016900 -0.236854 0.486819 0.066487 -0.242049 -0.472218 -0.176303 0.107323 0.452392 -0.202723 -0.177427 0.100407 -0.323539 -0.663252 0.148199 
0.072943 -0.602929 0.030085 0.446082 -0.313596 -0.011558 0.131455 0.021426 0.004353 0.126321 0.323975 -1.255437 -0.564684 0.205521 0.160901 -1.481284 
0.059370 0.046673 0.034525 0.120449 -0.612491 0.063169 0.183935 0.055487 0.042922 0.057353 -0.906350 0.180045 0.040548 0.062647 -1.237436 0.005273 
0.030945 -0.126723 0.222358 -0.095450 -0.810914 0.000487 -0.728411 0.235111 0.006228 0.052099 -0.283026 -0.179213 -0.091495 0.368087 0.335910 -0.015027 
0.171056 0.052670 0.031775 -1.375214 -0.734034 -0.061572 -0.188182 0.031723 0.146251 -0.190942 -0.040331 -0.191467 0.363390 -0.011389 0.241462 -0.477964 
0.150744 -0.241153 0.050513 0.526177 0.106261 0.088195 0.149981 0.057157 -0.870736 0.045972 -0.610970 -0.606039 0.039846 -0.057141 -0.086025 -0.121242 
-0.013131 0.058481 -0.084326 -0.924780 0.327572 0.110434 -0.148536 -0.533916 -0.719327 -0.199337 -0.016279 0.095631 0.192166 0.083108 -0.929631 0.180303 
0.038429 0.213413 -0.511311 0.024862 0.233235 0.489134 -0.100681 0.121957 -0.070741 -0.568985 -0.404056 -0.099511 0.399978 -0.710417 0.189280 0.026412 
-0.165627 -0.105083 -0.040013 0.592686 0.425782 -0.215943 -0.076354 -0.018872 0.027591 -0.446995 0.346932 -1.133927 -0.106410 0.163611 0.036098 0.024682 
0.139801 -0.008981 -0.287812 -0.427046 -0.124936 0.413833 0.074394 -0.296551 0.333285 -0.384968 -0.016324 0.275321 -0.062653 0.258604 -0.354030 0.113074 
0.041235 -0.026810 0.106118 0.092194 0.177162 0.089992 -0.124367 0.111646 0.182317 0.172434 0.229464 -0.266076 -0.141393 0.093435 -0.838447 0.052637 
0.088912 0.091139 0.039016 -0.211846 0.124432 0.179385 0.128807 0.018111 0.108172 -0.002359 -0.563864 0.073969 0.059361 -0.365723 -1.102942 -0.059711 
0.079360 0.234597 0.053835 0.422601 -0.821930 0.236151 0.285408 0.038821 -1.028165 0.184628 0.318484 -0.111051 -1.350237 -0.027727 -0.038548 -2.097221 
0.037633 0.056873 0.023463 -0.276340 -0.081815 0.087948 -0.011724 0.081339 0.015346 0.022610 -0.174455 0.026934 0.050531 -0.188499 -0.698171 0.080572 
0.038099 0.043111 0.051044 0.065589 0.055683 0.064417 -0.193596 0.073004 0.179705 0.093217 0.322417 0.105866 0.115113 -0.093002 -0.213970 0.170597 
0.179118 -0.479651 0.127442 0.174931 0.503011 0.030547 -0.103969 0.084220 -0.679131 -0.345410 0.211236 -0.819433 -1.682458 0.295519 0.423950 -2.319129 
-0.011437 -0.307497 0.124271 0.368467 0.117287 -0.552447 -0.015601 0.200175 -0.009190 0.106640 -0.448233 -0.087059 -0.643528 0.156470 -0.443963 -0.322054 
