0.153064 -0.235752 -0.059891 -0.070086 0.325258 0.105060 0.120652 -0.051951 -0.177613 0.009295 0.173089 0.061800 0.018580 -0.532989 0.274545 -0.197993 
0.046494 -0.023650 -0.364410 -0.341355 -0.342479 0.223693 0.275927 -0.344943 0.137178 -0.096790 0.453329 0.463960 0.246966 0.246988 0.085723 -0.134124 
-0.033443 -0.037678 -0.061754 0.456530 0.028649 0.122185 0.076974 0.006583 0.187693 -0.031875 -1.356724 -0.039712 -0.033379 -0.286332 -0.301700 0.160315 
0.089155 0.034196 -0.136809 0.429830 0.066592 -0.177583 -0.082908 -0.032146 -0.050283 0.696466 0.193355 0.015325 0.127743 -0.225669 -0.666375 -0.622363 
-0.305829 0.018687 0.256970 0.023643 -0.123664 0.154259 -0.649498 0.289360 0.592280 0.398006 -0.275104 0.147705 -0.259626 0.232854 -0.106385 -0.446383 
0.019519 0.118374 0.028757 -0.035737 -0.331862 0.115749 -0.197775 -0.002427 0.257276 0.054224 0.077675 -0.039181 0.065479 -0.020822 -0.634959 0.022014 
0.069918 0.000498 -0.201695 -0.074935 0.118269 -0.307746 -0.156931 0.114760 0.531137 -0.141330 0.350874 0.278860 0.248844 0.346297 -0.123459 -0.286619 
0.120585 0.187005 0.139240 0.162193 0.054287 0.099211 0.316636 0.127562 -0.006680 0.130277 -1.028315 0.127355 0.152443 -0.167111 -0.954521 0.169219 
0.124213 -0.143229 0.147080 0.137015 0.090373 0.080833 -0.373118 -0.026201 -0.099464 0.148812 -0.019173 0.168328 0.127277 -0.006631 -0.257794 -0.267518 
0.141638 0.111345 0.158869 -0.350824 0.602384 0.168288 -0.069001 0.150151 -0.162379 0.242203 -0.088915 0.150732 0.105157 -0.095486 -0.116860 0.214906 
0.192106 0.015039 -0.104040 -0.786895 0.000859 0.312184 0.058100 -0.138405 -0.034388 -0.637676 -0.151807 0.055117 0.100346 0.432200 -0.259872 -0.009163 
-0.154557 0.073309 0.015752 0.036239 0.106668 0.077873 -0.235175 -0.008239 0.022022 0.252669 0.300583 0.048267 0.110937 0.023327 0.165551 0.040833 
-0.054144 -0.264420 0.106145 -0.114476 0.443712 -0.276274 -0.698141 0.096897 -0.324929 -0.800021 0.226348 -0.498673 -0.207742 0.060131 0.415987 -0.639931 
0.040456 -0.079968 0.027603 -0.307468 -0.727898 0.023457 0.100868 0.004708 0.131408 0.087484 -0.953847 0.000209 0.074249 -0.050880 -0.672536 -0.134818 
-0.165282 -0.285937 -0.013866 0.068857 -0.043878 -0.186302 0.263830 0.003227 -0.353206 0.123564 -0.403321 0.166517 0.294003 -0.253122 -0.060120 -0.027026 
0.042612 0.303939 0.237063 -0.053243 -0.732847 0.166688 -0.140524 0.230043 0.112167 0.096349 -0.460390 -0.281989 -0.096322 -0.021169 0.223317 0.251350 
-0.007705 -0.038667 0.167902 -0.108878 0.288572 -0.077946 0.202363 0.029964 0.144864 0.048038 0.235748 -0.819737 -0.043778 0.027177 -0.251351 0.055608 
0.150748 0.154280 0.087717 -0.271717 -0.003709 0.023112 0.088377 0.110919 0.289048 0.126452 0.251182 0.233779 0.300490 -0.121189 -0.051241 0.204964 
0.116011 0.144639 -0.130394 0.417036 0.054876 -0.254532 -0.332114 0.179101 0.189826 -0.000933 -0.025442 0.419688 0.412951 -0.601156 -0.151713 -0.402794 
0.060744 0.012751 0.006740 0.162703 0.125699 0.043444 -0.006895 0.020098 0.120215 0.022905 -1.151729 0.056112 0.081661 -0.088235 -0.502404 0.081526 
0.191646 0.016903 0.161293 0.318039 0.034515 -0.067302 0.085525 0.054670 -0.866047 0.385167 0.104413 -0.073317 -0.917363 0.087257 -0.293133 -0.375825 
0.061532 -0.398444 0.031903 0.571107 -0.333663 -0.517358 -0.007482 0.045162 0.167014 0.003568 0.243324 -0.345023 -0.023348 0.181366 -0.220905 -0.626825 
0.071518 0.063717 0.252035 -0.187308 -0.413601 0.195570 -0.088993 0.286328 -0.415265 -0.100153 0.270568 -0.139058 -0.433500 0.355448 -0.373513 0.004705 
-0.115862 -0.052062 -0.020791 -0.253256 0.574370 -0.545700 -0.239634 -0.043868 0.586681 0.265834 0.056958 -0.658541 -0.163379 0.172523 -0.188123 -0.186359 
-0.523093 0.174272 0.110712 0.055218 0.225839 -0.271459 0.344440 0.079726 -0.297068 -0.027285 0.238663 -0.587647 0.140975 0.095539 0.085989 -0.325624 
-0.274306 0.183101 0.121148 -0.211121 0.157204 0.271068 -0.021263 -0.217420 -1.572404 -0.272675 0.249663 0.227556 0.506191 -0.024623 0.025713 -0.295516 
0.041150 0.317942 -0.021286 0.119403 -0.238333 0.138138 0.360200 -0.007719 0.124182 0.061111 -0.526825 0.195813 0.082965 -0.377468 -0.691079 0.122295 
0.092185 0.092463 0.121230 -0.394989 -0.841683 0.226689 -0.447488 -0.042944 0.354668 -0.260147 0.248981 -0.380734 0.340115 0.134330 0.023507 -0.816358 
0.081336 -0.213633 0.075915 0.176175 -0.006830 0.085411 0.072259 0.080145 0.345948 0.196034 0.302795 -0.303935 -0.210286 -0.057157 -0.468360 -0.191956 
-0.052749 -0.368461 0.141203 0.295310 0.183684 -0.116035 -0.019903 -0.039416 -0.331775 0.050004 -0.290990 0.189661 0.399189 -0.492094 -0.144241 -0.010752 
0.027767 -0.212874 0.035543 -0.087946 -0.233177 0.414403 -0.053093 -0.216683 -0.568438 -0.309802 0.154686 0.069811 -0.023531 -0.233364 -0.369441 -0.101827 
-0.207905 -0.102267 -0.041619 0.599538 0.075202 -0.158639 -0.233946 -0.030158 -0.354945 -0.746862 -0.053467 -0.909780 -0.015525 0.034197 -0.673587 0.023771 
-0.240147 0.030155 0.206183 0.018084 0.010958 0.091274 -0.029914 0.024904 -0.858419 0.098987 0.378503 -0.011032 -0.115798 0.323601 -0.020570 -0.326977 
0.046349 -0.276180 -0.025568 0.101714 0.478023 0.398912 0.212812 -0.194328 0.165480 0.229783 -0.911456 -0.721775 -0.241876 -0.253161 -0.453062 0.079055 
-0.158663 -0.384065 0.123495 0.269356 0.428704 -0.010955 -0.356670 -0.056455 -0.122306 0.118003 -0.158791 -1.796180 -1.142123 0.257392 0.639265 -0.262992 
0.115732 0.131499 0.074156 0.107689 0.016132 0.116295 0.118861 0.032163 -0.392543 0.100406 -1.133271 0.100936 0.124675 -0.335479 -0.119288 0.046578 
0.007977 -0.085950 0.021882 0.119431 0.111520 -0.019961 0.039062 0.084341 -0.437190 0.040893 -0.752605 -0.009591 0.046914 0.036484 0.038320 -0.041789 
0.212117 0.226085 -0.353626 0.241709 0.035953 -0.813536 -0.365829 0.264324 -0.006034 -0.016355 -0.341657 0.297327 0.224796 -0.922150 -1.033002 0.237611 
0.091203 0.057864 0.128234 0.176278 0.137446 -0.234336 -0.613535 0.119816 0.275812 0.169874 0.609697 0.151844 0.156852 -0.703992 -0.867875 0.043935 
0.016903 0.037315 0.025873 0.167963 0.072079 0.004482 0.092765 0.014988 -0.198304 0.016318 0.127299 0.050838 0.063260 -0.079662 -0.745544 -0.017679 
-0.054750 -0.025555 -0.047579 0.015746 -0.094510 -0.053147 0.049518 -0.039688 0.134894 -0.033519 0.434424 -0.083943 -0.053182 -0.303799 -1.026227 -0.006232 
0.093898 0.151652 -0.035229 -0.484252 0.289306 0.165988 -0.544242 -0.040188 -0.024641 0.049273 -0.833550 0.215275 0.237514 -0.010311 0.033339 0.191047 
0.123171 -0.380370 0.145163 -0.453590 -0.082809 0.404314 -0.057887 -0.036772 -1.116966 0.187964 -0.326170 -1.182947 -0.395701 0.172895 -0.385403 -0.061469 
0.020614 0.001366 -0.016146 -0.064767 -0.005326 0.201147 -0.199802 -0.013108 0.076760 0.072059 0.407086 0.066142 0.104314 -0.072697 -0.336055 0.070112 
0.141655 -0.004802 -0.004245 0.321109 -0.823115 -0.021856 0.241910 0.189032 -0.319726 -0.235013 0.007754 0.085374 0.127824 -0.129078 0.006948 -0.219547 
0.166307 0.155247 0.120460 -0.038691 0.026386 -0.195606 -0.348801 0.094754 -0.594567 0.225444 0.361256 -0.568857 -0.315886 -0.190006 0.536285 0.098457 
0.011544 0.013425 0.024020 0.053156 0.034199 0.034636 -0.238024 0.019545 -0.048288 0.024104 -0.321353 0.048498 0.007138 0.038220 -0.571357 0.040839 
-0.037575 -0.131439 0.096791 -0.746047 0.017108 0.150206 0.257720 0.050145 -0.889112 0.143365 -0.076898 -0.079544 -0.246125 0.081105 0.724825 -0.298922 
-0.014536 0.335198 0.117214 -1.707879 -1.256884 0.333151 0.291654 -0.012757 -0.908483 -0.301782 0.371202 0.458167 -0.894158 0.176994 -0.531738 -0.865046 
0.169124 -0.076304 -0.399403 0.211810 -0.233741 0.164844 0.281397 -0.120521 0.046540 -0.186167 -0.742160 0.244219 -0.091689 0.491405 -0.706570 0.101851 
0.073662 -0.022299 0.016798 0.019162 -0.221284 -0.005600 0.011925 -0.001258 -1.079290 -0.678145 -0.266143 0.113915 0.083590 0.085888 -0.752381 0.155463 
0.153883 -0.267156 -0.019385 0.046722 1.374390 -0.098056 0.375986 -0.175195 0.250963 0.179933 -0.216402 -0.512372 -0.066459 0.072858 0.164386 -0.383584 
0.037771 -0.207721 0.040598 0.326849 0.041916 -0.021531 -0.034778 -0.033031 0.471432 -0.173986 0.327688 0.004615 -0.099513 0.127313 -0.588676 -0.379949 
-0.042440 0.077770 -0.039739 0.214594 0.468814 0.226980 0.104047 0.048520 0.253712 -0.400615 -0.560650 -0.180574 -0.841875 0.031915 -0.253281 0.387755 
0.121454 0.176126 -0.372437 0.229282 0.095564 0.023780 -0.073106 -0.349545 -0.339852 -0.209619 -0.056699 0.250497 0.285417 -0.208048 -0.302956 0.167683 
0.021743 -0.105940 0.047342 -0.564963 0.178368 0.165999 -0.096173 0.065069 0.033254 -0.265616 0.267243 -0.360493 -0.330684 -0.076147 0.820016 0.111256 
0.145510 -0.224453 -0.011864 -0.228942 -0.646277 0.231619 -0.060011 -0.185278 -0.275256 0.033108 -0.105774 -1.474503 0.138689 0.219378 0.083464 -2.081767 
0.102626 -0.367321 0.144076 -0.150041 -1.327465 -0.049573 0.060900 0.162935 0.234642 -0.115121 -0.107136 -0.380441 -0.510974 0.215580 0.077760 0.189626 
0.096929 0.083388 0.128125 -0.179477 -0.054487 0.074877 -0.256719 0.043083 0.145140 0.054157 -0.567176 0.074574 0.074150 0.021401 -0.720010 0.050127 
-0.076242 0.232694 0.119213 0.216026 -0.642347 0.249306 0.189478 0.094839 -0.391798 0.062016 0.252875 0.332487 -2.245530 0.142291 -0.176380 0.219726 
0.237972 0.247235 0.157444 -1.117022 -0.328529 -0.308847 -0.543970 0.165699 0.257509 -0.350383 -0.450855 -0.011328 0.047286 0.125005 0.496949 0.391500 
0.286257 -0.357388 0.213519 -0.130677 -0.206007 0.214874 0.217440 0.265150 0.346280 0.103869 0.211712 -0.287971 0.236987 0.333583 0.666971 -0.309065 
-0.342615 -0.094685 0.089253 0.039754 0.291029 -0.452240 -1.459200 0.099302 -0.685381 0.172261 -0.800004 0.244284 0.310431 0.085883 0.296587 -0.018751 
0.027022 0.059846 -0.248589 -0.004412 0.120958 0.090739 0.055850 -0.369298 -0.393634 0.660072 -0.002678 -0.206869 -0.685056 -0.178488 -1.254222 -0.075028 
0.167689 0.172052 0.214055 0.174647 0.170350 0.122962 0.160415 0.186871 0.283160 0.116648 -0.633814 0.163436 0.161420 -0.151670 -0.840507 0.100073 
0.107623 -0.030381 0.044301 0.157721 0.105218 -0.362099 -0.272203 0.034736 0.318673 0.131244 -0.080152 0.217704 0.100078 -0.054241 -1.097816 -0.307951 
0.076799 0.140785 -0.087384 -0.309479 -0.036523 0.047760 -0.286705 0.040761 0.116132 0.146384 -0.353845 0.378456 0.127199 -0.816455 -0.675431 0.034610 
0.214913 -0.047429 0.003455 -0.286350 -0.270143 -0.051647 0.433533 0.045085 -0.305228 -0.422089 -0.165871 0.129699 -1.168526 -0.086109 -0.311558 -0.066297 
0.191505 0.203385 0.180492 -0.609651 0.069828 -3.600167 -1.358157 0.204578 0.099306 0.088455 0.127138 0.298357 0.263919 -1.645457 -0.192308 0.226777 
-0.083530 -0.028802 0.104719 -0.039443 0.245169 -1.194464 -0.499258 0.140137 0.186978 0.276701 -0.183298 -0.197779 -0.834862 -0.021047 0.258580 0.032927 
-0.557404 0.311262 -0.055016 0.363744 0.144089 -0.273725 -0.489024 -0.580937 -0.227535 0.047858 -0.241465 -0.304931 0.269748 0.009506 -0.036200 -0.244290 
0.033526 0.112767 -0.002156 0.114051 -0.084391 0.250661 -0.810692 -0.011566 0.007473 0.088619 -0.268075 -0.047898 0.044895 -0.168649 -0.705638 -0.102191 
0.026296 0.014858 -0.024571 -0.105043 -0.080781 0.075387 0.110576 -0.027803 -0.079780 0.000386 -0.319991 -0.002591 0.014846 -0.411320 -0.389107 -0.001279 
0.083761 0.062234 0.078664 -0.382509 -0.379044 0.047454 0.260793 0.140632 0.278864 0.029354 -1.228292 0.089518 0.046608 0.060746 -1.512987 -0.245378 
0.157043 0.088385 0.163945 -0.155036 0.043053 0.137029 0.189197 0.155171 0.363794 0.262223 0.314027 0.149628 0.192521 -0.029624 0.085557 0.095345 
0.031728 0.020144 -0.108950 0.177000 0.246489 0.106616 0.158842 -0.176934 0.331385 -0.052479 0.560564 -0.375289 -0.431888 -0.000984 0.105576 0.048677 
0.143608 -0.008704 -0.068716 0.191376 -0.254897 0.200482 0.355572 0.050864 0.096433 0.008915 0.523740 -0.197233 -0.154413 -0.036368 -0.004302 -0.656315 
-0.015261 0.095117 0.057235 -0.683385 0.404184 -0.063281 0.133047 0.063330 -0.146630 0.149439 -0.410569 -0.425052 -0.308059 0.015130 0.630400 -0.013499 
-0.020162 -0.124140 0.102429 0.175774 0.259564 -0.084816 0.128266 0.010387 -0.201597 -0.147745 -0.651688 0.004747 0.001413 0.069731 -0.450293 0.113151 
0.149056 -0.442899 -0.005814 0.246972 0.025938 0.046557 0.320906 0.210130 -0.332458 -0.239355 -0.009425 -0.331467 -0.380746 0.018473 0.160262 -0.959532 
0.061914 0.109058 0.122434 0.062183 -0.590606 -0.163822 0.189127 0.086565 -1.051667 -0.048147 -0.039006 -1.773858 -0.457769 0.202089 0.230252 0.097902 
-0.021671 0.170833 -0.036126 -0.314469 0.351459 -0.001805 0.253198 -0.628082 0.099283 -0.152123 -0.000858 0.057749 -0.063050 -0.112675 0.143941 0.189345 
0.093924 0.058653 0.006872 -1.044845 -0.799496 0.167489 -0.059375 -0.021846 0.115664 0.250603 0.115264 0.113194 0.286341 0.225416 0.184226 -0.338819 
0.016565 -0.144636 -0.064849 0.145523 -0.073682 0.131053 -0.044136 -0.424241 -0.607287 -0.168021 -0.733810 -0.004327 0.104872 0.030213 -0.845123 0.226883 
0.029910 0.035729 -0.090659 0.071395 0.141233 0.006217 -0.160593 -0.111290 0.026087 -0.020233 -1.571691 -0.031523 0.058752 -0.099074 -0.105446 0.133455 
-0.217229 -0.199882 -0.117680 0.201616 0.345067 -0.025862 0.189087 -0.153477 0.148385 -0.009047 -0.087609 -0.036246 0.053765 -0.140819 0.340271 0.037153 
-0.007753 0.075883 0.050147 0.427697 -0.518364 -0.162221 -0.200912 0.041142 -0.965457 0.118298 -0.814119 -0.008159 -0.039906 0.179044 -0.056578 0.003612 
0.111286 0.198930 0.070564 -0.185634 -0.063544 -0.090848 -0.353201 0.031402 0.266182 0.041638 0.355945 0.223208 0.070323 -0.399123 -0.130964 0.163304 
