0.441825 0.554550 0.040310 -0.341841 0.469617 -0.276251 0.277292 -0.138460 
0.251577 0.712552 -0.173818 -0.422470 0.307997 -0.165769 0.148524 0.128702 
0.142654 0.332636 0.048366 -0.259284 0.086598 -0.265001 0.113659 -0.101885 
0.239332 0.273738 -0.005751 -0.176705 0.012927 -0.119822 -0.136536 -0.017604 
0.139495 0.097363 -0.241132 -0.008640 0.115739 0.057178 -0.069096 -0.114429 
-0.029649 0.034473 0.036625 -0.054823 0.002070 0.330643 -0.128448 -0.195198 
0.185077 0.181414 0.025779 0.043511 0.138575 0.251869 -0.182698 0.053382 
0.130315 -0.075422 0.027852 -0.000470 -0.241800 -0.071410 -0.246339 0.093650 
-0.031963 0.179481 0.116850 0.032672 -0.151139 -0.070561 -0.040875 -0.130823 
-0.056274 -0.138508 -0.101230 0.134658 -0.010136 0.077651 0.017037 -0.018354 
0.143330 0.060466 -0.067886 0.264955 0.077060 -0.006336 -0.109102 0.052229 
0.084051 0.090143 0.143937 0.329419 0.071822 -0.054055 0.042060 0.079508 
-0.086408 0.027131 0.299331 0.269004 -0.044787 -0.001160 -0.064082 0.107322 
0.118475 0.211288 0.218146 -0.004623 0.045329 -0.122126 0.080946 -0.081317 
0.208082 0.182367 0.253317 0.211742 -0.307941 -0.037789 0.141605 -0.053934 
0.221229 -0.022908 0.141987 0.006432 -0.398815 -0.190319 -0.050223 -0.034467 
-0.022904 0.136804 0.089042 0.253614 -0.493892 0.027411 0.354903 0.056482 
-0.257021 0.234088 0.004609 0.123118 -0.365778 -0.043402 0.172886 0.173883 
0.049580 0.212067 0.070345 0.080394 -0.240765 0.118540 0.113659 0.092880 
-0.025138 0.196608 -0.031804 0.292405 -0.406645 -0.010078 0.305888 -0.142751 
0.372431 0.027604 0.128141 0.074799 -0.135347 -0.171008 0.336488 0.017837 
0.283302 0.080694 0.227543 -0.003692 -0.247613 -0.072319 0.296174 0.068916 
0.380410 0.013976 0.278204 0.139153 -0.204433 0.055769 0.356531 -0.022094 
0.238396 0.011471 0.198868 -0.047397 -0.296126 -0.095134 0.227635 0.064027 
0.348708 -0.192398 0.055072 0.022985 -0.233958 -0.159346 0.329185 0.080195 
0.152581 -0.223576 -0.031082 -0.077444 -0.260059 -0.078265 0.314501 -0.175773 
-0.081865 -0.136738 -0.264426 0.024681 -0.261780 -0.063006 0.352031 -0.052781 
-0.230874 -0.138698 -0.170950 0.097361 -0.140014 -0.019790 0.387873 -0.029047 
-0.157937 -0.273203 -0.101383 0.125384 -0.187834 0.172385 0.341110 0.094567 
-0.145308 -0.336945 -0.232540 0.144918 -0.174064 0.039056 0.214023 0.051353 
-0.129708 -0.132383 0.024961 -0.158632 -0.196866 0.067988 0.191774 0.033578 
-0.059443 -0.244485 0.000901 0.103676 0.040879 -0.197715 0.060282 0.184632 
-0.042963 -0.158225 -0.001222 -0.226236 -0.075958 -0.111933 0.069620 0.046765 
-0.332828 -0.360000 0.070060 0.117704 0.064706 0.174686 0.039775 0.142085 
-0.176950 -0.241139 -0.004205 0.014024 0.200885 0.192554 -0.059745 -0.171490 
-0.183065 -0.182987 -0.012370 0.490352 0.287376 0.027383 -0.040236 -0.128312 
-0.453058 -0.332635 0.026362 0.296731 0.575248 0.268960 0.116721 0.028204 
-0.340222 -0.548944 -0.071275 0.114371 0.344018 0.088558 0.166579 0.040165 
-0.573561 -0.331123 -0.066038 -0.000695 0.409174 0.164110 0.079496 -0.061321 
-0.647970 -0.189072 -0.196007 0.056519 0.384449 0.328099 -0.030275 0.078029 
-0.673486 -0.308472 -0.421848 0.325274 0.141192 0.263975 0.163249 0.058771 
-0.494093 -0.155824 -0.114820 0.056961 0.213114 0.606581 0.143214 0.021271 
-0.533237 -0.151014 -0.116702 -0.005332 0.383096 0.344834 0.354236 -0.081483 
-0.195873 -0.341288 -0.102355 0.021483 0.366734 0.274362 0.213063 0.142171 
0.012781 -0.063415 -0.014160 0.132500 0.286572 -0.063042 0.315689 0.158735 
0.122884 -0.142139 -0.228515 0.333650 0.284703 0.189848 0.251068 0.069435 
-0.162099 -0.030840 -0.291440 0.537444 0.223490 0.054946 -0.035348 0.042261 
0.065838 -0.058906 -0.508455 0.388881 0.339457 -0.182032 0.030048 0.102390 
-0.176754 -0.198361 -0.145690 0.131970 0.337643 -0.026070 -0.228005 -0.085546 
-0.199150 -0.350500 -0.163167 -0.008023 0.115503 -0.047226 -0.326060 0.093369 
0.119141 -0.472346 -0.103393 -0.001597 0.100305 0.133755 -0.225428 -0.104428 
-0.144915 -0.547927 -0.232273 0.023720 -0.160276 -0.087164 -0.282211 -0.019532 
-0.021412 -0.478706 -0.225572 0.018382 -0.028811 0.024352 -0.115097 -0.009132 
0.071816 -0.746070 0.011382 -0.034113 -0.311107 -0.220909 -0.271406 0.068587 
-0.075954 -0.452495 0.296720 -0.101081 -0.170219 -0.120038 -0.594936 0.018402 
-0.184894 -0.384126 0.057450 0.037227 -0.274361 -0.142353 -0.443686 0.144070 
-0.097889 -0.464076 -0.046420 -0.167822 -0.458658 -0.041066 -0.497251 -0.001681 
-0.270927 -0.443604 -0.005808 -0.169432 -0.362456 0.269737 -0.150131 0.026488 
0.035657 -0.402294 0.326627 -0.524850 -0.064222 0.162468 -0.395904 -0.089296 
0.021532 -0.238489 0.500024 -0.587849 -0.266559 0.629834 -0.503123 -0.250897 
-0.065172 -0.182631 0.292459 -0.436509 -0.382532 0.699877 -0.341354 -0.021711 
-0.427677 -0.189286 -0.088785 -0.509644 -0.398781 0.882075 -0.545772 -0.147685 
-0.445998 -0.074559 0.121708 -0.420582 -0.531000 0.530244 -0.535739 -0.025210 
-0.012506 0.057836 0.068295 -0.399268 -0.628413 0.425692 -0.573063 -0.218100 
0.234280 0.270390 0.117019 -0.245215 -0.378362 0.092979 -0.380580 -0.273378 
0.300720 0.262613 0.210325 -0.287357 -0.034447 -0.015857 -0.476683 -0.258311 
0.178141 0.394555 -0.089621 -0.180740 -0.101538 -0.244079 -0.155705 0.008633 
0.002871 0.385436 0.097082 -0.296452 0.103177 -0.334819 0.001180 -0.028775 
0.148076 0.578383 -0.022328 -0.049443 0.178267 -0.251363 0.149374 0.173272 
0.053506 0.902840 -0.107299 -0.266548 0.264636 -0.267230 0.349435 0.125842 
0.140848 0.761424 0.172703 -0.311947 0.274219 -0.137586 0.607410 -0.042408 
0.073195 0.668669 0.273844 -0.336565 0.012650 -0.239975 0.631665 0.148358 
-0.139089 0.810102 -0.163079 -0.148336 -0.210285 -0.040766 0.812234 -0.026994 
-0.215063 0.521227 -0.239241 -0.135671 -0.405989 -0.394537 0.626284 0.111270 
-0.193608 0.219331 0.000916 -0.296545 -0.207744 -0.110747 0.118529 0.143886 
0.008384 0.371756 0.044241 -0.388108 0.041582 -0.099478 0.105044 0.314182 
0.145586 0.244681 0.187921 -0.381010 0.029214 -0.290761 0.086855 -0.031984 
0.685863 0.373787 -0.138237 -0.142841 0.236477 -0.121867 -0.264059 -0.032901 
1.041162 0.614113 0.343003 -0.070908 0.280122 -0.512727 -0.310638 -0.086921 
0.722340 0.734289 0.364823 0.250623 0.233532 -0.257819 -0.498247 0.039253 
0.268947 0.689865 0.212887 0.528824 0.044452 -0.124432 -0.266927 -0.197046 
0.137301 0.522481 0.160387 0.227643 0.030469 0.268559 -0.072516 -0.387583 
0.596740 0.059578 0.321457 0.278184 -0.169683 0.147351 0.236036 -0.519942 
0.688926 -0.287321 0.153653 0.240844 -0.330347 0.272382 0.263684 -0.900443 
0.284208 -0.250237 -0.314693 0.342109 -0.305802 0.072394 0.478128 -0.874848 
-0.058042 0.129285 -0.229660 0.394182 -0.055063 0.169121 0.516259 -0.498560 
0.233010 -0.039535 -0.019588 -0.101674 0.187810 0.314189 0.234063 -0.179573 
0.069673 -0.348067 -0.317398 -1.159341 0.541918 0.227854 0.031546 0.179406 
-0.129717 -0.734338 0.081212 -1.081034 0.172988 -0.435454 -0.157837 0.596497 
-0.253224 -0.364807 0.337795 -0.141581 -0.472291 -0.664124 -0.489713 0.800654 
-0.584477 0.205760 0.621098 0.851828 -0.637891 -0.969841 -0.741790 0.590467 
-0.904156 0.161738 0.146972 1.012558 -0.207242 -0.044364 -0.302309 0.841753 
-0.728283 0.231432 -0.039365 0.579416 -0.212698 0.714683 -0.233094 0.816830 
-0.467139 0.418298 -0.199548 0.085155 0.017525 0.963257 -0.443922 0.842468 
-0.341248 0.277376 -0.023139 -0.418209 -0.336127 0.396585 -0.745471 0.563826 
-0.267877 -0.665296 -0.299437 -0.382929 -0.916955 -0.409427 -0.369617 0.355873 
0.010615 -0.434979 0.034247 -0.031186 -0.595588 -0.368616 0.491186 0.173106 
0.149424 -0.375438 0.073336 0.150261 -0.036290 -0.586618 0.697656 0.004494 
0.886227 -0.649664 -0.044045 0.082639 0.313025 -0.640566 0.696486 0.052047 
0.793841 -0.259480 0.418347 -0.400924 0.560389 -0.402632 0.556806 -0.116019 
0.307198 0.096905 0.461666 -0.255035 0.389491 0.029445 0.621360 -0.233610 
0.117245 0.235672 0.799192 -0.197336 0.070286 0.219235 0.708477 -0.467904 
-0.001835 0.039023 0.651091 0.000104 0.190381 0.199775 -0.011337 -0.248619 
0.014166 0.022476 0.889175 0.062181 0.911971 0.121397 -0.193317 -0.275667 
-0.063429 0.147999 0.703800 0.214867 1.002573 0.118265 -0.794389 -0.053960 
-0.185064 0.083941 0.457123 0.457891 0.872172 -0.127007 -0.553714 -0.252518 
0.024493 -0.164171 -0.167691 0.767201 0.634412 -0.258358 -0.680026 -0.498002 
0.368736 -0.324105 -0.593258 0.703321 0.162831 -0.653844 -0.625214 -0.488548 
0.600718 -0.357700 -0.810341 0.686280 -0.063739 -0.850384 -0.526057 -0.240478 
0.554585 -0.150594 -0.521541 0.730195 -0.219981 -1.014972 -0.242826 -0.132185 
0.515483 0.055263 -0.230543 0.677457 -0.611372 -0.870955 -0.207523 0.040394 
0.547895 0.061452 0.029934 0.667290 -0.603804 -0.427251 -0.142915 0.167676 
0.385983 0.165888 0.079399 0.384761 -0.659663 -0.044593 -0.045766 0.399088 
0.293567 0.252632 -0.008965 0.096058 -0.645101 -0.032723 0.226936 0.201643 
0.189040 0.304098 0.047753 -0.125989 -0.479550 -0.035098 0.425513 0.185188 
0.068653 0.494300 0.279119 -0.152158 -0.268092 -0.139803 0.513011 0.099655 
0.024905 0.236579 0.077411 -0.088903 -0.207917 -0.328463 0.322094 0.031205 
-0.176121 0.313314 -0.008044 0.093663 0.123664 -0.140931 0.248749 0.017243 
-0.121838 0.237181 -0.204145 -0.040196 0.286139 -0.375111 -0.021248 -0.192427 
0.028283 -0.086480 -0.072090 0.200354 0.343554 -0.236598 -0.494381 -0.186782 
0.020783 0.117017 -0.282970 0.071726 0.188474 0.068566 -0.589422 -0.294573 
-0.243312 0.060954 -0.264260 -0.081762 -0.095344 -0.018718 -0.373798 -0.096105 
-0.181894 0.116151 -0.238916 0.307010 0.065204 0.046915 -0.270843 0.113183 
-0.131994 0.224546 -0.158638 0.226322 0.115686 0.067486 -0.196987 -0.100415 
-0.242197 0.024311 -0.094257 -0.028289 0.091634 0.058236 0.098560 -0.132527 
-0.216878 0.023200 -0.142403 -0.304076 0.109968 -0.043136 0.047720 0.102843 
0.014657 0.026110 0.220697 -0.664198 0.228096 0.067851 -0.199401 0.035370 
0.024625 0.239743 0.042531 -0.707638 0.252038 0.204535 -0.138355 0.129861 
-0.122155 0.327401 0.082078 -0.397275 0.016808 0.440413 -0.231792 -0.133739 
-0.157094 0.670385 -0.082918 -0.243164 -0.122215 0.284473 -0.176694 -0.202910 
0.023263 0.772833 0.017137 -0.254561 0.146000 0.262907 -0.110391 -0.042488 
0.096141 0.517848 0.012054 -0.316244 0.209318 0.024064 -0.136996 0.117014 
0.174191 0.644457 0.278369 -0.474253 0.281427 0.175234 -0.052028 0.163543 
0.064985 0.248485 -0.013896 -0.137438 0.019320 -0.152416 -0.260905 0.055895 
-0.082645 0.493762 -0.069540 -0.356796 0.251698 -0.129034 -0.007344 0.064931 
-0.049418 0.108889 0.099488 -0.066346 0.238291 -0.126873 0.147756 0.071574 
-0.161134 0.113328 -0.123595 -0.090546 0.336798 0.241360 0.261140 -0.149299 
-0.224857 0.122885 -0.096455 0.094193 0.319508 0.348328 -0.054405 -0.094334 
-0.067599 0.185377 -0.095222 -0.145349 0.018092 0.222998 -0.068368 -0.043125 
-0.145752 0.280293 -0.012910 0.060551 0.067833 0.101054 0.027890 -0.049327 
-0.292633 0.030018 -0.148614 0.032913 0.051508 0.031764 -0.151751 0.098646 
-0.122497 -0.037352 0.078790 -0.097932 0.029827 0.178132 -0.079217 -0.136695 
-0.051338 -0.034619 0.171491 0.040807 -0.045987 0.222827 0.047314 0.096386 
0.333673 -0.067981 0.130230 0.255025 -0.238040 0.133501 0.029336 0.233231 
0.236954 0.010776 0.257693 0.069491 0.083969 0.206140 -0.125095 0.110467 
0.089394 -0.120306 0.181014 -0.129613 -0.128276 0.137500 -0.037354 -0.172758 
0.122209 -0.187993 0.240819 -0.101982 -0.025609 -0.015356 -0.074391 0.168398 
-0.195454 -0.357510 0.283847 0.143521 -0.004906 -0.096885 -0.000843 -0.174634 
-0.172720 -0.236731 0.207359 0.360615 -0.227787 0.125125 0.017327 -0.108722 
-0.094793 -0.108431 -0.021138 0.383374 -0.058210 -0.203199 -0.026811 0.055822 
-0.170640 -0.288396 -0.000665 0.166207 -0.138332 -0.064090 0.027014 0.053083 
-0.142744 -0.154501 -0.044972 -0.014327 -0.032576 -0.148907 0.027478 -0.112648 
-0.089334 -0.072585 -0.325935 0.135024 -0.109166 -0.166279 -0.063699 0.067512 
-0.320556 -0.116256 -0.226918 0.230398 -0.273382 -0.177393 0.024737 -0.035360 
-0.011531 -0.291575 -0.073189 0.113156 -0.244148 0.048286 0.080312 -0.104295 
-0.046101 -0.231390 -0.243271 0.025033 -0.065217 0.025914 -0.084600 -0.040166 
-0.239744 -0.388031 -0.021536 0.009964 -0.092499 0.144536 0.148401 -0.020858 
-0.028192 -0.419534 -0.154757 0.067940 -0.103083 -0.151932 0.153269 0.106127 
-0.135824 0.029597 -0.131859 0.009787 0.045397 0.041079 -0.016272 0.080751 
-0.201790 -0.028630 -0.102039 0.069050 0.138572 -0.094951 -0.103251 0.084492 
-0.167841 -0.146127 0.031685 0.255683 0.002749 -0.081924 -0.279079 -0.231868 
0.020593 -0.110371 -0.089853 0.216043 0.204691 0.126535 -0.161793 -0.022023 
0.086004 -0.368845 -0.408439 0.140813 0.080533 0.381460 -0.077705 -0.205366 
-0.114611 -0.334220 -0.305231 -0.100730 0.036561 0.527588 -0.167506 0.009069 
-0.143841 -0.288231 -0.340129 0.033254 0.134499 0.379873 -0.161639 0.015959 
0.074403 -0.100822 -0.249946 -0.144455 -0.046263 0.250457 -0.053287 0.052699 
-0.122263 -0.086996 -0.336861 -0.100538 0.279951 0.398940 0.094032 0.156534 
-0.125431 0.006014 -0.284012 0.086673 0.129003 0.307174 0.086384 0.217772 
-0.107691 -0.444773 -0.321580 0.037952 0.339890 0.347810 -0.029453 -0.031764 
0.007884 -0.229849 0.023716 0.108069 0.266501 0.111578 -0.163036 -0.081233 
0.101416 -0.182326 0.005072 0.048190 0.190769 -0.049061 -0.081509 0.031198 
0.217170 -0.068272 0.156248 -0.036068 0.261232 0.019108 -0.084971 -0.232610 
0.073425 -0.168715 0.099734 -0.082386 0.284439 0.198060 0.242206 -0.003165 
0.026031 0.022236 -0.019216 -0.222425 -0.110877 0.155627 0.281017 0.106172 
-0.204468 -0.165773 -0.132933 -0.008523 -0.091876 -0.056972 0.297773 0.086797 
0.104633 -0.232119 -0.223066 0.092625 -0.107961 0.042936 0.412747 0.035903 
0.006913 -0.178001 0.036908 -0.198763 -0.206478 -0.214718 0.643156 -0.123729 
0.105568 -0.216572 0.040670 -0.249648 0.061526 -0.112090 0.325230 -0.023375 
0.163431 -0.034026 0.129687 -0.522831 0.003273 0.129048 0.620400 0.102177 
0.120483 0.120754 -0.156771 -1.143198 0.145180 -0.213216 0.496209 -0.058195 
