-0.191509 0.197287 0.159249 0.507410 -0.001088 -0.188278 -0.908810 -0.013403 -0.377934 -0.318582 0.190728 -0.291591 0.217990 0.098705 -1.001797 -0.056933 
-0.138953 0.101265 -0.039032 0.203160 0.107963 0.118381 0.497282 -0.644965 0.356858 -0.089344 0.226307 0.054558 -0.002195 0.103273 0.095959 0.096958 
0.090382 0.309272 0.041659 -0.175174 -1.203634 0.262079 0.235378 -0.149603 0.044531 -0.038562 0.186588 0.603410 -0.628761 0.219482 -0.615439 -0.665103 
0.215301 -0.338129 0.216092 -0.010590 0.049512 -0.027140 0.192446 0.220599 -0.550181 0.017149 -0.016284 -0.607350 -0.719288 0.304389 0.308972 -1.857951 
0.185069 -0.156457 0.091339 0.183681 -0.204379 0.101835 -0.653804 0.059764 -0.047307 -0.150462 -0.310495 0.005138 -0.140520 0.192087 0.490950 0.017454 
-0.149073 -0.150218 0.077007 0.106564 0.298194 -0.215968 0.153181 -0.056530 -0.481685 -0.050248 -0.235444 -0.088609 0.233250 -0.268766 0.294476 0.003032 
-0.163869 -0.060983 0.170868 0.114086 0.096370 0.030817 -0.673408 0.174661 0.549504 0.280959 -0.296892 0.120137 -0.163841 0.108077 -0.403317 -0.266171 
0.062618 0.082186 -0.012810 0.060183 -0.148530 0.085417 0.269771 0.027804 -0.014668 -0.069326 -0.351560 0.030550 0.027207 -0.197438 -0.015532 0.117683 
0.131692 0.093264 0.106193 -0.076033 -0.826720 0.267261 -0.136981 0.095472 -0.345099 -0.388893 -0.215845 -1.372768 -0.327436 0.511427 -1.254439 0.168978 
-0.076318 -0.103339 0.102200 -0.396459 0.176946 -0.144288 0.243549 0.055817 -0.537636 0.063296 0.037884 -0.234143 -0.206483 0.224157 0.465591 -0.029529 
0.145844 0.104323 0.015132 0.150051 -0.053476 0.217816 0.261115 0.102204 0.063312 -0.001238 -0.467687 0.064910 0.043146 -0.227866 -0.902287 0.182310 
0.158432 0.035647 0.047480 0.236955 0.101715 -0.147435 0.070432 0.042575 -0.613567 0.220053 0.501003 -1.607451 -0.867017 -0.250191 0.288757 -0.144635 
0.155416 -0.422801 0.116214 0.272067 0.033248 0.096914 0.252022 -0.101762 -0.391185 -0.031751 -1.046509 -0.311449 0.126345 -0.046415 -1.005877 -0.457137 
-0.038153 0.338322 0.170095 0.101318 -0.099667 0.161272 0.021686 0.155202 -0.171099 -0.768753 0.032063 -0.001469 -0.378990 0.045746 -0.594182 -0.279140 
0.131696 0.066916 -0.176225 0.317533 -0.445082 0.072544 0.361285 0.170659 -0.846942 -0.185141 -0.415421 0.181585 0.145087 -0.176895 -0.596021 0.190964 
0.080036 -0.308537 0.231555 0.191893 0.735619 0.122413 -0.512772 -0.121008 0.101679 -0.022748 0.378994 -0.074203 -0.383113 0.315437 -0.019054 -0.461394 
0.140259 0.189773 0.030907 -0.031559 -0.024073 0.091337 -0.442712 0.182727 0.394479 0.016898 -0.087333 0.198632 0.212832 -0.640391 -0.391258 0.236298 
0.029574 -0.166943 0.006714 0.283676 -0.154333 -0.204581 0.155785 0.042904 -1.213494 -0.619254 0.090112 -0.490575 0.120899 0.154489 -0.162741 -0.693470 
-0.747309 0.184622 0.080981 0.052949 0.277850 0.019327 -0.013305 -0.345462 -1.037816 0.033300 0.028048 -0.364733 0.302346 0.044904 0.470402 -0.563523 
0.161613 0.143448 -0.181679 0.274364 0.373852 -0.015115 -0.112661 -0.169984 -0.068560 -0.088067 -2.116853 0.181094 0.136978 -0.055790 -0.164324 0.209279 
-0.023034 0.133539 -0.042406 -0.526813 0.312252 0.072276 -0.517368 -0.121709 -0.896577 -0.006789 -0.342759 0.065720 0.092563 -0.078011 0.137354 0.163464 
0.077408 0.150897 0.140203 -1.013680 0.233001 -1.422986 -1.004927 0.153859 0.407349 0.103284 0.244036 0.127389 0.135710 -1.951764 0.156170 0.204834 
0.084569 0.146036 0.081294 0.010252 -0.150311 0.092688 -0.113924 0.099883 0.060801 0.062010 0.039866 0.076233 0.058433 -0.063117 -0.351464 0.114551 
0.046247 -0.121668 0.010834 -0.253312 0.411046 0.031111 -0.223686 -0.001221 0.344219 0.225874 -0.082225 -0.037287 0.050448 0.096287 -0.598273 0.065014 
0.023015 -0.048940 -0.056584 0.256530 -0.371402 -0.013413 0.175611 0.019772 0.180881 0.086282 -0.791227 0.092863 0.163499 -0.115123 0.263350 -0.141097 
-0.083452 -0.095743 -0.071559 0.069655 0.554662 0.250182 0.119340 -0.130110 0.636202 -0.057015 -0.651751 -0.316918 -0.466776 -0.210500 -0.013825 0.265664 
-0.027021 0.095858 -0.045443 -0.009109 0.091237 -0.099916 -0.151626 -0.616495 -0.284803 -0.167925 -0.686362 0.157408 0.150586 -0.079424 -1.498763 0.246436 
-0.072130 -0.177247 0.100164 0.254024 0.289388 -0.095840 -1.098376 0.097027 -0.618560 0.180556 -0.221716 0.239030 0.320818 0.018201 0.139222 -0.157341 
-0.149575 -0.085158 0.076490 -0.170273 0.200295 -1.497075 -1.601888 0.085476 0.349875 0.103376 -0.018305 -0.003973 0.056166 -0.163737 0.160827 0.056733 
0.009727 0.189667 0.237089 -0.974863 -0.132102 -0.001165 -1.039566 0.204133 0.220963 0.236632 -0.353141 0.175935 -0.107684 -0.120577 0.391981 0.111344 
-0.252475 -0.024133 0.143896 0.259617 -0.405678 -0.033830 -0.060746 0.158502 -0.719054 0.241538 0.058520 0.032030 -0.734024 0.257875 0.250810 -0.605843 
0.030678 -0.080595 0.000021 -0.022155 0.364746 -0.117175 -0.183643 0.025560 -0.129394 -0.170148 0.964519 -0.432375 -0.519047 -0.160203 0.393907 0.042837 
-0.001389 -0.096512 0.077571 0.152785 0.157861 0.061660 -0.257572 -0.028894 0.550154 0.148749 -0.066186 -0.262515 -0.161817 -0.133237 -1.782971 0.053008 
0.132647 0.083238 0.088512 -0.914625 -1.431601 0.076721 0.015835 0.072783 0.085946 0.072544 0.214733 -0.404169 0.283899 0.084604 0.085800 -0.861873 
0.068580 -0.395849 0.040811 -0.143496 -0.150439 0.289242 0.082153 -0.011317 -0.247899 0.047720 0.129655 0.086606 0.247267 0.058150 1.287257 -0.378206 
0.017281 0.268188 0.120939 0.197629 -0.447457 0.268312 0.286831 0.119340 -0.251051 -0.032296 0.403568 0.380134 -2.088813 0.159752 0.254952 0.496491 
0.057185 0.005512 0.046607 -0.391336 0.062655 0.104189 -0.086171 -0.096901 0.314142 0.061530 0.096639 0.040989 0.076363 0.059562 -0.614654 0.141005 
0.123529 0.037266 -0.245564 -1.141169 0.155680 0.266517 0.262094 -0.236024 -0.220223 -0.264742 0.209091 0.145472 0.144499 0.163551 0.202522 0.175939 
0.043972 -0.109049 0.046919 0.704953 0.211308 0.051815 -0.019901 0.089344 -0.078616 -0.131193 -0.147234 -0.680459 -0.247037 0.153272 0.080663 0.008706 
0.105461 -0.040655 -0.058649 -0.530427 0.236329 0.398198 0.359561 -0.499923 0.453487 0.229349 -0.280491 -0.081497 -0.297942 -0.295640 0.087681 0.065268 
0.034805 -0.061087 0.006290 0.440504 0.254490 -0.058843 -0.422772 -0.064698 0.060819 0.076549 0.174201 -0.098608 0.072569 0.120726 -0.648349 0.107880 
0.174249 0.064869 0.245029 -0.140499 0.050106 0.699456 -0.333903 -0.264704 -0.702550 -0.144746 -0.262049 0.433998 0.115826 0.154661 -1.415675 0.153096 
0.233809 -0.168753 0.044916 -0.074599 -0.535506 0.038419 0.332117 0.142119 0.007671 -0.447231 -0.150964 0.274909 -0.691984 0.076722 -0.424076 -0.162509 
-0.080478 -0.103788 -0.065240 -0.651724 -0.336423 -0.008072 -0.119152 -0.054985 0.072395 0.367728 0.194180 -0.205574 -0.020435 0.171982 -0.690957 -0.320591 
-0.007547 0.007803 -0.046752 0.144999 -0.098058 -0.093247 -0.108320 -0.101156 0.063298 -0.087540 0.068694 0.006787 -0.079905 -0.585148 -0.255984 -0.084794 
-0.017475 0.041678 -0.130097 0.162702 0.302184 -0.128456 -0.261991 -0.089189 0.283403 0.399133 -0.291678 0.067711 0.272788 -0.252352 -0.305706 -0.548044 
0.066568 -0.030863 0.167275 0.494978 -0.954607 0.236229 -0.362701 0.150134 -0.187852 0.022836 -0.521925 0.183657 -0.027794 0.376248 -0.400807 0.002688 
0.129018 0.112329 0.123973 -0.000230 -0.178163 0.032417 0.121409 0.047479 0.112243 0.073771 -1.664328 0.180376 0.201616 -0.766825 -0.359117 0.219812 
-0.037169 -0.112256 0.079611 0.104639 0.329675 -0.010567 -0.997822 -0.016662 -0.207562 0.219407 -0.113816 -0.598583 -1.369481 -0.042827 -0.419306 -0.045363 
-0.140313 -0.079149 -0.086620 0.583669 0.371812 -0.081774 0.293235 -0.085349 0.028870 -0.307992 0.409724 -0.982264 -0.084866 0.187765 -0.443732 -0.007250 
0.117105 0.107465 -0.055214 0.126218 -0.810522 0.168664 0.315901 0.062023 0.030640 0.129762 0.174091 0.034252 -0.059531 -0.025896 -1.157500 -0.188755 
0.070599 0.096178 0.086114 0.100276 -0.064393 0.048889 0.005994 0.121472 -0.276240 0.037125 0.055648 0.052057 0.084393 0.037588 -0.263265 0.220987 
-0.246546 -0.077701 0.183286 -0.409051 0.695785 -1.140712 -0.217083 0.137964 -0.813157 -0.325749 0.173288 0.212918 0.298254 0.065967 0.267978 -0.164512 
0.094658 0.086516 0.054797 -0.384636 -0.054096 -4.015783 -1.180357 0.124758 -0.144248 0.040642 -0.029546 0.199304 0.187997 -1.158186 -0.417428 0.043721 
-0.054400 -0.096789 -0.006120 0.029757 -0.187489 -0.029795 -0.277099 0.016325 0.026860 -0.003723 -0.057236 0.028530 -0.001873 0.048911 -0.223781 -0.046028 
-0.120646 -0.161130 -0.207488 -0.083650 -0.250176 0.087417 0.347186 0.064459 -0.093842 -0.212697 0.245122 0.187176 0.098693 0.238075 -0.031135 -0.250453 
0.013949 0.081280 -0.122215 0.247412 -0.092418 0.026857 -0.073894 -0.302782 -1.084441 0.410633 0.228405 -0.296543 -0.607003 -0.149468 -0.816626 -0.181321 
0.079329 0.116396 0.036428 -0.069452 -0.060766 0.052402 0.084184 0.047851 0.530185 0.093823 -0.098065 0.085322 0.094590 0.094312 0.160235 0.143992 
0.034572 -0.025244 -0.110635 -0.244926 -0.033278 -0.022331 0.338805 -0.086058 -0.392789 0.193689 -0.040236 -0.231911 -0.186524 -0.221480 -0.406347 -0.414845 
-0.043835 -0.135488 0.107808 -0.231402 -0.867640 -0.008064 0.121112 -0.001675 0.305711 -0.038461 -0.072225 -0.097370 0.088181 0.181302 -0.125518 -0.345612 
0.001167 -0.183127 0.098194 -0.199765 0.387282 -0.091105 -0.463983 0.311997 -0.535417 -0.134009 -1.415057 -0.088270 0.129413 0.228270 0.982324 0.281218 
0.224325 -0.106481 -0.121625 -0.139956 0.166245 -0.069589 0.288205 0.275695 -0.188856 -0.218639 -0.053914 0.106848 -0.004174 -0.130057 0.033738 -0.276345 
0.087158 -0.288340 0.080409 0.268752 0.708880 0.276391 -0.647677 0.089511 0.377773 0.184028 0.098820 -0.362869 -0.410623 0.008965 0.195687 -0.626651 
0.207831 -0.002167 0.149829 -0.978723 -0.834479 -0.004316 -0.302740 0.099290 0.286338 -0.842152 0.131526 -0.083129 0.125997 0.277186 0.265698 -0.007030 
-0.082399 0.157795 0.172248 -1.988093 -0.228690 0.324014 0.443361 -0.304304 -2.469333 -0.175590 0.450367 0.257288 -0.453665 0.200322 -0.923265 -0.552042 
0.089782 -0.075804 0.057111 0.198785 -0.050196 0.119099 -0.102192 0.037450 0.136968 0.125850 0.388538 0.046305 0.022178 -0.015349 -1.082050 -0.068452 
0.065517 -0.128517 -0.041439 0.053324 0.753608 0.132701 -0.210617 0.029446 0.382530 0.092805 -0.481983 -0.032712 0.041821 -0.250877 0.260103 -0.123551 
0.108798 -0.105420 0.163258 0.106076 -0.396029 -0.088817 0.024708 0.168570 0.415785 0.078893 -0.569375 0.007145 -0.013223 0.066897 -0.308857 -0.000425 
-0.079582 -0.210605 -0.086491 0.189161 0.125072 -0.245417 -0.377396 0.010854 -0.088421 -0.013631 0.032304 0.179392 0.393882 -0.424736 -0.847598 -0.268471 
0.046837 0.168081 0.160193 -0.239018 -0.222725 0.206114 0.004357 0.194386 -0.466507 -0.040417 0.229818 -0.269720 -1.202894 0.108590 -0.474604 0.232889 
0.095035 -0.862670 0.080153 0.285926 -0.599507 -0.336285 0.442686 0.089956 0.231778 0.015201 0.223103 -1.234299 -0.607935 0.277087 0.545042 -1.230154 
0.098242 -0.128146 0.069416 -0.536216 -0.291430 0.150683 -0.010875 0.051853 -0.477975 0.205905 -0.341592 -0.076691 0.003300 -0.053669 -1.142974 -0.250219 
0.014727 0.050545 -0.021247 0.058789 0.097713 -0.000791 -0.272974 0.011214 0.162820 0.078792 0.031727 -0.020512 0.005481 -0.068944 -0.709141 0.087574 
0.016573 0.039971 -0.106080 -0.199071 -0.127354 0.134197 -0.002181 -0.070288 0.180002 -0.105859 -0.149606 -0.092303 -0.074935 -0.075495 -1.234123 0.061237 
0.139769 0.193715 -0.474892 0.126065 -0.167081 0.020194 0.147781 -0.020516 0.056648 0.032186 0.143397 0.814929 0.195570 -0.267367 0.235841 -0.013491 
-0.167843 0.055400 0.018597 0.289430 0.697544 -0.145396 -0.457593 0.004292 0.114211 0.168275 -1.647064 -0.754665 -0.234383 -0.113847 0.672966 -0.004380 
0.036172 -0.017197 0.046144 0.051207 0.005302 0.102204 0.243309 0.044669 0.037477 0.066428 0.210627 -0.000287 0.011685 -0.181257 -0.546111 0.116207 
0.128875 0.279245 -0.280032 -0.153222 0.134557 -0.111854 0.229558 -0.330700 -0.260593 0.141494 0.455056 0.042167 0.256286 -0.093920 0.135760 0.144245 
0.031659 -0.468277 0.023597 -0.107794 0.341894 0.030571 0.206489 0.036193 0.622131 -0.249906 -0.577099 0.024766 -0.009397 0.543656 -0.325365 -0.064542 
0.083462 0.197998 0.040279 -0.331004 0.083168 0.098325 0.034302 0.103735 -0.011589 0.139852 -0.956317 0.188458 0.232827 -0.073698 -0.352705 0.153765 
-0.058542 0.061924 -0.149574 0.085888 -0.230989 0.127849 0.175493 -0.084368 -0.171841 0.069934 -0.358253 -0.058250 -0.021049 0.099214 -0.591881 0.219901 
0.075634 0.010104 0.096394 0.088624 0.037975 0.148350 -0.357489 0.031483 -0.243528 0.082220 -0.838056 0.081377 0.085299 0.277102 0.870945 0.016364 
-0.092700 0.063987 -0.176164 -0.096539 -0.266011 0.143598 -0.109943 -0.409515 -0.012514 -0.237670 0.041279 -0.761877 0.416344 -0.100257 -0.272515 -0.539455 
0.091228 -0.194604 0.047282 0.099981 0.260905 0.263432 0.238118 -0.209754 -0.595462 0.191210 -0.629237 -0.416469 -0.177013 0.177133 -0.020049 0.197732 
0.122359 0.157557 -0.461324 0.263462 -0.041538 -1.809367 -2.037502 0.129120 0.287285 0.040448 -0.166007 0.230256 -0.037852 -0.799865 -1.047887 -0.171199 
0.140721 0.141526 0.175694 -0.053819 -0.219437 0.179925 0.275751 0.158101 0.142702 0.144467 -0.698834 0.131119 0.107967 -0.670424 -0.166125 -0.110748 
0.194504 0.243854 0.002420 -0.672941 -0.264818 -0.088894 -0.116697 0.132751 -0.617553 -0.074025 -1.192074 -0.296817 -0.057022 0.039991 0.261968 0.562905 
-0.250495 -0.042702 0.043275 0.057044 0.116448 -0.286593 -0.099590 -0.009525 0.064624 0.327460 0.234817 -0.271128 -0.075358 -0.274761 -0.122909 -0.136515 
0.020972 -0.096752 0.046061 -0.797961 -0.072330 0.092428 0.115179 0.080098 0.176453 -0.321686 -0.264731 -0.095908 -0.027151 -0.066751 0.081111 0.257340 
-0.130884 -0.287296 -0.030470 -0.751088 -0.360046 0.439613 -0.214710 -0.200563 -0.236670 0.194584 -0.181107 -0.910748 0.161129 0.166703 0.294684 -0.717567 
