0.014710 0.042166 -0.055413 0.057651 -0.006751 0.045636 -0.017695 -0.018495 -0.058982 0.299062 0.016996 0.053156 0.026109 -0.566116 -0.418139 -0.066159 
0.227705 -0.025870 -0.036149 0.049531 0.023021 0.266295 0.406487 0.128748 -0.331223 -0.175902 0.322690 0.208523 0.173069 -0.417132 0.687079 0.120809 
0.116005 0.074322 -0.001345 -0.137067 0.086711 0.278149 0.033717 0.027759 0.386124 0.138191 0.317910 -0.032304 0.114599 -0.354760 -0.041587 0.067596 
-0.137721 -0.203111 0.057638 0.206496 0.036138 0.178778 -0.077662 -0.288379 -0.700133 0.073450 0.384185 -0.012483 0.041871 0.041156 0.349004 0.003649 
-0.070188 -0.174344 -0.087036 0.347413 -0.280395 -0.126809 -0.346746 -0.123987 -0.115374 -0.079449 -0.712991 0.033090 0.054731 -0.007070 -0.438692 -0.452753 
0.072095 0.117196 0.122980 0.144255 -0.073390 0.021357 0.104828 0.110348 -0.455371 0.085513 -1.368754 0.133175 0.155379 0.106399 -0.297488 0.223121 
0.125571 -0.142331 0.068646 -0.197186 0.245155 0.085481 0.082649 0.087821 -0.300399 0.088621 -0.645124 0.067847 0.014052 0.280729 0.508244 -0.094767 
0.295830 -0.376921 0.181428 0.205653 0.491382 0.048842 0.169251 0.144994 -0.687180 -0.060814 0.180181 -0.493410 -0.674884 0.351039 0.509004 -0.581835 
0.020055 0.150544 0.192591 0.019609 -0.612372 0.096212 0.173954 0.188773 -0.141506 -0.449368 0.567860 -0.006207 -1.136335 0.195291 -0.090259 0.265349 
0.108676 -0.065508 -0.224120 -0.311107 -0.063879 -0.018202 -0.103997 -0.218438 -0.656296 0.529519 0.109109 -0.012347 0.110935 0.152048 0.306591 0.046202 
-0.001822 0.249362 -0.041887 0.510941 -0.162136 0.272444 0.240351 -0.003237 -0.763863 0.123942 0.175849 0.026479 -0.795081 0.268811 -0.023042 0.165489 
0.044469 0.072654 0.076149 -0.049513 -0.131688 0.028569 -0.279098 0.001110 0.231748 0.049128 -1.261139 0.145346 0.120367 -0.876727 -0.393568 0.209559 
0.043279 0.123874 -0.132254 0.262856 -0.013100 -0.044584 0.136647 0.026681 0.351387 0.281703 -0.088201 0.438043 0.009940 -0.259385 0.253429 -0.474748 
-0.084726 0.001536 -0.059420 -0.689465 -1.050464 -0.038011 -0.064025 -0.116118 0.134577 0.007933 0.192814 -0.045340 0.104683 0.012973 0.776932 -0.502411 
0.083789 -0.047834 -0.216126 -0.037165 0.181405 0.159567 0.207574 -0.352522 0.369072 0.382124 -0.251763 0.237320 -0.051652 -0.000435 -0.765427 -0.059117 
-0.040028 -0.004457 0.166278 0.615507 0.518606 0.183247 -0.128600 0.189757 0.943278 0.089835 -0.234676 -0.131321 -0.422067 -0.085130 0.528799 0.210425 
0.139987 0.027883 -0.078418 -0.899470 -0.056762 0.076274 -0.410809 -0.099901 0.247331 -0.894131 -0.314873 0.129707 0.222164 0.108391 -0.236460 0.095001 
-0.091795 -0.013522 0.097739 0.181375 -0.380338 -0.289446 -1.473846 0.120435 -0.208741 0.109840 -0.764844 0.183420 -0.098229 0.177949 -0.137010 0.114213 
0.148166 -0.127862 0.079471 0.350439 -0.231723 -0.622992 0.226253 0.087786 -0.505799 -0.076080 -0.191946 0.092659 -0.345581 -0.209644 -0.748362 -0.419474 
0.117432 -0.004458 -0.344742 0.195297 0.095217 -0.560659 -0.255389 0.139125 0.177216 -0.240880 -0.133472 0.300166 0.178152 -0.403137 -0.451184 -1.246068 
-0.012287 0.151946 0.063164 0.062324 0.429997 -0.043548 0.067398 -0.078714 0.222008 -0.073459 -0.975822 0.093392 0.063096 0.080806 0.233362 0.451186 
0.160734 -0.019948 0.161858 -0.720753 0.892601 -0.179051 0.250933 -0.008797 0.184883 0.031508 -0.142198 -0.317512 -0.103391 0.081191 0.678191 0.020697 
0.011834 0.190594 -0.215459 -0.021432 -0.101709 0.431897 0.393114 -0.026538 0.177112 -0.086740 -2.404087 0.016150 0.064317 -0.117680 -0.412742 -0.035567 
0.078589 0.170241 0.190692 -0.122412 0.045781 0.127883 0.197127 0.198703 -0.247244 0.040639 0.079233 0.081032 0.090108 -0.022759 -0.623421 0.106618 
0.050978 0.003358 0.114541 -0.262581 0.093403 0.063286 -0.285840 0.092499 0.071119 0.159804 -0.090769 0.155017 0.168619 -0.666378 -0.514769 -0.057563 
0.138015 0.108961 -0.011839 -0.347841 0.036077 0.221026 0.263281 0.023458 -0.225607 0.075448 -0.259925 -0.178614 0.010984 -0.347729 0.186559 0.087890 
0.130318 -0.526715 0.223853 -0.008584 -0.607831 -0.709236 0.441487 0.226895 0.196294 -0.057254 -0.245447 -0.627155 -0.307668 0.077768 0.473801 -0.719842 
-0.008487 0.073153 -0.038028 0.116155 -0.006911 -0.111664 -0.105522 -0.039031 -0.011370 -0.134017 0.188853 0.049005 0.006228 -0.216552 -0.813474 0.045509 
-0.092021 -0.204463 0.119052 -0.049618 0.586231 -0.138561 -0.146601 0.065240 -0.221396 0.094592 -0.092419 -1.014116 -0.836392 -0.027584 0.582731 0.008182 
0.126617 0.110775 0.079422 0.311464 0.054520 0.081816 -0.020602 0.086527 0.509591 0.054480 -0.496631 0.107812 0.109632 -0.188440 -1.059702 0.160747 
0.137404 -0.101119 0.013432 0.222300 -0.730772 -0.384071 0.086319 0.119288 -0.566680 -0.292819 -0.165784 0.135984 0.318662 -0.295451 -1.245824 -0.129269 
-0.055784 0.189794 0.188729 -1.147929 -0.441955 0.268187 0.273790 0.020184 -1.535530 -0.168936 0.345795 0.398356 -1.779626 0.235457 -0.086062 -0.621045 
-0.053668 0.018188 0.179809 0.270393 -0.103640 0.134637 -0.180071 0.128853 -0.677950 0.306944 0.155711 -0.180197 -1.512282 0.237424 0.106266 -0.665052 
0.004265 0.115453 0.025978 -0.768168 -0.090920 0.067790 0.340253 0.051248 -1.029573 0.032930 0.774448 0.044046 0.077093 0.148535 0.485897 0.201098 
0.025706 0.061702 0.036519 -0.072330 0.083404 0.061574 0.157992 0.029085 -0.576342 -0.052736 -0.400471 0.057687 0.050024 -0.233015 0.508584 0.029161 
0.111985 0.068192 0.083638 0.211457 0.045681 0.165953 -0.379340 0.006816 -0.160002 -0.106695 -1.885780 0.155930 0.141394 -0.080963 -1.592387 0.097551 
0.085474 0.335748 -0.047216 -0.488156 -0.733091 0.062393 0.007303 -0.061997 0.092978 0.113161 0.267188 0.480336 0.446502 -0.085862 -0.483651 0.141099 
0.107783 -0.042639 0.130651 -0.474430 -0.411927 0.170464 0.229599 0.213065 0.268275 0.091908 -0.962430 0.027596 0.112895 -0.068258 -0.541337 -0.548265 
0.138208 -0.008685 0.121646 -1.139932 -0.624324 -0.165988 0.023794 0.100061 0.120972 -0.715454 0.181234 -0.011174 -0.127580 0.269253 0.197321 0.146915 
-0.692369 0.201694 -0.108337 0.349780 0.458071 -0.248391 -0.196400 -0.777031 -0.186894 0.017051 -0.009430 -0.848578 0.250934 -0.018635 0.247070 -0.004906 
0.073174 -0.057954 -0.019895 0.019843 -0.055399 0.192769 0.301466 -0.033189 0.448939 -0.130937 0.248458 -0.516436 -0.305925 -0.155654 0.323707 -0.244743 
0.140492 -0.095720 0.092637 -0.156751 -0.143091 0.111206 0.055260 0.084070 0.254805 0.227352 -0.482752 0.041240 0.206011 0.006796 0.057672 -0.031274 
0.216697 0.264711 -0.376807 -0.174758 -0.078731 -0.549827 -0.327322 0.239591 -0.036061 -0.376222 -0.286273 0.359845 0.344784 -0.940066 -1.505624 0.476595 
-0.143122 -0.392392 -0.059292 0.453370 1.153030 -0.122222 -0.285023 -0.137336 -0.653727 0.308937 -0.587360 -0.371617 0.294551 -0.113720 0.284149 -0.227152 
-0.017491 0.043496 -0.331777 0.270710 -0.094586 0.200931 0.341223 -0.183148 0.443857 -0.028261 0.132031 0.271518 0.445791 0.399335 -0.457891 -0.503659 
-0.310684 0.073001 0.233235 -0.173867 0.153940 -0.070970 -0.580971 0.171434 -1.133328 0.235156 0.086495 -0.025997 -0.012026 0.258316 0.579566 0.034583 
0.060876 -0.077033 0.152380 -0.618734 -0.444572 0.363225 -0.435987 0.029974 -0.140999 0.135632 -0.056609 -0.282357 0.122987 0.222360 0.108497 -0.296935 
-0.027871 -0.222199 -0.072482 0.530110 0.171500 0.167816 -0.247443 -0.009024 -0.354373 -0.390049 -0.024277 -1.729928 0.135970 0.266388 0.102505 0.103025 
0.132208 -0.384330 0.019258 -0.397142 -0.253466 0.269058 -0.372459 -0.246296 -0.407352 -0.154809 -0.540714 -1.524119 -0.244214 0.153007 -0.878830 -0.768160 
0.078241 0.028552 0.095756 -0.584283 -0.312768 0.103307 -0.219345 0.101605 -0.003465 0.131897 0.394965 0.104143 0.036257 0.057932 0.098098 0.068489 
0.043671 -0.396019 0.013502 0.526436 0.128325 -0.061114 0.073619 0.006955 0.261438 0.196950 0.143112 -1.161538 -0.860609 0.216102 -0.488037 -0.219153 
0.195200 -0.051176 -0.108078 -0.339535 0.033024 0.039663 0.139282 0.303593 -0.187542 -0.152252 -0.004192 0.319221 -0.141727 0.585265 -0.615533 -0.010837 
0.006028 0.062421 -0.047642 0.067239 0.334174 0.405189 0.641804 -0.665031 0.537323 -0.002287 0.204499 -0.013922 -0.255574 0.218111 0.109297 0.153094 
0.241769 -0.173870 0.084867 -0.616347 -0.776932 0.240056 0.001164 0.011154 0.387828 0.137554 0.034365 -0.437275 -0.116334 0.048030 -0.049385 -0.175620 
0.027545 -0.277149 0.088864 0.427793 0.132426 0.017139 -0.251246 0.027139 0.172795 -0.187538 0.725301 0.033578 -0.145078 0.234955 -0.001055 -0.070095 
0.039293 0.033086 0.036296 0.039261 0.070630 0.023479 -0.470228 0.072227 0.229791 0.057413 0.117823 0.098366 0.112996 -0.608932 -0.616151 0.073434 
0.274114 0.349279 0.102957 0.133422 0.139836 -0.128607 -0.719094 0.144933 -0.202879 0.365474 0.289802 -0.227216 -0.667037 0.313206 -0.701828 0.399930 
0.162682 0.092445 0.087469 0.380318 0.180473 0.112269 0.198770 0.083724 -0.862526 0.211001 0.586799 -0.580680 -0.398579 0.007810 -0.055955 -0.858920 
0.087206 0.195196 0.103205 -0.580706 -0.548247 0.204355 -0.704648 0.020902 0.345654 0.158231 -0.018102 -0.446173 0.345267 -0.080034 0.219725 -0.249534 
-0.105724 0.257622 0.085847 -0.206667 -0.189354 0.029563 0.046420 -0.118179 0.703984 0.173796 -0.089312 0.071399 -0.014564 0.081091 -1.520676 0.001784 
0.084279 -0.623571 0.047737 0.132239 -0.102555 0.030487 -0.459621 0.025983 -0.284573 0.046358 -0.162920 -0.282600 -0.097902 0.076235 0.611324 -0.512972 
-0.007460 -0.005770 0.040962 -0.295168 -0.012389 0.056742 0.147812 0.023448 0.129145 0.051599 0.081629 0.000745 -0.024323 -0.066781 -0.280523 0.013577 
0.081822 0.095620 -0.341068 0.077809 0.030091 0.096516 -0.075441 -0.302008 -0.137277 -0.226887 -0.362734 0.343850 0.228142 0.028497 0.045284 0.278510 
-0.147922 -0.515703 0.146536 0.019254 0.808508 -0.790113 -0.533588 0.117776 -1.266463 -0.426913 0.542575 -0.141352 -0.185155 -0.071843 0.033251 -0.366429 
0.013384 0.180447 -0.247452 0.219930 0.352926 0.081216 0.278448 -0.269638 0.062440 -0.230267 0.113618 0.192968 0.303818 -0.008689 -0.353024 0.238688 
0.077780 0.043419 0.079970 -0.421662 0.313943 0.158977 -0.127843 0.090195 0.042249 0.120471 0.019816 0.053101 0.053864 -0.337578 -0.449810 0.051601 
-0.382319 0.074993 0.101940 0.045958 -0.084090 -0.126165 -0.159615 -0.245959 -1.227357 -0.537032 0.248211 -1.784220 0.290648 0.157041 -0.228830 -1.228268 
-0.206702 -0.161227 0.082255 0.286335 0.357465 0.227956 -0.177112 -0.106120 -0.848064 0.056730 -0.560591 0.372662 0.495745 -0.370955 -0.470847 -0.050304 
-0.029375 0.033638 0.059427 0.503200 0.444580 -0.048750 -0.415575 0.067558 0.043070 0.088531 -1.926013 -0.033554 -0.026329 -0.233810 -0.717401 0.013307 
0.099057 0.067768 0.069726 0.008332 0.101873 0.086952 0.051520 0.062843 0.359588 0.061972 -0.573791 0.094235 0.115912 0.165386 -0.574005 0.106739 
0.001188 0.393893 0.072531 -0.298663 0.377968 0.161675 -0.101818 0.046350 -0.411937 0.067053 -0.902763 0.000166 -0.077490 0.055215 0.521510 0.388906 
0.025567 -0.080368 -0.017413 -0.425113 -0.198406 0.241502 0.286854 0.129129 -0.438897 0.121371 0.219484 0.090591 -0.103657 0.144635 0.338405 -0.105309 
0.208960 -0.233654 0.151358 0.295922 -0.260930 0.157698 -0.297369 -0.025887 0.298907 -0.362445 0.292837 -0.116574 -0.016485 0.200399 -0.038069 -0.125323 
-0.138813 -0.086746 0.132193 0.072789 0.356159 0.479621 -1.038948 -0.045913 -0.624835 0.120571 0.164651 -0.650599 -0.830619 0.082450 0.275368 -0.175982 
0.120976 0.084717 0.154007 -0.083412 -0.058030 0.189934 0.406658 -0.592663 -0.793201 -0.023766 -0.037663 0.089722 0.277269 0.134072 -0.745018 0.166610 
0.105829 0.116755 0.119190 -0.526010 0.127905 -4.404509 -1.440716 0.160346 0.282705 0.215818 0.248732 0.124692 0.151439 -1.341081 -0.075629 0.119279 
0.018911 0.000745 0.109736 -0.140259 -0.913008 0.135502 -0.351747 0.096957 -0.435739 -0.636250 -0.575204 -1.085036 -0.608870 0.208420 -0.385066 0.045912 
0.239726 0.193622 0.038880 -0.118958 0.257015 0.142007 0.323868 0.140040 0.107724 0.017676 -0.231771 0.333193 -1.657253 -0.073159 -0.207337 0.296755 
0.078791 0.121434 0.227603 -0.697362 0.309658 0.096553 -0.003150 0.261133 -0.054419 0.218848 -1.280805 0.119146 -0.039072 -0.039852 -0.832215 0.202597 
-0.056971 -0.083978 -0.027511 -0.701074 -0.052805 0.124188 0.265583 -0.047041 -0.428969 -0.010215 0.028944 0.062248 0.011966 0.061204 -0.182777 -0.030103 
0.126314 0.170379 -0.252318 -0.202143 -0.206499 0.196098 0.226038 -0.118284 -0.616075 0.327724 0.346570 0.027458 -0.022124 -0.090594 -0.354564 -0.040439 
0.027678 -0.122814 0.031972 -0.723378 0.117147 0.002038 -0.936318 -0.004244 0.363134 0.214571 -0.320897 -0.177803 -0.255362 0.020865 -1.344782 -0.032793 
-0.132187 0.111528 0.149986 0.202909 -0.095458 0.255578 0.327437 0.163905 -0.930400 0.162281 -0.988384 0.168630 0.194774 -0.007442 -0.213310 0.136990 
-0.475366 -0.047032 0.241925 0.288945 0.077358 -0.334540 -0.319544 0.293732 0.486046 0.328579 0.183687 -0.122973 -0.122615 0.131489 -0.490357 -0.713392 
0.053340 0.213972 0.000347 -0.149045 -1.243066 -0.060353 0.214451 -0.042379 -0.209220 -0.445874 -0.256376 -0.050800 -0.333935 -0.087106 -0.125028 -0.690213 
0.123130 0.150119 0.030496 -0.434305 -0.128878 -0.902445 -0.581238 0.030131 -0.882598 -0.149813 -0.197976 0.095201 0.003246 -1.905499 -0.826261 0.150318 
-0.085184 -0.007894 0.142564 -0.298235 0.103331 -1.001031 -1.464895 0.117556 -0.452916 0.098366 -0.395626 0.295472 0.416839 -0.491808 -0.117579 0.157588 
0.035368 0.011561 -0.131002 0.510880 -0.299936 -0.068971 0.013686 0.049602 -0.193934 0.128608 -1.363791 0.087612 0.095271 -0.293942 -1.026544 -0.338111 
0.040877 -0.170931 -0.175750 -0.472720 -0.485345 -0.036523 0.164085 0.071213 -0.531717 -0.120451 -0.035982 -0.325898 -0.006939 -0.064991 -0.432711 -1.574427 
0.080084 0.076190 0.075756 0.036718 -0.015295 -0.015559 0.052925 0.092873 -0.629050 0.120529 -0.073885 0.197821 0.220683 -0.292066 0.092260 0.148837 
-0.065243 -0.050769 0.065010 -0.592452 -0.859033 0.031285 0.025011 0.122209 0.115552 -0.059103 0.067377 0.000489 0.005980 0.174383 -1.322608 -0.186289 
0.049738 -0.096245 0.056165 0.036389 -0.046697 0.155104 0.261778 0.103167 0.241258 -0.166144 -0.179688 0.100961 0.075633 0.078592 -0.869618 0.209397 
