0.011674 -0.390457 0.050682 0.099130 -0.256460 -0.063469 0.074311 0.046573 -0.245777 0.037618 0.061890 -1.185213 -0.185764 0.310326 0.684417 -0.761345 
0.075460 0.069661 0.071090 -0.058625 -0.171723 0.157524 0.163948 0.082873 0.022994 0.098662 0.142236 0.130396 0.100773 0.082118 -0.475282 0.091072 
0.032418 -0.022261 0.106179 0.195512 0.169184 0.017702 -0.004852 0.135761 -0.020985 0.072346 -0.691672 0.114755 0.181203 -0.167178 -0.470856 -0.010018 
-0.029455 -0.247951 0.024912 0.434521 0.171137 0.111594 -0.248545 0.059094 0.160908 -0.103303 0.044420 -1.504625 -0.285821 0.023153 0.050226 -0.043866 
0.138537 -0.025268 0.099654 0.258585 -0.680632 0.123802 0.072210 0.097302 0.167758 0.106579 -1.014557 -0.040044 0.052667 0.167100 -0.508539 -0.100255 
0.035223 0.032740 0.064049 0.356445 0.130339 0.060458 0.098574 0.041336 -0.163044 0.031800 -1.402185 -0.128071 -0.001623 0.203490 -0.097264 0.056811 
0.014885 0.235030 -0.091788 -0.527663 -1.328196 0.078063 0.119409 -0.360072 0.053238 0.030191 0.280197 0.414984 -0.122796 0.107736 -1.415958 -0.406010 
0.172714 0.118843 -0.388096 -0.132442 0.080798 0.198551 -0.078062 0.193925 0.000578 -0.506124 -0.170057 0.124690 0.289581 -0.750007 -0.397985 -0.165312 
0.120993 -0.038692 0.114914 -0.271193 0.066282 -0.027567 0.186538 0.144719 -0.062432 -0.012302 -0.923415 0.012204 0.020177 0.276971 -0.456540 0.249129 
-0.109647 -0.096168 -0.158574 0.302058 0.267328 0.099560 -0.195314 -0.106279 -0.210516 0.166421 -0.159508 0.222992 -0.141001 -0.143186 0.302480 -0.167152 
0.032354 -0.043785 -0.008441 -0.236111 -0.145427 0.349982 0.417004 -0.012027 -0.002738 -0.353262 -0.744551 0.101202 0.023003 -0.543772 -0.270898 -0.187115 
-0.069579 -0.048089 0.057296 0.264881 0.924978 0.070294 -0.295916 0.006007 -0.080059 0.096305 0.120134 0.010047 0.042208 -0.351934 -0.474149 -0.236418 
-0.096030 0.037805 -0.098032 -0.127719 -0.247784 0.075638 0.032132 -0.075058 0.312572 -0.176353 0.249181 -0.064844 0.034990 -0.333088 -0.339772 -0.056985 
0.109492 -0.293393 0.171592 0.290373 0.345360 -0.380562 -0.306357 0.158742 -0.869584 -0.688716 0.564392 -0.246183 -0.368062 0.177237 0.343925 -0.172679 
-0.021340 0.030324 -0.004427 -0.151802 -0.048845 0.065153 -0.148820 -0.046091 0.456957 -0.006526 0.439025 0.033404 0.020579 -0.041137 -0.361728 -0.051218 
0.154570 0.123707 0.094169 -0.024622 -0.019443 0.127780 -0.069673 0.088621 0.126918 -0.104846 -0.811559 0.063073 0.120950 0.363295 -0.492520 0.176757 
-0.220310 0.129948 0.179012 0.000885 -0.300792 0.288092 -0.143070 0.185611 -0.327014 -0.486566 -0.152842 0.237191 -0.648896 -0.010829 -0.303110 0.026925 
0.024263 -0.257314 -0.024906 -0.233030 -0.674687 0.038611 0.166342 -0.086418 -0.226303 0.098616 -1.500893 0.384904 0.094658 -0.125950 -0.868011 -0.148333 
-0.051898 -0.077484 0.025720 -0.036717 0.088601 -0.008426 0.023863 -0.024277 0.121283 0.007460 -0.315215 -0.018946 0.036562 0.040341 -0.609043 0.041257 
0.090372 0.145002 0.031120 -0.427093 0.183856 0.436694 -1.094705 -0.186499 -0.170743 0.003120 0.081940 0.169266 0.170077 -0.022826 -0.679324 0.190977 
-0.024429 -0.052967 0.202856 0.031987 -0.152335 0.100552 -0.756521 0.117575 -0.946324 0.139535 -0.965131 0.236471 0.222477 0.094226 -0.060695 -0.028112 
-0.012166 0.037564 0.002725 0.077668 -0.249892 0.086452 0.120786 -0.028651 -0.218374 -0.092818 -0.743634 0.009689 -0.042660 -0.400584 -1.425063 0.033471 
-0.079614 -0.278014 0.089520 0.156235 0.487292 0.297533 0.133124 -0.270464 -1.276289 0.214456 -0.674615 -0.852653 -0.244139 -0.019378 -0.944581 0.105865 
0.063197 -0.032210 0.008493 -0.096412 0.202322 0.186559 -0.006362 0.027083 -0.495643 0.020941 -1.324753 0.088702 0.081080 -0.212974 -0.625342 0.069814 
0.018371 0.034366 -0.120675 -0.257145 0.218884 0.277406 0.469622 -0.768920 0.531730 -0.187819 0.006092 0.064841 0.039577 0.037279 -0.022652 0.254735 
0.074191 -0.005155 0.015792 0.171679 -0.464895 -0.080218 0.175161 0.083496 -0.546784 0.066407 -0.310050 0.087468 0.166438 -0.301332 -0.444068 -0.269966 
-0.102928 -0.439741 0.067575 -0.048008 0.141094 -0.326982 -0.318031 0.219872 0.358033 0.182829 -0.965730 -0.293571 -0.046221 0.172299 -0.813413 -0.177968 
0.052114 0.050812 0.061379 0.097528 -0.029258 0.101178 -0.070271 0.061667 0.082872 0.064179 -0.146752 0.077159 0.084437 -0.020934 -0.363507 0.081331 
-0.007618 -0.077925 0.014973 -0.131324 -0.047527 -0.028907 -0.202428 0.308499 0.026302 0.150143 -0.421648 0.314445 -0.151285 0.317845 0.108857 -0.209118 
0.082232 -0.008660 0.020299 -1.322423 -1.333729 -0.256052 -1.424562 -0.024182 0.084868 -0.401173 -0.125734 -0.169316 0.069067 0.080956 0.387939 -0.112228 
0.151418 -0.056327 0.015914 0.275638 0.281661 0.206436 -0.277669 -0.015062 -0.347558 0.254291 -0.103158 -0.161123 -0.033746 0.385210 -0.382858 0.255807 
0.113151 -0.360279 0.179432 0.203041 -0.212321 -0.361598 0.279714 0.188255 -0.064060 0.031621 0.218985 -0.343894 -0.262914 0.117072 0.263843 -0.400687 
0.004976 -0.040146 -0.003253 -0.230465 -0.042264 0.112843 -0.021276 -0.191190 0.473991 0.051978 0.308358 -0.033989 0.063051 -0.153643 0.633506 0.008977 
0.104623 0.161614 0.039766 -0.182105 0.084414 0.126098 -0.499487 0.110771 0.353108 0.157183 -0.514129 0.331992 0.190462 -0.574430 -0.134191 -0.035212 
0.047135 0.276309 0.053029 0.167940 0.067058 0.133641 0.356993 0.082484 -0.454622 0.032766 -0.538770 0.054751 0.071694 -0.410760 -0.807719 0.252259 
0.090675 -0.046649 0.107094 -0.368965 -0.320317 0.226749 -0.089734 -0.278136 -0.542440 -0.260848 0.036401 -0.308982 0.214811 0.179260 -0.984198 -0.300909 
0.124823 0.120135 0.141594 -0.005252 0.087938 0.150819 -0.117816 0.119241 0.255219 0.126879 0.061305 0.170448 0.166239 0.033354 0.039250 0.124696 
0.124991 -0.117025 0.051286 0.533630 0.212422 0.089227 0.206903 0.127474 0.512166 0.225093 -0.732356 0.052658 0.189942 -0.438793 0.568895 0.043624 
0.143315 0.175248 -0.082562 -0.079455 -0.344361 -0.121353 0.342195 -0.096822 -0.802485 0.062028 0.357308 -0.463420 -0.348254 -0.086303 0.142462 0.030404 
0.135778 0.079586 -0.188139 0.192749 -0.266912 -0.373652 -0.497517 0.025028 -0.492171 0.088056 0.223897 -0.051926 -0.152384 -0.538178 -1.389601 0.078589 
0.062766 0.072946 -0.021252 -0.079625 -0.115732 0.081290 -0.179102 -0.064571 -0.115581 0.137627 0.135970 0.009602 0.105729 -0.620252 0.060214 0.152323 
0.068784 0.017481 0.043795 -0.041648 -0.952348 0.142309 0.268382 0.044592 -1.043128 -0.667428 -0.021515 -0.673417 -0.863852 0.213381 -0.060440 -0.159351 
0.034404 0.087711 -0.268131 0.466702 0.150954 -0.874048 -0.856718 -0.029294 0.249864 0.132163 0.112778 0.027902 -0.006351 -0.480446 -0.547046 -0.688017 
-0.045051 0.102812 -0.074232 -0.104794 -0.491532 0.082127 0.117211 0.005362 -0.491764 -0.141810 0.146770 -0.502406 -0.676442 -0.101356 0.178824 0.310377 
0.097381 0.139157 0.080139 0.074578 -0.195024 0.110149 0.038770 0.055624 -0.369585 0.080347 0.054226 0.116982 0.126051 0.061446 0.124292 0.144320 
0.104408 -0.212320 -0.014830 0.458556 -0.328274 -0.076062 0.106199 -0.067511 0.262421 0.076461 0.056428 -0.285956 -0.155874 0.225493 -0.237549 -0.308199 
0.005201 0.249277 -0.018724 -0.073425 -0.039329 0.050803 0.140958 -0.023953 0.006897 0.220545 -0.366481 0.259538 0.238203 -0.031892 0.057085 0.011040 
-0.096711 0.141103 0.157114 0.368342 -0.207366 -0.051418 -0.061506 -0.138242 -0.843442 -0.580049 0.181061 -1.182842 0.307940 0.213543 -0.541078 -0.128708 
0.099969 0.120834 -0.038637 -0.907436 0.350477 0.058970 0.153771 0.030549 -0.390691 0.108070 0.565225 0.044299 0.052901 -0.044438 0.105500 0.373068 
0.233915 -0.401785 0.097912 0.321120 0.064369 0.043763 0.015687 0.070546 0.640019 0.252520 0.538738 -1.552338 -0.190308 -0.004130 -0.710191 -1.084190 
-0.096151 0.208765 0.169830 0.196251 -0.591582 0.247507 0.067128 0.101569 -0.670365 0.053877 0.313781 0.487881 -1.271868 0.257191 -0.201984 -0.267683 
-0.703914 0.139644 0.197700 0.116929 0.215655 -0.079226 -0.347846 -0.087423 -0.318616 0.171050 0.107089 -0.152274 -0.012145 0.154183 0.099200 -1.015793 
-0.086220 -0.274533 -0.232806 -0.188430 -0.461100 -0.029017 0.334523 -0.118957 -0.150895 -0.354736 0.003421 0.165349 0.010411 0.202643 -0.216421 -0.959390 
0.016223 0.004225 0.069516 -0.179433 -0.029744 -0.019730 -0.121489 0.019796 -0.103465 -0.014996 -0.403477 -0.004634 0.019196 0.219153 -0.141693 0.038220 
0.005176 -0.045018 -0.221969 0.174799 0.339630 0.020723 -0.470078 -0.095924 -0.311263 0.077589 0.131221 -0.173759 0.057187 -0.048176 0.674237 -0.010569 
0.082907 0.070459 0.088923 -0.110784 -0.089973 0.244575 0.094490 0.095052 0.223952 -0.093014 -1.046095 0.010006 0.043403 0.298324 -1.550323 0.198069 
0.042172 0.011370 0.058937 0.028003 0.040503 0.095295 0.123956 0.013381 -0.198732 0.047644 0.732894 0.008261 0.021570 -0.331470 0.390396 -0.114340 
-0.122219 0.127353 0.021111 -0.034609 0.195795 -0.324129 -0.522860 -0.103506 -0.029433 0.574600 0.068100 0.102474 0.357571 0.015326 0.751475 -0.066794 
0.153749 0.155500 0.184274 -0.415537 0.077083 -4.552725 -1.569116 0.224503 0.166458 0.196751 0.063847 0.296027 0.259371 -1.511194 -0.113632 0.213071 
0.168341 -0.375770 -0.023958 0.088450 1.191139 0.248234 0.328753 0.056180 -0.541746 0.024076 -1.176321 -0.186389 0.290311 0.524306 0.373495 -0.096315 
0.025120 -0.121372 -0.279094 0.027142 -0.247413 0.290140 0.342746 -0.046108 -0.215184 -0.090006 0.697113 0.281126 0.098151 -0.023973 0.453137 -0.126417 
-0.082485 -0.334652 0.268038 0.503379 -0.640445 0.215691 0.048121 0.307552 0.539340 0.085070 0.119799 0.135838 -0.332916 0.333925 0.168474 -0.440848 
0.075330 0.063277 0.136774 -0.017469 0.046385 0.097135 0.069576 0.089219 0.234290 0.116407 -0.380515 0.054892 0.106599 -0.005482 0.514611 0.038552 
0.093522 0.079124 0.106450 0.165652 0.135816 -0.000896 0.281200 -0.104242 -0.901927 -0.127859 -0.273410 -0.350627 0.090412 0.149158 0.027778 0.081694 
-0.001633 -0.001393 -0.006664 0.034114 0.080494 0.010856 -0.402837 -0.004616 0.051974 -0.011497 -0.025208 0.040609 0.028315 0.023082 -0.225721 0.013436 
0.142478 0.030342 -0.064483 -0.354034 -0.381723 0.080851 0.145999 0.201135 -0.431460 -0.137898 -0.241402 -0.076436 0.167125 0.207403 0.255740 -0.121135 
0.218390 0.151136 -0.191815 0.315532 -0.141613 -0.573379 -0.071122 0.217676 -0.260205 -0.185524 0.187518 0.401299 0.209564 -0.210793 -0.586754 0.370988 
-0.139651 -0.005948 0.020436 0.047420 0.404373 -0.068808 0.044315 0.037499 0.446603 0.119394 -0.394303 -0.537477 -0.379646 -0.169355 0.799057 0.098312 
-0.029193 -0.169944 -0.125339 0.646785 0.355447 -0.141431 -0.229504 -0.073241 -0.458474 -0.201001 -0.221301 0.358895 0.452740 -0.684286 -0.924295 -0.255641 
0.106081 -0.039121 -0.047844 -0.853953 -0.682794 0.067307 -0.020877 -0.017754 0.119513 0.172299 -0.107561 -0.333684 0.113815 -0.004770 0.301938 -1.206051 
0.131381 0.175081 -0.150174 0.335060 0.191416 0.271785 0.504513 -0.177566 -0.550064 0.741015 0.338956 -0.015873 -0.181081 -0.274331 -0.141127 -0.110618 
0.153233 -0.412675 0.128169 0.117568 -0.321720 0.124720 -0.043379 0.175547 0.252467 0.086742 -0.221477 -0.332997 0.135077 -0.316807 -0.375762 -0.101636 
0.135341 0.148256 0.020558 -0.582955 -0.133246 -0.568508 -0.460301 -0.010721 -0.328517 -0.790200 0.057612 0.101433 0.179200 -0.216081 0.113283 0.251887 
-0.108965 -0.020793 -0.046482 0.097628 -0.117195 -0.019622 0.060350 -0.085557 0.229498 -0.063770 0.192844 -0.022010 0.023864 0.258912 0.107120 -0.122439 
0.250494 0.247356 0.001437 0.258199 0.268424 0.112684 0.104054 -0.012166 -0.152601 -0.065809 -2.147945 0.222619 0.045769 0.311852 -0.620041 0.257283 
0.149189 0.206057 0.095968 -0.153408 0.238909 -0.347064 -0.277781 0.243961 -0.109432 0.089808 0.233179 0.082467 0.096777 -0.250902 -0.382777 0.062381 
0.060664 0.169696 0.121826 -0.164943 -0.447331 -0.019419 -0.053869 0.029938 0.293377 0.034782 -0.495186 0.105305 0.071793 0.090507 -1.402243 0.115397 
0.077515 -0.189269 0.211882 -0.177093 -0.053297 -0.024889 -0.084080 0.163437 -0.404841 0.282168 0.038504 0.055968 -0.377246 0.032511 -0.991976 -0.069082 
-0.226555 -0.047340 -0.053984 -0.241455 0.393804 -0.350112 -0.806935 -0.095741 0.378675 0.053984 0.175056 -0.403710 -0.116728 -0.118393 -0.236728 -0.074593 
-0.218348 0.024545 0.205443 0.027471 0.235447 0.081793 0.156959 0.173037 -0.204643 0.182205 0.229242 -0.032122 -0.083165 0.367850 0.363921 -0.063977 
0.240104 0.135409 0.051250 -0.260912 0.363263 -0.121219 0.107878 0.089230 0.323223 -0.228443 -0.150305 -0.320124 -2.021184 -0.005310 -0.442948 0.363526 
-0.240212 -0.154263 0.133697 -1.077397 0.168710 -0.241894 0.374964 0.073835 -0.237551 -0.208347 0.186109 0.074330 0.264177 0.216333 -0.053748 -0.153755 
0.033901 0.023397 0.077860 -0.753621 -0.129169 0.128202 0.169998 0.063489 0.219030 0.058869 -0.134180 0.003572 0.036944 0.027925 0.410894 0.067918 
0.010654 0.187412 0.130023 -0.699443 -0.461402 0.115254 0.209103 0.118619 -1.853658 -0.597799 0.273130 0.126704 -0.992558 0.017839 -0.306317 -0.377027 
-0.050846 0.074409 0.048279 -0.199463 0.392714 -0.360826 -0.924595 0.027165 -0.286862 0.164095 -0.264352 -0.652414 -0.968024 -0.140367 0.402604 0.049790 
-0.082234 0.052275 0.057919 -0.828384 -0.817308 0.276143 -0.253168 -0.058603 0.086005 0.239170 0.176117 -0.339151 0.263432 0.170930 0.118982 -0.536689 
-0.258798 0.159121 0.055174 -0.225848 0.581831 0.058812 -0.064046 -0.079962 -1.393688 -0.001880 -0.587525 0.341805 0.454495 0.020775 0.361762 0.258189 
0.028399 -0.049783 -0.002095 -0.640136 0.143981 0.146498 0.218535 -0.045646 0.183461 0.065750 -0.879449 0.082803 -0.100176 -0.269419 -0.943629 0.065218 
0.249262 -0.351355 0.083079 -0.317417 -0.233298 0.237372 0.433460 0.083714 -0.321511 0.063660 0.292674 -0.510829 -0.694927 0.273104 0.143291 -0.909999 
-0.112367 0.028951 0.094636 0.780485 -0.308089 0.324431 -0.540270 -0.003582 -0.485450 0.175501 -0.798732 0.222221 -0.071095 0.139805 -0.064263 0.300945 
0.042709 -0.456478 0.193855 0.441884 0.291496 0.387457 0.209644 -0.152112 0.174281 -0.040439 0.243665 -0.378085 -0.836722 0.296218 0.434115 -0.602031 
-0.169077 -0.143071 -0.006998 0.099176 0.055725 0.074378 -0.125974 -0.091784 -0.120604 0.229545 0.034077 -0.422134 -1.166291 0.111081 -0.466945 -0.663116 
0.201043 0.066074 0.247035 0.125678 -0.027450 0.171162 0.226018 0.253104 0.520997 0.188332 -0.636734 0.168666 0.140950 -0.265492 -1.851938 -0.021677 
-0.171117 0.256047 -0.088720 0.683951 0.481311 -0.264982 0.077721 -0.249252 -0.051000 -0.204654 0.042504 -0.498928 0.290228 0.092666 -0.117396 0.196009 
0.043465 0.123212 -0.478099 0.305887 0.099308 0.108409 0.017417 -0.336247 0.306476 -0.503416 -0.860695 0.235224 0.267698 0.288920 -0.689005 -0.062818 
0.143899 -0.094675 0.194958 -0.452540 0.995193 -0.272063 -0.038453 0.049322 0.340585 0.018294 0.096425 -0.636594 -0.044751 0.204109 -0.081510 -0.090002 
