0.061411 -0.002810 0.071813 -0.048620 0.377785 0.094081 -0.149840 0.021015 0.202879 0.099877 0.087814 -0.354060 -0.096081 -0.729711 -0.262762 0.090085 
0.076183 0.072607 0.085129 -1.092370 -0.460217 -0.244435 -0.672096 0.051830 0.247819 0.170058 0.057871 -0.526649 -0.122051 0.119300 -0.147833 0.188485 
-0.372840 -0.012212 -0.182061 0.296242 0.033051 -0.053917 -0.335399 -0.197693 -0.127097 -0.512070 0.488715 -1.080017 0.330687 0.055931 0.070474 -0.480893 
0.141602 -0.161223 0.172675 0.319130 0.013115 -0.438904 -0.058608 0.146606 0.142397 0.280308 0.093708 -1.109024 -0.462805 0.420349 0.379726 -0.093907 
-0.404149 0.025179 0.088346 0.155329 0.278854 -0.040719 -0.214297 -0.328162 -0.212640 -0.226490 -0.089398 -0.078973 0.067377 0.022989 0.292244 -0.242636 
-0.038220 -0.598413 0.120079 -0.055365 0.260607 -0.107351 -0.206726 0.152626 -0.678344 0.024424 -0.139858 0.341614 0.486488 -0.744404 -0.963074 -0.367662 
0.074091 0.084550 0.076232 0.113538 -0.029958 0.090091 -0.162957 0.083810 -0.148940 0.031865 -0.047043 0.091112 0.062964 0.156943 -0.386034 0.130995 
0.112424 0.052744 0.029198 -0.393988 -0.822634 0.062127 -0.014444 0.038841 -0.051321 0.255759 0.390808 -0.098158 -0.096379 -0.022725 0.019231 -0.604690 
0.054165 -0.008814 0.032988 0.062869 -0.124051 -0.017124 0.210171 0.011442 0.105923 0.027386 -1.756510 0.029260 0.090003 0.184108 -0.269129 -0.125575 
-0.087050 0.039588 -0.164068 0.573391 -0.115339 -0.004984 0.036079 -0.146722 -0.334850 0.292542 0.035076 -0.167577 -0.046352 -0.238041 -0.714868 -0.254145 
-0.051442 -0.326725 -0.022837 0.118807 -0.061607 0.052391 -0.265952 -0.065727 -1.043245 0.082220 -0.361303 -0.166938 -0.078649 0.335332 -0.088682 -0.114660 
0.096217 0.297478 0.086904 0.013460 -0.505747 -0.128236 0.084405 0.060035 -0.511058 -0.238249 -0.165702 -0.322805 -0.061062 0.073810 0.362714 0.287572 
0.062519 0.151561 0.041901 -0.549872 -0.772543 0.020929 -0.029823 -0.057672 -0.714720 0.062700 0.172585 0.014756 -0.021707 0.163618 -0.251860 0.010432 
0.073175 0.122998 0.055049 0.096202 0.117255 0.152098 0.198933 -0.219491 -0.189572 0.076949 -0.284463 0.049229 -0.000608 0.224221 -0.512549 0.146617 
-0.079018 0.026714 0.019339 -0.051298 -0.236891 0.132167 -0.017017 0.013481 0.007068 0.134984 0.176794 0.157953 0.159089 0.099426 -0.263568 -0.107786 
-0.019206 0.142550 -0.331902 0.230012 0.482638 0.319023 0.124729 0.141977 0.309623 -0.088206 -1.337724 0.010988 0.134627 -0.370141 0.019440 -0.004152 
-0.005216 -0.032605 -0.104716 0.092512 0.141007 0.135668 -0.407341 -0.053672 0.481850 0.042480 0.561074 -0.466857 -0.057266 -0.369863 -1.066315 0.113324 
-0.039565 0.005886 0.034591 0.353475 0.211907 -0.051660 0.072544 0.069240 0.090120 0.001652 -0.190224 0.017293 0.051956 -0.030049 -0.695378 -0.115073 
0.075849 0.171216 0.125629 -0.084707 -0.135810 0.255449 -0.388812 -0.178323 -0.497960 -0.077679 -0.362546 0.132978 0.034724 0.060759 -1.642028 0.250359 
0.041354 -0.009203 -0.011665 -0.344858 -0.328731 0.178046 0.288495 -0.028063 0.141635 0.038138 0.061735 0.095490 0.192958 0.273902 0.345763 -0.212695 
-0.021956 -0.411574 0.072508 0.326911 -0.198249 -0.267071 -0.038196 0.049142 -0.657244 -0.186813 0.117480 -0.131093 -0.143029 0.051079 -0.227716 -0.220076 
-0.037581 -0.274936 0.033592 0.047721 0.403914 0.248692 0.097603 0.003561 -0.817915 0.123460 0.016574 -0.137245 -0.134069 0.114747 0.707722 -0.226248 
0.299642 0.137805 0.204730 -0.465104 -0.561601 -0.253777 -0.055420 0.193808 -0.119225 -0.651824 0.255529 0.163395 0.205380 0.274107 0.267034 0.187756 
0.121110 0.241821 -0.210373 -1.034960 -1.561761 0.162578 -0.095506 -0.163257 0.011785 -0.038823 0.230706 0.250947 0.299036 0.042088 -0.131886 -0.115972 
0.134433 0.101815 0.101982 0.158648 0.058121 0.075919 -0.392087 0.080557 0.066319 0.108853 0.073597 0.117257 0.099171 0.067940 0.249288 0.115828 
0.083902 0.032923 0.006473 -0.213389 -0.497086 0.047049 0.071003 0.093305 -0.166856 -0.040370 -0.416727 0.051022 0.117890 0.040176 0.236491 -0.044144 
0.069629 0.139742 0.121176 -0.414322 0.057158 0.406948 -0.462180 0.016747 0.440270 0.104764 0.303858 -0.548815 0.238230 0.009505 -0.278682 -0.286353 
0.134376 -0.101972 -0.000537 -0.638863 0.298024 0.150884 0.511661 0.075317 -0.125509 0.203501 -0.053061 -0.430110 -0.272909 -0.028738 -1.271273 -0.061329 
-0.249544 0.132488 0.166386 -0.347071 -0.059936 0.224910 0.273298 -0.168583 -0.833889 -0.179525 0.275157 0.586391 -1.141507 0.218782 -0.594257 -0.391826 
0.077228 0.072338 0.092938 0.142181 0.180096 0.122920 0.103123 0.118916 0.068519 0.116929 -0.211403 0.050195 0.031236 0.250424 -0.430569 0.084196 
-0.170903 -0.033557 0.096821 0.320733 -0.169619 -0.287077 -0.147037 0.203764 0.303917 0.126992 -0.166071 0.177879 -0.239367 0.037440 0.025023 -0.467794 
0.036830 -0.197441 0.156283 0.188217 -0.899730 -0.192186 -0.200534 0.151228 0.057383 -0.172413 -0.046344 0.068473 -0.043235 0.238555 0.322967 -0.126070 
0.086985 -0.560712 0.006915 -0.462218 -0.090270 0.231517 0.042871 -0.104321 -0.432041 0.056467 -0.626360 -0.858403 -0.208707 -0.026837 -0.492653 -0.078254 
0.090414 0.122123 0.024688 -0.296900 0.185535 -0.502141 -0.778538 0.107472 -0.108138 -0.056270 0.200110 -0.037140 -0.082610 -0.829325 -0.291812 0.191625 
-0.271214 -0.096132 0.118750 -0.311923 0.374711 -0.355469 -0.137085 0.113228 -0.436385 -0.079505 -0.184949 0.092818 0.107733 0.277015 -0.079861 -0.232464 
0.060567 -0.028937 -0.037699 -0.006387 -0.345631 0.200870 -0.108385 -0.110414 -0.068761 -0.086249 -0.157462 0.022884 0.013413 0.168345 -0.002828 0.109496 
0.090576 -0.105937 0.004175 0.244976 0.063456 0.190160 0.364335 -0.339224 0.443682 -0.030081 0.370216 -0.267954 -0.506666 -0.018291 0.109799 -0.606103 
0.069512 0.131491 0.085192 -0.002309 -0.198054 0.107201 -0.263871 -0.004071 0.009551 0.059895 -1.693032 0.130656 0.125847 -0.408580 -0.119817 0.236253 
0.251744 0.024171 -0.025068 -0.025210 -0.134706 -0.408064 0.314418 0.048711 -0.002216 -0.221428 -0.749984 0.245867 -1.142734 -0.198114 -1.286873 -0.017643 
0.057257 -0.065318 0.056025 0.027386 0.226371 0.293438 0.131954 0.060573 -0.087008 0.247036 -0.546625 -0.005881 0.137568 -0.324560 0.543546 0.144042 
0.184836 0.006919 -0.147573 -0.035192 0.013834 -0.479546 -0.133598 0.238320 0.308098 -0.144077 0.212719 0.318267 0.061735 -0.032860 -0.051701 -0.093710 
-0.097187 -0.143162 -0.293428 0.356443 0.558022 0.061960 -0.223549 -0.236302 0.080462 -0.203087 -2.370739 0.056874 -0.170121 0.129939 -0.368347 0.006812 
0.067553 -0.548127 0.221743 0.411250 0.149837 0.061956 0.198952 0.143843 0.262880 -0.138559 0.326725 -0.490861 -0.050742 0.208526 0.250337 -0.235896 
-0.007794 -0.113295 0.048865 -0.005005 -0.274912 0.028146 0.297203 0.151612 -0.037896 0.129686 0.058504 -0.028081 0.071277 -0.353193 0.711897 -0.016590 
0.029907 -0.237157 -0.101133 0.348189 -0.474052 -0.155347 0.157938 0.021096 -0.425626 -0.108653 -0.282820 0.003298 0.168816 -0.448485 -1.248533 -0.633851 
0.037044 -0.106608 -0.266674 0.024564 -0.404435 0.096447 0.326156 0.058272 -0.086688 -0.119842 0.134114 0.125711 -0.112172 0.325462 -0.098898 -0.275583 
0.033704 0.118686 0.092357 0.274046 0.033608 0.090624 0.224434 0.083728 0.132039 -0.041123 -0.933749 0.049135 0.018176 -0.219261 -0.333716 0.141059 
0.141685 0.160540 -0.033977 -0.271724 0.177634 0.014216 0.341428 -0.549467 -0.518983 -0.072573 0.087176 -0.354431 -0.017055 -0.297138 0.069216 0.167905 
-0.085693 0.115053 -0.310708 0.098257 0.129184 -0.007246 0.103601 -0.139229 -0.773765 -0.489695 0.339925 0.249924 0.262315 -0.318724 -0.216915 0.209464 
0.045165 0.093706 0.028008 -0.006258 0.112198 0.201401 0.365971 0.058405 0.064929 0.032247 -0.780666 0.082260 0.063483 -0.259619 -0.192537 0.017695 
0.021512 0.047123 0.057490 0.019340 -0.099183 0.198538 -0.264574 0.082632 0.263845 -0.111060 -0.245104 -0.130600 -0.038649 -0.213774 -0.686356 0.123037 
-0.144498 0.123430 -0.320516 0.336189 0.488329 -0.107079 0.149028 -0.411799 0.359316 0.418060 0.030660 -0.353540 0.285838 -0.008511 -0.159783 -0.515420 
0.065264 -0.340167 -0.014411 0.359399 0.243491 -0.136508 -0.224563 -0.097875 0.786594 0.246480 -0.115739 -0.517099 -0.428021 0.172905 -1.245913 -0.031043 
0.138082 -0.137893 0.087702 -0.392220 -0.891888 0.134948 -0.004791 -0.039486 0.005006 0.083097 -0.459006 -0.625481 0.074908 0.089157 -1.108294 -1.459800 
0.026951 -0.054148 0.077743 0.058205 0.323279 -0.215943 -0.865290 0.050925 -1.485994 -0.413294 0.226706 -0.497152 -0.322533 0.088106 0.066300 -0.192101 
0.220008 0.204420 -0.448152 0.429970 -0.156761 -0.359647 -0.257425 0.195832 -0.119069 0.027294 -0.129749 0.306625 0.235738 -0.561198 -0.756036 0.025469 
-0.047619 -0.101687 0.062573 -0.199806 -0.145430 -0.069288 0.162510 0.079823 0.546290 -0.059549 -0.347294 -0.125304 -0.094098 -0.149612 0.067139 0.017403 
-0.045841 0.087760 0.179542 -0.508171 -0.962020 0.340357 0.126821 0.170262 -1.476468 -0.064579 0.222473 -0.172877 -1.306232 0.332839 -0.049011 -0.214300 
-0.069995 -0.034341 0.055271 0.531586 -0.013654 -0.116899 0.049833 0.063243 0.086153 -0.265061 -0.166368 -0.333717 -0.089767 -0.029230 -1.367580 -0.177351 
0.180992 -0.027696 0.145884 -0.517813 -0.009325 0.088586 -0.686796 0.154470 0.531277 -0.587413 0.010749 0.052669 0.143805 0.202331 0.240712 -0.117862 
0.049434 0.038205 0.019393 -0.210128 -0.024767 0.029510 -0.217278 0.022786 0.223960 -0.001232 0.211492 0.011260 0.016527 -0.242756 -0.452328 0.047941 
0.071474 0.020423 -0.004303 0.106517 0.088255 0.015408 -0.067639 -0.437413 -0.496233 -0.289830 -0.462423 0.124153 0.200654 -0.040088 -1.567933 0.248223 
-0.024550 0.057543 0.031973 -0.062211 -0.419203 0.095087 0.177500 -0.353913 -1.633162 -0.603832 -0.190858 -0.267642 0.349877 0.088987 -0.014299 -0.184804 
0.000194 0.001668 -0.047284 0.446747 -0.120700 -0.051498 0.153126 0.023276 -0.057834 0.016736 -0.883546 0.097071 0.091433 -0.188721 0.088744 0.077140 
0.089850 -0.706068 0.013767 -0.229397 -0.436329 0.074917 0.181467 0.031128 0.192990 -0.079116 -0.152046 -0.462834 -0.003311 -0.082964 0.410354 -0.837109 
0.113018 0.135310 0.122069 -0.549648 0.102888 -4.622812 -1.480853 0.163869 0.139062 0.140572 0.041158 0.197938 0.154108 -1.773969 -0.180813 0.178830 
0.038724 0.082139 -0.083558 -0.187223 0.088791 0.047210 -0.171408 0.074226 0.205010 0.209956 -0.043959 0.292132 0.195609 -0.206073 -0.077993 -0.423733 
0.058756 0.034994 -0.044881 0.404347 0.130906 -0.739099 -1.185383 0.143385 0.151099 0.104631 -0.322554 0.326881 0.333145 -0.110690 -0.164184 -0.226871 
0.014925 -0.425730 -0.008726 0.449073 0.272207 0.050845 0.001890 0.108154 -0.572398 -0.186335 0.062396 -1.500846 -0.247545 0.158601 0.200914 -0.284896 
-0.230346 -0.028507 0.054028 -0.289487 -0.200729 0.202898 -0.231634 0.114651 -0.278455 0.136206 -0.848179 0.248734 -0.003175 -0.234840 0.273102 -0.199548 
0.031085 -0.269272 -0.063688 0.260937 0.240414 0.027930 -0.165382 -0.127562 0.191861 -0.126737 0.011611 0.057715 -0.148223 0.193592 -0.004350 -0.502995 
-0.060879 -0.091083 -0.144166 -0.453693 -0.165988 0.216312 0.067052 -0.371856 0.072942 -0.062227 0.143462 -0.094914 0.102683 -0.045531 0.133495 -0.291250 
-0.030365 -0.249656 0.146431 -0.325367 0.086283 0.015730 -0.793023 -0.043315 0.077554 0.182452 0.016526 -0.320935 -0.472560 0.159048 -0.949393 -0.064776 
0.070619 0.023059 0.010505 0.106871 -0.158337 0.134040 0.275243 0.105930 -0.237287 0.123952 0.205326 0.096230 0.112849 -0.342910 0.114536 0.236217 
0.167370 0.078590 0.018258 -0.446702 -0.041439 0.127984 0.036202 0.120902 0.089377 0.049645 0.307250 0.044290 0.157367 0.217441 -0.102017 0.101682 
-0.075887 -0.011478 0.177600 -0.089916 0.013925 0.159179 -0.115177 0.177542 -0.358647 0.039419 -0.895610 0.046042 0.185966 -0.249191 0.176977 0.097520 
0.047853 0.042812 -0.021523 -0.137920 0.199996 0.039631 -0.019597 -0.061188 0.124618 0.009898 0.255469 0.083994 0.087385 0.088050 -0.275930 0.097737 
-0.221531 0.003551 -0.057644 0.133325 0.653364 -0.049060 -0.294347 -0.112495 -0.531478 -0.007227 -0.475497 -0.039091 -0.047295 -0.519610 -1.072510 -0.365284 
-0.080163 0.125935 0.025936 -0.876275 0.492568 -0.052493 -0.087498 0.002727 0.012192 0.026680 -0.255347 -0.171993 -0.199684 -0.076786 0.936875 0.332984 
-0.110781 -0.119379 0.087930 0.347055 0.290079 0.087367 -0.315763 -0.088559 -0.313633 0.350899 0.022441 -0.365546 -1.390517 0.148960 0.284985 -0.295099 
-0.066586 0.147479 0.144217 0.355509 -0.007389 0.219669 -0.013991 0.165443 0.007616 -0.030054 0.199829 0.046930 -1.696288 0.094427 0.408940 0.344827 
0.012944 0.046155 -0.071001 -0.035004 -0.098776 0.031260 -0.715440 -0.115368 -0.062653 -0.161644 -0.622673 0.224184 0.100254 0.068889 -0.242342 0.126792 
-0.174896 0.086751 -0.048737 -0.201493 0.310605 0.295110 0.334933 -0.316933 0.449396 -0.157556 0.374868 0.211941 0.022795 0.355677 -0.800870 0.151555 
0.056134 0.027816 0.097666 -0.718629 -0.304846 0.221123 0.229286 0.051540 -0.826487 0.114161 0.132500 0.055879 0.029977 0.073672 0.420861 0.103354 
-0.042418 -0.242973 0.109754 -0.070278 0.756999 -0.433120 -0.159485 0.143382 -0.319697 -0.058533 -0.527624 -0.275322 0.010325 -0.003596 0.191851 -0.201064 
0.024527 0.146020 -0.171692 0.436814 0.385704 -0.160109 -0.130977 -0.027098 0.252976 0.112049 0.142647 -0.153462 0.037584 -0.011931 -0.858152 -0.187444 
-0.325003 -0.112072 0.064561 -0.370225 0.449728 -0.457566 0.253082 0.091408 0.159032 0.586719 0.288841 -0.202744 0.024540 -0.272810 -0.362857 0.109636 
0.146855 0.216304 0.178267 -0.078504 -0.873362 0.211677 0.378968 0.133212 -0.906608 -0.683800 0.371635 -0.289647 -1.322848 0.125773 0.047261 -1.778461 
-0.675205 0.238419 0.217090 0.144959 0.061877 0.063885 -0.673596 0.000159 -0.946047 0.155025 0.001725 -0.570043 0.163653 0.342952 0.080593 -0.843926 
0.205376 -0.278393 0.023523 -0.555580 0.095983 0.128766 0.176878 0.048157 -0.470627 -0.167123 0.014689 -0.705466 -1.103047 0.326178 -0.526000 -1.628595 
0.209003 0.164573 -0.144021 -0.138273 -0.024973 0.227100 0.379426 -0.190409 -0.045920 0.409835 -0.408092 0.224265 -0.033606 -0.416183 -1.256958 0.172598 
0.012318 0.094035 -0.032575 -0.170552 0.408710 -0.045176 -0.249299 -0.071490 0.402159 0.082811 0.399654 -0.152735 0.076434 -0.479779 -1.074244 -0.002045 
0.156555 0.060257 0.092356 -0.321541 0.533046 0.248217 0.341740 0.095194 0.501346 0.210049 0.372663 -0.460971 -1.041175 0.181147 0.660420 0.303567 
0.069224 0.047411 -0.051363 -0.246028 0.133735 0.040075 -0.490328 -0.077420 0.264022 -0.622170 -0.173396 0.020747 0.067568 -0.346737 -0.289735 -0.035128 
0.070027 0.088345 0.144370 0.037673 0.167415 -0.250514 -1.337755 0.074664 -0.683476 0.179231 -0.713900 0.164873 0.225441 0.181734 0.613444 0.093180 
0.102766 0.221624 -0.046466 -0.099623 -0.446535 0.089312 0.153553 -0.228122 -0.923669 0.248739 0.342821 0.377823 -0.359232 0.056339 -0.503846 -0.380258 
-0.019043 -0.097544 -0.041799 -0.342252 0.047789 -0.024284 0.052706 -0.047724 0.188650 -0.023266 -1.527500 0.060320 0.015066 -0.035101 -0.601405 -0.148654 
-0.087545 0.074506 0.027511 -0.093420 -1.320713 -0.106091 -0.455039 -0.021092 0.207562 -0.107565 -0.470627 -0.090495 -0.075107 -0.077822 -0.233542 -0.246566 
