0.152484 0.112952 -0.124626 0.554234 -0.078512 -3.020943 -0.473728 0.223460 -0.198556 -0.166564 -0.456353 0.306511 -0.385867 -0.704792 0.296093 -0.181982 
0.047121 0.035379 0.037860 0.435104 -0.345267 0.170811 -0.522995 0.060793 -2.194016 0.108318 -0.617327 0.157334 0.030389 0.112040 -2.430701 0.074143 
0.113001 0.113266 0.097675 -0.471727 -0.735620 0.139301 0.055159 0.112599 0.249064 0.118524 -0.009686 0.192463 0.156530 0.054686 0.323075 -0.457836 
0.365208 0.366641 -0.418036 -0.475193 0.170358 -0.594719 -0.632031 0.109503 0.099282 0.526777 0.061281 -0.186948 -0.894346 -0.304289 -0.048937 0.247879 
-0.251554 0.061316 0.256996 -0.035074 0.223174 -0.226597 -0.316657 0.275701 -1.844171 0.195492 -0.172318 -2.422227 0.025085 0.221068 -0.125101 -0.362380 
-0.082642 0.041654 0.036771 -0.841879 -0.013739 0.001796 0.331467 -0.129388 0.292324 -0.487610 -0.137442 -0.119992 0.145013 -0.060176 -0.818688 -0.931165 
0.020123 -0.110551 -0.408224 0.635913 0.105660 0.443820 -0.875834 0.034794 -0.429621 -0.677792 0.071712 -1.051191 0.058674 0.350875 -1.455549 -1.241016 
-0.448302 -0.290251 0.073260 0.060967 0.029580 -0.007950 0.120268 0.072467 -0.011443 -0.357010 -0.151832 0.192440 0.393060 -0.129810 0.608501 0.256699 
-0.031180 -0.063855 0.011417 -0.196905 -0.240954 -0.028064 -0.011966 -0.073985 0.120236 0.072075 -0.047577 0.150401 0.197048 0.030978 0.002904 -0.144819 
-0.119293 0.229579 0.025813 0.374163 -2.256809 -0.060422 -0.737431 0.166132 -0.241878 -0.138067 -1.644889 0.628049 0.384820 0.130873 -0.116301 -0.276903 
0.134105 0.129091 0.080349 -3.055234 -2.191938 0.277641 0.354254 -0.031846 -0.450120 0.084753 0.306806 0.016009 0.249006 0.186644 0.087106 -1.116335 
0.153007 -0.040196 0.073327 -0.284767 0.404258 0.103351 0.543364 0.166513 0.254090 0.222670 -2.046973 0.213829 0.216796 -0.426048 -1.531745 -0.472402 
-0.452299 0.163929 0.148022 0.045845 0.281689 -0.177294 -0.010461 0.145551 -0.213628 0.136456 -0.163568 -2.277118 0.169845 0.123377 -0.353053 -0.710816 
0.096470 0.085581 -0.238173 -1.101779 0.328260 0.396725 -0.307083 -0.684624 -0.164139 -0.648899 -0.480550 0.109417 0.316631 0.090321 -1.767252 0.547500 
0.038920 0.183965 -0.104676 -0.450674 0.236804 0.260647 0.203768 -0.466049 0.164293 -0.427524 0.053737 0.365203 -0.246385 0.106209 0.165371 0.207844 
-0.000006 0.155118 -0.074562 -0.285192 -0.930609 0.195617 0.221134 -0.693045 0.432117 0.005572 0.116156 -0.019072 -1.164074 0.107730 -0.094126 0.101204 
0.007189 -0.042355 0.037321 -1.337907 0.010725 -0.149592 0.127963 -0.004361 -0.230501 0.108113 -0.451689 -0.211113 -0.120379 -0.046287 -1.216257 -0.169768 
0.120876 -1.689813 0.119351 0.332558 0.606140 0.100507 0.383632 0.098945 0.451635 -0.020026 0.352044 -2.500605 -1.509153 0.314541 0.284194 -0.750139 
0.013468 0.038884 -0.050777 -0.211839 -0.156734 -0.001668 0.474731 -0.057138 -1.260852 -0.641147 0.275030 -5.180399 -0.116715 -0.011303 0.842368 -1.934175 
-0.244847 -0.726661 -0.184877 -0.627627 -0.113595 0.362331 0.260497 -0.630907 -1.004097 0.410493 0.812899 -0.704636 0.008516 0.161212 -0.886641 -1.416250 
0.050947 -0.044023 -0.049686 0.148643 0.293658 -4.487076 -3.122834 -0.054669 0.403675 0.169275 0.074977 0.192057 0.218449 -0.586394 -1.091148 0.022681 
-0.035286 -0.045600 -0.011849 -0.299976 0.298050 0.054180 0.116621 0.114103 -0.294252 0.443450 -0.461285 0.221136 -1.281824 -0.444417 -0.287871 0.267500 
0.099611 -1.326103 0.211524 0.057782 -0.360987 -0.072240 0.008602 0.156306 -1.715846 -0.222147 0.233900 -0.745307 -0.358710 0.200630 0.220649 -2.971743 
0.064898 0.019896 0.127020 -0.667878 0.444657 -0.129975 0.646541 0.075089 -0.595949 0.138154 -2.083920 -0.405704 0.082189 0.013504 -0.372085 0.248536 
-0.213794 -0.008511 0.116563 -0.515492 -0.068472 0.463597 0.007219 0.227974 -2.112449 0.205978 -0.382923 -0.388694 -0.762615 0.190867 1.014273 0.044118 
0.113628 0.098477 0.081420 -0.151157 -0.043596 -0.872976 -0.347995 0.138866 0.419435 0.150194 -0.959779 0.175631 0.183588 -0.431273 0.329554 -0.235139 
0.100984 0.000115 -0.424372 -0.737831 0.268496 -0.229843 0.112073 0.353378 0.480399 0.284063 -0.377995 0.464734 0.085061 -0.324111 -2.601942 1.101430 
0.011025 0.226504 -0.066040 0.061747 -0.280266 -0.084158 0.392166 -0.049229 1.248854 -0.189012 0.134102 0.088262 0.213509 -0.234277 -0.507067 -0.923993 
-0.051482 -0.149677 0.090332 0.236548 0.412100 0.371526 0.357614 -0.596780 0.167169 -0.162914 -0.133746 -0.202839 0.310359 0.458283 -0.293956 -0.110845 
0.143528 0.164389 0.156551 -1.024386 -0.110680 -8.214007 -2.488490 0.211048 -0.085029 0.073809 -0.003746 0.293626 0.295981 -2.799376 -0.418764 0.260460 
-0.281374 -0.091634 0.076371 0.124576 0.131831 -0.073787 -1.511492 0.068072 -1.140397 0.147155 -2.283296 0.138942 -0.015991 0.043458 0.579299 -0.261208 
0.441898 0.030203 0.200337 -1.206443 -0.638343 -0.359472 0.594834 0.120198 -0.033609 -1.455987 0.356022 0.364509 0.642868 -0.141859 0.379987 -0.675522 
0.045518 -0.535301 -0.424442 -0.545817 0.219303 0.340202 0.655605 -0.181091 -0.010420 -0.477731 0.144586 -0.601953 -0.428785 0.012847 0.178290 0.214071 
0.086828 0.119482 0.089090 0.036131 0.031377 0.062467 0.073356 0.085878 0.100965 0.104784 0.139905 0.127042 0.095681 0.060135 -0.109580 -1.501018 
0.047921 -0.013587 -0.046599 -0.399029 -0.285253 0.186074 0.225315 -0.015598 -0.195487 0.172791 0.463137 0.059115 0.022585 0.170041 1.370072 -1.333318 
-0.298854 0.227103 -0.137917 -0.201300 0.854700 -0.473194 -0.744375 -0.111624 0.458779 0.183476 -1.746598 -0.286418 -0.076680 -0.130938 -0.263372 0.130092 
-0.172337 0.069817 -0.568791 0.285925 0.222959 0.278594 0.207920 -0.944645 0.767776 0.073402 0.038560 -0.226669 -0.015987 0.106762 -0.240005 -1.078892 
-0.121626 -0.076612 -0.264106 0.266225 0.185473 0.008323 0.030484 -0.133581 0.431805 -0.567267 -0.020883 -0.046262 -0.062216 0.213173 0.490025 0.699485 
0.150593 -0.164263 0.096012 0.455214 -1.618913 0.143915 0.279995 0.363536 -0.253481 0.323857 -0.297301 -0.587213 0.196279 0.033329 -0.770943 -0.655638 
-0.237290 0.095203 -0.013856 0.584695 0.706678 -0.254626 0.281543 0.039920 1.025576 0.225117 -1.183545 -0.361683 -1.035375 -0.067778 0.118179 0.518035 
-0.418481 -0.007995 -0.050420 -0.417924 0.354008 0.708335 -0.165536 -0.044010 1.082581 0.290598 0.098069 -0.135689 -0.018727 -0.375668 0.658818 0.280387 
0.052640 -0.339651 0.221803 0.690562 0.313774 0.015027 -0.152623 0.220798 0.307884 -0.623651 0.579405 -5.620717 -1.225556 0.330748 0.492878 0.227495 
0.173242 -0.035031 0.164548 -0.461252 -1.597299 -0.418650 0.758389 0.174906 -0.765650 -0.638306 0.081788 -0.264230 0.150417 -0.366642 0.152022 0.037117 
0.162802 -0.449678 0.009665 -0.768762 0.359315 0.490345 -0.128281 -0.011034 -0.896111 0.124758 -1.716386 0.105940 -1.932370 0.143260 -1.471920 -0.294135 
0.137840 0.386174 0.148815 0.055470 -0.333659 0.458500 0.571169 0.226094 -1.297162 0.172032 0.789185 -0.473475 -2.757669 0.056210 -0.069490 -0.118208 
0.231366 0.222773 0.154646 -0.021584 0.403491 0.150877 -0.284665 -2.869530 -1.876719 -0.023030 -0.067890 -0.454609 0.160671 0.246232 0.112890 -2.576778 
-0.020049 -0.908764 -0.171654 0.564933 0.417920 -0.030356 -0.602539 -1.051461 0.710354 0.366022 -0.235967 -0.318341 -0.428319 0.240672 -0.748713 1.157703 
-0.078669 -0.239650 0.263515 0.200139 -0.039269 -0.046855 -1.462148 0.276623 -1.059752 0.180164 -0.560924 -1.054437 -0.011196 0.127779 0.523738 0.260537 
0.067007 0.103097 0.088954 0.144510 -0.169529 0.087320 -0.962606 0.050058 -0.371977 0.109109 -0.646245 0.079939 0.124292 0.052761 0.179677 -0.363954 
0.030174 0.250051 -0.070189 0.432104 -0.259837 -0.198172 -0.059764 -0.061078 0.915900 0.142713 0.063903 0.034074 0.150328 -0.080205 -1.747619 -1.126581 
0.092304 0.140689 0.023859 -1.036222 -1.169131 -0.034814 0.022673 0.030847 0.611971 -0.246015 -0.034688 0.528315 -0.055491 -0.057175 -2.605092 -4.784314 
-0.127666 -0.247083 -0.056533 -0.404008 0.105097 0.337041 -0.194588 -0.142922 -0.539280 0.426157 -0.032632 -0.875857 -1.535309 0.191961 -0.652981 -2.088866 
0.026041 0.115139 0.287419 -0.304808 0.086574 -0.012718 0.504094 -0.113888 -1.326024 -0.130016 -0.354214 -0.810622 0.177425 0.111762 -0.124706 -0.941406 
-0.285650 -0.213192 0.200462 0.777736 0.404972 0.140907 -0.053149 -0.442444 -1.017103 -0.859968 0.431898 0.416277 0.013343 0.096196 -0.139266 -1.169068 
0.155660 0.055430 0.000144 0.252096 0.031231 -0.063264 -0.351279 -0.156253 0.369558 0.088453 -1.112755 0.399445 0.229398 -1.084539 -1.806212 -0.292480 
-0.094825 -0.065232 -0.021605 -0.310031 -0.189861 -0.035908 0.089380 -0.109082 0.193979 0.023230 -0.195077 0.148173 0.181930 0.004691 -0.167050 0.052259 
-0.103279 0.167466 0.082200 0.129339 -0.150042 0.319571 0.292480 -0.177307 -3.162960 0.181331 0.585260 0.815664 -1.611842 0.128908 -0.682868 0.213441 
0.058585 -0.015223 0.031587 -0.350926 -0.548029 -0.709858 0.019402 0.033022 0.068754 0.245772 -0.651629 0.045713 -0.082108 -0.254874 -0.886660 0.396138 
-0.033281 -0.042612 0.022264 0.360692 0.303071 0.127540 -0.313532 -0.137536 -0.066877 0.104955 -0.238742 -3.965237 0.417867 0.162731 -0.495391 -0.055009 
-0.029315 -0.437060 0.248619 -0.384584 -2.851560 0.280712 0.208226 0.287070 -1.075243 0.102568 0.254735 0.334313 -0.333927 0.175285 -0.789507 1.384262 
0.064309 0.283503 0.144119 0.450034 0.459884 0.057915 -0.211224 0.205757 0.245753 0.029955 -0.031011 0.393570 -3.536169 0.140873 -0.066672 -1.273036 
-0.089109 0.227108 -0.182152 0.536399 -0.330185 0.440975 -0.320406 -0.132868 0.181647 -0.161926 -1.035661 -1.171583 0.256083 -0.067198 -1.580715 0.460206 
-0.067100 0.218697 0.036874 -0.705402 -0.975483 0.505235 -0.646686 0.060797 -0.847942 -0.587227 0.227992 -0.194259 0.583568 0.199809 0.245173 -0.711689 
0.100436 -0.194439 0.095420 -0.173802 -0.591201 0.467403 0.148011 0.121653 -0.609093 -1.038047 -0.365854 -1.569907 -0.790499 0.364301 -0.506728 -1.943596 
-0.016706 -0.001995 -0.144607 -0.583110 -0.377102 0.312508 0.328813 -0.128971 0.025537 0.171815 0.366589 -0.304381 -0.004286 0.434590 0.829253 -0.530724 
-0.342981 -0.084567 0.162688 -0.128860 -0.076509 -0.262547 -3.523427 -0.215552 -0.447080 -0.011707 0.577256 -2.680395 0.378131 0.187802 0.313184 -1.604087 
-0.392497 0.137314 0.085124 -0.528441 -0.103488 0.321027 0.581666 -0.239626 -0.347679 0.260497 -1.006804 -0.413878 0.702664 -0.238481 0.323364 -0.254156 
0.167329 0.376067 0.090341 -0.080914 -0.995862 0.076349 -0.057073 -0.554350 1.035722 0.176459 0.229085 0.402500 -0.022745 0.049625 -0.369854 0.627647 
0.143192 0.137367 0.243686 0.549414 -0.383758 -1.436243 0.331302 0.247770 -0.136056 -0.947963 0.134541 0.200976 -0.138818 -0.733251 0.809838 -0.065570 
0.158015 0.185193 0.102207 -0.453484 -2.173947 0.046943 -0.026786 0.046308 0.900069 0.061809 -0.248862 0.062773 -0.066114 -0.047883 -0.600767 -3.760257 
0.118935 -0.107936 0.186783 0.544487 0.138865 -1.060116 -2.328123 0.334851 -0.243929 0.212428 -0.154637 0.463455 -0.645625 -0.066285 0.455839 -0.561336 
0.037341 0.024955 0.000742 0.175863 0.127984 -0.048690 0.080901 0.144969 0.347404 0.060609 -1.916457 -0.006175 0.031525 -0.018868 -1.231978 -0.754069 
0.090197 -0.441732 0.068885 -0.174138 -0.009919 0.075214 0.051900 -0.346698 -0.596777 0.252320 -0.381436 0.256434 0.088681 0.167395 -1.197794 -1.074730 
0.379318 0.350797 -0.499201 -0.497885 -0.270913 0.675741 -0.198955 0.085911 -0.278718 0.676331 0.523951 0.441757 -0.066736 -0.149566 -0.589426 0.606758 
0.071323 0.077710 0.023189 -0.704573 -0.426131 0.150405 0.446368 0.258484 0.131614 -0.105316 0.362019 -0.220854 0.042504 -0.435106 1.189688 -1.369059 
0.059106 0.128431 -0.019620 0.363043 -0.096243 -0.491522 -0.556472 -0.054774 -0.367475 -0.054593 -0.551883 0.565476 -0.309286 -0.337253 -0.106168 0.604062 
-1.465718 -0.056854 0.057503 0.328185 -0.076687 -0.052253 0.023121 0.113456 0.774336 0.116769 0.384122 -0.780481 -0.373367 0.133363 -1.433216 -1.235070 
-0.067888 -0.087259 -0.005793 -0.154243 -0.144325 0.041647 0.056628 -0.030164 0.027062 0.005952 -0.015009 0.117767 0.166299 0.061380 0.227600 -0.178052 
0.241922 0.165120 -0.208171 -2.218806 -0.377771 -1.396573 -2.630505 -0.036393 0.108875 -1.103312 -0.433107 0.212591 0.593757 -0.305179 0.403241 -0.172356 
-0.186770 -0.074433 -0.030168 0.086953 -0.055482 0.086335 -1.605153 -0.377218 -1.452118 0.079821 -0.250068 -0.131304 -0.213526 0.077222 -0.202315 0.198604 
-0.076223 -0.033110 -0.058798 -0.304345 -0.030836 0.178201 0.717865 -0.036460 0.037373 0.022159 0.062066 -0.015973 -0.083301 -0.002416 -0.864356 0.073623 
0.107848 -0.087769 0.011919 -0.206911 0.062966 0.018499 0.087143 0.025059 0.351758 0.118115 -3.211404 -0.406405 0.111316 -0.156874 -0.072735 -0.380564 
0.140606 -0.443936 0.061490 -0.019654 -0.908702 -0.605952 -0.012061 0.105555 0.168657 0.031676 -0.317969 -0.721201 0.263631 0.381865 -0.233595 0.023603 
0.027552 -0.510873 -0.080840 0.368799 -0.188114 0.356783 0.148399 -0.055307 -0.961680 0.109552 -0.086616 0.337896 0.073979 0.166777 -2.527404 0.132494 
0.155811 0.152802 -0.362256 -0.203922 0.029704 -1.150817 -1.728110 0.080198 0.132263 0.532444 0.111460 0.397763 -0.082956 -1.279880 -0.993689 0.162402 
0.194882 -0.567059 0.010912 -0.305557 -0.726579 0.086198 -0.154321 -0.334676 0.659166 0.356439 -0.620803 -0.486205 0.266164 0.139248 -1.007451 -3.355783 
0.181569 0.212028 0.185905 -1.502484 0.101090 -1.880611 -1.161730 0.227149 0.124564 0.409642 -0.099729 0.199377 0.229914 -4.573049 -0.734913 0.204928 
0.281439 -0.443142 0.126997 0.189867 0.438107 -0.508393 0.586977 0.066438 -0.730550 0.320890 -0.167600 -0.116853 -0.078505 -0.298922 -0.005637 -0.108014 
-0.034288 -0.670583 0.019838 0.276051 0.321935 -0.010795 0.072253 0.005767 -0.218199 0.051443 -0.561768 0.373553 0.122954 -0.118764 -0.946982 -0.860368 
0.101605 -0.446159 0.086979 0.118507 -0.243722 0.389348 -0.189994 0.119166 -1.069936 0.069674 -0.523535 0.211417 0.108214 0.435003 -0.876823 0.501649 
0.290324 -0.892003 0.189496 0.348733 -0.167001 0.070088 -0.446919 0.010408 -3.675811 0.235939 -0.120381 -3.420805 -2.040888 0.512741 0.159352 -1.688264 
-0.207511 0.254012 -0.282116 0.462982 0.365460 -0.510671 -0.520678 -0.266708 0.010663 -1.168094 -0.027780 -0.357997 -0.106288 0.008988 -1.647549 0.175410 
-0.368009 -0.140775 0.115527 0.384795 0.355583 0.030472 0.016754 -0.704628 -0.351824 0.114405 -0.022517 -0.036469 -0.504553 0.149496 0.122100 -0.419292 
-0.097214 -0.385518 0.278262 -0.714092 0.716965 0.154487 -0.659966 0.174839 -0.571906 -1.043459 0.290296 0.276573 -0.076252 0.177330 -0.504681 -0.551875 
0.030522 0.054281 0.069975 -0.093316 -0.165216 0.035026 -0.069123 0.052721 0.123986 0.069499 -0.021594 0.206803 0.240768 0.105131 -0.213370 -0.341706 
-0.092714 -0.819653 0.102024 0.815927 0.056994 0.128579 -0.047950 0.126379 -0.578208 -0.005065 -0.335962 -0.833237 0.055706 -0.191312 0.400273 0.366800 
-0.231332 0.362150 0.212344 0.011325 -0.776081 0.324704 0.274388 0.016227 -0.869503 -1.377917 0.139099 -0.000191 -0.976931 0.268429 -0.324577 -1.443205 
-0.034496 -0.135842 0.203898 -1.033175 0.089556 -0.628282 -0.505891 0.213324 0.124161 0.128590 -0.433401 0.049161 0.246674 -1.421102 0.242368 0.072910 
0.070582 0.207185 0.135465 0.029946 -0.727897 0.121942 -0.212649 0.138051 -1.045951 0.101432 -0.226559 -1.652255 -1.935739 0.130749 -1.156641 -0.304784 
0.111780 -0.590741 0.221760 -0.090374 -1.174101 -0.243219 0.156894 0.204159 0.425137 0.218229 -0.653325 0.343352 0.200267 0.077710 0.046067 -1.596734 
