0.010048 -0.240732 0.159084 -0.811998 -2.026219 0.218233 0.143781 0.156163 -0.013091 -0.607045 0.051805 -0.053082 -0.115792 0.272076 -4.182671 -0.370502 
-0.126837 -0.149875 -0.065172 0.187223 0.611586 0.242396 0.377628 -0.401231 0.306640 -0.087589 0.628761 -0.269224 -0.118916 -0.104006 0.407765 -1.025836 
-0.072762 0.294169 0.146995 0.137799 -2.081230 0.055153 -0.822927 0.174293 0.480250 -0.075001 -1.782315 0.302535 0.447859 -0.017851 -0.269530 0.183028 
0.159873 -0.947759 -0.019017 1.080633 -0.360452 -0.209416 0.217804 -0.128634 -0.318095 -0.237733 0.118140 -0.264219 -0.513324 0.109033 -0.216950 -0.276042 
0.091815 -1.137877 0.074784 0.140920 0.084983 -0.634849 -0.002797 0.130271 -0.617332 0.358400 0.061283 -2.376550 -0.513147 0.320155 0.199358 -1.500691 
-0.819002 0.150077 0.390219 0.218738 0.278554 -0.070418 -1.410303 -0.688240 -1.848124 -0.018442 -0.163802 -0.869165 0.523888 0.230356 0.693926 -1.619697 
-0.033874 -0.047109 -0.029993 0.015355 0.018263 -0.036936 -0.051539 -0.037897 -0.349956 -0.010467 0.013475 -0.020586 -0.014451 -0.055728 -0.106499 0.115569 
0.167242 -0.067789 -0.290455 -1.384839 0.447044 0.455325 -0.194380 -0.680736 0.216588 -0.444365 -0.687823 0.098667 0.231465 -0.094952 -1.026660 0.140242 
-0.133206 -0.327161 -0.188075 -1.282843 -0.737529 0.501350 0.216586 -0.249272 -0.485821 0.007372 0.334380 -3.912937 0.513929 0.199478 0.287512 -2.481493 
-0.153312 -0.056874 -0.147951 0.770518 0.329895 0.307365 0.352658 -0.097216 0.105024 -0.141060 -0.275988 -0.701226 -0.372041 0.372200 -0.410753 0.571714 
0.090852 -0.030107 -0.060515 0.657178 0.397096 0.284547 -0.781207 0.031044 0.151633 0.004397 -4.209091 -0.180822 0.003725 0.110311 0.560405 -0.398219 
-0.273868 -0.040716 0.025314 -0.124084 0.111401 0.238572 -0.195579 -0.378616 -0.229859 -0.014973 0.260778 -2.868364 0.096030 0.252472 0.121706 -0.429536 
0.184123 0.141827 0.296107 -0.591411 -0.858912 0.016510 -0.619249 0.308168 0.191929 0.206601 0.249545 0.076850 0.030972 -0.089596 1.132251 -0.851710 
0.032805 0.309965 0.133137 -0.513848 -1.915013 -0.062162 0.105583 0.169907 0.703365 -0.091929 -0.375180 -1.000765 -0.115377 -0.272829 0.416716 -2.241638 
0.119434 0.263624 -0.447205 -1.638281 -0.382631 0.095466 0.264718 -0.065508 -2.463576 0.433507 0.091828 -0.041944 -0.235813 -0.019800 -1.201879 0.318573 
0.251698 0.418399 0.084726 -1.212965 -1.719628 0.051848 -1.830412 0.025581 0.427778 -0.312829 0.374924 -0.016652 0.617190 -0.016712 -0.239825 -0.088073 
0.258179 0.270761 0.125670 -0.465874 -0.374868 -0.060439 -0.068684 0.097241 -2.327955 0.051509 0.177598 0.222514 0.184020 -0.121724 -0.814816 0.058588 
0.039920 0.269740 -0.026999 -0.888450 0.922500 -0.015838 -0.194362 0.043614 0.157480 -0.902234 0.719705 0.875772 -0.151262 -0.058468 -0.991421 0.545929 
-0.324139 -0.030628 0.298204 -0.414676 0.341049 0.327264 -0.710901 0.299805 -0.613689 0.559075 -0.469317 -0.527785 -1.849394 0.129101 -0.155292 -0.153111 
-1.056446 -0.082940 -0.066016 0.665532 -0.086405 -0.925652 -0.202464 0.065893 0.667863 -0.509496 0.053346 0.548078 -0.359096 -0.137295 -1.089005 -0.177325 
0.049966 -0.052724 0.121210 -2.002158 -0.439638 0.216616 -0.224716 0.142498 -0.656078 0.099245 0.162720 0.190169 0.121395 -0.320013 -0.305853 0.575347 
-0.005398 0.138044 0.094330 -0.589846 -0.862897 0.217386 -0.001770 0.068251 0.417189 -0.067717 0.580770 -0.768030 -1.548741 -0.084422 -2.074073 0.029450 
0.020740 -1.008474 0.043741 0.767594 0.417606 -0.535934 0.215507 0.092194 -0.614964 -0.190276 0.014064 0.336591 -0.546298 0.103280 -0.778039 0.333033 
-0.259349 -0.390095 0.182341 -0.116655 -0.033037 0.225140 0.286528 0.140568 0.945557 -1.210794 -0.060640 0.115442 0.217500 0.130201 -1.583941 0.368153 
-0.386423 0.167160 0.077869 -0.014971 0.153001 0.055237 0.746395 -0.214260 -0.851062 -0.114377 0.029549 -1.378615 0.392702 0.009722 0.725166 -0.646750 
-0.066978 0.111162 0.027731 0.882951 -1.383026 0.137507 0.057732 -0.000850 -0.792551 -0.101730 0.115374 -1.593643 -2.777407 0.059774 -0.042136 -1.428932 
-0.148523 -0.205943 0.021167 0.048888 0.115927 -0.191009 -0.229525 0.022569 -0.230292 0.023943 0.117810 -0.327171 -0.066914 -0.023506 0.960664 0.183685 
0.022315 0.094002 0.023461 -0.136976 -0.301834 0.027328 0.083872 -0.000443 0.206534 0.019845 0.114740 0.223700 0.281986 -0.009445 0.193129 -0.785682 
-0.420132 0.298018 -0.114414 -0.156105 0.680840 -0.678354 -1.301167 -0.450989 0.777012 0.001057 -0.237685 0.062093 0.324544 0.289249 -0.644031 0.278231 
0.087078 0.199256 0.033348 -0.459416 0.339422 0.097445 0.129281 0.025777 0.169094 0.191176 -2.903433 0.420903 0.172571 -0.548725 -2.339098 -0.952286 
0.075219 0.064196 0.047836 0.385106 0.148985 0.122420 0.219340 0.042627 0.602344 0.073430 -1.273119 -0.072304 0.112101 0.159865 -0.683483 -0.440330 
-0.305733 0.255924 -0.368903 0.500475 0.590854 0.321641 -0.758727 -0.353297 -0.243567 0.000936 -1.798765 -0.491915 0.582119 0.088530 -0.041260 -0.936560 
0.163204 0.094735 0.105498 -1.275410 0.069441 -10.719637 -3.506277 0.183101 0.172472 0.088426 -0.179727 0.309642 0.288581 -3.217224 -0.490348 0.321039 
0.060122 0.067523 -0.474367 -0.093632 0.549762 0.263588 0.280207 -0.998824 0.607532 0.094993 0.399323 0.197571 -0.216613 -0.145204 -0.050693 0.211716 
-0.056773 -0.982291 0.027775 0.704761 0.516031 0.111797 -0.811616 0.144867 -0.181174 -0.247565 0.094860 -3.371537 -0.903155 0.287733 0.380615 0.066991 
0.053480 -0.250466 0.230521 -0.895268 -0.390612 0.118257 -0.126562 0.256689 0.213768 0.151433 0.300057 -0.301970 0.151098 -1.060250 0.256390 -0.188956 
-0.769604 0.051935 -0.018875 0.198603 -0.045073 0.002434 -1.071856 0.024317 -0.104879 -0.107431 0.692027 -4.141919 0.320633 0.222875 -2.724243 0.177591 
0.249724 0.285231 0.195433 0.010568 -0.536414 -1.000232 -0.216369 0.208848 -0.538757 0.110993 0.032702 0.212509 -0.037379 -0.803381 -0.763026 0.086167 
-0.483688 -0.921254 0.053581 -0.288644 0.208397 -0.224792 -1.537594 -0.027889 -0.007774 0.780493 -0.283088 -0.821114 0.307039 -0.138359 0.853412 -3.468098 
0.136773 0.206123 0.145512 0.105820 -0.093824 0.025980 -0.201614 -0.401488 -1.079198 0.211434 -0.062351 -0.157449 0.252135 0.028610 0.368796 -0.891084 
-0.029813 0.006476 -0.050213 -0.053587 -0.145857 -0.063305 -0.117295 -0.068242 0.209910 -0.053894 0.102484 0.277340 0.223305 -0.083578 0.518975 -1.075153 
0.168001 0.015267 0.085773 -0.470535 -0.542577 -0.237365 0.284553 0.220447 -2.558074 -1.002018 -0.114164 0.245494 -1.276252 0.215406 -1.105227 -0.155762 
0.099820 -0.265694 0.025389 0.950551 0.022442 0.045762 0.064943 0.168276 -0.830069 0.077157 -0.316885 0.487939 0.187000 -0.426472 -1.168153 -4.097291 
0.070187 -0.352198 -0.157431 -1.057838 0.010220 0.104186 -0.072864 -0.196587 0.059461 -0.068166 0.814937 0.658245 0.495305 0.147386 0.837443 -0.495172 
-0.029773 -0.156129 0.163322 -1.049262 -0.674115 0.390552 -0.013907 0.037821 -1.288517 0.131186 0.485161 0.154138 0.181332 0.330068 0.171887 0.202289 
0.149141 0.116700 0.154487 -1.359913 0.978188 -1.039797 -0.655919 0.162531 -0.278209 -0.175065 -0.530647 -0.062451 0.753985 -0.241537 0.457522 0.276932 
0.062253 -0.228307 0.176419 -0.139859 -1.413220 -0.302670 -0.911903 0.168936 -0.453379 0.069206 0.265244 -0.481694 -0.053125 0.436482 0.723738 -5.052734 
0.038537 0.023101 0.009356 0.132755 0.028974 0.016413 -0.103001 0.020344 0.207384 0.042369 -0.742882 0.022946 0.102860 -0.028055 0.026317 0.064345 
-0.139905 -0.016778 0.012402 -1.013155 -0.146402 -0.336634 0.381847 0.230556 0.004421 0.255538 0.875817 0.244814 -0.007755 0.190883 0.821596 0.331077 
-0.042532 -0.043093 -0.526143 0.103123 0.366672 0.229717 0.478297 0.139001 0.066040 -0.034770 -0.751600 -0.395107 -0.041038 0.033627 0.847024 0.542739 
-0.078861 -0.010861 -0.008554 0.033054 -3.406227 0.037155 0.206552 -0.068421 -0.367286 -0.415636 -0.186573 0.037736 0.206935 -0.007668 -2.521704 -1.564838 
0.288863 -0.317402 0.057287 0.155016 0.113571 0.023866 0.214626 0.026232 0.748772 0.102277 -1.076995 0.246129 -0.109299 0.030711 0.475560 -1.473917 
0.178767 0.144771 -0.226819 0.668962 0.168012 -0.877488 -2.945994 -0.208102 0.188495 -0.003360 0.055167 -0.687525 -0.359776 0.656204 -0.687480 0.449389 
-0.203572 0.263755 0.335186 0.027397 -0.099430 0.311559 -0.142359 0.067614 -2.709305 -0.625434 0.182412 0.434640 -1.756137 0.311769 -0.312569 -2.798128 
-0.126315 0.191494 0.073505 -0.549015 0.732771 0.146297 -0.232179 0.337264 -1.980525 -0.244113 0.235416 0.200562 -0.752817 -0.103557 0.102440 -0.081916 
0.302474 -0.310560 0.369657 -0.338679 -0.245206 -0.594040 -1.160041 0.307469 -0.655744 -1.482630 0.523162 0.108292 0.276610 0.380764 1.220668 -0.746250 
0.009807 0.034569 -0.582357 0.949867 0.378010 -0.850367 -0.555224 0.114129 0.401762 0.274983 -0.274889 -0.247169 -0.044013 -0.385684 -0.071760 -0.734892 
0.041876 -0.683580 0.027716 -1.158326 0.218192 -0.056983 0.475568 0.209261 -0.019403 0.238488 0.204850 -0.265708 -0.081136 -0.017997 -0.011097 -1.159060 
0.355881 0.457549 -0.281524 0.149649 0.655593 -0.962700 -0.040706 0.306198 0.818314 0.018839 -0.774830 0.566863 -1.269887 -0.867041 -1.921519 0.165196 
0.120111 0.242425 0.150026 -0.681022 -1.586844 0.158902 0.279511 0.066985 -2.356702 0.391966 0.155308 1.236136 -2.547219 0.150249 -0.553948 -1.623580 
0.259812 -0.305719 -0.003840 -0.493899 -1.632792 0.288038 0.541885 0.087144 0.126693 0.173822 0.085894 -2.202292 -0.409479 0.047634 0.281222 -1.633591 
0.096681 -0.014231 -0.226549 -0.048960 -0.271166 0.068506 -0.873806 0.141466 0.203400 0.162422 0.024073 0.545596 0.159918 -1.086982 -0.310637 0.851747 
0.059700 -0.553972 0.238365 0.074965 -0.534324 -0.518477 -0.007876 0.276591 0.457407 0.188478 -0.326446 -1.474030 -0.353707 0.289735 0.135388 -1.814989 
-0.028685 0.057571 -0.023025 0.186381 -0.014944 0.309039 0.124254 -0.180953 0.673544 -0.102391 -0.453006 -0.166101 0.070672 -0.085986 -2.155908 -0.160441 
0.006822 -0.074346 -0.227695 0.218397 0.425661 -0.378853 -0.651647 -0.116256 0.376900 0.601676 -0.470600 0.260922 -0.107711 -0.466405 -0.120348 -0.529713 
0.072844 -0.298663 0.020655 0.329103 -0.893359 0.136600 -0.143617 -0.011139 -0.177787 0.241803 -0.988171 -1.641626 -0.384165 0.343061 -3.607574 -3.866198 
-0.040201 0.115411 0.118366 -1.503670 -1.449555 0.284742 0.378608 -0.103424 -2.285873 -1.919034 0.138673 -0.281600 -2.016003 0.255308 -0.268405 -3.532099 
-0.473394 0.078107 0.191434 0.638136 0.132704 0.110136 -0.596807 0.112509 -1.200692 0.411040 -0.299185 -0.410644 -0.495750 0.051625 0.612302 0.183773 
-0.225719 0.541478 -0.138279 0.709299 -0.413490 0.381577 -0.012911 -0.006315 -0.951861 -0.216587 -0.410874 0.656968 -0.567707 -0.306466 0.750712 -0.245981 
-0.106961 -0.470401 -0.221061 -0.265215 0.967532 -0.066942 0.018695 -0.069347 0.293474 -0.491235 -0.064099 -2.883383 -0.449765 0.411439 -0.365821 -0.740959 
0.314382 0.204022 -0.683603 0.401136 -0.801597 -0.955021 -0.107216 0.260932 -0.875337 -0.040538 0.216879 0.384411 0.652710 -0.847182 -0.683773 0.139518 
-0.050652 -0.206306 0.195798 -0.288694 -0.300600 0.115409 0.393097 -0.234357 -0.345497 -0.042307 -1.616607 0.435692 0.609160 -0.152709 -2.197011 0.761171 
-0.080437 -0.119099 -0.132461 -0.069659 0.133682 0.612807 -0.110074 -0.266417 -1.582099 1.034617 0.336315 0.505913 -0.857143 -0.521439 -1.543491 -1.110132 
-0.121441 -0.101703 -0.013786 0.367915 0.250998 -0.268708 0.016611 0.029303 0.648273 -0.050694 -0.178876 -0.413081 -0.894646 -0.070448 0.047469 -0.298518 
0.138824 -0.966766 0.144242 0.225447 -0.421744 -0.079119 -0.402740 0.154229 -3.450736 -0.018815 0.233058 -1.935904 -0.601072 0.397094 0.702513 -2.441508 
-0.069690 -0.128572 0.017749 0.232787 0.039660 -0.023943 -0.222770 0.019436 -0.320401 -0.001238 -0.095936 -0.227746 -0.152104 0.023720 0.702295 0.391745 
-0.058788 0.220325 -0.117133 -0.292444 -0.557296 0.019654 -0.119567 -0.397929 0.276141 0.305136 0.211680 0.716430 0.150883 -0.177661 -0.763866 -2.043847 
-0.008903 -0.129990 0.091591 0.203301 0.560910 0.253617 -0.050866 0.100355 0.919129 0.077591 0.058457 -0.728167 -4.405078 0.157684 0.410273 -0.220990 
0.160191 -0.868059 -0.068728 0.172208 0.264784 0.252695 0.123106 -0.369200 0.291353 0.208438 -0.981326 -0.386590 0.723211 0.016751 -2.377649 0.718583 
0.121541 0.111646 0.192971 -0.165835 -2.362970 -0.092948 0.427851 0.157894 -0.015439 -0.045010 0.052443 0.218475 0.014688 -0.188706 -1.348833 -0.813303 
0.047061 -0.375464 0.016547 0.274432 0.750768 0.060011 0.167319 -0.374281 -2.162002 0.126782 -0.332882 -0.938134 -1.804222 0.257412 1.237452 -0.442590 
0.032886 -0.121366 -0.004626 -0.316829 0.337098 0.108394 -1.078427 0.010035 0.698758 0.114391 0.515917 -0.162930 0.023400 0.159924 0.229521 -1.155834 
0.070689 0.296266 0.224812 0.218006 -0.251933 0.155967 0.020070 0.024494 -0.430080 0.553264 0.294251 -0.028541 -2.835259 0.202335 -0.582622 -1.480380 
0.049936 0.436422 -0.149374 -0.388997 -0.597428 0.178391 0.424319 -1.714475 -0.097569 0.133492 0.631007 0.459390 0.632588 0.209521 -0.953024 -0.111902 
-0.052499 -0.315639 -0.266146 -0.253199 0.543302 0.484123 0.551330 -0.067000 0.294258 -0.124393 0.125091 -0.754961 -0.877959 0.271896 1.112974 -0.406296 
0.367926 0.050484 0.264797 -1.003128 0.128043 -0.527994 0.483317 0.349159 0.232478 0.036637 -1.939998 0.590897 -0.971779 -0.356112 -1.694706 0.020052 
0.083571 0.360144 0.096120 -0.205251 -0.294260 0.069900 -0.208712 0.069849 -0.927624 -0.289954 0.305540 0.551390 -2.533967 -0.129324 1.156520 0.273537 
-0.062639 -0.151336 -0.127202 0.269258 0.464785 -0.210304 -0.104275 -0.160676 0.619266 -0.570583 0.662009 0.538938 -0.424604 -0.178667 -0.312104 -4.334221 
0.063722 0.072338 0.053726 -0.125062 -0.098018 0.054986 0.178040 -0.002676 0.261508 0.044407 0.020015 0.181854 0.152211 0.082588 0.502313 -0.563965 
-0.030564 0.054365 0.111713 -0.273109 -0.408683 0.003385 -0.536748 -0.192973 -2.523706 -1.616690 0.349662 -1.394212 0.545076 0.225792 -0.614570 0.207705 
0.037607 -0.455122 -0.430032 0.311377 0.666890 0.028955 0.034492 -0.460259 0.388764 -0.055829 0.448548 -0.082206 -0.222114 0.302798 -0.815329 -1.526710 
0.064769 0.108365 -0.237488 0.011039 0.054107 -0.194866 -0.148795 -0.220314 0.390858 -0.297846 0.081005 0.702470 0.264629 -0.147691 -0.618053 -1.040636 
0.009598 0.106346 0.110775 -0.885447 -1.631687 0.145740 0.148999 0.151740 0.023000 0.015996 -0.094732 -0.052514 -0.040857 0.119558 -0.977948 0.581187 
-0.012529 -0.023044 0.010171 0.423450 -0.051178 -0.017704 0.027249 -0.014494 0.218333 0.037707 -1.777676 -0.164054 0.001676 0.028200 -0.250796 0.234151 
0.124562 -0.600887 0.095266 -0.488680 -0.241890 0.566142 0.308465 -0.428893 -1.908656 0.419395 -0.331739 -2.150575 -1.034040 0.093273 0.523718 -0.615913 
0.032352 0.084747 0.086234 -0.109152 0.253679 -0.576620 -1.387143 0.143617 -0.307367 0.178144 -1.181766 0.194746 0.084584 0.117921 0.519808 0.156503 
0.015730 -0.062426 -0.189487 0.283953 -0.911641 0.113725 0.340239 0.062553 -1.245390 -0.093857 0.172115 -1.573280 0.933644 0.046757 0.539190 1.030772 
-0.157071 -0.129153 -0.273454 1.181211 0.718173 0.080636 0.355657 -0.278660 0.039502 -0.209583 -1.968150 0.096353 0.115302 -0.128169 0.431544 -0.900261 
0.120808 0.216422 0.173954 0.807673 0.176993 -1.695626 -1.067214 0.140281 -0.089019 -0.988039 -0.458205 -1.067315 -0.326494 -1.058144 -1.110023 0.923413 
-0.041853 0.115335 0.097237 -1.612786 -0.738184 0.025658 0.088597 -0.141832 0.292382 0.013957 0.280942 -0.485375 0.401468 -0.011379 -0.482423 -1.520038 
