0.101638 -1.623866 -0.067729 -0.114883 -0.485175 -0.202968 -0.334814 -0.018617 0.462133 -0.266351 0.295701 -0.314447 0.087002 -0.105872 0.142434 -0.460016 
-0.102409 -0.388036 -0.282453 0.589575 0.316395 0.229463 0.252071 -1.306861 0.398557 0.056733 0.146773 -1.079988 -1.505243 0.195282 0.359033 -1.380568 
-0.126210 -0.509965 -0.096481 -0.636314 -0.328971 0.580246 0.281664 -0.299690 -2.061083 0.194008 -0.158130 -0.332177 0.098440 0.220159 0.481913 -1.288095 
0.008851 0.055359 -0.033918 -0.492785 -0.318077 -0.137222 -0.013794 -0.039714 -0.109769 0.395344 0.379685 0.096220 0.088172 0.229705 0.597598 -0.202573 
-0.314915 0.363054 -0.123710 -1.798059 0.229509 0.106461 0.253852 -0.275994 -1.614160 0.011814 0.493149 0.444709 0.134799 0.125958 -1.073628 0.301113 
0.040178 -0.412152 -0.130236 -0.026903 -0.203089 0.297430 0.350666 -0.569449 0.305529 -0.111157 0.342061 -0.743661 0.230392 0.135824 0.484582 -2.951091 
-0.139728 -0.268425 -0.136883 0.878314 0.281530 -0.035779 -0.154433 -0.032491 -1.380698 -0.060441 -0.833015 0.050417 0.015015 0.305983 -0.823057 0.695120 
-0.058320 -0.931830 0.132651 0.304632 0.420874 -0.226583 0.172081 -0.171277 0.354159 -0.012965 0.633324 0.235865 -0.397833 -0.014303 0.309393 0.711027 
0.249120 0.173452 0.193331 -0.939789 -1.813938 0.176130 0.252390 0.423440 -1.430919 -0.282480 -0.704356 -0.198813 0.317972 0.203820 -1.414948 -3.554258 
0.289348 -1.069260 0.109645 0.073273 -0.559832 0.243733 0.117085 -0.013445 0.900696 0.315568 -1.513732 0.097131 0.082778 0.238607 -1.271747 -0.828180 
0.179727 0.252362 0.084610 -1.664681 -3.404280 0.180047 0.124185 -0.023534 0.010345 0.138581 -0.034434 0.169767 -0.012597 0.150567 -0.124171 -0.534797 
-0.530649 0.442402 0.024116 0.277178 0.355556 -0.206128 0.188721 -0.293046 0.062622 -0.053297 0.299182 -2.620628 0.204327 -0.103929 -1.153024 -1.303638 
-0.005544 -0.298786 0.226472 -0.219683 0.292645 0.024030 -0.050851 -0.310033 -1.089399 0.264862 -0.030370 -2.339845 -1.160857 0.304317 1.053337 -0.438403 
0.177342 -0.887089 -0.153789 0.149262 -0.353355 0.121660 -0.215631 0.113774 -0.147833 -0.044896 0.009929 -0.063422 0.767723 0.120090 -0.175583 -0.672421 
-0.068228 -0.054124 0.147301 0.079536 0.863899 0.010731 0.006606 0.059546 -0.928962 -0.607983 0.005281 -0.534786 1.218387 -0.255738 -0.761186 -0.812527 
0.267561 0.161784 -0.011052 0.668428 -1.224267 0.113191 0.807343 0.204212 -1.701450 -0.051232 0.215220 0.458137 0.297488 -0.469191 -0.657303 1.482220 
-0.496824 -0.869263 0.246058 0.244639 0.321299 0.110181 0.340265 0.119220 -0.052648 0.021141 0.018318 -0.308780 0.313792 -0.188792 -0.385297 0.586008 
0.074798 0.040138 0.084815 -0.314975 0.508942 -0.018358 -0.099961 0.069030 -1.477781 0.029878 0.513183 0.042315 0.088340 -0.021063 0.601542 0.137048 
-0.107578 -0.065006 -0.300065 -0.344752 -0.151672 0.089155 -0.046975 -0.545599 0.458509 0.089543 0.392622 -0.239521 0.172107 0.297125 0.538953 -3.126966 
-0.209528 -0.593464 0.099375 -0.233113 0.295953 -0.573849 -0.088712 0.081199 -0.353685 -0.120375 -0.647609 -3.514024 -0.223422 0.172531 0.616147 -0.422212 
0.109740 -0.025117 0.152716 -0.267409 -0.434932 0.083054 -0.307317 0.185635 0.269530 0.175165 0.256980 -0.103931 0.063221 -1.221925 1.294607 -2.722178 
0.205188 0.297751 0.108172 0.286239 -0.980808 -0.479026 0.324181 0.268193 -1.386257 0.335633 0.366783 0.210495 -0.357124 -0.635077 -0.273811 -0.074223 
0.090554 0.223463 0.060894 0.490614 -0.631657 -0.000557 0.058021 -0.077867 -1.848253 0.696048 0.659593 -0.449306 -2.399794 0.037338 0.400481 -1.489662 
0.274418 0.171941 0.134414 -0.899462 -1.529177 -0.430360 -0.625967 0.167557 0.746268 -0.717660 -0.731099 0.470080 0.252793 0.128343 0.614578 -0.993804 
-0.072718 0.142121 -0.113661 0.445572 -0.346154 0.201584 0.197735 -0.076246 0.306283 -0.054706 0.103660 -0.762824 -0.423647 0.155421 -0.672020 -0.592361 
0.430563 -0.109462 -0.019621 -2.279260 -1.752485 0.088696 -0.112802 -0.174614 0.110117 -1.207525 0.527703 -0.522979 0.592906 0.203009 -0.148556 -1.621441 
0.120260 0.002161 -0.311545 -0.662534 0.440643 -0.528999 -0.857626 0.264462 0.483376 -0.468335 0.035897 0.343405 0.487739 -0.228993 -0.479673 0.900929 
0.298973 0.244886 -0.381817 -0.448950 0.400869 -0.355197 -0.213195 -0.464009 0.050885 0.900593 -0.098537 -0.282853 -0.179034 -0.286451 -0.785704 0.224592 
0.149986 -0.420461 0.222221 1.063196 0.294277 -0.313293 -0.239197 0.311385 0.062177 -1.283359 0.532648 -0.939294 -1.334386 -0.198339 0.208680 -0.910831 
-0.171521 0.305779 -0.144478 -0.166411 0.209035 0.647952 -0.675976 -0.372839 0.558627 -0.055067 -0.385921 -0.880456 -0.288961 -0.082212 -0.627123 -1.394901 
-0.074881 -0.075276 -0.129830 0.098621 0.307660 -0.075308 -0.174190 -0.147531 -0.007876 -0.168730 0.454688 0.165279 0.512677 -0.018705 0.154618 0.332735 
0.315066 -1.076468 0.153547 0.610903 -0.208861 -1.278023 -0.334227 0.153106 -0.808072 -0.115812 -0.094673 -0.896592 -0.507875 0.496124 0.534611 -0.541882 
0.212026 0.332696 0.127969 -1.862258 -0.114263 -0.304269 0.032017 0.221949 0.547766 -0.178588 0.001786 0.030783 -2.012360 -0.167933 -0.285806 0.212102 
0.115801 -0.049208 -0.207593 0.427216 -0.381125 -0.865507 -0.128840 0.216911 0.358405 0.149399 0.000704 0.469761 -0.011535 -0.530513 -0.219594 -0.461048 
-0.299233 -0.019847 -0.008591 -0.602286 0.551083 -2.432565 -1.204160 -0.121010 0.557860 0.415188 -0.385913 0.260698 0.611530 -0.670077 0.080505 -0.638638 
-0.088353 0.260274 -0.265166 0.408334 0.677905 0.364794 0.038924 0.228260 0.236975 -0.290355 -0.528610 0.429021 -1.484708 -0.066163 0.188357 0.729987 
0.106033 -0.010017 0.153949 -0.067134 -0.624860 0.235246 0.136175 0.089079 0.135347 -0.868392 -0.122722 -0.621340 -1.940432 0.414548 -0.905587 -0.074694 
-0.459054 0.538246 -0.118740 0.384100 -0.371554 -0.171201 -0.536839 -0.102284 -1.209263 -0.029712 -1.867356 -0.024220 0.210637 0.012742 -0.102067 0.818560 
0.146135 0.087993 -0.733273 -0.070470 0.268367 0.458197 -0.458903 -0.103593 0.214583 0.634317 0.239205 -0.710592 0.052732 -0.022174 -0.920177 -2.057164 
0.014255 -0.759197 -0.065984 0.626493 0.481431 -0.196995 0.077413 -0.267812 -0.097004 0.729520 -0.406912 -1.167320 -0.694318 -0.014068 -2.596473 0.013987 
0.093979 0.090659 -0.426694 0.577589 0.518081 -0.570358 -0.498429 0.328057 0.035421 0.251013 -2.051939 0.260689 0.487915 -0.479406 -1.403840 -1.052737 
0.023564 -0.244135 0.227497 -0.678470 0.473045 0.551124 -0.920769 -0.206205 0.621083 0.516648 0.251191 -3.011727 -0.090720 -0.088541 -1.684701 0.177985 
-0.007657 0.240135 0.002624 -0.488535 0.306213 0.230780 -0.249422 0.024259 0.093347 -0.079196 -2.179664 -1.196027 0.494447 -0.250364 -0.725948 -0.266890 
0.270771 0.308060 0.229636 -1.276960 0.764913 0.028537 0.348657 0.294393 -1.538475 -1.200165 0.480960 0.399438 -1.230482 -0.012384 0.447982 -0.620228 
0.029480 -0.391342 -0.039193 -0.151100 0.631743 0.491980 0.217646 -0.276196 0.071729 0.635832 -0.179832 0.187868 -2.416291 -0.149650 -0.067199 0.427770 
-0.248236 -0.023812 0.050421 0.440719 -0.659217 0.207441 0.087422 0.001205 -1.754301 0.234300 -0.285046 0.353137 -0.786509 0.140446 0.413062 -0.649205 
0.089069 0.195657 -0.645639 -0.230204 0.385149 0.356606 0.096076 -0.947561 0.377560 -0.402474 -0.027214 0.044250 0.579372 -0.099660 -0.296916 0.525858 
-0.106397 -0.041243 -0.023615 -0.113538 0.004317 -0.070622 -0.334796 -0.038784 0.096117 -0.085184 -0.395346 0.167845 0.405425 0.219657 -0.680405 -0.392178 
0.010502 -0.449106 0.154235 0.213132 0.057697 -0.060818 -0.854658 0.175722 -1.020747 0.114476 0.748943 -0.447262 -0.088988 0.218340 -0.277807 -2.512470 
0.037868 -0.453301 -0.018004 -0.898514 -0.085107 0.112371 0.796608 -0.015127 1.443835 -0.423839 -0.166367 -2.368113 0.358616 -0.003369 -0.863353 -0.474610 
-0.026812 0.213212 0.001590 0.557517 0.382956 -0.175773 -0.041734 -0.096145 0.375391 -1.269768 -0.066061 0.129154 0.262903 -0.412027 -1.533587 0.690356 
-0.144382 0.286114 -0.130921 0.175672 -1.491073 0.294283 0.195600 -0.130764 -2.079734 0.197477 0.408215 0.946031 -1.379173 0.043208 -0.342765 -2.346378 
0.061290 0.004582 0.140340 -0.932666 0.124568 -0.720065 -0.914135 0.170697 0.016768 0.314594 0.156949 0.327128 0.253444 -2.208355 -0.062607 0.085814 
-0.248286 0.136202 0.096026 0.094321 -0.110661 -0.062482 -1.137669 0.083528 -0.516213 0.117351 -0.644240 0.022190 -0.065526 0.114909 0.106789 -0.422682 
0.230093 0.199433 -0.015203 0.646287 -1.274571 0.316576 0.475978 -0.129531 -0.552205 -0.023911 0.069084 -0.259090 -0.278638 -0.156660 -1.429889 -2.895520 
-0.017429 0.219189 0.131975 -0.756272 -3.911068 0.112883 0.126343 -0.404040 -0.040480 -0.155232 0.293139 0.531891 0.658493 0.074317 -2.361685 -0.531950 
-0.459938 -0.290016 0.123956 0.606821 0.910091 0.338758 0.212006 0.052791 -0.087556 1.018713 -0.464777 -1.185593 -1.551915 0.204625 0.707022 -0.733510 
0.140834 0.181668 -0.325091 0.758383 0.923871 0.027535 -0.298283 -0.189057 -0.663570 -0.077757 -0.810929 0.283400 0.530387 0.289240 0.419040 0.873571 
-0.562665 -0.184393 0.220182 0.269068 0.162827 -0.929636 -1.479600 0.209244 -0.571439 0.290604 -0.210226 -0.414718 -1.111431 0.121828 0.391872 -0.491900 
-0.008268 -0.218274 -0.100770 -0.537162 0.995481 0.168714 -0.054457 -0.395715 -1.752908 -0.222504 0.063468 -0.453549 0.046934 0.188548 -0.060731 0.249239 
0.019505 -0.220365 0.143274 -0.196384 -0.285742 0.125987 0.282717 -0.430944 0.008185 0.279895 -1.935729 -0.516824 -0.229139 0.262977 0.202271 0.079122 
-0.036957 0.102776 -0.042978 -1.536993 0.760342 -0.616249 -0.820633 -0.092804 0.418865 0.046939 -0.759602 0.222469 0.196855 -0.203170 0.029035 0.232675 
0.163595 0.027478 -0.034615 -0.732269 -0.383808 0.132236 0.094874 0.196471 -0.159987 0.230050 -2.166878 0.655705 0.207745 -0.485552 -2.722420 -1.646096 
-0.528886 0.146001 -0.091875 0.193073 -0.045221 0.160428 0.185407 0.048067 -1.668525 -1.850664 -0.176025 -0.177382 0.529234 -0.122004 -3.037328 -0.045660 
0.057203 0.137217 0.226799 -0.233158 -0.346645 0.103837 -0.914319 0.064037 -0.961012 0.024522 -0.035552 0.139013 -0.525194 0.174586 -0.216251 -1.480552 
0.272313 0.172393 0.220449 -1.401860 -0.123065 -5.963459 -1.850896 0.299631 -0.275681 -0.156880 0.003644 0.238550 0.177646 -3.568600 -0.659630 0.403670 
0.231579 -0.535478 0.067686 0.226613 0.273432 -0.332374 0.344078 0.169848 -0.942523 -0.358032 -0.386212 0.400838 -1.658081 0.003658 0.582091 0.200463 
0.021198 -0.114557 0.237614 -0.046905 0.599572 0.116551 -1.483522 0.209466 -1.093614 0.265534 0.239348 0.047636 -2.200437 0.021783 0.470102 -0.479247 
-0.082430 0.086012 -0.293926 -0.397194 -0.066773 0.120670 0.603864 -0.223627 -2.760320 0.047474 -0.257696 0.766140 -0.437527 0.217290 0.881569 0.486591 
0.062102 -0.093559 -0.078264 -0.263725 -0.727212 0.316970 0.090288 -0.937508 -1.602746 0.134072 0.065467 -0.809450 0.403520 0.082614 -1.221280 -0.576909 
-0.182673 0.482473 0.260194 -0.406428 -0.156309 0.430878 0.292910 0.017734 -1.473250 -0.761089 0.352868 0.985356 -2.727906 0.326775 0.467049 -1.954432 
0.075798 0.027187 0.185539 -2.307998 -1.338611 0.021062 0.119986 0.194453 0.493371 0.303468 -0.157549 0.347210 0.039964 0.089858 0.513850 -0.060707 
0.092207 0.046924 0.128814 -0.542429 -0.412764 0.096736 0.056818 0.113690 0.560992 0.096557 -0.041488 0.040824 -0.144357 0.031789 -0.872912 -0.073778 
0.070061 0.191531 0.207478 -0.415733 -0.251306 0.055864 0.121578 -0.138967 -0.176701 -0.003313 -3.142588 0.360830 0.361536 -0.230606 -1.179376 0.774633 
-0.041477 -0.236082 0.265580 -0.722259 -1.643087 0.179101 -0.098920 0.423282 -0.079818 -0.133175 0.007514 -0.677376 -0.183196 0.242424 -1.711659 0.501085 
0.054181 -0.121885 -0.230244 0.161816 0.010811 0.093158 -0.130001 -0.322016 -1.586325 0.584439 0.919883 -0.158820 -1.332104 0.459316 -1.180582 -0.657375 
-0.136351 0.047992 -0.039533 -0.181600 0.334181 -0.048883 -0.715017 -0.499174 0.500441 -0.593682 -0.224382 -0.111282 0.791999 -0.038053 0.803565 0.232965 
-0.055419 -0.181169 0.274800 -0.153246 -0.382640 0.205672 -2.298229 0.202815 -0.449710 -0.881673 0.607729 -0.333531 0.462580 0.376988 0.713543 -0.396462 
0.062216 0.391402 0.282350 -0.020560 -2.121182 0.177860 -1.087276 0.269761 -0.170437 0.061907 -1.400735 -0.319107 -1.450194 0.252112 -0.635753 0.049189 
-0.024496 -0.021166 0.198725 -1.005947 0.507068 -0.967900 -0.098336 0.194333 0.135205 0.319824 -0.476860 -0.580243 0.131686 0.056098 1.032297 -0.082703 
0.026868 -0.154475 -0.010451 -0.635004 -2.605277 0.047496 -0.078330 0.022599 0.282505 -1.070138 0.119445 0.235787 -0.242761 0.110397 -1.513251 0.347928 
0.107286 0.045657 0.209347 -0.525650 -1.684436 -0.120607 -0.182414 0.222457 -1.193592 -0.093079 -0.122742 -2.057229 -0.556780 0.108075 0.585450 -0.119003 
0.060530 -0.344608 0.073089 0.309193 0.390045 0.414848 -0.307758 -0.030622 -1.591034 -0.119230 0.268170 -3.197074 -0.175731 0.170404 0.798791 -1.090248 
0.070538 0.101959 0.200870 0.317768 0.468170 0.105355 -0.096702 0.196234 0.345168 -0.169233 -0.412889 -0.575423 -3.706139 0.281215 -0.237835 -3.333117 
-0.275496 0.086046 -0.086313 0.376899 0.217050 0.134230 0.044497 -0.090943 0.404063 -1.084202 -1.395064 -0.189959 -0.398994 0.517698 -0.128965 0.146812 
0.345470 0.385313 0.001067 -0.320956 -0.105356 -0.168170 0.308650 -0.453013 -0.581299 0.023043 -0.174506 -0.701581 -0.275598 0.021774 0.028216 0.480097 
0.442103 0.416198 -0.324376 -0.084499 0.080828 -4.928645 -2.165865 0.261312 0.323734 -0.057390 -0.192429 0.569669 0.203311 -3.839321 -1.801502 -0.021552 
-1.084900 -0.008105 0.187630 0.211132 0.068215 0.448531 -0.221557 -1.487833 -1.115070 0.010065 0.455980 -4.314306 0.474839 0.034918 -0.512185 -2.796078 
0.111402 -0.005056 -0.154324 0.566951 0.712604 -1.325792 -1.213428 0.065635 0.178602 -1.023050 -0.093819 -1.095503 -0.441740 0.240994 -2.182999 -0.464564 
0.036762 0.008079 0.352879 -0.290474 -0.614414 -0.578914 0.387550 0.222784 -0.027987 -0.727960 0.174212 -1.470276 0.416824 0.263581 0.133680 -0.363946 
-0.300704 -0.324290 -0.123876 -0.174899 -0.384778 0.030275 0.330503 -0.110914 -0.887837 -0.053531 -0.377256 0.419751 0.480458 0.114380 0.285325 -2.086235 
0.242065 -0.958501 0.137857 0.287499 0.135306 0.102972 -0.180368 -0.113612 -0.574481 -0.424331 0.277036 0.511791 -0.209221 0.050206 -1.668548 -0.686931 
0.103259 0.362350 0.030480 0.566014 -0.123214 0.065461 -0.244821 0.167207 0.762760 0.249598 0.756386 0.488606 0.134131 -1.295649 -0.221170 -0.030679 
-1.146199 0.040247 0.350274 0.500779 -0.521061 -0.263793 0.247758 0.327343 0.360691 0.135747 0.192163 0.006003 -0.281987 0.105234 -0.513518 0.335033 
0.185121 -0.085335 0.103554 -0.561751 -0.888195 0.548355 0.423467 0.186512 -0.892841 -0.110870 -0.465387 0.291978 -1.374556 -0.280225 -0.001875 -1.716282 
0.062443 0.036552 0.190829 -0.307153 -0.467766 0.067970 0.005016 0.124946 -1.646172 0.063415 -0.018277 -0.314256 -0.572197 0.050327 0.069870 -1.205609 
-0.046630 -0.637761 -0.284713 0.056777 -0.318787 0.119699 0.433369 0.304877 -0.164716 -0.232205 0.345056 -0.392567 0.353656 0.152303 0.848144 0.275399 
0.249956 0.274457 0.079553 0.845649 -0.756644 -0.527726 0.236351 0.224708 -0.311871 0.158180 -0.552747 0.572999 -0.542387 0.025688 0.456140 0.908204 
-0.344547 0.111856 0.067709 -0.972954 0.059110 0.300514 -0.413844 0.059954 0.700430 0.279739 -0.621537 -0.104060 0.291253 0.067436 -0.159036 -0.159927 
-0.007056 -0.061551 0.071695 0.094559 -0.145191 0.602570 0.663034 0.113241 -0.759756 0.092131 0.370515 -1.295532 -0.928262 0.017498 -0.355764 0.861147 
