-0.020231 -0.094545 0.243661 0.485105 0.670536 0.001098 0.365114 0.291168 0.658055 0.146113 -0.922787 -0.158028 0.174163 -1.362894 1.088732 -0.545803 
0.058940 -1.295757 0.134510 -0.144238 0.769509 -0.270397 0.366113 0.161057 -0.754647 -0.698705 0.234426 -0.663401 -1.784095 0.495519 1.133524 -0.862516 
0.411305 0.436003 -0.281878 -1.342452 -0.075802 -1.129724 -0.467556 0.190435 -0.025174 0.324609 0.168771 0.638631 0.332823 -0.676485 -0.798709 0.047878 
0.051238 -0.014666 -0.122891 -0.970657 -0.434455 0.158716 -0.066764 -0.074795 0.377416 0.038783 0.547819 0.204146 0.221382 0.282228 0.593823 -2.655513 
0.164011 0.266118 -0.990005 -0.440925 0.797065 -0.152188 -0.638067 0.160271 -0.022303 -0.179349 -0.218876 0.553171 0.701756 -1.298709 0.048847 0.398383 
0.276946 -0.307025 0.266755 0.324081 0.336967 -0.898703 -0.629465 0.263017 -1.134073 0.007068 0.600728 -0.406238 -1.539840 -0.624162 0.375528 -0.151924 
0.217841 0.449756 0.357406 -1.727864 -0.024967 0.229047 -0.233706 0.231107 0.756449 0.298527 -0.421798 0.410360 -1.426736 0.056130 -1.563509 0.444257 
0.216925 0.176636 0.174277 -0.590089 0.711498 -0.390154 -1.774293 0.083697 0.690933 0.476623 -0.497768 0.534592 -0.307808 -0.500051 0.142875 0.256542 
0.150289 -0.968035 -0.075037 -1.158921 0.199456 0.387802 0.256954 -0.040378 -0.048320 0.030597 -0.240505 -0.528486 -0.183044 -0.074351 0.667340 -1.265182 
-0.311094 0.167284 -0.279748 0.950446 0.138660 -0.004436 0.629512 -0.532233 0.558543 -0.481702 -0.402536 -0.084157 0.520099 0.261632 -0.015597 0.414265 
-0.188931 -0.196860 -0.041865 -0.630390 -0.008202 0.309363 0.104154 -0.046437 -0.116406 0.276730 0.569097 0.684991 -0.797181 0.219090 0.212258 -0.513953 
0.470164 0.364018 0.089352 0.261474 0.331174 -0.349564 0.429221 0.274907 -0.238764 -0.383287 -0.425576 -0.527118 -2.290830 -0.240384 -1.393710 0.662411 
-0.006493 0.334997 -0.299144 0.017492 -0.128060 -0.023569 0.360588 0.048769 -0.095629 0.826175 0.280491 0.329905 -0.253946 -0.324881 -0.984044 1.186034 
-0.053055 -0.000837 -0.049851 -1.572413 -1.497921 0.315759 -0.804407 -0.140511 0.080138 -0.123501 0.184988 -1.183068 0.636314 0.052967 0.257646 -1.759116 
0.213910 0.063222 -0.147092 -0.265394 0.266425 -1.946238 -2.487589 0.212885 0.549808 -0.921463 0.369173 0.106326 0.150402 -0.359989 -0.888846 -1.099850 
0.180656 0.464030 0.233748 -0.965624 0.701733 -0.852943 -1.915173 0.178677 -0.592570 0.302128 0.443524 -0.145781 0.189842 -0.167598 0.126871 -0.009671 
0.067297 0.048485 0.061532 -1.036804 -1.461399 0.318108 -0.359363 0.016221 -0.287396 0.155075 -0.644716 0.319572 0.325940 0.185249 -0.266684 -0.113505 
0.133428 0.042865 -0.240611 -0.320162 0.291959 -0.621497 -0.136798 0.345323 0.243660 -0.046089 -0.769052 0.918141 0.200730 -1.418562 -1.895327 -0.127856 
-0.071803 0.553569 -0.193350 0.485133 0.662020 -0.063596 0.403603 -0.033675 0.514282 0.227100 -0.367352 0.475430 -0.102509 -0.695461 0.173680 0.983971 
-0.081196 -0.419478 0.430816 -0.277852 0.061807 0.037390 -0.055890 0.220730 -2.029180 -0.005647 -0.576281 -0.624217 0.437430 0.194459 0.183585 0.034955 
0.148881 -0.263801 0.066065 -0.743262 0.605739 -0.332559 -0.318538 0.110388 -0.630711 0.215170 -1.142046 -0.148039 0.379365 0.123580 0.580447 -0.495884 
-0.063297 -0.891866 0.279898 -0.582912 -0.458439 0.161290 -0.256156 0.478916 0.322888 -0.314398 -0.483349 -0.341954 0.490298 -0.093658 -0.022994 -1.400259 
0.319486 0.253446 -0.326923 -1.081864 -1.076093 -0.600748 0.210215 0.313677 -0.746380 -0.116620 0.106001 0.388369 0.430485 -1.222773 -0.211392 -0.015468 
0.119702 -0.020521 -0.087788 -0.727339 0.525821 0.738718 -0.207961 -0.698651 -0.289425 0.134013 -1.099660 0.376163 -2.655328 0.252515 -1.039450 1.139261 
-0.230105 0.408267 0.073197 -0.193875 -0.455452 -0.318925 -1.185764 0.012560 -1.805010 0.279518 -1.398404 0.383006 0.562325 0.249598 0.851857 0.033192 
0.322483 -0.733158 0.064761 -0.401021 0.419044 -0.700923 -0.614888 0.063890 1.428467 -0.093740 0.473694 -0.705849 0.242332 -0.837102 0.036914 0.220152 
0.095679 -0.527185 0.117224 -0.499421 -1.423130 0.118860 0.418116 0.241693 0.379448 0.258561 -0.070685 0.871269 0.369269 -0.255745 0.286408 -2.558781 
0.035245 0.275295 0.204680 -0.302901 -0.701534 0.523302 -0.452873 0.287325 -1.039790 -0.417534 -0.084210 0.361457 -3.359988 0.163117 -1.042685 -1.803571 
0.042164 -1.258077 0.113414 1.055277 0.216755 -0.071116 -1.503816 0.346507 0.272119 0.377198 -0.317651 -0.027956 -0.305304 0.191946 -0.228267 0.899782 
-0.028624 -0.629304 0.273198 -0.886907 -0.235056 0.039745 -0.084239 0.314328 0.172114 -0.747378 0.498780 -0.173058 0.575638 0.432896 0.540731 -0.171362 
0.097374 -0.031514 -0.194447 0.990132 -1.096720 -0.179379 0.256274 0.291469 -0.980296 0.029623 -1.281912 0.276093 0.016203 -0.132788 0.225672 -2.247155 
0.234485 0.166975 -0.763840 -0.240101 0.396171 0.369769 -0.012191 -0.706397 0.114407 -0.373525 -0.182050 0.209520 0.428519 -0.156562 -0.154241 0.301376 
-0.087421 -1.719044 -0.112148 0.049909 0.622200 -0.281132 0.238491 0.395326 -0.197972 -0.330012 0.586045 -2.040596 -0.575539 0.160139 -0.179417 -0.276379 
-0.020824 -0.467883 0.260652 0.152417 0.212540 -0.271768 -0.073509 -0.458874 0.511545 -0.097006 -0.933902 0.318263 -0.043647 0.185165 -1.315354 -1.003566 
-0.105442 -0.023146 -0.101429 0.708053 -2.513529 0.135715 0.343295 0.002693 -2.717764 0.023089 0.173119 0.043143 0.785969 -0.070983 -0.347954 0.619252 
0.171648 0.272738 -0.023342 0.305505 -0.168928 -0.306051 0.016599 -0.007323 0.106540 -0.451433 -0.297326 0.405068 0.443521 -2.896020 -1.080268 0.537219 
-0.175262 0.251997 -0.516431 0.438789 0.328650 0.257886 -0.907340 -0.385572 -0.224673 0.959580 -0.913642 -0.567239 0.728026 -0.114517 0.315676 -0.054024 
-0.210504 0.344643 0.095102 0.709869 -0.280169 0.468529 -0.331581 0.248273 0.187638 -1.229333 -0.201652 -3.051353 -0.207170 -0.290302 0.109912 0.923768 
0.077125 -0.581641 0.094311 0.725221 0.464208 -0.355342 -0.029516 0.106931 -1.139599 -1.205647 -0.345088 -0.566334 -0.074889 -0.049213 -0.095622 0.186595 
-0.080540 -0.052737 -0.108031 -0.953093 -0.464856 0.264041 0.361199 -0.004825 0.096431 -0.014501 0.207637 0.953887 -0.887478 0.035881 0.802535 1.557475 
-0.169343 -0.749013 -0.165479 0.178615 0.016756 0.059091 0.330613 -0.726916 0.273374 0.435178 -0.778860 -0.842319 -0.206403 0.278224 -0.455922 -2.141945 
-0.156224 0.220241 0.116791 0.083244 -0.438624 0.413399 -0.579193 0.045928 -0.925313 0.541933 -0.059929 -0.293877 -2.014239 0.298557 -0.018806 -0.265741 
-0.733628 -0.342391 0.342244 0.279406 0.059647 -0.484420 0.749007 0.081045 -0.413833 0.218602 0.188348 -3.869972 -0.201826 0.183914 -0.251568 -1.132768 
-0.321584 0.129552 -0.083824 -0.505136 0.106552 0.138817 0.665908 -0.154217 -0.377680 -0.072022 -0.040108 -0.850723 -0.897803 0.228495 0.055433 0.095434 
-0.024679 0.167886 -0.005397 0.546713 -0.198275 0.093045 0.411965 0.016939 0.578203 -0.007527 -0.123744 0.010543 0.339467 -0.537183 0.098814 -0.154769 
-0.091873 -0.225424 0.143213 -0.380176 -0.262811 -0.213964 -0.379680 0.197013 -0.307096 -0.268527 0.640898 -1.780191 -0.661970 -0.054669 0.457420 0.042687 
0.116506 -1.354918 -0.194757 0.702701 0.122102 0.235510 0.366625 -0.635006 -0.178556 -0.342545 -0.154664 -1.006123 -1.416166 0.137623 0.560920 -0.707807 
0.095836 0.065692 0.292115 -0.450210 -0.639393 -0.257268 -0.202479 0.308588 -0.848035 0.176278 -0.737091 -0.135634 0.138937 -0.968323 -0.127365 0.343401 
0.060186 0.134455 -0.015036 0.070264 -0.897933 0.184187 -0.099171 0.158830 0.676161 0.077101 -1.491882 0.187566 0.374666 0.157871 -2.058312 -0.303538 
0.131415 -0.240674 -0.062686 0.032714 -2.125686 0.309384 -0.022309 -0.441547 0.063020 0.116202 0.027747 -0.950342 0.014903 0.307088 -0.797781 -3.190204 
0.191565 0.072931 0.180769 -0.118546 -0.730569 -0.061468 -0.708539 0.199561 0.236909 0.070123 0.515384 -0.150729 0.238894 -2.062454 -0.122779 0.116506 
0.243769 -0.212423 0.093573 -0.964132 -0.675885 0.273691 0.251546 0.050279 -2.258528 0.052977 0.216777 -2.587077 -1.814354 0.363996 -0.492492 -4.009834 
0.012002 0.076974 0.131239 0.069056 0.126654 0.114156 -0.234047 -0.388430 0.267999 0.567266 -0.039378 -0.323178 -0.048004 -0.062514 -0.416363 -0.718192 
-0.038211 0.335818 0.331881 -1.159072 -0.321307 0.123179 0.613008 0.198593 -1.595263 -1.452959 -0.078088 -0.056071 0.544892 0.003596 -2.605931 0.745135 
-0.247261 0.466931 -0.347787 0.385132 0.241649 0.580647 -0.233872 -0.244219 -0.510569 -0.508537 -1.158551 0.410564 -1.216674 0.467709 -1.952023 -0.615364 
-0.153980 0.210252 -0.371480 -0.219657 0.051992 0.318530 0.185149 -0.970051 0.611038 -0.199217 0.240378 0.105146 0.096617 0.231672 -0.407366 0.481007 
-0.040921 -1.302164 0.024151 -0.621716 0.980601 0.013666 -1.138681 -0.056594 -0.066266 0.743696 0.193256 -0.520541 -0.686495 -0.043731 -0.027453 -0.501471 
-0.960339 -0.632043 0.040644 0.061638 0.122897 0.225347 -0.062213 0.066494 -0.337670 0.227200 -0.287426 -0.212613 0.280562 0.265642 -0.144575 -0.659346 
0.129104 0.099930 0.194184 -0.452926 -0.291470 -0.265798 -0.654314 -0.218828 -0.080226 -1.506216 -0.331351 -0.077057 0.827745 -0.011562 -0.983295 0.097890 
-0.018084 -0.103078 0.106786 0.339453 -0.029103 0.116929 0.079359 -0.519936 -2.859520 0.595701 -0.050467 0.301011 -1.545955 0.259609 -0.807814 1.502589 
0.218848 -0.016721 -0.208696 -1.161299 -0.461694 0.234367 0.819937 -0.127077 -0.375090 -0.593398 0.005091 0.591724 -0.746077 0.300280 -0.373851 -0.246474 
0.194933 -0.687074 0.166952 -0.129947 -1.057001 0.468650 -0.444876 0.173430 -1.353925 -0.561340 -0.296829 0.065964 -0.100162 0.723732 -0.404403 0.630447 
-0.026207 0.596487 0.100040 -0.078750 0.685698 0.547793 0.281005 -0.976278 -0.056849 -0.545443 0.583729 -0.287087 0.055392 0.097453 0.151630 -1.316773 
-1.304394 0.091497 0.125276 0.440775 0.145718 -0.005868 -1.254739 -0.960640 -1.699978 -0.400669 0.353198 -0.704378 0.351064 0.186892 -0.302681 -0.526041 
0.014666 -0.173564 -0.263623 0.072852 0.276288 0.055194 0.350417 -0.608535 0.551317 -0.359612 0.173800 -2.433778 0.266384 0.252191 0.447710 -4.288067 
-0.026181 0.181761 0.221177 -1.304260 0.444832 -0.599366 -0.560228 0.139430 -0.376513 -0.272528 0.156010 0.254397 -0.256103 -1.963028 -1.238827 0.363176 
-0.026586 -0.092598 -0.095744 0.332687 -1.449439 0.338649 -0.001853 0.018877 0.830022 0.030877 0.000396 0.839417 -1.157706 0.045527 -0.174320 0.753606 
0.212764 0.056002 -0.315215 0.306561 0.513529 -0.025814 -0.331978 0.230905 0.161293 -1.393179 -0.077096 -1.183501 0.161644 0.182635 -1.710201 0.289071 
0.119075 0.069674 0.135494 -1.258041 0.352057 -4.637221 -0.780950 0.256786 0.244920 0.182514 0.111384 0.386401 0.155624 -1.738760 0.020148 -0.129390 
-0.187420 -0.190568 0.000080 0.145986 0.026384 0.095270 0.956868 -0.433275 -0.121236 0.696377 -0.836128 -3.172441 -0.397186 -0.407357 -0.180107 -0.326504 
-0.318840 -0.184965 -0.158205 0.401229 0.028517 -0.223326 -0.349613 0.196209 -0.614849 0.039819 0.220203 0.572060 0.295884 -0.250383 0.968905 -0.106642 
-0.110315 0.661592 -0.201418 -0.720485 0.157334 0.250529 0.287795 -0.070725 0.377317 -0.058566 0.350612 -0.605608 -0.041589 0.318940 0.554972 -1.822872 
-0.075257 0.481802 0.083557 -1.183214 -2.356937 0.294082 0.452765 -0.061581 -0.814819 -0.899931 0.416323 0.799834 -1.463900 0.407550 -0.676765 -0.992226 
0.361945 0.548413 0.241516 0.087452 -0.579498 -0.542656 -0.409933 0.299904 -0.851401 0.166798 0.590423 -0.692123 -1.182002 -0.582911 -0.322494 -0.120748 
-0.311646 -0.022969 -0.090939 -0.467764 0.754292 -1.189106 -0.646276 -0.369870 -0.442439 -0.521919 -0.668915 0.067171 0.660851 -0.449399 0.285826 0.351462 
0.124259 -0.604194 0.161203 -0.076063 -0.038915 0.355482 -1.649331 -0.080549 -0.012962 0.097967 0.162762 0.370854 0.060502 0.391033 0.420992 -0.266153 
0.141383 0.038904 0.165834 0.243816 -0.650749 -4.682142 -2.105511 0.230609 -0.390798 0.199259 -0.211324 0.326351 0.082278 -0.540254 0.017838 0.055977 
-0.081218 0.126364 -0.029213 0.542405 0.980468 -1.171333 -0.381787 0.151027 -0.017544 0.138797 -3.234884 -0.292316 -0.235585 -0.229628 -0.708752 -0.013281 
0.359130 0.148230 0.209782 -0.795975 -2.103616 -0.840615 -0.791731 0.161816 0.155775 -0.805945 -0.262512 -0.481666 -0.094241 0.267662 0.704970 -0.024740 
0.015619 0.023483 -0.316595 -0.468923 0.599767 0.264076 0.410140 -0.053915 -0.258464 -0.329117 0.742278 0.260632 0.382855 0.012986 -1.100667 -0.101327 
-0.388801 0.338698 0.223900 0.176898 0.341635 0.342571 -0.315883 0.117186 -1.181229 0.255778 0.353901 0.248981 -4.474418 0.322063 0.290898 -1.145641 
-0.175346 -0.020156 0.016119 0.026188 -0.207625 0.546126 0.503175 0.062400 -0.099925 -0.580172 -0.780974 -0.611310 -0.480223 0.422198 -1.595880 0.775031 
0.201375 -0.200361 0.159904 0.821224 -0.248131 -2.554521 -1.104918 0.135646 0.156412 -0.130012 -0.318157 0.586625 -1.488438 -0.239042 -0.704954 -1.160016 
0.208844 0.400979 0.132717 0.435568 -1.049706 0.004905 -0.077182 0.102312 0.550439 -0.209564 -1.129352 -2.072681 0.241798 0.012836 -0.636821 -0.079007 
-0.031353 0.253341 -0.138202 0.676175 -0.897668 0.017348 -0.177513 0.022134 -1.587837 -0.011329 -0.421178 0.664265 0.207100 -0.090049 -0.828227 -0.456622 
0.347854 0.057966 -0.069851 -1.116712 -1.971597 0.039423 0.361274 -0.177168 -0.361923 0.295410 0.775297 -1.635401 -0.237060 0.025519 0.431029 -1.320673 
-0.674280 -0.133995 -0.011818 0.333366 0.598364 -0.015427 0.337505 -0.233810 0.488018 -0.287959 1.027821 -0.005588 -0.361860 0.129589 -0.036526 -0.331924 
-0.196887 0.222673 0.266298 0.030356 0.028182 -0.250371 0.239512 0.059893 -1.058700 0.096659 0.362130 -1.108683 -0.093578 0.091112 0.257861 -0.950215 
0.110580 -0.035174 0.211128 -0.664880 -1.926366 -0.042951 0.441333 0.141808 0.086052 -0.121592 -0.242239 0.020805 0.059542 0.282583 -1.134257 -0.385770 
0.178925 0.398265 -0.393072 0.282553 -0.312817 0.066643 -0.549469 -0.132985 -0.112649 0.016623 0.295323 1.181245 0.290753 0.060962 -0.558569 -0.097469 
0.233869 0.007614 -0.271047 -0.248398 0.565680 0.449849 -0.336447 -0.238381 0.485496 0.469238 -0.822107 0.673202 -0.977789 -0.598706 0.190911 -0.031498 
0.125430 -1.127879 0.114315 -0.358906 0.112498 0.431494 0.489682 0.008611 0.430643 0.316323 -0.224414 -1.062215 0.452974 -0.130416 -0.782807 0.386844 
0.032434 0.223152 -0.126884 -0.045927 0.442200 -2.421314 -0.809954 0.051546 0.653782 0.866653 0.107144 0.007393 0.313514 -0.958793 -0.579545 -0.408668 
-0.086258 -0.180863 -0.391286 0.983111 -0.280809 0.354761 0.162084 -0.114411 -0.416957 -0.074806 0.039689 -1.290350 -0.006031 0.639415 -0.755400 -1.604033 
-0.116014 -0.067780 -0.185737 0.144419 0.283252 -0.357255 -0.437201 -0.662634 0.577416 0.724032 0.191373 -3.335884 -0.548384 0.096869 -1.595696 -0.088287 
0.009872 -0.013897 -0.282344 0.178354 0.254451 -0.153574 0.290019 -0.727217 0.670555 -0.212382 0.612762 0.468930 -0.072122 -0.316864 -0.557410 -0.914523 
-0.646975 -0.412798 0.269971 0.522384 0.541248 -0.447763 -1.029899 0.265121 -0.048758 -0.020423 0.205110 -0.490264 -2.170106 0.224548 0.982671 0.301105 
0.088866 0.294493 0.103499 0.404513 -1.379845 -0.241319 -0.557023 0.137743 0.290882 0.010470 -0.554596 -0.494913 -0.020103 0.007954 -0.521345 -0.661994 
-0.394084 -0.051569 0.148574 -0.415042 -0.015076 0.285809 0.046418 -1.040765 -1.604277 -0.207677 0.217435 -0.696271 1.052380 -0.019948 0.817883 -0.224852 
-0.169736 -0.570962 -0.274020 0.991291 0.633217 0.449788 0.514238 -0.359592 -0.752187 -0.306231 -0.192007 -0.180978 0.372510 -0.182706 0.201040 0.359863 
