-0.030624 0.063169 -0.534227 0.976030 0.159250 0.157444 0.445005 0.191480 -1.839149 -0.689356 0.082501 -0.982188 0.174099 -0.743538 0.303328 0.621325 
-0.364597 0.480323 -0.042814 -0.407791 1.056465 0.119936 -0.191333 -0.611438 -0.512864 0.001034 -0.151344 -0.092880 0.080863 0.032585 0.851954 0.259628 
0.117897 -0.458648 0.106510 -0.824499 0.070893 0.354572 0.007311 0.209039 0.413962 0.107142 -0.465064 -0.299528 -0.031443 0.289273 0.593358 -2.578920 
0.107597 -0.835587 0.200001 0.311701 0.460151 0.315003 -1.658839 -0.098444 -0.935895 0.076505 -0.364748 -1.428169 -0.623512 0.319965 -1.261487 -0.169433 
0.197086 -0.730987 0.042929 -0.471439 -0.553914 0.254617 -0.105530 -0.071305 -0.730300 0.071732 -0.521859 0.148499 0.327320 0.353469 0.586969 -1.394511 
0.099144 -1.324067 0.041212 0.685857 1.038457 -0.387190 -0.538595 0.000689 -0.623172 0.306118 0.362264 -0.038150 0.441332 0.428291 -0.327363 -0.228477 
0.008307 0.001737 0.059669 -1.145576 0.662129 -0.154954 0.290646 -0.083998 -0.230290 0.266894 0.138724 -1.300511 -0.210794 0.269659 0.721934 -0.181482 
0.126059 -0.161951 -0.088319 0.668003 0.079030 0.402946 0.513884 -0.722095 -0.311910 0.288139 0.575795 -0.226193 0.012689 -0.275626 -0.734575 1.179609 
-0.032005 -0.361832 -0.382335 0.870652 0.132046 0.674753 0.412012 -0.235723 -1.300087 0.698202 -0.728089 -0.783235 0.176438 -0.241646 -0.764027 -0.535796 
-0.290460 -0.295738 0.423850 -0.583387 0.510969 -0.329502 0.265950 -0.359401 0.780518 0.221837 0.188025 -1.386371 0.184623 -0.083704 -0.367687 -0.430682 
0.116416 0.081849 0.135914 -1.000336 -1.365907 0.071439 0.141189 -0.713420 0.521880 0.085517 -1.668264 0.387681 0.096541 0.124714 -0.378269 -1.136204 
0.332250 -1.064358 -0.214303 -0.578698 0.013035 0.386569 0.493956 0.144208 -0.048528 0.172738 0.801877 0.135085 0.054008 -0.204011 0.467742 -3.327491 
0.140263 0.180143 -0.049049 -0.281762 -1.161733 -0.154495 0.347201 0.085744 -0.143962 0.864118 0.362828 0.510550 0.057727 -0.259948 -0.818837 -0.696833 
-0.173928 -0.381549 0.233871 0.677605 0.258362 -0.024970 -0.174567 0.294016 -0.091790 -0.232623 -0.184767 0.614879 -0.208210 -0.260576 -2.387406 -0.988937 
-0.313195 -0.263188 0.107736 0.357600 0.860329 -0.319199 -0.712623 -0.427773 -0.396843 0.132692 0.193590 -0.525663 0.634681 0.273983 -0.097589 -0.207255 
0.410467 -0.788062 0.128842 -0.402416 -0.641573 -0.016849 0.172801 0.166464 0.109916 0.172926 0.562327 -0.590803 0.669294 -0.278276 -0.861574 -3.308462 
0.124115 0.252818 0.293313 0.306807 -1.276785 -0.073531 -0.263657 0.264258 -0.439266 -0.852329 0.092057 -1.158312 -0.747720 -0.118128 -0.716111 0.578336 
0.059251 0.206461 -0.111936 -0.228046 0.512419 0.117045 0.162660 -0.072079 -0.168306 -0.967706 0.051341 0.057632 -0.268426 -0.027872 -0.587283 0.102437 
-0.338923 0.135899 -0.040996 -0.208761 -0.621305 0.374661 0.399024 0.254282 -0.349362 0.379788 0.284715 0.384360 0.038866 -0.307640 0.390626 -0.292588 
-0.578897 0.362462 -0.119930 0.298026 0.167573 0.562775 -0.273938 0.363837 -0.613802 0.331089 -0.517794 -0.118281 -1.567123 -0.153787 -0.277266 -3.774819 
-0.358713 -0.147816 0.117655 0.687080 0.479824 -0.172141 0.086851 -0.330667 0.065560 -0.898347 0.290253 -1.347024 -0.421607 0.327545 0.005373 -0.447636 
0.098276 -0.538864 0.176858 -0.234669 -0.425288 0.266594 -0.244131 0.182863 -2.760709 0.000472 0.175375 -1.534711 -0.107537 0.308557 0.343912 -0.270708 
0.030602 0.014123 -0.349670 0.406994 -0.579097 0.398873 0.320907 -1.076288 -0.747930 -0.028589 -0.073005 -1.500717 0.186830 0.321276 0.064449 -1.586700 
-0.277901 0.410931 -0.022204 -0.060793 0.193811 0.234176 0.435692 0.075208 -1.374965 0.228201 -0.808517 0.217263 -0.337470 -0.195257 0.124460 -0.634207 
0.208086 -0.456758 0.076350 -0.219776 -1.289877 -0.153848 -0.149578 0.246870 0.378861 0.089445 0.396485 0.094914 0.532837 -0.481552 -0.105644 0.250743 
0.133438 0.233009 -0.925937 0.165983 0.079057 -0.623303 0.150909 0.067067 -1.489436 -0.362665 -0.332799 0.366482 0.673883 -0.161490 -0.734472 0.244851 
0.043715 -0.364357 -0.436117 0.079098 -0.269084 0.522660 0.380100 -0.413776 0.675899 -0.065299 0.356400 0.159236 -0.239970 0.234850 0.234355 -0.215116 
-0.598830 -0.726500 0.099031 -0.014672 0.121860 0.346100 -0.164376 -0.054118 -0.635547 0.338986 -0.250708 0.468916 0.783157 -0.151376 0.278503 0.813278 
0.111352 0.029161 0.174603 -0.807417 -2.304910 0.175456 0.077163 -0.175383 -0.123840 0.165634 0.336010 -0.022313 0.069318 0.164338 0.642666 -0.553479 
-0.061616 0.345477 0.133847 -1.158176 -0.934535 0.445658 0.358184 0.010686 -0.210372 -0.743444 0.354623 0.754014 -2.377933 0.129861 -3.854989 0.908298 
0.059017 -0.105070 -0.447074 0.025802 0.408517 -0.240085 -0.380332 -0.329002 -0.025835 0.510888 -0.155514 0.987165 0.153178 -1.042399 -0.496982 -1.781515 
0.139747 0.216060 -0.101704 -0.393546 -0.214174 -0.042052 0.075538 -0.090305 0.502100 -0.039063 0.691616 -0.386048 0.165768 0.208597 0.364754 -5.504764 
0.167095 0.153340 -0.103745 -0.783779 1.088138 -0.053905 0.075495 -0.153625 0.229087 0.116291 0.100930 -0.980842 -0.136801 -0.151748 -0.751816 -1.865258 
0.039141 0.253654 0.172993 -0.875340 -1.936989 0.251753 0.330510 -0.251980 -3.316750 -0.895121 0.312449 0.118626 0.006566 0.246601 -1.666235 -1.345262 
-0.343607 0.371493 0.113564 0.067955 -1.897027 0.035398 -0.028897 -0.032166 0.357766 0.068762 0.561273 0.360183 -0.223062 0.295719 -0.698780 -1.211777 
0.171539 -1.001662 0.159723 0.376513 0.418841 0.744267 -1.402045 0.007981 -0.402109 -0.510672 -0.272929 -0.828985 -0.665627 0.341404 0.014314 -0.400267 
-0.037033 -0.324834 -0.128512 -0.000308 0.919026 0.104075 -0.217611 0.244120 -0.872382 -0.113777 -0.223676 -2.039312 -0.273116 -0.199274 0.598546 -0.200812 
0.110990 -0.136073 0.168948 -1.394976 -0.112725 -0.150263 -0.537688 0.102567 0.482263 0.066002 -1.097607 0.104946 0.495829 -0.622057 -0.011953 0.316529 
-0.040877 0.017156 0.100717 -0.510899 1.098422 -1.891721 -1.222387 0.020072 -0.075261 0.772959 0.705652 -1.247206 -0.050859 -0.382751 -0.301821 0.801972 
-0.026432 0.080287 -0.270456 0.027306 0.079498 -0.493980 0.052784 -0.518458 0.447128 0.765976 -0.447409 -0.564538 0.058683 0.036849 -0.134879 -0.527436 
-0.051128 -0.817402 0.252034 -0.004851 -0.555020 -0.899337 -0.268908 0.246107 -1.022216 -0.837175 0.335388 -1.313914 -1.422552 0.267800 0.720392 -1.392740 
0.241256 0.116793 0.205157 -1.409849 -0.119830 -0.613448 -1.762240 0.189389 0.681528 -1.108363 0.505544 -0.227775 0.584242 -0.091117 0.018863 -0.718085 
0.100264 0.078296 0.201562 -0.865669 -0.646717 0.120455 0.086582 0.104389 -0.227976 0.125928 0.120989 -0.543681 -2.074476 0.242835 -1.521873 0.360538 
0.393677 0.303641 0.019260 0.112717 -0.126211 -2.310350 -0.393412 0.365398 0.115200 -0.012227 -0.990914 0.514347 -0.501073 -0.618925 -0.426596 -0.480534 
-0.185676 -0.037527 0.323152 -0.119231 -0.222969 -1.117494 0.165133 0.426119 0.391990 -0.339632 0.079829 -0.166276 -0.129391 0.311537 -2.065907 -0.464173 
-0.376688 -0.079265 0.088343 -0.671834 -0.442877 0.422104 -0.891496 0.074411 -0.165013 -0.067694 0.094836 -1.383916 0.461337 0.087861 0.507938 -0.423822 
0.353816 0.237364 -0.146227 0.901972 -0.464400 -0.774333 0.300969 -0.108159 -0.093057 -0.465891 -1.068134 -0.369111 0.027214 -0.015303 0.060584 1.075871 
-0.143862 -0.048679 0.212762 -0.808050 -1.702148 0.252941 0.248744 0.103317 0.669578 0.026629 -0.605482 -0.377901 -0.125912 -0.005347 -0.735358 -0.267149 
0.209955 0.156385 -0.707223 0.381682 -0.486332 0.240536 -0.009516 0.047575 0.113547 -0.028213 0.135477 0.504901 -0.308415 0.427466 -0.664703 0.089618 
0.220359 0.253116 -0.080724 -0.864692 -0.290246 0.182177 0.452127 0.135006 0.225753 -0.228218 -0.281595 -0.111384 -0.370839 0.600450 0.044568 0.129652 
0.102188 0.112749 0.328366 0.090537 0.204252 0.241260 -0.383498 -0.468892 -1.012238 -0.024490 -0.464912 0.402375 0.293959 -0.377856 0.833577 0.459307 
0.343097 0.229207 -0.188145 -2.205527 -1.097677 0.359934 0.258096 -0.440207 -0.733528 -0.796580 0.382285 -0.458528 0.499248 0.393053 -0.096285 0.236919 
0.159137 0.233066 -0.066754 -0.155849 -0.835930 0.193506 -0.174215 0.469824 0.471216 0.076444 -0.430691 0.331604 0.126768 -1.047572 0.561585 0.124923 
-0.005406 0.265609 -0.022224 -0.766001 -1.734682 -0.180646 0.369935 0.443419 0.553393 -0.164749 -0.645556 -0.027332 0.261396 0.110599 0.224300 -1.197193 
0.048472 0.361152 0.016947 -0.625748 -0.021221 -0.062390 -0.053967 -0.562747 0.103299 -0.317540 0.710953 0.033675 -0.371877 0.251530 0.156685 -0.422699 
0.360386 -0.126400 -0.060085 0.564968 0.270065 -0.120915 -0.373133 0.069338 -1.237400 0.490076 0.331777 0.295604 -1.780226 0.187586 -0.354008 0.193066 
0.397778 0.128179 -1.017266 0.238873 -0.209513 -0.027192 -0.999868 0.570872 0.061019 0.029593 0.123582 0.389695 -0.418410 -0.607894 -0.661019 -0.106228 
0.057292 -0.314505 0.354131 0.222832 -0.142711 0.153051 -0.445550 -0.017437 0.445459 0.354643 0.497150 -0.933028 -1.929465 0.119737 0.218251 -0.733726 
0.438871 0.498935 -0.492819 -0.798243 0.049458 -0.314773 -0.041024 -0.328542 -0.722760 0.808167 0.489026 0.218381 -0.086034 -1.148789 -0.908216 0.201100 
0.121391 -0.169818 -0.025251 -0.114670 0.510305 0.703120 0.301091 -0.031606 0.188033 0.124976 -0.048946 -0.712569 -0.132401 -0.634528 -0.143258 -1.770983 
0.104426 0.047003 0.107011 -0.371552 0.483896 -4.076166 -0.932680 0.063769 0.369975 -0.177182 0.010513 0.403361 0.459464 -1.481300 -0.306150 0.266051 
0.108062 -0.321760 0.018027 0.257148 -0.208200 0.482943 0.337513 0.112262 -0.984478 -1.661865 -0.757962 -0.344599 0.409699 0.243463 -1.388165 0.188159 
-0.952707 0.172625 0.417030 0.502569 -0.156530 -0.123654 -0.155648 -0.345865 -1.862587 -0.768449 0.347017 -0.692999 0.415330 0.447967 0.043536 -0.346803 
-0.593978 -0.040722 0.076351 0.201585 0.170315 -0.481929 -0.290735 0.015777 -0.900922 0.284866 -0.850865 -0.268839 -0.599586 0.116009 0.568774 -0.168149 
0.224898 0.329625 -0.170661 -1.255218 -1.922525 -0.070993 -1.633008 -0.103281 0.109338 -0.434830 -0.427533 -0.379180 0.675510 -0.124850 0.276663 -0.135355 
0.212728 0.319004 -0.070844 -0.153897 -0.318695 -0.332098 0.116748 0.366297 -0.369412 -1.921563 0.217218 0.700771 0.075239 -0.271366 -0.305754 -0.178222 
0.053281 0.185254 0.280438 -0.663018 1.018512 0.117328 0.435248 0.028057 -0.588645 -0.818679 0.221594 0.232125 -1.075789 -0.054264 0.137739 -0.360019 
-0.051332 0.184763 0.154745 0.336480 0.113787 -0.098983 -1.398538 0.086125 -0.818658 0.026626 -2.227381 -0.080200 0.417759 0.304670 0.352487 -0.732583 
-0.105333 0.261872 -0.186991 1.136912 -0.316607 -0.113638 -0.447045 0.035677 -1.107196 -0.178706 -0.163229 0.355816 -0.287280 -0.114570 0.284017 0.827766 
0.243896 -0.934883 0.199313 -0.048593 0.545008 0.109652 -0.029564 0.199997 -1.447221 0.031612 0.381181 -0.812221 -0.836010 0.165967 -1.432052 -1.109429 
-0.529074 -0.172239 0.100122 0.621906 0.157402 -0.268568 -0.908385 0.328252 -0.316074 0.062865 -0.259699 0.541751 -0.956098 0.311775 0.167088 -0.322265 
-0.089971 -0.003166 -0.189179 0.409222 0.396962 -0.204604 0.454642 -0.463227 0.493120 0.572432 -0.724469 -1.011245 -1.541009 0.280560 0.175662 -0.840467 
0.077277 0.096920 0.129839 -0.821301 -0.536205 0.322175 0.342353 -0.623653 -2.572634 0.199250 -0.442926 -0.052375 -1.341345 0.153661 -1.676970 0.730213 
-0.340124 -0.228166 0.211270 -0.496991 -0.339281 0.208479 0.065623 0.162102 0.153447 0.166977 0.151746 0.767693 -2.355285 0.173452 -0.143409 0.095959 
0.256368 0.150797 0.315624 -0.374519 -1.426089 -0.046132 0.276200 0.195574 -0.845503 -0.169314 -0.164062 -1.247129 -0.528849 0.181163 -0.786847 0.062568 
0.391169 0.204535 0.169272 -0.151411 0.565048 0.125222 0.020008 0.151815 0.122184 -0.606068 0.016962 -0.647236 -2.672524 -0.028697 -0.779325 0.392195 
0.032124 0.201565 0.124259 0.274374 -2.279781 0.223780 0.224702 0.073408 -1.671625 0.103215 0.193975 -0.736557 -2.549080 0.241185 0.181023 -2.324176 
-0.123744 -0.060388 -0.150259 0.150260 -0.039700 0.165690 0.293385 -0.094362 -1.062699 0.010686 -0.388607 0.585311 1.331973 -0.035779 -0.658210 -0.554528 
0.111644 0.141098 0.109376 -0.355400 -0.552542 -0.002856 -0.289458 0.232986 0.425695 0.116470 0.192188 0.224253 0.278438 -2.202810 0.142464 0.071098 
-0.661146 0.160334 0.063101 -0.141007 0.662682 0.048502 -0.818915 0.069407 -0.119567 -0.517205 -0.172945 -0.028366 0.705042 0.650064 0.092746 0.451322 
-0.327449 0.448722 0.017600 -0.046481 -0.300450 0.357808 0.260491 -0.136047 -0.137438 -0.318933 -0.511501 0.447675 0.558644 0.198527 -1.148361 0.176623 
0.060339 -0.258209 0.231012 -0.107129 -0.670438 -0.685082 -0.726043 0.193849 -0.637332 0.200276 -1.456185 0.117844 -0.285163 0.429734 -0.987256 0.392710 
0.088222 -0.917404 0.020702 0.700865 -0.213741 -1.218233 -0.153860 0.129462 -0.207910 0.221846 0.167789 -2.552364 -0.612384 0.038850 0.471110 0.683843 
-0.097338 -0.209716 -0.022871 -1.007933 0.116765 0.337214 -0.340815 -0.369815 0.047973 0.423393 0.148236 -0.583913 0.455466 0.120964 -0.226912 -0.190678 
0.271832 0.334265 -0.315600 -1.341602 0.447454 -2.779754 -1.361479 0.249940 0.342093 0.029929 -0.726499 0.549928 0.201234 -2.672324 -1.295981 0.408759 
-0.428183 -0.575597 -0.354798 0.687705 0.898550 -0.133577 0.062720 -0.339939 0.520094 0.605425 -1.013473 -0.276222 -0.060892 -0.101397 0.256363 0.440061 
-0.098850 -0.568409 -0.072882 0.939481 0.044309 -0.163224 -0.340629 -0.010252 -0.779484 -0.020686 -0.851278 0.128519 -0.131678 0.450064 -1.267379 -1.928567 
-0.040041 -0.213727 0.085272 -0.535906 -0.051617 0.444299 -0.181432 -0.210673 0.386469 0.474345 -1.359499 0.175807 -1.719247 -0.207069 -2.007860 0.102792 
0.062929 -0.121208 -0.265179 -0.081987 0.416674 -0.275363 -0.179810 0.305506 0.271729 -0.280731 -0.228189 0.694535 0.108030 0.530770 -1.114791 -0.628139 
0.029129 0.216775 -0.063268 0.329249 -0.265022 0.116567 0.150308 -0.463126 1.047731 -0.136052 -0.323454 0.237309 0.373773 -0.083805 -0.529174 0.576328 
0.152785 0.182654 0.271650 -1.044786 -0.357003 -3.543265 -1.007431 0.334630 -0.739563 0.298539 0.088843 0.235571 -0.081737 -1.385129 -0.277016 0.464391 
-0.105187 -0.000588 -0.036816 0.054037 0.760506 -1.955948 -0.985105 0.008281 0.307077 0.258691 0.075092 -0.295134 -0.120733 -0.966823 -0.165090 -0.355479 
-0.398414 -0.204161 0.222811 -0.784269 -1.259535 0.236992 0.174938 -0.458264 -0.660411 -0.350030 0.422084 -0.418580 0.670311 0.015554 0.305508 -1.426866 
-0.078016 -0.067387 -0.127930 0.463061 0.589198 -0.776008 -0.237349 -0.196602 0.043918 0.309072 -1.119532 -0.340607 0.821320 -0.140418 0.011708 0.268188 
0.111534 -0.646081 -0.127320 0.191203 0.644737 0.702203 -0.174223 -0.181410 -0.236096 -0.274522 -0.805433 0.245361 -2.140443 0.257581 1.069404 -2.236428 
-0.874394 0.301075 -0.187918 0.193515 0.316797 0.324893 -1.894803 -1.416811 0.261684 0.086474 0.101939 -1.893442 0.485709 0.150338 -0.611949 -0.377009 
-0.060279 0.123777 0.069980 0.297868 0.445655 0.324706 0.102164 0.105613 0.576306 -0.274612 -0.031443 0.589340 -2.678818 -0.067477 0.303379 0.680478 
0.087278 0.061525 -0.230432 0.226118 0.443264 -0.016334 0.688502 -0.897155 0.539108 0.076378 -0.249533 -0.835957 0.571586 -0.130118 0.418284 -0.100535 
0.132260 -0.533668 0.203443 0.495909 0.525736 -0.790845 -1.175009 0.147158 -2.061667 0.242452 0.451416 -0.844555 -1.628025 -0.135324 0.315981 0.008483 
-0.103468 -0.020360 0.294976 0.226127 0.500872 0.306028 -0.095207 -0.826724 0.490010 -0.208232 -0.953572 0.350884 -0.026582 -0.479815 -0.732835 0.126510 
