0.173056 -0.053985 -0.031250 -0.031547 -0.055586 0.063988 0.162456 -0.214096 -0.831909 0.111534 0.095751 -1.469948 -3.263976 0.419910 -0.144230 -0.930707 
-0.757736 -0.150382 0.120380 -0.015129 0.984875 -0.027440 -0.318117 0.032876 -1.234247 0.232519 0.033800 -0.683253 -1.432033 0.414123 0.289490 -0.435913 
-0.185055 0.077912 0.238636 0.793049 0.363418 -0.480054 -0.959779 0.292567 -1.294154 -1.519578 0.370761 -0.749895 -0.148233 -0.028582 0.189858 0.272773 
-0.356039 -0.185287 0.249994 -0.634372 0.150017 0.216131 0.185639 -0.253429 -1.491005 0.036733 0.310541 -1.854428 0.684695 0.131939 0.653594 0.151384 
-0.209019 -0.629224 0.185308 -0.055556 -0.052572 0.102574 -0.447106 0.231115 1.285657 -0.262960 0.304676 -0.300313 -0.500676 -0.117387 0.681651 0.404660 
0.244022 -0.144924 0.288083 -0.702140 -0.250681 -0.117962 -0.211356 0.057112 0.153959 -1.722715 0.825847 -0.933587 -0.077244 0.352069 0.575865 -0.322914 
-0.005608 -1.012138 -0.098983 -0.026579 1.274318 -0.136534 -0.046385 0.269507 0.219506 -0.013751 -0.484574 -0.497916 0.793666 0.102308 -0.713911 -3.129227 
-0.688055 0.188822 -0.155744 0.523201 0.248240 0.167897 -0.373718 -0.100834 -0.878748 0.243975 -2.028539 0.102622 -0.044406 0.013468 0.449797 0.122929 
0.211425 -0.833139 0.012843 -0.299724 0.171170 -0.285227 -0.327436 -0.104910 -0.210247 0.316838 0.069887 -0.212063 -4.179864 -0.054264 -0.478951 -0.324632 
0.155694 -0.278730 -0.394610 0.906641 -0.313440 -0.204259 0.323465 0.315455 -0.886359 -0.160478 0.120253 -0.159986 -0.868824 0.237414 -0.230493 0.145269 
-0.381108 -0.083873 -0.128287 0.204492 0.331829 0.215476 -0.071784 -0.235408 -1.144014 1.128667 0.618196 -0.489564 -0.963441 -0.077224 -2.006990 -1.179099 
-0.170224 -0.767969 -0.020632 -0.077080 -0.360153 -0.955699 -0.031521 0.311651 0.321733 0.259538 0.287658 0.005350 -0.022351 0.424632 -0.018672 0.158140 
0.345649 -0.920367 -0.044145 0.656403 -0.845215 -0.082475 0.266393 0.198278 0.071076 -0.987458 -0.235752 0.233688 -0.272753 -0.063086 -0.249801 -2.316318 
-0.384389 0.296236 0.043602 -0.097169 0.409175 -0.224286 -0.206180 -0.498418 0.147098 0.022682 -0.726828 -0.435427 0.380555 0.150858 0.588605 0.168980 
0.015454 0.041290 -0.165955 -0.020744 -0.282230 0.173147 0.492648 -0.429748 0.398819 -0.142593 0.516245 -1.946018 -0.384387 0.256954 0.491698 -1.263583 
-0.484656 -0.320903 -0.013723 0.724010 0.310502 -0.133780 -1.616535 0.288574 0.017632 -0.540304 -0.712787 -0.833109 0.071033 0.153548 -1.065750 -0.236562 
0.066849 0.311966 -0.183881 -0.198193 -0.296144 0.302329 -0.259638 -0.511079 -0.200801 -0.786936 -0.300827 0.044650 0.984428 0.093528 -1.369119 0.370570 
0.091128 -0.256535 -0.285604 -0.039860 0.777416 0.983526 -0.554466 -0.849718 0.080482 -0.763413 -1.288177 0.534189 -0.259531 0.141577 -0.716380 -0.103119 
-0.009073 0.075026 0.381622 -0.059927 -0.303792 -0.141423 -0.692807 0.097647 1.775884 0.137002 -0.212165 0.497040 -0.739379 -0.026347 0.123036 -0.757435 
0.333595 -0.352294 0.038521 -0.203609 -0.776761 0.097046 -0.035137 0.223456 -1.094905 -0.353821 -0.498230 -0.977965 -1.193550 0.402520 -0.650583 -0.097179 
0.181239 -0.052152 0.150165 -0.819699 -1.884168 0.099498 0.236117 -0.044773 -0.418981 0.235343 0.666241 -0.360058 -0.106826 0.169430 0.366140 -2.614077 
-0.187568 -0.203524 0.022950 0.458041 0.181539 0.363273 0.467716 -0.580819 0.770231 -0.160340 -0.291461 0.183549 -0.364794 -0.028477 0.155839 0.665656 
-0.142740 0.628463 -0.728121 -0.573643 0.075964 0.059387 0.389435 -0.044516 -0.452985 -0.462301 -0.285248 -0.168504 0.427315 0.495172 0.217773 -1.228519 
-0.218620 -0.638053 0.312953 -0.365186 -1.518978 -0.484094 -0.491870 0.319370 0.117217 -0.200066 0.054358 -0.811595 -0.903483 0.401269 0.593966 -0.541824 
0.022319 -0.083249 0.174154 -0.087746 0.313529 0.257396 -0.171658 0.056229 -1.907376 0.369294 -0.109978 0.735436 -2.594267 0.211252 -0.212883 -0.320124 
0.013052 0.039410 0.122707 0.097982 -0.169776 0.104881 0.278082 -0.043760 0.755183 -0.586959 0.952161 -0.510060 -1.679509 0.072342 0.001938 -0.796270 
0.132116 0.082170 0.109137 -0.730575 0.582542 0.070299 -0.533247 0.146118 0.567426 0.311470 -1.491576 -0.527028 -0.535819 -0.850942 -0.478165 0.539219 
-0.044445 -0.041106 -0.569218 -0.635937 0.677360 0.432852 0.187215 -0.264783 0.553221 -0.149800 -0.226864 0.496460 -0.164504 0.238977 -0.997455 0.685807 
0.042316 -0.140406 0.285366 0.200268 -0.075564 -0.273643 -0.187125 0.216576 -2.041770 0.220691 0.324894 -0.316188 -0.013547 0.088993 0.630533 -2.362495 
0.337824 0.279540 -0.289926 -0.561473 0.286580 0.182005 -0.285977 -0.313010 0.746494 -0.319527 -0.318556 0.510942 -0.492656 -0.365708 -1.077631 0.216665 
-0.065321 0.180570 -0.061457 -0.533566 -0.470650 0.338152 -0.140952 0.186262 -0.015417 0.153734 -0.261038 0.902092 0.240361 -0.639261 -0.378581 -0.894883 
0.156981 0.101765 -0.202656 0.522342 0.617990 -1.220349 -0.660340 0.006975 0.256104 0.870341 -0.169389 -0.653612 0.722766 -0.315816 -0.770292 -0.844334 
0.349587 -0.668328 -0.310884 0.249552 -1.065268 0.352736 -0.138691 0.080866 -0.011884 -0.080150 0.379870 -0.310396 -0.800118 0.477397 0.156340 -0.076252 
0.292045 -1.248811 0.148585 -0.140381 -0.465329 -0.212930 0.166106 0.199484 -0.634038 -0.009282 -0.142446 -0.214821 -0.025456 -0.094188 0.599812 -1.003454 
0.367610 -1.213456 0.093455 0.598873 -0.034966 0.257695 -0.438594 -0.224181 0.220656 0.342125 -1.117099 -0.096524 0.438044 0.081873 -0.675916 -0.184139 
-0.109946 -0.069660 0.157375 -0.262715 -0.850750 -0.129506 0.226285 0.373149 -0.930884 0.004588 0.316653 0.089142 -0.547317 0.107699 -0.131368 -0.510231 
0.233884 -0.483969 0.091620 -1.186276 0.310513 0.378310 0.083076 -0.097271 -0.695892 0.271479 -0.777824 -0.237543 0.101258 -0.013831 -1.674496 -0.173763 
0.074217 0.284003 0.215279 -0.352373 -1.012921 0.215270 0.291718 0.072673 -2.510762 0.318664 0.545551 0.883379 -2.145734 0.319608 0.694964 1.012751 
0.074158 -1.225557 0.347850 0.651839 0.584378 -0.417350 0.057535 0.110018 -0.800187 -0.468661 0.271844 -0.801019 -0.374126 0.288183 0.366502 -0.511378 
0.135652 -0.371952 0.118052 0.420441 -0.022309 0.186805 0.043944 0.339675 0.318266 -0.017430 -0.729611 -3.164185 0.212957 -0.490247 -1.775130 0.328923 
0.220254 -0.148727 -0.065595 0.243879 -0.425538 -0.016514 0.030711 0.104300 -0.945793 0.182056 0.015673 0.280306 0.491905 -0.057733 -2.416714 -1.862996 
0.253366 -0.364335 -0.153803 0.755688 -0.029693 -0.266932 0.114438 0.264361 0.976311 0.106361 -1.131981 0.429099 -0.446624 0.398975 0.061840 -0.303423 
0.272044 -0.017008 0.127893 -0.291305 -1.504963 -0.552792 -0.882185 0.096296 0.438750 0.064315 -1.163078 0.754490 -0.041128 0.442437 -0.317245 0.707827 
0.289620 0.304457 0.049056 -0.026606 -0.798405 -0.233629 -0.235061 0.120319 0.234287 -1.216387 -0.708372 0.048668 0.193282 0.057359 -1.600423 0.270944 
0.171577 0.252271 0.136262 -0.371901 -0.239416 0.167129 0.178511 -0.122495 -1.598720 -0.096530 0.143574 -0.266149 -1.627605 0.197011 -1.248093 1.137168 
-0.160243 0.461534 0.209192 0.594117 0.798510 -0.153368 0.099876 -1.055051 -0.725926 -0.358663 -0.241287 0.184160 0.545626 -0.258839 -1.428082 0.062527 
-0.302558 0.196689 -0.142141 -0.083816 0.390250 0.589685 0.244736 -1.815422 -0.219259 0.585420 -0.389570 -1.111825 0.398192 -0.270976 0.608538 -0.943054 
-0.158447 -0.159717 0.455345 0.325532 0.398617 0.518175 -0.970181 -0.771865 0.912033 0.252874 -0.040100 -0.522319 -0.189663 0.175927 -1.443011 -0.237944 
0.073195 -1.271450 0.091187 -1.098655 0.191585 0.117059 -0.004516 0.029014 1.024774 -0.164478 -0.217901 -1.791975 -0.451452 0.163538 1.039333 -1.038909 
0.141961 0.041080 0.098741 0.202011 -2.625987 0.123962 0.493109 0.115337 0.135856 0.148503 -0.626729 0.076925 0.295475 0.121117 -0.698155 -1.759761 
0.188313 0.111325 -0.574345 -0.115606 -1.434301 -0.282681 0.669138 0.454120 -0.486263 0.209526 0.007907 0.104841 0.455988 -0.849980 0.107268 0.816287 
0.145797 -0.772580 -0.565342 -0.257105 -0.157765 0.428465 0.384861 0.032418 -0.173044 -0.724609 0.185128 -0.553558 0.889701 -0.320678 0.610863 -1.168864 
0.165054 0.048419 0.236355 -0.279134 -0.328654 0.001190 0.194602 0.023659 -0.064232 0.096132 -3.250549 0.495169 0.164411 -0.374143 -0.056670 0.372751 
0.139563 0.263992 -0.008099 -0.787755 0.476751 0.456534 -0.213927 -0.506252 -0.092488 0.020335 -0.532534 -0.521302 0.227087 -0.381876 -0.170852 -0.380487 
0.065044 -0.027191 0.198667 -0.007847 -0.502944 0.261622 0.037803 0.229394 -0.397228 -1.591634 -0.284765 0.274207 -1.450254 0.385403 -0.819918 -0.690600 
0.136638 -0.239712 0.217204 -0.564611 -0.199692 0.478709 0.264278 -0.633356 -0.120378 0.332318 -0.212380 -0.973001 -2.043231 0.416447 -0.964769 -0.059699 
-0.364715 0.478369 0.005489 -0.672428 -0.370624 0.464649 0.523970 -0.834713 -3.736332 -1.015274 0.404886 0.846557 0.493495 0.248613 -1.857246 -3.182143 
0.416577 0.200667 -0.479198 -0.607796 -0.645632 0.236343 0.311178 -0.111489 -0.226249 0.477037 0.043114 0.166008 -0.391877 -0.222545 0.113908 -0.124932 
-0.988923 -0.292201 0.048259 0.356013 0.528902 -0.545829 0.066557 0.179559 0.412841 0.533341 -0.831135 -0.124584 0.256004 0.222882 -0.464520 -0.125563 
-0.219602 0.210764 -0.023835 0.616605 0.277779 -0.047215 -0.627701 0.501414 -0.063949 0.230959 -1.254995 0.822476 -1.242382 -0.339260 -0.416440 -0.375538 
-0.091709 -0.046136 -0.172045 -0.339734 0.789936 -0.009031 -0.890094 0.082649 -0.813248 0.639032 -0.141110 -0.120757 -0.327056 -0.019248 0.172216 0.413360 
0.169458 -0.021304 -0.183984 -0.288175 0.298185 -0.076940 0.147757 -0.361072 0.342417 0.254138 -0.320609 0.600545 0.174472 -0.862732 0.129428 -2.054592 
0.108742 0.278061 -0.426998 -0.251453 0.117533 -0.112936 0.235871 -0.073422 -0.873121 -0.243922 0.383876 0.189268 0.390164 0.330052 -0.178715 -0.667695 
0.308711 0.200504 -0.176748 0.720008 -1.253855 -0.061872 0.215241 -0.389542 -0.031877 0.235719 -0.743408 -1.114118 -1.425541 0.435212 -1.351660 -0.060753 
0.233377 0.077305 0.064908 -1.180623 -1.076506 0.350133 -1.248479 0.043274 0.114297 0.195071 0.030713 -1.085577 0.822750 0.083369 0.247586 0.403704 
0.237197 0.065113 0.110189 -0.165128 0.202107 -3.161695 -1.327311 0.296648 0.110544 0.261466 0.440312 0.280632 0.142428 -2.356962 -0.400991 0.036357 
-0.198055 -0.064328 0.047592 -0.490904 0.126907 -0.099070 -0.102043 -0.018633 -0.238933 0.220261 -3.034598 0.230735 0.120644 0.033504 0.671273 -0.113114 
-0.146351 0.195202 -0.362514 0.764867 1.106085 0.126962 0.009062 -0.154170 0.518812 0.123882 -0.740962 -2.415007 0.167010 -0.679266 -1.026574 -1.171525 
0.022908 0.160341 -0.195000 -0.613422 -1.662873 0.265408 0.333846 -0.235462 0.600620 0.061213 0.378656 0.428972 0.358898 0.173304 0.188731 0.309318 
-0.121295 0.437332 0.124493 0.161173 -2.582322 0.156504 0.195688 0.130738 -0.796803 -0.110846 0.152419 0.115464 -1.215663 -0.085922 0.463557 -2.869020 
-0.147709 0.445814 0.333931 -0.384634 0.139441 0.077168 0.276272 0.304642 -0.657972 0.097012 -0.005040 -0.327808 -1.612910 -0.073910 -2.547052 0.578935 
-0.175151 -0.059110 0.102643 0.245253 -1.363172 0.556135 -0.036201 0.043584 -0.066786 -0.054011 0.361795 -0.071702 0.044756 0.207403 -0.231992 -0.536243 
-0.326381 -0.454591 0.169110 -0.440573 0.143410 0.212235 -0.359521 -0.269659 -0.564252 0.358234 0.849171 -0.023611 0.528119 -0.009099 0.493574 -0.744676 
0.276416 0.005163 -0.183493 -0.798366 -0.730002 0.220841 0.487645 -0.096154 -1.217319 -0.217676 0.227829 -0.650479 -0.741570 0.242915 -0.036890 -3.138090 
-0.037168 0.104320 -0.293560 0.346996 0.891556 -0.027043 -0.090677 -0.604150 -0.796668 0.528436 0.095289 -0.895477 0.401706 -0.278948 -2.837573 -1.169071 
0.099772 -0.577719 0.028423 0.451330 1.525205 -0.349286 -0.175387 0.029166 -0.485384 -0.189990 0.442689 -0.603522 0.206692 0.132215 -0.801792 -0.341217 
0.470624 0.488546 -0.031733 -1.438123 -0.525743 -2.200417 -1.174820 0.244028 -0.206843 0.121604 0.299647 -0.195386 -0.342387 -1.024559 -0.249865 0.372601 
0.067331 0.190428 0.250280 -0.383313 0.045014 -3.434291 -1.753122 0.255932 -0.028166 -0.093350 -0.410811 0.362322 0.225389 -1.066182 0.174374 0.342675 
-0.292731 -0.233028 0.244471 0.544488 0.074151 0.121574 -0.355850 -0.495763 0.523385 0.393687 0.426947 -0.109263 -0.205592 -0.173538 -1.079545 0.526936 
0.109849 0.127854 -0.168119 -0.362639 0.085896 0.090232 -0.573920 0.265839 0.720036 0.030620 -1.918139 -0.083257 0.203631 0.149168 0.060811 -0.594526 
0.090169 -1.009269 0.230756 0.443748 0.105159 0.249513 0.074578 -0.937637 0.260782 0.115511 0.597422 -1.504282 -1.185439 0.387171 0.764620 -1.454064 
-0.919399 0.168186 0.447277 0.192422 -0.553241 -0.566571 0.044751 0.027590 0.343247 -0.710361 0.411430 -1.730335 0.548240 0.265132 0.422270 -2.328072 
0.009862 -0.032188 -0.103131 -0.456363 1.248054 -0.203445 -0.296241 -0.637986 0.164454 0.506141 0.356150 -0.250958 -0.516608 -0.234525 -0.720445 0.642007 
0.408118 0.228507 0.187233 -0.624995 -0.988183 0.178960 -0.045403 -0.358539 -1.614269 -0.273483 -0.349763 0.090955 0.264536 0.215556 -1.215374 -0.114545 
0.365920 0.130611 0.199821 -0.257937 -0.767659 -0.604923 -0.647240 0.132905 -0.777305 0.235931 0.022008 -1.328433 -0.404317 -1.001314 0.392903 0.151721 
0.200017 0.054261 -0.512011 0.769802 0.347749 0.284327 0.171923 -0.495825 -1.111632 0.376073 -1.050308 0.146792 0.064362 0.249158 -0.420784 -1.214747 
-0.361582 0.978326 -0.228478 0.216966 -0.208157 0.693093 0.297158 0.139272 0.661005 -0.411365 0.092141 0.114025 -3.379622 -0.289975 0.613380 -0.623644 
-0.179850 -0.443924 0.115489 0.347407 -0.244917 -0.029034 -0.059828 0.073516 -1.094576 -0.613699 0.385720 -0.472499 0.695233 -0.212452 -0.325573 -4.751167 
-0.653689 -0.035107 -0.249105 0.058608 0.280136 0.759932 0.443290 -0.050563 -0.068990 -0.005311 -0.260355 -0.713006 0.115441 0.132316 -0.496393 2.376793 
0.004932 0.124898 -0.460903 0.352533 0.272553 -1.234792 -1.684137 -0.289715 0.335768 0.786080 0.231597 0.803472 -0.020972 -0.688257 -1.210349 -0.904115 
0.007337 0.116798 0.208947 -0.124130 -1.889852 0.273810 -1.341260 -0.345723 0.263319 0.055314 0.351691 -0.250547 0.525872 0.162167 -0.026970 -0.672226 
0.159380 -0.183029 0.159173 -0.424172 0.544327 -0.012430 0.392287 -0.039833 0.176402 0.178089 0.338125 -0.803180 -1.079555 -0.067074 0.523095 0.139068 
-0.297449 0.512633 0.121680 0.272533 0.418531 -0.438986 -0.256332 -0.883800 -0.789157 0.227631 -0.583133 -0.198797 0.046314 0.216639 1.487946 0.640661 
0.153088 0.244740 -0.339789 0.410124 0.315576 -0.309628 -0.224811 0.391701 0.567646 -0.480745 -0.104309 0.181800 0.016574 -0.913445 0.112836 -0.322228 
-0.231402 0.327102 0.315189 -1.044481 -2.088815 0.225805 0.373802 0.016509 -0.570452 -0.715388 0.366641 0.282233 -1.958082 0.188887 -0.602994 -0.711732 
0.057049 -0.132659 0.137644 -1.518023 0.084962 -3.708118 -0.591507 0.237887 0.643949 -0.050408 0.597729 0.359797 0.460598 -1.025827 -0.398939 -0.451804 
0.257289 0.315595 0.113358 -1.054654 -0.182027 -0.556771 -0.354719 0.136004 0.429780 -0.970743 -0.506077 -0.109799 0.556254 0.014780 1.308631 -0.243022 
0.445856 0.385897 0.051473 -0.140875 -0.387003 -0.944603 0.021881 0.453617 0.086128 -0.938910 -1.182431 0.630094 -0.475030 -1.743269 0.304295 0.539137 
-0.436156 0.028866 -0.346951 -0.072575 -0.279516 0.409063 0.585273 -0.552070 -0.340082 0.166205 0.430380 0.785803 0.567564 0.261483 -0.375209 0.343418 
-0.261999 0.259559 0.268368 0.502125 -0.556218 -0.557873 -0.957959 0.216505 -1.417484 0.257225 -0.512361 -0.310211 -0.377342 0.342206 -0.021668 0.196317 
