-0.013998 -0.087517 0.240690 -0.930846 0.228251 -0.304647 0.007497 0.214226 0.193555 0.234031 0.011659 -0.395699 -0.483262 -0.355789 0.266911 0.329512 
0.122502 0.060218 0.126051 0.767654 -0.185023 -1.828408 -0.873574 0.234247 -0.528090 0.448959 -0.016330 -0.491782 -0.548175 -0.003024 0.101676 -0.553553 
-0.006555 0.427601 0.190275 0.774792 0.400673 -0.355560 0.021441 -0.087049 -1.455720 -0.225362 0.143443 0.212741 -0.063481 -0.049508 0.168103 0.094699 
0.220001 -0.363940 -0.275565 0.615546 -0.538062 0.470322 0.354840 0.214678 -1.596542 -1.821046 -0.197292 -3.611543 0.107932 0.233093 -0.232142 -1.842590 
0.224926 0.045975 0.178235 -0.140352 -0.596306 -0.061924 -0.303618 0.110589 -2.150041 0.020799 -0.045988 -0.153677 -0.059539 0.129549 0.182189 -2.124032 
-0.291631 0.570103 -0.138542 -0.476142 0.272924 0.498891 0.111274 0.058231 -0.143038 0.267082 -0.088394 1.110751 -1.391694 0.140313 -0.103749 0.441812 
-0.600038 0.526377 0.087527 0.206731 -0.494048 -0.286582 -0.393074 0.173610 -0.084640 -0.622442 0.110245 -1.074877 0.203422 0.021447 -0.129649 0.682462 
0.001501 0.041196 0.286821 -0.968509 0.931592 -0.395750 -0.391495 -0.173145 0.148552 0.266661 -0.779977 -0.783642 -0.049913 -0.022018 0.269955 -0.016779 
0.017294 -0.149344 0.296433 -0.089547 -1.379446 0.077935 -0.245907 0.206385 -0.612153 -0.159366 -0.574348 -0.021354 0.159546 -0.045977 0.315029 -0.621933 
-0.439557 -0.108288 0.167891 0.886622 0.191147 -0.766559 -1.587719 0.143734 0.251910 0.141479 0.387572 0.003187 0.572215 -0.544324 -1.660789 -0.132121 
-0.120937 -0.273334 0.378362 -1.113491 0.370257 0.542488 0.159150 -0.215962 0.115479 -0.939779 -0.130494 -0.024477 0.146936 0.577258 -1.582097 0.018323 
0.211301 0.441899 -0.426351 -0.207458 0.597562 0.282588 -0.137308 -0.755970 0.867150 -0.464315 -0.196797 -0.561101 0.025156 -0.177178 -0.879820 -0.963827 
0.094995 0.156849 -0.378584 0.975607 -0.136347 0.151260 0.344037 0.213264 0.675756 0.136569 -1.800453 0.139657 0.365003 0.207868 0.505973 -0.695491 
0.218942 -0.611221 0.131920 -0.326455 0.564526 -0.244327 -0.458221 0.082513 0.254967 -0.113402 -0.321168 0.034162 0.920735 0.316740 0.595983 -1.493286 
-0.026056 0.222617 0.006366 -0.081045 0.265809 -0.386853 -0.620203 -0.069194 0.010343 0.111491 -2.020936 -0.180649 0.771421 0.091114 0.732920 0.688492 
-0.081032 0.542900 -0.374959 0.554072 -0.661430 0.519977 0.175881 -0.193868 -0.484045 -0.186566 -0.154599 0.654243 -1.370368 0.071751 0.179015 0.827332 
0.299150 0.440401 0.069171 0.006618 -1.334234 0.009663 -0.118579 0.162996 -0.716991 0.105506 -0.249843 -0.876014 -1.870356 -0.037459 0.181002 -0.082495 
-0.045536 -0.060071 0.012646 -0.517420 0.035686 0.589757 -0.112075 0.088902 -0.750002 -0.398138 0.229068 -0.951185 -2.870131 0.344195 0.087024 -0.402986 
-0.068687 0.110845 -0.193380 -0.803263 -0.829636 0.116463 -0.052051 -0.420324 0.399021 0.153553 0.747007 -0.181857 0.170435 0.050685 -0.043210 -2.134358 
-0.207089 -0.010894 -0.166565 0.564781 0.706536 0.167175 -0.474501 -0.333792 -1.064981 0.752486 -1.389429 -0.024536 0.253784 0.183627 0.116369 -0.567108 
-0.474881 0.168990 -0.232403 0.700936 -0.325239 0.615896 -1.049918 -0.821959 -1.160084 0.149478 -0.041670 -1.483784 0.245581 0.008271 -0.492492 1.087246 
0.070793 -0.025655 0.178836 -0.287466 -0.186259 0.282045 0.267713 0.095199 0.196015 -0.551294 0.422022 -0.137250 -3.137489 0.205649 -0.174528 -0.041230 
-0.045543 -0.180843 0.128382 -0.245396 -0.731256 0.158042 -0.182404 0.145948 1.567955 0.031098 -1.006265 -0.164960 -0.172086 0.100109 -0.610265 -0.370265 
-0.023977 -0.098361 0.214940 0.509522 -0.746134 0.065015 -0.328344 0.253862 -0.294786 -0.324764 -0.800355 -0.330826 -0.808754 0.700477 -1.946068 -0.380742 
0.110208 -0.335339 0.030158 -0.830158 0.330444 0.064530 0.149759 -0.112884 -1.054002 0.158343 -1.346654 0.088081 0.275638 -0.512612 -1.228348 -0.362566 
-0.029847 0.232843 -0.195749 0.307559 -1.229118 -0.048917 0.136922 0.503794 -0.517748 -0.148875 -0.989107 0.185609 0.136303 0.257640 -1.039555 -1.250140 
0.370070 0.425129 -0.193157 -1.087262 -1.685659 -0.027293 -0.057814 0.183882 -0.643707 -0.054008 0.146262 -0.942820 -0.088893 -0.013083 -0.144131 0.193105 
-0.188982 -0.630439 0.141095 -0.409423 -0.822328 0.400953 -0.291128 -0.131517 -0.621691 0.256404 0.483768 -0.821124 0.415583 -0.037555 0.311441 -0.890345 
-0.452417 0.118439 -0.253436 0.008098 0.452581 0.233012 0.211104 -0.421557 0.017891 -0.176789 -0.275932 0.552320 0.245404 -0.195679 0.572438 0.729513 
0.044180 0.028145 0.212536 0.232640 -1.089257 0.162869 -0.586214 -0.601780 -0.706960 -0.491675 -0.181756 0.052216 0.036194 0.228585 -0.021788 -1.058354 
-0.760663 -0.294634 0.314185 0.353123 0.229949 0.086392 0.129427 0.304897 -0.738640 -0.034733 -0.194509 -0.185467 -0.859050 0.334829 0.484463 -1.045341 
-0.344829 -0.151419 0.212040 0.100049 -0.216665 -0.744547 -0.555656 -0.172741 0.344793 0.065924 -0.609656 0.142523 0.095665 -0.171821 -0.600182 -0.286916 
-0.219454 0.209996 0.019349 -0.117533 -0.269917 0.112116 0.471431 -0.371662 0.403900 0.267387 0.308568 -0.498448 -0.132589 0.227234 -0.052724 0.036144 
0.273347 -0.860747 0.221314 -0.020617 -0.086822 0.369616 -0.701297 0.151935 0.724699 -1.617035 -0.089004 -0.648579 -0.838130 0.157070 0.264026 -0.030052 
0.101769 0.118356 0.329083 -0.140945 0.104060 -0.255952 0.140777 -0.086401 -2.192561 0.461150 -0.966290 -1.180745 -0.453319 0.352288 0.056171 1.239887 
-0.133055 -0.608171 0.152143 -0.699384 1.092689 -0.416670 -0.495530 0.177301 -0.529007 -0.585612 -1.271059 -0.799294 -0.314085 0.417174 1.456316 0.080752 
0.606336 0.112249 0.009439 -0.009188 0.008567 -0.411210 -0.496678 -0.154715 0.083359 -0.422359 -0.916889 0.482553 -0.691742 -0.576335 -0.138300 0.199735 
-0.399497 0.578752 0.489230 0.136923 -0.134328 -0.134416 0.255831 0.373844 -0.287506 0.163179 0.308203 -0.224634 -0.578181 0.287296 -1.319120 -1.066271 
-0.052687 -0.561547 0.334171 0.161617 0.257863 -0.503595 -0.406914 0.324006 -1.264771 0.271047 -0.552017 -0.010728 -1.392471 -0.039196 -0.606015 -1.035164 
0.177643 -0.366319 -0.085190 0.484767 0.241754 0.227751 0.366447 -0.033477 -0.109555 -0.486453 -0.886548 -0.321819 0.431846 -0.120375 0.237293 -3.248816 
-0.147846 -0.329988 0.022430 0.909004 0.704724 0.001519 -0.036411 0.195023 0.286927 0.035281 0.022247 -1.282483 -0.809442 -0.385479 -0.225019 0.196721 
0.195475 0.209064 0.267655 -0.004572 -0.124646 0.162778 0.110987 -0.701681 -1.843642 0.123007 -0.244581 -0.138807 -0.036278 0.379170 -0.527994 -2.684901 
0.164779 -0.236641 -0.154401 0.643309 -0.267928 0.189563 0.116802 -0.196842 -0.474052 -0.671791 -0.603125 0.415626 -0.776198 0.617437 -1.888737 -0.341057 
-0.507867 -0.287151 0.035380 0.694042 0.454106 -0.283734 0.167742 -1.222595 -0.105467 -0.503683 0.149081 -0.281527 -0.174926 0.084061 -0.509501 0.188812 
-0.046771 0.538154 0.284087 -1.357778 -0.083790 0.352949 0.341735 0.111755 0.279284 0.372359 -1.060619 0.571831 -0.853351 -0.208098 -1.661472 0.284575 
-0.072008 -0.011804 -0.384490 0.137579 0.122934 -0.022034 -0.013192 -0.272996 -1.379619 1.349815 0.081941 1.264970 -1.012537 -0.044013 -0.074362 -0.057265 
-0.041025 0.319740 -0.159048 -0.006424 0.886603 0.253070 0.513368 -0.356412 0.240746 0.251368 -0.660154 -0.783690 0.607793 -0.484891 -0.880915 0.047982 
0.255860 -0.409174 -0.091196 -0.474330 -0.064567 0.302178 0.448331 0.113348 0.570098 -0.050469 0.693068 0.621901 -0.818470 -0.027949 0.724939 -0.347628 
0.114362 -0.041457 0.161729 -0.328986 -1.183285 -0.520185 -0.068248 0.066629 -0.775663 -0.871796 0.459126 -1.150217 0.363291 0.359259 0.212114 -0.758009 
-0.542502 -1.206178 -0.162683 0.204895 0.403538 0.077591 -0.107459 -0.225249 0.277926 0.624902 0.378056 -0.438001 -0.046678 -0.557291 0.430768 -1.281734 
-0.033510 0.021351 -0.489023 -0.697725 0.711542 0.055176 -0.420381 -0.797235 0.128730 -0.776682 -0.532932 0.394451 0.942025 -0.267397 -0.445324 0.199326 
0.381580 0.081533 -0.001213 0.575475 0.848263 -0.614237 -0.293620 0.105940 -0.524439 0.139690 0.050069 -0.405693 -1.806545 -0.092457 -0.475715 0.541380 
-0.006130 -0.758010 0.148299 0.351607 -0.178043 -0.988210 -0.382914 0.142256 -1.056079 -0.879716 0.564040 -0.083371 -0.621297 -0.101718 0.036480 -1.229803 
-0.261109 -0.249850 0.060429 0.045525 0.049748 0.235400 -0.108621 -0.427166 -0.290991 1.148350 -0.433507 -1.311595 0.453181 -0.096199 -0.211309 0.652760 
0.171431 -0.663414 0.092215 0.422224 -0.834371 0.034397 0.124051 -0.301848 0.195298 -0.110790 0.669234 -1.017572 -0.341233 0.358942 0.980764 -1.731044 
0.030119 -0.097105 -0.782133 0.096410 0.125776 0.133784 0.642517 -0.605741 -0.138293 -0.178592 -0.246357 -0.048806 0.534425 0.214199 0.183545 -0.511206 
-0.215001 -0.027779 0.016799 -0.657835 -0.588592 0.317514 0.334150 -0.555960 -0.744719 -0.654340 0.347008 -1.248213 0.682185 0.096818 -0.813947 -1.765786 
0.369227 0.322117 0.294606 -0.558972 -0.476354 -3.583688 -0.522781 0.327523 -0.617376 -0.292192 0.394238 -0.180624 -0.487535 -2.387095 -0.754525 0.413156 
0.208473 -0.418797 0.299596 -0.302464 -0.012096 0.173742 0.693939 0.191102 -1.267264 -1.005066 0.537122 -1.018106 -0.310345 -0.468951 0.759182 -1.515058 
0.025050 -0.101236 0.091188 -0.154596 0.032873 0.378776 -0.511672 -0.113069 -0.226529 0.703750 0.158072 -1.625996 -1.410680 0.153774 -2.310364 -0.480889 
-0.068267 0.277296 0.204896 0.306333 0.363434 0.784379 0.029001 -0.071445 0.251273 -0.825061 0.185758 -0.042493 -0.404446 -0.796647 -0.587726 0.737660 
0.039855 0.240481 -0.145555 0.088158 0.192758 0.067537 -0.115234 0.052718 0.349101 -0.361370 -0.127393 0.363838 -0.915976 -0.559811 0.332865 0.672181 
0.032667 0.321829 0.145379 -1.278108 -1.873470 0.089797 0.479745 0.010545 -1.291478 -1.561480 0.368355 -0.037431 -1.777348 0.188289 -0.656644 -1.060446 
0.387309 -0.165988 0.138063 -0.521534 -0.759116 0.364228 0.461075 -0.617532 0.228361 0.354035 -0.094268 -0.655436 -0.095701 0.394331 -0.782663 -2.145181 
0.360629 0.248904 -0.404734 0.048566 0.522434 -0.276611 -1.445234 -0.366699 0.668508 -0.249933 -0.572324 -0.173172 -0.029564 -0.402866 -0.488665 -0.466390 
0.011369 0.203007 -0.355979 -0.002384 -0.755140 -0.050257 0.194031 0.115209 0.410383 -0.471125 0.027830 0.241323 0.402829 -0.525136 -2.174949 0.597721 
0.132752 -0.029306 0.160805 -0.167807 -0.548451 0.093005 -0.372682 0.151509 -0.597495 0.161016 -0.636672 0.138945 0.063492 -0.064030 0.629858 -1.056957 
0.367700 0.030638 -0.750012 -0.155398 -0.574558 0.192966 0.471403 0.514013 0.523412 -0.512986 -0.112446 0.457941 -0.088139 0.011224 -0.062940 -1.014767 
-0.555115 0.080178 0.476215 -0.614744 0.751961 -0.706853 -0.194348 -0.115896 0.244703 -0.128108 0.330629 -1.457075 0.434146 0.049599 -0.218130 -1.857927 
0.288802 -0.999474 -0.120763 -0.255575 0.453189 -0.214655 0.061302 -0.111809 0.708160 0.576817 0.176630 -2.917886 -0.973562 0.589580 0.694876 -1.009664 
0.263115 0.234844 -0.162456 -0.695972 -0.004348 -4.947458 -1.896544 0.358986 0.418848 -0.059551 -0.153749 0.507636 0.328220 -2.620165 -1.108296 0.095635 
-0.527104 0.080963 0.012959 0.405595 -0.207808 -1.351977 -0.021502 -0.080072 0.251107 -0.214181 0.222727 -0.233950 -0.007601 0.096276 0.067171 0.365830 
-0.595154 0.092224 -0.008446 -0.428230 -0.989613 0.368568 0.493120 0.054634 -1.263358 0.109863 -0.126441 0.142109 -0.326657 0.255219 0.092640 -0.677377 
0.133465 -0.002967 0.051910 -0.190918 0.173993 0.037972 -0.326956 -0.004074 0.254906 0.182332 -0.233282 0.534081 -0.010746 -1.568164 0.216176 0.001588 
0.159915 0.291427 -0.788084 -0.404165 0.261456 0.245643 0.476377 -1.513770 -0.037455 0.668952 0.468097 -0.393995 -0.506122 -0.457477 -0.762129 -0.338177 
0.149390 -0.102652 0.115066 -1.004319 0.888995 -0.284546 -0.440974 -0.023108 -0.263317 0.445080 -0.165444 -1.153389 -2.068829 -0.264231 -0.307553 0.147623 
-0.804980 -0.168453 0.047597 0.072046 -0.140960 0.104641 -0.121541 0.129382 1.207495 0.051848 -0.362713 0.028629 -0.214495 0.268699 -0.353418 -0.100052 
0.056485 -0.291429 0.139909 -0.020100 -1.486027 -0.762378 -2.509036 0.111138 0.710710 -0.259091 -0.442765 0.098969 -0.215023 0.213304 0.105432 0.595072 
0.193254 -0.056935 -0.016710 0.371374 -0.660241 0.071673 -0.541273 0.259037 -0.081033 0.163531 -0.529843 1.035925 -0.592650 -0.514761 -0.931471 -0.111729 
0.222651 -0.327031 0.096632 -0.163799 -0.000688 -2.349291 -1.038510 0.197811 0.445330 0.368132 0.149968 0.408358 0.644085 -1.763357 -0.044856 0.031939 
0.045088 -1.887379 0.415822 0.200180 0.534583 -0.536302 0.317173 0.260731 -1.525388 -0.075992 -0.418552 -0.774740 -0.794417 0.341523 0.695706 0.064083 
-0.381131 -0.045838 0.179863 -0.661788 0.263762 0.163444 -0.202666 -0.383618 -2.790825 0.189038 0.665619 0.250027 -0.539397 0.287891 -0.526016 0.183612 
-0.127243 0.241687 0.132287 -0.054841 0.138204 -0.946496 -2.145555 0.173892 -0.398283 0.343512 -0.242450 0.168917 0.043467 0.036869 0.867520 -0.043706 
0.402764 0.437838 -0.373971 -0.286323 -0.088937 -0.231249 -0.480433 -0.096310 -0.087347 -0.363693 -0.656373 0.380335 0.372518 -0.083092 -0.153635 0.218227 
0.060120 0.121500 0.089628 -1.202445 -1.774917 0.192384 0.284264 0.227904 0.607896 0.131277 -0.242892 0.177141 0.244216 -0.209356 0.067762 0.363058 
0.272711 -1.027838 0.314248 -0.508474 -0.311860 0.226303 0.559692 0.267041 0.116610 0.076999 -0.793255 -0.427206 0.437377 -0.203414 -0.467646 -0.181479 
0.125765 -1.198076 -0.184103 0.611978 -0.256219 -0.071174 0.434239 -0.151117 0.170088 0.116970 0.294170 -2.050041 -0.241371 -0.383888 -0.185494 -1.052902 
0.071489 -0.768672 -0.168715 0.214638 0.554998 0.180537 0.378064 -0.692885 -1.015303 0.223524 -0.700595 -0.162354 -0.086902 -0.071300 -0.803385 0.079858 
0.188244 0.209873 0.017449 -1.015836 -1.366098 0.321897 -0.934025 -0.075472 -0.441245 -0.297854 -0.025863 -0.196369 0.606876 -0.152599 0.301274 0.304134 
0.218351 -0.028171 -0.325147 -0.794478 -0.461394 0.345686 -0.454526 -0.086785 0.273253 0.546849 -0.259977 -0.120604 0.040882 -0.402639 -0.785719 -0.898351 
0.151824 0.311696 -0.511030 0.024676 0.027261 -0.020190 -0.044331 0.208677 0.171445 0.075469 0.582763 0.533535 0.397618 -0.390241 0.017098 -2.392913 
-0.077820 0.144748 -0.059293 -0.601052 0.412002 -0.422389 -0.724752 -0.147619 0.921884 0.481356 -1.715731 0.350016 0.101905 -0.297508 -0.063735 0.444172 
0.072355 -1.292347 0.041626 0.324646 0.237127 0.349190 -0.086272 0.068101 -0.228018 -0.303935 0.212801 -0.037127 -0.798115 0.532941 -0.569631 -0.477769 
-0.787918 0.531344 0.142652 0.120700 0.495879 -0.137735 -0.195149 -0.293868 -0.270901 -0.093024 -0.057396 -0.177712 -0.519689 0.272101 0.411306 0.036408 
-0.598875 -0.073211 0.116542 0.045134 0.383834 -1.011053 -0.566529 0.190743 -0.071742 0.286193 -0.507930 0.112809 -1.045037 0.163575 0.585001 0.275629 
-0.236176 -0.912852 -0.040202 0.549182 0.746437 -0.359225 -0.216086 0.555356 0.335523 -0.297330 -0.636342 0.063529 0.458396 0.180531 1.003249 -1.167806 
-0.269692 0.439423 -0.135590 0.196616 0.905052 -0.101911 0.161456 0.191105 0.019880 -0.866017 0.366304 0.436844 0.381293 -0.641908 0.178701 0.878353 
0.096540 0.364161 -0.132327 -0.645804 -0.835636 0.098950 -0.087841 -0.099937 -0.108455 0.219260 -0.032310 0.215980 0.490855 0.195728 -0.026368 -0.755050 
0.060176 0.119060 0.107935 -0.480042 -0.129901 0.124642 -0.528449 -0.060960 0.145224 -1.265958 -0.611675 0.104514 0.226420 0.278888 -1.026854 0.205358 
-0.498458 0.235207 -0.078614 0.385636 0.154980 -0.620098 -0.082145 0.050454 -0.644456 -0.436930 -0.124522 -0.808080 -0.204957 0.300742 -0.043888 1.217128 
