-0.132747 0.011281 0.077611 0.003223 0.030190 -0.016457 -0.000572 0.123447 -0.608851 0.105352 0.325502 -0.404017 -3.348337 0.112405 -0.313815 -3.899957 
-0.018802 -0.545653 0.012490 -0.865779 0.989115 0.769976 -0.242744 -0.125814 0.238829 0.037199 -0.215151 -0.626385 -0.128830 0.071913 0.641537 0.199069 
-0.304150 -0.351734 -0.128464 -0.322480 0.126618 0.144639 0.357193 -0.139584 -1.204929 -0.191463 0.543578 -0.274638 0.583818 -0.083018 0.160397 0.351883 
0.302416 0.211800 -0.694220 -0.614626 0.483595 0.060358 -0.338406 -0.175095 -0.487565 0.608437 -0.559859 0.158246 0.387276 -0.101419 0.616764 0.414186 
0.066785 -0.996844 0.051781 -0.192779 0.081199 -0.227065 -0.804928 0.087206 0.680047 0.062207 0.527436 -0.394291 -0.132691 -0.103194 0.590922 -1.408579 
0.094623 0.185963 -0.143011 0.015860 -0.628318 0.392795 -0.812291 -0.197747 -0.068798 -0.077221 -0.732912 0.528648 0.550721 -0.073827 0.062803 -0.089196 
0.094198 -0.487979 -0.455640 1.194867 0.697948 -0.050043 0.228933 -0.015987 -0.548026 -0.937504 -0.151146 -0.513888 0.325410 0.127967 0.283734 -0.296122 
0.239904 0.077266 -0.067756 -0.004285 0.545299 -0.123236 -0.261459 0.024979 0.267172 0.158079 -1.029008 0.259299 -1.816505 -0.609478 -0.761909 0.539148 
0.168998 0.156480 -0.144338 -0.032899 -1.108967 0.348116 -0.183209 0.254299 -0.397613 -0.216403 -0.781929 -0.045170 -0.343989 0.302689 -1.544958 0.359019 
0.106304 -0.442439 -0.279160 -0.146623 -0.221412 -0.111601 0.521508 -0.057250 -0.164037 0.345966 0.249182 -0.410063 0.306183 0.526250 -0.523385 -1.389229 
0.081734 -0.511534 -0.228864 -0.009716 0.462852 -0.083428 -0.080649 0.171944 0.187088 -0.106202 0.692369 0.649510 -0.997021 -0.008474 -0.052986 -2.163046 
0.075154 -0.117265 -0.352803 0.024784 0.249945 0.132431 -0.098378 -1.359414 0.375244 -0.513817 -0.053520 0.278656 1.018439 -0.222480 0.035172 -0.627059 
0.308032 0.117469 0.294658 0.096963 -0.511766 -2.303624 -0.364161 0.280076 -0.330964 0.151181 -0.058971 0.447496 -0.008520 -0.719919 -0.928563 0.373655 
0.083140 0.418596 -0.509883 0.239526 0.422855 -0.460141 -0.140422 -0.242331 -0.079617 -0.735808 -0.376392 0.474438 0.720976 -0.326375 -0.431473 -0.072823 
-0.438986 -0.227942 0.131246 -0.665352 -0.726100 0.210904 0.304046 -0.337391 -0.562663 -0.076823 0.142576 0.408795 0.937813 0.033498 0.088356 -0.464850 
-0.137184 0.518718 -0.033015 -0.456376 -0.856156 0.437083 -0.236405 0.117858 0.088024 -0.399148 -0.674356 -0.367063 -0.085841 0.003690 -0.876654 0.448269 
-0.210943 -1.172795 0.227589 0.424194 0.081812 -0.162170 -0.038584 -0.526452 -0.778772 0.292749 -0.195887 -0.802088 -1.279083 0.309343 0.532304 -1.025542 
-0.376585 0.245830 -0.022470 -0.015523 -0.178781 0.331883 0.010330 -0.047577 0.281106 0.328978 0.158176 -0.389033 0.124186 0.071603 -0.702838 0.061905 
0.353769 -0.223493 0.073213 -0.162763 -1.144774 0.307860 0.161235 -0.536853 -0.967745 -0.367293 -0.205155 -0.771454 0.512701 0.153332 -0.434186 -3.228934 
-0.037609 0.543165 -0.211057 0.224435 0.285137 -0.044132 0.012804 -0.229570 -1.418067 0.826769 0.015227 0.228188 -0.456074 -0.359307 -0.361626 -0.004777 
-0.047711 0.225367 0.118817 -0.168098 -1.959386 0.148457 0.186727 0.170095 -0.168761 -0.347098 -0.142577 0.314096 0.021864 0.261388 -0.245274 -0.345096 
-0.036526 0.241961 -0.139897 -0.369936 -0.768625 0.141463 0.233172 -0.317862 0.338812 0.196713 -0.382385 0.012556 0.304906 0.124726 0.537851 -0.323198 
-0.184114 -0.237614 0.402182 -1.300783 0.248063 -1.591335 -0.605241 0.388968 -0.113660 0.293610 0.047960 0.289893 0.603283 -0.591427 -1.411894 -0.193881 
0.163635 0.046337 0.375938 -0.099806 -0.281862 0.026249 -1.430317 0.324539 -0.268020 0.223809 -0.712388 0.351101 0.122226 0.220356 -0.451506 0.018044 
-0.113774 -0.029206 -0.455434 0.222549 0.235696 -0.112109 -0.038338 -0.094267 -0.088955 0.016245 0.147014 -0.335714 0.062397 0.406398 1.031814 0.110871 
0.284669 -1.329004 0.094776 0.147853 0.210608 0.138589 0.269525 -0.504192 -0.042808 -0.372299 -0.366677 -1.345268 0.097291 0.375970 0.859125 -0.367855 
0.128268 -0.166673 0.116605 -0.336612 -1.015129 -0.029912 -0.096681 0.280992 0.205880 -2.062264 -0.013991 -0.302065 -0.007050 0.140509 -0.859723 0.094250 
0.057195 0.070921 0.228942 -0.249209 -1.719200 0.231877 0.089586 0.034590 -0.604370 0.331289 -0.243375 1.065779 -1.048422 0.118064 -0.633595 -0.789781 
-0.317515 0.380447 0.163430 -0.718602 -0.783809 0.297485 0.523753 -0.621286 -3.952196 -0.941010 0.495375 -0.301558 -0.442178 0.203794 -1.874825 -0.851784 
0.372175 -0.477114 0.120596 0.301500 0.176584 -0.398572 -0.611303 0.128134 -0.555106 -0.789293 -0.460118 0.353475 -0.947428 -0.018179 -1.533023 -1.602248 
0.418641 -0.241839 -0.724274 0.138628 -1.006862 -0.129121 0.285724 0.595239 -0.404702 -0.364087 -0.519409 0.104833 0.305328 -0.467939 -0.593549 -1.142416 
0.038077 0.257039 0.309463 -0.522698 0.180638 -0.313878 -0.216220 0.360475 0.031199 -0.165630 0.163843 0.138499 -0.399430 -1.009038 -3.238468 0.266940 
0.162118 -0.005744 -0.331387 0.153358 0.130179 -0.365920 -0.509090 -0.422707 0.425515 0.909571 0.101390 0.294941 -0.509160 0.034627 -0.017659 -0.356698 
-0.531817 -0.144571 0.423214 0.351016 0.051295 -1.475456 -0.763803 0.099757 -0.790512 -0.004749 0.357306 -1.964311 -0.135727 0.056980 -0.986220 0.092440 
-0.058737 -0.265164 0.212102 0.242813 -0.637351 0.169685 -0.211557 0.119929 0.563685 -0.134868 0.047137 -0.342451 -0.914905 0.246405 -1.636186 -0.800902 
0.172333 -0.370738 -0.173229 0.357417 0.423210 0.448275 0.255485 -0.452308 0.351495 -0.416205 0.672106 -1.630707 -1.363485 -0.007115 -1.859859 -1.415823 
0.150195 -0.166314 -0.248209 0.243054 0.623568 -0.324257 0.189287 -0.273038 0.492981 0.796747 0.132530 -1.737587 -0.664768 -0.000998 0.599648 -0.868091 
0.278324 -0.323531 0.355215 0.068354 0.470534 0.311112 -0.701591 -0.464917 0.609822 0.461813 0.492044 0.067585 -0.132176 -0.337363 -0.539385 -1.138055 
0.080005 -1.084417 -0.019979 0.132280 -0.219579 0.025225 0.361605 0.220924 -0.019050 0.277455 -0.690646 -0.072044 -0.508394 -0.219181 -2.154356 -0.873788 
0.132092 -1.127418 0.231389 0.011405 0.095150 0.207208 0.250689 0.092842 -0.279336 0.093540 -0.798733 -0.021760 0.078670 -0.176046 -0.888565 0.707176 
0.379136 0.505475 -0.142203 -0.564579 -0.380207 -0.303832 -0.294621 -0.265091 -1.006822 -0.644384 -0.241543 -0.922775 -0.049139 -0.008092 0.123813 0.460972 
0.421882 -0.326025 0.056327 -0.120416 -1.561875 0.257005 0.061096 -0.086455 0.286397 0.033904 0.534826 0.418954 -0.922877 0.065630 0.649659 -0.798312 
0.434235 0.152954 -0.635537 -0.219539 -0.451725 0.701205 0.434883 -0.183688 -0.001376 0.371873 0.090094 0.662372 -0.328364 -0.005982 0.047346 -0.352525 
-0.471981 -0.797359 -0.018426 0.340304 1.116977 -0.056765 -0.190367 -0.137978 -0.230338 0.204462 -1.079691 -0.376272 1.018845 0.148326 0.131159 -0.050774 
-0.102191 -0.588992 0.231337 0.176214 -0.073092 0.037685 -0.134905 0.102531 -0.038711 -0.592207 0.717625 -1.201495 -0.244771 -0.257374 0.449261 -0.532382 
0.073964 0.360962 -0.716255 -0.468307 0.850238 0.421897 0.306949 -0.255122 -0.845610 -0.758193 0.160896 0.924813 -0.638995 -0.020146 -1.295003 1.335020 
0.016876 0.151285 -0.058494 -0.699310 0.426140 -0.632167 0.172231 -0.187785 0.545862 0.079558 0.051227 0.182858 -0.018847 -2.479553 0.041415 0.451071 
0.430046 0.300617 -0.193906 -0.909902 -0.047301 -2.769225 -0.864998 0.478966 0.534845 -0.189096 -0.042819 0.385364 -0.069937 -2.255036 -1.648399 0.087658 
-0.196258 0.163468 -0.177345 0.030386 0.744267 -0.215787 -0.152475 -0.065975 0.854401 0.221651 -0.543207 0.075342 0.717656 -0.038598 0.101084 0.427876 
0.383527 0.008979 0.165412 -0.396185 0.511700 0.213961 -0.289665 -0.121830 -0.009655 0.612632 -1.063238 -2.236641 -0.191948 -0.103711 0.160396 0.228385 
-0.430838 0.565909 -0.010587 -0.440248 0.153621 0.284770 0.225659 -0.028095 0.952975 -1.254682 0.038538 0.344494 -0.219114 -0.130679 0.315726 0.467187 
-0.332677 0.245526 -0.269670 0.033967 0.530498 0.693128 -0.010556 -0.284105 0.056699 -0.167303 -1.067491 -0.085320 -0.398955 -0.206128 0.747973 0.117589 
0.245869 -0.908088 -0.158897 0.446905 0.527590 -0.359878 -0.069547 0.161599 0.597346 -0.799913 -0.104979 -1.460845 -0.374352 0.214644 0.698161 -0.966180 
-0.065813 -0.006896 0.054163 0.994895 0.144785 -0.152730 -0.141070 0.172332 -0.058085 -0.585806 -1.458857 0.514752 -0.622717 0.005691 -0.117182 0.620249 
-0.134022 0.196966 0.101778 -0.525963 -0.866083 0.087053 -0.096447 -0.450454 -1.944368 0.337193 0.371171 0.614070 -2.300374 0.193424 -0.228898 0.395695 
0.119812 0.019957 -0.401533 -0.129489 0.137799 -0.305983 -0.000928 0.006550 -0.733440 0.523978 -0.468208 0.018416 0.128235 0.731260 -0.250062 0.071576 
0.070919 -0.443494 0.217824 0.382195 -1.084116 -1.363722 -0.050592 0.187094 -0.396767 -0.405571 -0.031945 -1.575831 -0.650811 0.464140 0.035530 0.423678 
-0.222738 -0.093647 -0.228516 0.271154 -0.353875 -0.016654 0.347702 0.428008 0.072497 -0.475848 -0.246848 0.300804 0.571381 -0.660081 0.571428 -0.856781 
0.123924 -0.543200 0.168567 0.153140 -0.440967 0.408070 -0.444706 0.182331 -1.690739 -0.177624 0.074584 -0.479700 0.011018 0.030140 0.417319 -0.932438 
0.187912 0.455247 -0.427504 0.199668 -0.569441 -0.039176 -0.723874 -0.086588 -0.005088 -0.278747 -0.043954 -0.141413 0.293717 -0.227478 -0.003778 0.207157 
0.069256 0.048372 0.197556 -1.156904 0.228548 -0.097008 -0.215068 0.246826 -1.263919 0.201128 -1.912114 -0.803518 -0.240707 0.125278 0.818632 0.349432 
-0.088234 0.279652 0.108637 -0.425344 1.237021 -0.638429 -0.465933 -0.396112 0.425592 0.001929 -0.055570 0.028090 -0.677498 -0.464598 -0.853062 0.342509 
0.130377 0.166061 0.302975 0.112216 0.192680 -0.606699 -0.213182 0.265612 -1.479239 -0.697569 0.695016 -0.462797 -1.246014 0.384029 0.166805 0.259327 
-0.010977 0.074387 -0.025095 -0.727990 -0.497069 0.616213 -0.028178 -0.732268 -0.969087 -0.294852 0.107021 0.494220 -0.353510 0.391379 -0.984197 0.560294 
-0.461148 0.175720 -0.016031 0.230614 0.660722 0.011560 -0.177999 -1.281452 -0.303167 0.080834 0.087808 -0.382067 0.827483 -0.072835 0.357562 0.102636 
-0.762705 0.459392 0.262421 0.076716 0.082616 -0.055799 -0.752588 -0.113038 -1.652611 -0.350253 0.337618 -0.950709 0.172946 0.107348 -0.525781 0.183686 
-0.490438 -0.326763 0.068626 -0.231369 0.110437 -0.486320 -0.696160 0.044922 -0.798318 0.394821 -0.211884 -0.427156 -1.101509 0.175683 -0.571031 -0.338798 
0.104074 -0.033831 0.244331 -0.178253 -0.245096 -0.103855 -0.637432 0.333850 0.237479 0.143695 -0.064733 0.164524 0.003382 -1.065304 0.335269 -0.064311 
-0.063787 -0.496059 0.025508 -0.214310 0.656075 0.543340 0.535110 -0.131127 -0.339235 -0.420493 -0.728764 -0.229218 -0.238492 0.184520 -1.523475 0.392021 
0.034899 -0.023972 0.022135 0.083051 0.052654 0.000329 -0.016667 -0.067483 -0.151672 0.185653 -1.702748 0.739158 0.219409 -0.737457 -0.713530 -0.947565 
-0.717236 -0.325787 0.172814 -0.613708 0.228451 -0.592409 0.090096 0.251422 -0.148651 0.036804 0.095989 -1.921480 -1.233893 0.195480 0.246908 0.162233 
-0.753039 0.258729 0.159190 0.345689 0.166403 -0.410404 -1.515827 -0.051404 -0.299356 0.313058 -0.618970 0.142501 -0.180904 0.198236 0.695625 -0.062875 
0.327023 -0.095607 0.248180 -1.310203 -1.271900 -0.416786 -1.893087 0.108624 -0.118926 -0.724377 0.267420 -0.011172 0.390794 0.173131 0.455180 -1.042544 
0.032981 -0.228839 0.038943 0.708198 0.758870 -0.081016 0.154215 0.256754 -0.233688 -0.773054 -0.211633 -0.061610 -1.150381 0.353543 0.343951 -0.070161 
-0.300894 -0.505017 -0.208154 -0.168067 0.739636 -0.170852 -0.013985 -0.291376 -0.541117 0.872608 -0.163496 -1.045462 0.808818 -0.331688 -0.647441 0.607865 
-0.011698 -0.118930 0.133988 -0.151338 -0.555491 -0.003462 0.667131 0.167871 -0.414910 -0.111509 0.087659 -0.115604 -0.329532 -0.115713 -0.084469 -0.489022 
0.029880 0.031396 0.205563 -0.063285 -0.116226 0.180022 -0.200377 -0.211298 1.107716 -0.017704 -0.894468 0.135813 -0.005523 -0.256389 -0.506078 0.552811 
0.022799 -0.019121 0.065109 -0.903266 -1.942543 0.203630 -0.160700 -0.077818 0.577997 0.265109 0.133393 -1.607323 0.456192 0.141351 0.056386 -0.832867 
-0.079629 0.026211 0.170040 -0.946430 0.695154 -0.067704 0.273111 -0.291314 -0.404642 0.278605 0.224279 -0.830350 -0.109078 0.073527 0.263738 0.235814 
0.076186 0.268611 -0.055196 0.208690 0.372597 -2.534121 -1.004343 0.068590 0.519881 0.315759 -0.008950 0.088880 0.538497 -1.191489 -0.449189 -0.418026 
-0.071168 0.256394 -0.224984 -0.540735 0.464261 -0.051997 -0.236391 -0.414264 0.340032 0.461739 -0.215265 -0.627074 -0.474211 0.104310 -0.251303 0.143250 
0.352163 -0.838074 0.027241 -0.907985 -0.515853 0.547910 0.320005 -0.027108 -0.359583 0.192291 0.156638 -1.451990 -0.290706 0.259626 0.497357 -1.665934 
-0.267386 0.029644 0.198881 -0.326149 -0.401408 0.123808 -0.029158 0.180296 -1.463212 0.162873 0.260925 -0.001936 -0.835604 0.238820 -1.612879 0.081165 
-0.232075 0.298917 0.007942 0.517986 -0.622603 -0.064018 -0.075686 0.000754 0.003306 -0.325720 -0.163526 0.323679 -0.442162 0.079230 -2.258030 0.277800 
-0.925022 0.072915 0.152740 0.247467 -0.024525 -0.218395 0.107139 0.149689 0.662282 -0.132410 0.097929 -1.748397 0.279069 -0.117686 -0.473738 -3.262755 
0.000165 0.023028 -0.126384 0.237861 -1.072678 0.379392 0.381222 -0.093459 -0.218291 -0.151818 -0.017675 -0.506107 -2.296118 0.272597 -2.165197 -0.609994 
0.043076 0.241307 0.243323 -0.297716 -0.345386 0.135421 -0.220793 0.286255 -0.431659 -0.847084 -0.366599 -0.589734 -0.754129 0.479853 -0.125402 -1.416339 
-0.307182 -0.158066 0.118384 0.016508 -0.596075 -0.091968 -0.919899 -0.448592 -0.665431 -1.130358 0.163667 -0.825780 0.507851 0.395432 -0.040014 -0.439055 
0.477281 0.310801 0.023263 -0.371506 -1.221085 -1.693236 -0.753992 0.395476 -0.487018 0.134949 0.574109 0.273848 0.293992 -2.065774 0.191112 0.142729 
-0.367778 0.437998 -0.539385 0.307092 0.138366 -0.235633 0.163239 -0.366465 -1.222473 0.528041 -0.307581 -0.290313 0.168647 0.118564 -0.546659 -0.591580 
0.191827 0.409950 0.313316 -0.421765 -1.271846 0.167282 0.473126 -0.532649 -3.015729 -0.087376 -0.144835 -2.477568 0.208111 0.331993 0.109916 -0.592053 
0.349680 0.365306 -0.039705 0.375560 0.224219 -0.695567 -0.044763 0.009355 -0.084074 -0.506897 -0.048482 0.170862 0.262077 -0.916878 -1.136047 0.088876 
-0.000610 0.034218 -0.297071 0.158451 0.127112 0.064105 -0.718331 0.139838 0.008311 -0.147443 -0.332427 0.486440 0.423490 -1.722696 -0.148499 -0.061568 
0.027846 -0.723142 0.058836 0.217685 -0.226262 0.505900 0.265884 0.234705 -1.019254 -0.151274 0.156970 -0.648407 -0.293201 -0.024768 -0.654063 -0.188383 
0.187663 0.081852 -0.299147 0.003248 -0.110933 -0.117597 0.358750 -0.267580 -0.071480 0.417008 0.524296 0.302104 0.163772 -0.455440 -0.383385 0.122675 
-0.710386 0.121004 -0.072711 0.822864 -0.302563 0.212364 -0.654142 0.232791 0.082521 0.358861 -1.355256 0.270786 -0.237737 0.067048 -1.120022 0.581553 
0.139257 -0.082136 -0.208729 0.652669 -0.192939 -0.193041 0.225801 -0.088177 -0.657797 0.379405 -0.559796 -0.314486 -0.114886 0.099285 -0.558913 -1.490774 
-0.139286 -0.123871 -0.019393 -0.374773 0.188732 0.305925 0.402774 -0.026257 0.471734 -0.680117 0.126113 0.101054 -1.066277 0.240530 0.608574 0.038331 
-0.997281 0.163222 0.061332 0.557101 -0.456978 0.090543 0.772225 0.118648 0.237121 0.596850 0.297036 -0.458028 0.250787 -0.172826 0.334829 -0.409540 
-0.379329 -0.004025 0.331926 0.088768 -0.232909 0.211791 -0.029622 0.513892 -0.437095 -0.259471 0.188487 -0.789603 -0.854251 -0.065622 -1.185874 0.676101 
