0.215724 -0.416638 0.107414 0.328813 -0.168969 -0.175305 0.699622 0.273680 0.046408 0.071944 -2.388517 -0.316449 0.427198 -0.067498 0.848648 -1.770649 
-0.268062 -1.054193 0.071850 0.454885 0.193324 -0.242494 -0.158585 0.404750 -0.567584 0.236818 -0.687377 0.559533 0.314732 -0.081767 0.684411 -1.270502 
0.332786 0.429725 0.022080 -0.086408 -0.326242 -2.051445 -1.360379 0.349144 -0.022203 0.065767 -0.286665 0.526781 -0.097089 -1.015869 0.336342 0.520661 
0.145173 0.347617 0.032212 -1.060478 -1.089278 0.205128 0.291060 -0.438475 -3.988241 -0.532830 -0.089104 0.357245 0.477148 0.401291 -1.063656 -2.008848 
0.219423 -1.053577 0.387805 -0.272817 0.391323 0.439756 -0.292702 -0.599715 -1.059138 -0.650804 -0.982049 -0.541429 -1.155617 0.485216 0.057566 -1.764423 
0.306159 -0.239478 -0.000400 0.194140 0.182798 0.167030 -0.071483 -0.210263 0.421172 0.202740 -0.992038 0.376162 0.111069 -1.256740 -2.220553 0.993688 
0.194006 0.292864 0.090369 -0.980737 -1.843575 0.287301 -0.769006 0.031973 0.403385 0.067962 -0.592096 0.226098 0.239350 0.113214 0.267860 0.020277 
-0.010663 0.401875 -0.350368 0.627757 0.517680 -0.550251 0.238919 -0.286527 -0.108348 1.281193 -0.283228 -0.372340 0.207716 0.148034 0.330658 -0.565251 
0.280254 0.353165 -0.556116 -0.152669 -0.294718 -0.554586 -0.445666 0.404896 0.455391 -1.136517 -0.068863 0.015977 -0.425552 -0.460769 -1.204998 0.143814 
0.245218 -0.010840 0.340124 -1.032657 -0.025599 0.033343 0.081976 0.050013 0.378547 0.353846 -0.466538 0.215986 -0.704060 -0.151290 -0.566925 0.345294 
0.288340 -0.505119 0.003924 0.260442 -0.027762 0.413622 0.022411 -0.219610 -0.426292 -0.479934 0.277284 -3.152178 0.082768 -0.037409 0.761530 -0.274691 
-0.574277 0.097208 0.311634 0.275365 0.278979 0.199273 0.471269 0.325821 -0.164497 -0.054520 -0.184392 0.747036 -0.194595 -0.098875 -2.816630 0.390258 
0.311415 -0.259633 -0.522776 0.599001 -0.301747 -0.135744 0.096311 0.420159 -0.790041 0.088778 -0.061393 0.507192 0.023612 0.308914 -0.802243 -2.260723 
-0.444655 -0.921555 0.358457 -0.758369 0.248497 0.572217 0.372314 -0.029955 0.494892 0.205385 0.519262 -0.339469 0.591095 -0.076927 0.792079 -1.245554 
0.131211 0.372219 0.070493 0.003733 -2.003408 0.034624 0.340483 0.224932 -0.536670 -0.134488 -0.393379 0.243370 0.356232 0.333466 -0.489608 0.165885 
-0.109325 0.117236 0.111858 0.078971 1.152714 -0.638285 -0.892905 0.148343 0.176131 0.345632 0.322462 -1.568025 -1.430344 0.037378 0.896556 0.192341 
0.273823 -1.176519 0.010154 0.212273 -0.553681 -0.345581 0.207506 0.019759 0.263278 0.140534 0.664987 -2.805388 -0.523467 0.406372 0.838463 -0.972648 
-0.059127 0.352802 -0.864600 -0.465318 0.615197 0.181823 0.342020 -0.047187 -0.575015 -0.538332 -0.634277 0.004824 0.506500 -0.427191 -0.554345 0.733595 
0.222209 -0.681586 -0.205052 -0.051970 -1.557527 0.312121 0.457264 0.244498 0.137600 -0.164243 -0.620214 0.167097 0.011687 -0.002403 0.085876 1.760708 
-0.242810 -0.599406 0.156263 0.037897 -0.120356 0.374037 0.500306 0.071273 -0.088875 -0.496429 -0.145595 -0.364296 -0.088286 0.508573 -0.842990 0.763923 
0.220199 -1.039548 0.182332 -0.208479 -1.241734 0.272106 0.198387 0.075520 0.657391 0.145884 -0.164952 -0.516782 0.102558 0.188626 -0.766281 -2.230136 
0.248195 -0.030133 -0.197010 -0.027515 -0.458195 0.265299 -0.060612 0.209169 0.014729 -0.236294 0.620016 -0.506532 -1.877017 0.715584 -0.340682 0.108655 
-0.069075 0.515233 -0.137462 0.670472 0.141156 0.536278 0.430042 0.243019 -0.987057 -0.271141 -0.374397 -1.003531 -1.912603 -0.370280 0.563946 0.448601 
-0.394789 -0.305016 0.347983 0.595152 0.332315 0.297190 -0.152550 -0.515993 -0.448914 0.026029 -0.181730 -2.284641 -0.480166 0.194857 -1.274171 -0.413235 
0.285258 0.140334 0.048761 -0.764306 -0.090229 -4.358003 -1.977869 0.360706 0.454010 0.415341 0.315987 0.488993 0.483928 -4.052450 -1.320890 -0.138007 
0.247083 -0.328153 -0.106537 -1.043934 -0.115838 0.470477 -0.317931 -0.779859 -0.000686 -0.787561 0.567322 0.055887 0.678774 -0.040986 0.515331 -0.179042 
0.008657 0.074596 0.109785 0.407728 -0.054977 0.347055 -0.271199 0.156497 -1.120399 0.044740 0.160632 0.236388 0.031219 -1.176076 -0.456057 0.216560 
0.033477 -0.727141 0.352142 -0.089350 0.656554 -1.211132 -0.111076 0.326894 -0.652960 -0.839658 1.167302 -0.615766 -0.290918 -0.109581 0.619749 -1.179860 
0.052080 0.512614 0.211002 0.144825 -0.449900 0.786678 -0.084048 -0.560578 -0.227603 -1.069005 -0.641333 0.031454 -0.411837 0.297131 -1.117992 0.427231 
-0.349423 -0.156723 0.374990 -0.445946 0.187649 -0.925809 0.002269 0.412713 -0.060771 0.295795 0.350177 0.289601 -0.308957 0.148106 0.187367 0.404245 
0.348210 0.302760 0.003190 -0.351402 0.519789 -0.396066 -0.424405 -0.189069 -0.294277 0.226119 -0.157831 -1.315962 -0.081502 -0.185256 -0.852051 0.362970 
-0.250821 0.078693 -0.237367 0.040887 -0.243714 0.315409 0.150428 -0.434958 -0.626554 -0.060278 0.662499 -1.243795 -0.210321 -0.042461 -0.090650 -0.759930 
0.284964 -0.230126 -0.422027 0.088034 -0.684898 0.451399 0.119985 0.101318 0.066796 0.389547 -1.451625 -0.212809 0.332879 -0.274921 -0.272286 -2.093086 
-0.088423 0.427761 0.141554 -1.026555 -0.582398 0.290628 0.180918 0.045503 -1.177470 -0.131695 0.135087 0.432770 0.247187 -0.096417 -0.675818 0.429858 
-0.069247 0.291097 -0.720555 -0.185677 0.420432 0.096982 0.404938 -0.144006 -0.692850 0.108935 -0.285101 -0.202758 0.497554 -0.154009 0.023844 -1.427124 
-0.489141 -0.223855 -0.257672 0.061017 1.599433 0.317008 -1.084736 -0.335250 -0.827581 0.508653 -0.893297 -1.201618 -0.120744 0.063566 -0.119672 -0.024949 
0.148231 -0.158269 -0.270775 -0.062405 -0.329727 0.148126 0.164156 -0.260428 -2.000906 0.822347 0.199279 0.322801 -1.293514 0.231606 -0.432633 0.276112 
0.403589 0.167208 -0.153984 -0.143750 0.122057 -0.304328 -0.319898 -0.182118 -0.030498 -0.316013 -0.219340 0.032296 -0.332129 -0.015641 -0.665824 0.370538 
-0.412111 0.013865 0.047423 -0.152647 -1.479463 0.267713 0.342219 0.239169 -0.431670 0.157294 -0.081111 0.356708 0.807845 0.089969 0.263664 -0.190555 
-0.022864 0.097005 0.133519 -0.738303 0.596280 -1.119213 -1.186184 0.126019 0.209402 0.203442 -2.494644 -0.086682 0.184319 -0.188888 1.150431 0.340672 
0.364737 0.378693 0.143943 -1.265100 -0.165865 -0.747402 0.163718 0.160220 -0.290170 -1.040476 -0.237022 0.195399 0.101450 -0.450982 0.549961 0.270954 
0.143819 0.353775 0.079840 -1.461911 -2.559149 -0.007028 -0.028847 -0.127458 -0.237779 0.189389 0.595973 -0.356499 0.328448 -0.065393 -0.039719 -0.361101 
0.177223 -1.170219 0.154798 0.673973 -0.058575 0.204079 -0.656408 0.190236 -1.435725 -0.752529 -0.941881 -0.550332 0.765933 0.272988 0.073082 -1.716426 
-0.819876 0.227080 -0.052727 0.602163 0.058536 -0.215612 -0.207006 0.009504 0.203497 0.133883 -0.111153 -0.463921 0.474333 0.031286 -0.529555 -0.791361 
-0.108597 -0.515036 -0.021742 0.878414 -0.049467 -0.208679 0.346378 0.086135 -0.961127 -0.220310 -0.565934 -0.467339 -1.873097 0.422848 -0.266890 -0.004590 
-0.038460 0.226406 -1.015711 0.209008 0.370308 -0.592684 0.198696 -0.279758 0.383164 -0.365206 -1.403660 0.448699 1.258450 0.154318 -0.412309 -0.770399 
-1.069707 -0.129329 0.118194 0.360158 0.204610 0.015976 0.353482 -0.509118 0.684997 0.116397 0.795971 -1.768556 0.184350 0.097299 -0.461300 -0.519196 
0.116799 -0.290570 -0.309083 -1.036149 -0.092856 0.104622 0.341868 0.197885 0.649798 0.121006 0.709533 -0.290054 -0.480408 -0.154564 0.590510 -0.283281 
-0.222079 -0.104184 0.125160 -1.205217 0.788623 0.207414 0.125241 -0.486698 0.662664 0.103864 0.043112 -0.746888 0.082266 -0.029606 0.162182 0.434767 
-0.030302 0.179879 -0.010088 -0.629475 -1.486090 0.179513 -1.217138 0.090415 0.107485 -0.359040 0.305514 -0.616485 0.675084 -0.271822 0.653412 -2.516126 
-0.362626 -0.447610 0.118931 0.601104 -0.551592 -0.262846 -0.914373 -0.148304 -0.325306 -0.121546 0.026948 0.275717 0.088700 0.200064 -1.227956 -1.767697 
0.223914 -1.352851 -0.321249 -0.938362 0.652677 0.544433 0.248490 -0.171304 0.585506 0.336115 -0.550323 -0.602880 -0.966502 0.118597 -0.691990 -0.160064 
-0.490016 -0.040255 -0.074491 0.901438 0.397761 -0.380452 -0.725214 0.079712 -0.147181 -0.885719 0.258809 -0.128837 -0.323392 0.311633 -1.203718 0.931123 
0.096578 0.190354 0.167482 -0.001560 -0.909779 0.426955 -0.680963 0.177399 -1.805025 -0.488274 0.226469 -1.604570 -1.495338 0.462568 -1.117161 -0.189270 
0.308801 0.303999 -0.147467 -0.064241 0.466128 0.353954 0.608123 -1.698947 0.467829 0.353646 -0.034767 -0.371684 -0.595274 -0.907211 -0.684873 -0.083373 
0.174375 0.248022 -0.212400 -0.036007 -1.231743 0.309071 0.212787 -0.156913 -0.284102 0.095451 -0.028125 0.215134 0.589466 0.016144 0.097334 -0.463687 
0.391682 -0.393340 -0.064653 0.528825 0.273711 -0.159290 0.498566 0.489376 -0.057325 -0.667721 0.266377 0.094078 -0.498201 -0.443802 -0.066378 -2.558956 
-0.504429 -0.483968 0.161276 0.743871 0.224104 -1.206099 -1.215617 0.148166 -0.124590 0.312615 0.412255 -0.092975 -0.093749 -0.571101 -0.368337 0.093418 
0.087637 0.430398 -0.818768 0.487999 0.193023 0.385561 0.280534 -0.035662 0.513668 0.361029 -0.009571 1.035545 -0.383117 -0.326747 0.491693 -0.741540 
-1.021573 0.505354 -0.065691 0.197598 -0.027085 0.349096 -1.360383 -0.790711 -0.623239 -0.084163 -0.448835 -0.422818 0.810502 -0.133573 0.143018 -0.780768 
-0.178797 0.053941 0.159211 -0.643360 0.400120 -0.120828 -0.043898 -0.260980 -0.120380 -1.345933 -0.144698 0.220077 0.525812 0.260590 -0.551419 0.482548 
0.022974 -0.096480 0.066745 -0.209791 0.206183 -1.128668 -0.172526 0.009749 -0.261038 0.680352 -0.496015 -0.907353 -1.023591 -0.007893 -0.585253 -0.275899 
-0.088733 -1.109809 0.208113 -0.085944 -1.110960 -0.006667 -0.178144 0.281808 -0.372899 -0.359207 0.207717 -0.341813 -0.881509 0.495895 0.596318 -0.702899 
-0.365286 -0.423961 -0.301323 0.849840 0.605045 0.190764 -0.580257 -0.679451 -0.107468 -0.316556 0.461007 -1.699869 0.293873 0.239736 -1.429515 -0.020458 
-0.060433 0.017463 0.159860 0.485526 -1.060769 0.421903 0.299636 -0.074864 0.509074 0.062131 -0.021257 -0.426164 -2.159330 0.173935 0.174042 -0.971219 
0.070743 -0.029165 -0.540433 -0.039373 0.874371 0.146677 0.077409 -1.028546 0.808484 0.316318 0.220615 -1.606128 -0.402393 0.236635 0.061744 -0.736901 
0.315857 -1.156570 0.213462 -0.797259 0.031133 0.331260 -0.284209 0.239965 0.668019 0.258507 -0.015816 -0.309465 -0.042164 -0.281417 -0.503782 0.060269 
0.214947 -0.224567 0.105680 -0.239406 -0.719084 0.145338 -0.015281 -0.587845 0.406298 -0.112629 0.369230 0.102547 -0.054445 0.199910 0.962598 -1.276948 
0.153295 -0.848651 0.177945 -0.131085 0.717734 -0.000203 0.035874 -0.689737 0.059982 0.246987 -0.275147 0.476168 0.058904 -0.404676 -0.516317 0.286894 
-0.523748 0.404041 -0.029185 -1.294410 0.954525 -0.117083 -0.171756 -0.148370 0.494643 0.250471 0.036632 0.122220 -0.334046 -0.218221 0.153532 0.703834 
-0.258749 0.628036 0.293591 -0.841681 -1.242248 0.342944 0.286913 -0.202953 -2.116942 -0.812268 0.747730 1.047572 -2.326615 0.245238 -0.954943 -0.113435 
0.038752 0.390482 -0.148863 0.458340 -0.610590 -0.493667 -0.091134 0.086553 1.038963 0.030345 -0.842746 0.358640 0.271110 -0.380090 0.282788 -0.528237 
0.458641 0.257020 0.096763 -0.312475 0.094768 -0.158270 0.099858 0.077504 -0.175792 -0.096025 -0.546742 0.469828 -1.980492 -0.072385 -0.383603 0.443747 
-0.228543 0.007237 0.103315 0.015846 -0.286544 0.051339 -0.674199 0.200009 -0.499371 0.616292 -0.042107 -0.036699 -2.486156 -0.137343 -0.277197 -0.521105 
-0.296471 -0.039552 0.149473 0.029333 -1.003821 0.334967 -1.062297 0.182091 -0.226733 -0.119440 -1.550974 -0.081997 -0.146813 0.497185 -0.524850 0.210175 
-0.246022 -0.017652 -0.032681 0.487231 -0.080660 -0.512153 -0.730156 0.378871 -0.188405 0.042643 -4.704793 -0.212656 -0.280448 -0.074060 -0.433107 0.211977 
0.196437 0.040258 0.185132 -0.039698 -1.597587 -0.292713 -1.264637 0.049367 -1.332813 -0.337970 -0.040728 -3.609019 0.095260 0.377164 0.400289 0.065050 
0.104643 0.333685 -0.391324 0.720568 -0.333287 0.261480 -0.040186 -0.355208 -1.184500 -0.841473 0.088703 0.023758 -0.030963 0.178288 -3.512122 0.437490 
0.166096 0.162617 -0.056663 -0.259010 0.208935 0.107596 -0.903459 0.109014 0.392054 0.296814 -1.075177 0.783291 0.327786 -1.351707 -0.655362 -0.212482 
0.283421 0.362092 -0.132141 -0.969450 -0.668847 -0.369450 0.115657 0.088019 -0.382612 -0.187387 -0.033670 -0.179041 0.153044 -0.091367 -0.726889 0.565022 
0.240972 -0.586819 -0.066218 -0.556948 -0.938573 0.443638 0.300201 -0.090338 -0.237221 0.210609 -1.018102 0.491841 -0.400835 0.087586 -3.324827 0.075150 
0.293751 -0.078848 -0.385101 -0.527861 0.422313 0.167499 0.348692 -0.362341 0.293885 -0.479573 0.496564 0.421952 -0.657917 -0.085552 0.055999 -0.035120 
-0.465514 -0.730244 0.269529 0.603106 0.504092 -0.383114 -0.766797 0.037873 -0.238473 0.504477 -0.723757 -0.119705 0.602823 0.415771 0.361496 -0.246109 
-0.715249 0.182336 0.245601 -0.097432 -0.437344 -0.771588 -0.461292 0.166912 -0.049926 0.203714 0.036325 -1.470675 -0.535538 0.436148 0.115610 -0.610002 
0.246654 -0.103997 -0.274400 -0.405949 0.337766 0.847383 -0.337205 -0.764124 -0.425517 0.417581 -0.861203 0.414508 -0.012703 0.261345 -0.648493 1.129343 
0.070188 -0.811535 -0.014095 0.001822 0.559447 0.172589 0.274353 -0.193339 -1.236885 0.331809 -0.875080 -0.108016 0.724974 -0.691138 -1.027001 0.438751 
-0.069195 0.643180 -0.032530 -0.889555 0.095429 0.110660 -0.165633 -0.120939 0.594882 -0.356656 -1.151573 0.106059 0.229395 0.326826 -1.341647 -1.488034 
0.074411 0.061395 -0.290539 0.158521 -0.490607 -0.041704 -0.325432 -0.428911 0.535966 0.543993 0.961578 0.328734 -0.262209 0.015124 0.750107 -0.946360 
0.421050 0.297772 0.409570 -0.282631 -0.389523 -3.975599 -0.458645 0.386062 -0.493148 -0.370095 0.283157 -0.039159 -0.071199 -1.332136 -0.393339 0.471719 
-0.202029 0.316991 -0.029357 -0.638373 -0.320839 0.411408 0.597787 0.246379 -1.017696 -0.368998 -0.374467 0.368343 0.091946 -0.201348 -1.504995 -0.677710 
0.074490 0.218397 -0.764738 0.442089 0.606399 -0.127291 0.252629 -0.346567 0.601207 0.090807 0.185385 -0.620105 -0.090171 -0.242037 0.590392 -0.880462 
0.111319 -0.182336 -0.103744 0.335460 0.462226 0.065342 -0.119513 -0.086592 0.731582 -1.372058 -0.109999 0.544515 -0.701086 0.347313 -0.467865 0.311463 
0.069587 0.551733 0.335570 -0.300333 -1.108988 0.260075 -0.033499 0.312930 -0.415683 -0.129836 -0.003690 -0.278692 -1.351771 -0.186299 -0.395233 -0.279267 
0.127705 -0.648858 0.415303 0.164480 0.295056 -0.289600 -0.489894 0.066802 -1.493407 -0.018563 0.295649 -2.642106 -2.913131 0.391987 0.698491 -1.969176 
0.072295 -0.055814 0.114240 -0.877974 -1.055218 0.180392 0.214833 0.335343 -1.199455 -0.190911 0.339048 -0.127135 -2.098603 -0.061745 -0.304475 -0.740452 
-0.318106 0.087726 -0.001212 0.053786 -0.156791 0.046504 0.373902 -0.478964 0.862815 -0.475475 -0.069069 0.412730 -0.196213 0.121079 -0.031137 0.552356 
0.248206 -0.239961 0.141171 -0.135700 -0.284579 0.284593 0.342147 -0.382196 -2.899749 -0.178939 0.292290 -1.890131 -0.731370 0.296523 -0.711602 -1.240741 
0.091390 -0.525097 0.175168 0.420066 -0.481480 -1.194596 -0.760424 0.291210 -1.048440 -0.047583 -0.687015 0.352599 -0.079222 0.309296 0.294506 0.090330 
0.237251 0.049957 -0.129581 -0.560879 0.461604 0.156191 0.396827 -0.088167 0.292870 0.244035 -0.251217 0.140855 0.153639 -0.407502 -0.289810 -3.103691 
-0.558499 0.315301 0.445408 0.548381 0.860218 -0.683937 -0.944406 -0.233603 -0.591535 -0.256335 -0.319551 0.272650 0.191273 -0.307094 -0.287963 -0.027973 
