0.111178 0.122815 -0.026011 0.166099 0.819804 -0.371488 -0.267391 0.162033 0.419445 0.520976 -0.400914 0.075173 0.804182 -0.876004 -0.893019 -0.812305 
-0.319047 -0.166489 -0.082445 -0.397832 -0.046424 0.364444 -0.442555 -1.275580 0.103026 -0.434323 0.411356 -2.454274 0.714949 0.117311 0.206109 -2.039824 
0.149264 0.518909 0.118432 -0.331825 0.443213 -1.923950 -1.088145 0.157099 0.552281 0.412706 0.391073 -0.151871 -0.392932 -0.518052 0.328840 0.529155 
0.362410 0.279432 -0.571268 -0.019278 -0.449069 -1.063874 0.080460 0.515728 0.451087 -0.071657 -0.905641 0.472093 0.287654 -0.840753 -0.845302 0.330542 
0.018034 0.014771 -0.847208 -0.236066 0.499504 0.297212 0.226333 -1.083979 0.530771 0.364019 -0.055494 -0.826860 0.194536 0.159968 -1.092012 -1.536575 
0.010311 -0.581602 -0.145776 -0.071433 0.425300 -0.036940 0.555876 0.427209 0.396714 -0.162484 0.165395 0.083219 0.138549 -0.224620 1.289490 -0.685363 
0.149611 -0.952921 0.372856 -0.046947 -0.375409 0.358033 -0.801751 0.176748 -1.119688 -0.397672 -0.236554 0.568132 0.047325 0.311903 -0.247842 0.560460 
-0.091938 0.614129 0.124054 -0.074861 -0.606857 0.008641 -0.505113 0.197037 0.095246 -0.311660 0.787561 0.613470 -0.396069 -0.410412 -0.603096 0.053434 
0.109690 0.065921 -0.020555 0.081570 0.262201 -1.675919 -0.879395 0.228269 0.360408 -0.104515 -0.318635 0.761074 0.876135 -0.858511 -0.087300 -0.376338 
0.164197 -0.300408 0.248553 -0.039174 -1.198065 -0.338527 0.690559 0.242437 -0.166768 -0.047308 -0.096417 -1.661668 -0.013381 0.154311 -0.024730 -1.350600 
0.146497 0.227814 0.052201 -0.312357 0.323670 -0.055367 0.328143 0.250439 0.032016 -0.911227 0.205193 -1.837438 -1.497309 0.004025 0.134284 0.410831 
0.019439 0.193815 -0.354498 -0.682894 0.371353 0.564036 -0.329352 0.432932 0.546245 0.576164 -0.696692 -0.397856 0.095562 -0.831524 1.121957 0.289810 
0.412526 -1.239400 -0.086527 0.646832 0.583732 -0.201817 -0.188445 -0.213635 0.229166 -0.816289 0.597159 -1.437565 -0.894316 0.291924 0.225205 -1.289439 
0.189529 0.269365 -0.661183 0.145325 0.036586 0.259226 0.387021 -0.390035 -1.088225 -0.045371 -0.346598 0.668659 0.646474 -0.098150 0.020301 0.195356 
-0.001436 -0.872779 0.186084 0.371820 -0.436056 0.066493 0.411602 0.208842 -0.989387 -0.956694 0.878598 -1.771374 -0.703768 0.048926 -0.522767 -0.504705 
0.118113 -0.641405 -0.668574 -0.071674 -0.097811 0.156307 0.168511 -0.111131 0.277735 0.365531 0.379050 0.892367 0.402883 0.433876 0.432370 -1.020828 
0.137012 -0.758970 -0.328458 0.256548 0.467048 0.651138 0.429913 -0.415190 -0.917177 -0.583061 -2.032986 0.090014 -0.140044 -0.016811 0.164024 -0.418196 
0.374098 0.364132 -0.226216 -0.274736 -0.041093 0.100901 0.065271 -0.149195 -0.571975 -0.737880 -0.703420 0.848026 -0.634458 0.120449 -0.527688 0.735418 
-1.078264 -0.211116 0.170439 0.346685 -0.047971 -0.855146 -1.212042 0.191159 -0.455422 -0.023485 -0.363017 0.080889 -1.165344 0.265144 0.590101 -1.048921 
0.253915 -0.748814 0.133553 -0.405544 0.387514 0.094719 0.488726 -0.478580 0.525311 0.266543 -0.033386 -1.584725 0.111495 -0.106170 -0.412049 -0.003401 
-0.190808 0.154278 0.158439 0.141566 -0.285619 0.337089 -0.298617 0.032719 0.541658 0.579070 -0.206271 0.492155 -1.666859 -0.035574 -0.737809 -1.346532 
-0.184760 0.053269 -0.102103 -0.514250 1.042046 0.148861 -0.045859 0.079465 0.395211 -1.607047 -0.062127 0.445495 0.040453 0.753090 -0.710886 0.858926 
-0.798559 0.618704 0.041211 0.105914 0.049466 -0.399545 -0.037130 -0.415166 -1.848555 -0.771662 0.133354 -0.751080 0.309791 0.208459 0.195716 -0.478332 
-0.487969 -0.120896 0.181190 -0.258432 -0.347485 0.108387 0.290920 0.029682 0.234185 0.455475 -0.302628 0.604244 0.565958 0.032718 -0.136102 -0.879602 
0.020879 0.315109 0.129472 -1.068231 -0.620819 0.193485 -1.146913 0.128379 0.084045 0.067873 -1.512936 0.116522 0.430110 -0.106111 0.199856 -0.067131 
0.440656 0.057877 0.359950 -0.299760 -0.253198 -2.673115 -0.809381 0.388408 -0.595628 -0.057645 0.216306 0.099365 0.403902 -2.331498 -0.811755 0.137010 
0.182070 -0.073563 0.232396 -0.119073 -0.438188 0.312351 0.598364 0.219098 -0.996334 0.241243 0.062370 -0.472524 -0.301047 -0.320100 -1.258858 -0.538568 
0.632272 0.013894 -0.555656 0.168531 -0.673199 0.361925 0.241718 0.083199 -0.446470 0.566193 0.418076 -0.481227 -0.869933 -0.494146 0.028945 -0.096144 
-0.679643 0.709858 0.027586 0.252944 0.428427 -0.803516 0.227929 -0.092572 0.585455 -0.096646 -1.054223 -0.421829 0.495895 0.094854 -0.596805 -0.597909 
-0.547920 0.314013 0.443349 -0.493028 -0.089289 0.061090 0.151149 -0.177662 -0.675287 0.230934 0.484042 0.833950 -0.756541 0.369934 -0.980705 -0.130855 
-0.146180 0.793237 0.082469 -0.522609 -0.035154 -0.068742 0.024867 0.246529 -1.184146 0.262635 -0.333213 0.273031 -0.551541 0.258226 0.707266 -0.094104 
0.260037 0.542482 -0.594205 -1.529833 0.417968 -0.289769 -0.658979 -0.414266 -0.584346 0.050459 -0.368758 -0.344210 0.548111 -0.520074 -0.499784 0.322552 
-0.125483 -0.568474 0.175591 0.329267 -0.095871 -0.542264 -0.866803 0.151872 -2.448320 0.535897 0.337724 -1.430684 -2.428796 0.297535 -0.124341 -0.007014 
0.005902 0.393591 -0.168171 0.961419 -1.400458 -0.111291 0.406320 0.115108 -1.430550 0.263494 0.061978 0.397248 -1.361983 -0.294603 0.143690 -0.408995 
0.329085 -0.952641 0.021903 0.368251 -0.288720 0.482058 -1.002035 0.024566 -1.695896 0.148856 0.008025 -0.489691 -0.347088 0.251933 -0.000614 -0.681133 
0.453431 0.279013 -0.051726 0.159175 0.563163 -0.036543 -0.223331 0.086507 0.399003 -0.016437 -0.955874 0.567362 -2.051363 -0.744757 -1.737378 0.606780 
-0.125982 0.128741 -0.113534 0.748441 -0.363092 0.023292 -0.944466 -0.026194 -0.131378 0.026919 -0.804973 -0.326336 0.241786 0.107333 -0.677253 -1.369906 
0.091859 -1.482051 -0.107925 0.670858 0.103023 0.118382 0.620249 -0.324613 0.789740 -0.252728 0.134105 -0.695329 -0.362979 -0.309396 -1.409417 -1.770990 
-0.244387 -0.205561 0.041822 0.561701 -0.039343 -1.122262 -0.326404 0.239619 0.670403 -0.330910 0.589454 0.136388 0.132068 -0.026258 0.749561 0.102504 
0.204432 0.114158 -0.276735 -0.156947 -0.348721 0.106121 -0.558990 0.364240 0.016468 0.149545 -0.210305 0.551820 0.213797 -1.586435 -1.966334 0.083030 
0.250943 -0.165753 0.227274 -1.192145 -0.429463 -2.267344 -0.136887 0.272063 -0.253009 -0.484864 0.253677 0.267979 -0.070479 -0.419778 1.292157 -0.182818 
0.288398 0.276149 -0.333426 0.310778 0.039144 0.267604 0.151795 -0.432116 -0.432080 0.111899 -1.104751 0.038894 0.207022 -1.112066 -1.562575 -0.924560 
0.338821 0.232860 -0.243975 -0.521778 -0.025974 0.115422 -0.259567 -0.420599 -0.140711 -0.186055 0.210469 0.315515 -0.704536 -0.031320 -0.569759 -0.202369 
-0.047451 -0.050348 0.059470 -0.655012 1.091752 -0.138307 -0.356979 -0.150621 0.364553 0.359606 -0.502366 -0.014545 -1.125811 -0.084615 -0.013590 0.673833 
-0.451309 0.150769 -0.026711 0.155160 -0.516309 0.369386 0.237826 0.165553 0.815789 -0.138532 -0.484476 -0.048635 0.932712 -0.300514 -0.427905 0.615584 
-0.302992 0.155520 -0.127368 0.475128 0.113327 -0.426585 -0.698001 -0.452833 0.362299 1.138395 0.302007 0.286379 -0.059987 -0.217768 0.318692 -0.306735 
0.111685 0.232182 0.109377 -0.534418 -1.101328 -0.229824 -0.003491 0.237235 -0.969509 -0.762004 0.652598 -0.026716 -2.193422 -0.039367 -0.997321 0.470934 
0.283753 -0.421375 0.223869 0.208657 0.610281 0.675454 -0.312356 -0.585326 0.564753 0.298762 -1.311322 0.135127 -0.993760 0.252688 -2.180325 0.676059 
-0.214546 0.062212 0.233121 -0.066620 -0.235604 0.352298 -0.435289 0.316065 -0.719024 0.034326 -0.812928 0.082233 -0.374673 0.228722 -0.929968 -0.997761 
0.163477 -0.928571 0.306997 0.208793 0.392732 0.116300 0.059169 -0.874364 0.379121 0.282962 -1.128302 -0.361830 0.052573 0.504748 0.440220 -1.399945 
0.068789 0.093828 0.127262 -0.949020 -0.111962 0.621298 -0.827456 -0.329852 0.311384 -0.442873 -1.290605 0.113494 0.237248 0.221054 -2.972489 0.052911 
-0.589022 0.612774 0.224582 -0.179014 0.571711 0.429722 0.386298 0.218871 -0.691857 -0.832513 -0.596521 0.656971 -2.946549 0.155090 -1.675151 0.240761 
-0.584710 0.168300 0.112812 -0.035196 0.836765 -1.137049 -0.346227 -0.075912 0.482233 0.661162 0.261139 -0.924851 0.049209 -0.305657 -0.092030 0.086453 
0.179256 -0.139518 0.151741 -0.588145 -3.336855 0.467862 -0.291678 0.044639 0.327418 -0.105969 0.510432 -0.740906 -0.004854 0.266250 -0.049970 -1.601411 
0.088192 -0.287582 -0.104000 -0.501606 0.387582 0.522575 -0.130973 0.017373 -0.012548 0.834929 0.357017 -3.527460 -0.255825 0.040444 -1.624689 0.375274 
-0.336379 -0.617084 -0.038569 -0.020385 0.523647 -0.181180 -0.212196 -0.452776 0.032467 0.238865 -0.156098 0.407448 1.237758 -0.189312 -0.209529 0.238737 
-0.025394 -0.514199 0.238754 0.274150 -0.478136 -0.066330 -0.022582 0.140474 -0.913413 -0.970987 0.598437 -0.842679 -0.144560 0.375378 -1.030997 -1.105108 
-0.672237 0.126638 -0.235462 0.199174 -0.225266 0.272944 0.570522 -0.142723 -1.392254 0.269349 0.186060 0.075393 -0.054328 -0.110240 -0.292270 -0.726229 
0.166314 -0.001573 -0.248520 -0.425154 -0.867541 -0.128163 -0.133066 0.150826 0.881180 -0.893936 -0.685563 0.066816 0.163973 -0.047193 -0.724990 0.719544 
0.232244 -0.091471 -0.259049 -0.128727 0.362830 0.435817 -0.334189 -0.239309 0.031930 -0.706166 -0.815641 -0.107325 0.582906 0.195581 0.145872 0.216295 
0.203699 -1.068240 0.271671 -0.390966 -0.632042 -0.072754 -0.244610 0.373739 0.617002 0.184702 -1.129463 -0.102498 -0.070365 -0.270675 -0.338927 -0.935082 
-0.483301 -0.579868 -0.040910 0.655933 0.763455 -0.281582 0.163185 0.055586 -0.889839 -0.574102 -0.898578 -1.697430 -0.155486 0.267984 -1.041914 0.504252 
0.381171 -0.628297 0.171166 -0.348636 -0.449882 0.433103 -0.190851 0.097204 -0.092550 0.285891 -1.427047 0.665016 -0.283219 -0.043826 -1.217383 -0.067157 
-0.362449 -0.462128 0.051620 0.264543 -1.269765 0.172549 0.384797 -0.062434 -0.193626 0.026423 -0.246536 0.109073 0.951870 0.041692 -0.595573 -0.292950 
0.001962 0.293420 0.221420 -0.456428 -0.580450 -0.099308 0.174494 -0.551974 -1.366012 -0.161813 -0.531652 0.222779 0.550865 0.011404 0.228937 0.198915 
0.407355 -0.879765 0.031985 0.449652 0.013558 -0.156512 -0.197346 0.036041 -1.444813 0.143954 -0.521600 -1.250959 -0.368606 0.615982 0.706077 0.434471 
-0.017061 0.343741 0.148517 -0.533225 -2.330667 0.254986 0.322994 0.103911 -1.690209 -1.008856 0.326823 0.180593 -1.179309 0.170925 -0.024887 -3.065630 
-0.156693 0.088048 0.064905 0.020278 -1.514735 0.285347 -0.206179 -0.897915 -2.471921 -0.259022 -0.163925 -0.535831 0.274823 0.442244 -0.596929 -1.213533 
-0.657698 -0.157668 0.036124 0.046158 1.015821 0.242093 -0.102515 0.007911 -1.585005 0.368058 -0.647518 -0.201046 -0.369452 0.298306 0.268652 -0.045998 
0.099312 0.086487 0.294459 0.370301 0.596824 -0.090249 -0.684706 0.219336 -0.493419 -0.334248 0.128950 0.205211 -0.024816 -1.096919 -0.375306 -0.937657 
0.055791 -1.353171 -0.185945 -0.389387 0.250878 0.100683 0.047855 0.048240 0.051006 -0.157390 -0.593448 0.603820 -0.651582 0.315734 -1.305226 -0.437947 
0.061680 0.016681 0.030286 -1.038290 0.137878 0.596646 -0.653237 -0.235171 -1.677157 0.311588 -0.372889 -1.489905 -0.604924 0.062096 0.125266 -0.630993 
-0.076823 0.267785 -0.243618 0.136155 0.585896 0.264607 0.483104 -0.847578 0.103429 -0.035387 0.613198 -0.356136 0.350868 0.243596 0.945569 -0.613146 
0.157801 -0.614880 -0.227811 0.149934 -1.117305 0.385322 0.238305 -0.001594 1.039262 0.000791 0.185841 0.236441 0.138769 -0.103531 0.374232 -0.557588 
0.248894 -0.157681 -0.423789 -0.770401 0.044868 0.357523 -0.408346 -0.186386 0.125429 0.645659 -0.640285 -0.350542 0.304592 -0.264111 -0.822548 -0.812873 
-0.032861 -0.437929 0.292760 -0.069112 -0.955751 -0.045765 -0.357458 0.428524 0.045992 -0.477684 -0.021892 0.030771 0.541482 0.569233 1.078099 -0.458549 
-0.177188 0.346660 0.109793 -0.703605 0.280331 0.256852 0.357586 -1.240337 0.431444 -0.057210 0.635788 0.579016 0.263990 -0.283870 0.157138 0.555004 
0.202582 -0.079459 0.119920 -0.350924 -1.638388 0.079625 0.317797 -0.430290 -1.745515 0.182513 0.064596 -0.260734 -0.570657 0.227250 -0.636456 0.107573 
0.083564 0.272841 -0.033829 0.107002 0.084011 -1.298418 -0.199044 0.013614 0.008267 0.197333 -0.359646 -0.369802 -0.152926 0.335468 -0.463471 0.194346 
0.245514 0.398298 0.163826 0.216447 0.558910 -0.121523 -0.154711 -0.343771 0.022538 -0.065527 0.595206 0.283957 -0.222124 -0.579562 -0.915330 0.380048 
-0.307491 0.292019 0.107244 -0.139508 -0.493063 0.319095 0.166828 0.076164 0.267165 -0.290982 0.106987 0.065791 -3.536513 0.098518 0.137105 0.490123 
-0.138370 0.173447 -0.492902 0.847644 0.463140 0.127429 0.146528 0.010279 0.919353 -0.822837 -2.117772 -0.732562 0.092505 0.057664 -0.272419 0.153833 
-0.253803 -0.951524 0.243163 0.538921 0.034777 -0.477973 -0.551586 0.310135 -2.362261 -0.428323 0.088434 -1.310104 -0.699747 0.109612 -0.122701 -1.859840 
-1.061226 0.151070 0.211778 0.226491 -0.157107 0.172738 -0.867922 -0.222805 0.262552 -0.373708 0.191963 -0.528801 0.546841 0.041958 -0.991077 -0.044887 
0.589224 0.033970 0.070287 -0.031587 0.310908 -0.156988 -0.088055 -0.100535 -1.334982 -0.434153 -0.941061 -1.112632 -0.235675 0.406554 -1.644415 -2.060212 
-0.553725 0.696344 -0.156652 0.275790 0.091864 -0.168443 0.313826 -0.198707 0.454555 0.063312 0.512403 -0.809984 -0.559867 0.132779 -2.052103 0.184000 
-0.152030 -1.139335 0.229106 -1.038297 0.404795 0.156296 0.348571 0.249646 0.234825 0.014329 0.332686 -0.996071 -1.346052 0.279843 0.924635 -1.662215 
0.167386 0.079989 -0.041204 -0.831272 -1.289439 -0.279762 -1.359874 -0.258428 0.509742 -0.428234 0.382563 0.139371 0.326820 0.005179 0.156410 -0.241769 
-0.093727 -0.023342 0.025125 -0.276093 0.260020 0.257198 0.403170 -0.035201 0.008263 -0.069400 -0.114547 -1.030372 0.188920 -0.542416 0.873756 -0.267310 
0.259838 -0.437456 0.094268 -1.251983 -0.658280 0.412583 0.329708 0.062172 -0.027582 0.496319 0.346190 -1.040448 -1.473327 0.248132 0.632075 -0.850765 
0.166955 0.415947 -0.404691 0.059422 -0.245597 -0.761589 -0.236703 -0.419584 0.570707 0.235899 0.255104 -0.218093 0.079960 -0.120132 -0.188606 -1.052971 
-0.013933 0.411353 0.263127 0.022429 0.007681 -0.534437 -0.299053 -0.199253 -1.506189 -1.072015 -0.366896 -2.414263 0.214057 0.078381 -0.547890 0.264140 
-0.062769 -0.662782 0.439989 0.001608 0.841055 -0.414162 -0.423354 0.069578 -0.016892 0.342446 -0.723135 0.491421 -0.387511 -0.031882 -1.046220 -0.640680 
0.017843 -0.559409 0.055012 0.080258 1.482648 -0.565629 -1.230554 0.077698 0.443261 0.267531 -0.417444 -0.396547 -0.882161 -0.499157 1.419930 0.074517 
0.086283 -0.124330 -0.064347 0.443432 0.654156 0.125903 0.257490 -0.157476 0.954279 0.241595 -1.415578 -0.056790 0.516929 -0.424839 0.989705 -0.646405 
-0.041799 0.356798 -0.000225 0.144154 -1.321110 0.254167 -0.170486 -0.051519 -0.725192 -0.532076 -1.155106 -0.227428 -0.498520 0.597445 -0.926624 -0.128415 
-0.027414 -0.439934 0.054739 0.790340 -1.557101 -0.352833 -0.290290 0.038895 -1.296520 0.357371 -0.137140 -0.357635 -0.311822 0.386109 -0.224794 -1.157406 
-0.147925 0.157411 0.117293 -0.836230 -0.048178 -1.912370 -0.749875 0.085881 0.433148 0.348914 -0.904726 0.186349 -0.110391 -0.529957 0.105123 0.206775 
0.138941 -0.019841 -0.217837 -0.398347 -1.426288 0.013119 0.438221 -0.286753 -4.494589 0.066248 0.053948 0.045370 0.221955 0.113380 0.805767 -0.216691 
0.436301 0.138331 -0.839924 0.264093 0.112439 -0.763005 -0.692443 0.409333 0.449278 -0.604107 0.358609 0.040752 0.254716 -0.844154 0.193962 -1.005932 
