-0.641385 0.828076 0.007320 -0.753935 0.622371 -0.266171 -0.333843 -0.584186 0.076904 0.139469 -0.375025 -0.129131 -0.254865 -0.077372 0.568816 0.257043 
-0.349554 -0.213881 0.311504 -0.539842 -0.418954 -0.837181 0.091242 0.125173 -0.212737 -0.130554 0.420302 -0.260033 0.130264 0.379018 -0.919381 -0.341387 
0.387052 0.148582 -0.147958 0.266069 -0.124469 -0.024568 -0.059206 -0.179842 0.424602 -0.277521 0.057979 0.234996 0.072837 0.057000 0.199460 -0.028181 
-0.931670 0.650637 0.265059 0.085721 -0.047694 0.039459 -0.173102 0.144885 -0.796444 0.261907 -0.246609 -0.368300 -0.181184 0.256434 0.106970 -0.517752 
0.165385 -0.052141 -0.072115 -0.318729 0.256354 0.406846 -0.646554 -0.380518 -0.228939 -0.849308 -0.443817 0.155706 0.634366 0.258503 -1.508207 -0.169866 
-0.030640 -0.086667 0.015183 -0.749085 -0.002269 0.044226 0.311679 -0.156557 -0.083216 -0.181937 -1.002929 -0.060841 -0.015651 0.051440 -0.991638 0.384468 
-0.470966 0.260361 0.369497 -0.166176 0.044643 0.355452 0.153149 0.396245 -0.140379 -0.434923 -0.479667 -0.357518 -0.025036 -0.242254 -0.971228 0.599594 
-0.131499 -0.017836 0.227651 0.395157 -1.582649 -0.009708 -0.120204 -0.124227 -0.351112 -0.228645 0.279239 -0.054627 -0.216290 0.408890 0.098048 0.226764 
-0.108701 -0.621633 0.355956 0.387247 -0.393346 0.203566 -0.802048 -0.438461 -2.066151 -1.041701 0.010205 -0.029825 0.074172 0.239166 0.218846 -1.799999 
-0.173687 0.077846 0.040521 0.248008 -0.365698 -0.074191 0.184502 0.045698 -0.928780 -1.925219 0.142159 0.386495 -0.365722 0.330714 -0.124259 -1.305455 
-0.337636 0.184468 -0.139726 0.179096 -0.594543 -0.537504 -0.565768 0.129952 0.587672 -0.182942 -0.717171 0.110654 0.739049 0.033135 -0.578443 -0.401670 
-0.086402 -0.099376 0.083956 -0.124650 0.075606 0.092807 0.596959 -0.052335 -2.229069 -0.077321 0.194448 -0.813183 0.638780 0.020336 0.094797 0.531243 
0.142481 0.334961 -0.123571 -0.440563 0.497677 -1.044263 -0.393795 0.190273 0.656909 0.371410 0.228574 -0.273877 -1.113444 -0.744106 -0.426789 0.546308 
-0.008094 -0.300745 0.293844 -0.471355 -0.643127 0.244048 -0.167070 -0.248847 -0.158563 -0.047277 0.323408 -0.157367 0.142748 -0.148260 -0.197030 0.274727 
0.140766 0.404615 -0.117849 -0.381006 -0.124762 0.090603 -0.327327 -0.109412 0.423165 0.200836 -1.265571 0.219070 0.301450 -0.027116 0.908984 -1.035112 
0.247535 -0.013627 -0.067948 -0.169168 -0.929747 -0.127915 0.120800 0.132017 0.246525 1.114452 0.572772 -0.283222 -0.194023 -0.522136 -0.399031 -1.090145 
0.102527 -0.403024 0.214099 -0.825039 0.260838 -0.014297 0.177211 0.139276 -0.425943 0.044266 -0.576588 -1.445110 0.347189 0.486782 0.777613 -0.639895 
0.172739 -0.458403 0.080981 0.674049 -0.124346 -0.130938 -0.216287 0.203114 -0.285578 0.531568 0.265997 -1.287174 -0.344688 -0.061430 -0.830330 -0.787547 
0.151470 0.059047 -0.509173 -0.628780 0.627906 0.308860 -0.010732 -0.223975 0.508050 -0.527008 -0.662745 -0.918279 -0.405695 0.624177 -1.821496 0.591006 
-0.140859 0.128560 0.166093 -0.574401 -0.337882 -0.199175 -1.030992 0.060831 -0.173923 -0.333958 0.396666 -0.113388 0.324017 0.261061 0.548504 -0.541216 
-0.595427 -0.274605 0.015079 0.455043 0.535955 -0.747694 -0.368996 0.343239 -0.288627 0.323138 0.162148 -0.088915 -0.780280 0.018608 0.053592 -0.209412 
-0.011921 -0.556798 0.023510 -0.491026 -0.815876 0.522034 -0.328614 -0.177361 0.497455 0.082144 -0.297817 -0.598779 0.166493 0.299714 0.344623 -0.106166 
0.355570 -0.174818 0.166155 -0.273967 -0.084020 0.189414 0.292424 -0.015814 0.089339 0.148271 -1.594135 0.887367 0.121224 -0.273278 -2.176042 0.053723 
-0.869212 0.085059 -0.051166 0.396794 -0.544227 0.238403 0.447848 0.077858 -0.191067 0.196421 -0.099841 -0.045138 0.055866 -0.307913 -0.307511 0.352441 
0.249674 -0.588271 -0.296673 0.301384 -0.659618 0.673924 -0.205144 0.378573 -0.702538 -0.661671 0.061796 -0.482201 -0.570538 -0.081259 -1.132226 -1.018147 
0.187534 -0.166043 -0.001827 -0.096743 -1.352290 0.172221 0.306882 -1.132217 -1.689106 -0.381100 0.058556 -0.494098 -0.165071 0.497091 -0.719127 -3.091429 
0.090312 0.439531 0.182287 0.168805 -0.809889 -0.036092 0.060287 0.111943 -0.497930 -0.245667 0.153052 -2.506208 -1.675840 -0.078503 -0.614723 -0.224392 
0.122153 0.144801 -0.717979 -0.551402 -0.302769 0.077762 0.074070 -0.542552 0.236335 0.347601 0.326159 -0.337652 0.109050 -0.030605 0.349563 -1.071893 
-0.025764 0.336488 -0.127727 -0.646273 0.226407 -0.200657 -0.021836 0.252370 0.049680 -0.162779 -1.455929 0.543474 0.248497 -0.720803 -1.512328 -0.189614 
-0.074862 0.239321 0.225614 -0.302466 -0.374760 0.319674 0.237170 -0.394511 -0.173913 -0.421389 0.283756 0.477344 -2.580158 0.288157 -0.769302 0.702079 
0.229373 -0.739707 0.348469 0.615948 0.517310 0.183152 -0.061632 -0.974764 -0.514625 0.067087 -0.113037 -1.284361 -0.610052 0.066955 -2.293658 -0.475459 
0.358901 0.291763 0.185332 -0.164540 0.313264 -0.107327 -0.419541 0.153520 0.287695 0.072075 0.403090 -0.418153 -2.020167 0.129864 0.524300 0.452839 
0.059490 0.027081 0.066126 -1.422131 0.887157 0.050125 -0.086179 -0.568639 0.490635 0.257848 -0.990095 -0.641361 -0.032920 -0.162749 0.032878 0.329548 
0.111773 -0.339646 -0.488251 0.422769 0.097759 0.054727 0.383289 -0.609601 0.012664 -0.099551 -0.539239 0.186917 0.646476 0.346456 -0.507888 -0.483944 
0.322994 0.379339 -0.068059 -0.266948 -0.841160 -0.069900 0.469514 0.085413 -2.203677 0.330042 0.045174 -0.192369 -0.650513 -0.000884 -0.597886 0.021664 
0.323567 -0.510835 0.316952 0.266089 -0.105058 0.204208 0.020355 0.291782 -1.629814 -0.272859 0.196491 -1.963286 -0.508176 -0.185425 0.269161 -0.344128 
0.195769 0.024447 0.167108 -0.760677 -0.604964 -0.146214 -0.217172 0.358310 0.540282 0.243176 -0.774138 0.380077 -1.093560 -0.083856 -1.202419 0.323764 
0.051066 -1.149938 0.327012 0.519911 -0.042505 -0.373669 0.022242 0.299704 -0.557266 -0.642193 0.298535 -0.705919 -1.187569 0.168357 -0.881222 -2.102417 
0.394364 0.465548 -0.026059 0.225685 -0.124456 -0.165108 0.285021 0.067941 -0.179274 -0.872277 -0.821639 -0.944195 -1.291817 -0.022363 -0.825926 -0.539098 
-0.887970 0.090319 0.084976 0.658987 0.179137 -1.001573 -0.542301 0.093211 0.252972 -0.018139 -0.040309 -0.009583 -0.090311 0.144860 -0.294667 0.245575 
-0.440125 0.711933 0.187195 0.607770 -0.006314 -0.037709 0.379659 0.135742 -0.260839 0.079566 0.298054 -0.107874 -0.904150 0.309807 -1.902835 0.525236 
-0.022976 -0.253540 0.351887 0.051629 0.193456 -0.267107 0.078708 -0.345540 -1.940596 -0.277175 -0.354194 -2.477872 -0.770755 0.500154 0.944905 -0.607141 
-0.145600 -0.553256 0.113396 0.242861 0.061504 0.366380 0.413003 0.047175 -0.781841 -0.021916 -0.277123 -0.416535 0.490080 0.236955 -0.119151 -0.493698 
0.277929 0.044498 -0.961583 -0.631297 -0.080827 0.115432 0.131966 0.252225 -0.345628 -0.198449 0.297062 0.342263 0.527869 -0.408960 0.472234 0.144128 
0.200685 0.169859 0.173054 -0.910584 -0.215132 -4.096949 -1.962870 0.203257 -0.167694 -0.021632 -0.074118 0.469322 0.490249 -3.326492 -0.836384 0.208387 
-0.185657 0.330890 0.047744 -0.623445 0.809043 0.210668 0.008973 0.054645 0.645503 0.217693 -0.948033 -0.700144 -0.980402 -0.303919 0.633352 0.034826 
-0.021050 -0.210053 0.224265 -0.205841 -0.399917 0.236010 -0.375331 -0.211246 -2.781231 -0.400322 0.425032 -0.667199 0.163411 0.350378 -0.761525 -1.882114 
-0.099722 -0.326191 -0.131919 0.239122 0.652421 0.399015 -0.159807 0.503979 0.056166 -0.353946 -1.073208 -0.712531 -0.925758 0.281667 -0.598712 0.418636 
-0.121174 0.409254 0.027177 -1.202778 -0.974387 0.374587 0.307391 -0.469681 -2.584095 -0.412511 0.334913 0.324100 -1.167687 0.093822 0.276465 -0.591531 
0.106681 0.202507 -0.617226 -0.391535 -1.217391 -0.401786 0.408852 0.250005 -0.542536 0.009809 0.182481 0.446981 0.056624 -0.819117 0.104013 0.909530 
-0.018460 -0.254169 0.143333 -0.255182 0.096260 -0.274981 -0.149878 0.142038 -0.881368 0.308121 -0.799922 0.176362 -1.890964 0.188866 -0.448555 -0.456727 
0.411491 0.343794 0.244573 -0.181182 0.334914 -0.415274 -0.021844 0.221151 -0.072224 -1.503496 0.160843 -1.130140 -1.336742 0.217925 0.054606 0.450930 
0.114901 -0.178791 0.179624 0.065558 -0.383101 -0.356064 -0.021506 0.173912 -2.055238 -0.311226 0.585954 -0.335703 -0.363616 0.601285 0.380701 -0.299979 
-0.540350 0.286907 0.009245 -1.435179 -0.018230 0.372666 0.525669 -0.145134 -1.489704 -0.311665 0.194369 0.668109 -0.463452 0.131105 -1.780184 0.504739 
-0.063663 0.152594 -0.262462 0.107230 1.065299 -0.506772 -0.348962 -0.113019 0.266722 0.817806 -0.663465 -0.764944 0.591777 -0.880642 0.024202 -0.323286 
-1.108062 0.174813 0.336907 0.111487 0.049867 -0.178634 -0.728035 -0.040489 0.997291 0.536749 0.523315 -1.327430 0.089326 -0.266548 -2.000119 -1.984695 
0.218347 -0.074572 -0.584240 -0.446957 0.075952 0.584033 0.189640 -0.268481 -0.213065 -0.429585 -0.128268 -0.151755 -0.080013 0.389382 -0.007141 0.357122 
0.327764 -1.174562 -0.225751 0.572721 -0.179949 -0.233302 -0.058739 -0.060484 0.042677 -0.841812 0.259613 -0.365272 -0.433771 0.015566 0.435814 0.253829 
0.197923 -0.022396 -0.304738 0.071871 0.784100 0.210440 0.228837 -0.502815 -0.688420 0.926458 0.089897 0.384440 -1.798704 -0.170533 -0.580574 0.098990 
-0.208808 -0.902877 0.316677 0.675180 0.681620 0.051232 0.199137 0.033794 -0.043024 -0.254391 0.575386 0.124650 0.236579 0.184780 -0.675984 -1.859530 
0.147082 -0.265274 -0.048974 0.190883 -0.591586 0.344210 -0.314066 -0.239674 0.321716 -0.093077 -1.911506 0.639903 -0.122662 0.187521 -0.928967 1.075564 
-0.142777 0.169961 0.002002 0.505149 -0.297452 0.024589 -0.318376 -0.844386 0.926377 -0.551469 -0.265595 0.038733 0.353139 -0.066770 -0.812135 0.415087 
0.248801 -0.689498 -0.207370 0.456402 0.068709 0.103181 0.181588 0.352170 0.117481 -0.063241 -0.800140 0.154573 0.432350 -0.232633 0.422359 -3.872307 
0.025658 -0.921889 -0.032760 0.634826 0.997266 -0.529944 0.311089 0.392352 0.030010 -0.491173 0.221962 -0.487074 0.063758 -0.495862 0.393240 -0.139260 
0.157006 0.266919 -0.628866 0.142385 0.474806 -0.708443 -0.920945 0.120621 0.613394 0.138024 -0.657354 0.735661 -0.176664 -0.639827 -0.112612 -0.040062 
-0.401272 0.576224 -0.235376 0.261221 0.253894 -0.225362 -0.359981 -0.085866 -1.126349 -1.394792 0.525430 -1.905949 0.860607 -0.224126 -0.731796 0.715946 
0.287314 -0.245051 0.173817 -0.992553 -1.031050 -0.444025 -0.055807 0.299558 0.398578 -0.960235 0.129366 -0.253282 0.602161 0.030542 0.378717 -1.475272 
0.021572 0.086299 -0.200269 0.576866 -0.409526 0.187679 -1.034704 -0.066702 0.297275 -0.074497 0.047184 -0.498328 0.416827 0.375168 0.572518 -0.037950 
0.132154 -0.950491 -0.060729 -0.644069 0.368898 -0.181953 0.384306 0.090111 0.546989 0.040000 0.400555 -0.935343 -0.386333 -0.351314 0.720807 -1.034446 
0.051099 -0.093509 -0.051177 -0.535960 -0.183789 0.083951 0.024384 -0.991512 0.505226 0.016762 0.877055 -0.162729 0.400816 0.086904 0.263899 -1.540210 
0.030422 -0.762260 0.009783 0.320345 0.267356 0.253636 0.052360 -0.582173 -0.625576 0.918536 -1.190286 -1.942889 -0.152691 -0.317360 -0.733718 -0.271173 
-0.503067 -0.763762 0.185461 0.523181 -0.000028 0.241875 0.072967 0.367717 -0.231627 -0.012644 -0.451967 1.096425 -1.566226 0.186872 0.192040 0.503125 
-0.650958 -0.210223 0.154203 0.119312 -0.244993 -0.117955 -0.336178 0.172172 -0.891781 0.114297 -0.091745 -0.436467 -1.444279 0.417187 0.348973 -0.755795 
-0.078113 0.419189 0.029461 -0.868820 -0.431573 0.447331 0.253089 0.102963 0.667238 -0.281693 -0.713089 0.133616 0.104316 -0.320843 0.004304 0.330450 
0.068608 0.199515 -0.125947 -0.391767 -0.852057 0.311844 -0.003141 -0.451579 -0.314253 -0.260020 -0.372066 -0.018416 0.031367 0.260919 -1.309491 -0.698959 
-0.076102 -0.129101 -0.266933 -0.201970 0.450747 0.165453 0.251081 -1.251217 0.709387 -0.489174 -0.126961 0.066359 0.061642 -0.469079 0.014706 0.254936 
-0.140757 0.228319 0.263577 -0.577315 -1.190511 0.169237 -0.126137 -0.082542 -2.897431 -0.113606 0.701467 -0.339219 0.030626 0.024146 0.001523 -0.610362 
-0.473503 -0.057955 -0.229452 0.491897 1.526126 -0.462919 -0.460519 -0.084850 0.283271 0.683229 -1.742323 0.163280 0.385376 -0.102876 0.230343 -0.306187 
0.410443 0.198421 -0.370782 0.685654 0.126089 -2.725088 -1.344142 0.356982 0.677460 -0.362366 -0.475801 0.485769 -0.081228 -1.299585 -1.901889 -1.542904 
-0.085071 0.013542 -0.105443 0.928135 -0.848902 -0.190965 -0.340889 0.021196 -1.094823 0.167113 -0.577015 -0.168255 0.156563 0.138871 -0.119158 -0.209118 
0.003530 0.002827 -0.189224 -0.406961 -0.222840 -0.051376 0.114603 -0.113056 0.565070 0.290841 -0.248204 -0.138587 -0.100486 -0.702470 0.753963 -1.287341 
0.041458 0.250635 0.244291 -1.007923 -1.312361 0.109090 -0.039430 -0.673069 0.189681 0.062862 0.085256 -0.346198 0.106546 0.053555 -0.622511 -0.483991 
-0.080641 0.695269 0.044395 -0.469173 0.438142 0.181199 -0.486492 -0.002830 0.021854 0.185621 -1.222265 0.089347 0.211334 0.010938 -0.399116 0.145079 
-0.035696 -0.754620 0.312878 -0.024286 0.422105 0.005386 -0.494717 -0.081456 0.122184 0.131850 0.280885 -1.735963 -2.172441 0.212385 -0.206616 -0.407269 
0.567816 -0.256431 0.073586 0.169434 -0.136352 -0.171764 0.173445 -0.343588 -0.343304 0.059707 0.029858 0.463258 -0.958005 -0.429373 -0.413641 -0.127118 
-0.147635 -0.736910 0.263030 -1.007228 0.031141 0.788680 0.053558 0.112718 1.211000 -0.193209 0.567337 -1.371354 -0.314543 -0.091753 0.650297 -0.405058 
0.174055 -0.325270 0.313761 0.477607 -0.875094 -1.165522 -0.371408 0.318329 -0.534315 -0.093731 0.057774 -1.073429 -0.615985 0.461354 0.769192 -1.004965 
0.091938 0.413493 0.107803 0.574159 -0.836154 0.217760 0.303457 0.262200 -1.625586 0.305151 0.285455 0.242067 -1.613130 -0.051558 0.224866 -1.191121 
-0.290099 -0.043689 -0.209635 -0.378128 -0.105944 0.143831 0.173074 -0.811308 -0.310195 -0.076258 -0.033430 -1.795091 1.071612 0.009272 -0.068505 -1.146559 
-0.263204 0.065115 -0.413612 -0.055393 -0.205536 0.593572 0.236138 -0.617115 -0.061822 -0.156104 -0.135570 0.717845 -1.597735 0.374512 0.117332 0.226769 
-0.729074 -0.393259 0.183576 0.636240 0.758952 0.022645 -0.678392 0.057361 0.088741 0.487065 -0.465914 0.065094 0.530430 -0.217895 -0.752297 -1.007316 
-0.148617 0.030717 0.096065 -0.304300 -2.660147 0.082359 -0.617663 0.099679 0.165267 -0.102431 -0.307641 0.077481 -0.571564 0.060809 -0.400786 -0.465711 
-0.050238 -0.421695 -0.046328 0.440791 -0.730432 0.184396 0.424291 -0.118100 -0.275235 -0.225959 0.419357 -1.081863 -0.841672 0.069881 0.402349 -1.030034 
0.210564 -0.402157 -0.075446 -0.008843 -1.996702 0.173380 0.481906 0.122128 0.408170 0.257894 -1.500203 -0.333110 -0.009211 -0.082353 -0.823930 -2.464408 
0.090068 -1.105784 0.048917 -0.588788 0.097422 0.029768 -0.027369 0.360439 -0.444116 -0.116693 0.386048 0.044386 -0.470943 0.189479 -1.246331 0.107966 
0.074250 -0.453021 0.163025 -0.780508 -0.133298 0.125926 -0.009970 -0.007592 -0.018958 0.360698 -0.536560 -0.366725 0.097335 -0.231215 0.265386 0.333561 
-0.161785 -0.026689 -0.360459 -0.204443 -0.471367 0.305104 -0.062202 -0.461041 -1.590947 0.432804 0.432528 0.316664 -0.711225 0.242661 0.108777 -0.423024 
0.251976 -0.133426 0.166701 -0.403764 -0.540778 0.344885 -0.044630 0.017285 0.086526 0.161632 -1.213960 0.043637 0.209798 -0.347788 -2.100889 -0.400565 
0.308260 0.390507 -0.033584 -1.252828 -2.437085 -0.091961 -1.346673 -0.049080 0.315724 -0.282190 -0.456897 -0.253104 0.519170 -0.118122 0.095374 0.361876 
0.144918 0.250229 -0.541713 -0.252622 0.766421 -0.004497 0.442349 -0.413702 0.492952 0.104046 -0.186031 -1.419944 -0.881203 0.181888 -0.016061 -0.463582 
