-0.010613 -0.340210 0.023241 -0.718486 -1.398709 0.455129 0.015148 0.079866 -1.213402 -0.644949 -0.039630 -1.654142 -0.922532 -0.120959 -1.067170 1.032608 
0.188671 0.344495 -0.594076 0.812947 -0.664012 -0.202311 0.199215 0.335924 0.115285 -0.909578 0.246794 0.236969 0.310187 -0.099749 -0.837788 0.642515 
0.103830 -0.921638 0.536319 0.000354 -0.121396 -0.212979 -1.069846 0.009730 0.671826 -0.649531 0.207694 -0.428521 -0.444265 0.461112 0.184520 0.005667 
0.207326 0.171947 0.148403 0.431541 -1.377292 0.355390 -0.564578 0.064316 0.409078 0.257541 0.188029 -0.868166 0.417971 -0.280039 0.079766 -2.187426 
0.010795 0.323854 -0.333241 -0.476654 0.151962 0.360928 0.779735 -0.344027 -0.837363 -0.161572 0.004180 0.321970 -0.005566 0.022065 -1.731950 0.740745 
-0.287360 -1.902592 0.198809 0.591984 0.140695 0.310008 0.406385 -0.255464 -0.088265 -0.300584 0.286928 -0.963990 -0.763840 0.052676 -0.868984 -0.231724 
-0.526166 -0.531486 0.422633 0.102411 0.277554 0.162239 0.052883 -0.458330 1.315394 0.239805 0.286687 -1.575160 -0.071377 -0.008014 -1.216127 0.315033 
0.026346 -1.015378 0.166504 0.875194 -0.116338 -1.260781 -0.547070 0.142890 -0.722941 -1.072916 -0.075436 -0.631031 -0.384371 -0.318471 -0.150447 -3.109119 
0.084297 0.184180 0.194623 -0.635705 0.561824 -1.624879 -0.445998 0.227361 0.424518 0.496712 0.089333 0.129287 0.163407 -1.477150 -0.387130 0.007672 
0.195298 0.209771 0.335508 -0.831850 -0.210543 0.011513 -0.196515 -0.028710 -1.225193 -0.225335 -0.789981 0.068254 0.448600 -0.777836 0.020834 0.366463 
0.006883 0.163271 0.327278 -0.740950 0.169657 -1.490846 -0.152194 -0.086728 0.210548 -0.309442 -0.141549 0.468531 0.471538 -0.848944 -1.017125 -0.137578 
0.087388 0.207798 -0.703486 0.374590 0.126367 -0.130180 0.332885 0.291327 -2.276912 -0.185775 -0.212144 -0.098809 0.285961 0.490876 -0.136238 -0.892977 
-0.557236 -0.738121 0.027790 -0.904799 0.257173 0.215872 0.427522 0.094839 0.452325 -0.297258 0.217810 -0.175634 -0.091191 0.166483 -0.141250 -0.401685 
0.045114 -0.380517 -0.608095 0.034092 0.195322 0.302197 0.385381 -0.476599 0.162866 0.855174 0.269310 0.516312 0.178559 -0.642306 -0.222037 -0.715734 
-0.470846 -0.794209 -0.176249 0.398225 1.116646 -0.112128 -0.944629 0.373609 -0.287915 -0.286483 -1.420882 -1.612894 0.609956 0.002222 0.867231 -1.129305 
0.050516 0.097525 0.032562 -0.512892 0.566088 -0.329190 -0.072355 0.003136 -0.328856 0.431989 -1.370000 0.259460 -0.142370 0.316210 -0.847894 0.124491 
-0.376096 0.421060 0.049369 -0.296783 0.413012 -0.194777 0.260011 0.037666 -0.990934 0.495728 -0.092150 0.236258 0.052584 0.123126 0.738761 0.115369 
0.375978 -0.356322 -0.050433 -0.138101 -0.332447 -0.286490 0.050680 0.256106 0.234680 -0.999211 0.127518 0.129837 0.399378 0.145892 0.600336 0.387502 
-0.827225 0.347230 -0.054793 -0.127376 -0.108848 0.199660 0.513078 0.102254 -3.843762 -0.245063 0.736531 0.687978 -0.448522 0.167835 -0.776601 0.342903 
-0.028556 -0.007126 0.031063 -0.692150 0.404144 0.342877 0.668794 -0.892807 -0.458064 0.069279 0.209219 -0.791596 1.011331 -0.160406 -0.807808 -0.259954 
-0.067125 0.068633 -0.018114 -0.078022 0.153373 -1.577685 -1.691252 0.065037 -0.120735 0.239922 -1.347117 0.108995 -0.635111 0.202599 -0.018094 -0.276351 
-0.056838 0.326955 -0.600427 -0.354892 0.416140 -0.196546 -0.274849 -0.119653 0.343849 -0.819279 0.044697 0.180147 0.755860 -0.263155 -0.239340 0.052706 
0.113588 -0.898888 0.174657 0.092792 -1.556165 -1.096427 -0.206500 0.211514 -0.721137 -0.260679 -0.101652 -1.854747 -0.678849 0.436957 0.497831 -3.657359 
-0.513528 -0.690453 0.206949 -0.828023 1.226774 0.330415 0.490668 -0.488294 0.023534 0.147137 -0.752330 -2.915555 -0.412692 0.218207 0.352486 0.005846 
-0.468357 -0.347895 -0.069101 0.742809 -0.342017 0.146800 0.462609 -0.640301 -0.040035 0.102694 -1.299809 -0.473343 0.905511 -0.319657 0.465029 -0.511806 
0.012780 -0.437673 0.310059 -0.593508 -1.474933 0.325773 0.045550 -0.328761 -2.900276 0.004456 0.507770 0.583754 0.182724 -0.118027 -0.442907 -0.941576 
0.310769 0.031704 -0.056369 0.374268 -1.173909 -1.710851 -0.278825 0.316424 -0.897552 0.291995 -0.188733 0.551905 -0.027748 -0.982291 -0.706535 -0.122461 
0.064167 -1.221302 0.046681 0.565321 -0.433243 0.236208 0.250333 0.253870 -0.098763 -0.057337 0.214924 -0.117738 -0.237147 0.425319 -0.102489 0.381066 
-0.506693 0.547289 0.156506 -0.355121 -0.609834 0.299325 0.300370 0.026601 0.451318 -0.027719 -0.199878 -0.048069 0.146481 0.338834 0.737408 -0.072740 
0.474556 -0.098468 -0.097511 0.995271 -0.484978 -0.437290 0.078036 -0.033285 -0.502720 0.461754 -0.539796 -1.120470 -1.329403 0.202334 0.330617 1.261256 
0.333165 -0.568472 -0.053765 0.073912 -0.272573 0.479621 0.045865 -0.562723 -0.497076 -0.224077 0.067278 -3.171606 0.083916 0.357255 0.242329 -2.158118 
0.381328 -0.652715 0.113038 0.516179 0.285253 -0.140491 0.004055 -0.756960 0.526289 -0.093761 0.647058 -1.694391 -1.920407 0.436052 0.305255 -0.625965 
0.339209 -0.194676 -1.095274 0.199947 0.874645 0.422581 0.277243 -0.494283 -0.397434 -0.524789 -2.543852 0.176231 0.197530 0.177341 -1.370022 1.056763 
0.012669 -0.143606 -0.158974 -0.612604 -0.418523 0.242538 0.221719 0.217479 -1.775528 0.039147 -0.278533 0.456350 -2.076805 0.276707 -0.556300 -0.632738 
-0.220703 0.083971 0.438918 -0.433758 0.274513 0.435829 -0.172415 -0.375104 0.760756 -0.214258 0.014593 -0.397550 -0.483073 0.113714 -1.051420 -0.582052 
-0.492152 0.464589 0.098784 0.113327 -0.236152 0.367997 0.045921 -1.012785 0.161753 -0.635080 0.876782 -1.293214 0.179174 -0.451957 0.314671 -0.216596 
-0.469789 0.369307 -0.176412 0.577361 1.159178 -1.072869 -0.457415 -0.243417 0.462511 0.051318 -1.417684 0.036095 0.005988 -0.115364 0.010743 0.229875 
0.075507 -0.910947 -0.050346 -0.519828 0.136209 0.957317 -1.141567 -0.229492 -0.492780 -1.135146 -0.826579 1.437378 -1.771037 -0.010492 -1.300291 0.228168 
0.077997 0.096037 -0.233124 -0.105867 0.854462 -0.320574 0.123542 0.263140 -0.266392 0.259691 -3.089903 -0.084974 0.505989 -0.332667 -0.096088 -1.550406 
0.373631 -0.247710 -0.456471 -0.495107 -0.505736 0.313579 -0.549722 -0.718555 -0.080051 -1.379247 -0.278133 0.238662 0.784195 0.093704 -0.945678 0.071718 
-0.006301 0.357060 -0.226124 0.559376 1.010661 0.353220 -0.231778 0.071337 -1.215791 -0.100470 0.526300 0.560164 -1.037286 -0.573529 0.464188 0.472061 
0.420222 -0.087831 0.188435 -1.003198 -1.474414 0.230999 0.513898 -0.036985 -0.688369 -0.407555 0.094708 -0.762538 -0.529341 -0.111977 -0.925040 -2.724640 
-0.137827 -0.068648 -0.192181 -0.096344 0.497586 0.257560 0.185838 -0.038511 0.731723 0.629357 -1.643540 -0.460179 -0.151732 -0.808973 0.407636 0.411508 
-0.246220 -1.561045 0.138538 0.718135 -0.117449 0.087929 0.291672 0.204415 -0.291353 -0.348926 -0.038007 -0.764259 0.645481 0.367874 0.297840 -0.604716 
0.177645 -0.337377 -0.086967 -0.308985 -0.936979 -1.172965 -0.443362 0.318671 0.066702 0.234891 -0.621538 0.465770 0.678132 -1.500429 -0.093973 -0.518514 
0.183393 -0.217777 -0.152359 -0.212264 -0.226888 -0.016684 0.135221 -0.033287 0.424517 0.319271 -0.519670 0.552073 0.182728 -0.824794 0.734032 -2.938771 
0.038915 -0.136814 -0.179540 -0.418988 0.386562 0.234267 0.183494 -0.651974 0.656933 0.153831 1.009308 -0.080278 -0.191281 0.098111 0.655381 -0.420108 
0.152458 -0.314483 0.298163 -0.606496 -1.797405 0.069444 -0.661355 0.139666 0.020120 0.154609 0.318905 0.297552 0.031558 0.234136 0.225371 -0.297892 
-0.010981 -0.002329 -0.381259 0.225323 0.098446 0.042420 -0.765824 0.306657 0.319907 -0.139914 -0.227685 0.414763 0.152906 -1.835249 -0.173680 1.028831 
-0.044819 -1.064639 -0.004848 -1.140076 0.839293 -0.104201 -0.108412 -0.058661 0.149208 0.342074 -0.700251 -0.387286 -0.053965 -0.153670 -0.874867 -0.329696 
0.486052 -0.839830 0.110197 -0.171162 -0.206875 0.246581 0.106760 -0.100774 0.104952 0.274220 -1.189120 0.774754 -0.295121 0.081819 -1.146033 -0.486905 
-0.035674 -0.832333 -0.008733 -0.224434 0.497044 -0.706652 -0.808385 -0.168965 -0.392924 0.984762 0.490353 -1.618511 -0.460289 0.069905 -0.635866 0.328594 
-0.480405 0.600068 -0.309765 0.138891 0.610596 -0.640903 -0.204220 -0.390765 0.974450 0.279883 -0.635831 -0.332931 0.144300 -0.254404 0.390818 -0.414850 
0.463185 -0.317393 0.165725 -0.444455 -0.132235 0.296617 -0.505101 -0.766872 0.457988 0.389727 -1.665455 -1.338242 -0.524579 0.559733 -1.267924 0.295292 
-0.061970 -0.042189 -0.238889 -0.156515 0.315147 0.802170 -0.620019 -0.216292 -0.170945 0.196296 -0.380621 -0.718629 0.134423 -0.018808 -0.985057 0.615992 
0.039544 -0.287401 0.103914 0.669187 -0.865635 0.026836 -0.656328 -0.013950 0.520587 0.087382 -1.794644 0.575863 -0.290687 -0.342086 1.036020 0.636702 
-0.238968 0.791335 -0.261208 0.010183 -0.374597 -0.037579 0.371287 -0.072834 0.505637 -0.171478 -0.429468 -0.097163 0.336912 0.622066 -0.332243 0.243698 
0.075601 -0.138519 -0.084767 0.103952 0.768848 -0.196886 0.211765 0.360330 -0.633101 -0.330396 0.634509 -0.356986 -0.518092 -0.820221 0.511690 0.287078 
-0.337129 0.198819 0.267291 0.198336 -0.289015 0.191542 -0.130928 0.190094 -1.597150 0.598616 0.220943 0.198231 -2.233606 0.294793 0.304916 -1.283643 
-0.052427 -0.420217 0.240223 -1.753282 -0.141604 -0.966387 -0.067408 0.240199 -1.295045 -0.590901 0.645594 -0.500001 -0.930542 0.407419 0.741887 -0.774805 
-0.095124 0.327035 0.090754 0.043746 -1.541707 0.286904 0.056236 0.183972 -0.677711 -0.313485 0.096581 -0.020732 -2.823483 0.323686 0.124895 -0.384705 
0.177214 0.449525 0.242329 -1.729134 -0.236388 -1.364222 -0.845550 0.308736 0.045305 -0.379224 0.151482 0.384649 -0.262863 -1.857072 -0.633867 0.753120 
0.347770 0.391830 -0.364737 -0.440554 -1.005562 0.346593 0.269396 -0.879556 -0.058499 0.148484 0.228166 -0.535961 0.544619 0.041504 0.000622 -0.027281 
-0.415998 0.514271 0.351922 0.327692 -0.302365 0.324849 -0.846936 -0.480681 -2.128270 -0.755378 -0.062258 -0.935508 0.600598 0.478866 -0.395797 0.439727 
0.352531 0.546139 0.236727 -0.589651 0.448431 -0.791884 0.173146 0.246526 -1.500648 -0.012740 -0.506279 -0.954608 -0.974640 -0.088738 0.898646 -0.269585 
0.291884 0.432173 -0.150647 -0.230603 1.117516 -0.641835 -0.634191 -0.293437 -0.223691 0.526007 0.422711 -0.292848 -0.950829 -0.246554 -0.234914 0.057652 
0.096442 -0.193943 -0.150392 -0.288628 0.175298 0.611925 -0.603458 -0.750793 1.177421 0.008266 -0.483084 -0.011411 -0.404072 0.144463 -1.255852 0.647121 
-0.119175 -0.165650 -0.079726 0.108099 -0.874307 0.114239 0.233992 -0.236411 -0.624479 -0.608201 0.833793 0.245770 0.071416 0.266193 -1.514817 -1.014031 
0.431977 0.578123 -0.410951 -0.224157 -0.042120 -2.213164 -1.143996 0.057455 0.506862 -0.441379 -0.686387 0.521212 -0.385675 -1.373202 -1.412219 0.261833 
-0.822026 0.168833 -0.174655 0.498149 0.514519 -0.032966 0.338158 -1.050711 0.133124 1.010642 0.228283 -0.289514 0.331975 -0.297368 0.090329 -1.552340 
-0.123603 0.234464 -0.142141 0.234984 0.249362 -0.555145 0.100552 0.292835 0.214955 -0.186386 -0.871965 0.358005 0.444813 0.642519 -0.479835 -0.975229 
0.568267 -0.452072 -0.180033 -0.160501 0.367841 0.341533 0.131529 -0.398714 0.476622 0.166496 -0.462258 0.432472 -0.773031 -0.065559 -0.693760 0.600849 
0.608546 -0.607632 0.194145 -0.153653 0.371858 -1.565369 -0.843654 0.249047 0.105647 0.014680 0.721431 -0.741927 -0.308888 -0.795296 0.367785 0.085561 
-0.428353 0.237827 0.257055 0.797677 0.597668 -0.632070 0.287778 -0.217927 0.084636 0.029523 0.361829 0.227808 -0.275695 -0.134526 0.286866 -0.271643 
-0.880079 -0.111636 0.231426 -0.051491 -0.209371 0.039218 -0.203966 0.296130 -0.102481 0.342913 -1.229472 0.424787 0.024614 -0.039473 -0.102716 0.188243 
-0.098596 0.217184 0.525814 -0.601004 -0.405603 0.296289 -0.815344 -0.343936 -1.615971 -0.065366 0.423035 -0.394083 -0.096464 -0.109106 -0.050226 -1.486552 
-0.213371 -0.144751 0.095194 -0.521988 -0.751619 0.024889 -0.086719 -0.097833 0.205682 -0.805448 0.670801 -1.765919 0.483016 0.197302 0.448560 -3.259095 
-0.013421 -0.068081 0.073896 0.688312 -0.719220 -0.070878 0.097575 0.193796 -0.620646 0.124610 -1.478390 0.320402 0.139878 0.209040 -0.759881 -0.807517 
0.066419 -0.184066 0.287378 0.180755 0.240946 -0.457041 -1.054395 0.148185 -1.766195 -0.065333 0.499154 0.063597 0.068969 -0.764769 -0.735242 -0.215327 
-1.017331 -0.253620 0.241733 0.080669 0.036376 -0.110901 -0.394925 -0.210858 -0.872544 0.268556 -0.184193 -0.239264 -0.149952 0.275260 0.665418 -0.187290 
-0.383280 0.195823 -0.403233 -0.372525 0.387445 0.374809 0.366912 -0.702633 0.039491 0.339071 0.286484 -0.437831 0.346566 0.180730 0.196443 -0.348763 
0.026135 0.010102 0.161751 0.404703 0.255687 0.101554 -1.411548 0.134741 -1.150437 -0.955164 -0.789044 -0.405366 -0.688356 0.510230 -1.026048 -1.376841 
-0.233592 -0.422032 0.191149 0.609580 -0.138149 0.394286 -0.653725 0.463749 0.398399 -0.162715 -1.001245 -0.197875 0.667895 0.153897 0.041726 -0.029541 
0.241900 -0.644043 0.031308 0.763641 0.130438 0.023897 0.150749 0.588875 0.142305 0.379162 0.396229 -3.382059 -1.582590 0.068084 -0.544692 0.234406 
0.177842 -0.113078 -0.111549 -1.124393 -1.190807 0.402224 0.091971 -0.017917 0.369642 -0.423505 0.517732 0.376350 0.340050 0.058210 0.129049 0.502029 
0.230815 0.173950 -0.869658 -0.605452 -0.208876 -1.042021 -1.537437 0.085349 0.359377 0.319625 0.710154 -0.218343 0.583722 -0.412194 -1.331339 -0.307569 
-0.054704 0.456726 -0.055639 -0.459247 -2.230926 0.254946 0.489374 -0.445964 -0.258726 0.311109 0.377461 -0.063369 -0.050125 0.048949 -0.792327 -0.752742 
-0.506198 0.819444 0.155470 -0.444901 -0.218525 0.228846 0.196275 0.171172 -0.601149 -1.238256 0.350970 0.203425 -2.150577 0.060849 -1.377744 0.883224 
0.195274 -0.234066 0.256853 -0.075918 -0.815356 0.245788 0.188004 -0.129467 -1.412480 0.275051 -0.738565 -0.308970 -0.440698 0.448393 -1.311580 -1.055716 
0.122969 0.200742 0.121547 -0.675617 -0.550996 0.368257 -0.420737 0.150523 -0.031983 0.120735 -1.395114 -0.981305 0.936431 -0.269540 -0.167394 0.311235 
0.409199 0.014871 0.331528 0.044268 -1.419485 -1.182173 -0.243618 0.253107 0.503093 -0.701898 -0.032031 -0.475136 -0.047299 0.141275 -0.462413 0.440719 
-0.035233 0.287591 0.055136 0.257657 1.058445 0.017071 -0.157840 0.063294 -0.025909 -0.087532 -0.595706 -0.034245 -2.285696 -0.300794 0.888091 -0.501100 
-0.643400 -0.208294 0.242691 0.603307 0.729953 0.254955 -0.397195 -0.162630 0.210613 0.299286 -0.483772 0.838838 0.097475 -0.002526 -1.462484 -0.114302 
0.165499 0.345663 0.040240 -1.260702 -2.496429 0.009280 -0.624720 -0.036507 0.227725 0.007405 -0.073460 -0.228970 0.163646 0.055477 0.363015 -1.845767 
-0.027805 -0.050409 0.080156 -0.019461 0.340642 0.059961 0.697273 0.103460 0.284341 -1.126336 0.239432 -0.358028 -1.727923 0.005763 -0.540742 0.110941 
-0.471244 0.566812 -0.365355 0.879085 0.276317 -0.782909 -0.278333 -0.039022 0.073229 0.483599 0.021572 -0.376461 0.133500 -0.185759 -0.915597 0.410932 
-0.165205 0.281202 -0.047280 0.269021 -0.376673 0.107211 0.392244 -0.907783 -2.232380 -1.346349 0.257549 -0.661422 -0.743518 0.156473 -0.830824 -0.815605 
0.204532 -0.295088 0.006619 -0.797469 -0.122395 0.475808 0.459294 -0.420787 -2.207055 0.145577 0.056336 -1.620135 0.436149 0.089171 -0.995404 -2.344741 
0.587864 0.125155 -1.047436 -0.056440 0.003053 -0.137829 -0.026524 0.547575 -0.058084 -0.145875 0.244902 0.213846 -0.756395 -0.801899 -0.188512 0.128259 
0.100028 -0.371770 -0.145714 -0.493367 -0.578242 -0.134233 -0.165207 -0.220193 1.147811 0.452056 0.662352 -0.556353 -1.185989 0.030247 -0.419677 -0.126222 
