0.039872 0.127700 0.103086 -0.683588 -0.490485 0.557661 0.158041 0.210315 -1.021167 -0.529759 0.123702 0.183611 -2.386860 0.175035 -2.328066 0.783428 
-0.399098 -1.024952 0.247710 -0.568257 -0.534674 0.087543 0.100645 0.182725 -0.992517 -0.509251 0.696150 -0.704392 0.170500 0.451623 0.083927 -0.982534 
0.192876 -1.206957 0.220750 1.047784 0.388625 -0.006000 -0.495765 -0.338042 0.940527 0.264443 0.618085 -2.315417 -2.400010 0.455673 -0.076349 -0.224561 
0.164812 0.181849 0.227810 -0.033280 -0.875871 0.405523 -0.938153 0.111533 -1.168187 -1.184998 -1.191686 -0.733009 -0.222377 0.730704 -0.551167 -0.778984 
-0.274674 0.020097 0.325154 -0.337395 1.427118 -0.675751 -1.360242 0.077785 -0.434802 0.358507 1.029117 -0.262968 -0.829003 -0.634800 -0.662073 0.370554 
-0.901648 0.136564 0.120023 0.820750 0.597497 -0.046824 0.367209 -1.253824 -0.499653 -0.235168 0.442708 -0.870645 0.671443 0.025091 0.316945 0.367103 
0.252058 0.066938 -0.385386 0.057077 -0.557075 -0.029328 -0.017100 0.319679 0.648050 -0.127213 -2.082047 0.280995 0.428962 -0.375412 -0.840665 -0.810646 
0.295337 0.396410 -0.198118 -0.362059 0.364564 -0.788451 0.118666 0.348410 -0.864133 -1.373746 -1.406696 0.459737 0.054473 -1.095590 0.583346 0.769686 
-0.258281 0.288604 -0.094359 -0.160791 0.390264 0.322736 0.260682 -0.614906 0.376223 -0.864696 0.243463 -0.072153 -0.212661 0.109175 0.504523 0.237325 
0.267553 -1.142774 0.132818 -0.551113 -0.073620 0.261323 -0.543687 -0.202273 1.479339 0.460729 -0.624505 -0.935325 0.298560 -0.116340 -1.183297 0.440582 
0.075602 0.397673 -0.261252 -0.604843 -0.474973 -0.129129 -0.703484 0.189841 0.413259 -0.222038 0.451341 0.589771 0.078956 -1.865078 -0.896252 0.829218 
0.617495 -0.409798 -0.814596 -0.431900 -0.030886 0.505157 0.230452 -0.030451 -0.859685 0.334713 -0.448099 -0.541871 -0.420272 0.299502 -2.751121 -0.809448 
-0.193993 0.203802 -0.124844 -0.157431 1.044363 0.190117 0.600505 -0.047102 1.172751 -0.115514 -1.401861 -0.401164 0.131471 -0.197925 -0.823643 0.138239 
-0.244730 0.356821 0.231277 -0.098842 -0.155911 0.411116 0.158987 0.048522 0.612015 -0.240514 0.474439 -0.615466 -3.281368 0.093161 -0.181382 -0.698678 
-0.313975 -0.002528 0.191258 0.739408 -0.382239 -0.433970 -1.672825 0.260027 -1.622261 0.368655 -0.693178 0.279479 -0.293042 0.272593 -0.531408 -0.128499 
0.011950 -0.174029 0.138034 -0.605492 -0.806200 0.170982 -0.655123 -0.292450 0.108145 0.176465 0.353143 -0.121228 0.093223 0.272237 0.618692 -0.802485 
-0.340252 0.402857 0.287126 -0.039315 -0.524459 0.099266 0.375124 0.284713 0.380601 0.449248 0.190346 0.311340 -0.547490 -0.435232 0.159667 0.121678 
-0.250941 -0.135981 -0.064290 0.164410 -0.544386 0.212463 0.862321 -0.445094 -0.332954 0.218430 -0.070465 0.222024 0.104879 -0.116633 0.372962 -0.211056 
0.200647 0.260177 0.185500 -0.236183 -1.373820 0.132631 0.299414 -0.450110 -3.435607 -0.310939 0.139763 0.566773 -1.375842 0.160060 -0.554008 0.432103 
-0.225484 -1.611255 0.306178 -0.345535 0.179315 0.079628 0.033196 0.213019 -1.098126 -0.140577 -0.225154 -0.396289 0.974633 0.310814 0.493560 -1.246403 
0.174911 0.582796 -0.658023 0.274988 0.165436 0.048077 0.162051 0.178692 0.516510 0.446722 0.154543 0.827748 -0.192577 -0.358342 -0.145894 -1.147536 
0.448021 0.108847 0.158441 -1.763661 -0.638942 -0.002429 -1.207934 0.134041 -0.724068 -1.600232 0.282193 0.023363 0.487765 0.126089 0.214753 -0.901570 
-0.376508 0.154380 -0.011916 0.416959 0.111975 0.222371 0.189949 -0.040824 -1.789479 0.208979 -0.235075 0.237326 -1.165283 0.041301 -1.537889 -0.527876 
-0.110577 -1.041651 0.130762 0.232079 -0.010956 -0.204325 -0.340481 0.099408 -1.654937 0.470026 0.576970 -0.926351 -1.504428 0.035794 -0.403377 -0.757028 
-0.260071 0.227349 0.044908 0.120918 -0.205294 -0.129896 -0.039529 -0.143166 0.371970 0.263127 -2.375870 0.163539 0.727533 0.205784 0.583451 -0.276623 
0.549607 0.574201 -0.459822 -1.474509 0.077089 -1.048122 -0.482444 -0.219639 0.470871 0.585275 0.049038 0.512345 0.123138 -1.267163 -0.315884 0.305637 
-0.543893 0.250135 0.047392 0.155472 0.439912 -0.040557 -0.402542 0.093302 -0.607978 -2.082153 0.222794 -0.268748 -1.053174 0.398969 0.156322 1.156029 
0.194991 -0.508867 0.145170 -1.547760 -0.645072 0.176492 0.118760 0.161028 -0.002118 -0.283266 0.328308 -0.863635 -1.442727 -0.047194 0.987284 -0.245323 
0.022728 0.571656 -0.342386 -0.017424 -0.408977 -0.408751 -0.824639 -0.328007 0.383267 0.052504 -1.007735 0.457135 0.500486 -0.279498 -0.642378 -0.196808 
-0.382385 0.453015 0.135329 -0.155966 -2.172940 0.370327 0.372691 -0.038635 -2.303326 0.296541 0.304072 0.004962 -2.201905 0.109021 -0.670709 -2.975993 
0.072707 -0.070987 0.333232 -0.637066 -0.671185 0.159510 0.209810 0.513128 -0.646990 -0.324364 0.137592 -0.974631 0.151350 0.119049 -0.134366 -0.299176 
-0.253392 -0.385150 0.106361 -0.624423 -0.310036 0.078944 0.195862 0.383105 -0.708566 0.383100 -0.876241 0.336942 -1.387639 -0.041927 -1.651973 -0.069257 
0.229231 -0.708242 -0.032223 0.053134 0.102519 0.905894 0.160054 -0.262640 0.328596 -0.945524 -0.007506 0.262464 -0.143364 -0.301544 -0.616809 1.045849 
-0.651161 0.596564 0.000724 -0.339763 0.743792 0.077288 0.105229 -0.149254 0.327211 0.448205 -0.335916 -0.928443 -1.421456 0.291015 -0.473044 0.298354 
0.129580 -0.186523 0.174077 -0.004415 -0.919358 0.103061 0.169255 -0.753534 -2.847353 -1.832551 0.260187 -1.587183 0.785707 0.346819 -0.260024 -3.866187 
0.138260 0.057752 -0.261822 0.188207 0.668252 -0.583622 -0.614802 0.215033 0.393812 0.557076 -1.027135 0.691613 -0.326689 -1.066036 0.058721 0.093749 
0.063150 -0.671284 0.295569 0.463365 0.449554 -0.955021 -0.413232 0.330276 -1.751594 -0.847184 0.422476 -0.165078 -0.452932 -0.001507 -1.577204 -1.496587 
-0.058559 0.267162 0.103596 -0.495805 -1.160613 0.180274 -0.002282 0.181175 -0.036202 -0.195311 -1.651256 -0.178672 0.589633 -0.420027 -0.426676 0.523636 
-0.175759 0.823658 -0.355869 -0.442277 0.885200 -0.167414 0.314175 -0.631903 0.541263 0.419191 0.862271 -0.597526 -1.137275 -0.159329 -0.182580 0.175861 
-0.040511 -1.642368 0.038543 0.777413 0.423252 0.098739 -0.156792 -0.491757 0.094511 0.463058 -0.446199 0.278446 -0.347130 0.052508 -1.053715 0.235573 
-0.498171 0.595769 0.283445 -0.396182 0.607108 0.178707 -0.051025 -0.608829 -1.253924 -0.095857 0.457558 0.285912 0.301748 0.360569 -0.604907 -0.228583 
-0.349790 0.232006 -0.007030 -0.829440 0.007753 0.568900 -0.917075 -0.026865 0.092248 0.080928 -0.063745 -1.495163 0.829361 0.195370 0.573949 0.116136 
0.272266 0.025620 -0.091575 -0.245829 0.605703 -0.121810 -0.059917 -0.473985 0.047368 0.308042 -0.506175 -0.256667 -0.073153 0.045872 0.487694 0.061881 
0.071219 0.343404 -0.058602 0.146937 -0.031218 -0.087110 0.360658 0.286383 -1.239207 -0.376651 -1.095248 0.841840 0.128438 0.120507 -0.522200 -1.457702 
0.057757 -0.040587 -0.048154 0.212488 -0.094588 -0.113060 -0.459925 -0.757691 0.482059 -0.198480 0.923785 0.315040 0.035606 0.061164 0.197939 -1.415272 
-0.389414 0.103794 0.252371 0.508977 -0.242555 -1.462590 -0.153039 0.342622 0.370135 -0.588685 0.327956 -0.011238 0.503636 0.341945 -1.133878 -0.097318 
0.038168 0.107499 -0.232896 -0.024505 -0.931881 0.447456 0.160145 -0.721042 0.346633 -0.769665 0.221764 0.434542 0.984780 -0.178103 0.358417 0.395381 
0.209785 -0.412477 -0.136127 -0.720259 0.547987 0.256813 0.057704 -0.772238 -1.455211 0.271997 -0.386970 -1.085988 0.000190 0.268867 -0.608293 -0.627554 
0.101003 -0.910250 -0.054057 -0.424718 0.144864 0.233537 0.136566 0.147317 0.290454 -0.249998 0.677073 -0.098569 -0.349238 0.341916 0.410505 -0.683135 
0.215010 0.256284 0.237821 -1.242637 -0.405450 -3.320872 -1.018296 0.261203 -0.385010 -0.216506 0.385554 -0.042098 -0.348640 -3.549551 -1.412456 0.428026 
0.374295 0.038332 -0.080798 -0.104011 0.033856 0.190377 -0.112587 -0.108280 -1.632645 0.873061 -0.114067 0.083825 -0.833058 0.195100 0.627887 0.179047 
0.021309 -0.232502 0.188346 -0.441457 0.492998 -3.004464 -0.568504 0.229821 0.846977 0.496851 -0.240213 -0.258404 -0.159584 -0.330325 0.605178 -0.002876 
-0.638661 -0.229233 0.267355 0.185302 0.948519 -0.485340 -0.436833 0.227313 -0.717309 -0.102738 0.042837 -1.395215 -1.824864 0.282404 1.116528 -0.487597 
0.471268 0.168791 -0.203348 -0.003368 0.275157 -0.153308 0.058956 -0.032712 0.357108 -1.077904 -0.417230 0.425059 -3.002615 -0.382353 -1.384614 -0.123567 
0.050823 -0.902865 0.200224 -0.483597 -1.133765 0.039474 0.114227 0.269050 0.673049 -0.902392 0.299345 0.125934 -2.169613 0.407400 0.103935 0.191151 
0.144966 0.366786 -0.136884 0.378948 -1.166009 0.445749 0.058203 -0.470118 -0.208500 -0.002828 0.057766 -0.481408 -0.641185 0.734443 -1.152820 -1.321687 
-0.149447 0.248624 -0.296741 0.870173 0.270752 0.419762 -0.025109 -0.055754 -0.488070 -0.216335 -0.423724 1.349848 -0.857712 -0.211861 -0.413647 0.773580 
0.473405 -0.046110 -0.302656 -0.522424 -0.566268 0.216077 0.506134 0.543318 0.121508 -0.515124 -0.340582 -0.474471 -0.439795 0.098787 -1.895599 -0.865977 
-0.039998 0.477628 0.136634 0.097897 -1.168705 -0.568836 -0.665031 0.131434 0.592452 -0.055318 0.481686 -0.212081 -1.256835 0.080330 -1.043157 -0.667458 
-0.182614 -0.412475 0.259859 -0.344169 0.263068 0.224194 -0.853042 0.347598 0.052750 -0.012448 -2.056526 0.747640 -0.525598 -0.066323 -0.237535 -0.651836 
-0.389510 0.175146 0.053020 -0.049023 0.506816 0.108863 -0.122844 0.579756 0.639124 -0.321972 0.153983 -0.473750 -0.515271 -0.352447 0.812924 0.523857 
0.089239 0.091088 0.089083 -1.483216 -3.355298 0.119331 -0.529544 0.054097 -0.004284 -0.248629 0.297414 0.058165 0.189992 0.064257 0.349195 -1.755255 
0.305300 -0.203206 0.409265 -1.429024 0.053452 -0.049364 -0.272825 -0.164037 -0.254728 0.346445 -0.470904 -1.335855 -1.637694 0.348380 -1.230982 -0.072954 
-0.095851 0.460531 -0.075800 -0.602173 0.738416 -0.158633 -0.477871 -0.004045 0.760857 0.066169 -2.090649 -0.176830 -0.099036 0.135767 1.078870 0.214063 
0.104490 -0.385370 0.043061 0.961355 0.478734 0.113856 0.262921 0.365486 -0.505891 -1.285105 0.053142 -0.166111 -0.398894 0.559196 0.593411 0.061495 
0.634976 -0.295380 0.047527 0.631641 -0.810247 -1.895228 -0.309081 -0.010625 -1.320760 -0.152051 -0.566447 -0.857974 -0.497424 0.128731 0.446883 0.453966 
0.190057 -0.653019 0.398203 -0.327552 0.716646 0.219576 -0.033106 -1.279355 -0.428053 -0.155758 -1.417589 -0.468888 0.094131 0.175350 0.581983 -0.466012 
0.489559 -0.513693 -0.096969 -0.297626 -0.973771 0.361096 0.529498 0.145010 -0.575260 -0.349910 0.157428 -0.105640 -0.631066 0.397697 -0.434458 -0.161366 
-1.310457 0.314658 0.138078 0.434124 -0.179021 -0.295193 -0.854871 -0.686700 -1.131992 0.099911 0.267939 -1.122603 0.419022 0.098548 -0.237306 -2.369651 
0.521758 -1.044317 -0.173207 -0.023353 0.396674 0.073206 -0.162926 -0.144519 -0.361050 0.131598 -0.145568 0.096150 -0.374583 0.565404 0.440527 -0.271644 
0.068483 0.603995 0.109030 -0.147197 -0.346689 0.064648 -0.255852 0.115317 -0.414364 0.208726 -1.243726 0.239034 -0.059943 -0.737376 0.871389 -0.456539 
0.187555 -0.419059 0.428163 -0.406871 0.945279 0.249715 -0.082953 -1.273943 -0.959921 0.183014 0.139260 -1.961927 -0.103409 0.049848 -1.783010 -0.974596 
0.110467 -0.645123 0.292119 1.186933 -0.480621 -0.688892 -0.029063 0.148655 -0.522723 -0.159472 0.146484 -1.558095 -1.345091 0.250370 -0.815399 -1.429070 
-0.220266 0.118321 0.193685 0.005900 -0.167274 0.000870 -0.001908 0.261934 0.433034 0.687975 0.221088 -1.129177 -1.616172 0.259146 -0.123321 -0.346196 
0.028741 -0.102751 -0.251293 0.921088 -1.516164 0.918399 0.087158 -0.127974 -0.408623 -0.791683 0.252521 -1.620971 -0.759624 0.000175 0.443372 -1.331727 
0.231402 0.092067 -0.569754 -0.350116 0.448171 0.243762 0.133614 -0.987704 0.389485 0.414965 -0.058859 -0.558623 0.502871 0.012586 0.341087 -1.011760 
-0.099539 -0.136727 -0.147263 -0.992412 0.983148 -0.628285 -0.581300 -0.295687 0.234919 -0.133985 -1.061858 0.588791 0.801947 -0.488670 -0.388947 0.165724 
0.392815 -1.469446 0.198705 0.083888 0.887065 0.309128 0.373943 0.117224 -0.745707 -0.072399 0.336794 -0.499279 0.580133 -0.370439 0.823860 0.256088 
-0.087747 0.603346 0.100808 0.476640 0.003682 0.214045 -0.078634 -0.860109 -1.991940 -1.069568 -0.001842 -0.798222 0.054818 0.161088 -0.107893 -0.048413 
-0.057977 -0.270412 -0.101502 0.476218 -0.961806 -0.095346 0.029177 -0.020433 -1.943044 0.140005 -0.564757 -0.043462 0.286480 0.714440 -0.188935 -0.560719 
-1.249694 0.391475 -0.184556 0.220653 0.557796 0.316778 0.497437 -0.623478 -0.867147 0.430438 0.235083 -0.699150 0.591064 -0.255905 0.274345 0.221775 
-0.122399 -0.124070 0.208125 0.060677 0.773016 -0.151321 -0.664715 0.228124 0.345412 0.336938 -1.050695 -0.153741 0.739870 -0.357034 -0.519173 -0.094173 
-0.129843 -0.563368 -0.339445 -0.502507 1.117521 -0.066262 -0.113919 -0.274458 -0.233428 1.240465 -0.245066 -1.505062 0.950011 -0.758635 -0.234091 0.183019 
0.263769 0.561238 -0.053251 -0.363448 -0.296683 -0.481556 -0.013739 -0.007957 -1.301328 -0.941884 -0.656969 -3.258337 -0.242588 0.173451 -0.020194 0.625909 
0.184898 -0.008204 0.380087 -0.125071 0.003308 0.053917 -0.137993 -0.825291 -0.487960 0.117170 -1.169125 0.307877 0.281961 -0.002017 0.353002 -2.216414 
-0.200623 0.017218 0.249712 -0.291568 -0.760668 -0.930490 -0.809296 0.317498 -0.103874 0.099469 0.346933 0.368940 -0.133343 0.092280 0.190254 0.230232 
-0.268242 0.118846 0.055862 0.788776 -2.186968 0.266209 -0.253678 0.025473 -1.867674 0.000628 -1.307112 0.410443 -0.491306 0.198017 -1.150806 0.718805 
0.093674 -0.093609 -0.496474 -0.125207 0.860990 -0.050323 0.412046 -0.711086 -1.417301 0.899361 -0.346646 -0.308582 0.200070 -0.101586 -0.417625 0.140632 
-0.037208 -0.513301 -0.164235 0.139224 -0.382749 0.177710 -0.167048 0.629483 0.713902 -0.193580 -0.311247 0.213951 0.189633 -0.114997 0.856988 -0.145857 
0.136754 0.144409 -0.087543 -0.098112 0.011792 0.146354 0.046992 -0.177635 -0.030111 0.416095 -1.518350 0.287467 0.253147 -0.920537 -0.608863 -0.656639 
0.219362 -0.608967 0.122225 -0.106863 -0.872609 -0.014129 0.582183 0.230244 0.410745 0.007821 -0.075187 -0.028717 0.426487 -0.060456 0.682294 -2.056230 
0.378610 -0.773662 0.213284 -0.741683 -0.928555 0.465775 0.176652 0.167554 0.171285 0.207036 -0.527889 -0.453938 -0.178444 0.017075 -1.529857 -1.602265 
0.122792 -0.075365 -0.206674 -0.371447 -0.536275 0.259123 0.029478 -0.096839 0.626913 0.413783 0.793093 -2.839643 0.603082 -0.102099 0.160844 -0.855728 
0.295294 0.033305 -1.042638 0.349721 0.456887 1.007003 -0.576108 -0.339692 -0.929149 -0.453512 -1.027405 -0.123549 0.563822 0.134719 0.550628 0.117173 
-0.197591 0.485372 0.356989 -0.332849 -0.991452 -0.288437 -0.361885 0.252272 -1.534821 0.366369 -0.342932 0.386915 -0.402734 -0.421763 -0.107583 -0.005531 
-0.150470 -1.161600 0.312616 0.714459 -0.790046 0.093414 0.486872 0.107732 -0.276300 -0.294879 -0.025589 0.262265 0.250832 -0.359767 0.518415 0.928782 
-0.137054 -0.229445 -0.139015 -0.941559 -0.035771 0.557405 0.662398 0.226377 -0.349429 -0.028297 0.393056 0.181759 -1.391020 0.203196 -0.402898 0.627983 
0.138442 -0.250731 -0.326547 0.341065 0.051799 -0.073548 0.171924 0.403996 0.632751 -0.510607 0.253212 0.232478 0.705266 -1.658354 0.507414 -0.214860 
0.336293 0.007969 -0.451314 0.463592 -0.437738 -4.317701 -1.517457 0.335525 0.392205 -0.098466 -0.744746 0.510933 0.354756 -1.637751 -1.823988 -0.897337 
-0.603729 0.424026 -0.385795 0.515592 0.244818 -0.421487 0.365465 -0.285161 0.538245 -0.221989 0.307036 0.078279 0.731175 0.131897 -0.126547 -0.397812 
