-0.407058 -0.076976 0.014296 0.242700 0.469710 0.023244 0.194354 0.114262 0.467128 0.169594 -0.871736 -0.293850 -0.683933 -0.690350 1.082635 0.222527 
0.221797 -0.192579 0.052139 -0.242466 -0.251815 0.264138 0.470361 -0.502692 -4.066005 0.065062 0.358371 -1.717513 -1.210208 0.061145 -1.380185 -2.282272 
0.377404 0.400702 -0.576668 0.452228 0.174056 -0.341710 -0.545257 -0.434017 0.251074 -0.516349 -0.184387 0.547175 0.641854 -0.600516 -1.663613 0.090288 
-0.296954 -0.914986 0.056000 0.377128 -0.526140 -0.136529 -0.627288 0.065223 -0.817601 0.544027 -0.038596 0.077071 -0.073946 0.146093 -1.592530 -0.539028 
-0.175443 -0.443403 -0.382508 0.543778 1.023506 -0.154106 0.187394 -0.355027 -0.936398 -0.073361 -0.031672 -1.328825 0.320183 0.206798 0.472627 0.553487 
-0.006373 0.320688 -0.193279 0.346478 -0.655651 0.409082 -0.412071 -0.745027 -1.281194 -0.062405 0.119868 -0.012582 0.442149 0.344643 -0.915532 -1.577384 
-0.002697 0.264563 -0.024960 -0.113244 -1.789263 0.251665 0.427016 -0.020606 0.406349 0.042410 0.381222 -0.144920 -0.261399 -0.076331 0.089039 -0.041299 
-0.695851 0.153045 0.195857 0.107447 -0.008581 -0.025472 -0.368963 -0.547295 -0.546028 -0.187625 -0.280340 -0.059994 0.913163 0.015251 0.397158 -0.282402 
0.032329 0.397284 -0.802558 0.601210 -0.322380 -1.315060 -0.885928 -0.185250 0.255063 0.846192 0.159743 -0.362011 0.466278 -0.147371 -0.443206 -1.578312 
0.251940 -0.921726 -0.169238 0.825157 -0.077157 -0.229248 0.008285 0.255208 -0.609062 -0.949708 -0.134064 -0.731857 -0.371672 -0.396913 -0.867953 0.043384 
-0.056850 -0.023146 -0.190552 -0.636667 -0.458013 0.238978 0.050519 -0.484900 0.321961 0.212952 0.449499 -0.977050 -0.536032 0.305051 0.334701 -2.146101 
0.141281 -0.632795 0.023069 -0.013548 0.569517 -0.225027 -0.621984 -0.081765 -0.676316 0.945099 -0.484946 -0.335439 0.003397 0.193131 -0.961256 0.270371 
-0.026667 0.158293 -0.477681 -0.075934 0.170604 0.829914 0.011241 -0.834671 -0.311716 -0.314509 -0.158390 -0.008995 0.050830 -0.496971 -0.159633 -0.351721 
0.158950 0.301242 0.185526 -0.085838 -1.583639 0.364005 -0.053261 0.191434 -0.268798 -0.216957 0.312634 -0.020010 -0.083110 -0.189990 -0.524173 -0.181845 
0.400154 0.371239 0.198515 -0.971322 -1.776863 -0.719164 -0.520418 0.176335 -0.205361 0.203014 0.209778 -0.967658 -0.912896 -0.029500 0.047699 0.251691 
0.383213 -0.768005 -0.036547 0.043315 -0.908640 0.193677 0.120338 -0.043867 0.213928 -0.383197 0.387002 0.013726 0.407143 -0.078576 -0.174717 0.352401 
-0.126465 -0.400669 0.257490 -0.786225 -1.140006 -0.563858 0.157480 0.085245 -0.162075 -0.608053 0.382249 -1.516355 0.345983 0.159708 0.506119 -2.389886 
0.371468 0.143307 0.153414 -0.433029 -0.684506 0.095446 -0.880712 -0.170554 -0.068304 -2.046647 -0.153301 0.109756 0.427399 0.338868 -0.306897 -0.089081 
0.225240 0.003442 -0.117868 -0.802453 0.195995 0.035404 -0.054931 -1.462359 0.543821 0.043640 -0.097785 -0.284914 0.618599 0.175046 -0.264946 -0.112021 
-0.134566 -0.367927 0.220488 -0.346586 0.103348 -0.155749 0.304270 0.196089 0.288954 0.317072 -0.514901 -1.905796 -1.336346 0.257387 -0.009526 -0.586071 
0.145825 -0.221540 -0.052000 0.176769 0.204529 -0.017582 -0.257182 -0.089833 0.210532 -0.018414 0.061980 0.059901 -2.150530 0.068672 -0.496140 0.267677 
-0.032765 -0.754159 0.047841 -0.659325 -0.488541 0.005960 0.447225 0.026389 -0.398458 -0.112116 0.185173 -0.203768 0.649508 0.046824 1.039813 -0.589457 
0.028563 0.214033 0.215363 -0.816883 -0.735323 0.182228 0.108951 0.129262 -1.916190 -1.502864 0.003955 -2.029412 0.081452 0.303348 -1.110069 0.643317 
0.154712 -0.089846 -0.099485 -0.242201 -0.078416 0.052912 -0.485836 0.150403 0.044316 0.263840 -0.407901 0.363961 0.224188 -0.510722 0.530805 -2.497430 
0.126627 -0.196170 0.392055 -0.555408 0.574268 0.209734 -0.343466 -0.228807 -0.803292 -0.076962 -0.840808 0.144095 0.194401 -0.134993 -0.427040 -0.273759 
0.222329 0.387307 -0.684680 -0.500717 -0.667196 -0.035865 0.119374 -0.044968 -0.865998 -0.190221 0.582892 0.317829 0.377759 -0.292023 -0.182784 0.550321 
-0.714858 0.002412 0.292849 -0.266758 0.920782 -0.381431 -0.686173 -0.144728 0.156710 0.219474 -0.034438 -0.324709 -0.335185 0.321458 0.261010 0.350223 
0.109926 0.405925 -0.087198 -0.286198 0.750773 0.173102 0.134313 0.110934 -0.213835 -0.026206 0.200483 -0.619071 -1.813108 -0.284611 0.570289 1.157488 
0.163235 0.370432 -0.237115 0.268824 -1.375286 0.101480 0.265758 0.157513 -0.348450 0.058267 -1.033874 0.075786 -0.059804 -0.242550 -0.763407 -0.612518 
-0.179353 0.431333 0.122614 -1.165310 0.203723 0.698052 -0.176607 -0.085028 -0.068875 0.011816 0.559210 0.130295 0.078171 0.113568 -1.130957 -0.782329 
0.330827 -0.030459 0.104771 -0.296425 -1.538320 0.312205 0.107875 -0.393019 -1.192389 -0.261555 0.034482 0.409296 -1.163829 0.137393 -0.549553 0.365388 
0.114501 -0.646359 0.197526 0.597484 -0.512515 -0.393809 -0.417535 0.251251 0.279893 0.300859 -0.617070 -0.019227 -1.212015 0.263760 -0.940856 0.169049 
0.022701 0.133262 -0.400820 0.057841 0.329812 0.090720 0.326322 0.266318 0.424771 0.371304 -1.032110 0.709469 -0.419575 0.087707 0.064070 -0.780250 
0.214333 -0.432190 -0.643980 -0.034231 0.859747 0.221296 0.247459 0.324931 0.272510 -1.062405 0.285946 -0.069128 0.261731 -0.536770 -2.005724 -0.610804 
0.243217 -0.766740 0.142670 0.707882 1.053893 0.005866 0.401346 -0.183906 -0.109032 0.062616 -0.707471 0.063168 0.241365 -0.260619 -2.674687 -0.054190 
0.016201 0.208534 0.110597 0.038137 -0.096141 -1.160293 -0.986407 0.206750 -0.057026 0.276042 -0.685911 0.012832 -1.081298 -0.016199 0.045536 0.126061 
0.130581 -0.050390 -0.177579 0.445303 0.079343 -0.241044 -0.541077 -0.312740 0.660410 0.175152 -0.194304 -0.530984 0.405571 -0.211967 -1.077173 -1.520232 
-0.122316 -0.532933 0.139524 0.323132 -0.622046 0.339467 0.323249 0.185138 0.275158 -0.444943 0.574225 -0.110914 -1.201483 0.233280 -0.336594 -0.292341 
-0.079023 0.103634 -0.233305 -0.183765 -0.067716 0.573329 0.545722 -0.115507 -0.169396 -0.452653 0.490695 0.290924 -1.270500 0.438123 -0.506811 0.398967 
-0.486412 0.464260 0.254926 -0.005201 -0.708152 0.207902 0.211808 0.235758 -1.171568 -1.587353 0.494124 0.225646 -0.456448 0.171035 0.655925 -0.925393 
0.154243 -0.008725 -0.006382 -0.163345 0.010511 -0.005294 -0.552992 -0.052097 -0.625423 0.934339 0.409115 0.224173 -2.365941 0.372441 -0.691223 0.022102 
0.238969 0.416823 -0.588053 -1.052591 -0.101528 -0.178565 -0.620792 -0.392975 -0.582094 0.225256 -0.767046 0.132984 0.692317 -0.242316 -0.781924 0.195468 
0.041149 -1.045460 0.402430 0.461933 0.070532 -0.097364 0.118941 -0.110627 -0.302856 0.115911 -0.091128 -0.514126 0.188044 -0.144594 -0.567834 -0.667497 
-0.851252 0.930603 -0.101676 0.207008 0.104157 0.027006 -0.155956 -0.484426 -1.506279 0.218331 0.219226 0.406932 -1.081590 0.206389 0.146792 -0.323349 
0.083255 0.192137 0.110103 -0.250820 0.018252 -0.118190 -0.454180 0.137635 0.441495 0.245183 -0.134890 0.284263 -0.443734 -1.305811 -0.401682 0.391930 
0.151399 0.029941 0.277003 -0.623168 0.740498 0.598115 -0.004069 -0.509176 -1.027197 -0.318811 -0.647968 0.230122 -1.844685 0.323051 -0.055621 0.025647 
-0.228100 -0.532983 -0.035496 -0.770244 0.008797 0.523285 -0.553484 -0.140247 -0.638596 -0.308697 -1.000895 -0.250396 0.200621 0.508269 -0.943973 0.118835 
0.177253 -0.468168 -0.021289 0.210335 -0.551514 -0.069901 -0.670800 0.023848 0.594603 -0.493410 0.321546 -1.049155 0.160942 0.203270 0.209158 -1.612485 
0.214176 -0.851349 0.168678 0.022334 0.515334 0.313914 -0.418934 0.200828 -0.638932 -0.945712 0.460219 -0.637399 -1.417050 0.393309 -0.720247 -1.176399 
-0.102822 -0.299255 -0.061285 0.145059 -0.699864 0.361705 0.030121 -0.379085 -0.108247 0.555263 -0.101736 -0.602150 -0.975322 0.038114 -0.115661 -0.419417 
-0.357891 -0.187642 0.254280 -0.255919 -0.238116 -0.557786 -0.063579 0.224171 -0.423021 0.233537 0.012323 0.320383 0.379441 0.186074 -0.510002 -0.152058 
0.318549 -0.455161 -0.025594 -0.487121 -0.575678 0.379406 0.246000 0.083657 -0.114206 -0.007418 0.521073 -0.402331 -0.859944 0.319618 0.075519 -0.705554 
-0.536843 -0.130982 -0.503170 0.098142 0.445637 0.864482 0.133555 0.066097 -0.392223 0.154733 -1.167292 -0.321568 0.395634 0.032263 0.576384 -0.447773 
-0.128252 0.090761 -0.077478 -0.534165 -0.499696 -0.174208 0.098900 -0.083033 -0.279353 -0.120725 0.513557 0.189284 0.122496 0.326112 -0.518595 -0.292045 
0.261021 0.355134 0.234864 -0.035029 0.855830 -1.011342 -0.755718 0.272019 -0.144080 -1.392016 0.508705 0.166979 -0.336368 -0.717518 -0.125349 0.435150 
0.049661 -0.246266 -0.352275 0.622462 -0.416958 -0.280671 -0.023969 0.556222 -0.296666 -0.344942 -0.746139 0.353155 -0.649943 0.409106 -0.111258 0.065922 
-0.148347 -0.851033 0.276539 0.495400 -0.699380 -0.600727 -0.449095 0.279099 -0.405282 -0.466876 0.069011 -1.091214 -0.742942 0.541141 0.437038 -0.693978 
-0.237634 -0.460345 0.027228 0.045763 0.088346 0.420166 0.266072 -0.108045 -0.683983 0.425104 -0.239162 0.450277 -0.473945 0.152556 0.250748 -1.130174 
0.083973 0.243065 0.116850 -0.810114 -0.730602 -0.137543 0.433825 0.094360 -0.535782 0.088195 -0.138173 0.340022 0.117551 -0.152424 0.343362 -1.598675 
-0.044226 -0.036545 -0.715811 -0.543459 -1.210488 0.238120 0.739496 0.080085 -0.906525 -0.777270 0.161843 -0.405604 -0.366203 -0.069290 -0.546272 -0.770907 
0.016096 0.386215 -0.016068 0.059792 -0.922632 -0.056020 0.363886 -0.208616 -1.184454 -0.405354 -0.885351 -0.428697 0.063464 0.238022 -0.221802 -0.381290 
0.076213 -0.089070 -0.302961 -0.073355 0.583057 -0.229691 -0.004998 -0.163312 0.659862 0.615043 0.680685 0.081122 0.009849 -1.027637 0.233260 -1.279656 
0.322051 -1.456117 0.058746 0.208655 0.413366 0.113950 -0.037158 0.009630 0.768685 -0.142715 -0.025835 -1.256593 -0.282173 0.104369 -0.658359 -1.033385 
0.003450 -0.543196 0.418312 0.523402 0.478067 0.001509 -0.148069 -0.775039 0.732480 -0.328205 -0.317673 0.047373 -0.725824 0.199057 -0.694329 -0.074607 
-1.236334 0.348176 0.130123 0.476826 0.372836 -0.166419 -0.314967 0.038786 -0.298507 -0.203005 0.102454 -0.257670 0.030453 -0.492769 -0.830509 0.373562 
0.252627 -0.729710 -0.002543 -0.175051 0.411218 -0.058168 0.086087 0.375391 0.568156 -0.143684 -0.041585 0.492649 0.202920 -0.309849 -0.304298 -1.155976 
0.424928 -0.021838 -0.072411 -1.097849 0.632439 -0.412518 -0.007525 -0.244292 0.178508 -0.202298 -0.688116 0.081478 0.384576 -1.508596 0.102367 0.310292 
-0.395091 0.100698 -0.226876 0.373427 0.393938 0.232817 0.371652 -0.526849 0.250751 -0.866923 0.007290 0.261243 0.457388 0.173640 0.181094 0.396917 
0.345901 -0.868644 -0.422609 0.659301 0.115770 0.077139 0.319470 -0.240513 -0.714813 0.410039 -0.615044 -1.351505 -0.991899 0.376783 0.329813 0.195043 
0.049509 0.318150 -0.708188 -0.303193 0.490508 -0.454187 -0.456589 -0.025004 0.503173 0.077581 0.238586 0.773695 -0.018522 -0.681981 -0.636791 0.071402 
0.428357 0.243882 -0.159081 -0.848644 -0.219096 -2.363434 -0.676290 0.396964 -0.151537 -0.559191 -0.595601 0.514237 -0.064221 -2.921242 -0.405659 -0.078846 
-0.146191 0.328961 -0.248228 0.263066 -0.079196 0.358602 0.130148 -0.068239 -0.757106 -0.076650 -0.882423 0.677487 -0.419679 0.329733 -0.675308 0.386508 
0.300493 -0.717633 0.242997 -0.684283 0.192099 0.279170 0.351564 -0.217500 0.147631 -0.035021 -2.347267 -1.153656 0.059002 0.015273 -0.503149 -0.410453 
-0.698927 -0.219763 0.230778 0.201163 0.088649 -0.284999 -0.980972 0.272570 -0.662689 0.400032 -0.439166 -0.233606 -1.182897 0.127299 0.304598 -0.110802 
-0.771283 0.380779 0.264001 0.603286 -0.446018 -0.192586 -0.104361 0.055378 -0.282575 -0.933978 -0.202625 -0.803340 0.378796 0.342385 -0.195569 0.266124 
0.294627 -1.337963 0.120767 0.446244 -0.156946 -0.018367 -0.503464 0.016111 -1.892701 -0.286866 0.358511 0.124141 -0.279804 0.045095 0.597642 -1.059999 
0.115593 -0.247147 -0.027783 0.323750 -0.112463 -0.717683 -0.569133 0.345236 0.455640 -0.106401 -1.125909 0.570925 0.014888 0.203956 -0.222787 -0.341193 
-0.155741 0.027368 0.156555 -0.026066 -1.930081 0.372265 -0.091404 0.167083 -0.034539 -0.628319 -0.580126 0.143739 -0.316272 0.318414 -0.526440 0.504533 
0.179809 -0.168624 -0.239952 -0.540497 -0.139157 0.276134 0.147169 -0.836591 -0.748695 0.007509 -0.358130 -0.275964 0.821320 0.310061 -1.015270 -0.909968 
0.133008 -0.064865 0.113946 -0.133717 -0.618015 -2.520798 -0.718319 0.299033 0.048800 0.114890 -0.153667 0.569604 0.791479 -1.117901 -0.356708 -0.016864 
-0.308344 0.232904 -0.248149 0.086052 -0.057800 -0.118811 0.089678 -0.557446 0.017070 0.895272 0.492804 0.254354 -0.511637 -0.104483 -0.496368 -0.090387 
-0.025342 0.184494 0.356942 -0.479109 -0.916999 0.108861 0.234482 -0.093488 -2.254523 -0.465035 -0.177894 -0.276187 -0.317141 0.015033 -1.105528 -0.335792 
0.417208 -0.308531 0.202633 0.284750 -0.537032 -1.439788 -0.266898 0.246740 -0.803410 0.328598 0.150951 -0.987039 -1.009352 -0.732170 0.016630 -0.073101 
-1.277917 0.514571 0.000025 0.190754 0.401087 0.004574 0.067461 -0.193575 -0.683024 0.304042 0.307951 0.081152 0.145625 0.218508 0.232747 0.240101 
0.213095 -0.330069 0.347371 0.585636 -0.674539 0.262859 -0.057579 0.211710 0.032413 -0.972459 -0.374778 -0.997101 -0.942518 0.132292 -0.820472 -0.155204 
-0.228612 0.088902 0.071008 -0.815800 -0.228973 -0.109378 -0.889119 0.023546 -0.092972 -0.578723 0.493069 -0.978319 0.852558 -0.108169 0.353760 -3.020480 
-0.150236 -0.711334 0.205064 -0.540992 0.467040 0.115762 -0.419600 -0.022426 0.659693 0.618247 -0.364108 -0.181078 0.551770 -0.089116 -0.916611 0.178231 
-0.390598 0.250897 -0.020448 -0.361444 1.623781 -0.058939 0.072463 -0.389748 0.459289 0.475022 -0.867135 -0.351428 -0.266165 -0.016294 0.335946 0.287409 
-0.034226 -0.933342 -0.033697 -0.346749 0.462458 0.333424 -0.036373 -0.108115 -0.484655 0.722741 0.071165 -0.187227 0.607114 -0.260992 -1.406913 0.243719 
0.268896 0.383320 0.179961 -0.811399 -1.331694 -0.132732 -0.925553 0.140837 0.475047 -0.003065 -1.383749 0.125809 0.173485 0.092257 0.232489 0.088920 
0.096871 0.175830 0.241905 0.179161 0.092809 -0.787244 -1.258007 0.262419 -1.343910 0.258394 0.611990 -0.131123 -1.324136 0.180740 0.066776 0.126600 
0.294439 -0.421191 0.019441 -0.784153 -1.196743 0.253755 -0.139029 0.043310 0.426365 0.271915 -0.160555 -0.154644 0.266434 -0.099909 -0.166912 -1.812517 
-0.291031 0.636072 -0.001604 -0.396252 0.711437 -0.785155 -0.256075 0.008542 0.673841 0.133665 -0.822746 -0.187613 0.102619 0.026318 0.564806 0.314369 
-0.063657 0.331784 0.135143 0.543260 0.585853 -0.169533 0.396407 -0.141476 -0.154308 -0.876502 0.187325 -0.206225 -1.753768 -0.147867 0.181503 -0.900564 
-0.180895 -0.059899 0.063348 -0.495338 0.883693 -0.737665 -0.005962 0.152390 0.407571 0.519772 0.201401 0.090542 0.426379 -0.627022 -0.158714 0.058589 
-0.736996 0.323095 -0.131108 -0.052659 -0.239511 0.257176 0.482665 -0.104518 -0.485137 0.483750 -0.313738 0.388517 0.399537 -0.158776 0.234984 -0.078728 
-0.020132 0.134002 0.296072 -0.055082 -0.158997 -0.403658 -0.635979 0.229079 -1.177152 -0.168032 -0.788664 0.519301 -0.419338 -0.016653 -0.328714 0.274082 
-0.202394 0.244432 0.275782 -0.065568 -0.292029 -0.165310 0.135363 0.192475 0.556288 -0.258641 0.465856 0.248216 -0.605286 -0.098161 0.778218 0.434481 
-0.098725 -0.329109 0.319371 0.090680 0.410472 -0.024538 -0.499045 -0.269019 -0.508001 0.068225 0.208622 -0.519652 0.062832 -0.467740 -0.310709 -0.912996 
0.249679 0.297693 -0.232837 -0.252562 0.501437 0.026916 0.120030 0.589249 0.760023 0.006608 -0.401055 -0.592310 -0.731829 -0.605305 -0.460775 0.351878 
