0.061689 0.081024 -0.093336 -1.093120 -0.556327 -0.135278 -0.420496 -0.313041 -0.287098 -1.569542 0.054814 0.417844 1.125804 -0.141239 0.473312 -0.184547 
-0.071233 0.224416 -0.269697 0.091157 -0.941018 0.221153 0.188044 0.300191 -0.773810 0.076335 -2.346470 0.437226 0.183054 -0.329627 0.787504 -0.336483 
-0.312902 -0.258781 -0.046779 0.212577 0.566271 -0.521116 0.021840 -0.054767 1.219990 0.225687 -2.338035 0.062990 0.775800 -0.251397 -0.191406 -1.299573 
0.074028 0.650524 -0.606315 -0.304557 -0.397447 0.645341 0.023867 -0.043685 0.541228 -0.073843 -0.324063 0.204858 0.351487 -1.232208 0.645195 -1.746736 
0.470788 -0.211369 0.036786 -0.550302 -0.684438 -0.134660 0.489618 0.101633 -0.510887 -0.739506 -2.439379 -1.142494 0.380264 0.223414 -0.945944 -0.110275 
-0.286223 0.685945 -0.320849 0.995926 -0.703304 0.607471 0.478923 0.196413 -0.226139 -0.737592 -0.086648 -0.520039 -0.181628 -0.259063 -0.326763 0.626349 
0.334511 -0.862615 0.117626 0.358904 -1.644876 0.371098 -0.354035 -0.031965 -0.753137 -0.704590 0.266891 -3.949952 0.133912 0.453765 0.608302 -3.305779 
-0.462730 0.334464 0.366142 0.625471 0.544458 -0.333779 -0.813932 0.148920 -2.544395 -0.048441 -1.829700 -0.232523 0.311479 0.314511 0.901805 -0.486137 
0.263124 0.016817 -0.035167 0.196101 0.291532 -0.220164 0.414630 0.002165 0.247275 -0.659402 0.072703 -0.299391 -3.450982 -0.285415 -1.576590 0.631356 
0.233225 0.300238 -0.453978 0.035389 -1.487026 -0.058047 0.352707 0.743745 -2.872076 -0.348145 -0.617589 -0.134318 0.270437 0.207162 -0.949215 -2.256044 
-0.401310 -0.373929 0.720066 -0.185837 0.214227 0.432277 -0.093042 -0.772142 -2.134563 0.272460 0.902623 -0.748077 0.253929 -0.611255 -1.757592 -0.149281 
-0.014010 0.083791 0.129959 0.086047 0.078894 0.333563 0.512080 -1.232222 -0.977361 -1.070035 -0.174712 -0.648802 -0.517433 0.231422 -1.876791 -1.132076 
-0.288310 0.586299 -0.665035 0.251575 0.561022 -0.533233 -0.496295 -0.662227 0.154316 1.305216 0.416482 -0.713857 0.824599 -0.390842 1.017674 0.645661 
0.246076 -0.754708 -0.094337 0.321075 -0.635066 0.150602 0.538231 0.381360 -0.712979 -0.300198 -1.406003 0.307002 0.017393 -0.815897 -3.297022 1.029037 
0.048128 0.372333 0.125209 -2.016994 -0.785876 -2.180101 -1.399992 0.102725 -0.639112 -0.462533 0.086905 0.143796 0.011180 -3.767780 -1.495278 0.661459 
0.181269 -0.075797 0.085645 0.443411 -1.081355 -0.276283 -0.948281 0.116646 -0.405537 0.020601 -3.006777 0.549435 -0.415148 0.029631 -0.447669 -0.680756 
-0.236192 -0.775559 -0.105443 0.406065 0.849928 0.162865 0.029726 0.155408 -1.001134 0.387463 0.902352 -1.193715 0.885603 -0.151885 0.916291 -0.686835 
0.267345 -1.928709 -0.083518 -0.593442 1.032437 -0.043565 0.275149 0.290283 -0.561772 0.345459 -0.652721 -0.671581 0.546717 0.041434 -1.641273 -3.324093 
0.067034 0.749656 0.153733 0.642218 1.248478 -1.000124 0.026963 -0.227906 -0.582586 0.293901 0.794580 -0.454884 -1.722457 -0.255062 -0.527388 0.315894 
-0.069423 -0.151907 -0.034733 -0.028570 0.646126 0.157869 -0.136535 0.053329 -4.258879 1.061671 0.602689 -0.442947 -1.156173 0.290944 -0.830677 -2.020507 
0.073533 -0.250428 0.137321 0.665501 -0.233559 0.543844 -0.463276 0.067784 -2.190650 -0.597959 0.102718 -0.104588 -2.308721 -0.237819 0.769554 -2.554936 
-0.847063 0.399729 0.328871 0.414384 -0.475609 -1.343821 0.448193 0.177816 0.379342 0.184913 0.575831 -0.612335 0.037547 -0.302635 -2.920471 -0.871821 
0.067388 0.001779 0.090053 -0.963947 0.603825 -0.523523 0.806431 0.019330 0.436857 0.589665 -1.188064 -1.849019 -1.019574 0.157112 0.205954 -0.051081 
-0.088152 0.035407 0.049919 -0.999580 0.354601 0.054339 -0.166501 0.109961 0.855729 -0.001490 -3.183869 0.525869 0.426882 0.143408 -2.591539 -1.121204 
0.393501 0.532123 -0.674521 -0.360849 -0.661634 -0.214147 -0.054785 -0.568170 0.111280 0.465433 0.700095 0.190967 -0.881197 -0.130268 -0.210769 -0.670917 
0.326668 -0.064492 -0.228554 0.143715 -1.077951 0.437966 0.532749 -0.760621 -0.645373 0.242849 -0.103039 -0.657921 0.687880 -0.442196 0.207086 0.832903 
0.112416 0.404136 -0.653390 0.168857 0.344004 -0.179576 -0.175843 -0.293205 -0.292416 0.750625 0.193554 0.678537 0.593050 -0.528770 -1.576193 -1.566742 
0.232910 0.089298 -0.406859 -0.307825 0.247551 0.016959 0.220338 -0.978828 0.034104 -0.915570 -1.492296 -0.046449 0.588491 -0.198336 -0.849294 0.466307 
-0.123862 -0.286378 -0.036544 -0.399765 -1.118254 0.433637 -0.688995 -0.400375 0.559072 0.142650 0.308878 -0.754320 -0.304900 0.358711 -0.329206 -0.882099 
-0.528385 -0.211096 0.236648 0.040647 0.185651 -0.328709 -0.244989 0.080806 -0.625786 -0.112145 0.099400 0.383791 0.799072 -0.720460 -0.470547 -0.763784 
-0.397213 0.078818 0.247365 -0.957548 0.435686 0.546407 -0.669202 0.372553 -0.197582 0.200742 0.239356 -0.785115 -1.122352 -0.011015 -0.068686 0.308542 
-0.000294 -0.595485 0.257969 -1.286718 -0.704208 0.270981 0.484041 0.170482 0.482738 0.106976 0.927152 -0.387142 -0.377584 0.023392 0.945471 -1.120178 
-0.090422 -0.249077 -0.013828 0.194301 0.838682 -0.014827 -0.013896 0.027433 0.347559 -1.286263 -0.521024 -0.069078 -1.555689 -0.050894 -1.855448 -0.076462 
0.193486 0.246125 -0.023784 -0.716598 -0.893025 0.357662 0.363505 0.269980 -2.166182 0.358432 -0.382301 -0.706625 0.117087 -0.506757 -0.148025 -0.925911 
0.429713 -0.771934 -0.066646 0.268112 -0.943655 0.272206 0.356284 -0.033763 0.405645 -1.184212 0.646672 0.178733 -0.582455 -0.033547 -0.069885 1.634050 
-0.189612 -0.232145 0.051454 0.732529 1.196242 -1.442210 -1.067701 0.001748 -1.752047 0.186777 -0.887855 0.019327 0.066344 -0.403295 -0.130744 -0.002600 
-0.032648 0.127199 -0.933456 0.452730 0.393332 0.139647 0.227542 -0.044760 -0.925371 -0.314162 -0.297835 0.076947 0.216879 0.564171 -1.072745 -0.060778 
0.405584 0.366729 -0.684007 -1.160241 -0.864661 0.266935 0.261728 0.259914 -0.829971 -0.249477 -0.110609 -0.141937 0.176795 -0.512889 0.741872 0.340824 
0.300996 -0.739637 -0.046714 0.234284 0.040219 -0.074994 -0.325727 0.099446 1.714792 -0.079255 -0.084876 -1.661133 -0.430188 0.145114 -2.339961 1.327591 
-0.054870 0.258166 -0.147514 -0.772955 -1.529534 0.291876 0.373300 -0.165288 -1.654443 -0.051393 -0.066453 0.837143 0.765708 0.149188 -0.421252 -1.328612 
0.011900 -0.533352 0.164187 -0.444770 -0.972208 -0.740308 0.068606 0.387480 0.558517 -0.193881 0.318582 0.362841 0.130841 0.094460 0.489964 -0.535760 
0.390116 -0.436377 -0.040771 -0.345022 -0.026001 0.411321 0.275012 -0.256389 0.367389 0.567783 -0.315782 -0.505341 -0.771258 -0.216456 -2.280126 -0.970366 
0.237308 0.297530 0.390387 -0.265348 -0.931737 0.255720 -1.224462 0.349272 -0.969732 -0.841611 -0.142100 -1.042061 -0.789354 0.498368 -4.347328 0.100084 
-0.004777 0.009661 -0.032451 -1.491779 -1.363228 -0.256807 -0.259342 -0.029864 0.262526 -0.169755 0.416302 -2.381580 1.045629 0.025742 -0.032001 -3.467166 
0.006966 -1.508362 0.038676 0.389998 0.069388 0.095439 0.190060 -0.316286 0.283389 0.793738 -0.176930 -1.258801 -0.426275 -0.047424 -2.276203 -1.219409 
-0.364909 -0.252473 -0.594383 -0.391239 -0.712101 0.378914 0.644025 -0.319825 0.200953 -1.017755 -0.291379 1.211634 -1.556761 1.122033 0.704332 -0.300636 
-0.405052 -0.047469 0.394547 0.672986 -0.391433 -0.921494 -0.090002 -0.036480 -1.657209 -0.117604 0.364997 -0.156787 -0.145433 0.526053 0.418662 -1.918240 
-0.989116 0.548872 -0.008539 -0.165850 1.006066 0.280314 -1.018231 0.005215 0.074611 0.372091 -2.071576 -0.486882 -0.499267 0.217559 0.808983 0.460534 
-0.091757 0.327279 0.206130 -0.332130 -1.140099 0.117603 -0.159758 0.055822 -2.495945 0.331208 0.216213 0.897126 -2.101115 0.155019 0.058694 -0.441337 
-0.390069 0.125957 -0.066653 0.294363 -0.839822 0.313576 0.632764 -0.337325 0.670153 0.028322 -0.049593 0.293015 -0.373752 0.201078 0.756449 1.458821 
0.153780 -0.163033 0.327657 -0.475553 -0.552593 -0.369533 -0.660070 0.259451 -0.326823 0.253740 -2.636563 0.485586 0.594327 -0.542745 0.047749 0.056992 
0.049220 0.280601 -0.081987 -0.023375 0.525835 -0.428849 -0.721346 0.333863 -0.309244 -1.510930 0.767802 0.859568 -0.494414 -0.139657 -0.235644 0.871100 
0.456859 -0.059610 0.135159 0.527356 -1.299038 -1.216962 -0.428186 0.193200 -0.365583 -0.551585 -0.468458 0.695061 -0.884255 0.522510 0.364722 -0.533164 
-0.706113 -0.176010 -0.337543 0.716686 0.723762 -0.009708 -0.217861 -1.081566 -0.628595 -0.275455 1.003514 -3.408143 0.626445 0.033804 -0.651447 0.389994 
-0.220948 -0.762598 -0.052265 0.839563 0.183097 -0.714839 0.077139 -0.149949 0.007681 -0.281380 0.306428 -3.350526 -1.428352 0.511218 -0.178942 -0.590771 
0.320803 -0.093582 -0.082610 -0.272446 -0.159736 -6.133207 -1.732592 0.382543 0.494095 -0.029858 0.219988 0.339896 0.361340 -2.336562 -0.854105 -0.801100 
-0.019469 0.543553 -0.096727 0.237399 1.019072 0.111859 0.008521 0.058441 -2.492495 -0.671637 -2.157389 -1.561336 0.105929 -0.030326 1.761289 0.187511 
-0.196878 -0.531715 0.309681 0.036244 -2.584056 0.403543 -0.040930 0.361586 -0.227723 -0.267996 0.195408 -0.028581 -2.122129 0.347128 -0.137915 0.120512 
-0.216647 0.522923 0.252434 0.317257 -0.579708 -0.585643 -0.333115 -0.053663 0.615319 -0.151340 -1.537516 -0.278374 0.359274 0.188415 -0.743382 0.687021 
-0.063059 -1.123425 0.265573 -0.134464 -0.037933 0.165634 -0.058900 0.152539 -1.382721 -0.355193 0.318817 1.317428 -0.300658 -0.061884 -1.300448 1.768785 
0.197633 0.138758 -0.781544 0.246723 0.106525 0.185422 -0.084677 0.442025 0.438523 -0.624018 -0.260724 0.869425 -0.111003 -1.130087 0.480154 0.608430 
-0.237907 0.596952 0.039639 -1.019184 -1.347369 0.107813 0.240338 -0.334580 -2.323909 -0.309735 0.515146 0.193994 -4.173351 0.290850 0.487002 -1.054928 
0.189739 0.136403 -0.354103 -0.480918 -0.244832 0.083067 0.467409 -0.880949 0.181697 0.252596 0.566654 -0.470726 -1.059587 0.132693 0.201923 -0.332177 
0.150885 -1.135883 0.235675 0.104102 -0.407090 0.357129 0.490770 -0.225370 -0.070084 0.131052 -1.511879 -0.088902 0.045717 -0.358576 -0.000043 0.055801 
0.172940 -1.157839 -0.323669 -0.646475 -0.019814 0.753468 0.201451 -0.041502 -0.413629 0.170226 -0.211586 0.858302 -0.639014 0.111906 -3.762739 -0.102146 
-0.057976 -0.098291 -0.112913 0.334858 0.545738 -0.134226 -0.487297 -0.321931 1.263462 1.029888 -0.549579 -1.706277 -1.061272 0.257509 0.280281 -0.188772 
0.467297 -1.296051 0.163244 -0.247566 0.376516 0.329981 -0.524675 -0.857218 0.633402 0.226631 -0.853491 -1.681951 0.176165 0.510721 0.379133 -0.373753 
-0.299770 0.287157 0.269194 -0.572070 -0.722439 0.295530 0.406896 -0.019773 -2.013794 -2.137231 0.353987 0.192339 -1.908052 0.146091 -1.826841 -0.939641 
0.392258 -0.516186 -0.180558 0.317884 -0.123828 0.593553 -0.209152 -0.890553 0.121390 0.364216 -1.590256 0.367789 -0.253989 0.171425 0.576340 -2.911318 
0.240884 -0.786168 0.197303 -0.918047 0.400837 -1.593936 -0.665856 0.273218 0.888782 0.387961 0.668351 -0.639182 -0.172733 -1.578360 0.839703 0.233453 
0.000126 -1.139089 0.498333 -0.393158 0.056331 -0.839761 -0.260361 0.390481 -0.589818 -1.229004 1.089153 -0.446532 -0.585075 0.406615 0.649097 -0.747535 
0.022610 0.388539 -0.030287 -0.045336 0.085377 0.010768 -0.710367 -0.003467 0.532532 0.289305 0.135850 0.073016 0.189796 -2.251875 0.063026 -0.251270 
0.414075 -0.267644 -0.198064 -0.082147 0.104279 0.181925 0.189196 -0.224044 -3.709107 0.906247 0.833262 -0.411481 -0.601741 0.669873 -0.323535 -0.536784 
0.082547 -1.085704 -0.140154 0.068066 1.032778 -0.300511 0.029473 -0.532691 0.675315 -0.300697 0.185257 -0.458540 -0.741187 -0.200814 0.603389 0.595886 
-0.277462 -1.131888 0.319181 0.331032 0.394972 -0.067968 -0.853348 0.291233 0.338244 0.584176 -0.314680 0.410697 -0.731091 0.068045 -1.916412 0.276664 
-0.192430 -1.637963 0.061526 0.605052 -0.141339 0.492337 0.178629 -0.107989 -2.911577 -1.001738 -0.546494 -1.185267 -1.716888 -0.143352 0.195145 -2.016370 
-0.235214 0.123575 0.510537 0.227207 0.196894 -1.492146 -0.789647 0.391850 -1.996776 -0.469619 0.577158 -4.450447 -0.401565 0.238997 0.120992 0.338731 
-0.398323 0.686102 -0.801043 -0.255616 1.554819 0.835398 -0.956260 -0.824366 -0.628093 0.333842 -0.487576 -1.675743 0.589773 0.283247 0.242046 0.246205 
-0.352742 0.730355 -0.517662 -0.080787 -0.193115 0.379672 0.115936 -0.957756 0.786222 -0.052157 -0.098817 0.328426 0.125238 -0.010149 -0.737584 0.321632 
0.309072 -0.913261 0.241054 0.442424 -0.348993 -0.195380 0.390291 0.147996 1.146889 -0.392624 -0.489015 -1.258653 0.005241 0.292084 -0.615125 -1.964991 
0.198987 -0.154200 0.205187 -0.757415 -1.532748 0.081263 -0.558954 -0.041988 -1.050853 -1.203564 0.092596 -1.120151 0.287761 0.481169 -0.052326 -0.708048 
-0.114238 0.586647 0.088614 -0.333687 -1.257304 0.494288 0.540472 0.387597 -0.827285 0.331007 -0.795088 0.219672 -0.930192 -0.021914 0.284646 0.338201 
0.065622 -0.028435 0.341917 -0.307072 -0.479358 0.604789 0.095262 -1.425557 0.262082 0.005162 -0.929243 0.119986 0.243156 -0.025276 -0.678567 0.094647 
0.379543 0.464046 -0.555618 -0.337840 -0.288205 -2.797805 -2.478797 0.376795 0.081984 0.262294 -0.591098 0.927446 -0.353392 -2.623319 -1.877763 0.317981 
0.358186 0.486074 -0.266924 0.193762 -0.171690 0.080252 0.129577 -0.251686 -0.176517 -0.322751 -2.701244 -0.049853 0.430807 -0.762304 0.018975 -0.215197 
-0.335153 -0.146353 0.198906 0.233251 0.240796 0.423690 0.084016 -1.325847 -0.016228 0.278407 -0.165779 -0.740681 1.018799 -0.018287 -0.999080 -0.035467 
0.126262 0.038415 0.025440 -0.917669 0.295070 -1.230714 -1.495984 -0.029749 -0.208652 0.546553 0.213352 0.613580 -0.434851 -0.045861 0.253098 0.379752 
-0.108650 0.329379 0.146397 -0.018007 -1.156002 0.286688 -1.211000 -0.488753 0.437522 -0.376427 -0.206887 -0.278686 0.540224 0.222525 -0.546325 -1.049415 
0.264264 -1.666063 0.362096 -0.108963 -0.159801 0.164875 -0.259904 -0.220409 0.014351 0.226934 -0.537677 0.270832 -0.144798 -0.023441 0.740508 -0.724337 
0.798128 -0.256583 -0.400294 -0.016524 0.650710 0.191813 -0.903675 -0.212660 0.308897 -0.383253 -0.632075 0.344076 -0.634171 0.185886 -0.645862 -0.953160 
0.442607 -2.649234 0.001495 0.246616 0.602393 -0.477996 0.119735 0.003527 -0.426196 0.083918 0.283266 -0.601338 0.558522 -0.091965 0.911799 -0.222188 
-0.113472 0.262249 -0.518072 -0.577929 0.532597 -0.251098 -0.035371 -0.798530 1.104074 0.292802 -0.110374 0.290271 -0.000640 0.092371 0.338622 -2.292755 
-0.056813 -0.741796 -0.052951 0.420375 -0.522642 -0.122302 -0.103005 0.463080 -0.164972 -0.687918 -0.119879 0.609596 -0.456260 0.695877 -0.170661 -0.368708 
0.283995 -0.078588 -0.243866 -0.286778 -0.487821 0.895420 0.143589 -0.815377 0.379842 -0.805029 -0.041055 0.730920 -0.012877 0.422241 0.485369 -0.228302 
-0.701447 0.081310 0.153581 -0.278112 0.283951 -1.349712 -1.771597 0.127986 0.547244 0.469218 -0.718111 0.306191 0.269250 0.014646 0.061440 -0.047733 
-0.903735 0.796940 0.022164 -0.387011 0.139854 -0.447672 0.063960 0.160793 1.296050 0.101631 -0.863379 -0.878881 -0.098192 0.889423 1.273686 -1.777646 
-1.268618 0.283411 0.198941 -0.303364 0.618970 -0.003104 0.309858 -0.059469 -0.712019 0.158524 0.558518 0.057038 0.509787 -0.327176 0.316107 0.887086 
-0.639635 0.995976 -0.135782 -0.888460 0.894905 0.283030 -0.148297 -0.111667 -1.083166 0.230940 0.410137 0.052837 0.523878 0.215310 0.462964 -0.368005 
-0.233751 -0.625266 -0.044945 -1.228044 1.509497 0.460683 -0.040864 -0.187611 1.172454 -0.233348 0.400444 -0.581787 -0.101430 -0.013338 0.496572 0.578816 
-0.046142 0.467492 0.333770 0.402156 -0.797983 0.517584 0.412788 0.328718 -0.850487 -0.946394 0.001762 1.138524 -3.550924 0.204748 -0.006034 0.588306 
