-0.026660 0.002046 0.002373 -0.002263 -0.035652 0.028524 0.042915 -0.002250 0.214521 0.021191 -0.023790 -0.030456 0.010305 0.003014 0.059433 -0.356569 
0.002267 -0.032081 -0.027388 0.007049 -0.058056 0.024372 0.007161 -0.057779 -0.098450 -0.015041 -0.320354 -0.007900 -0.050736 -0.038706 -0.162246 -0.763336 
0.055902 -1.199606 0.071459 0.086498 0.027912 0.160009 0.104513 0.102449 -0.171361 -0.070083 -0.903300 0.092675 0.068880 -0.082746 0.179452 -0.044225 
-0.093267 -0.092540 -0.112647 -0.041904 -0.107576 0.130148 0.133369 0.023972 0.373069 -0.267231 -0.050806 0.095134 -0.159624 0.126916 -1.206242 -0.117563 
0.013250 -0.016135 -0.093931 -0.046188 -0.035805 0.057587 0.107565 -0.038055 -0.237098 -0.010465 -0.361449 -0.291578 0.070507 0.009180 -0.233221 -0.261462 
-0.212626 -0.039412 0.199933 0.240742 0.080620 -0.553727 -1.435748 0.108347 -1.644953 0.073463 -0.101076 -2.124000 0.096939 0.230938 0.428572 -2.704310 
0.058081 -0.009412 -0.051334 0.003751 -0.109146 0.022465 0.068739 -0.089951 -0.127847 -0.031714 -0.166750 0.154930 0.053808 0.001698 0.021996 -0.316221 
-0.050734 0.050776 0.029995 -0.010898 -1.154197 -0.220737 -1.005592 0.076700 -0.337253 0.018489 -0.692573 0.052239 0.043027 0.073456 -0.750011 -0.202682 
-0.053511 -0.315684 0.189952 -0.285132 -0.001536 -1.977647 -2.558455 0.301765 -0.654068 0.198404 -1.253925 0.356877 0.050033 0.003330 0.305828 -0.257714 
-0.053107 -0.032621 -0.077839 -0.029850 -0.088588 -0.001703 -0.011756 -0.067499 -0.026931 -0.001171 -0.337100 -0.169460 0.041583 0.002227 -0.144681 -0.157360 
-0.054025 0.290793 0.179495 -0.239308 -0.631238 -0.060489 -0.626515 0.159123 -0.188318 0.171309 -0.635949 -0.058364 0.166439 0.355855 -0.833872 -0.232176 
0.199173 0.086053 -0.094809 -0.008151 0.576424 0.587830 0.540679 -0.150206 0.395101 -0.152404 -0.273632 0.086503 -0.980928 0.024837 0.558269 -0.073362 
-0.020731 -0.122434 -0.054964 0.029305 -0.611226 -0.311897 -0.647223 0.058521 -0.799099 -0.122169 -0.493391 0.428996 -0.227218 0.274559 -0.532732 -1.009340 
-0.001420 0.168370 0.092427 -1.007000 -0.019283 0.197214 -0.446190 0.169199 -2.663748 0.001285 0.144839 0.115355 0.130133 -0.360682 -1.292183 -0.004205 
0.159755 0.099312 0.138083 0.147448 -0.124096 -2.723592 -0.157828 0.141658 -2.775889 0.100170 -0.220572 0.112125 0.162108 -1.121189 -6.040377 0.104248 
0.008190 0.044430 -0.064262 0.216006 0.054634 -0.091888 0.428482 -0.074363 -0.010196 0.040160 0.394417 -0.856642 0.129674 0.351415 0.649533 -5.852909 
-0.116850 -0.022302 0.169970 -1.954357 0.035362 -0.319163 -1.017244 0.104725 -0.138902 0.097756 -0.055461 0.109917 0.041909 -0.487250 -0.292220 0.204303 
-0.019440 -0.014638 -0.077252 -0.027202 -0.110736 -0.003077 0.016604 0.001296 -0.090290 -0.035775 -0.012076 0.056620 -0.008823 0.079826 -0.149978 -0.259873 
-0.304964 -0.033506 -0.097953 0.249772 0.263112 0.357572 0.169277 0.015542 -0.223149 -0.105277 0.774079 -1.438652 -0.290882 0.151474 0.120864 0.163623 
0.007463 0.019781 0.003455 0.002065 0.018660 -0.031175 0.032282 0.001252 0.074139 -0.017008 0.071055 0.008589 -0.013657 0.022192 0.025537 -0.516081 
0.123714 0.053920 -0.053910 -0.015341 0.009354 0.193368 -0.040303 0.029743 -0.000091 -0.060510 -0.324553 -0.118396 -0.013985 -0.047693 -0.244839 -0.381315 
-0.015116 -0.109233 -0.019655 0.059853 -0.636670 -0.242337 -0.288559 0.111014 -0.983638 -0.086742 -1.298761 0.323451 0.055440 0.186537 -0.406527 -0.243594 
0.028162 -0.096175 -0.022909 -0.044594 0.020286 0.022785 -0.007771 -0.024004 -0.210217 -0.001251 -0.108119 -0.007881 -0.032217 0.034466 -0.158420 -0.384783 
0.051668 0.009245 -0.016184 -0.057980 -0.053075 0.060890 0.106410 -0.075512 -0.064811 0.010520 -0.164806 0.013288 0.011228 -0.025825 -0.196129 -0.425391 
-0.074027 0.034632 -0.065492 -0.125505 -0.148549 0.097254 -0.116911 -0.035040 -1.134926 -0.072813 0.295049 -0.096989 -0.026203 -0.189216 -0.894726 0.070814 
0.033020 0.023613 0.012612 -0.000027 0.092778 0.106354 0.065632 0.059877 -0.069152 0.018979 -0.384424 0.195252 0.037980 0.013933 0.112012 -0.555069 
0.064266 -0.214757 0.222037 0.235104 0.316850 0.369936 0.704970 -0.165569 -0.540681 0.020320 -0.099686 -0.038854 -0.068626 0.337747 0.464986 0.144003 
-0.006318 -0.005389 -0.132953 -0.075648 0.035732 -0.014519 0.138306 -0.003427 -0.053669 -0.090121 -0.262871 0.159345 0.000211 -0.042755 0.207291 -0.377060 
-0.268895 -0.463113 0.020311 -0.124798 0.297029 0.468128 0.126836 -0.364494 -1.701650 -0.046288 -1.166897 0.133505 0.096760 0.037914 0.306484 0.057256 
0.409979 0.431563 -0.421020 -0.228083 -0.185672 0.254587 -0.540745 -0.735033 0.321951 -0.217935 -0.605536 -0.324919 0.159370 -0.195797 -0.652838 0.116732 
0.021461 -0.033048 -0.052991 -0.264698 0.025398 0.003399 0.179789 -0.001365 0.212257 -0.018197 0.021934 -0.016441 -0.024016 -0.642489 0.332087 0.062374 
-0.006761 -0.111027 0.015472 0.039758 -0.003244 0.097190 0.067189 0.033561 0.176626 0.049073 0.485681 -0.157251 -0.262911 -0.119462 -1.681865 0.548060 
-0.421309 -0.059022 0.180870 0.045983 -0.632626 -0.009277 -0.485811 -0.092597 -1.103507 0.158174 -0.728227 -0.020709 0.297314 0.209144 -0.180882 -0.140550 
0.003264 -0.564242 -0.268301 0.509226 0.207816 0.125084 0.533939 -0.222441 0.193399 0.159222 -0.033339 -1.007649 -0.961223 0.214065 0.106219 -1.160234 
-0.005037 0.029899 -0.060333 -0.066269 -0.124769 0.002572 -0.093727 -0.000494 -0.329345 -0.052408 -0.578123 -0.053362 -0.036779 0.120681 -0.034719 -0.196749 
0.082804 0.037587 -0.061885 -0.005785 0.354642 0.496932 -0.375538 0.035045 0.270507 -0.411925 -0.165371 0.105978 0.032368 0.091256 -0.810329 0.227391 
0.198469 -0.977993 0.036206 0.388191 0.039339 -0.031808 0.501060 0.186511 -1.351759 -0.007677 -0.313855 -0.611127 -0.386833 0.368851 0.845671 -2.919040 
0.185931 -1.116201 0.169663 0.328729 -0.461662 0.420023 0.314970 0.241926 0.275128 -0.399207 0.106866 0.156823 0.056606 0.199723 -0.359565 -0.099956 
0.047073 0.117734 -0.084337 -0.097520 -0.097998 0.010406 0.092858 -0.011755 -0.452202 -0.037695 -0.254505 0.205815 0.074815 -0.140735 -0.113131 0.007137 
0.021871 -0.042845 -0.098423 -0.107613 0.066465 0.025874 0.118073 -0.102353 0.049733 -0.125699 -0.400486 -0.001094 -0.061434 -0.053101 -0.218200 -0.339882 
0.116993 0.085677 0.043352 0.050266 -0.013799 0.116257 0.188253 -0.163816 0.548547 0.045668 -0.020202 -0.061933 0.084165 0.040369 0.002013 -0.025269 
0.041792 0.031338 -0.031660 -0.317629 0.213700 0.080467 0.220776 0.012734 0.465822 0.008859 -0.119504 0.084784 0.013453 -0.875966 0.370369 -0.252232 
-0.048206 0.072308 -0.073339 -0.030528 0.131537 -0.103546 0.178239 -0.016569 0.073238 0.040727 0.361663 -0.082830 0.066416 0.045064 0.612523 -4.202621 
-0.020352 0.017649 -0.035999 -0.035481 -0.056324 -0.060433 0.021478 0.014256 0.052173 -0.053443 -0.088722 0.056084 -0.023243 -0.037209 -0.135847 -0.419985 
0.058847 0.270199 0.009242 -0.298946 -0.030389 0.097260 0.088303 0.101248 0.100174 -0.012163 -0.091092 0.202513 0.178616 0.034508 -0.152929 -1.313330 
0.122936 0.113268 0.168258 0.142774 -0.463508 0.222749 0.146731 0.011576 0.060926 0.070100 0.377169 0.047632 -0.857325 0.184187 -3.235820 0.400636 
0.221667 -0.028473 -0.105099 -0.237872 -0.052950 -1.620451 0.143815 0.066772 0.057318 0.049027 -0.651099 0.080635 0.235889 -1.113004 0.043926 0.173269 
0.045054 0.310823 -0.082800 -0.266894 -0.261046 0.178697 0.316443 -0.158722 0.260236 0.049870 0.363981 0.249601 0.161795 0.201450 -0.084750 -4.342509 
0.045479 0.062978 0.041872 -0.486031 0.059290 -0.043005 -0.283099 0.077029 0.112160 0.043121 0.314550 0.013922 0.055805 -0.773064 -0.464715 0.117541 
-0.036465 -0.193308 0.144339 0.164689 -0.177227 -0.362663 0.014322 0.208239 -2.697421 0.008343 0.570180 0.188011 -0.383413 0.479865 -2.853802 -0.551369 
0.300227 0.110742 -0.149298 -0.222748 0.248837 0.079741 0.206357 -0.322255 0.413985 0.193048 -0.527811 0.076670 0.257524 -1.046532 0.517271 0.099705 
0.055633 0.074566 -0.029429 0.010108 0.156071 0.151222 0.205714 -0.119729 -0.316636 -0.065719 -0.431142 0.147696 0.056780 0.091689 0.116903 0.056948 
-0.236086 -0.159749 0.237614 0.062885 -0.258520 -0.627757 -2.382479 0.175246 -0.850024 0.231823 -1.198466 -0.175066 0.188989 0.283583 0.410274 -0.439501 
0.033761 -0.144089 0.059560 -1.022369 0.174304 0.032003 0.060292 0.216747 0.435022 0.092647 -0.074150 -0.011452 -0.136169 -0.789743 -0.010689 -0.379710 
0.002844 0.026697 0.036061 -0.018202 0.045995 0.025480 0.070656 -0.030532 -0.130283 0.017741 -0.478190 -0.025955 0.082870 -0.035659 -0.141936 0.005645 
0.331538 0.052118 0.057212 -0.770464 0.150398 -4.610466 -2.734092 0.114814 0.175382 0.218897 0.073454 0.062309 0.225320 -1.892314 0.129347 0.168214 
-0.075482 0.280071 0.261498 -0.714141 0.097542 0.213775 -0.825244 0.077132 -2.352204 0.232137 -0.577687 0.112615 0.117000 -0.017944 -0.440452 0.177019 
-0.046592 -0.001670 -0.138473 -0.108862 -0.004618 -0.048210 0.057795 0.004631 0.053229 -0.099551 -0.140478 0.198081 -0.024139 -0.029786 0.187220 -0.951654 
0.039364 0.028510 0.050451 -0.070222 0.169165 -0.014297 0.077884 0.098827 0.171699 0.106982 -0.273463 -0.029363 0.072683 -0.220902 0.245370 -0.126709 
-0.056096 -0.063691 -0.030278 -0.035847 0.000098 0.054672 0.312873 -0.053754 -0.666653 -0.064195 -0.126895 -0.052822 -0.051349 0.037796 -0.173210 -0.508857 
0.008741 -1.070737 0.086578 0.416034 0.135318 0.320701 0.821655 0.081855 -2.786048 -0.174525 -0.243213 -8.589066 -0.685371 0.354227 0.228099 -2.422436 
-0.064076 0.008865 -0.098903 -0.090031 -0.006558 -0.001964 -0.348613 0.011772 0.265987 -0.083521 0.006988 -0.060061 -0.021238 -0.083285 -0.831901 0.319762 
0.167570 0.159640 0.106187 0.171017 -1.013641 -0.116839 -4.557607 -0.341162 -0.100577 -0.090562 0.228454 -0.754463 0.280099 0.026475 -2.321984 -0.109280 
0.007824 0.012844 -0.073994 -0.060117 -0.117828 0.096593 0.202575 -0.027789 -0.113039 -0.088717 -0.196501 -0.022807 -0.000285 -0.046891 -0.424175 -0.332936 
0.251286 0.399906 -0.021973 0.038978 0.265732 0.446984 -0.962507 -0.023594 0.033955 -1.758488 -0.057983 -0.077038 0.105660 -0.003571 -2.066276 0.273097 
-0.019636 -0.160521 0.006231 -0.009829 -0.326309 -0.949984 -0.908933 0.041960 -1.579453 -0.001027 0.131085 0.101805 -0.062629 0.203909 -0.126373 -0.028573 
-0.393197 -0.360519 0.177482 0.281579 -0.013857 0.087507 -0.523566 0.142469 -1.580944 -0.587327 0.355141 -2.758122 -0.048346 0.222965 0.189154 -0.062430 
0.011744 -0.105134 -0.029631 -0.025220 0.094661 0.138356 0.172117 0.025813 -0.211802 -0.003124 0.281692 -0.175173 -0.038215 -0.006282 -0.029726 0.102616 
-0.467087 -0.154630 0.211418 0.210569 0.014942 -0.509681 -1.649186 0.120080 -2.696688 -0.003615 0.175999 -4.386800 0.146611 0.252454 0.278469 -3.898078 
0.072972 0.088925 0.103817 -0.229770 0.063336 0.103652 0.197102 0.020091 0.660600 0.111554 -0.114303 0.100815 -0.239216 -0.540740 -1.797713 -0.464413 
-0.022911 -0.096556 -0.140010 -0.073599 -0.112256 0.002120 0.024296 -0.147660 0.020714 -0.098045 -0.508820 0.339405 -0.016768 -0.085380 0.219849 -0.606605 
0.036326 0.097273 0.216423 0.255781 -0.621423 -0.262632 -6.997376 0.236717 -0.510214 0.097821 0.284757 -1.987623 0.159239 0.283237 -0.111894 -0.578943 
-0.039804 -0.063984 -0.046205 -0.037510 -0.055425 -0.008900 -0.023700 -0.047686 -0.010409 -0.050447 -0.286627 -0.039719 -0.024317 -0.045964 -0.005850 -0.771873 
0.058710 0.119646 0.049106 0.069591 -0.070002 0.098424 0.175209 -0.232998 0.144354 0.065977 0.235353 -0.329039 -0.013581 0.097988 -0.210625 -0.755521 
0.072227 0.049774 0.066179 0.026036 -0.112341 0.072189 0.098827 0.053928 0.091968 0.056692 -1.830758 0.050215 0.062978 -0.408061 -2.483632 -0.209017 
-0.081966 -0.112773 -0.091548 -0.096435 -0.192090 -0.032122 -0.008081 -0.089565 -0.297352 -0.158767 -0.193479 -0.073984 -0.079504 -0.114510 -0.150055 -0.899611 
-0.041105 -0.044547 -0.155318 -0.179637 -0.007687 -0.021064 0.074848 -0.131595 -0.021032 -0.124657 -0.479717 0.090889 -0.042946 -0.019656 -0.404803 -0.252821 
-0.126214 -0.110769 0.088812 0.083483 -0.081427 -0.620779 -2.589157 0.094708 -0.846336 0.068630 -0.538551 -0.213296 -0.013161 0.135913 0.126440 -0.647109 
0.031418 -0.058560 -0.035962 -0.040190 0.002326 -0.067895 0.060025 0.002961 -0.028726 -0.003617 0.107381 -0.055484 0.051713 0.004406 0.262089 -0.817194 
0.027080 0.136258 0.017289 -0.039791 -1.012595 0.076611 0.016220 -0.054033 -0.263328 0.004212 -0.032554 0.079318 0.143350 0.296838 -1.150772 -0.667186 
-0.034875 0.155481 -0.004192 -0.039331 -1.793086 0.169484 -0.433701 -0.178675 0.097791 -0.006588 -0.149362 0.054007 0.167861 0.372181 -1.563905 -1.529470 
-0.008333 -0.148584 0.005325 -0.126026 -0.093135 0.015352 -0.014104 0.027361 0.084517 0.012143 -0.633110 0.049742 -0.038898 -0.230484 -1.497995 -1.016848 
0.309799 0.087698 -0.275523 -0.624204 0.100534 0.309968 -0.033731 -1.147011 0.219868 0.102783 -0.897855 0.271101 0.078259 -0.928809 -0.148583 0.301780 
0.104608 0.177726 -0.263763 -0.330821 -0.165757 0.185120 -0.018122 -0.577650 0.319353 0.023213 -0.023907 -0.121555 0.004896 -0.155808 0.083044 -0.291682 
-0.110318 0.147196 0.202078 0.178664 -0.628981 -2.053223 -1.871722 -0.280955 -1.979208 0.063001 0.516436 -1.472523 0.208022 -0.021594 -0.864863 -0.419785 
0.139440 0.150587 0.057431 0.045441 0.030982 0.168411 0.173933 0.023491 -0.289989 0.043242 0.062386 0.016315 0.086584 0.095445 0.014511 -0.071682 
-0.023206 -0.018877 -0.104821 -0.139694 -0.016067 0.132722 0.123681 -0.082359 0.154657 -0.144888 -0.039578 0.222751 -0.018409 -0.005373 -0.177181 -0.705192 
0.047091 -0.005902 -0.024428 -0.021673 0.024287 -0.021776 0.085872 -0.011177 0.079425 0.023745 0.147764 -0.006959 0.044848 0.004408 0.155669 -0.743888 
0.084364 0.053062 0.024277 0.018862 0.147642 0.169616 0.146303 0.000362 -0.186137 0.026352 -0.990244 0.166375 0.096405 0.050248 0.113728 0.069093 
-0.025307 0.099625 -0.063525 -0.008574 0.203607 0.419502 0.396038 -0.026749 0.411243 -0.246333 0.285452 0.274029 -1.217902 0.235086 0.454218 -0.082040 
-0.045300 0.012206 0.068784 0.075769 -0.143231 0.007334 0.233939 -0.571681 -0.302531 0.073402 0.156872 -0.553149 0.079273 0.183551 -0.580112 -1.500694 
0.032384 0.001666 0.060337 0.103665 0.016182 -0.080983 -0.044079 0.084885 0.010172 0.073736 0.129438 0.050812 0.019594 0.094083 -0.093621 0.003079 
-0.059737 -0.063101 -0.066938 -0.067072 -0.012710 -0.063323 0.004754 -0.022076 -0.034363 -0.068955 -0.228177 -0.042957 -0.025448 -0.033900 0.110145 -0.448415 
0.116427 -0.090240 0.123688 0.159605 -0.198752 -0.036839 0.189892 0.120045 -0.443614 0.116890 0.274254 -0.300196 0.056479 0.341193 -0.673651 -0.933739 
0.113775 0.107504 0.078223 -0.019891 0.067949 -0.099499 0.037155 0.196942 -1.893072 -0.059311 -0.926211 0.205974 0.137042 -1.343349 -3.309168 0.386976 
0.082635 -0.005385 -0.049348 0.029053 -0.125107 0.066198 0.128840 -0.063091 -0.469415 -0.033765 -0.217477 0.253561 0.063044 -0.031656 -0.137355 -0.255669 
-0.027854 -0.052566 -0.086872 -0.089687 -0.172105 -0.037868 -0.065667 -0.110140 -0.106626 -0.005359 -0.504899 -0.062503 0.011794 0.020778 -0.446968 -0.252292 
0.016543 0.032214 -0.010942 -0.069427 -0.022221 -0.008693 -0.222395 0.040693 -0.445516 -0.006637 0.112544 0.102102 0.018365 -0.340164 -1.064493 0.151941 
0.085136 0.115142 0.081686 0.099393 -0.131529 0.091250 0.246297 -0.310115 0.175064 0.098586 0.032005 -0.660105 0.098758 0.143636 -0.700931 -1.618684 
0.021310 -0.003210 0.024689 0.010836 0.043239 0.101846 0.083772 0.054076 0.315892 -0.005413 0.219774 -0.005724 0.031967 0.009967 -1.847308 -0.122756 
