0.016601 0.045834 -0.008893 -0.199670 -0.119566 0.115321 -0.064581 -0.086422 0.142957 -0.089713 -0.127468 -0.028832 0.053618 -0.043700 -0.250698 -0.157097 
-0.129288 0.093158 -0.200585 -0.679701 -0.392516 0.197224 0.024127 0.325612 -0.408282 -0.146276 0.074865 -0.041903 0.212958 0.098110 0.490899 -0.186971 
0.041460 -0.056901 0.014947 -0.099910 -0.015072 0.027718 0.088107 0.039407 0.114187 0.014594 -0.136513 -0.155552 -0.011267 0.054893 -0.002633 -0.636069 
0.061984 0.183034 0.111556 -0.044369 -0.331683 0.550440 0.126201 -0.415617 -0.157560 0.176680 0.316689 -1.857724 -0.645302 0.252070 0.298008 0.118750 
0.019980 0.122132 -0.001441 -0.074627 -0.106384 -0.248834 -0.350061 0.104964 0.341812 0.033196 -0.252089 0.718293 -0.708117 0.210661 -0.297968 -0.113266 
0.171848 -0.174021 -0.517408 -0.340029 0.316528 -0.189774 -0.300397 0.164910 0.439873 0.248375 -0.104238 -0.093215 0.208990 -0.200747 0.461527 -0.492828 
-0.296166 -0.213740 -0.058843 -0.117531 0.335316 0.274072 0.435531 0.136884 -1.096681 -0.823800 0.332274 -3.951640 0.351273 0.075747 0.429577 0.165010 
-0.067046 -0.037175 0.163822 0.155931 0.406368 0.651211 0.114074 -0.677732 -1.337533 0.047553 -0.018555 -0.546179 -0.547481 0.445061 -0.550194 0.442081 
-0.008282 -0.089365 -0.013332 -0.020740 0.040624 0.054184 -0.054042 -0.013095 0.015625 -0.017133 -0.512635 0.223341 -0.224667 0.158002 0.636823 0.376180 
0.281892 0.137190 0.032535 -0.002724 -0.082076 -3.617493 -1.326998 0.347021 -0.074597 0.162502 -0.236620 0.491747 0.053916 -0.941576 -0.647252 -0.001193 
-0.015488 0.006224 0.015923 0.022653 0.059918 -0.601280 -0.696170 0.024346 -0.097061 0.020144 -0.078035 0.121029 0.048755 -0.460031 -0.843484 0.044713 
0.038301 0.058993 0.049117 -0.145906 -1.572284 0.283839 0.316670 -0.548310 -0.244121 -0.125755 0.178072 0.649437 0.183383 0.166826 -0.781586 -2.912082 
-0.051254 -1.363018 -0.094775 0.228874 -0.076843 0.139817 0.092263 0.058436 0.712826 -0.109484 0.121072 -0.186396 0.010324 0.115001 -1.119959 0.549827 
-0.016524 0.018999 0.135369 -0.190181 -1.087688 -0.462137 -2.403327 0.209999 -1.958682 0.189499 -1.608066 0.061421 0.127617 0.088076 0.108743 -0.190631 
0.129371 0.059971 0.066998 -0.423825 -1.051832 0.272790 0.195855 0.019314 -0.162637 0.081271 -0.105216 -1.709908 -0.052502 0.042382 -0.833362 0.851456 
-0.014389 0.156817 -0.016438 -0.865569 -1.130011 0.385094 0.137308 -0.059004 -0.642348 0.032339 0.105432 0.113142 0.277265 0.090746 0.012155 -0.268569 
0.110983 0.142036 0.149809 -1.068312 -0.168871 0.119423 0.166651 0.009607 0.212355 0.245569 -2.444792 -0.324667 0.017253 -0.016159 -0.113147 0.070048 
0.050724 -0.057182 0.035529 -0.068779 -0.055157 0.015860 -0.012755 0.026558 -0.051725 0.014032 0.013411 -0.604735 -0.110205 -0.060183 0.119965 0.025404 
-0.044859 0.071866 -0.117736 -0.468283 0.218539 -0.733971 -0.309564 0.077540 0.567270 0.099015 -0.579797 0.308610 -0.446605 -0.637766 0.378723 0.069732 
-0.000465 -0.020696 -0.057927 -0.021088 -0.044181 0.124934 0.016930 -0.054273 0.147901 -0.097987 -0.284678 -0.017218 -0.020380 0.022857 -0.311856 0.188779 
0.049285 0.120972 0.020182 -1.665781 -0.318401 0.190586 0.287352 0.035680 0.170159 -0.141389 0.329146 0.340694 0.094152 0.080243 -0.041248 -0.284455 
-0.050596 -0.282653 0.045920 -0.100599 -0.306531 -0.823064 -1.166374 0.121303 -2.040880 0.190465 -1.541178 0.297966 0.148340 -0.242676 -0.136148 0.132867 
-0.011270 -0.042650 -0.044972 -0.101073 -0.064271 0.043106 0.206169 -0.006965 0.089021 -0.048387 -0.069968 0.043827 -0.022053 -0.030987 -0.080406 -0.592255 
0.118096 0.044862 0.218550 -0.855432 -2.273650 0.051818 -0.098673 0.174427 0.007567 0.201222 -1.019014 0.588090 0.077836 0.040158 -0.418514 -3.890059 
0.077871 -0.019531 0.041712 -0.042380 -0.116620 0.185478 0.225100 0.078951 0.024337 0.032140 -0.602082 0.026045 0.063482 0.064358 -0.408210 0.088274 
0.158090 0.093714 -0.009541 -1.533314 -0.746717 0.140889 0.125374 0.243572 -0.204282 -0.691217 0.554937 0.141754 0.095672 0.196963 0.320704 0.214910 
-0.001238 -0.127098 -0.171434 -0.032710 -0.276819 0.342467 0.325138 0.131267 0.063232 -0.152287 0.224196 -5.123204 -0.214680 0.132819 0.521980 0.712548 
-0.159707 0.015738 0.111292 -0.044881 -0.381145 -0.387323 -3.470437 0.135071 -2.704436 0.157634 -0.518775 0.064908 0.174370 0.123155 0.521757 -0.234484 
0.119666 -1.397744 -0.154863 0.474050 0.049183 0.017618 0.315869 -0.279209 -0.977723 0.048678 0.043205 -0.892416 -2.561861 0.218838 -0.085490 -1.567010 
-0.035501 -0.034391 -0.186459 -0.281586 -0.009534 0.103059 -0.826205 -0.155299 0.474725 -0.219836 -1.022772 0.264673 -0.208038 0.287082 -0.339620 0.421225 
0.094795 0.213638 -0.318472 -0.212705 -0.035871 0.057445 0.388116 -0.429826 0.486741 -0.373252 0.405641 0.619209 0.057201 0.289482 0.423271 -0.866925 
0.058792 0.304150 0.141958 -0.049308 -0.916676 0.275571 0.353075 0.052454 0.332381 0.081836 0.149060 -0.031538 -1.569726 0.028921 -1.069793 -0.495522 
-0.104033 -0.057050 -0.091402 -0.205723 -0.126801 -0.039979 -0.022004 -0.094744 -0.038409 -0.111571 -0.304427 -0.130073 -0.085672 -0.055836 -0.238231 -0.162553 
-0.027351 0.029264 0.112832 0.033559 -0.390237 -0.818849 -1.905999 0.120391 0.047105 0.048651 -0.052321 -5.040957 0.226315 0.045254 0.205888 -0.730718 
0.000498 0.013516 -0.003091 0.012332 0.087959 -0.034704 -0.097056 0.016865 0.013690 0.007963 -0.099601 -0.093453 -0.031802 -0.034223 0.379109 -0.133757 
0.131358 0.152449 0.147341 0.298903 -0.493859 0.030361 0.301013 0.240909 0.340624 -0.127218 -0.504031 -0.954968 -1.916395 0.013289 -0.632014 0.324764 
0.077147 0.136767 0.066683 0.067087 0.037115 0.109514 0.266509 0.097395 0.234123 0.010589 0.352502 0.242456 0.148252 -0.011473 0.415189 -2.188337 
-0.053928 -0.042515 -0.047030 -0.186470 -0.079863 0.038517 0.213888 -0.021246 -0.119528 -0.028849 -0.016353 -0.072902 -0.016255 -0.097638 -0.051617 -0.054689 
-0.027925 -0.019425 -0.040990 0.005834 -0.069249 -0.035463 0.001877 -0.049020 0.163799 -0.038654 -0.062040 -0.024012 -0.038596 -0.068343 -0.231130 0.359846 
0.095128 0.210436 -0.054375 0.073445 -0.190932 -0.221328 0.345251 0.173557 -0.052785 -0.255725 0.639668 0.378515 0.064850 -0.528426 -1.363863 -1.444013 
0.020121 0.006906 0.024990 -0.093256 -0.138597 0.060621 0.166872 0.003362 0.085488 0.057486 -0.169148 0.059832 0.015271 0.002711 -0.644486 -1.131276 
0.083931 0.063198 -0.055227 0.282635 0.266896 0.532394 0.042056 0.065494 -0.971762 -0.028721 0.117373 -5.567999 0.239208 0.309669 -0.408830 -0.144597 
-0.066149 -0.089000 -0.063757 -0.143890 -0.117432 0.046168 0.084625 -0.052457 -0.233740 -0.063099 -0.140468 -0.022711 -0.050529 -0.049764 0.173381 -0.684710 
-0.604585 0.128634 0.165186 -0.225053 0.726283 0.049380 0.143602 0.063459 0.321128 0.060068 -0.651648 -0.174052 -0.195438 -0.069106 0.484024 0.449588 
-0.084627 -1.051824 0.074106 0.309215 0.196021 -0.842158 -0.261374 0.153809 0.350791 0.131974 0.363574 0.107178 0.060068 -0.120207 0.315099 -0.341012 
0.072828 -0.036098 -0.005080 0.008375 0.098771 0.226752 0.286932 0.022017 0.061962 -0.015105 -0.351395 0.133679 -0.026817 0.064082 -0.228216 0.235704 
0.060075 0.066018 0.117813 -0.166992 -0.578182 0.050461 -1.031763 0.057810 -0.285033 0.120419 0.056382 -0.198637 0.253870 0.116978 0.152391 -0.085784 
0.010496 0.072174 -0.009757 -0.293103 -0.075666 0.050764 -0.051139 0.009148 -0.591124 0.012355 -0.022696 0.118602 0.039528 0.047570 0.393237 -0.164005 
-0.017865 0.293346 -0.002456 -1.068648 -1.587736 0.261181 -0.941085 -0.229962 0.115862 -0.146462 -0.159875 -0.508965 0.522159 0.323209 0.134840 -0.205034 
0.171493 -0.136156 0.127290 -0.440531 -1.210315 -0.042453 -0.241842 0.145969 0.435345 -0.128988 -0.607675 0.069597 0.130603 -0.273265 -0.149517 -0.339007 
-0.002985 0.039664 0.040904 0.143183 0.118831 0.204887 0.457755 0.127957 -0.969653 -0.517211 0.087661 -0.859440 -0.579607 0.306923 0.797977 0.467157 
0.097802 0.099246 0.105678 0.091372 0.140794 0.139147 0.100007 0.060591 0.152431 0.118141 0.110831 0.079627 0.097419 0.101743 -0.317586 -0.151455 
0.059222 -0.009548 0.131370 -0.262002 -1.558729 0.190693 0.201385 -0.051958 0.280313 0.098600 -0.028088 0.821980 0.034016 0.154410 -3.352295 -5.147910 
0.332381 0.440697 -0.006603 -0.440405 0.560442 -0.236121 -1.111580 -0.714200 0.726937 -0.138808 -0.616382 0.306202 0.364662 -0.516448 -1.212762 0.421611 
0.117538 0.045394 0.024415 0.087750 -0.402955 0.190094 0.222833 0.003086 -0.830476 0.062498 -4.804261 0.305285 0.282940 -0.208994 -0.933071 -0.249080 
0.044314 -0.876166 -0.009795 -0.060151 -0.077479 0.181914 0.082926 0.037424 -1.788575 0.140998 -0.094144 -1.321483 -0.419068 0.430686 0.297932 -3.082717 
0.106004 0.157694 -0.096552 0.653310 0.183453 0.431378 0.206302 0.179828 -1.117977 -0.420634 0.271797 -0.933245 -0.362596 -0.234461 -0.687100 -2.384978 
0.071006 -0.015242 -0.008984 0.230055 0.509815 0.291365 0.445316 0.024255 -2.095187 -1.478417 0.088763 -2.949565 -0.158071 -0.067693 0.407005 0.688188 
0.105308 -0.506971 -0.041494 0.220382 -0.694201 0.245754 0.179523 -0.230361 0.323881 -0.216174 -0.345943 0.333802 0.194676 0.046774 -2.702525 -0.322449 
0.088482 0.035265 -0.644260 -0.006937 0.582011 0.167591 -0.113807 -0.181942 0.527164 -0.148845 -0.340646 0.322233 -0.407145 -0.156159 0.338335 0.239405 
-0.026765 -0.050418 0.080441 0.172641 0.281847 0.486104 0.510342 0.008825 -0.439205 0.041574 -0.243835 0.132965 -0.407307 0.299143 0.544869 0.188588 
0.114960 0.039092 0.118512 -0.070289 -0.422753 0.139033 0.075928 0.100046 0.100205 0.118880 0.006068 0.189917 0.056754 0.092778 -1.620597 -1.631539 
-0.005759 0.026702 0.024180 0.013202 -0.020324 0.118735 0.173123 0.030759 0.126470 0.021948 0.060676 0.057466 0.059499 0.001357 0.174404 -0.198343 
0.047757 -0.322565 0.263914 -1.137205 -0.050018 -0.312932 -0.299764 0.199939 -0.141195 0.197284 -0.190787 -0.465671 -0.036590 -0.621007 0.202669 0.230476 
0.091369 -0.077062 -0.126896 0.375759 -0.041520 -0.259478 -0.364122 0.235660 -0.810463 -0.044196 0.103845 -0.242458 -0.106844 0.047726 -1.745983 -2.232024 
0.041076 0.090781 0.081962 0.048010 0.167928 -0.181157 -0.129677 0.058942 0.095156 0.051051 -0.168957 0.084460 0.118405 -0.001867 0.144601 -0.083532 
-0.058858 -0.003733 -0.020374 -0.003696 -0.090131 0.124606 -0.034015 -0.011456 -0.435344 -0.012654 -0.162243 0.552410 -1.205848 0.160500 0.200735 0.140434 
0.187918 0.125226 0.151287 -0.799643 0.165976 -11.192389 -3.517673 0.174534 -0.126933 0.134963 0.115750 0.085544 0.327840 -3.876841 -0.519998 0.022012 
-0.520006 0.154360 0.181098 -0.217131 0.277674 0.215266 0.338741 -0.859168 -4.104855 0.014459 -0.041070 -0.519026 0.100506 0.175902 0.891574 0.359796 
-0.402865 0.001755 0.051582 0.142122 0.292145 -0.501669 0.022423 0.023904 -1.106128 -0.017681 0.151438 0.381701 0.216665 -0.002288 0.161629 -5.122133 
0.003922 -0.060490 -0.007545 -0.069286 -0.168821 0.047891 0.108940 0.004738 0.031104 -0.021969 0.159838 0.100699 0.030464 0.042117 -2.213793 -1.377205 
0.103903 0.160262 -0.032511 -0.060379 -0.148514 -0.052440 -0.575015 0.025318 0.101763 -0.006726 -0.987549 1.006379 -0.505437 0.369781 -0.198427 -0.158823 
0.256936 0.326786 -0.028900 0.041945 0.075637 -0.385648 -0.687356 0.241571 0.462456 0.065028 -0.085703 0.796539 -1.096381 -0.178113 -1.845319 0.231321 
-0.075113 -0.046934 -0.073065 -0.142861 -0.162187 -0.047036 0.206994 -0.046713 -0.083169 -0.054978 -0.187179 -0.024696 -0.005156 -0.078575 -0.153660 -0.079781 
-0.013280 0.032234 0.036564 0.262453 -0.217789 -0.101781 0.071535 -0.100057 -0.073701 0.098005 -3.632213 0.437051 0.268030 -1.063792 -1.744503 0.113446 
0.071678 0.081675 0.082528 0.063850 0.014526 0.150997 0.112999 0.033219 0.138877 0.055153 -0.050086 0.082038 0.108649 0.091162 -0.021138 -0.665404 
-0.157239 -0.134952 -0.139913 -0.206284 -0.268261 -0.029958 0.168155 -0.189103 -0.160065 -0.137886 -0.123135 -0.251722 -0.125153 -0.177099 -0.184015 -0.269636 
-0.085428 -0.074414 -0.087148 -0.144510 -0.153223 0.006580 0.200763 -0.077243 -0.138719 -0.075616 0.003672 -0.071007 -0.039385 -0.071169 -0.047069 -0.168432 
-0.011397 0.112255 0.036866 -0.108447 -0.158731 -0.089856 -0.829597 0.300176 0.803410 -1.261202 -0.717485 -0.145976 0.017011 0.048631 -0.103089 0.636821 
-0.025578 -0.038119 -0.036121 -0.028731 0.024711 -0.008073 -0.021050 -0.034332 -0.260591 -0.041355 -0.101696 -0.050013 -0.069707 -0.060690 0.492056 -0.503668 
0.162814 0.085437 -0.166015 -0.132151 -0.088731 0.505390 0.649618 -1.119188 0.196187 -0.042741 0.221771 -0.652706 -0.275163 0.143941 -0.539083 -0.414342 
0.027528 -0.154865 -0.042041 -0.115146 -0.129935 0.018175 0.097918 -0.047343 -0.103101 -0.025626 -0.162632 -0.508529 -0.098994 0.015300 0.128608 -1.044403 
0.058818 0.057459 0.062973 0.148237 0.267136 0.283015 0.495027 0.046361 -0.436858 -0.498184 0.131910 -0.796999 -0.114347 0.082604 0.205476 0.568225 
-0.162351 -0.338788 -0.008450 0.259805 0.039142 0.689409 0.418573 0.087788 -0.849604 -0.070852 0.026216 -0.059694 -1.227312 0.473601 -1.370906 -1.257726 
-0.476259 -0.032625 -0.105902 0.254510 -0.172625 -0.030826 -0.970729 0.135122 -1.937537 -0.079105 -0.339581 0.103847 0.137543 0.045738 -0.718232 -4.654343 
-0.021075 0.166257 0.206645 -0.394271 -0.318328 -0.023982 -0.128574 -0.399964 -0.423387 0.045025 0.379919 -2.606231 0.560202 0.246822 0.401929 -0.805842 
0.074761 -0.007429 0.027141 -0.058986 -0.008679 0.072039 0.048332 0.040586 -0.670299 0.037647 -0.101117 -0.338210 -0.033852 0.091912 0.772284 -1.714222 
-0.799367 -0.141522 -0.013412 0.316617 0.217412 0.384340 -0.103940 0.072533 -0.952276 0.001748 0.313050 0.805959 0.070536 -0.009169 -1.009491 -1.161491 
0.003699 0.009900 0.051443 0.073816 0.002436 -0.096763 -0.217618 0.075743 0.035806 0.071217 -0.148630 0.967864 -1.228747 0.174744 0.459978 0.143717 
0.077866 -1.376388 0.223840 -0.014986 -0.408909 0.195712 0.248043 -0.185769 0.246086 -0.005277 0.277555 -0.501889 0.071383 0.047704 -0.167335 -2.952919 
-0.078799 -0.000595 0.003624 -0.089918 -0.130364 0.006665 0.108803 -0.010024 0.212446 -0.040864 -0.069051 -0.107255 -0.011356 -0.009268 0.285298 -0.225792 
0.140441 0.148866 0.177841 -0.482144 0.164870 -0.757908 -0.075369 0.168622 0.508253 0.170616 0.202028 0.198554 0.145594 -1.977566 -0.633591 0.134504 
-0.069228 -0.066085 -0.074697 -0.136480 -0.147592 -0.032845 0.174218 -0.030370 0.085869 -0.063150 -0.069156 -0.062147 -0.048685 -0.090810 -0.184165 -0.136793 
-0.037511 0.007151 0.002866 -0.063183 -0.149678 0.120851 0.330682 -0.012532 0.081688 0.006416 -0.043343 -0.022273 0.029717 0.025312 -0.058084 -0.176234 
0.041629 0.009608 0.029933 0.101647 -0.016085 0.049071 0.057192 0.042877 0.058231 0.006819 -0.120588 0.045289 0.000220 0.009656 -0.460422 -0.057535 
-0.040242 -0.032010 0.007213 0.031130 -0.006972 -0.030695 -0.108228 -0.005906 0.120209 0.007497 -1.005646 0.045020 -0.028738 0.022603 -0.013742 0.185005 
0.010794 -0.030435 -0.003324 -0.219453 -0.286232 0.087644 0.127624 0.001321 0.411085 -0.013051 -0.210335 -0.471640 -0.070896 -0.029310 -0.567645 0.281646 
-0.596075 0.008221 0.321657 0.450396 -0.030041 -0.806172 -1.798578 -0.487371 -2.222341 0.320754 0.017651 -1.520898 -0.287752 0.075154 -1.240364 -1.516120 
0.094661 -0.154597 -0.041730 0.240116 0.223082 0.227663 -0.441607 -0.180712 -0.241881 -0.977605 -0.968551 -2.940579 -0.020846 0.362072 -0.219274 0.426164 
0.158916 0.016887 0.029385 -0.465525 -0.254333 0.135379 0.187464 0.134155 0.457163 0.076539 0.097016 -0.049071 0.102800 -0.960944 -5.214327 0.620459 
