0.010885 0.080810 -0.170128 0.033693 0.477331 -0.124808 0.272355 -0.058174 0.598800 -0.153030 -0.494949 0.556529 -0.334118 -0.107002 -0.166263 -0.354524 
0.003641 -0.048598 -0.022350 -0.134087 -0.065416 -0.007342 -0.026654 -0.012661 -0.163474 -0.002129 -0.144534 0.120095 0.065162 -0.043128 -0.286162 -0.146564 
0.139589 0.203440 -0.132729 -0.324121 -0.866768 0.064791 0.150912 -0.727248 -0.341332 0.046140 0.238779 0.371907 -0.620425 -0.006784 0.149532 0.810262 
0.108960 -0.355938 0.193683 -0.075688 -1.048514 0.215645 0.326225 0.131398 0.789445 0.263744 -0.646810 0.463702 0.414576 0.080017 -1.379296 -3.942603 
0.056772 -0.584761 0.169754 0.142993 -0.253866 0.214098 0.123698 0.181889 -1.577070 0.233755 0.009392 -4.215427 -2.987335 0.174379 -1.101898 -0.332000 
0.035596 0.122956 0.060088 -0.167871 -0.083638 0.192004 0.121415 0.059230 -0.223094 0.098566 -0.059777 0.222762 0.293377 0.091658 -0.328226 0.418696 
0.032331 0.112083 0.072767 0.206009 -1.169078 -0.230338 -0.148446 0.091145 0.122095 -0.175592 -1.883696 0.619858 -0.217193 0.204117 0.187619 -0.812561 
0.108710 0.085177 0.119771 -0.843584 -2.575292 0.155682 -0.166520 0.213662 0.193295 0.152444 -0.116452 0.183406 -0.295685 -0.062234 -0.337765 0.304380 
-0.031248 -0.009268 -0.032862 0.023553 0.164355 0.125747 0.188974 -1.021864 0.517589 -0.025909 -0.042212 0.250718 0.238897 0.059444 -0.258987 0.465563 
0.202132 0.143249 0.175179 -0.818589 0.050999 -0.379504 -0.103138 0.393943 0.156892 0.178561 -0.182106 0.316351 0.115161 -1.967702 0.142397 -0.011903 
-0.097302 0.216317 -0.376478 -0.443048 0.711409 0.612342 0.431749 -0.400395 0.031159 -0.473266 -1.009387 -0.088197 -0.019177 -0.088053 0.461911 0.636222 
0.057085 -0.140043 -0.123877 -0.041162 0.548012 0.161529 0.196065 -0.156373 0.115136 0.104929 0.256369 -0.254732 0.092288 0.569016 0.421671 -0.758216 
-0.095609 -0.077022 -0.041728 0.537028 0.393543 -0.014084 0.084331 -0.023900 -0.164269 0.004078 0.453991 0.613998 -1.020547 0.224404 -1.302885 -1.728652 
0.288963 -0.444744 -0.105491 0.535726 0.254478 0.307840 0.541580 -0.013058 -0.816575 0.039700 0.478268 -6.573269 -1.411996 0.256615 0.256147 -1.545373 
-0.088842 -0.141390 -0.519879 0.039548 0.153843 0.455528 0.496540 -0.640362 0.484756 -0.027545 0.400900 -0.074712 0.337109 0.217449 0.086375 0.262837 
0.054035 0.132519 0.113709 -1.509683 -0.074094 0.050831 0.179339 -0.004615 1.559041 -0.305710 -0.532705 0.220818 0.150519 0.013150 -0.879376 -0.161438 
-0.057938 -0.034963 0.004780 -0.023679 -0.019206 0.046715 0.027067 -0.008169 -0.304520 0.006153 -0.122173 -0.043243 0.103206 -0.041561 0.180159 -0.154936 
0.058584 -0.076274 0.038461 -2.252728 0.470162 0.146329 0.070828 -0.131020 -0.711163 0.151605 -0.248629 0.091629 0.078085 -0.010372 -2.244559 -0.416354 
0.042791 -0.015416 0.032752 -0.150425 -0.011806 0.040786 0.016062 0.022049 -0.255052 0.036077 0.058635 0.120274 0.104833 -0.002108 0.279085 -0.465853 
-0.144397 -0.161937 -0.006905 0.267786 0.479550 0.227297 0.256149 0.012781 0.333866 0.246299 -0.107994 0.069736 -2.856735 0.157337 -0.281709 0.480392 
0.133150 0.162836 0.072155 -0.285618 -0.051021 0.083837 -0.246225 0.121762 0.191208 0.141903 -0.570846 0.179053 0.199708 -0.138536 -0.085365 -0.091197 
0.113610 -1.265095 0.210480 0.189394 0.314528 -0.021148 -0.685632 0.191647 -0.845701 0.161114 0.304769 -0.121097 -2.264273 0.305932 0.697034 -1.036339 
0.122572 0.122970 0.071351 -2.210845 -0.210355 0.256280 0.218854 0.102667 -0.591763 0.145871 -0.152876 -1.349375 0.208646 0.158150 -0.079784 0.369677 
-0.085114 -0.214299 0.095057 0.411875 0.676688 0.875465 -0.739964 0.157332 -0.084681 -0.342416 -0.526872 -1.634096 -0.269470 -0.039712 0.457227 0.424436 
0.091975 0.101824 0.078852 0.133471 0.008827 0.050801 0.411286 0.079491 -1.197401 0.028395 0.105797 0.061419 0.201302 -0.004288 0.141219 -0.209224 
0.273928 0.320890 -0.236048 -0.031423 0.252355 0.247331 -0.982075 -0.293381 0.569981 -0.882538 -0.693254 0.060098 0.223231 0.264340 -0.603886 0.398129 
0.102638 0.010965 0.056490 -0.170047 -0.823474 0.116658 0.098346 0.044541 -3.486067 0.041194 0.230549 -0.043542 0.067856 0.192011 0.561501 0.059920 
0.061298 0.005558 0.033486 -0.396620 0.411010 0.000262 0.396359 -0.001525 0.329112 0.135963 -0.634780 0.071050 0.084306 -0.683024 0.584080 -0.428587 
0.280184 0.213118 0.169521 -1.726508 -1.032246 0.239857 0.075380 -0.006329 0.227763 0.305449 -0.460891 0.295597 0.215848 -0.037337 -1.070057 0.396954 
0.207265 0.215948 -0.864009 0.133804 0.162195 -0.421377 -0.851935 -0.042577 0.092110 0.718110 -0.427265 0.066483 -0.933593 -0.671223 -0.616503 0.371072 
-0.160976 -0.028698 -0.227887 0.251319 -0.185552 0.424663 -0.406931 -0.073103 -1.024546 -0.570750 -0.734932 -0.434223 0.432586 0.447200 -3.298146 -0.390724 
0.168568 0.198788 0.042618 -1.889412 -0.666316 0.271450 0.476692 0.185041 -1.695930 0.083677 0.239369 -0.015257 0.403900 0.130859 -0.570556 0.351213 
0.237168 0.245299 -0.234463 -0.159621 0.112835 -1.543118 0.261436 0.289506 0.131585 -0.155256 0.220152 0.441925 -0.029157 -1.904830 0.211538 0.165282 
0.269486 0.036571 0.191594 -0.080074 -0.420336 -3.291626 0.202680 0.325198 -0.269892 0.003753 -0.235320 0.597893 0.445108 -2.056242 0.055337 0.011516 
0.124987 -0.153102 0.156219 0.145959 -0.910272 -0.792690 0.147997 0.089861 -0.819901 0.000949 -0.298806 1.027765 -1.510761 0.276966 0.245346 -0.294922 
0.086224 0.094684 0.071308 0.039491 -0.165109 0.031968 -0.107677 0.075855 -2.316648 0.072381 -0.099634 -0.099934 0.068549 0.027987 0.470177 -1.106090 
0.017268 0.049542 -0.001245 -0.183313 -1.189536 -0.055605 -1.131594 0.020432 0.439545 -0.048077 -1.232487 0.351807 0.154784 -0.044318 0.285735 -0.267734 
-0.056221 -0.111158 -0.056754 -0.181724 0.067197 -0.071443 -0.105679 -0.080385 0.107466 -0.035288 -0.137678 0.167875 0.135396 -0.078378 -0.466153 -0.162621 
0.045475 0.238175 0.097521 0.300190 0.543971 0.263146 0.421688 -0.869156 -0.835560 -0.349234 -0.179618 -2.134273 -0.671100 0.036818 0.741136 0.989371 
-0.067805 -0.094244 -0.066747 -0.182169 0.039668 -0.032390 0.149320 -0.060718 -0.090860 -0.060826 -0.280572 -0.249481 -0.079915 -0.099299 0.629407 0.339840 
0.231917 0.204246 0.148887 -1.788488 -2.535118 0.208356 0.118410 0.012049 -0.599501 0.050147 0.260075 -0.040565 0.319714 0.202964 0.185705 -1.916578 
0.000315 -0.056856 -0.030094 -0.049908 -0.027037 0.081494 0.147965 -0.012946 -0.054612 -0.048095 0.011459 0.107866 0.156419 -0.022201 0.295540 0.184485 
-0.212942 -0.242955 0.183441 0.088560 0.447177 -0.075182 0.168233 0.167043 1.874218 0.234877 0.340921 -0.700624 -0.449860 0.226089 -1.291063 -0.208833 
-0.009235 -0.004419 0.052383 -0.232560 0.304908 -0.065101 0.071021 0.060927 0.379475 0.169113 -0.639162 0.059426 -0.047649 -0.663818 0.437432 0.256262 
-0.392064 -0.314883 0.052774 -0.146167 0.561761 0.745211 -0.336393 -0.356187 -0.299588 0.270791 0.070611 -1.090552 -0.351197 0.240020 -0.303266 -0.766843 
-0.014162 0.089836 -0.168349 -0.284105 0.416215 0.302612 0.311923 -0.997346 0.323404 -0.201324 0.266341 0.362295 0.241133 -0.062269 -0.470036 -0.440657 
0.187137 0.231810 -0.036374 0.279171 -0.064307 0.292461 0.256127 0.297115 -0.737373 -0.154271 0.262566 0.148951 -2.179438 -0.062215 0.467895 -0.162840 
0.032980 0.020838 -0.018447 -0.203727 -0.084023 -0.021821 -0.102425 0.011469 -0.055405 0.045348 -0.201233 0.209088 0.179193 -0.118233 0.164416 -0.146372 
-0.566420 0.022828 0.301092 0.468602 0.099521 -0.172099 -1.598822 -0.939217 -2.199072 0.369900 0.011278 -0.552734 -0.181897 0.364176 0.069272 0.393855 
0.015936 0.320090 -0.070885 -0.164094 -0.010080 0.418799 0.133236 -0.601940 0.128958 0.287033 0.461903 0.477922 -0.477815 -0.109028 -0.758979 -1.238554 
0.109371 0.145766 -0.307193 0.025908 0.065470 0.134167 -1.135698 0.022435 -0.058586 0.265938 -0.119162 -0.359423 0.083918 -0.178102 0.483202 -0.506661 
0.106584 0.146747 -0.065069 0.510914 0.474186 0.220501 0.734011 0.066558 -1.920720 -0.603690 0.473721 -1.741740 0.151652 -0.045913 0.353910 0.665141 
-0.025578 -0.102128 -0.202750 0.243524 0.047601 0.209911 0.468601 0.093048 0.267481 -0.214285 0.148749 -0.142630 -0.433642 0.277174 0.193530 0.480330 
-0.005793 -1.106909 0.215695 0.386206 0.416509 0.268059 0.173410 0.201972 -0.211430 -0.391567 -0.496016 -2.616567 0.233804 0.067042 0.440547 0.068094 
-0.059955 -0.086264 -0.145925 -0.339768 -0.343552 -0.089111 -0.211178 -0.148311 0.099022 -0.118459 -0.308674 0.264336 0.179798 -0.199667 -0.758345 -0.341778 
0.042447 0.013121 0.091938 -0.130797 -0.361317 -0.011332 -0.195535 -0.275841 1.245284 0.184923 -0.033757 0.225357 -0.076446 -0.094332 -0.542826 -2.911870 
0.166235 -1.087869 0.206104 -0.107101 -0.546728 -0.271989 0.422511 0.104703 0.498706 0.332318 0.020179 -1.345786 -0.002417 -0.343986 0.005975 -0.427461 
-0.095967 -0.134840 -0.124861 -0.166076 -0.104560 -0.072265 -0.197030 -0.082205 -0.311568 -0.092409 -0.153472 0.085663 -0.035057 -0.180103 -0.329813 -0.121425 
-0.070044 -0.438720 -0.083027 0.025170 -0.155761 0.341091 -0.282868 -0.215665 -0.047345 -0.023861 -0.320926 0.048797 0.052318 0.491550 -0.521668 0.093785 
-0.445241 0.417821 0.353021 0.431783 -0.044670 0.180127 0.094529 0.347048 0.561566 -1.259707 -0.160330 -1.094269 -0.096486 0.205197 -1.528009 -0.275733 
-0.000573 -0.013968 -0.002684 -0.048225 -0.125530 0.036667 0.001826 -0.012355 -0.580179 -0.016423 -0.040054 0.258438 0.162119 -0.025486 -0.017279 -0.327267 
-0.367654 0.351543 0.301269 0.010101 -0.621135 0.328979 0.286589 -0.403142 -2.619513 -0.468482 0.533743 -0.284478 -2.487597 0.283538 -0.272582 -0.246575 
0.063573 -0.201866 -0.114715 0.337225 0.078158 -0.728244 -1.310722 -0.929509 -1.063797 0.316138 0.270790 0.408649 0.142509 -0.208515 -1.601358 -0.394452 
-0.088558 -0.281271 -0.251144 0.428214 0.547172 0.203669 0.030582 -0.735343 0.194983 0.447332 0.126407 0.283332 -0.316229 -0.141402 0.169801 0.141410 
-0.078392 -0.036986 -0.023958 -0.857539 -0.419395 0.025836 -0.079806 0.036292 0.183128 -0.021741 -0.194234 0.092112 0.186529 -0.041007 -0.104113 -0.553358 
0.007416 0.006636 -0.009093 -0.201032 -0.047183 0.041873 0.025225 -0.010600 0.079648 -0.034344 0.064625 0.163116 0.105592 -0.056221 0.041774 -0.457935 
-0.013057 0.174293 0.066805 0.194961 -2.124299 0.197241 -0.989525 0.180331 -0.235549 -0.002195 -1.136501 0.755391 0.269926 0.216297 -0.015051 0.007980 
0.038131 -0.011370 0.013730 -0.070580 0.054956 0.034778 -0.050306 0.028822 -0.056905 0.028535 -0.083750 0.177090 0.139217 -0.017101 -0.135782 -0.068885 
-0.135876 -0.057048 0.110302 -0.494999 -0.871256 -0.176093 0.393249 0.052644 -0.712724 -1.093646 0.314814 -1.304355 0.424283 0.222040 0.179338 -0.691580 
0.104174 -0.507547 0.171275 0.413905 0.008563 0.157831 0.073366 0.184884 -0.484265 0.063196 0.275957 0.221393 0.073296 0.151459 0.190384 0.492070 
0.153253 -0.611086 0.137367 0.098829 -0.563267 0.327620 -0.256652 -0.071584 -0.052266 0.335879 -0.123264 -1.225293 -0.169498 0.242022 -0.262289 -5.867857 
-0.018666 -0.017656 0.226510 0.233239 -0.105637 0.203291 0.341485 0.183789 -0.184667 -0.896769 0.010907 -0.043406 -0.291790 0.114107 0.026910 0.309669 
0.074249 0.098948 0.048607 -0.042542 0.052850 0.088838 0.100399 0.067656 0.032587 0.068942 0.060152 0.031529 0.069853 0.113649 -0.510963 -0.139708 
0.095039 0.184066 0.040723 -0.041063 -0.044993 -0.052131 -0.001651 -0.894384 0.927187 0.124213 -0.189706 0.037818 0.206416 -0.007198 0.083257 -2.952902 
-0.584725 0.198831 0.140304 -0.625719 0.146391 0.282721 -0.360727 0.095493 -1.668888 0.256593 -0.993807 -0.884872 0.200900 0.041362 0.331987 0.431895 
0.038691 -0.044007 0.058166 0.054613 -0.168565 0.184075 0.159224 0.059887 -0.345009 0.014884 -0.061652 -0.003819 -0.004349 0.067085 -0.772519 -1.374950 
0.070703 0.245145 0.195025 -0.714924 -0.742259 0.096772 0.131223 0.182559 -1.991805 -0.230168 0.300889 0.481976 0.060061 0.103576 -0.801634 -1.964807 
0.075507 0.088158 0.078252 0.090465 -0.074259 -0.102673 0.012798 -0.282630 1.129375 0.061390 -0.124548 0.050046 0.115804 0.048548 -0.422532 -2.911502 
0.123533 -0.177737 -0.177091 0.347416 -0.301966 0.115437 -0.370665 0.004368 -1.323974 0.191405 -0.419530 0.400355 0.110640 -0.023687 -1.385108 -0.913576 
0.040079 -0.028822 0.017500 -0.037079 -0.122012 0.052504 0.052500 0.024719 -0.418022 0.038380 -0.440344 0.147340 0.118322 0.011653 -0.984493 -0.586720 
-0.030559 -0.081381 -0.056819 -0.256762 -0.154277 0.036877 -0.052138 -0.006075 -0.367758 -0.016915 -0.014316 0.121646 0.100196 -0.079588 -0.201350 0.018230 
-0.125510 -0.020004 -0.213260 -0.191247 -0.435040 0.278393 0.295236 0.168088 -0.830224 -0.020049 0.344267 -1.572385 0.274349 0.410919 0.483679 0.252454 
-0.268924 0.030304 0.171788 0.113675 -0.192689 -0.043002 0.113909 -0.516872 -2.716668 0.005419 0.622782 -0.235475 0.539513 0.090162 -0.068909 -2.404689 
0.194759 -0.710602 0.189106 0.597691 -0.482879 0.127242 0.163424 0.018603 -0.317947 0.116659 -1.087048 0.300690 0.202252 -0.335955 -1.446370 0.523562 
0.038714 0.012039 0.024237 -0.014605 0.000797 0.084029 -0.008313 0.029795 -0.056235 0.004467 -0.200813 0.085609 0.027844 0.024330 0.267041 0.098465 
-0.025678 0.049526 0.060334 -0.212342 -0.196131 0.061814 0.052135 0.016950 -0.075302 0.064255 -0.192464 0.046313 0.102320 -0.026416 -0.128427 -0.275452 
0.049268 0.254054 0.039943 -1.763129 -1.175856 0.153002 -0.795227 0.008090 -0.380779 -0.019471 0.434264 -1.153627 0.527843 0.158322 0.175602 -0.401163 
0.213139 0.344839 0.167640 -1.492251 0.163326 -8.915552 -3.434090 0.150156 0.464158 0.347728 0.274573 0.266617 0.352040 -3.495466 -0.556391 0.198475 
-0.171200 0.008448 0.127965 0.287952 -0.031656 -2.197541 -1.027196 0.274032 -0.445806 0.099030 -0.180431 -0.325855 -0.248442 -0.145695 -0.290442 -0.180317 
0.140719 0.165827 -0.182883 -0.560279 0.263497 0.106236 -0.107710 0.267263 0.267135 0.349698 -0.008515 0.283816 0.235514 -0.246519 0.898695 -6.242095 
0.218559 -0.399243 -0.113105 -1.228795 0.703729 0.523209 -0.070612 -0.248324 0.927758 0.144025 -1.010074 -0.053516 0.142251 0.197724 -1.221369 -0.468326 
0.004236 -0.839875 -0.026241 0.505053 -0.296568 0.156755 0.159797 0.068770 0.328102 -0.327046 -0.276775 0.174102 0.064343 0.216612 -2.590133 -1.297155 
0.140381 -0.187778 0.129249 0.304805 0.587877 -1.295430 -1.018873 0.338248 -0.465648 0.175454 -0.103022 0.155634 0.138222 0.201618 0.114142 -0.354808 
0.016561 -0.286555 0.177338 0.587228 0.218277 -4.906114 -3.284140 0.166579 -0.225337 0.160783 -0.466516 0.086181 0.023884 -0.826018 0.435343 0.247155 
0.006543 0.059207 0.007477 0.059171 0.057480 0.152856 0.152740 -1.959110 1.252228 0.096065 0.220543 0.195111 0.240186 0.167593 0.098658 -1.388100 
0.007962 -0.023710 -0.014135 -0.601099 -0.234625 0.018232 0.039465 0.020838 -0.786178 -0.050980 0.030899 0.247603 0.145217 0.029021 -0.526154 0.888210 
0.145425 0.140089 0.027044 0.149574 0.249509 -0.516486 0.348679 -0.025012 0.423045 0.400838 -1.207384 0.206377 -0.666639 -0.265399 -0.079778 0.256887 
0.115438 0.088952 0.020761 0.393679 -1.742907 -0.009281 -0.144183 0.056591 -3.818418 0.018161 0.280223 0.086692 -0.203274 0.017984 -0.144004 -0.970552 
0.359623 0.141984 0.232989 -1.692994 -0.160907 -0.301527 0.138432 0.056545 0.230145 -2.564911 0.384111 -0.002326 0.665766 0.117848 0.331258 -0.591875 
0.041555 0.202599 0.124323 -0.275094 0.300462 0.172032 0.128955 0.095271 -0.118763 -1.935893 0.282382 0.039017 -1.541264 0.299450 0.060763 -0.660853 
